% time-domain voltage integration by openEMS v0.37.0-rc1-2-g7b051bb @Thu Aug  6 23:48:14 2026
% start-coordinates: (0.00319011,0.00446903,0.0143191) m -> [103,129,222]
% stop-coordinates: (0.00345603,0.00446903,0.0143191) m -> [109,129,222]
% t/s	voltage
0	0
1.20393341339e-12	0
2.40786682678e-12	0
3.61180024017e-12	0
4.81573365356e-12	0
6.01966706696e-12	0
7.22360048035e-12	0
8.42753389374e-12	0
9.63146730713e-12	0
1.08354007205e-11	0
1.20393341339e-11	0
1.32432675473e-11	0
1.44472009607e-11	0
1.56511343741e-11	0
1.68550677875e-11	0
1.80590012009e-11	0
1.92629346143e-11	0
2.04668680276e-11	0
2.1670801441e-11	0
2.28747348544e-11	0
2.40786682678e-11	0
2.52826016812e-11	-2.1625246399e-34
2.64865350946e-11	-1.5362187641e-30
2.7690468508e-11	-3.51865409157e-27
2.88944019214e-11	-2.97519278903e-24
3.00983353348e-11	-1.03375812843e-21
3.13022687482e-11	-1.61517832774e-19
3.25062021616e-11	-1.22668762865e-17
3.37101355749e-11	-4.84717499198e-16
3.49140689883e-11	-1.05729616033e-14
3.61180024017e-11	-1.34063544263e-13
3.73219358151e-11	-1.0353783396e-12
3.85258692285e-11	-5.09280811967e-12
3.97298026419e-11	-1.66332436106e-11
4.09337360553e-11	-3.67441823496e-11
4.21376694687e-11	-4.94718471918e-11
4.33416028821e-11	-4.33326768565e-13
4.45455362955e-11	2.23492514426e-10
4.57494697089e-11	7.97368185368e-10
4.69534031223e-11	1.92844279434e-09
4.81573365356e-11	3.76003228553e-09
4.9361269949e-11	6.16652762186e-09
5.05652033624e-11	8.44134173672e-09
5.17691367758e-11	8.95348406527e-09
5.29730701892e-11	5.00178976015e-09
5.41770036026e-11	-6.82189449375e-09
5.5380937016e-11	-2.94832060987e-08
5.65848704294e-11	-6.35113988068e-08
5.77888038428e-11	-1.04607074114e-07
5.89927372562e-11	-1.42004736858e-07
6.01966706696e-11	-1.5903503936e-07
6.14006040829e-11	-1.37131175748e-07
6.26045374963e-11	-6.32596028893e-08
6.38084709097e-11	6.14682083011e-08
6.50124043231e-11	2.15609503584e-07
6.62163377365e-11	3.57995077138e-07
6.74202711499e-11	4.3788651638e-07
6.86242045633e-11	4.12506203418e-07
6.98281379767e-11	2.66527990789e-07
7.10320713901e-11	2.45932991749e-08
7.22360048035e-11	-2.50391263279e-07
7.34399382169e-11	-4.74599087141e-07
7.46438716302e-11	-5.71240448721e-07
7.58478050436e-11	-4.97545407541e-07
7.7051738457e-11	-2.59526565571e-07
7.82556718704e-11	9.10383120001e-08
7.94596052838e-11	4.75276078049e-07
8.06635386972e-11	8.11758432917e-07
8.18674721106e-11	1.036144198e-06
8.3071405524e-11	1.10989388702e-06
8.42753389374e-11	1.01890900339e-06
8.54792723508e-11	7.68801349693e-07
8.66832057642e-11	3.82863660775e-07
8.78871391775e-11	-9.59597663552e-08
8.90910725909e-11	-6.03671146848e-07
9.02950060043e-11	-1.06102473296e-06
9.14989394177e-11	-1.38929323157e-06
9.27028728311e-11	-1.53202694264e-06
9.39068062445e-11	-1.47238897341e-06
9.51107396579e-11	-1.23705180499e-06
9.63146730713e-11	-8.83060991441e-07
9.75186064847e-11	-4.74268102124e-07
9.87225398981e-11	-5.86945643199e-08
9.99264733115e-11	3.40655788023e-07
1.01130406725e-10	7.18193248872e-07
1.02334340138e-10	1.06670954381e-06
1.03538273552e-10	1.3589507688e-06
1.04742206965e-10	1.54227956273e-06
1.05946140378e-10	1.55093840704e-06
1.07150073792e-10	1.33164081717e-06
1.08354007205e-10	8.71182081141e-07
1.09557940619e-10	2.12684856393e-07
1.10761874032e-10	-5.46390140244e-07
1.11965807445e-10	-1.27482614687e-06
1.13169740859e-10	-1.8389369103e-06
1.14373674272e-10	-2.13432721807e-06
1.15577607686e-10	-2.10901868058e-06
1.16781541099e-10	-1.77285052416e-06
1.17985474512e-10	-1.19231812334e-06
1.19189407926e-10	-4.73727293837e-07
1.20393341339e-10	2.60888935344e-07
1.21597274752e-10	8.99423554301e-07
1.22801208166e-10	1.36038239873e-06
1.24005141579e-10	1.60393784654e-06
1.25209074993e-10	1.63042034274e-06
1.26413008406e-10	1.46944435642e-06
1.27616941819e-10	1.16431820629e-06
1.28820875233e-10	7.60232396146e-07
1.30024808646e-10	3.00260182939e-07
1.3122874206e-10	-1.71049890696e-07
1.32432675473e-10	-6.0188350659e-07
1.33636608886e-10	-9.33047033413e-07
1.348405423e-10	-1.10694520572e-06
1.36044475713e-10	-1.08484218231e-06
1.37248409127e-10	-8.64510326437e-07
1.3845234254e-10	-4.88326847403e-07
1.39656275953e-10	-3.58518472687e-08
1.40860209367e-10	3.98822546543e-07
1.4206414278e-10	7.36602046914e-07
1.43268076194e-10	9.37188374905e-07
1.44472009607e-10	1.00700937367e-06
1.4567594302e-10	9.87531805663e-07
1.46879876434e-10	9.29268786365e-07
1.48083809847e-10	8.64062769779e-07
1.4928774326e-10	7.87778702716e-07
1.50491676674e-10	6.62750572644e-07
1.51695610087e-10	4.38204715181e-07
1.52899543501e-10	8.048518918e-08
1.54103476914e-10	-4.014106878e-07
1.55307410327e-10	-9.46579504557e-07
1.56511343741e-10	-1.45430456655e-06
1.57715277154e-10	-1.81235782293e-06
1.58919210568e-10	-1.93073965704e-06
1.60123143981e-10	-1.76799125029e-06
1.61327077394e-10	-1.34085405534e-06
1.62531010808e-10	-7.17067344169e-07
1.63734944221e-10	4.05044087159e-09
1.64938877635e-10	7.13616437054e-07
1.66142811048e-10	1.31144693682e-06
1.67346744461e-10	1.71757110934e-06
1.68550677875e-10	1.87896186787e-06
1.69754611288e-10	1.77455675043e-06
1.70958544702e-10	1.41986505753e-06
1.72162478115e-10	8.69518743229e-07
1.73366411528e-10	2.13878628585e-07
1.74570344942e-10	-4.33654101073e-07
1.75774278355e-10	-9.58328989498e-07
1.76978211768e-10	-1.2697646099e-06
1.78182145182e-10	-1.32435502564e-06
1.79386078595e-10	-1.13640959398e-06
1.80590012009e-10	-7.73020509826e-07
1.81793945422e-10	-3.34373208233e-07
1.82997878835e-10	7.55158042764e-08
1.84201812249e-10	3.76300640426e-07
1.85405745662e-10	5.29555755691e-07
1.86609679076e-10	5.40888962064e-07
1.87813612489e-10	4.47784238133e-07
1.89017545902e-10	2.99785746449e-07
1.90221479316e-10	1.3958061551e-07
1.91425412729e-10	-7.32256566494e-09
1.92629346143e-10	-1.32704034428e-07
1.93833279556e-10	-2.38563920618e-07
1.95037212969e-10	-3.28964144813e-07
1.96241146383e-10	-4.06005600695e-07
1.97445079796e-10	-4.70091698901e-07
1.9864901321e-10	-5.22936083769e-07
1.99852946623e-10	-5.68143704527e-07
2.01056880036e-10	-6.08206981667e-07
2.0226081345e-10	-6.3837708808e-07
2.03464746863e-10	-6.41737130991e-07
2.04668680276e-10	-5.89425312114e-07
2.0587261369e-10	-4.47982380081e-07
2.07076547103e-10	-1.92534661991e-07
2.08280480517e-10	1.78481737834e-07
2.0948441393e-10	6.33317355891e-07
2.10688347343e-10	1.10649635587e-06
2.11892280757e-10	1.51036930163e-06
2.1309621417e-10	1.75645081413e-06
2.14300147584e-10	1.78043586629e-06
2.15504080997e-10	1.56177748067e-06
2.1670801441e-10	1.13141200586e-06
2.17911947824e-10	5.63554024779e-07
2.19115881237e-10	-4.47066743625e-08
2.20319814651e-10	-5.98772103899e-07
2.21523748064e-10	-1.02742470176e-06
2.22727681477e-10	-1.29347579048e-06
2.23931614891e-10	-1.39213626937e-06
2.25135548304e-10	-1.34162479526e-06
2.26339481718e-10	-1.17138961286e-06
2.27543415131e-10	-9.13390493906e-07
2.28747348544e-10	-5.98934057905e-07
2.29951281958e-10	-2.59586016682e-07
2.31155215371e-10	7.08149867634e-08
2.32359148784e-10	3.56740869734e-07
2.33563082198e-10	5.65926562501e-07
2.34767015611e-10	6.77240855396e-07
2.35970949025e-10	6.88402138849e-07
2.37174882438e-10	6.18469428559e-07
2.38378815851e-10	5.02718975781e-07
2.39582749265e-10	3.80895215812e-07
2.40786682678e-10	2.83428022385e-07
2.41990616092e-10	2.22105139613e-07
2.43194549505e-10	1.89266867068e-07
2.44398482918e-10	1.66290606174e-07
2.45602416332e-10	1.36079977509e-07
2.46806349745e-10	9.30077064254e-08
2.48010283159e-10	4.55620403628e-08
2.49214216572e-10	1.04453987126e-08
2.50418149985e-10	2.57204392506e-09
2.51622083399e-10	2.62385162486e-08
2.52826016812e-10	7.2429160447e-08
2.54029950226e-10	1.22610045672e-07
2.55233883639e-10	1.56378071381e-07
2.56437817052e-10	1.59027457869e-07
2.57641750466e-10	1.25214754121e-07
2.58845683879e-10	5.83559085499e-08
2.60049617292e-10	-3.33166445543e-08
2.61253550706e-10	-1.41061052616e-07
2.62457484119e-10	-2.58500474359e-07
2.63661417533e-10	-3.81613155298e-07
2.64865350946e-10	-5.06412220602e-07
2.66069284359e-10	-6.25862661252e-07
2.67273217773e-10	-7.27650707688e-07
2.68477151186e-10	-7.94572848406e-07
2.696810846e-10	-8.07728717689e-07
2.70885018013e-10	-7.52385098224e-07
2.72088951426e-10	-6.24037404862e-07
2.7329288484e-10	-4.32774328374e-07
2.74496818253e-10	-2.03462997561e-07
2.75700751667e-10	2.88273567239e-08
2.7690468508e-10	2.27404752806e-07
2.78108618493e-10	3.63575207274e-07
2.79312551907e-10	4.24103063779e-07
2.8051648532e-10	4.13835625324e-07
2.81720418734e-10	3.52502613765e-07
2.82924352147e-10	2.67423903466e-07
2.8412828556e-10	1.8498057841e-07
2.85332218974e-10	1.23990480994e-07
2.86536152387e-10	9.30569363788e-08
2.877400858e-10	9.14090199089e-08
2.88944019214e-10	1.12032780386e-07
2.90147952627e-10	1.44440742034e-07
2.91351886041e-10	1.7662064522e-07
2.92555819454e-10	1.96154525511e-07
2.93759752867e-10	1.9181022104e-07
2.94963686281e-10	1.56423537234e-07
2.96167619694e-10	9.03155061849e-08
2.97371553108e-10	3.66226571291e-09
2.98575486521e-10	-8.4156913438e-08
2.99779419934e-10	-1.48865893834e-07
3.00983353348e-10	-1.68536651302e-07
3.02187286761e-10	-1.30955557509e-07
3.03391220175e-10	-3.83411684624e-08
3.04595153588e-10	9.21301142043e-08
3.05799087001e-10	2.32328291716e-07
3.07003020415e-10	3.50060428644e-07
3.08206953828e-10	4.1713915877e-07
3.09410887242e-10	4.16355849353e-07
3.10614820655e-10	3.46146421748e-07
3.11818754068e-10	2.21964896241e-07
3.13022687482e-10	7.3434955894e-08
3.14226620895e-10	-6.23548075396e-08
3.15430554308e-10	-1.50458996373e-07
3.16634487722e-10	-1.67845604082e-07
3.17838421135e-10	-1.10580042012e-07
3.19042354549e-10	4.60566607074e-09
3.20246287962e-10	1.44933071766e-07
3.21450221375e-10	2.70990426543e-07
3.22654154789e-10	3.4800698856e-07
3.23858088202e-10	3.55025168375e-07
3.25062021616e-10	2.89697563716e-07
3.26265955029e-10	1.67696292408e-07
3.27469888442e-10	1.75992693752e-08
3.28673821856e-10	-1.26788277655e-07
3.29877755269e-10	-2.34782737252e-07
3.31081688683e-10	-2.85634492059e-07
3.32285622096e-10	-2.7291259741e-07
3.33489555509e-10	-2.05388229091e-07
3.34693488923e-10	-1.04579818583e-07
3.35897422336e-10	6.60576482403e-10
3.37101355749e-10	8.10015405861e-08
3.38305289163e-10	1.13535023161e-07
3.39509222576e-10	8.72791394713e-08
3.4071315599e-10	6.06685546245e-09
3.41917089403e-10	-1.11394672153e-07
3.43121022816e-10	-2.34654796927e-07
3.4432495623e-10	-3.27626331398e-07
3.45528889643e-10	-3.56844072513e-07
3.46732823057e-10	-3.00386346908e-07
3.4793675647e-10	-1.55314690886e-07
3.49140689883e-10	5.88545652214e-08
3.50344623297e-10	3.02422563436e-07
3.5154855671e-10	5.23749413617e-07
3.52752490124e-10	6.71537669916e-07
3.53956423537e-10	7.08049824993e-07
3.5516035695e-10	6.19266799617e-07
3.56364290364e-10	4.19191852785e-07
3.57568223777e-10	1.46801744094e-07
3.58772157191e-10	-1.43224699656e-07
3.59976090604e-10	-3.94093969902e-07
3.61180024017e-10	-5.60595339039e-07
3.62383957431e-10	-6.1965623388e-07
3.63587890844e-10	-5.74614148263e-07
3.64791824257e-10	-4.52159639508e-07
3.65995757671e-10	-2.93139400753e-07
3.67199691084e-10	-1.40041175101e-07
3.68403624498e-10	-2.53165355346e-08
3.69607557911e-10	3.5976742474e-08
3.70811491324e-10	4.74717025689e-08
3.72015424738e-10	2.67242730168e-08
3.73219358151e-10	-3.02211664027e-09
3.74423291565e-10	-2.17730333762e-08
3.75627224978e-10	-1.9040363064e-08
3.76831158391e-10	4.00033384196e-09
3.78035091805e-10	3.67965298231e-08
3.79239025218e-10	6.46584856767e-08
3.80442958632e-10	7.46739337032e-08
3.81646892045e-10	6.03150178691e-08
3.82850825458e-10	2.31221886082e-08
3.84054758872e-10	-2.82932564044e-08
3.85258692285e-10	-8.11169247328e-08
3.86462625699e-10	-1.2164649732e-07
3.87666559112e-10	-1.38140274331e-07
3.88870492525e-10	-1.22760575039e-07
3.90074425939e-10	-7.30897342649e-08
3.91278359352e-10	6.69186545066e-09
3.92482292765e-10	1.05145984364e-07
3.93686226179e-10	2.04214751776e-07
3.94890159592e-10	2.81990381268e-07
3.96094093006e-10	3.17601301703e-07
3.97298026419e-10	2.9722611572e-07
3.98501959832e-10	2.19144304481e-07
3.99705893246e-10	9.56632559834e-08
4.00909826659e-10	-4.89729150566e-08
4.02113760073e-10	-1.84617793053e-07
4.03317693486e-10	-2.83109905297e-07
4.04521626899e-10	-3.25601305917e-07
4.05725560313e-10	-3.06931795535e-07
4.06929493726e-10	-2.36191555203e-07
4.0813342714e-10	-1.33460421381e-07
4.09337360553e-10	-2.42887878699e-08
4.10541293966e-10	6.67172761482e-08
4.1174522738e-10	1.2150471207e-07
4.12949160793e-10	1.32362298899e-07
4.14153094207e-10	1.03294798492e-07
4.1535702762e-10	4.86193720839e-08
4.16560961033e-10	-1.08623053885e-08
4.17764894447e-10	-5.33422697124e-08
4.1896882786e-10	-6.20290219189e-08
4.20172761273e-10	-2.99547102678e-08
4.21376694687e-10	3.75452602341e-08
4.225806281e-10	1.23702028176e-07
4.23784561514e-10	2.04360539158e-07
4.24988494927e-10	2.54258015531e-07
4.2619242834e-10	2.54080060103e-07
4.27396361754e-10	1.96160499399e-07
4.28600295167e-10	8.74248442528e-08
4.29804228581e-10	-5.16408018569e-08
4.31008161994e-10	-1.91679857764e-07
4.32212095407e-10	-3.01840497485e-07
4.33416028821e-10	-3.57732812262e-07
4.34619962234e-10	-3.47736403228e-07
4.35823895648e-10	-2.75964147534e-07
4.37027829061e-10	-1.60907955404e-07
4.38231762474e-10	-3.03724263517e-08
4.39435695888e-10	8.59625934879e-08
4.40639629301e-10	1.6420633564e-07
4.41843562715e-10	1.91936726068e-07
4.43047496128e-10	1.70594777416e-07
4.44251429541e-10	1.13807333335e-07
4.45455362955e-10	4.26980086843e-08
4.46659296368e-10	-2.06956847215e-08
4.47863229781e-10	-5.95848179685e-08
4.49067163195e-10	-6.66705730623e-08
4.50271096608e-10	-4.52863844203e-08
4.51475030022e-10	-7.34742522379e-09
4.52678963435e-10	3.10763188516e-08
4.53882896848e-10	5.52370642559e-08
4.55086830262e-10	5.63779902762e-08
4.56290763675e-10	3.42403385645e-08
4.57494697089e-10	-3.37627159563e-09
4.58698630502e-10	-4.37559801725e-08
4.59902563915e-10	-7.3710928028e-08
4.61106497329e-10	-8.37767819561e-08
4.62310430742e-10	-7.05702287718e-08
4.63514364156e-10	-3.69251509369e-08
4.64718297569e-10	9.91065496336e-09
4.65922230982e-10	6.07060348656e-08
4.67126164396e-10	1.06410716683e-07
4.68330097809e-10	1.39340867733e-07
4.69534031223e-10	1.53718190177e-07
4.70737964636e-10	1.46039544902e-07
4.71941898049e-10	1.15556723301e-07
4.73145831463e-10	6.5024556406e-08
4.74349764876e-10	1.04921304978e-09
4.75553698289e-10	-6.63459296391e-08
4.76757631703e-10	-1.25324472577e-07
4.77961565116e-10	-1.64727183005e-07
4.7916549853e-10	-1.7677668751e-07
4.80369431943e-10	-1.59293730206e-07
4.81573365356e-10	-1.16526839733e-07
4.8277729877e-10	-5.83920760633e-08
4.83981232183e-10	1.86980381178e-09
4.85185165597e-10	5.10342710314e-08
4.8638909901e-10	7.93061465387e-08
4.87593032423e-10	8.29724537965e-08
4.88796965837e-10	6.53012506291e-08
4.9000089925e-10	3.55430338495e-08
4.91204832664e-10	6.01137839507e-09
4.92408766077e-10	-1.17802846367e-08
4.9361269949e-10	-1.08311817293e-08
4.94816632904e-10	8.98273921912e-09
4.96020566317e-10	4.08456601875e-08
4.97224499731e-10	7.31208835703e-08
4.98428433144e-10	9.31410113481e-08
4.99632366557e-10	9.13921480716e-08
5.00836299971e-10	6.47047633251e-08
5.02040233384e-10	1.75887593379e-08
5.03244166797e-10	-3.88293410758e-08
5.04448100211e-10	-8.97702445712e-08
5.05652033624e-10	-1.2096284685e-07
5.06855967038e-10	-1.22809867165e-07
5.08059900451e-10	-9.33306818496e-08
5.09263833864e-10	-3.91187899851e-08
5.10467767278e-10	2.61731110118e-08
5.11671700691e-10	8.54532755667e-08
5.12875634105e-10	1.22973137451e-07
5.14079567518e-10	1.28847496228e-07
5.15283500931e-10	1.01865758495e-07
5.16487434345e-10	4.97413323863e-08
5.17691367758e-10	-1.32616850834e-08
5.18895301172e-10	-7.05385136968e-08
5.20099234585e-10	-1.07756968681e-07
5.21303167998e-10	-1.16573577458e-07
5.22507101412e-10	-9.63697717182e-08
5.23711034825e-10	-5.38137427952e-08
5.24914968239e-10	-5.66233726573e-10
5.26118901652e-10	5.00763381872e-08
5.27322835065e-10	8.66425633461e-08
5.28526768479e-10	1.02199726904e-07
5.29730701892e-10	9.57084198561e-08
5.30934635305e-10	7.17455952426e-08
5.32138568719e-10	3.88230181336e-08
5.33342502132e-10	6.69809513409e-09
5.34546435546e-10	-1.63977844636e-08
5.35750368959e-10	-2.59588939233e-08
5.36954302372e-10	-2.2102244035e-08
5.38158235786e-10	-9.06482144902e-09
5.39362169199e-10	6.46669057192e-09
5.40566102613e-10	1.75885426223e-08
5.41770036026e-10	1.92007605371e-08
5.42973969439e-10	9.29372312442e-09
5.44177902853e-10	-1.07716272568e-08
5.45381836266e-10	-3.68848653842e-08
5.4658576968e-10	-6.33368628655e-08
5.47789703093e-10	-8.41603728929e-08
5.48993636506e-10	-9.42729245779e-08
5.5019756992e-10	-9.03789452167e-08
5.51401503333e-10	-7.15458758904e-08
5.52605436746e-10	-3.94909056567e-08
5.5380937016e-10	1.44599898722e-09
5.55013303573e-10	4.47602528375e-08
5.56217236987e-10	8.27418462634e-08
5.574211704e-10	1.07913144198e-07
5.58625103813e-10	1.1474641326e-07
5.59829037227e-10	1.01200240188e-07
5.6103297064e-10	6.96137956169e-08
5.62236904054e-10	2.65475519345e-08
5.63440837467e-10	-1.86073281228e-08
5.6464477088e-10	-5.58919501792e-08
5.65848704294e-10	-7.73811432708e-08
5.67052637707e-10	-7.92678180872e-08
5.68256571121e-10	-6.2816676305e-08
5.69460504534e-10	-3.38421197732e-08
5.70664437947e-10	-8.65298915853e-10
5.71868371361e-10	2.74154390301e-08
5.73072304774e-10	4.45983832087e-08
5.74276238188e-10	4.81749204972e-08
5.75480171601e-10	3.98445152427e-08
5.76684105014e-10	2.45928675202e-08
5.77888038428e-10	8.86956319501e-09
5.79091971841e-10	-1.50365637996e-09
5.80295905254e-10	-3.04906733195e-09
5.81499838668e-10	4.43615644219e-09
5.82703772081e-10	1.79356713925e-08
5.83907705495e-10	3.21574677997e-08
5.85111638908e-10	4.11451828164e-08
5.86315572321e-10	4.0116217459e-08
5.87519505735e-10	2.70386759649e-08
5.88723439148e-10	3.42922751306e-09
5.89927372562e-10	-2.5880264376e-08
5.91131305975e-10	-5.40760249912e-08
5.92335239388e-10	-7.43853227902e-08
5.93539172802e-10	-8.20786567601e-08
5.94743106215e-10	-7.57823279685e-08
5.95947039629e-10	-5.76468939251e-08
5.97150973042e-10	-3.24143716313e-08
5.98354906455e-10	-5.84012449512e-09
5.99558839869e-10	1.6915167711e-08
6.00762773282e-10	3.23489230958e-08
6.01966706696e-10	3.90332242084e-08
6.03170640109e-10	3.7438550482e-08
6.04374573522e-10	2.94730906347e-08
6.05578506936e-10	1.79360359898e-08
6.06782440349e-10	5.94062704584e-09
6.07986373762e-10	-3.67290059478e-09
6.09190307176e-10	-8.95398932776e-09
6.10394240589e-10	-9.32676480492e-09
6.11598174003e-10	-5.77105729871e-09
6.12802107416e-10	-5.26024161729e-10
6.14006040829e-10	3.62933871845e-09
6.15209974243e-10	4.36005848092e-09
6.16413907656e-10	6.01484327623e-10
6.1761784107e-10	-7.04074959446e-09
6.18821774483e-10	-1.6437999184e-08
6.20025707896e-10	-2.46294535877e-08
6.2122964131e-10	-2.87680097522e-08
6.22433574723e-10	-2.70444255879e-08
6.23637508137e-10	-1.92844347158e-08
6.2484144155e-10	-7.06574937448e-09
6.26045374963e-10	6.71808303432e-09
6.27249308377e-10	1.86922073375e-08
6.2845324179e-10	2.59383794443e-08
6.29657175204e-10	2.67919417762e-08
6.30861108617e-10	2.11476156586e-08
6.3206504203e-10	1.03308092081e-08
6.33268975444e-10	-3.43263009683e-09
6.34472908857e-10	-1.76445655864e-08
6.3567684227e-10	-2.99684153049e-08
6.36880775684e-10	-3.85117497892e-08
6.38084709097e-10	-4.18985286466e-08
6.39288642511e-10	-3.93971397727e-08
6.40492575924e-10	-3.10869423537e-08
6.41696509337e-10	-1.80563797247e-08
6.42900442751e-10	-2.40419259501e-09
6.44104376164e-10	1.3109539565e-08
6.45308309578e-10	2.56711718549e-08
6.46512242991e-10	3.31649139262e-08
6.47716176404e-10	3.46778210591e-08
6.48920109818e-10	3.06541463324e-08
6.50124043231e-10	2.2599778049e-08
6.51327976645e-10	1.25705051923e-08
6.52531910058e-10	2.6656767349e-09
6.53735843471e-10	-5.36222499736e-09
6.54939776885e-10	-1.03058781509e-08
6.56143710298e-10	-1.16689418128e-08
6.57347643712e-10	-9.75671421433e-09
6.58551577125e-10	-5.7326876024e-09
6.59755510538e-10	-1.48032821418e-09
6.60959443952e-10	8.48338267689e-10
6.62163377365e-10	-5.08474682498e-10
6.63367310778e-10	-6.19427126258e-09
6.64571244192e-10	-1.53012638116e-08
6.65775177605e-10	-2.5451755592e-08
6.66979111019e-10	-3.34468439611e-08
6.68183044432e-10	-3.62682386346e-08
6.69386977845e-10	-3.20883355442e-08
6.70590911259e-10	-2.09303780974e-08
6.71794844672e-10	-4.76753553302e-09
6.72998778086e-10	1.29446512398e-08
6.74202711499e-10	2.81928884682e-08
6.75406644912e-10	3.74587818541e-08
6.76610578326e-10	3.86989555956e-08
6.77814511739e-10	3.19478994371e-08
6.79018445153e-10	1.93403917326e-08
6.80222378566e-10	4.50902110094e-09
6.81426311979e-10	-8.5300481123e-09
6.82630245393e-10	-1.66116189693e-08
6.83834178806e-10	-1.84181121465e-08
6.8503811222e-10	-1.4758033462e-08
6.86242045633e-10	-8.11734046646e-09
6.87445979046e-10	-1.60920735071e-09
6.8864991246e-10	2.20478721391e-09
6.89853845873e-10	2.16996073887e-09
6.91057779286e-10	-1.2045811501e-09
6.922617127e-10	-6.14665029985e-09
6.93465646113e-10	-1.0432793407e-08
6.94669579527e-10	-1.22815498882e-08
6.9587351294e-10	-1.09788724778e-08
6.97077446353e-10	-7.06521219307e-09
6.98281379767e-10	-2.04322536668e-09
6.9948531318e-10	2.28162322369e-09
7.00689246594e-10	4.50637382965e-09
7.01893180007e-10	4.20215806596e-09
7.0309711342e-10	2.04238179147e-09
7.04301046834e-10	-5.14096369642e-10
7.05504980247e-10	-1.8820862091e-09
7.06708913661e-10	-1.09375944413e-09
7.07912847074e-10	1.73937553249e-09
7.09116780487e-10	5.39089262119e-09
7.10320713901e-10	8.03204525113e-09
7.11524647314e-10	8.00697186332e-09
7.12728580728e-10	4.59397025976e-09
7.13932514141e-10	-1.60566782093e-09
7.15136447554e-10	-8.81805450881e-09
7.16340380968e-10	-1.47051045785e-08
7.17544314381e-10	-1.72296883427e-08
7.18748247794e-10	-1.53703472172e-08
7.19952181208e-10	-9.48580947124e-09
7.21156114621e-10	-1.16416146168e-09
7.22360048035e-10	7.31043769964e-09
7.23563981448e-10	1.36974306342e-08
7.24767914861e-10	1.64954825355e-08
7.25971848275e-10	1.53304002826e-08
7.27175781688e-10	1.10435149914e-08
7.28379715102e-10	5.32999155922e-09
7.29583648515e-10	1.65286229148e-10
7.30787581928e-10	-2.90662832692e-09
7.31991515342e-10	-3.31979846391e-09
7.33195448755e-10	-1.71127527426e-09
7.34399382169e-10	2.89260620664e-10
7.35603315582e-10	6.97697104951e-10
7.36807248995e-10	-2.02565356155e-09
7.38011182409e-10	-8.23806745043e-09
7.39215115822e-10	-1.68037803672e-08
7.40419049236e-10	-2.53254164306e-08
7.41622982649e-10	-3.08968188811e-08
7.42826916062e-10	-3.11443919543e-08
7.44030849476e-10	-2.51235603432e-08
7.45234782889e-10	-1.37788487287e-08
7.46438716302e-10	3.00203306658e-10
7.47642649716e-10	1.37007541978e-08
7.48846583129e-10	2.33303121266e-08
7.50050516543e-10	2.74074221096e-08
7.51254449956e-10	2.59410932735e-08
7.52458383369e-10	2.05480497062e-08
7.53662316783e-10	1.36717464017e-08
7.54866250196e-10	7.63351842847e-09
7.5607018361e-10	3.79170045361e-09
7.57274117023e-10	2.22402965488e-09
7.58478050436e-10	1.90461514615e-09
7.5968198385e-10	1.31194709263e-09
7.60885917263e-10	-8.34070340572e-10
7.62089850677e-10	-5.00147429028e-09
7.6329378409e-10	-1.06169617542e-08
7.64497717503e-10	-1.62736475406e-08
7.65701650917e-10	-2.0253324795e-08
7.6690558433e-10	-2.11805808448e-08
7.68109517743e-10	-1.85786281914e-08
7.69313451157e-10	-1.30794005626e-08
7.7051738457e-10	-6.25112056563e-09
7.71721317984e-10	-3.54373197453e-11
7.72925251397e-10	3.92908683366e-09
7.7412918481e-10	4.90971779898e-09
7.75333118224e-10	3.31098892747e-09
7.76537051637e-10	4.85800743383e-10
7.77740985051e-10	-1.82827250561e-09
7.78944918464e-10	-2.21888166174e-09
7.80148851877e-10	-1.59518304815e-10
7.81352785291e-10	3.74983694096e-09
7.82556718704e-10	8.00505006726e-09
7.83760652118e-10	1.07586410891e-08
7.84964585531e-10	1.05227887515e-08
7.86168518944e-10	6.77446621022e-09
7.87372452358e-10	2.21546468671e-10
7.88576385771e-10	-7.36202065976e-09
7.89780319185e-10	-1.36846866061e-08
7.90984252598e-10	-1.67144011964e-08
7.92188186011e-10	-1.53905472811e-08
7.93392119425e-10	-1.00465390451e-08
7.94596052838e-10	-2.33620595091e-09
7.95799986251e-10	5.30316446312e-09
7.97003919665e-10	1.05119115634e-08
7.98207853078e-10	1.18431718876e-08
7.99411786492e-10	9.27470489298e-09
8.00615719905e-10	4.16064188657e-09
8.01819653318e-10	-1.35302001547e-09
8.03023586732e-10	-5.20300674767e-09
8.04227520145e-10	-6.21788093236e-09
8.05431453559e-10	-4.52132753459e-09
8.06635386972e-10	-1.38009646766e-09
8.07839320385e-10	1.39857476988e-09
8.09043253799e-10	2.25066504322e-09
8.10247187212e-10	4.72737227836e-10
8.11451120626e-10	-3.53659959651e-09
8.12655054039e-10	-8.4856983662e-09
8.13858987452e-10	-1.27063960464e-08
8.15062920866e-10	-1.47594956257e-08
8.16266854279e-10	-1.39153322198e-08
8.17470787693e-10	-1.03515653826e-08
8.18674721106e-10	-5.04097635856e-09
8.19878654519e-10	6.07516405238e-10
8.21082587933e-10	5.2289628738e-09
8.22286521346e-10	7.93158971835e-09
8.23490454759e-10	8.53258574907e-09
8.24694388173e-10	7.53502998885e-09
8.25898321586e-10	5.84080261934e-09
8.27102255e-10	4.34137792382e-09
8.28306188413e-10	3.53301379818e-09
8.29510121826e-10	3.34008559699e-09
8.3071405524e-10	3.2042553888e-09
8.31917988653e-10	2.39807215752e-09
8.33121922067e-10	4.19353565762e-10
8.3432585548e-10	-2.71988007117e-09
8.35529788893e-10	-6.42567865583e-09
8.36733722307e-10	-9.71546076922e-09
8.3793765572e-10	-1.15779688059e-08
8.39141589134e-10	-1.13516273048e-08
8.40345522547e-10	-8.98437835239e-09
8.4154945596e-10	-5.06911329579e-09
8.42753389374e-10	-6.65922574028e-10
8.43957322787e-10	3.03275640712e-09
8.45161256201e-10	5.07334108057e-09
8.46365189614e-10	5.02584984741e-09
8.47569123027e-10	3.09863054659e-09
8.48773056441e-10	3.51717925617e-11
8.49976989854e-10	-3.1544054313e-09
8.51180923267e-10	-5.54805695829e-09
8.52384856681e-10	-6.60979670997e-09
8.53588790094e-10	-6.33715990794e-09
8.54792723508e-10	-5.20132342752e-09
8.55996656921e-10	-3.91814261591e-09
8.57200590334e-10	-3.13491249626e-09
8.58404523748e-10	-3.16335568851e-09
8.59608457161e-10	-3.85009468751e-09
8.60812390575e-10	-4.63431437669e-09
8.62016323988e-10	-4.77043105018e-09
8.63220257401e-10	-3.62876045878e-09
8.64424190815e-10	-9.81286663038e-10
8.65628124228e-10	2.8474489433e-09
8.66832057642e-10	7.00234803475e-09
8.68035991055e-10	1.03305720645e-08
8.69239924468e-10	1.17294297608e-08
8.70443857882e-10	1.05136139794e-08
8.71647791295e-10	6.66428617846e-09
8.72851724709e-10	8.67066231314e-10
8.74055658122e-10	-5.68832259074e-09
8.75259591535e-10	-1.16626776014e-08
8.76463524949e-10	-1.59644248932e-08
8.77667458362e-10	-1.80234198677e-08
8.78871391775e-10	-1.78851131682e-08
8.80075325189e-10	-1.60734237031e-08
8.81279258602e-10	-1.33287364479e-08
8.82483192016e-10	-1.03118865669e-08
8.83687125429e-10	-7.39097660851e-09
8.84891058842e-10	-4.59078236537e-09
8.86094992256e-10	-1.69287224516e-09
8.87298925669e-10	1.54675980357e-09
8.88502859083e-10	5.17208476047e-09
8.89706792496e-10	8.89533113835e-09
8.90910725909e-10	1.21031817901e-08
8.92114659323e-10	1.40435096885e-08
8.93318592736e-10	1.40801564852e-08
8.9452252615e-10	1.19444288904e-08
8.95726459563e-10	7.86270981656e-09
8.96930392976e-10	2.50161802384e-09
8.9813432639e-10	-3.21896484468e-09
8.99338259803e-10	-8.39745062375e-09
