% time-domain current integration by openEMS v0.37.0-rc1-2-g7b051bb @Mon Jul 13 21:45:25 2026
% start-coordinates: (0.00841384,-0.000264777,-0.000762) m -> [195,39,14]
% stop-coordinates: (0.00891556,0.000195173,-0.000762) m -> [203,46,14]
% t/s	current
7.21641059801e-14	0
1.22678980166e-12	0
2.38141549734e-12	0
3.53604119303e-12	0
4.69066688871e-12	0
5.84529258439e-12	0
6.99991828007e-12	0
8.15454397575e-12	0
9.30916967143e-12	0
1.04637953671e-11	0
1.16184210628e-11	0
1.27730467585e-11	0
1.39276724542e-11	0
1.50822981498e-11	0
1.62369238455e-11	0
1.73915495412e-11	0
1.85461752369e-11	0
1.97008009326e-11	0
2.08554266283e-11	0
2.20100523239e-11	0
2.31646780196e-11	0
2.43193037153e-11	0
2.5473929411e-11	0
2.66285551067e-11	0
2.77831808023e-11	0
2.8937806498e-11	0
3.00924321937e-11	0
3.12470578894e-11	0
3.24016835851e-11	0
3.35563092808e-11	0
3.47109349764e-11	0
3.58655606721e-11	0
3.70201863678e-11	7.97093650537e-35
3.81748120635e-11	6.12079379501e-32
3.93294377592e-11	2.49925702027e-29
4.04840634548e-11	5.69362284273e-27
4.16386891505e-11	7.52008824299e-25
4.27933148462e-11	5.94985526662e-23
4.39479405419e-11	2.90093412123e-21
4.51025662376e-11	8.93946237201e-20
4.62571919333e-11	1.78289392536e-18
4.74118176289e-11	2.35617632925e-17
4.85664433246e-11	2.11489396497e-16
4.97210690203e-11	1.32405596276e-15
5.0875694716e-11	5.94241681619e-15
5.20303204117e-11	1.9573825186e-14
5.31849461073e-11	4.76733622468e-14
5.4339571803e-11	8.21578251937e-14
5.54941974987e-11	7.3940108051e-14
5.66488231944e-11	-1.02826953766e-13
5.78034488901e-11	-6.80190441731e-13
5.89580745858e-11	-2.00046294634e-12
6.01127002814e-11	-4.46267068438e-12
6.12673259771e-11	-8.351619743e-12
6.24219516728e-11	-1.34796731069e-11
6.35765773685e-11	-1.86312822809e-11
6.47312030642e-11	-2.09540804846e-11
6.58858287598e-11	-1.55967357085e-11
6.70404544555e-11	3.9757286005e-12
6.81950801512e-11	4.45642550639e-11
6.93497058469e-11	1.10432919753e-10
7.05043315426e-11	1.99384050936e-10
7.16589572383e-11	2.98844643476e-10
7.28135829339e-11	3.83892029276e-10
7.39682086296e-11	4.19399487361e-10
7.51228343253e-11	3.67410463165e-10
7.6277460021e-11	1.98992239353e-10
7.74320857167e-11	-9.2687676978e-11
7.85867114123e-11	-4.82715090122e-10
7.9741337108e-11	-9.12838360456e-10
8.08959628037e-11	-1.30017596689e-09
8.20505884994e-11	-1.5540116971e-09
8.32052141951e-11	-1.59571555969e-09
8.43598398908e-11	-1.37441302783e-09
8.55144655864e-11	-8.75503947118e-10
8.66690912821e-11	-1.22394289148e-10
8.78237169778e-11	8.21769097215e-10
8.89783426735e-11	1.84898141242e-09
9.01329683692e-11	2.79799206027e-09
9.12875940648e-11	3.45475181796e-09
9.24422197605e-11	3.57668761275e-09
9.35968454562e-11	2.95247981619e-09
9.47514711519e-11	1.4896034406e-09
9.59060968476e-11	-6.98827717915e-10
9.70607225432e-11	-3.25109494881e-09
9.82153482389e-11	-5.59640422892e-09
9.93699739346e-11	-7.08567160501e-09
1.0052459963e-10	-7.18188841731e-09
1.01679225326e-10	-5.64437829809e-09
1.02833851022e-10	-2.63484989382e-09
1.03988476717e-10	1.29948962702e-09
1.05143102413e-10	5.36132205298e-09
1.06297728109e-10	8.70415206577e-09
1.07452353804e-10	1.0625866409e-08
1.086069795e-10	1.0699406694e-08
1.09761605196e-10	8.82359696419e-09
1.10916230891e-10	5.21601739578e-09
1.12070856587e-10	3.81295633956e-10
1.13225482283e-10	-4.93236074206e-09
1.14380107978e-10	-9.80264669437e-09
1.15534733674e-10	-1.3263067089e-08
1.1668935937e-10	-1.4502023582e-08
1.17843985066e-10	-1.30958008882e-08
1.18998610761e-10	-9.19127884913e-09
1.20153236457e-10	-3.54375773171e-09
1.21307862153e-10	2.64064148325e-09
1.22462487848e-10	8.02997845994e-09
1.23617113544e-10	1.15493659081e-08
1.2477173924e-10	1.26782664367e-08
1.25926364935e-10	1.15521725519e-08
1.27080990631e-10	8.83562112364e-09
1.28235616327e-10	5.43365663574e-09
1.29390242022e-10	2.1645425452e-09
1.30544867718e-10	-4.76621297985e-10
1.31699493414e-10	-2.38783615103e-09
1.32854119109e-10	-3.76366493526e-09
1.34008744805e-10	-4.90024198996e-09
1.35163370501e-10	-5.99689542469e-09
1.36317996196e-10	-7.03754254872e-09
1.37472621892e-10	-7.78461561879e-09
1.38627247588e-10	-7.87329490493e-09
1.39781873283e-10	-6.9551964188e-09
1.40936498979e-10	-4.83965623133e-09
1.42091124675e-10	-1.59084889706e-09
1.43245750371e-10	2.43782349862e-09
1.44400376066e-10	6.6351066863e-09
1.45555001762e-10	1.02276258573e-08
1.46709627458e-10	1.24318422223e-08
1.47864253153e-10	1.26416859203e-08
1.49018878849e-10	1.06081241569e-08
1.50173504545e-10	6.55325926857e-09
1.5132813024e-10	1.16465581623e-09
1.52482755936e-10	-4.54786874826e-09
1.53637381632e-10	-9.49847667187e-09
1.54792007327e-10	-1.27931389926e-08
1.55946633023e-10	-1.3926912068e-08
1.57101258719e-10	-1.28489858753e-08
1.58255884414e-10	-9.89473925017e-09
1.5941051011e-10	-5.63830626632e-09
1.60565135806e-10	-7.43086758792e-10
1.61719761501e-10	4.1369276893e-09
1.62874387197e-10	8.39550651222e-09
1.64029012893e-10	1.14896501202e-08
1.65183638588e-10	1.2975366559e-08
1.66338264284e-10	1.25839489939e-08
1.6749288998e-10	1.03167732135e-08
1.68647515676e-10	6.50351772435e-09
1.69802141371e-10	1.77541437107e-09
1.70956767067e-10	-3.06123126848e-09
1.72111392763e-10	-7.21467774412e-09
1.73266018458e-10	-1.00887280752e-08
1.74420644154e-10	-1.13866720497e-08
1.7557526985e-10	-1.11081766008e-08
1.76729895545e-10	-9.46143163816e-09
1.77884521241e-10	-6.75208688961e-09
1.79039146937e-10	-3.30875815635e-09
1.80193772632e-10	5.23475152114e-10
1.81348398328e-10	4.34551594708e-09
1.82503024024e-10	7.67387220435e-09
1.83657649719e-10	9.97420901427e-09
1.84812275415e-10	1.07732693877e-08
1.85966901111e-10	9.81640635445e-09
1.87121526806e-10	7.19745729683e-09
1.88276152502e-10	3.39196359889e-09
1.89430778198e-10	-8.39271430131e-10
1.90585403893e-10	-4.64626825902e-09
1.91740029589e-10	-7.31549976152e-09
1.92894655285e-10	-8.44070946471e-09
1.94049280981e-10	-7.98815769087e-09
1.95203906676e-10	-6.24948715e-09
1.96358532372e-10	-3.72065556142e-09
1.97513158068e-10	-9.57311452332e-10
1.98667783763e-10	1.55009327596e-09
1.99822409459e-10	3.45962791748e-09
2.00977035155e-10	4.61763960402e-09
2.0213166085e-10	5.05726571731e-09
2.03286286546e-10	4.95650231969e-09
2.04440912242e-10	4.55997284377e-09
2.05595537937e-10	4.08012468256e-09
2.06750163633e-10	3.61262841864e-09
2.07904789329e-10	3.10262704417e-09
2.09059415024e-10	2.38614017434e-09
2.1021404072e-10	1.29387489611e-09
2.11368666416e-10	-2.30277144575e-10
2.12523292111e-10	-2.05437600265e-09
2.13677917807e-10	-3.86928933338e-09
2.14832543503e-10	-5.28498933505e-09
2.15987169198e-10	-5.9677311981e-09
2.17141794894e-10	-5.75454173202e-09
2.1829642059e-10	-4.69700456307e-09
2.19451046286e-10	-3.02189495649e-09
2.20605671981e-10	-1.04168851323e-09
2.21760297677e-10	9.36453359301e-10
2.22914923373e-10	2.65821453738e-09
2.24069549068e-10	3.91896382013e-09
2.25224174764e-10	4.53343895757e-09
2.2637880046e-10	4.32333902012e-09
2.27533426155e-10	3.15237502768e-09
2.28688051851e-10	1.00769870226e-09
2.29842677547e-10	-1.91333349164e-09
2.30997303242e-10	-5.16647125082e-09
2.32151928938e-10	-8.11532352429e-09
2.33306554634e-10	-1.00774437684e-08
2.34461180329e-10	-1.05166471087e-08
2.35615806025e-10	-9.2084713188e-09
2.36770431721e-10	-6.31546059893e-09
2.37925057416e-10	-2.3443633701e-09
2.39079683112e-10	1.98948413299e-09
2.40234308808e-10	5.93815618899e-09
2.41388934503e-10	8.87398687865e-09
2.42543560199e-10	1.03835269272e-08
2.43698185895e-10	1.02947739222e-08
2.44852811591e-10	8.66306049119e-09
2.46007437286e-10	5.7420144195e-09
2.47162062982e-10	1.95623450772e-09
2.48316688678e-10	-2.12963802149e-09
2.49471314373e-10	-5.86143400483e-09
2.50625940069e-10	-8.58022985994e-09
2.51780565765e-10	-9.74001146403e-09
2.5293519146e-10	-9.03363073235e-09
2.54089817156e-10	-6.48926246072e-09
2.55244442852e-10	-2.49985365741e-09
2.56399068547e-10	2.23430496327e-09
2.57553694243e-10	6.84197676293e-09
2.58708319939e-10	1.0460800226e-08
2.59862945634e-10	1.24134906798e-08
2.6101757133e-10	1.23376882044e-08
2.62172197026e-10	1.02454960071e-08
2.63326822721e-10	6.50810738634e-09
2.64481448417e-10	1.77801628976e-09
2.65636074113e-10	-3.13224557402e-09
2.66790699808e-10	-7.39506855751e-09
2.67945325504e-10	-1.03137081098e-08
2.690999512e-10	-1.14460396716e-08
2.70254576896e-10	-1.06823589974e-08
2.71409202591e-10	-8.25706880647e-09
2.72563828287e-10	-4.68829064459e-09
2.73718453983e-10	-6.6046157432e-10
2.74873079678e-10	3.12008618941e-09
2.76027705374e-10	6.05830763334e-09
2.7718233107e-10	7.76360131738e-09
2.78336956765e-10	8.08732103508e-09
2.79491582461e-10	7.11209047211e-09
2.80646208157e-10	5.10763031869e-09
2.81800833852e-10	2.47229414718e-09
2.82955459548e-10	-3.31084715199e-10
2.84110085244e-10	-2.83886625319e-09
2.85264710939e-10	-4.65060878696e-09
2.86419336635e-10	-5.49041612175e-09
2.87573962331e-10	-5.25879162439e-09
2.88728588026e-10	-4.06055900015e-09
2.89883213722e-10	-2.19343965213e-09
2.91037839418e-10	-8.85868531308e-11
2.92192465113e-10	1.78882042512e-09
2.93347090809e-10	3.05770142539e-09
2.94501716505e-10	3.52138407322e-09
2.95656342201e-10	3.217568878e-09
2.96810967896e-10	2.3948565353e-09
2.97965593592e-10	1.42093692368e-09
2.99120219288e-10	6.50527853807e-10
3.00274844983e-10	3.03610303565e-10
3.01429470679e-10	3.97115812456e-10
3.02584096375e-10	7.58388185584e-10
3.0373872207e-10	1.10976605683e-09
3.04893347766e-10	1.19042153912e-09
3.06047973462e-10	8.60957916071e-10
3.07202599157e-10	1.51766182954e-10
3.08357224853e-10	-7.62662433207e-10
3.09511850549e-10	-1.64220570475e-09
3.10666476244e-10	-2.27514362905e-09
3.1182110194e-10	-2.54301024682e-09
3.12975727636e-10	-2.43556730339e-09
3.14130353331e-10	-2.01882377482e-09
3.15284979027e-10	-1.38486488943e-09
3.16439604723e-10	-6.14142015021e-10
3.17594230418e-10	2.29194663248e-10
3.18748856114e-10	1.07475350841e-09
3.1990348181e-10	1.81749937322e-09
3.21058107506e-10	2.31380514748e-09
3.22212733201e-10	2.41413911084e-09
3.23367358897e-10	2.02667838067e-09
3.24521984593e-10	1.17886578277e-09
3.25676610288e-10	4.24181731407e-11
3.26831235984e-10	-1.10165543354e-09
3.2798586168e-10	-1.95081950594e-09
3.29140487375e-10	-2.28916907652e-09
3.30295113071e-10	-2.06761163746e-09
3.31449738767e-10	-1.41903078177e-09
3.32604364462e-10	-5.99736038609e-10
3.33758990158e-10	1.16358915558e-10
3.34913615854e-10	5.43457279178e-10
3.36068241549e-10	6.43930020416e-10
3.37222867245e-10	5.19103759977e-10
3.38377492941e-10	3.41763561895e-10
3.39532118636e-10	2.67368460705e-10
3.40686744332e-10	3.66476182734e-10
3.41841370028e-10	6.05008876331e-10
3.42995995723e-10	8.75211625395e-10
3.44150621419e-10	1.05476005707e-09
3.45305247115e-10	1.06248976284e-09
3.46459872811e-10	8.85787776461e-10
3.47614498506e-10	5.7113069829e-10
3.48769124202e-10	1.90621865515e-10
3.49923749898e-10	-1.95504890055e-10
3.51078375593e-10	-5.58433022047e-10
3.52233001289e-10	-8.95585050564e-10
3.53387626985e-10	-1.20624965572e-09
3.5454225268e-10	-1.46607004314e-09
3.55696878376e-10	-1.61677138344e-09
3.56851504072e-10	-1.58123358851e-09
3.58006129767e-10	-1.29855115549e-09
3.59160755463e-10	-7.63314467189e-10
3.60315381159e-10	-4.65871716204e-11
3.61470006854e-10	7.13950398801e-10
3.6262463255e-10	1.35460320738e-09
3.63779258246e-10	1.73910219559e-09
3.64933883941e-10	1.80247017312e-09
3.66088509637e-10	1.56562884879e-09
3.67243135333e-10	1.1165808278e-09
3.68397761028e-10	5.69335634193e-10
3.69552386724e-10	2.2286870266e-11
3.7070701242e-10	-4.65335769917e-10
3.71861638116e-10	-8.69861682684e-10
3.73016263811e-10	-1.18113208103e-09
3.74170889507e-10	-1.37794720079e-09
3.75325515203e-10	-1.41876121962e-09
3.76480140898e-10	-1.25457810807e-09
3.77634766594e-10	-8.5922630122e-10
3.7878939229e-10	-2.59950588832e-10
3.79944017985e-10	4.49019404991e-10
3.81098643681e-10	1.12174436406e-09
3.82253269377e-10	1.60120550152e-09
3.83407895072e-10	1.77123349321e-09
3.84562520768e-10	1.59717927772e-09
3.85717146464e-10	1.13847731242e-09
3.86871772159e-10	5.2646353943e-10
3.88026397855e-10	-8.3329704248e-11
3.89181023551e-10	-5.64902069566e-10
3.90335649246e-10	-8.58906001877e-10
3.91490274942e-10	-9.79441305837e-10
3.92644900638e-10	-9.89719195488e-10
3.93799526333e-10	-9.61077883943e-10
3.94954152029e-10	-9.34039956491e-10
3.96108777725e-10	-9.00023999773e-10
3.97263403421e-10	-8.10467193357e-10
3.98418029116e-10	-6.07851380341e-10
3.99572654812e-10	-2.62728450107e-10
4.00727280508e-10	2.00183522536e-10
4.01881906203e-10	7.00603741688e-10
4.03036531899e-10	1.12590448076e-09
4.04191157595e-10	1.37022848623e-09
4.0534578329e-10	1.37203204353e-09
4.06500408986e-10	1.13489129205e-09
4.07655034682e-10	7.22576942724e-10
4.08809660377e-10	2.32041941217e-10
4.09964286073e-10	-2.430258772e-10
4.11118911769e-10	-6.40957953379e-10
4.12273537464e-10	-9.41540734267e-10
4.1342816316e-10	-1.15400156098e-09
4.14582788856e-10	-1.29236432667e-09
4.15737414551e-10	-1.3524961151e-09
4.16892040247e-10	-1.30487054495e-09
4.18046665943e-10	-1.10690223654e-09
4.19201291638e-10	-7.30138782767e-10
4.20355917334e-10	-1.87606666313e-10
4.2151054303e-10	4.51979370597e-10
4.22665168726e-10	1.07265585303e-09
4.23819794421e-10	1.54071322367e-09
4.24974420117e-10	1.74506675776e-09
4.26129045813e-10	1.63310520662e-09
4.27283671508e-10	1.22800114521e-09
4.28438297204e-10	6.20153595143e-10
4.295929229e-10	-6.30447083427e-11
4.30747548595e-10	-6.97096214086e-10
4.31902174291e-10	-1.19340615168e-09
4.33056799987e-10	-1.51347701038e-09
4.34211425682e-10	-1.66135016855e-09
4.35366051378e-10	-1.66101776777e-09
4.36520677074e-10	-1.53284218651e-09
4.37675302769e-10	-1.2818329731e-09
4.38829928465e-10	-9.03196128998e-10
4.39984554161e-10	-4.00749405882e-10
4.41139179856e-10	1.9309878696e-10
4.42293805552e-10	8.08079159142e-10
4.43448431248e-10	1.34466371371e-09
4.44603056943e-10	1.69865965738e-09
4.45757682639e-10	1.79257197974e-09
4.46912308335e-10	1.60107704872e-09
4.48066934031e-10	1.16045362208e-09
4.49221559726e-10	5.58442014853e-10
4.50376185422e-10	-9.10475098093e-11
4.51530811118e-10	-6.78157807688e-10
4.52685436813e-10	-1.12211429038e-09
4.53840062509e-10	-1.38242528536e-09
4.54994688205e-10	-1.45522749406e-09
4.561493139e-10	-1.35862210371e-09
4.57303939596e-10	-1.11613140952e-09
4.58458565292e-10	-7.46482597958e-10
4.59613190987e-10	-2.64752803014e-10
4.60767816683e-10	3.06606989797e-10
4.61922442379e-10	9.22867005038e-10
4.63077068074e-10	1.50747991867e-09
4.6423169377e-10	1.95639415779e-09
4.65386319466e-10	2.15924367275e-09
4.66540945161e-10	2.03271000032e-09
4.67695570857e-10	1.55477797303e-09
4.68850196553e-10	7.858819151e-10
4.70004822248e-10	-1.34539351881e-10
4.71159447944e-10	-1.01860386792e-09
4.7231407364e-10	-1.68039626658e-09
4.73468699336e-10	-1.98903626902e-09
4.74623325031e-10	-1.90613569373e-09
4.75777950727e-10	-1.49365086966e-09
4.76932576423e-10	-8.89378903857e-10
4.78087202118e-10	-2.5951554794e-10
4.79241827814e-10	2.53988802212e-10
4.8039645351e-10	5.72102143437e-10
4.81551079205e-10	6.90674850645e-10
4.82705704901e-10	6.64001131856e-10
4.83860330597e-10	5.68930402789e-10
4.85014956292e-10	4.66552185774e-10
4.86169581988e-10	3.77456482736e-10
4.87324207684e-10	2.80299727873e-10
4.88478833379e-10	1.33009186998e-10
4.89633459075e-10	-9.45727801627e-11
4.90788084771e-10	-3.92337884403e-10
4.91942710466e-10	-7.00528912656e-10
4.93097336162e-10	-9.25484133774e-10
4.94251961858e-10	-9.75188929608e-10
4.95406587553e-10	-8.00307320414e-10
4.96561213249e-10	-4.22721024851e-10
4.97715838945e-10	6.23116419574e-11
4.98870464641e-10	5.1400522727e-10
5.00025090336e-10	7.94764254408e-10
5.01179716032e-10	8.21507306625e-10
5.02334341728e-10	5.98755489634e-10
5.03488967423e-10	2.19334050922e-10
5.04643593119e-10	-1.68839831005e-10
5.05798218815e-10	-4.17697681998e-10
5.0695284451e-10	-4.34673047556e-10
5.08107470206e-10	-2.17341505904e-10
5.09262095902e-10	1.46833364911e-10
5.10416721597e-10	5.15282205793e-10
5.11571347293e-10	7.45730421858e-10
5.12725972989e-10	7.50205897404e-10
5.13880598684e-10	5.26558019409e-10
5.1503522438e-10	1.55854079642e-10
5.16189850076e-10	-2.32487182283e-10
5.17344475771e-10	-5.13009745795e-10
5.18499101467e-10	-6.11805439643e-10
5.19653727163e-10	-5.30557764389e-10
5.20808352858e-10	-3.37820549312e-10
5.21962978554e-10	-1.3360514084e-10
5.2311760425e-10	-3.35804604609e-12
5.24272229946e-10	1.79473796935e-11
5.25426855641e-10	-4.4025075252e-11
5.26581481337e-10	-1.21430976385e-10
5.27736107033e-10	-1.41751874128e-10
5.28890732728e-10	-6.59770224565e-11
5.30045358424e-10	8.98094931756e-11
5.3119998412e-10	2.5966284678e-10
5.32354609815e-10	3.56933566037e-10
5.33509235511e-10	3.14482440089e-10
5.34663861207e-10	1.17690163171e-10
5.35818486902e-10	-1.83808523957e-10
5.36973112598e-10	-4.91974017081e-10
5.38127738294e-10	-6.96889490559e-10
5.39282363989e-10	-7.19841020125e-10
5.40436989685e-10	-5.44652434264e-10
5.41591615381e-10	-2.25155283307e-10
5.42746241076e-10	1.34731004131e-10
5.43900866772e-10	4.19804135898e-10
5.45055492468e-10	5.45913925176e-10
5.46210118163e-10	4.88860674164e-10
5.47364743859e-10	2.89391427488e-10
5.48519369555e-10	3.36514913157e-11
5.49673995251e-10	-1.81790582587e-10
5.50828620946e-10	-2.86026646812e-10
5.51983246642e-10	-2.56934362675e-10
5.53137872338e-10	-1.23983157074e-10
5.54292498033e-10	4.87092692569e-11
5.55447123729e-10	1.90401597266e-10
5.56601749425e-10	2.51586806943e-10
5.5775637512e-10	2.20697696229e-10
5.58911000816e-10	1.24386473344e-10
5.60065626512e-10	1.26013357735e-11
5.61220252207e-10	-6.42805877971e-11
5.62374877903e-10	-7.65341054421e-11
5.63529503599e-10	-2.56970330431e-11
5.64684129294e-10	5.88656554057e-11
5.6583875499e-10	1.3506487595e-10
5.66993380686e-10	1.67512059779e-10
5.68148006381e-10	1.4284617933e-10
5.69302632077e-10	7.43723346797e-11
5.70457257773e-10	-5.11004736789e-12
5.71611883468e-10	-5.85641257711e-11
5.72766509164e-10	-6.1414741348e-11
5.7392113486e-10	-1.27868132749e-11
5.75075760556e-10	6.29806415353e-11
5.76230386251e-10	1.25144283825e-10
5.77385011947e-10	1.32568622746e-10
5.78539637643e-10	6.11198314182e-11
5.79694263338e-10	-8.38392064106e-11
5.80848889034e-10	-2.65271832278e-10
5.8200351473e-10	-4.24380780517e-10
5.83158140425e-10	-4.99907060192e-10
5.84312766121e-10	-4.50557202658e-10
5.85467391817e-10	-2.71998534807e-10
5.86622017512e-10	-1.78580501081e-12
5.87776643208e-10	2.90535012715e-10
5.88931268904e-10	5.24964460791e-10
5.90085894599e-10	6.36762476081e-10
5.91240520295e-10	5.96885818549e-10
5.92395145991e-10	4.1997927358e-10
5.93549771686e-10	1.57560200997e-10
5.94704397382e-10	-1.20530765924e-10
5.95859023078e-10	-3.49062279081e-10
5.97013648773e-10	-4.86518436649e-10
5.98168274469e-10	-5.23556087373e-10
5.99322900165e-10	-4.78954598204e-10
6.00477525861e-10	-3.86003312647e-10
6.01632151556e-10	-2.76036277169e-10
6.02786777252e-10	-1.66111430167e-10
6.03941402948e-10	-5.58066301504e-11
6.05096028643e-10	6.6294449097e-11
6.06250654339e-10	2.10269954226e-10
6.07405280035e-10	3.73157255096e-10
6.0855990573e-10	5.33435851047e-10
6.09714531426e-10	6.54651721721e-10
6.10869157122e-10	6.96977420223e-10
6.12023782817e-10	6.32209506968e-10
6.13178408513e-10	4.56135657023e-10
6.14333034209e-10	1.93530608206e-10
6.15487659904e-10	-1.06308566117e-10
6.166422856e-10	-3.82270659571e-10
6.17796911296e-10	-5.78395553674e-10
6.18951536991e-10	-6.5930094717e-10
6.20106162687e-10	-6.18981477185e-10
6.21260788383e-10	-4.80228634636e-10
6.22415414078e-10	-2.85235945974e-10
6.23570039774e-10	-8.07700503702e-11
6.2472466547e-10	9.63801330411e-11
6.25879291166e-10	2.28558658111e-10
6.27033916861e-10	3.18038845259e-10
6.28188542557e-10	3.79453690691e-10
6.29343168253e-10	4.2770512132e-10
6.30497793948e-10	4.66733374171e-10
6.31652419644e-10	4.84440154658e-10
6.3280704534e-10	4.56506249469e-10
6.33961671035e-10	3.58058471761e-10
6.35116296731e-10	1.78555142893e-10
6.36270922427e-10	-6.69201222214e-11
6.37425548122e-10	-3.35611982649e-10
6.38580173818e-10	-5.66470648167e-10
6.39734799514e-10	-6.98405444588e-10
6.40889425209e-10	-6.90918822155e-10
6.42044050905e-10	-5.3890114593e-10
6.43198676601e-10	-2.75757888746e-10
6.44353302296e-10	3.6570364792e-11
6.45507927992e-10	3.26844246112e-10
6.46662553688e-10	5.35659461232e-10
6.47817179383e-10	6.31027341491e-10
6.48971805079e-10	6.13370521041e-10
6.50126430775e-10	5.09414233019e-10
6.51281056471e-10	3.586343722e-10
6.52435682166e-10	1.98187966038e-10
6.53590307862e-10	5.21398757503e-11
6.54744933558e-10	-7.14954276337e-11
6.55899559253e-10	-1.76097608717e-10
6.57054184949e-10	-2.67228211781e-10
6.58208810645e-10	-3.43860689922e-10
6.5936343634e-10	-3.94525412339e-10
6.60518062036e-10	-4.00565969283e-10
6.61672687732e-10	-3.45135586777e-10
6.62827313427e-10	-2.23691426493e-10
6.63981939123e-10	-5.07525965698e-11
6.65136564819e-10	1.40597297693e-10
6.66291190514e-10	3.07075226358e-10
6.6744581621e-10	4.08390266049e-10
6.68600441906e-10	4.20288942538e-10
6.69755067601e-10	3.42402856068e-10
6.70909693297e-10	1.98191393852e-10
6.72064318993e-10	2.72800480122e-11
6.73218944688e-10	-1.26873275774e-10
6.74373570384e-10	-2.29480878744e-10
6.7552819608e-10	-2.63360916408e-10
6.76682821776e-10	-2.31661176353e-10
6.77837447471e-10	-1.54363827276e-10
6.78992073167e-10	-5.97711533046e-11
6.80146698863e-10	2.54962526786e-11
6.81301324558e-10	8.48323564173e-11
6.82455950254e-10	1.15368679887e-10
6.8361057595e-10	1.2614823075e-10
6.84765201645e-10	1.31726005104e-10
6.85919827341e-10	1.43954334564e-10
6.87074453037e-10	1.65237629135e-10
6.88229078732e-10	1.8629932319e-10
6.89383704428e-10	1.89459434252e-10
6.90538330124e-10	1.56321497413e-10
6.91692955819e-10	7.68335534085e-11
6.92847581515e-10	-4.39347551395e-11
6.94002207211e-10	-1.84276094384e-10
6.95156832906e-10	-3.10790115865e-10
6.96311458602e-10	-3.88318072142e-10
6.97466084298e-10	-3.9151007436e-10
6.98620709993e-10	-3.13657572137e-10
6.99775335689e-10	-1.69679895135e-10
7.00929961385e-10	8.09590242068e-12
7.02084587081e-10	1.7971535371e-10
7.03239212776e-10	3.09358982875e-10
7.04393838472e-10	3.74906966583e-10
7.05548464168e-10	3.72093245105e-10
7.06703089863e-10	3.1237459841e-10
7.07857715559e-10	2.16027778999e-10
7.09012341255e-10	1.03623089276e-10
7.1016696695e-10	-1.03404871471e-11
7.11321592646e-10	-1.19440596302e-10
7.12476218342e-10	-2.2258501986e-10
7.13630844037e-10	-3.18299664404e-10
7.14785469733e-10	-3.99288657693e-10
7.15940095429e-10	-4.50178089251e-10
7.17094721124e-10	-4.50512738226e-10
7.1824934682e-10	-3.82022941059e-10
7.19403972516e-10	-2.37699943062e-10
7.20558598211e-10	-2.87560114609e-11
7.21713223907e-10	2.13822973216e-10
7.22867849603e-10	4.44710240854e-10
7.24022475298e-10	6.15501039025e-10
7.25177100994e-10	6.88169909946e-10
7.2633172669e-10	6.46229070256e-10
7.27486352386e-10	4.99608687754e-10
7.28640978081e-10	2.81594331186e-10
7.29795603777e-10	3.8733925789e-11
7.30950229473e-10	-1.82458659292e-10
7.32104855168e-10	-3.47607165274e-10
7.33259480864e-10	-4.41286590602e-10
7.3441410656e-10	-4.66874705563e-10
7.35568732255e-10	-4.40249031675e-10
7.36723357951e-10	-3.80674575196e-10
7.37877983647e-10	-3.02674052488e-10
7.39032609342e-10	-2.12082573725e-10
7.40187235038e-10	-1.07445927156e-10
7.41341860734e-10	1.44616072589e-11
7.42496486429e-10	1.5178791557e-10
7.43651112125e-10	2.92875251828e-10
7.44805737821e-10	4.15931677988e-10
7.45960363516e-10	4.93842133853e-10
7.47114989212e-10	5.02575481232e-10
7.48269614908e-10	4.30131569251e-10
7.49424240603e-10	2.825658596e-10
7.50578866299e-10	8.4389210897e-11
7.51733491995e-10	-1.27178476084e-10
7.52888117691e-10	-3.1246211174e-10
7.54042743386e-10	-4.40379954725e-10
7.55197369082e-10	-4.96299001895e-10
7.56351994778e-10	-4.83859396994e-10
7.57506620473e-10	-4.20390611211e-10
7.58661246169e-10	-3.28193028309e-10
7.59815871865e-10	-2.25415838773e-10
7.6097049756e-10	-1.20517276714e-10
7.62125123256e-10	-1.24028799384e-11
7.63279748952e-10	1.0424437008e-10
7.64434374647e-10	2.31146768392e-10
7.65589000343e-10	3.60137225597e-10
7.66743626039e-10	4.71495065213e-10
7.67898251734e-10	5.38276534456e-10
7.6905287743e-10	5.35239907951e-10
7.70207503126e-10	4.48990872259e-10
7.71362128821e-10	2.85115292487e-10
7.72516754517e-10	6.93059151735e-11
7.73671380213e-10	-1.58441260112e-10
7.74826005908e-10	-3.54565710126e-10
7.75980631604e-10	-4.83942497187e-10
7.771352573e-10	-5.28816712642e-10
7.78289882995e-10	-4.91740925757e-10
7.79444508691e-10	-3.91938675959e-10
7.80599134387e-10	-2.57047882979e-10
7.81753760083e-10	-1.13706224991e-10
7.82908385778e-10	1.94375557316e-11
7.84063011474e-10	1.34029551346e-10
7.8521763717e-10	2.2951647527e-10
7.86372262865e-10	3.07703695857e-10
7.87526888561e-10	3.67339075824e-10
7.88681514257e-10	4.01435301667e-10
7.89836139952e-10	3.98654637079e-10
7.90990765648e-10	3.48277878759e-10
7.92145391344e-10	2.46346554267e-10
7.93300017039e-10	1.00306520034e-10
7.94454642735e-10	-7.02920846529e-11
7.95609268431e-10	-2.37614095067e-10
7.96763894126e-10	-3.72603115029e-10
7.97918519822e-10	-4.52766379944e-10
7.99073145518e-10	-4.67749672328e-10
8.00227771213e-10	-4.2088890706e-10
8.01382396909e-10	-3.26502463954e-10
8.02537022605e-10	-2.04371103374e-10
8.036916483e-10	-7.37952338126e-11
8.04846273996e-10	5.06756997476e-11
8.06000899692e-10	1.6049503393e-10
8.07155525388e-10	2.51656889771e-10
8.08310151083e-10	3.21658533142e-10
8.09464776779e-10	3.66859737033e-10
8.10619402475e-10	3.81462583743e-10
8.1177402817e-10	3.58844343129e-10
8.12928653866e-10	2.94549939994e-10
8.14083279562e-10	1.89823906593e-10
8.15237905257e-10	5.39413166911e-11
8.16392530953e-10	-9.58474757895e-11
8.17547156649e-10	-2.37113689794e-10
8.18701782344e-10	-3.47058909389e-10
8.1985640804e-10	-4.07875899722e-10
8.21011033736e-10	-4.10924322347e-10
8.22165659431e-10	-3.58286095237e-10
8.23320285127e-10	-2.61428378945e-10
8.24474910823e-10	-1.37579322934e-10
8.25629536518e-10	-5.3953343529e-12
8.26784162214e-10	1.18723531006e-10
8.2793878791e-10	2.2250390419e-10
8.29093413605e-10	2.97942615024e-10
8.30248039301e-10	3.40360239992e-10
8.31402664997e-10	3.47465833883e-10
8.32557290693e-10	3.19055892817e-10
8.33711916388e-10	2.57477733578e-10
8.34866542084e-10	1.68421734892e-10
8.3602116778e-10	6.12050202187e-11
8.37175793475e-10	-5.18986520426e-11
8.38330419171e-10	-1.57369589582e-10
8.39485044867e-10	-2.42691200469e-10
8.40639670562e-10	-2.98417762723e-10
8.41794296258e-10	-3.19472309718e-10
8.42948921954e-10	-3.05269420853e-10
8.44103547649e-10	-2.58875892944e-10
8.45258173345e-10	-1.85799681196e-10
8.46412799041e-10	-9.30245325215e-11
8.47567424736e-10	1.13317992143e-11
8.48722050432e-10	1.17807485989e-10
8.49876676128e-10	2.15336692921e-10
8.51031301823e-10	2.91686452769e-10
8.52185927519e-10	3.35096256299e-10
8.53340553215e-10	3.36918382082e-10
8.5449517891e-10	2.94428897929e-10
8.55649804606e-10	2.12634770902e-10
8.56804430302e-10	1.04126887668e-10
8.57959055998e-10	-1.33722061202e-11
8.59113681693e-10	-1.21033863487e-10
8.60268307389e-10	-2.03285333011e-10
8.61422933085e-10	-2.50979098615e-10
8.6257755878e-10	-2.62446009369e-10
8.63732184476e-10	-2.42224240665e-10
8.64886810172e-10	-1.98235497462e-10
8.66041435867e-10	-1.38752592749e-10
8.67196061563e-10	-7.03945096658e-11
8.68350687259e-10	2.15500924397e-12
8.69505312954e-10	7.48806086581e-11
8.7065993865e-10	1.42524839153e-10
8.71814564346e-10	1.97517224798e-10
8.72969190041e-10	2.30584135119e-10
8.74123815737e-10	2.33342734024e-10
8.75278441433e-10	2.01754835061e-10
8.76433067128e-10	1.39053143999e-10
8.77587692824e-10	5.64561696004e-11
8.7874231852e-10	-2.89981216123e-11
8.79896944215e-10	-9.91398838024e-11
8.81051569911e-10	-1.4020523631e-10
8.82206195607e-10	-1.4715939578e-10
8.83360821303e-10	-1.25148558183e-10
8.84515446998e-10	-8.73559974357e-11
8.85670072694e-10	-4.9986240841e-11
8.8682469839e-10	-2.62513153576e-11
8.87979324085e-10	-2.16096116695e-11
8.89133949781e-10	-3.20962353917e-11
8.90288575477e-10	-4.63787966365e-11
8.91443201172e-10	-5.0757651554e-11
8.92597826868e-10	-3.50912077174e-11
8.93752452564e-10	2.79880198878e-12
8.94907078259e-10	5.58555181274e-11
8.96061703955e-10	1.10270167997e-10
8.97216329651e-10	1.50562035062e-10
8.98370955346e-10	1.65236352379e-10
8.99525581042e-10	1.50710680047e-10
9.00680206738e-10	1.12033445021e-10
9.01834832433e-10	6.0269289559e-11
9.02989458129e-10	7.84053898195e-12
9.04144083825e-10	-3.61462491882e-11
9.0529870952e-10	-6.85988488236e-11
9.06453335216e-10	-9.20966983231e-11
9.07607960912e-10	-1.11749859366e-10
9.08762586608e-10	-1.30945421173e-10
9.09917212303e-10	-1.48082754392e-10
9.11071837999e-10	-1.55975871108e-10
9.12226463695e-10	-1.4451544128e-10
9.1338108939e-10	-1.05570684139e-10
9.14535715086e-10	-3.80385306586e-11
9.15690340782e-10	4.94305360532e-11
9.16844966477e-10	1.39370029406e-10
9.17999592173e-10	2.10266512535e-10
9.19154217869e-10	2.43428721625e-10
9.20308843564e-10	2.29413932296e-10
9.2146346926e-10	1.71494096701e-10
9.22618094956e-10	8.47730774467e-11
9.23772720651e-10	-8.77862452869e-12
9.24927346347e-10	-8.75284983382e-11
9.26081972043e-10	-1.36922348459e-10
9.27236597738e-10	-1.53249510304e-10
9.28391223434e-10	-1.43215037052e-10
9.2954584913e-10	-1.19684789857e-10
9.30700474825e-10	-9.5556930424e-11
9.31855100521e-10	-7.8316443608e-11
9.33009726217e-10	-6.75172279196e-11
9.34164351913e-10	-5.60907327529e-11
9.35318977608e-10	-3.47546991186e-11
9.36473603304e-10	2.57254243949e-12
9.37628229e-10	5.47770544201e-11
9.38782854695e-10	1.12735216995e-10
9.39937480391e-10	1.62083860222e-10
9.41092106087e-10	1.88437973558e-10
9.42246731782e-10	1.82841020102e-10
9.43401357478e-10	1.45253739592e-10
9.44555983174e-10	8.46423486855e-11
9.45710608869e-10	1.57293310321e-11
9.46865234565e-10	-4.62261964818e-11
9.48019860261e-10	-9.04384692135e-11
9.49174485956e-10	-1.13441638028e-10
9.50329111652e-10	-1.18793364035e-10
9.51483737348e-10	-1.13990546169e-10
9.52638363043e-10	-1.06061326388e-10
9.53792988739e-10	-9.79511680099e-11
9.54947614435e-10	-8.72064295776e-11
9.5610224013e-10	-6.7603665721e-11
9.57256865826e-10	-3.29483176853e-11
9.58411491522e-10	1.86551017689e-11
9.59566117218e-10	8.20328249773e-11
9.60720742913e-10	1.45040993105e-10
9.61875368609e-10	1.91730950561e-10
9.63029994305e-10	2.07555125864e-10
9.6418462e-10	1.84628576316e-10
9.65339245696e-10	1.25027488362e-10
9.66493871392e-10	4.07986630591e-11
9.67648497087e-10	-4.93814641955e-11
9.68803122783e-10	-1.25733368161e-10
9.69957748479e-10	-1.7305559763e-10
9.71112374174e-10	-1.84636181344e-10
9.7226699987e-10	-1.63184521451e-10
9.73421625566e-10	-1.18718368469e-10
9.74576251261e-10	-6.44314532283e-11
9.75730876957e-10	-1.22859118712e-11
9.76885502653e-10	3.01393805746e-11
9.78040128348e-10	6.05620276151e-11
9.79194754044e-10	8.07093142319e-11
9.8034937974e-10	9.37217248254e-11
9.81504005435e-10	1.0155299518e-10
9.82658631131e-10	1.03584578415e-10
9.83813256827e-10	9.69793689798e-11
9.84967882523e-10	7.85792333979e-11
9.86122508218e-10	4.7316039975e-11
9.87277133914e-10	5.99199509455e-12
9.8843175961e-10	-3.85029230721e-11
9.89586385305e-10	-7.67647681532e-11
9.90741011001e-10	-9.97453925011e-11
9.91895636697e-10	-1.01741337577e-10
9.93050262392e-10	-8.24590812298e-11
9.94204888088e-10	-4.72474247226e-11
9.95359513784e-10	-5.47501453896e-12
9.96514139479e-10	3.24570197108e-11
9.97668765175e-10	5.83014608813e-11
9.98823390871e-10	6.83040360383e-11
9.99978016566e-10	6.3868431377e-11
1.00113264226e-09	5.03927941042e-11
1.00228726796e-09	3.48083159518e-11
1.00344189365e-09	2.27786470242e-11
1.00459651935e-09	1.6667908373e-11
1.00575114504e-09	1.50049660197e-11
1.00690577074e-09	1.36177163296e-11
1.00806039644e-09	7.86952187443e-12
1.00921502213e-09	-4.91518327775e-12
1.01036964783e-09	-2.38865715402e-11
1.01152427352e-09	-4.45691261675e-11
1.01267889922e-09	-6.03278538236e-11
1.01383352491e-09	-6.47947320798e-11
1.01498815061e-09	-5.43855516177e-11
1.01614277631e-09	-2.99029030704e-11
1.017297402e-09	3.39285457368e-12
1.0184520277e-09	3.73040071056e-11
1.01960665339e-09	6.32875349349e-11
1.02076127909e-09	7.51564088741e-11
1.02191590478e-09	7.09429112677e-11
1.02307053048e-09	5.32508065421e-11
1.02422515618e-09	2.80480205034e-11
1.02537978187e-09	2.39994721145e-12
1.02653440757e-09	-1.79284261048e-11
1.02768903326e-09	-3.01046514106e-11
1.02884365896e-09	-3.45229712873e-11
1.02999828465e-09	-3.38114189424e-11
1.03115291035e-09	-3.10838473017e-11
1.03230753605e-09	-2.82445455912e-11
1.03346216174e-09	-2.50998267309e-11
1.03461678744e-09	-1.96217833648e-11
1.03577141313e-09	-9.22531148695e-12
1.03692603883e-09	7.54192888697e-12
1.03808066452e-09	2.96476523887e-11
1.03923529022e-09	5.32195017222e-11
1.04038991592e-09	7.24205764802e-11
1.04154454161e-09	8.13037276393e-11
1.04269916731e-09	7.59405316408e-11
1.043853793e-09	5.60529088423e-11
1.0450084187e-09	2.54267544519e-11
1.04616304439e-09	-9.05841113924e-12
1.04731767009e-09	-3.94979153551e-11
1.04847229579e-09	-5.93713619934e-11
1.04962692148e-09	-6.54357609764e-11
1.05078154718e-09	-5.84442216844e-11
1.05193617287e-09	-4.24526247489e-11
1.05309079857e-09	-2.30807734036e-11
1.05424542426e-09	-5.39086050105e-12
1.05540004996e-09	7.7384140762e-12
1.05655467565e-09	1.62151854444e-11
1.05770930135e-09	2.2097886021e-11
1.05886392705e-09	2.81118670009e-11
1.06001855274e-09	3.59705008834e-11
1.06117317844e-09	4.5230926643e-11
1.06232780413e-09	5.3174385034e-11
1.06348242983e-09	5.57826979053e-11
1.06463705552e-09	4.94221261138e-11
1.06579168122e-09	3.25732218975e-11
1.06694630692e-09	6.88320104039e-12
1.06810093261e-09	-2.29021124981e-11
1.06925555831e-09	-5.0168154353e-11
1.070410184e-09	-6.84350978664e-11
1.0715648097e-09	-7.3373820908e-11
1.07271943539e-09	-6.41568326243e-11
1.07387406109e-09	-4.35877271776e-11
1.07502868679e-09	-1.7045637471e-11
1.07618331248e-09	9.36368604182e-12
1.07733793818e-09	3.07137162925e-11
1.07849256387e-09	4.45181738695e-11
1.07964718957e-09	5.09386213765e-11
1.08080181526e-09	5.19885419437e-11
1.08195644096e-09	5.01560980248e-11
1.08311106666e-09	4.71025995985e-11
1.08426569235e-09	4.29596046236e-11
1.08542031805e-09	3.64918754936e-11
1.08657494374e-09	2.60112712619e-11
1.08772956944e-09	1.0602085182e-11
1.08888419513e-09	-8.90234327228e-12
1.09003882083e-09	-2.96423198487e-11
1.09119344653e-09	-4.73294493875e-11
1.09234807222e-09	-5.75745076614e-11
1.09350269792e-09	-5.74178170287e-11
1.09465732361e-09	-4.6500119727e-11
1.09581194931e-09	-2.73347455781e-11
1.096966575e-09	-4.5788442482e-12
1.0981212007e-09	1.6475361006e-11
1.0992758264e-09	3.16038757664e-11
1.10043045209e-09	3.89018782465e-11
1.10158507779e-09	3.91100103692e-11
1.10273970348e-09	3.49658427212e-11
1.10389432918e-09	2.98331220838e-11
1.10504895487e-09	2.62393388267e-11
1.10620358057e-09	2.4841158644e-11
1.10735820626e-09	2.42723410815e-11
1.10851283196e-09	2.18667983026e-11
1.10966745766e-09	1.49867427496e-11
1.11082208335e-09	2.4140043263e-12
1.11197670905e-09	-1.47705268155e-11
1.11313133474e-09	-3.31970249901e-11
1.11428596044e-09	-4.81710817068e-11
1.11544058613e-09	-5.52427895095e-11
1.11659521183e-09	-5.1779983079e-11
1.11774983753e-09	-3.7929610841e-11
1.11890446322e-09	-1.6592853827e-11
1.12005908892e-09	7.53269321918e-12
1.12121371461e-09	2.94744159635e-11
1.12236834031e-09	4.54428716878e-11
1.123522966e-09	5.37027609882e-11
1.1246775917e-09	5.46235938426e-11
1.1258322174e-09	4.99893425265e-11
1.12698684309e-09	4.19702154975e-11
1.12814146879e-09	3.22057068514e-11
1.12929609448e-09	2.13686447009e-11
1.13045072018e-09	9.3308095625e-12
1.13160534587e-09	-4.20350733388e-12
1.13275997157e-09	-1.89128122885e-11
1.13391459727e-09	-3.33628923099e-11
1.13506922296e-09	-4.50644035976e-11
1.13622384866e-09	-5.11395786829e-11
1.13737847435e-09	-4.93659245426e-11
1.13853310005e-09	-3.91422380619e-11
1.13968772574e-09	-2.19535067209e-11
1.14084235144e-09	-1.08164887637e-12
1.14199697714e-09	1.93208799654e-11
1.14315160283e-09	3.54613803599e-11
1.14430622853e-09	4.49439201133e-11
1.14546085422e-09	4.72507519222e-11
1.14661547992e-09	4.35558221434e-11
1.14777010561e-09	3.60325207172e-11
1.14892473131e-09	2.69515174067e-11
1.15007935701e-09	1.79526532529e-11
1.1512339827e-09	9.69566094078e-12
1.1523886084e-09	1.97264210175e-12
1.15354323409e-09	-5.85177132445e-12
1.15469785979e-09	-1.4230228107e-11
1.15585248548e-09	-2.29541385899e-11
1.15700711118e-09	-3.09755346373e-11
1.15816173687e-09	-3.66131951146e-11
1.15931636257e-09	-3.80723716442e-11
1.16047098827e-09	-3.40659306319e-11
1.16162561396e-09	-2.43147186413e-11
1.16278023966e-09	-9.72409999744e-12
1.16393486535e-09	7.75817864812e-12
1.16508949105e-09	2.55704138419e-11
1.16624411674e-09	4.10656543492e-11
1.16739874244e-09	5.19998176463e-11
1.16855336814e-09	5.68607660956e-11
1.16970799383e-09	5.50469288207e-11
1.17086261953e-09	4.68613203797e-11
1.17201724522e-09	3.34221400555e-11
1.17317187092e-09	1.6458159488e-11
1.17432649661e-09	-1.93717784869e-12
1.17548112231e-09	-1.95859908153e-11
1.17663574801e-09	-3.44717587808e-11
1.1777903737e-09	-4.49503941014e-11
1.1789449994e-09	-4.99152837119e-11
1.18009962509e-09	-4.88834007994e-11
1.18125425079e-09	-4.20309759219e-11
1.18240887648e-09	-3.01550069637e-11
1.18356350218e-09	-1.45929691941e-11
1.18471812788e-09	2.91999258974e-12
1.18587275357e-09	2.04157107886e-11
1.18702737927e-09	3.58943985646e-11
1.18818200496e-09	4.75410787126e-11
1.18933663066e-09	5.39388186893e-11
1.19049125635e-09	5.42672053128e-11
1.19164588205e-09	4.84593476457e-11
1.19280050775e-09	3.72579189722e-11
1.19395513344e-09	2.21529999206e-11
1.19510975914e-09	5.16592237737e-12
1.19626438483e-09	-1.14737802592e-11
1.19741901053e-09	-2.57256264902e-11
1.19857363622e-09	-3.60800590793e-11
1.19972826192e-09	-4.1776491988e-11
1.20088288762e-09	-4.28244419093e-11
1.20203751331e-09	-3.98043785432e-11
1.20319213901e-09	-3.3542026795e-11
1.2043467647e-09	-2.47694486449e-11
1.2055013904e-09	-1.39349295991e-11
1.20665601609e-09	-1.24764738471e-12
1.20781064179e-09	1.30462368339e-11
1.20896526748e-09	2.82813772401e-11
1.21011989318e-09	4.31065981521e-11
1.21127451888e-09	5.5472779148e-11
1.21242914457e-09	6.29668123198e-11
1.21358377027e-09	6.34145652656e-11
1.21473839596e-09	5.55781497213e-11
1.21589302166e-09	3.96739967268e-11
1.21704764735e-09	1.75538368563e-11
1.21820227305e-09	-7.57330136103e-12
1.21935689875e-09	-3.17896577118e-11
1.22051152444e-09	-5.13240630551e-11
1.22166615014e-09	-6.335142827e-11
1.22282077583e-09	-6.65218435891e-11
1.22397540153e-09	-6.10712036497e-11
1.22513002722e-09	-4.85083015422e-11
1.22628465292e-09	-3.10612750798e-11
1.22743927862e-09	-1.1081059681e-11
1.22859390431e-09	9.36882602748e-12
1.22974853001e-09	2.86352573597e-11
1.2309031557e-09	4.53499356123e-11
1.2320577814e-09	5.82234607749e-11
1.23321240709e-09	6.59216153887e-11
1.23436703279e-09	6.71737526714e-11
1.23552165849e-09	6.10951983449e-11
1.23667628418e-09	4.76215664125e-11
1.23783090988e-09	2.78299171902e-11
1.23898553557e-09	4.00948718671e-12
1.24014016127e-09	-2.06137017178e-11
1.24129478696e-09	-4.24596399706e-11
1.24244941266e-09	-5.83339418436e-11
1.24360403836e-09	-6.61055377105e-11
1.24475866405e-09	-6.51313308841e-11
1.24591328975e-09	-5.62839219675e-11
1.24706791544e-09	-4.15808429355e-11
1.24822254114e-09	-2.35624436629e-11
1.24937716683e-09	-4.61523050679e-12
1.25053179253e-09	1.35036521895e-11
1.25168641823e-09	2.98084057437e-11
1.25284104392e-09	4.38554158266e-11
1.25399566962e-09	5.53161440264e-11
1.25515029531e-09	6.35447597319e-11
1.25630492101e-09	6.73871999868e-11
1.2574595467e-09	6.53551310292e-11
1.2586141724e-09	5.61518713471e-11
1.25976879809e-09	3.93337133697e-11
1.26092342379e-09	1.58812928086e-11
1.26207804949e-09	-1.16072689654e-11
1.26323267518e-09	-3.92098090107e-11
1.26438730088e-09	-6.24512802583e-11
1.26554192657e-09	-7.7329594117e-11
1.26669655227e-09	-8.12883163559e-11
1.26785117796e-09	-7.38261188293e-11
1.26900580366e-09	-5.65363589278e-11
1.27016042936e-09	-3.26068096135e-11
1.27131505505e-09	-5.94016849598e-12
1.27246968075e-09	1.97706868238e-11
1.27362430644e-09	4.17360798699e-11
1.27477893214e-09	5.83314785363e-11
1.27593355783e-09	6.89179269209e-11
1.27708818353e-09	7.3410839907e-11
1.27824280923e-09	7.18242965103e-11
1.27939743492e-09	6.40680217212e-11
1.28055206062e-09	5.00773138234e-11
1.28170668631e-09	3.02208709446e-11
1.28286131201e-09	5.77950534653e-12
1.2840159377e-09	-2.07952492032e-11
1.2851705634e-09	-4.60336387065e-11
1.2863251891e-09	-6.60686505505e-11
1.28747981479e-09	-7.75364980554e-11
1.28863444049e-09	-7.84716250313e-11
1.28978906618e-09	-6.88625476086e-11
1.29094369188e-09	-5.06491931729e-11
1.29209831757e-09	-2.71732063933e-11
1.29325294327e-09	-2.25193735187e-12
1.29440756897e-09	2.07766859273e-11
1.29556219466e-09	3.97216634584e-11
1.29671682036e-09	5.37154973279e-11
1.29787144605e-09	6.28873134123e-11
1.29902607175e-09	6.77267200655e-11
1.30018069744e-09	6.84458809075e-11
1.30133532314e-09	6.46389747283e-11
1.30248994884e-09	5.5419373951e-11
1.30364457453e-09	3.99840958953e-11
1.30479920023e-09	1.83735665571e-11
1.30595382592e-09	-7.91833352359e-12
1.30710845162e-09	-3.58052094918e-11
1.30826307731e-09	-6.10586511907e-11
1.30941770301e-09	-7.92523130455e-11
1.3105723287e-09	-8.68827371159e-11
1.3117269544e-09	-8.2309430105e-11
1.3128815801e-09	-6.61835516946e-11
1.31403620579e-09	-4.12544061412e-11
1.31519083149e-09	-1.16397126312e-11
1.31634545718e-09	1.81860099896e-11
1.31750008288e-09	4.43493297642e-11
1.31865470857e-09	6.4197397398e-11
1.31980933427e-09	7.64426508204e-11
1.32096395997e-09	8.0897857857e-11
1.32211858566e-09	7.79889625102e-11
1.32327321136e-09	6.83267609158e-11
1.32442783705e-09	5.25390252137e-11
1.32558246275e-09	3.14203663088e-11
1.32673708844e-09	6.28255303683e-12
1.32789171414e-09	-2.07228002119e-11
1.32904633984e-09	-4.65679508843e-11
1.33020096553e-09	-6.76978265113e-11
1.33135559123e-09	-8.07272790282e-11
1.33251021692e-09	-8.32594965194e-11
1.33366484262e-09	-7.45773998112e-11
1.33481946831e-09	-5.59268811817e-11
1.33597409401e-09	-3.03059070894e-11
1.33712871971e-09	-1.79342109739e-12
1.3382833454e-09	2.53751984702e-11
1.3394379711e-09	4.77141520738e-11
1.34059259679e-09	6.30899013587e-11
1.34174722249e-09	7.08667916016e-11
1.34290184818e-09	7.16082818042e-11
1.34405647388e-09	6.64921104288e-11
1.34521109958e-09	5.67229666015e-11
1.34636572527e-09	4.31725107053e-11
1.34752035097e-09	2.63927230765e-11
1.34867497666e-09	6.92409497793e-12
1.34982960236e-09	-1.42573296918e-11
1.35098422805e-09	-3.54408898062e-11
1.35213885375e-09	-5.41688083278e-11
1.35329347945e-09	-6.76062539284e-11
1.35444810514e-09	-7.31810861909e-11
1.35560273084e-09	-6.93061094625e-11
1.35675735653e-09	-5.59316273852e-11
1.35791198223e-09	-3.47265584344e-11
1.35906660792e-09	-8.81254878099e-12
1.36022123362e-09	1.78984327359e-11
1.36137585931e-09	4.15620836358e-11
1.36253048501e-09	5.91869331323e-11
1.36368511071e-09	6.91097318262e-11
1.3648397364e-09	7.10619132982e-11
1.3659943621e-09	6.58582702262e-11
1.36714898779e-09	5.49041194453e-11
1.36830361349e-09	3.97373522976e-11
1.36945823918e-09	2.17792242574e-11
1.37061286488e-09	2.32507611254e-12
1.37176749058e-09	-1.72899940892e-11
1.37292211627e-09	-3.55130959362e-11
1.37407674197e-09	-5.05178641974e-11
1.37523136766e-09	-6.03684741085e-11
1.37638599336e-09	-6.33864349897e-11
1.37754061905e-09	-5.86196091668e-11
1.37869524475e-09	-4.62475786833e-11
1.37984987045e-09	-2.77468655691e-11
1.38100449614e-09	-5.71974542382e-12
1.38215912184e-09	1.66096095211e-11
1.38331374753e-09	3.61013545447e-11
1.38446837323e-09	5.03637583027e-11
1.38562299892e-09	5.81755477125e-11
1.38677762462e-09	5.95311716589e-11
1.38793225032e-09	5.53420642646e-11
1.38908687601e-09	4.69441256701e-11
1.39024150171e-09	3.56252839728e-11
1.3913961274e-09	2.23601328425e-11
1.3925507531e-09	7.80531108496e-12
1.39370537879e-09	-7.49092714941e-12
1.39486000449e-09	-2.27803470532e-11
1.39601463019e-09	-3.6900447975e-11
1.39716925588e-09	-4.82408071822e-11
1.39832388158e-09	-5.49819842433e-11
1.39947850727e-09	-5.55204389407e-11
1.40063313297e-09	-4.89823806515e-11
1.40178775866e-09	-3.56156944215e-11
1.40294238436e-09	-1.6923596205e-11
1.40409701006e-09	4.54802645197e-12
1.40525163575e-09	2.57181047292e-11
1.40640626145e-09	4.36139457882e-11
1.40756088714e-09	5.59513858855e-11
1.40871551284e-09	6.1486947478e-11
1.40987013853e-09	6.00704347375e-11
1.41102476423e-09	5.24473832419e-11
1.41217938992e-09	3.99386149152e-11
1.41333401562e-09	2.41256337824e-11
1.41448864132e-09	6.6300333279e-12
1.41564326701e-09	-1.09804968937e-11
1.41679789271e-09	-2.71963545434e-11
1.4179525184e-09	-4.05542370518e-11
1.4191071441e-09	-4.96750279799e-11
1.42026176979e-09	-5.33969084227e-11
1.42141639549e-09	-5.09896465328e-11
