% time-domain voltage integration by openEMS v0.37.0-rc1-2-g7b051bb @Mon Aug  3 21:31:48 2026
% start-coordinates: (0.00144893,0.00132317,-0.000889) m -> [59,57,13]
% stop-coordinates: (0.0018294,0.00132317,-0.000889) m -> [65,57,13]
% t/s	voltage
0	0
1.19341269065e-12	0
2.3868253813e-12	0
3.58023807195e-12	0
4.7736507626e-12	0
5.96706345326e-12	0
7.16047614391e-12	0
8.35388883456e-12	0
9.54730152521e-12	0
1.07407142159e-11	0
1.19341269065e-11	0
1.31275395972e-11	0
1.43209522878e-11	0
1.55143649785e-11	0
1.67077776691e-11	0
1.79011903598e-11	0
1.90946030504e-11	0
2.02880157411e-11	0
2.14814284317e-11	0
2.26748411224e-11	0
2.3868253813e-11	0
2.50616665037e-11	0
2.62550791943e-11	0
2.7448491885e-11	3.22286234653e-36
2.86419045756e-11	7.46723574341e-32
2.98353172663e-11	1.93862185281e-28
3.10287299569e-11	1.4677503555e-25
3.22221426476e-11	4.07692681569e-23
3.34155553382e-11	4.86586824389e-21
3.46089680289e-11	2.80329141143e-19
3.58023807195e-11	8.53134438248e-18
3.69957934102e-11	1.47477604587e-16
3.81892061008e-11	1.53816625125e-15
3.93826187915e-11	1.01914575403e-14
4.05760314821e-11	4.48033283244e-14
4.17694441728e-11	1.35060557099e-13
4.29628568634e-11	2.86665351559e-13
4.41562695541e-11	4.66511588203e-13
4.53496822447e-11	8.33051990834e-13
4.65430949354e-11	2.23683341272e-12
4.7736507626e-11	5.85902550435e-12
4.89299203167e-11	9.54147232144e-12
5.01233330073e-11	-1.04110464824e-12
5.1316745698e-11	-6.41194935688e-11
5.25101583886e-11	-2.48916222703e-10
5.37035710793e-11	-6.49085861448e-10
5.48969837699e-11	-1.35460183348e-09
5.60903964606e-11	-2.3909308422e-09
5.72838091513e-11	-3.60597132709e-09
5.84772218419e-11	-4.51183254646e-09
5.96706345326e-11	-4.14111778202e-09
6.08640472232e-11	-1.02520182621e-09
6.20574599139e-11	6.54403486955e-09
6.32508726045e-11	1.98323506506e-08
6.44442852952e-11	3.86176450817e-08
6.56376979858e-11	6.01334897432e-08
6.68311106765e-11	7.85835627681e-08
6.80245233671e-11	8.59161257694e-08
6.92179360578e-11	7.41787937741e-08
7.04113487484e-11	3.898059453e-08
7.16047614391e-11	-1.7304728428e-08
7.27981741297e-11	-8.4400528344e-08
7.39915868204e-11	-1.46456701877e-07
7.5184999511e-11	-1.8764973575e-07
7.63784122017e-11	-1.98875701685e-07
7.75718248923e-11	-1.82045653219e-07
7.8765237583e-11	-1.4898306766e-07
7.99586502736e-11	-1.14465908752e-07
8.11520629643e-11	-8.66766898255e-08
8.23454756549e-11	-6.06493548716e-08
8.35388883456e-11	-1.97690785964e-08
8.47323010362e-11	5.38805204897e-08
8.59257137269e-11	1.64867394403e-07
8.71191264175e-11	2.93962816755e-07
8.83125391082e-11	3.99008278862e-07
8.95059517988e-11	4.29278045999e-07
9.06993644895e-11	3.47922011201e-07
9.18927771801e-11	1.51929299363e-07
9.30861898708e-11	-1.20095682732e-07
9.42796025614e-11	-3.97440775401e-07
9.54730152521e-11	-6.00485179802e-07
9.66664279427e-11	-6.68838488593e-07
9.78598406334e-11	-5.8266086711e-07
9.9053253324e-11	-3.6980236473e-07
1.00246666015e-10	-9.60543964368e-08
1.01440078705e-10	1.56675691088e-07
1.02633491396e-10	3.17162886176e-07
1.03826904087e-10	3.46955609132e-07
1.05020316777e-10	2.51794043393e-07
1.06213729468e-10	7.80832039027e-08
1.07407142159e-10	-1.03056816414e-07
1.08600554849e-10	-2.20270873541e-07
1.0979396754e-10	-2.2632586294e-07
1.10987380231e-10	-1.15298293579e-07
1.12180792921e-10	7.4591596011e-08
1.13374205612e-10	2.73253217387e-07
1.14567618303e-10	4.03893476886e-07
1.15761030993e-10	4.11247235377e-07
1.16954443684e-10	2.83609413287e-07
1.18147856374e-10	5.79310839299e-08
1.19341269065e-10	-1.92923211628e-07
1.20534681756e-10	-3.87566998938e-07
1.21728094446e-10	-4.65658683169e-07
1.22921507137e-10	-4.08993205525e-07
1.24114919828e-10	-2.45290983969e-07
1.25308332518e-10	-3.57720764121e-08
1.26501745209e-10	1.48009066336e-07
1.276951579e-10	2.48037487438e-07
1.2888857059e-10	2.37469265585e-07
1.30081983281e-10	1.26487430308e-07
1.31275395972e-10	-4.28330955149e-08
1.32468808662e-10	-2.11187138888e-07
1.33662221353e-10	-3.20799465214e-07
1.34855634044e-10	-3.33577141021e-07
1.36049046734e-10	-2.42279238449e-07
1.37242459425e-10	-7.15177570498e-08
1.38435872116e-10	1.32070681502e-07
1.39629284806e-10	3.16029048264e-07
1.40822697497e-10	4.37777689655e-07
1.42016110187e-10	4.74230201775e-07
1.43209522878e-10	4.23019031359e-07
1.44402935569e-10	2.97612949396e-07
1.45596348259e-10	1.21373536999e-07
1.4678976095e-10	-7.66709069566e-08
1.47983173641e-10	-2.63992024685e-07
1.49176586331e-10	-4.07647938516e-07
1.50369999022e-10	-4.80433822503e-07
1.51563411713e-10	-4.6897900674e-07
1.52756824403e-10	-3.79890174429e-07
1.53950237094e-10	-2.39168969074e-07
1.55143649785e-10	-8.36653166747e-08
1.56337062475e-10	5.23713805656e-08
1.57530475166e-10	1.49286227824e-07
1.58723887857e-10	2.06784418921e-07
1.59917300547e-10	2.39464686302e-07
1.61110713238e-10	2.66144583705e-07
1.62304125929e-10	2.98305288027e-07
1.63497538619e-10	3.3341001604e-07
1.6469095131e-10	3.5487744654e-07
1.65884364e-10	3.38662768939e-07
1.67077776691e-10	2.6306607559e-07
1.68271189382e-10	1.18644893021e-07
1.69464602072e-10	-8.52784758365e-08
1.70658014763e-10	-3.19038921504e-07
1.71851427454e-10	-5.37985521021e-07
1.73044840144e-10	-6.93006725783e-07
1.74238252835e-10	-7.44552174581e-07
1.75431665526e-10	-6.74540551415e-07
1.76625078216e-10	-4.92999632229e-07
1.77818490907e-10	-2.35308949215e-07
1.79011903598e-10	4.75044590331e-08
1.80205316288e-10	3.02946233433e-07
1.81398728979e-10	4.89418908955e-07
1.8259214167e-10	5.84278517124e-07
1.8378555436e-10	5.85276140441e-07
1.84978967051e-10	5.07509529513e-07
1.86172379742e-10	3.77179549815e-07
1.87365792432e-10	2.25077384286e-07
1.88559205123e-10	8.00418167302e-08
1.89752617814e-10	-3.62360568218e-08
1.90946030504e-10	-1.13223814324e-07
1.92139443195e-10	-1.52674800802e-07
1.93332855885e-10	-1.66754525743e-07
1.94526268576e-10	-1.72659472497e-07
1.95719681267e-10	-1.85414775089e-07
1.96913093957e-10	-2.11024701713e-07
1.98106506648e-10	-2.42678838802e-07
1.99299919339e-10	-2.62735463608e-07
2.00493332029e-10	-2.4934871945e-07
2.0168674472e-10	-1.86624088627e-07
2.02880157411e-10	-7.33772935746e-08
2.04073570101e-10	7.28700566555e-08
2.05266982792e-10	2.19473363927e-07
2.06460395483e-10	3.28843530184e-07
2.07653808173e-10	3.71344857086e-07
2.08847220864e-10	3.3567127744e-07
2.10040633555e-10	2.32726495852e-07
2.11234046245e-10	9.14004774089e-08
2.12427458936e-10	-5.15206290963e-08
2.13620871627e-10	-1.63132501285e-07
2.14814284317e-10	-2.23379801767e-07
2.16007697008e-10	-2.28625196996e-07
2.17201109698e-10	-1.89584145716e-07
2.18394522389e-10	-1.25548639929e-07
2.1958793508e-10	-5.73446383711e-08
2.2078134777e-10	-1.67680958008e-09
2.21974760461e-10	3.19595345744e-08
2.23168173152e-10	4.19357473191e-08
2.24361585842e-10	3.28663942728e-08
2.25554998533e-10	1.35732023399e-08
2.26748411224e-10	-5.63228308437e-09
2.27941823914e-10	-1.5197434533e-08
2.29135236605e-10	-8.69438898654e-09
2.30328649296e-10	1.54200189284e-08
2.31522061986e-10	5.24941654589e-08
2.32715474677e-10	9.26417511593e-08
2.33908887368e-10	1.22904772581e-07
2.35102300058e-10	1.31448069318e-07
2.36295712749e-10	1.11445269901e-07
2.3748912544e-10	6.37506447632e-08
2.3868253813e-10	-2.95945434825e-09
2.39875950821e-10	-7.43684855919e-08
2.41069363512e-10	-1.34274888097e-07
2.42262776202e-10	-1.68781443932e-07
2.43456188893e-10	-1.69743607614e-07
2.44649601583e-10	-1.36874973578e-07
2.45843014274e-10	-7.82078384276e-08
2.47036426965e-10	-8.17132483899e-09
2.48229839655e-10	5.61396582555e-08
2.49423252346e-10	1.00039574846e-07
2.50616665037e-10	1.15508766996e-07
2.51810077727e-10	1.03339876212e-07
2.53003490418e-10	7.1936424817e-08
2.54196903109e-10	3.36881025298e-08
2.55390315799e-10	4.83609541302e-10
2.5658372849e-10	-1.94724378844e-08
2.57777141181e-10	-2.33166821406e-08
2.58970553871e-10	-1.29444965857e-08
2.60163966562e-10	5.75150765902e-09
2.61357379253e-10	2.44002653638e-08
2.62550791943e-10	3.37687056096e-08
2.63744204634e-10	2.64190931354e-08
2.64937617325e-10	-1.77815095981e-10
2.66131030015e-10	-4.12155509721e-08
2.67324442706e-10	-8.49736991881e-08
2.68517855396e-10	-1.16228237701e-07
2.69711268087e-10	-1.22263573488e-07
2.70904680778e-10	-9.82996173349e-08
2.72098093468e-10	-4.9844221639e-08
2.73291506159e-10	9.48449946359e-09
2.7448491885e-10	6.32486565344e-08
2.7567833154e-10	9.83204717642e-08
2.76871744231e-10	1.08489496498e-07
2.78065156922e-10	9.5222887353e-08
2.79258569612e-10	6.55109300141e-08
2.80451982303e-10	2.88302346441e-08
2.81645394994e-10	-5.33134808522e-09
2.82838807684e-10	-2.92488606668e-08
2.84032220375e-10	-3.79361511094e-08
2.85225633066e-10	-3.00932869735e-08
2.86419045756e-10	-8.77239858532e-09
2.87612458447e-10	1.87493089943e-08
2.88805871138e-10	4.26272808163e-08
2.89999283828e-10	5.30319415049e-08
2.91192696519e-10	4.3732765409e-08
2.9238610921e-10	1.43223093385e-08
2.935795219e-10	-2.88461488029e-08
2.94772934591e-10	-7.42094821149e-08
2.95966347281e-10	-1.08251085429e-07
2.97159759972e-10	-1.19568868584e-07
2.98353172663e-10	-1.02616497522e-07
2.99546585353e-10	-5.99165681514e-08
3.00739998044e-10	-1.82652792891e-09
3.01933410735e-10	5.61843620517e-08
3.03126823425e-10	9.83835235502e-08
3.04320236116e-10	1.13734863305e-07
3.05513648807e-10	9.97758498045e-08
3.06707061497e-10	6.31381511518e-08
3.07900474188e-10	1.71507996694e-08
3.09093886879e-10	-2.31476875445e-08
3.10287299569e-10	-4.62297951032e-08
3.1148071226e-10	-4.77296739909e-08
3.12674124951e-10	-3.11547370124e-08
3.13867537641e-10	-5.79957498692e-09
3.15060950332e-10	1.72528469289e-08
3.16254363023e-10	2.91428139398e-08
3.17447775713e-10	2.60155532672e-08
3.18641188404e-10	9.68061819595e-09
3.19834601094e-10	-1.37179697046e-08
3.21028013785e-10	-3.61848608854e-08
3.22221426476e-10	-5.06025652491e-08
3.23414839166e-10	-5.26712149451e-08
3.24608251857e-10	-4.16395562475e-08
3.25801664548e-10	-2.00589513888e-08
3.26995077238e-10	7.23270804359e-09
3.28188489929e-10	3.4341838262e-08
3.2938190262e-10	5.53216081833e-08
3.3057531531e-10	6.53346763357e-08
3.31768728001e-10	6.15244091229e-08
3.32962140692e-10	4.38676672765e-08
3.34155553382e-10	1.56458475065e-08
3.35348966073e-10	-1.69494873692e-08
3.36542378764e-10	-4.60141071912e-08
3.37735791454e-10	-6.38476378434e-08
3.38929204145e-10	-6.53397282946e-08
3.40122616836e-10	-4.95665859468e-08
3.41316029526e-10	-2.06186405727e-08
3.42509442217e-10	1.33044339989e-08
3.43702854908e-10	4.21260737404e-08
3.44896267598e-10	5.70201570405e-08
3.46089680289e-10	5.34222697191e-08
3.47283092979e-10	3.28831273322e-08
3.4847650567e-10	2.54695853297e-09
3.49669918361e-10	-2.71026379117e-08
3.50863331051e-10	-4.62679650148e-08
3.52056743742e-10	-4.92088401138e-08
3.53250156433e-10	-3.62107988039e-08
3.54443569123e-10	-1.30413987387e-08
3.55636981814e-10	1.16800971117e-08
3.56830394505e-10	2.98740114868e-08
3.58023807195e-10	3.66854639999e-08
3.59217219886e-10	3.17205888223e-08
3.60410632577e-10	1.82895341094e-08
3.61604045267e-10	1.78949824403e-09
3.62797457958e-10	-1.24584196293e-08
3.63990870649e-10	-2.07226666937e-08
3.65184283339e-10	-2.16915763129e-08
3.6637769603e-10	-1.63854025903e-08
3.67571108721e-10	-7.39797101357e-09
3.68764521411e-10	2.1919861759e-09
3.69957934102e-10	9.83094383677e-09
3.71151346792e-10	1.40845930474e-08
3.72344759483e-10	1.46294385495e-08
3.73538172174e-10	1.17587983794e-08
3.74731584864e-10	6.11357869884e-09
3.75924997555e-10	-1.57197636852e-09
3.77118410246e-10	-9.95435356366e-09
3.78311822936e-10	-1.68993510297e-08
3.79505235627e-10	-1.96260341312e-08
3.80698648318e-10	-1.57321022876e-08
3.81892061008e-10	-4.69376093548e-09
3.83085473699e-10	1.11625317878e-08
3.8427888639e-10	2.68678816973e-08
3.8547229908e-10	3.63993688524e-08
3.86665711771e-10	3.53298252875e-08
3.87859124462e-10	2.28264187552e-08
3.89052537152e-10	2.42556133512e-09
3.90245949843e-10	-1.92142370903e-08
3.91439362534e-10	-3.49501503294e-08
3.92632775224e-10	-3.98166832838e-08
3.93826187915e-10	-3.29117562092e-08
3.95019600606e-10	-1.74191183699e-08
3.96213013296e-10	9.04073607644e-10
3.97406425987e-10	1.59291340118e-08
3.98599838677e-10	2.33820067752e-08
3.99793251368e-10	2.2015188561e-08
4.00986664059e-10	1.35794981926e-08
4.02180076749e-10	1.84365195333e-09
4.0337348944e-10	-9.01732299941e-09
4.04566902131e-10	-1.58519946059e-08
4.05760314821e-10	-1.73375707124e-08
4.06953727512e-10	-1.41327454184e-08
4.08147140203e-10	-8.0985142481e-09
4.09340552893e-10	-1.39485883954e-09
4.10533965584e-10	4.46873976712e-09
4.11727378275e-10	8.97434604408e-09
4.12920790965e-10	1.23413165243e-08
4.14114203656e-10	1.48772570929e-08
4.15307616347e-10	1.64256869217e-08
4.16501029037e-10	1.61665211218e-08
4.17694441728e-10	1.32129867048e-08
4.18887854419e-10	7.32079857846e-09
4.20081267109e-10	-4.72236458271e-10
4.212746798e-10	-7.95769872219e-09
4.2246809249e-10	-1.26880986828e-08
4.23661505181e-10	-1.31496895595e-08
4.24854917872e-10	-9.65778795825e-09
4.26048330562e-10	-4.34225051749e-09
4.27241743253e-10	-1.1022999874e-10
4.28435155944e-10	7.61803675697e-10
4.29628568634e-10	-2.20928304817e-09
4.30821981325e-10	-7.48502632097e-09
4.32015394016e-10	-1.23643072447e-08
4.33208806706e-10	-1.42112910329e-08
4.34402219397e-10	-1.17377507713e-08
4.35595632088e-10	-5.43161887689e-09
4.36789044778e-10	2.77482586908e-09
4.37982457469e-10	1.03591614176e-08
4.3917587016e-10	1.52449208812e-08
4.4036928285e-10	1.6455073637e-08
4.41562695541e-10	1.4298068729e-08
4.42756108232e-10	1.01601654867e-08
4.43949520922e-10	5.76243744388e-09
4.45142933613e-10	2.56600002357e-09
4.46336346304e-10	1.12409323603e-09
4.47529758994e-10	9.14448787526e-10
4.48723171685e-10	7.2394103906e-10
4.49916584375e-10	-6.90082695848e-10
4.51109997066e-10	-3.73839556533e-09
4.52303409757e-10	-7.65549068582e-09
4.53496822447e-10	-1.08138493715e-08
4.54690235138e-10	-1.15562391878e-08
4.55883647829e-10	-9.20843701291e-09
4.57077060519e-10	-4.56872006893e-09
4.5827047321e-10	4.58816352966e-10
4.59463885901e-10	3.80422596202e-09
4.60657298591e-10	4.36355748756e-09
4.61850711282e-10	2.51767104387e-09
4.63044123973e-10	-1.43588713836e-10
4.64237536663e-10	-1.75805566285e-09
4.65430949354e-10	-1.18219965414e-09
4.66624362045e-10	1.45169662402e-09
4.67817774735e-10	4.94791563277e-09
4.69011187426e-10	7.67921970457e-09
4.70204600117e-10	8.36578251118e-09
4.71398012807e-10	6.52039905402e-09
4.72591425498e-10	2.50680962099e-09
4.73784838188e-10	-2.68876815257e-09
4.74978250879e-10	-7.82122927534e-09
4.7617166357e-10	-1.16687217666e-08
4.7736507626e-10	-1.32994929514e-08
4.78558488951e-10	-1.22550524173e-08
4.79751901642e-10	-8.63531995909e-09
4.80945314332e-10	-3.07905245744e-09
4.82138727023e-10	3.42445838353e-09
4.83332139714e-10	9.83913384101e-09
4.84525552404e-10	1.51844272711e-08
4.85718965095e-10	1.86537629787e-08
4.86912377786e-10	1.94949987264e-08
4.88105790476e-10	1.70862408666e-08
4.89299203167e-10	1.12009939102e-08
4.90492615858e-10	2.34396621557e-09
4.91686028548e-10	-7.93623172735e-09
4.92879441239e-10	-1.72459564407e-08
4.9407285393e-10	-2.30371606236e-08
4.9526626662e-10	-2.35235726453e-08
4.96459679311e-10	-1.85376026751e-08
4.97653092001e-10	-9.69570773668e-09
4.98846504692e-10	1.69924366245e-10
5.00039917383e-10	8.00245880672e-09
5.01233330073e-10	1.17188818649e-08
5.02426742764e-10	1.07587676546e-08
5.03620155455e-10	6.15332723664e-09
5.04813568145e-10	-5.36940769624e-11
5.06006980836e-10	-5.60284457718e-09
5.07200393527e-10	-8.68878180516e-09
5.08393806217e-10	-8.40222247334e-09
5.09587218908e-10	-4.80563563943e-09
5.10780631599e-10	1.15402491729e-09
5.11974044289e-10	7.9128950059e-09
5.1316745698e-10	1.3633989604e-08
5.14360869671e-10	1.66791502831e-08
5.15554282361e-10	1.60741771005e-08
5.16747695052e-10	1.18775057567e-08
5.17941107743e-10	5.22593152086e-09
5.19134520433e-10	-1.96966641608e-09
5.20327933124e-10	-7.69014274482e-09
5.21521345815e-10	-1.04604847007e-08
5.22714758505e-10	-9.8964861861e-09
5.23908171196e-10	-6.72697580972e-09
5.25101583886e-10	-2.51482547287e-09
5.26294996577e-10	9.38267692707e-10
5.27488409268e-10	2.16414090815e-09
5.28681821958e-10	4.705927939e-10
5.29875234649e-10	-3.88097270987e-09
5.3106864734e-10	-9.70390723332e-09
5.3226206003e-10	-1.51479189192e-08
5.33455472721e-10	-1.81738051275e-08
5.34648885412e-10	-1.70872926919e-08
5.35842298102e-10	-1.1186064186e-08
5.37035710793e-10	-1.1211277462e-09
5.38229123484e-10	1.10824144306e-08
5.39422536174e-10	2.24723228914e-08
5.40615948865e-10	2.99950275728e-08
5.41809361556e-10	3.14585890671e-08
5.43002774246e-10	2.61349690778e-08
5.44196186937e-10	1.51103789481e-08
5.45389599628e-10	8.86227063956e-10
5.46583012318e-10	-1.31913342472e-08
5.47776425009e-10	-2.37991786278e-08
5.48969837699e-10	-2.84460870414e-08
5.5016325039e-10	-2.60220713866e-08
5.51356663081e-10	-1.71922617254e-08
5.52550075771e-10	-4.26574317536e-09
5.53743488462e-10	9.26970766812e-09
5.54936901153e-10	1.96452010215e-08
5.56130313843e-10	2.39096609178e-08
5.57323726534e-10	2.08617088049e-08
5.58517139225e-10	1.14824884045e-08
5.59710551915e-10	-1.31533831049e-09
5.60903964606e-10	-1.36515121429e-08
5.62097377297e-10	-2.19112104016e-08
5.63290789987e-10	-2.38984287915e-08
5.64484202678e-10	-1.94174030188e-08
5.65677615369e-10	-1.02052010176e-08
5.66871028059e-10	7.56348830788e-10
5.6806444075e-10	1.0234478709e-08
5.69257853441e-10	1.56964181652e-08
5.70451266131e-10	1.59940807265e-08
5.71644678822e-10	1.15841114479e-08
5.72838091513e-10	4.32025934471e-09
5.74031504203e-10	-3.15201456602e-09
5.75224916894e-10	-8.18590273344e-09
5.76418329584e-10	-8.97178420445e-09
5.77611742275e-10	-5.10763381589e-09
5.78805154966e-10	2.22144427853e-09
5.79998567656e-10	1.05627810942e-08
5.81191980347e-10	1.69534764005e-08
5.82385393038e-10	1.88590789651e-08
5.83578805728e-10	1.50002115173e-08
5.84772218419e-10	5.84020509731e-09
5.8596563111e-10	-6.52018178338e-09
5.871590438e-10	-1.88520645761e-08
5.88352456491e-10	-2.77198493048e-08
5.89545869182e-10	-3.0410908014e-08
5.90739281872e-10	-2.57121650638e-08
5.91932694563e-10	-1.43624169224e-08
5.93126107254e-10	1.0579768589e-09
5.94319519944e-10	1.6651919954e-08
5.95512932635e-10	2.81993199902e-08
5.96706345326e-10	3.23547857395e-08
5.97899758016e-10	2.76771578989e-08
5.99093170707e-10	1.52340400295e-08
6.00286583397e-10	-1.56325638545e-09
6.01479996088e-10	-1.79174106663e-08
6.02673408779e-10	-2.90437613959e-08
6.03866821469e-10	-3.17144335238e-08
6.0506023416e-10	-2.52152378977e-08
6.06253646851e-10	-1.15709262172e-08
6.07447059541e-10	5.16712889143e-09
6.08640472232e-10	2.01957082169e-08
6.09833884923e-10	2.94000908063e-08
6.11027297613e-10	3.04945602103e-08
6.12220710304e-10	2.35676276272e-08
6.13414122995e-10	1.09138096338e-08
6.14607535685e-10	-3.68704305975e-09
6.15800948376e-10	-1.60928359527e-08
6.16994361067e-10	-2.29630476856e-08
6.18187773757e-10	-2.26797580716e-08
6.19381186448e-10	-1.57910862164e-08
6.20574599139e-10	-4.79583117663e-09
6.21768011829e-10	6.6480271288e-09
6.2296142452e-10	1.48595658001e-08
6.24154837211e-10	1.72706422497e-08
6.25348249901e-10	1.31951334303e-08
6.26541662592e-10	3.95807131515e-09
6.27735075282e-10	-7.50152068241e-09
6.28928487973e-10	-1.75805920932e-08
6.30121900664e-10	-2.29974803645e-08
6.31315313354e-10	-2.17753945986e-08
6.32508726045e-10	-1.3797975873e-08
6.33702138736e-10	-9.2729049439e-10
6.34895551426e-10	1.34100861526e-08
6.36088964117e-10	2.51254530514e-08
6.37282376808e-10	3.06307172959e-08
6.38475789498e-10	2.7964555116e-08
6.39669202189e-10	1.75117442769e-08
6.4086261488e-10	2.02583175235e-09
6.4205602757e-10	-1.41259925979e-08
6.43249440261e-10	-2.62439976417e-08
6.44442852952e-10	-3.07618568396e-08
6.45636265642e-10	-2.63123494104e-08
6.46829678333e-10	-1.41572934487e-08
6.48023091024e-10	2.21743615136e-09
6.49216503714e-10	1.81064134797e-08
6.50409916405e-10	2.89457386948e-08
6.51603329095e-10	3.15688606367e-08
6.52796741786e-10	2.51165968024e-08
6.53990154477e-10	1.1279103207e-08
6.55183567167e-10	-6.12238476583e-09
6.56376979858e-10	-2.21976796944e-08
6.57570392549e-10	-3.23823381443e-08
6.58763805239e-10	-3.37885408541e-08
6.5995721793e-10	-2.60916703798e-08
6.61150630621e-10	-1.16203040523e-08
6.62344043311e-10	5.35136068791e-09
6.63537456002e-10	1.99539582635e-08
6.64730868693e-10	2.81688403714e-08
6.65924281383e-10	2.80214371706e-08
6.67117694074e-10	2.00173990716e-08
6.68311106765e-10	6.91676560471e-09
6.69504519455e-10	-7.21851600716e-09
6.70697932146e-10	-1.81782491282e-08
6.71891344837e-10	-2.28114414025e-08
6.73084757527e-10	-1.98450633704e-08
6.74278170218e-10	-1.02092972964e-08
6.75471582909e-10	3.19320084263e-09
6.76664995599e-10	1.63126168129e-08
6.7785840829e-10	2.50527332213e-08
6.7905182098e-10	2.64977297881e-08
6.80245233671e-10	1.98398242279e-08
6.81438646362e-10	6.68797950354e-09
6.82632059052e-10	-9.30153076784e-09
6.83825471743e-10	-2.34881101235e-08
6.85018884434e-10	-3.16390826871e-08
6.86212297124e-10	-3.11814885023e-08
6.87405709815e-10	-2.20505602666e-08
6.88599122506e-10	-6.6818687805e-09
6.89792535196e-10	1.06145672252e-08
6.90985947887e-10	2.49162805943e-08
6.92179360578e-10	3.20765072281e-08
6.93372773268e-10	2.99482665334e-08
6.94566185959e-10	1.90568487657e-08
6.9575959865e-10	2.51646672944e-09
6.9695301134e-10	-1.48145217205e-08
6.98146424031e-10	-2.77609473187e-08
6.99339836722e-10	-3.23957638493e-08
7.00533249412e-10	-2.72757392228e-08
7.01726662103e-10	-1.39053778492e-08
7.02920074793e-10	3.71780883857e-09
7.04113487484e-10	2.03655861064e-08
7.05306900175e-10	3.11770160799e-08
7.06500312865e-10	3.31289156108e-08
7.07693725556e-10	2.58356769312e-08
7.08887138247e-10	1.15893217245e-08
7.10080550937e-10	-5.43118028329e-09
7.11273963628e-10	-2.03829000345e-08
7.12467376319e-10	-2.91409403275e-08
7.13660789009e-10	-2.94078934537e-08
7.148542017e-10	-2.13199595755e-08
7.16047614391e-10	-7.38305222514e-09
7.17241027081e-10	8.24369295049e-09
7.18434439772e-10	2.09299391152e-08
7.19627852463e-10	2.69329640812e-08
7.20821265153e-10	2.44898739066e-08
7.22014677844e-10	1.43593409385e-08
7.23208090535e-10	-4.03669958571e-10
7.24401503225e-10	-1.5359195249e-08
7.25594915916e-10	-2.6007925813e-08
7.26788328607e-10	-2.9084815667e-08
7.27981741297e-10	-2.3540520866e-08
7.29175153988e-10	-1.07988545883e-08
7.30368566678e-10	5.59484453211e-09
7.31561979369e-10	2.09705466325e-08
7.3275539206e-10	3.08484151557e-08
7.3394880475e-10	3.22011279863e-08
7.35142217441e-10	2.44258813176e-08
7.36335630132e-10	9.58164148024e-09
7.37529042822e-10	-8.11581957194e-09
7.38722455513e-10	-2.34858255066e-08
7.39915868204e-10	-3.1967442915e-08
7.41109280894e-10	-3.10048193786e-08
7.42302693585e-10	-2.08891421938e-08
7.43496106276e-10	-4.66613525596e-09
7.44689518966e-10	1.2806153471e-08
7.45882931657e-10	2.6346979709e-08
7.47076344348e-10	3.20317923297e-08
7.48269757038e-10	2.830296153e-08
7.49463169729e-10	1.63891986649e-08
7.5065658242e-10	-1.63249663787e-10
7.5184999511e-10	-1.65435374289e-08
7.53043407801e-10	-2.80993159851e-08
7.54236820491e-10	-3.16282089408e-08
7.55430233182e-10	-2.62604242796e-08
7.56623645873e-10	-1.36535796003e-08
7.57817058563e-10	2.50730577966e-09
7.59010471254e-10	1.75816203818e-08
7.60203883945e-10	2.73082430002e-08
7.61397296635e-10	2.90078117082e-08
7.62590709326e-10	2.23501517294e-08
7.63784122017e-10	9.39847077941e-09
7.64977534707e-10	-5.9830251864e-09
7.66170947398e-10	-1.92772222629e-08
7.67364360089e-10	-2.65986213055e-08
7.68557772779e-10	-2.58038697076e-08
7.6975118547e-10	-1.71083889278e-08
7.70944598161e-10	-3.02574543198e-09
7.72138010851e-10	1.23258471207e-08
7.73331423542e-10	2.43875202255e-08
7.74524836233e-10	2.94834741066e-08
7.75718248923e-10	2.5912048951e-08
7.76911661614e-10	1.45078599134e-08
7.78105074305e-10	-1.53998459818e-09
7.79298486995e-10	-1.75775780598e-08
7.80491899686e-10	-2.88623351885e-08
7.81685312376e-10	-3.19770343538e-08
7.82878725067e-10	-2.59038956951e-08
7.84072137758e-10	-1.23421755038e-08
7.85265550448e-10	4.78915179736e-09
7.86458963139e-10	2.04992629538e-08
7.8765237583e-10	3.02468889934e-08
7.8884578852e-10	3.12341710274e-08
7.90039201211e-10	2.32386923038e-08
7.91232613902e-10	8.63934468409e-09
7.92426026592e-10	-8.30716251343e-09
7.93619439283e-10	-2.26945424675e-08
7.94812851974e-10	-3.04020209008e-08
7.96006264664e-10	-2.92678468128e-08
7.97199677355e-10	-1.969173824e-08
7.98393090046e-10	-4.52004417228e-09
7.99586502736e-10	1.18302242447e-08
8.00779915427e-10	2.46381994806e-08
8.01973328118e-10	3.02792284579e-08
8.03166740808e-10	2.72479387942e-08
8.04360153499e-10	1.65527807017e-08
8.05553566189e-10	1.39506750596e-09
8.0674697888e-10	-1.38245881409e-08
8.07940391571e-10	-2.47523321839e-08
8.09133804261e-10	-2.83397934009e-08
8.10327216952e-10	-2.36668076248e-08
8.11520629643e-10	-1.2182854725e-08
8.12714042333e-10	2.72793831968e-09
8.13907455024e-10	1.66947395908e-08
8.15100867715e-10	2.56206216243e-08
8.16294280405e-10	2.6845105694e-08
8.17487693096e-10	1.995119292e-08
8.18681105787e-10	6.91845791767e-09
8.19874518477e-10	-8.42224057163e-09
8.21067931168e-10	-2.14872939441e-08
8.22261343859e-10	-2.83152878922e-08
8.23454756549e-10	-2.67543402988e-08
8.2464816924e-10	-1.71450389441e-08
8.25841581931e-10	-2.23795815213e-09
8.27034994621e-10	1.3608099092e-08
8.28228407312e-10	2.5719185226e-08
8.29421820002e-10	3.04963196918e-08
8.30615232693e-10	2.64900459346e-08
8.31808645384e-10	1.48186416471e-08
8.33002058074e-10	-1.14554808694e-09
8.34195470765e-10	-1.67847995503e-08
8.35388883456e-10	-2.75770781766e-08
8.36582296146e-10	-3.04235439064e-08
8.37775708837e-10	-2.45438502855e-08
8.38969121528e-10	-1.16867584499e-08
8.40162534218e-10	4.39702652066e-09
8.41355946909e-10	1.90622975182e-08
8.425493596e-10	2.81277174885e-08
8.4374277229e-10	2.90749060383e-08
8.44936184981e-10	2.17502571509e-08
8.46129597672e-10	8.36929847647e-09
8.47323010362e-10	-7.16178588656e-09
8.48516423053e-10	-2.03882912775e-08
8.49709835744e-10	-2.75920268855e-08
8.50903248434e-10	-2.68199031872e-08
8.52096661125e-10	-1.84246111701e-08
8.53290073816e-10	-4.90751644877e-09
8.54483486506e-10	9.79183911731e-09
8.55676899197e-10	2.14457782644e-08
8.56870311887e-10	2.672478705e-08
8.58063724578e-10	2.41513815613e-08
8.59257137269e-10	1.45219499759e-08
8.60450549959e-10	6.79391848335e-10
8.6164396265e-10	-1.32998128066e-08
8.62837375341e-10	-2.32907808595e-08
8.64030788031e-10	-2.63313262305e-08
8.65224200722e-10	-2.15013675753e-08
8.66417613413e-10	-1.02087681642e-08
8.67611026103e-10	4.2143216139e-09
8.68804438794e-10	1.74995877789e-08
8.69997851485e-10	2.56877217275e-08
8.71191264175e-10	2.6324662894e-08
8.72384676866e-10	1.91654243586e-08
8.73578089557e-10	6.27570162504e-09
8.74771502247e-10	-8.58223025979e-09
8.75964914938e-10	-2.10467983042e-08
8.77158327629e-10	-2.74365172803e-08
8.78351740319e-10	-2.5841216722e-08
8.7954515301e-10	-1.66907903054e-08
8.807385657e-10	-2.63320401594e-09
8.81931978391e-10	1.2241316627e-08
8.83125391082e-10	2.36077826177e-08
8.84318803772e-10	2.81824765747e-08
8.85512216463e-10	2.46738951493e-08
8.86705629154e-10	1.41403765364e-08
8.87899041844e-10	-3.47944367762e-10
8.89092454535e-10	-1.46293184233e-08
8.90285867226e-10	-2.46605269538e-08
8.91479279916e-10	-2.76564233737e-08
8.92672692607e-10	-2.28667316193e-08
8.93866105298e-10	-1.17331783178e-08
8.95059517988e-10	2.5316450325e-09
8.96252930679e-10	1.58717403664e-08
8.9744634337e-10	2.45322628878e-08
8.9863975606e-10	2.61050256967e-08
8.99833168751e-10	2.02112093728e-08
9.01026581442e-10	8.60850590811e-09
9.02219994132e-10	-5.32282434795e-09
9.03413406823e-10	-1.75278032088e-08
9.04606819514e-10	-2.44763393997e-08
9.05800232204e-10	-2.41703868031e-08
9.06993644895e-10	-1.67370755033e-08
9.08187057585e-10	-4.39907299477e-09
9.09380470276e-10	9.20000664539e-09
9.10573882967e-10	2.00385699145e-08
9.11767295657e-10	2.492858453e-08
9.12960708348e-10	2.24271834437e-08
9.14154121039e-10	1.32775881401e-08
9.15347533729e-10	1.77755921094e-10
9.1654094642e-10	-1.30061752479e-08
9.17734359111e-10	-2.23830960433e-08
9.18927771801e-10	-2.5177889329e-08
9.20121184492e-10	-2.05599086645e-08
9.21314597183e-10	-9.88022363924e-09
9.22508009873e-10	3.71794761644e-09
9.23701422564e-10	1.62345941135e-08
9.24894835255e-10	2.39945152636e-08
9.26088247945e-10	2.47213753912e-08
9.27281660636e-10	1.82146540073e-08
9.28475073327e-10	6.37518599023e-09
9.29668486017e-10	-7.34675581482e-09
9.30861898708e-10	-1.89806670381e-08
9.32055311398e-10	-2.51810492458e-08
9.33248724089e-10	-2.41832327497e-08
9.3444213678e-10	-1.62930566816e-08
9.3563554947e-10	-3.77934220031e-09
9.36828962161e-10	9.7915762165e-09
9.38022374852e-10	2.05662522568e-08
9.39215787542e-10	2.55105476743e-08
9.40409200233e-10	2.32530474875e-08
9.41602612924e-10	1.44780450961e-08
9.42796025614e-10	1.71792347015e-09
9.43989438305e-10	-1.13677736113e-08
9.45182850996e-10	-2.10511739152e-08
9.46376263686e-10	-2.45997007209e-08
9.47569676377e-10	-2.10622117525e-08
9.48763089068e-10	-1.15384204413e-08
9.49956501758e-10	1.16641800385e-09
9.51149914449e-10	1.33386509615e-08
9.5234332714e-10	2.14617612571e-08
9.5353673983e-10	2.32098857911e-08
9.54730152521e-10	1.81212675976e-08
9.55923565212e-10	7.72503888635e-09
9.57116977902e-10	-4.91784968304e-09
9.58310390593e-10	-1.60979658492e-08
9.59503803283e-10	-2.25370238027e-08
9.60697215974e-10	-2.23590013171e-08
9.61890628665e-10	-1.56170187893e-08
9.63084041355e-10	-4.30600960444e-09
9.64277454046e-10	8.24576606995e-09
9.65470866737e-10	1.83528807707e-08
9.66664279427e-10	2.30539938251e-08
9.67857692118e-10	2.0998868866e-08
9.69051104809e-10	1.2814427075e-08
9.70244517499e-10	9.2253732431e-10
9.7143793019e-10	-1.11930540392e-08
9.72631342881e-10	-2.00039758091e-08
9.73824755571e-10	-2.29629346649e-08
9.75018168262e-10	-1.92227884721e-08
9.76211580953e-10	-9.8814834093e-09
9.77404993643e-10	2.36039507384e-09
9.78598406334e-10	1.39658109521e-08
9.79791819025e-10	2.15857502983e-08
9.80985231715e-10	2.30209673546e-08
9.82178644406e-10	1.78453514188e-08
9.83372057096e-10	7.53763368389e-09
9.84565469787e-10	-4.95328073002e-09
9.85758882478e-10	-1.60591941967e-08
9.86952295168e-10	-2.26135348225e-08
9.88145707859e-10	-2.27736267622e-08
9.8933912055e-10	-1.65299882671e-08
9.9053253324e-10	-5.70287972401e-09
9.91725945931e-10	6.5856235465e-09
9.92919358622e-10	1.68319511662e-08
9.94112771312e-10	2.21319871319e-08
9.95306184003e-10	2.10294626157e-08
9.96499596694e-10	1.39057013682e-08
9.97693009384e-10	2.86864229593e-09
9.98886422075e-10	-8.86243323173e-09
1.00007983477e-09	-1.78866064182e-08
1.00127324746e-09	-2.16053601676e-08
1.00246666015e-09	-1.89647135773e-08
1.00366007284e-09	-1.07686367601e-08
1.00485348553e-09	5.68209312934e-10
1.00604689822e-09	1.17211615969e-08
1.00724031091e-09	1.94257880892e-08
1.0084337236e-09	2.14421727041e-08
1.00962713629e-09	1.71905296664e-08
1.01082054898e-09	7.93128052123e-09
1.01201396167e-09	-3.62497332151e-09
1.01320737436e-09	-1.4106897428e-08
1.01440078705e-09	-2.04715819851e-08
1.01559419974e-09	-2.08871193674e-08
1.01678761243e-09	-1.52594780145e-08
1.01798102513e-09	-5.24624677034e-09
1.01917443782e-09	6.22275031503e-09
1.02036785051e-09	1.58111737036e-08
1.0215612632e-09	2.07333163971e-08
1.02275467589e-09	1.95670755154e-08
1.02394808858e-09	1.26639627673e-08
1.02514150127e-09	2.03600292181e-09
1.02633491396e-09	-9.22247578306e-09
1.02752832665e-09	-1.78451606825e-08
1.02872173934e-09	-2.13386859294e-08
1.02991515203e-09	-1.86963045046e-08
1.03110856472e-09	-1.06872216632e-08
1.03230197741e-09	3.8474254338e-10
1.0334953901e-09	1.13517801825e-08
1.03468880279e-09	1.90901026098e-08
1.03588221549e-09	2.1417954077e-08
1.03707562818e-09	1.76988084188e-08
1.03826904087e-09	9.02085928178e-09
1.03946245356e-09	-2.12455744664e-09
1.04065586625e-09	-1.25545455143e-08
1.04184927894e-09	-1.93062865694e-08
1.04304269163e-09	-2.04745047583e-08
1.04423610432e-09	-1.57737027884e-08
1.04542951701e-09	-6.59985005536e-09
1.0466229297e-09	4.35725650005e-09
1.04781634239e-09	1.39076552497e-08
1.04900975508e-09	1.92892859463e-08
1.05020316777e-09	1.89579094645e-08
1.05139658046e-09	1.30506199181e-08
1.05258999315e-09	3.31625588101e-09
1.05378340584e-09	-7.38852845572e-09
1.05497681854e-09	-1.5939210618e-08
1.05617023123e-09	-1.98551663999e-08
1.05736364392e-09	-1.80064971822e-08
1.05855705661e-09	-1.09429113548e-08
1.0597504693e-09	-7.27496923814e-10
1.06094388199e-09	9.67373647853e-09
1.06213729468e-09	1.72377752072e-08
1.06333070737e-09	1.97862071172e-08
1.06452412006e-09	1.6595344654e-08
1.06571753275e-09	8.61945192998e-09
1.06691094544e-09	-1.80184298038e-09
1.06810435813e-09	-1.16325905575e-08
1.06929777082e-09	-1.80205985689e-08
1.07049118351e-09	-1.91361113622e-08
1.0716845962e-09	-1.46826940606e-08
1.0728780089e-09	-5.97790039691e-09
1.07407142159e-09	4.44605974259e-09
1.07526483428e-09	1.35755795494e-08
1.07645824697e-09	1.87856157297e-08
1.07765165966e-09	1.8581532979e-08
1.07884507235e-09	1.3023792711e-08
1.08003848504e-09	3.70106653658e-09
1.08123189773e-09	-6.72668687418e-09
1.08242531042e-09	-1.52822071664e-08
1.08361872311e-09	-1.95278602177e-08
1.0848121358e-09	-1.82572157392e-08
1.08600554849e-09	-1.18409220207e-08
1.08719896118e-09	-2.12990378112e-09
1.08839237387e-09	8.09430178439e-09
1.08958578656e-09	1.59017266022e-08
1.09077919926e-09	1.90775253373e-08
1.09197261195e-09	1.67468483525e-08
1.09316602464e-09	9.62471924382e-09
1.09435943733e-09	-1.93477400767e-10
1.09555285002e-09	-9.85417070165e-09
1.09674626271e-09	-1.65608446956e-08
1.0979396754e-09	-1.83900699113e-08
1.09913308809e-09	-1.48357072183e-08
1.10032650078e-09	-6.95655982819e-09
1.10151991347e-09	2.94071761386e-09
1.10271332616e-09	1.19628432715e-08
1.10390673885e-09	1.74843712841e-08
1.10510015154e-09	1.78970998022e-08
1.10629356423e-09	1.30926568476e-08
1.10748697692e-09	4.47943709903e-09
1.10868038961e-09	-5.42823636041e-09
1.10987380231e-09	-1.37501972031e-08
1.111067215e-09	-1.80867625321e-08
1.11226062769e-09	-1.72055423242e-08
1.11345404038e-09	-1.13960398895e-08
1.11464745307e-09	-2.36365121919e-09
1.11584086576e-09	7.26806642648e-09
1.11703427845e-09	1.47239428427e-08
1.11822769114e-09	1.78674295359e-08
1.11942110383e-09	1.58129509487e-08
1.12061451652e-09	9.1659922985e-09
1.12180792921e-09	-1.47710621512e-10
1.1230013419e-09	-9.43925637653e-09
1.12419475459e-09	-1.60270532401e-08
1.12538816728e-09	-1.80054842147e-08
1.12658157997e-09	-1.47980989684e-08
1.12777499267e-09	-7.32309957119e-09
1.12896840536e-09	2.27568705546e-09
1.13016181805e-09	1.12378458761e-08
1.13135523074e-09	1.6998609631e-08
1.13254864343e-09	1.79114734156e-08
1.13374205612e-09	1.37270985689e-08
1.13493546881e-09	5.65999547231e-09
1.1361288815e-09	-3.97611427116e-09
1.13732229419e-09	-1.24171108951e-08
1.13851570688e-09	-1.72588265901e-08
1.13970911957e-09	-1.71340712729e-08
1.14090253226e-09	-1.21070472536e-08
1.14209594495e-09	-3.65858504603e-09
1.14328935764e-09	5.75125680413e-09
1.14448277033e-09	1.33895469157e-08
1.14567618303e-09	1.70466514238e-08
1.14686959572e-09	1.56852040245e-08
1.14806300841e-09	9.72625169293e-09
1.1492564211e-09	9.35488242426e-10
1.15044983379e-09	-8.11316713811e-09
1.15164324648e-09	-1.47835726994e-08
1.15283665917e-09	-1.71473175659e-08
1.15403007186e-09	-1.45389486006e-08
1.15522348455e-09	-7.73348896033e-09
1.15641689724e-09	1.28346461237e-09
1.15761030993e-09	9.90282433833e-09
1.15880372262e-09	1.56396838813e-08
1.15999713531e-09	1.68549612045e-08
1.161190548e-09	1.32116555474e-08
1.16238396069e-09	5.77792935719e-09
1.16357737338e-09	-3.29375104968e-09
1.16477078608e-09	-1.13818890979e-08
1.16596419877e-09	-1.61558562084e-08
1.16715761146e-09	-1.62477011845e-08
1.16835102415e-09	-1.16421889906e-08
1.16954443684e-09	-3.68174149501e-09
1.17073784953e-09	5.32792121533e-09
1.17193126222e-09	1.27842731956e-08
1.17312467491e-09	1.65380193984e-08
1.1743180876e-09	1.55105532862e-08
1.17551150029e-09	9.99749705244e-09
1.17670491298e-09	1.58173740772e-09
1.17789832567e-09	-7.32231436595e-09
1.17909173836e-09	-1.41626379513e-08
1.18028515105e-09	-1.69771603442e-08
1.18147856374e-09	-1.49587022769e-08
1.18267197644e-09	-8.68888005989e-09
1.18386538913e-09	3.02575464683e-11
1.18505880182e-09	8.68927507724e-09
1.18625221451e-09	1.47994885236e-08
1.1874456272e-09	1.66159925818e-08
1.18863903989e-09	1.36367288572e-08
1.18983245258e-09	6.75639488801e-09
1.19102586527e-09	-2.01237704278e-09
1.19221927796e-09	-1.0118600402e-08
1.19341269065e-09	-1.52224409744e-08
1.19460610334e-09	-1.58724431376e-08
1.19579951603e-09	-1.19106536856e-08
1.19699292872e-09	-4.5177439012e-09
1.19818634141e-09	4.14708711816e-09
1.1993797541e-09	1.15680093282e-08
1.20057316679e-09	1.56005826035e-08
1.20176657949e-09	1.50885708372e-08
1.20295999218e-09	1.01927641882e-08
1.20415340487e-09	2.33996141907e-09
1.20534681756e-09	-6.19012391345e-09
1.20654023025e-09	-1.29301855889e-08
1.20773364294e-09	-1.59360786789e-08
1.20892705563e-09	-1.43509349959e-08
1.21012046832e-09	-8.64705906878e-09
1.21131388101e-09	-4.84625409247e-10
1.2125072937e-09	7.776268518e-09
1.21370070639e-09	1.37540473455e-08
1.21489411908e-09	1.57355980468e-08
1.21608753177e-09	1.31596910036e-08
1.21728094446e-09	6.7760038136e-09
1.21847435715e-09	-1.57141419321e-09
1.21966776985e-09	-9.47676737084e-09
1.22086118254e-09	-1.46591074834e-08
1.22205459523e-09	-1.56186344968e-08
1.22324800792e-09	-1.20724941155e-08
1.22444142061e-09	-5.03502167737e-09
1.2256348333e-09	3.46554202002e-09
1.22682824599e-09	1.0977056597e-08
1.22802165868e-09	1.53334998032e-08
1.22921507137e-09	1.52774619622e-08
1.23040848406e-09	1.08362911977e-08
1.23160189675e-09	3.29449817427e-09
1.23279530944e-09	-5.16419934593e-09
1.23398872213e-09	-1.21066535685e-08
1.23518213482e-09	-1.55468028451e-08
1.23637554751e-09	-1.45134024798e-08
1.23756896021e-09	-9.33440469364e-09
1.2387623729e-09	-1.52182186297e-09
1.23995578559e-09	6.65616334272e-09
1.24114919828e-09	1.2839316943e-08
1.24234261097e-09	1.52560387656e-08
1.24353602366e-09	1.32269073472e-08
1.24472943635e-09	7.36457123063e-09
1.24592284904e-09	-6.13296836927e-10
1.24711626173e-09	-8.38602276509e-09
1.24830967442e-09	-1.36989111166e-08
1.24950308711e-09	-1.50270381694e-08
1.2506964998e-09	-1.20003518234e-08
1.25188991249e-09	-5.514346757e-09
1.25308332518e-09	2.54343177075e-09
1.25427673787e-09	9.84172676688e-09
1.25547015056e-09	1.42767793143e-08
1.25666356326e-09	1.45808848329e-08
1.25785697595e-09	1.06751251172e-08
1.25905038864e-09	3.69513375453e-09
1.26024380133e-09	-4.34464497712e-09
1.26143721402e-09	-1.11238479539e-08
1.26263062671e-09	-1.46872147777e-08
1.2638240394e-09	-1.40068165955e-08
1.26501745209e-09	-9.27799559403e-09
1.26621086478e-09	-1.87073946611e-09
1.26740427747e-09	6.0714693273e-09
1.26859769016e-09	1.22486216725e-08
1.26979110285e-09	1.48713100723e-08
1.27098451554e-09	1.31837885053e-08
1.27217792823e-09	7.67501295851e-09
1.27337134092e-09	-5.75925696022e-11
1.27456475362e-09	-7.78098097065e-09
1.27575816631e-09	-1.32675804787e-08
1.276951579e-09	-1.49415165795e-08
1.27814499169e-09	-1.23273753427e-08
1.27933840438e-09	-6.18607326475e-09
1.28053181707e-09	1.7075612313e-09
1.28172522976e-09	9.07854746934e-09
1.28291864245e-09	1.38069666811e-08
1.28411205514e-09	1.45419557507e-08
1.28530546783e-09	1.10867046654e-08
1.28649888052e-09	4.45958941997e-09
1.28769229321e-09	-3.41447112251e-09
1.2888857059e-09	-1.02530536283e-08
1.29007911859e-09	-1.409158501e-08
1.29127253128e-09	-1.3839577262e-08
1.29246594398e-09	-9.59474710793e-09
1.29365935667e-09	-2.6087041971e-09
1.29485276936e-09	5.09114489455e-09
1.29604618205e-09	1.12757009285e-08
1.29723959474e-09	1.41707348078e-08
1.29843300743e-09	1.29523028969e-08
1.29962642012e-09	7.98465382701e-09
1.30081983281e-09	7.13507641859e-10
1.3020132455e-09	-6.75803168981e-09
1.30320665819e-09	-1.22681109715e-08
1.30440007088e-09	-1.42266353143e-08
1.30559348357e-09	-1.20722937202e-08
1.30678689626e-09	-6.43191977456e-09
1.30798030895e-09	1.05482533819e-09
1.30917372164e-09	8.22062651284e-09
1.31036713433e-09	1.29912520741e-08
1.31156054703e-09	1.39910648622e-08
1.31275395972e-09	1.0938357109e-08
1.31394737241e-09	4.72085576186e-09
1.3151407851e-09	-2.85788348542e-09
1.31633419779e-09	-9.608088547e-09
1.31752761048e-09	-1.35793251088e-08
1.31872102317e-09	-1.36271355311e-08
1.31991443586e-09	-9.74053082636e-09
1.32110784855e-09	-3.04374089821e-09
1.32230126124e-09	4.52537773921e-09
1.32349467393e-09	1.07806813476e-08
1.32468808662e-09	1.39152694922e-08
1.32588149931e-09	1.30290453981e-08
1.327074912e-09	8.38547253856e-09
1.32826832469e-09	1.33515953848e-09
1.32946173739e-09	-6.08005173985e-09
1.33065515008e-09	-1.1720525106e-08
1.33184856277e-09	-1.39674816158e-08
1.33304197546e-09	-1.21900753935e-08
1.33423538815e-09	-6.91809459719e-09
1.33542880084e-09	3.11457359903e-10
1.33662221353e-09	7.40983435721e-09
1.33781562622e-09	1.23330460289e-08
1.33900903891e-09	1.3674500976e-08
1.3402024516e-09	1.10635669515e-08
1.34139586429e-09	5.26907406595e-09
1.34258927698e-09	-2.02376723712e-09
1.34378268967e-09	-8.70518435114e-09
1.34497610236e-09	-1.28448445214e-08
1.34616951505e-09	-1.32567382627e-08
1.34736292775e-09	-9.8308842178e-09
1.34855634044e-09	-3.57213036928e-09
