% time-domain voltage integration by openEMS v0.37.0-rc1-2-g7b051bb @Mon Aug  3 21:16:45 2026
% start-coordinates: (0.00541843,0.0039695,0.00204704) m -> [118,99,48]
% stop-coordinates: (0.00579889,0.0039695,0.00204704) m -> [124,99,48]
% t/s	voltage
0	0
1.19341269065e-12	0
2.3868253813e-12	0
3.58023807195e-12	0
4.7736507626e-12	0
5.96706345326e-12	0
7.16047614391e-12	0
8.35388883456e-12	0
9.54730152521e-12	0
1.07407142159e-11	0
1.19341269065e-11	0
1.31275395972e-11	0
1.43209522878e-11	0
1.55143649785e-11	0
1.67077776691e-11	0
1.79011903598e-11	0
1.90946030504e-11	0
2.02880157411e-11	0
2.14814284317e-11	0
2.26748411224e-11	0
2.3868253813e-11	0
2.50616665037e-11	0
2.62550791943e-11	3.98228410654e-33
2.7448491885e-11	7.02470910153e-30
2.86419045756e-11	1.92241793891e-27
2.98353172663e-11	-9.4346437992e-25
3.10287299569e-11	-3.58722954036e-22
3.22221426476e-11	-3.75476125862e-20
3.34155553382e-11	-1.68417501158e-18
3.46089680289e-11	-3.92387681943e-17
3.58023807195e-11	-5.55377546832e-16
3.69957934102e-11	-5.3867426093e-15
3.81892061008e-11	-3.80535535842e-14
3.93826187915e-11	-2.01567170073e-13
4.05760314821e-11	-8.23338982712e-13
4.17694441728e-11	-2.63496703298e-12
4.29628568634e-11	-6.57463048847e-12
4.41562695541e-11	-1.23140293535e-11
4.53496822447e-11	-1.41936772665e-11
4.65430949354e-11	6.22864607114e-12
4.7736507626e-11	8.98705328906e-11
4.89299203167e-11	3.08724310005e-10
5.01233330073e-11	7.65866502161e-10
5.1316745698e-11	1.57702151338e-09
5.25101583886e-11	2.81609602304e-09
5.37035710793e-11	4.41120501238e-09
5.48969837699e-11	5.98558203002e-09
5.60903964606e-11	6.68107674739e-09
5.72838091513e-11	5.04174552107e-09
5.84772218419e-11	-9.18709719411e-10
5.96706345326e-11	-1.33574196148e-08
6.08640472232e-11	-3.38983070503e-08
6.20574599139e-11	-6.26671843307e-08
6.32508726045e-11	-9.72956453182e-08
6.44442852952e-11	-1.32273394904e-07
6.56376979858e-11	-1.59051976922e-07
6.68311106765e-11	-1.67171844367e-07
6.80245233671e-11	-1.46376059718e-07
6.92179360578e-11	-8.93109373123e-08
7.04113487484e-11	5.81079162565e-09
7.16047614391e-11	1.3332360016e-07
7.27981741297e-11	2.79601508169e-07
7.39915868204e-11	4.24340317551e-07
7.5184999511e-11	5.43609044001e-07
7.63784122017e-11	6.14275748489e-07
7.75718248923e-11	6.18784202544e-07
7.8765237583e-11	5.4911888725e-07
7.99586502736e-11	4.08485728798e-07
8.11520629643e-11	2.10151135605e-07
8.23454756549e-11	-2.63313861826e-08
8.35388883456e-11	-2.79516296331e-07
8.47323010362e-11	-5.2878436918e-07
8.59257137269e-11	-7.53392633612e-07
8.71191264175e-11	-9.28658486998e-07
8.83125391082e-11	-1.02233649102e-06
8.95059517988e-11	-9.96082938798e-07
9.06993644895e-11	-8.15432400714e-07
9.18927771801e-11	-4.67011016525e-07
9.30861898708e-11	2.35331745202e-08
9.42796025614e-11	5.8301949224e-07
9.54730152521e-11	1.09987487207e-06
9.66664279427e-11	1.45236793969e-06
9.78598406334e-11	1.54722590651e-06
9.9053253324e-11	1.35369997167e-06
1.00246666015e-10	9.17490915242e-07
1.01440078705e-10	3.47662211908e-07
1.02633491396e-10	-2.19169404403e-07
1.03826904087e-10	-6.62126602435e-07
1.05020316777e-10	-9.09881187283e-07
1.06213729468e-10	-9.5243670728e-07
1.07407142159e-10	-8.30416915676e-07
1.08600554849e-10	-6.09618545866e-07
1.0979396754e-10	-3.54302716943e-07
1.10987380231e-10	-1.09071127241e-07
1.12180792921e-10	1.05794357275e-07
1.13374205612e-10	2.88070516774e-07
1.14567618303e-10	4.42033400105e-07
1.15761030993e-10	5.67564740095e-07
1.16954443684e-10	6.54368520259e-07
1.18147856374e-10	6.82618626513e-07
1.19341269065e-10	6.29964837628e-07
1.20534681756e-10	4.81892687532e-07
1.21728094446e-10	2.42139737594e-07
1.22921507137e-10	-6.15984188101e-08
1.24114919828e-10	-3.7936911923e-07
1.25308332518e-10	-6.4935459676e-07
1.26501745209e-10	-8.13827604418e-07
1.276951579e-10	-8.36211583533e-07
1.2888857059e-10	-7.12436929007e-07
1.30081983281e-10	-4.73135052914e-07
1.31275395972e-10	-1.74376424411e-07
1.32468808662e-10	1.19181652991e-07
1.33662221353e-10	3.53631783412e-07
1.34855634044e-10	4.99657257791e-07
1.36049046734e-10	5.56527048445e-07
1.37242459425e-10	5.447825977e-07
1.38435872116e-10	4.92036125621e-07
1.39629284806e-10	4.19052838652e-07
1.40822697497e-10	3.3273804334e-07
1.42016110187e-10	2.29021997811e-07
1.43209522878e-10	1.02500604449e-07
1.44402935569e-10	-4.29441642247e-08
1.45596348259e-10	-1.89716786281e-07
1.4678976095e-10	-3.10482665355e-07
1.47983173641e-10	-3.78705223625e-07
1.49176586331e-10	-3.79924401273e-07
1.50369999022e-10	-3.18016308398e-07
1.51563411713e-10	-2.13493528634e-07
1.52756824403e-10	-9.5333130723e-08
1.53950237094e-10	9.51268730454e-09
1.55143649785e-10	8.41922433992e-08
1.56337062475e-10	1.24771443843e-07
1.57530475166e-10	1.37690943092e-07
1.58723887857e-10	1.34160174525e-07
1.59917300547e-10	1.2439421937e-07
1.61110713238e-10	1.14153451136e-07
1.62304125929e-10	1.04162729109e-07
1.63497538619e-10	9.17273315082e-08
1.6469095131e-10	7.33845912926e-08
1.65884364e-10	4.68909000517e-08
1.67077776691e-10	1.24581365224e-08
1.68271189382e-10	-2.70440909667e-08
1.69464602072e-10	-6.61394121693e-08
1.70658014763e-10	-9.74673310949e-08
1.71851427454e-10	-1.13035516947e-07
1.73044840144e-10	-1.06404582922e-07
1.74238252835e-10	-7.51857509584e-08
1.75431665526e-10	-2.3099552271e-08
1.76625078216e-10	3.96331731878e-08
1.77818490907e-10	9.81434036262e-08
1.79011903598e-10	1.36790526462e-07
1.80205316288e-10	1.43739669056e-07
1.81398728979e-10	1.14900522874e-07
1.8259214167e-10	5.55865051766e-08
1.8378555436e-10	-2.03400128962e-08
1.84978967051e-10	-9.39984294845e-08
1.86172379742e-10	-1.46552304514e-07
1.87365792432e-10	-1.64220855581e-07
1.88559205123e-10	-1.41941811194e-07
1.89752617814e-10	-8.42462952733e-08
1.90946030504e-10	-3.41482464528e-09
1.92139443195e-10	8.42680849544e-08
1.93332855885e-10	1.62149795813e-07
1.94526268576e-10	2.15836806206e-07
1.95719681267e-10	2.34233766605e-07
1.96913093957e-10	2.10307561588e-07
1.98106506648e-10	1.42678230119e-07
1.99299919339e-10	3.79645910265e-08
2.00493332029e-10	-8.70831300404e-08
2.0168674472e-10	-2.06781388457e-07
2.02880157411e-10	-2.91651206297e-07
2.04073570101e-10	-3.17497718783e-07
2.05266982792e-10	-2.74268002087e-07
2.06460395483e-10	-1.70980131387e-07
2.07653808173e-10	-3.34982290795e-08
2.08847220864e-10	1.03911126814e-07
2.10040633555e-10	2.10007211621e-07
2.11234046245e-10	2.65642858821e-07
2.12427458936e-10	2.67444262292e-07
2.13620871627e-10	2.25210825988e-07
2.14814284317e-10	1.55726414874e-07
2.16007697008e-10	7.61067733279e-08
2.17201109698e-10	-1.89453785993e-10
2.18394522389e-10	-6.46793427705e-08
2.1958793508e-10	-1.12659765072e-07
2.2078134777e-10	-1.42006532755e-07
2.21974760461e-10	-1.5245740137e-07
2.23168173152e-10	-1.4571662188e-07
2.24361585842e-10	-1.25603611068e-07
2.25554998533e-10	-9.75034826212e-08
2.26748411224e-10	-6.67652768627e-08
2.27941823914e-10	-3.68250261396e-08
2.29135236605e-10	-7.80833409042e-09
2.30328649296e-10	2.31126728312e-08
2.31522061986e-10	5.95050306806e-08
2.32715474677e-10	1.02348531428e-07
2.33908887368e-10	1.47234821668e-07
2.35102300058e-10	1.83810547227e-07
2.36295712749e-10	1.98483478542e-07
2.3748912544e-10	1.7960244314e-07
2.3868253813e-10	1.23230305071e-07
2.39875950821e-10	3.66639167915e-08
2.41069363512e-10	-6.22901832337e-08
2.42262776202e-10	-1.50206556526e-07
2.43456188893e-10	-2.05684147048e-07
2.44649601583e-10	-2.16346029092e-07
2.45843014274e-10	-1.82725001352e-07
2.47036426965e-10	-1.17336953487e-07
2.48229839655e-10	-3.97853598955e-08
2.49423252346e-10	3.01892200127e-08
2.50616665037e-10	7.86883189718e-08
2.51810077727e-10	1.00764638411e-07
2.53003490418e-10	9.97973019778e-08
2.54196903109e-10	8.39804030761e-08
2.55390315799e-10	6.19815505587e-08
2.5658372849e-10	3.97904669214e-08
2.57777141181e-10	1.98001630647e-08
2.58970553871e-10	2.12073997252e-09
2.60163966562e-10	-1.34394798623e-08
2.61357379253e-10	-2.59279742121e-08
2.62550791943e-10	-3.34572556326e-08
2.63744204634e-10	-3.45884889619e-08
2.64937617325e-10	-2.97831794782e-08
2.66131030015e-10	-2.18011797504e-08
2.67324442706e-10	-1.45329487333e-08
2.68517855396e-10	-1.0944993023e-08
2.69711268087e-10	-1.13371947386e-08
2.70904680778e-10	-1.30390542807e-08
2.72098093468e-10	-1.16327767419e-08
2.73291506159e-10	-3.28768051672e-09
2.7448491885e-10	1.31819353766e-08
2.7567833154e-10	3.52882898458e-08
2.76871744231e-10	5.73235423573e-08
2.78065156922e-10	7.21608177656e-08
2.79258569612e-10	7.36482457242e-08
2.80451982303e-10	5.87080624115e-08
2.81645394994e-10	2.87070411886e-08
2.82838807684e-10	-1.07743035327e-08
2.84032220375e-10	-5.12042981349e-08
2.85225633066e-10	-8.34797306837e-08
2.86419045756e-10	-1.00284427873e-07
2.87612458447e-10	-9.78863887724e-08
2.88805871138e-10	-7.67159393789e-08
2.89999283828e-10	-4.10288665265e-08
2.91192696519e-10	2.29873842184e-09
2.9238610921e-10	4.50643335981e-08
2.935795219e-10	7.90892036306e-08
2.94772934591e-10	9.75695826355e-08
2.95966347281e-10	9.63723154612e-08
2.97159759972e-10	7.52814317551e-08
2.98353172663e-10	3.86210401437e-08
2.99546585353e-10	-5.27819138396e-09
3.00739998044e-10	-4.57584961033e-08
3.01933410735e-10	-7.27540196976e-08
3.03126823425e-10	-7.96631516309e-08
3.04320236116e-10	-6.55145404593e-08
3.05513648807e-10	-3.5430642864e-08
3.06707061497e-10	8.78675632254e-10
3.07900474188e-10	3.20688364752e-08
3.09093886879e-10	4.87041815767e-08
3.10287299569e-10	4.63192924016e-08
3.1148071226e-10	2.68284212623e-08
3.12674124951e-10	-2.05081923665e-09
3.13867537641e-10	-2.94613644591e-08
3.15060950332e-10	-4.51564576842e-08
3.16254363023e-10	-4.31285060998e-08
3.17447775713e-10	-2.37501553979e-08
3.18641188404e-10	6.37787517244e-09
3.19834601094e-10	3.68152086594e-08
3.21028013785e-10	5.70425831015e-08
3.22221426476e-10	6.00817400276e-08
3.23414839166e-10	4.48103700812e-08
3.24608251857e-10	1.61093753892e-08
3.25801664548e-10	-1.69488263424e-08
3.26995077238e-10	-4.42031309333e-08
3.28188489929e-10	-5.75842213912e-08
3.2938190262e-10	-5.35258588563e-08
3.3057531531e-10	-3.38201195937e-08
3.31768728001e-10	-4.89881729626e-09
3.32962140692e-10	2.42950268792e-08
3.34155553382e-10	4.505420792e-08
3.35348966073e-10	5.14175306776e-08
3.36542378764e-10	4.18582617456e-08
3.37735791454e-10	1.9486015912e-08
3.38929204145e-10	-8.98633256696e-09
3.40122616836e-10	-3.52433033868e-08
3.41316029526e-10	-5.16759874891e-08
3.42509442217e-10	-5.33698787386e-08
3.43702854908e-10	-3.94452781549e-08
3.44896267598e-10	-1.3357037032e-08
3.46089680289e-10	1.78232621995e-08
3.47283092979e-10	4.52375630289e-08
3.4847650567e-10	6.06601000541e-08
3.49669918361e-10	5.90771556119e-08
3.50863331051e-10	4.04237194829e-08
3.52056743742e-10	9.8492854983e-09
3.53250156433e-10	-2.37384965018e-08
3.54443569123e-10	-5.04924515532e-08
3.55636981814e-10	-6.2808322987e-08
3.56830394505e-10	-5.7630212158e-08
3.58023807195e-10	-3.73064321657e-08
3.59217219886e-10	-8.4353829477e-09
3.60410632577e-10	2.0357380448e-08
3.61604045267e-10	4.12532905614e-08
3.62797457958e-10	4.93977583282e-08
3.63990870649e-10	4.39882152925e-08
3.65184283339e-10	2.80665419794e-08
3.6637769603e-10	7.1831642301e-09
3.67571108721e-10	-1.23930947726e-08
3.68764521411e-10	-2.54509007203e-08
3.69957934102e-10	-2.91244601769e-08
3.71151346792e-10	-2.3373453617e-08
3.72344759483e-10	-1.07582582842e-08
3.73538172174e-10	4.39177910705e-09
3.74731584864e-10	1.72080978356e-08
3.75924997555e-10	2.35311032881e-08
3.77118410246e-10	2.10980655169e-08
3.78311822936e-10	1.01929038543e-08
3.79505235627e-10	-6.2441691262e-09
3.80698648318e-10	-2.33513781644e-08
3.81892061008e-10	-3.56538794044e-08
3.83085473699e-10	-3.87213612285e-08
3.8427888639e-10	-3.05915492937e-08
3.8547229908e-10	-1.25893240277e-08
3.86665711771e-10	1.09200636311e-08
3.87859124462e-10	3.36429906156e-08
3.89052537152e-10	4.91689879922e-08
3.90245949843e-10	5.28343986339e-08
3.91439362534e-10	4.31162594516e-08
3.92632775224e-10	2.2170134395e-08
3.93826187915e-10	-4.76882017209e-09
3.95019600606e-10	-3.07855347881e-08
3.96213013296e-10	-4.92406444508e-08
3.97406425987e-10	-5.55041022032e-08
3.98599838677e-10	-4.81916395678e-08
3.99793251368e-10	-2.93648356742e-08
4.00986664059e-10	-3.93212196137e-09
4.02180076749e-10	2.16855646773e-08
4.0337348944e-10	4.11389318167e-08
4.04566902131e-10	4.96841350284e-08
4.05760314821e-10	4.53491755259e-08
4.06953727512e-10	2.94777666721e-08
4.08147140203e-10	6.48017428606e-09
4.09340552893e-10	-1.7213789727e-08
4.10533965584e-10	-3.49365070207e-08
4.11727378275e-10	-4.17190366697e-08
4.12920790965e-10	-3.59128167204e-08
4.14114203656e-10	-1.97848433192e-08
4.15307616347e-10	1.16320472698e-09
4.16501029037e-10	1.99886274199e-08
4.17694441728e-10	3.06319867249e-08
4.18887854419e-10	2.99199989229e-08
4.20081267109e-10	1.85849891032e-08
4.212746798e-10	9.23356363591e-10
4.2246809249e-10	-1.67028126885e-08
4.23661505181e-10	-2.79795029368e-08
4.24854917872e-10	-2.87261094911e-08
4.26048330562e-10	-1.82062014353e-08
4.27241743253e-10	6.1328175871e-10
4.28435155944e-10	2.19445859262e-08
4.29628568634e-10	3.8952468806e-08
4.30821981325e-10	4.57986666369e-08
4.32015394016e-10	3.94688988159e-08
4.33208806706e-10	2.07367634175e-08
4.34402219397e-10	-5.94539362186e-09
4.35595632088e-10	-3.36360288511e-08
4.36789044778e-10	-5.48229213138e-08
4.37982457469e-10	-6.34943986277e-08
4.3917587016e-10	-5.68529223699e-08
4.4036928285e-10	-3.61004799387e-08
4.41562695541e-10	-6.19774831456e-09
4.42756108232e-10	2.5429553574e-08
4.43949520922e-10	5.08353528161e-08
4.45142933613e-10	6.36556287681e-08
4.46336346304e-10	6.08217316511e-08
4.47529758994e-10	4.34072373601e-08
4.48723171685e-10	1.63491475913e-08
4.49916584375e-10	-1.28852739589e-08
4.51109997066e-10	-3.63882777243e-08
4.52303409757e-10	-4.80584585461e-08
4.53496822447e-10	-4.53611037621e-08
4.54690235138e-10	-3.0039616572e-08
4.55883647829e-10	-7.51006035138e-09
4.57077060519e-10	1.48926617705e-08
4.5827047321e-10	3.02476044212e-08
4.59463885901e-10	3.42033423806e-08
4.60657298591e-10	2.62374919568e-08
4.61850711282e-10	9.6189352039e-09
4.63044123973e-10	-9.83248249486e-09
4.64237536663e-10	-2.56859808978e-08
4.65430949354e-10	-3.29302713986e-08
4.66624362045e-10	-2.9382646094e-08
4.67817774735e-10	-1.62056088548e-08
4.69011187426e-10	2.58427640398e-09
4.70204600117e-10	2.13706867758e-08
4.71398012807e-10	3.4561872031e-08
4.72591425498e-10	3.81781193326e-08
4.73784838188e-10	3.09553485067e-08
4.74978250879e-10	1.47150963636e-08
4.7617166357e-10	-6.12958178658e-09
4.7736507626e-10	-2.57930412584e-08
4.78558488951e-10	-3.8717212103e-08
4.79751901642e-10	-4.11268734624e-08
4.80945314332e-10	-3.21053663654e-08
4.82138727023e-10	-1.38835437591e-08
4.83332139714e-10	8.68327043602e-09
4.84525552404e-10	2.93978634769e-08
4.85718965095e-10	4.23839430219e-08
4.86912377786e-10	4.37535661035e-08
4.88105790476e-10	3.28263953797e-08
4.89299203167e-10	1.24667044465e-08
4.90492615858e-10	-1.15932065059e-08
4.91686028548e-10	-3.2390440996e-08
4.92879441239e-10	-4.38288330074e-08
4.9407285393e-10	-4.26002961795e-08
4.9526626662e-10	-2.92369024546e-08
4.96459679311e-10	-7.91351706386e-09
4.97653092001e-10	1.4907235002e-08
4.98846504692e-10	3.25556035463e-08
5.00039917383e-10	4.01634614455e-08
5.01233330073e-10	3.60242351505e-08
5.02426742764e-10	2.18886899717e-08
5.03620155455e-10	2.23893367735e-09
5.04813568145e-10	-1.71197382937e-08
5.06006980836e-10	-3.07297671753e-08
5.07200393527e-10	-3.49271838118e-08
5.08393806217e-10	-2.87535604215e-08
5.09587218908e-10	-1.41516326435e-08
5.10780631599e-10	4.59839832878e-09
5.11974044289e-10	2.20487914593e-08
5.1316745698e-10	3.31065823644e-08
5.14360869671e-10	3.44739108371e-08
5.15554282361e-10	2.56452239444e-08
5.16747695052e-10	9.10166531032e-09
5.17941107743e-10	-1.03614795632e-08
5.19134520433e-10	-2.69924562701e-08
5.20327933124e-10	-3.57903049419e-08
5.21521345815e-10	-3.40052377368e-08
5.22714758505e-10	-2.20089235725e-08
5.23908171196e-10	-3.26809038165e-09
5.25101583886e-10	1.6645507861e-08
5.26294996577e-10	3.16881219042e-08
5.27488409268e-10	3.71940429567e-08
5.28681821958e-10	3.13557730891e-08
5.29875234649e-10	1.58411308515e-08
5.3106864734e-10	-4.65715505049e-09
5.3226206003e-10	-2.38582957834e-08
5.33455472721e-10	-3.58636231823e-08
5.34648885412e-10	-3.69998187644e-08
5.35842298102e-10	-2.6968715483e-08
5.37035710793e-10	-8.86509465836e-09
5.38229123484e-10	1.18553491468e-08
5.39422536174e-10	2.91116857287e-08
5.40615948865e-10	3.80398184063e-08
5.41809361556e-10	3.63286671856e-08
5.43002774246e-10	2.47266664921e-08
5.44196186937e-10	6.65497457142e-09
5.45389599628e-10	-1.28775669017e-08
5.46583012318e-10	-2.86439629793e-08
5.47776425009e-10	-3.65451104933e-08
5.48969837699e-10	-3.45989543682e-08
5.5016325039e-10	-2.3414158612e-08
5.51356663081e-10	-6.05184508062e-09
5.52550075771e-10	1.27339347955e-08
5.53743488462e-10	2.7732384833e-08
5.54936901153e-10	3.47286048807e-08
5.56130313843e-10	3.17400292715e-08
5.57323726534e-10	1.96866980495e-08
5.58517139225e-10	2.15528830894e-09
5.59710551915e-10	-1.56233861404e-08
5.60903964606e-10	-2.83724068684e-08
5.62097377297e-10	-3.23664672841e-08
5.63290789987e-10	-2.65382162912e-08
5.64484202678e-10	-1.27913230008e-08
5.65677615369e-10	4.62575400206e-09
5.66871028059e-10	2.04081518351e-08
5.6806444075e-10	2.97931810334e-08
5.69257853441e-10	3.00038269785e-08
5.70451266131e-10	2.10625190622e-08
5.71644678822e-10	5.79826647806e-09
5.72838091513e-10	-1.10530227193e-08
5.74031504203e-10	-2.43177389336e-08
5.75224916894e-10	-2.99954536764e-08
5.76418329584e-10	-2.64784514314e-08
5.77611742275e-10	-1.49655641213e-08
5.78805154966e-10	9.91340676215e-10
5.79998567656e-10	1.66552729386e-08
5.81191980347e-10	2.75176659237e-08
5.82385393038e-10	3.05515039933e-08
5.83578805728e-10	2.49432305921e-08
5.84772218419e-10	1.220935264e-08
5.8596563111e-10	-4.26441709722e-09
5.871590438e-10	-2.0091757813e-08
5.88352456491e-10	-3.0982823862e-08
5.89545869182e-10	-3.38292283075e-08
5.90739281872e-10	-2.75812355177e-08
5.91932694563e-10	-1.36353193181e-08
5.93126107254e-10	4.40322839301e-09
5.94319519944e-10	2.16193509761e-08
5.95512932635e-10	3.31665090947e-08
5.96706345326e-10	3.56899865217e-08
5.97899758016e-10	2.83983561111e-08
5.99093170707e-10	1.3356589168e-08
6.00286583397e-10	-5.08676656352e-09
6.01479996088e-10	-2.15827107297e-08
6.02673408779e-10	-3.13864996215e-08
6.03866821469e-10	-3.17704267339e-08
6.0506023416e-10	-2.28235239597e-08
6.06253646851e-10	-7.41366357193e-09
6.07447059541e-10	9.70530178446e-09
6.08640472232e-10	2.3333962762e-08
6.09833884923e-10	2.94016955227e-08
6.11027297613e-10	2.62057608946e-08
6.12220710304e-10	1.48877172812e-08
6.13414122995e-10	-9.45055644852e-10
6.14607535685e-10	-1.6383763235e-08
6.15800948376e-10	-2.674783528e-08
6.16994361067e-10	-2.89989610103e-08
6.18187773757e-10	-2.26037359941e-08
6.19381186448e-10	-9.58487567093e-09
6.20574599139e-10	6.16620998706e-09
6.21768011829e-10	2.00850527321e-08
6.2296142452e-10	2.82275727237e-08
6.24154837211e-10	2.83247461041e-08
6.25348249901e-10	2.03507737329e-08
6.26541662592e-10	6.49847592404e-09
6.27735075282e-10	-9.39153299573e-09
6.28928487973e-10	-2.28378800315e-08
6.30121900664e-10	-2.99131017734e-08
6.31315313354e-10	-2.83803762713e-08
6.32508726045e-10	-1.84177300078e-08
6.33702138736e-10	-2.69614655601e-09
6.34895551426e-10	1.4287550254e-08
6.36088964117e-10	2.75117617576e-08
6.37282376808e-10	3.29380949182e-08
6.38475789498e-10	2.88047889985e-08
6.39669202189e-10	1.62085194155e-08
6.4086261488e-10	-1.2085478035e-09
6.4205602757e-10	-1.83575405988e-08
6.43249440261e-10	-3.02604656888e-08
6.44442852952e-10	-3.35381051819e-08
6.45636265642e-10	-2.73760842884e-08
6.46829678333e-10	-1.37318126869e-08
6.48023091024e-10	3.31912575202e-09
6.49216503714e-10	1.88014903646e-08
6.50409916405e-10	2.8321684109e-08
6.51603329095e-10	2.9337744456e-08
6.52796741786e-10	2.1852725185e-08
6.53990154477e-10	8.3571088938e-09
6.55183567167e-10	-6.99285473971e-09
6.56376979858e-10	-1.96414065012e-08
6.57570392549e-10	-2.5989960184e-08
6.58763805239e-10	-2.44002136274e-08
6.5995721793e-10	-1.55780190969e-08
6.61150630621e-10	-2.27625404636e-09
6.62344043311e-10	1.15627557529e-08
6.63537456002e-10	2.19407647606e-08
6.64730868693e-10	2.58921337704e-08
6.65924281383e-10	2.22850486953e-08
6.67117694074e-10	1.2116368131e-08
6.68311106765e-10	-1.74349829019e-09
6.69504519455e-10	-1.53218497889e-08
6.70697932146e-10	-2.46541971283e-08
6.71891344837e-10	-2.69391766672e-08
6.73084757527e-10	-2.14054234338e-08
6.74278170218e-10	-9.60388524263e-09
6.75471582909e-10	5.01970326416e-09
6.76664995599e-10	1.81327366455e-08
6.7785840829e-10	2.5840674045e-08
6.7905182098e-10	2.58605734604e-08
6.80245233671e-10	1.82004817884e-08
6.81438646362e-10	5.13420200798e-09
6.82632059052e-10	-9.50861800408e-09
6.83825471743e-10	-2.14732587267e-08
6.85018884434e-10	-2.73146425478e-08
6.86212297124e-10	-2.535712329e-08
6.87405709815e-10	-1.61555087086e-08
6.88599122506e-10	-2.3111753622e-09
6.89792535196e-10	1.22571308658e-08
6.90985947887e-10	2.34326866799e-08
6.92179360578e-10	2.80654792739e-08
6.93372773268e-10	2.48753988519e-08
6.94566185959e-10	1.48209449158e-08
6.9575959865e-10	8.1071879765e-10
6.9695301134e-10	-1.31566920691e-08
6.98146424031e-10	-2.31535328687e-08
6.99339836722e-10	-2.64644985926e-08
7.00533249412e-10	-2.23214871031e-08
7.01726662103e-10	-1.20766349143e-08
7.02920074793e-10	1.23017121489e-09
7.04113487484e-10	1.37769321507e-08
7.05306900175e-10	2.20174189991e-08
7.06500312865e-10	2.3674345373e-08
7.07693725556e-10	1.83463668701e-08
7.08887138247e-10	7.61994256582e-09
7.10080550937e-10	-5.36812982954e-09
7.11273963628e-10	-1.68149192348e-08
7.12467376319e-10	-2.33390409221e-08
7.13660789009e-10	-2.2986048176e-08
7.148542017e-10	-1.58289206187e-08
7.16047614391e-10	-3.96904734079e-09
7.17241027081e-10	9.07412989193e-09
7.18434439772e-10	1.9429465592e-08
7.19627852463e-10	2.4031270085e-08
7.20821265153e-10	2.15348630039e-08
7.22014677844e-10	1.27017225626e-08
7.23208090535e-10	1.47653667071e-10
7.24401503225e-10	-1.24332540929e-08
7.25594915916e-10	-2.13527364679e-08
7.26788328607e-10	-2.39868951368e-08
7.27981741297e-10	-1.9533152873e-08
7.29175153988e-10	-9.24704279814e-09
7.30368566678e-10	3.90045035159e-09
7.31561979369e-10	1.60725821541e-08
7.3275539206e-10	2.36742543347e-08
7.3394880475e-10	2.44206093125e-08
7.35142217441e-10	1.80170223185e-08
7.36335630132e-10	6.26427276718e-09
7.37529042822e-10	-7.47535500167e-09
7.38722455513e-10	-1.92630733586e-08
7.39915868204e-10	-2.57388907965e-08
7.41109280894e-10	-2.50785161526e-08
7.42302693585e-10	-1.74977758949e-08
7.43496106276e-10	-5.16762638236e-09
7.44689518966e-10	8.42511571619e-09
7.45882931657e-10	1.94554272692e-08
7.47076344348e-10	2.48499885114e-08
7.48269757038e-10	2.31420753671e-08
7.49463169729e-10	1.49024285134e-08
7.5065658242e-10	2.57801016645e-09
7.5184999511e-10	-1.02108398403e-08
7.53043407801e-10	-1.97302156835e-08
7.54236820491e-10	-2.32355765739e-08
7.55430233182e-10	-1.97897465082e-08
7.56623645873e-10	-1.05201185541e-08
7.57817058563e-10	1.73410347193e-09
7.59010471254e-10	1.32998706492e-08
7.60203883945e-10	2.07683290565e-08
7.61397296635e-10	2.19902998033e-08
7.62590709326e-10	1.66778419963e-08
7.63784122017e-10	6.44504544178e-09
7.64977534707e-10	-5.68500985176e-09
7.66170947398e-10	-1.61718032299e-08
7.67364360089e-10	-2.19691302927e-08
7.68557772779e-10	-2.13982851438e-08
7.6975118547e-10	-1.46249535815e-08
7.70944598161e-10	-3.6194130193e-09
7.72138010851e-10	8.40560954174e-09
7.73331423542e-10	1.79236161468e-08
7.74524836233e-10	2.21309917059e-08
7.75718248923e-10	1.97737930474e-08
7.76911661614e-10	1.15375150544e-08
7.78105074305e-10	-1.60371188551e-10
7.79298486995e-10	-1.18803461513e-08
7.80491899686e-10	-2.01823491253e-08
7.81685312376e-10	-2.26391310143e-08
7.82878725067e-10	-1.85335573555e-08
7.84072137758e-10	-9.05291897002e-09
7.85265550448e-10	3.07518116527e-09
7.86458963139e-10	1.43822763699e-08
7.8765237583e-10	2.16512776596e-08
7.8884578852e-10	2.28314749329e-08
7.90039201211e-10	1.7610274794e-08
7.91232613902e-10	7.49147893719e-09
7.92426026592e-10	-4.63599958422e-09
7.93619439283e-10	-1.53307349038e-08
7.94812851974e-10	-2.15794617731e-08
7.96006264664e-10	-2.16688254007e-08
7.97199677355e-10	-1.56624457848e-08
7.98393090046e-10	-5.37694166969e-09
7.99586502736e-10	6.16886991489e-09
8.00779915427e-10	1.56354980074e-08
8.01973328118e-10	2.03343539784e-08
8.03166740808e-10	1.89906828041e-08
8.04360153499e-10	1.20876320064e-08
8.05553566189e-10	1.70466654681e-09
8.0674697888e-10	-9.09792263748e-09
8.07940391571e-10	-1.71643592672e-08
8.09133804261e-10	-2.01484999796e-08
8.10327216952e-10	-1.71894658507e-08
8.11520629643e-10	-9.16218456659e-09
8.12714042333e-10	1.57930658828e-09
8.13907455024e-10	1.18793882509e-08
8.15100867715e-10	1.87159610032e-08
8.16294280405e-10	2.00881182799e-08
8.17487693096e-10	1.56053312494e-08
8.18681105787e-10	6.59782817269e-09
8.19874518477e-10	-4.28966917543e-09
8.21067931168e-10	-1.38850225762e-08
8.22261343859e-10	-1.94129059494e-08
8.23454756549e-10	-1.92975815327e-08
8.2464816924e-10	-1.35963246217e-08
8.25841581931e-10	-3.96885241338e-09
8.27034994621e-10	6.8016391408e-09
8.28228407312e-10	1.56088788561e-08
8.29421820002e-10	1.9904180748e-08
8.30615232693e-10	1.84261881309e-08
8.31808645384e-10	1.15764587916e-08
8.33002058074e-10	1.31053912167e-09
8.34195470765e-10	-9.41432043433e-09
8.35388883456e-10	-1.74932985875e-08
8.36582296146e-10	-2.05893087024e-08
8.37775708837e-10	-1.78079020419e-08
8.38969121528e-10	-9.96676197129e-09
8.40162534218e-10	6.57571150309e-10
8.41355946909e-10	1.10034475975e-08
8.425493596e-10	1.81178461123e-08
8.4374277229e-10	2.00060661371e-08
8.44936184981e-10	1.61948725541e-08
8.46129597672e-10	7.84247911056e-09
8.47323010362e-10	-2.60619889558e-09
8.48516423053e-10	-1.21300670619e-08
8.49709835744e-10	-1.80020947038e-08
8.50903248434e-10	-1.85639261741e-08
8.52096661125e-10	-1.37039133374e-08
8.53290073816e-10	-4.88536827659e-09
8.54483486506e-10	5.28341770334e-09
8.55676899197e-10	1.38113982473e-08
8.56870311887e-10	1.82058306208e-08
8.58063724578e-10	1.7207641978e-08
8.59257137269e-10	1.11463189789e-08
8.60450549959e-10	1.8388053441e-09
8.6164396265e-10	-7.97210997217e-09
8.62837375341e-10	-1.54230754834e-08
8.64030788031e-10	-1.83661548192e-08
8.65224200722e-10	-1.59821467172e-08
8.66417613413e-10	-8.98864971344e-09
8.67611026103e-10	5.71563144036e-10
8.68804438794e-10	9.93487092593e-09
8.69997851485e-10	1.64001647818e-08
8.71191264175e-10	1.81020332057e-08
8.72384676866e-10	1.45501367621e-08
8.73578089557e-10	6.76858774584e-09
8.74771502247e-10	-2.98116165087e-09
8.75964914938e-10	-1.18606512389e-08
8.77158327629e-10	-1.7275776143e-08
8.78351740319e-10	-1.76403216479e-08
8.7954515301e-10	-1.2848417219e-08
8.807385657e-10	-4.29676627611e-09
8.81931978391e-10	5.52307255486e-09
8.83125391082e-10	1.37631792629e-08
8.84318803772e-10	1.80480970169e-08
8.85512216463e-10	1.71577922981e-08
8.86705629154e-10	1.13670864943e-08
8.87899041844e-10	2.36068520287e-09
8.89092454535e-10	-7.26770776893e-09
8.90285867226e-10	-1.47578151921e-08
8.91479279916e-10	-1.79784236387e-08
8.92672692607e-10	-1.60446969044e-08
8.93866105298e-10	-9.55782331058e-09
8.95059517988e-10	-4.36086944333e-10
8.96252930679e-10	8.66464311411e-09
8.9744634337e-10	1.51258573444e-08
8.9863975606e-10	1.71270206906e-08
8.99833168751e-10	1.41663539788e-08
9.01026581442e-10	7.17728199096e-09
9.02219994132e-10	-1.76468793744e-09
9.03413406823e-10	-1.00562326244e-08
9.04606819514e-10	-1.53209664955e-08
9.05800232204e-10	-1.60738198307e-08
9.06993644895e-10	-1.21334700065e-08
9.08187057585e-10	-4.66372257479e-09
9.09380470276e-10	4.1662049366e-09
9.10573882967e-10	1.17932846821e-08
9.11767295657e-10	1.59979574033e-08
9.12960708348e-10	1.55489483511e-08
9.14154121039e-10	1.05644140103e-08
9.15347533729e-10	2.49486653559e-09
9.1654094642e-10	-6.30084484587e-09
9.17734359111e-10	-1.32456969837e-08
9.18927771801e-10	-1.63049456159e-08
9.20121184492e-10	-1.45910500349e-08
9.21314597183e-10	-8.61710292011e-09
9.22508009873e-10	-1.39813952083e-10
9.23701422564e-10	8.36284919092e-09
9.24894835255e-10	1.44233068822e-08
9.26088247945e-10	1.62951752092e-08
9.27281660636e-10	1.34525514062e-08
9.28475073327e-10	6.73552785768e-09
9.29668486017e-10	-1.90746735074e-09
9.30861898708e-10	-9.97489235655e-09
9.32055311398e-10	-1.51423755756e-08
9.33248724089e-10	-1.59279629486e-08
9.3444213678e-10	-1.21177737844e-08
9.3563554947e-10	-4.83060647039e-09
9.36828962161e-10	3.81999187837e-09
9.38022374852e-10	1.13362769172e-08
9.39215787542e-10	1.55704922289e-08
9.40409200233e-10	1.53415494752e-08
9.41602612924e-10	1.07632283086e-08
9.42796025614e-10	3.19774362545e-09
9.43989438305e-10	-5.15800213652e-09
9.45182850996e-10	-1.19093025441e-08
9.46376263686e-10	-1.51475838539e-08
9.47569676377e-10	-1.39888058914e-08
9.48763089068e-10	-8.81096406946e-09
9.49956501758e-10	-1.13701204008e-09
9.51149914449e-10	6.79856537733e-09
9.5234332714e-10	1.26997875549e-08
9.5353673983e-10	1.48613830131e-08
9.54730152521e-10	1.26703491032e-08
9.55923565212e-10	6.78684386468e-09
9.57116977902e-10	-1.05231166836e-09
9.58310390593e-10	-8.53662218692e-09
9.59503803283e-10	-1.3470809801e-08
9.60697215974e-10	-1.44180395401e-08
9.61890628665e-10	-1.11154443427e-08
9.63084041355e-10	-4.5488560696e-09
9.64277454046e-10	3.35401356688e-09
9.65470866737e-10	1.02875234997e-08
9.66664279427e-10	1.42391332059e-08
9.67857692118e-10	1.40762439482e-08
9.69051104809e-10	9.85584658331e-09
9.70244517499e-10	2.81495493581e-09
9.7143793019e-10	-4.99858154868e-09
9.72631342881e-10	-1.1320729687e-08
9.73824755571e-10	-1.4323182751e-08
9.75018168262e-10	-1.31551863847e-08
9.76211580953e-10	-8.17509859807e-09
9.77404993643e-10	-8.50127926388e-10
9.78598406334e-10	6.68829458483e-09
9.79791819025e-10	1.22665463342e-08
9.80985231715e-10	1.42960013827e-08
9.82178644406e-10	1.2229299684e-08
9.83372057096e-10	6.69199778924e-09
9.84565469787e-10	-7.00142603616e-10
9.85758882478e-10	-7.8237812895e-09
9.86952295168e-10	-1.26467751826e-08
9.88145707859e-10	-1.38084363943e-08
9.8933912055e-10	-1.09994034991e-08
9.9053253324e-10	-5.04617292396e-09
9.91725945931e-10	2.32503549746e-09
9.92919358622e-10	8.99035124124e-09
9.94112771312e-10	1.3032758428e-08
9.95306184003e-10	1.33085286125e-08
9.96499596694e-10	9.76651670648e-09
9.97693009384e-10	3.46769105097e-09
9.98886422075e-10	-3.73479097648e-09
1.00007983477e-09	-9.74531622067e-09
1.00127324746e-09	-1.28287770407e-08
1.00246666015e-09	-1.21247781815e-08
1.00366007284e-09	-7.87298659599e-09
1.00485348553e-09	-1.34260176587e-09
1.00604689822e-09	5.55087387166e-09
1.00724031091e-09	1.08037152557e-08
1.0084337236e-09	1.28985402359e-08
1.00962713629e-09	1.12419246134e-08
1.01082054898e-09	6.32777447107e-09
1.01201396167e-09	-4.06880126813e-10
1.01320737436e-09	-7.00174085377e-09
1.01440078705e-09	-1.15399865219e-08
1.01559419974e-09	-1.27073856993e-08
1.01678761243e-09	-1.01716971512e-08
1.01798102513e-09	-4.67782240721e-09
1.01917443782e-09	2.1720618637e-09
1.02036785051e-09	8.39226110827e-09
1.0215612632e-09	1.2189012244e-08
1.02275467589e-09	1.24832824078e-08
1.02394808858e-09	9.21418530364e-09
1.02514150127e-09	3.3456344084e-09
1.02633491396e-09	-3.41633424328e-09
1.02752832665e-09	-9.12709363643e-09
1.02872173934e-09	-1.2153663187e-08
1.02991515203e-09	-1.16455953769e-08
1.03110856472e-09	-7.77105957361e-09
1.03230197741e-09	-1.66048240435e-09
1.0334953901e-09	4.91467955221e-09
1.03468880279e-09	1.00615480392e-08
1.03588221549e-09	1.23053773837e-08
1.03707562818e-09	1.10165497835e-08
1.03826904087e-09	6.59144100412e-09
1.03946245356e-09	3.25546298252e-10
1.04065586625e-09	-5.96063576275e-09
1.04184927894e-09	-1.04593470551e-08
1.04304269163e-09	-1.18931424709e-08
1.04423610432e-09	-9.87926307428e-09
1.04542951701e-09	-5.03070513025e-09
1.0466229297e-09	1.22989098073e-09
1.04781634239e-09	7.08739372746e-09
1.04900975508e-09	1.08550980427e-08
1.05020316777e-09	1.14610591018e-08
1.05139658046e-09	8.75461059202e-09
1.05258999315e-09	3.54311258111e-09
1.05378340584e-09	-2.63757754526e-09
1.05497681854e-09	-7.97942467656e-09
1.05617023123e-09	-1.09248879943e-08
1.05736364392e-09	-1.06250727105e-08
1.05855705661e-09	-7.185702533e-09
1.0597504693e-09	-1.62737388842e-09
1.06094388199e-09	4.41555619846e-09
1.06213729468e-09	9.18047171616e-09
1.06333070737e-09	1.12887086345e-08
1.06452412006e-09	1.01420859488e-08
1.06571753275e-09	6.08773520483e-09
1.06691094544e-09	3.0991940958e-10
1.06810435813e-09	-5.51920209535e-09
1.06929777082e-09	-9.72101232843e-09
1.07049118351e-09	-1.10943749743e-08
1.0716845962e-09	-9.2591829759e-09
1.0728780089e-09	-4.75847450332e-09
1.07407142159e-09	1.09599744558e-09
1.07526483428e-09	6.61226079446e-09
1.07645824697e-09	1.02043991035e-08
1.07765165966e-09	1.0852302057e-08
1.07884507235e-09	8.39497960037e-09
1.08003848504e-09	3.56451168582e-09
1.08123189773e-09	-2.22667884131e-09
1.08242531042e-09	-7.30654947656e-09
1.08361872311e-09	-1.02219249731e-08
1.0848121358e-09	-1.01546075992e-08
1.08600554849e-09	-7.15076065028e-09
1.08719896118e-09	-2.09435147003e-09
1.08839237387e-09	3.54825818727e-09
1.08958578656e-09	8.15438283563e-09
1.09077919926e-09	1.0410601714e-08
1.09197261195e-09	9.68474156426e-09
1.09316602464e-09	6.20745732594e-09
1.09435943733e-09	1.00228197963e-09
1.09555285002e-09	-4.41572461929e-09
1.09674626271e-09	-8.47676007165e-09
1.0979396754e-09	-1.00175651108e-08
1.09913308809e-09	-8.61534643626e-09
1.10032650078e-09	-4.70671179809e-09
1.10151991347e-09	5.44545034065e-10
1.10271332616e-09	5.59698276614e-09
1.10390673885e-09	8.98193919241e-09
1.10510015154e-09	9.72976565983e-09
1.10629356423e-09	7.64805174747e-09
1.10748697692e-09	3.363304385e-09
1.10868038961e-09	-1.86335474828e-09
1.10987380231e-09	-6.50898490662e-09
1.111067215e-09	-9.23117082774e-09
1.11226062769e-09	-9.24779652856e-09
1.11345404038e-09	-6.56599447035e-09
1.11464745307e-09	-1.96976626676e-09
1.11584086576e-09	3.20725437875e-09
1.11703427845e-09	7.46908823679e-09
1.11822769114e-09	9.59420221047e-09
1.11942110383e-09	8.98260288373e-09
1.12061451652e-09	5.82644332781e-09
1.12180792921e-09	1.0494582009e-09
1.1230013419e-09	-3.96873189867e-09
1.12419475459e-09	-7.78929565293e-09
1.12538816728e-09	-9.32860744207e-09
1.12658157997e-09	-8.1645831207e-09
1.12777499267e-09	-4.65051203102e-09
1.12896840536e-09	1.8946107877e-10
1.13016181805e-09	4.95712548787e-09
1.13135523074e-09	8.28384150164e-09
1.13254864343e-09	9.21909648621e-09
1.13374205612e-09	7.50820455808e-09
1.13493546881e-09	3.65944463621e-09
1.1361288815e-09	-1.20333300269e-09
1.13732229419e-09	-5.66852964567e-09
1.13851570688e-09	-8.45138203864e-09
1.13970911957e-09	-8.76146832862e-09
1.14090253226e-09	-6.53275022966e-09
1.14209594495e-09	-2.43185566129e-09
1.14328935764e-09	2.34040908875e-09
1.14448277033e-09	6.40253811079e-09
1.14567618303e-09	8.59286342081e-09
1.14686959572e-09	8.30112989458e-09
1.14806300841e-09	5.63804619658e-09
1.1492564211e-09	1.39821472456e-09
1.15044983379e-09	-3.177228175e-09
1.15164324648e-09	-6.76013978129e-09
1.15283665917e-09	-8.31932489564e-09
1.15403007186e-09	-7.42025152434e-09
1.15522348455e-09	-4.34133567984e-09
1.15641689724e-09	5.16337667067e-12
1.15761030993e-09	4.34723690379e-09
1.15880372262e-09	7.42302597168e-09
1.15999713531e-09	8.34550850648e-09
1.161190548e-09	6.85949047563e-09
1.16238396069e-09	3.40634254137e-09
1.16357737338e-09	-1.00652184504e-09
1.16477078608e-09	-5.10213998828e-09
1.16596419877e-09	-7.70420049978e-09
1.16715761146e-09	-8.07227229505e-09
1.16835102415e-09	-6.11283190732e-09
1.16954443684e-09	-2.40061245882e-09
1.17073784953e-09	1.98970581677e-09
1.17193126222e-09	5.79458026007e-09
1.17312467491e-09	7.92600041155e-09
1.1743180876e-09	7.78291853187e-09
1.17551150029e-09	5.42262384995e-09
1.17670491298e-09	1.5405620668e-09
1.17789832567e-09	-2.73281614005e-09
1.17909173836e-09	-6.16326589764e-09
1.18028515105e-09	-7.76751074572e-09
1.18147856374e-09	-7.09920100483e-09
1.18267197644e-09	-4.37039149315e-09
1.18386538913e-09	-3.86148557574e-10
1.18505880182e-09	3.69425640079e-09
1.18625221451e-09	6.6945766708e-09
1.1874456272e-09	7.76128505908e-09
1.18863903989e-09	6.60423438159e-09
1.18983245258e-09	3.57711646415e-09
1.19102586527e-09	-4.33588387416e-10
1.19221927796e-09	-4.26484314531e-09
1.19341269065e-09	-6.81617540188e-09
1.19460610334e-09	-7.36635269449e-09
1.19579951603e-09	-5.77593312068e-09
1.19699292872e-09	-2.52797460742e-09
1.19818634141e-09	1.42322613417e-09
1.1993797541e-09	4.92625096271e-09
1.20057316679e-09	6.9723158358e-09
1.20176657949e-09	6.98385854703e-09
1.20295999218e-09	4.97755159312e-09
1.20415340487e-09	1.55354606957e-09
1.20534681756e-09	-2.2826761592e-09
1.20654023025e-09	-5.4180089859e-09
1.20773364294e-09	-6.94792667844e-09
1.20892705563e-09	-6.44090858426e-09
1.21012046832e-09	-4.05472105891e-09
1.21131388101e-09	-4.87121371018e-10
1.2125072937e-09	3.22428045374e-09
1.21370070639e-09	6.01113075982e-09
1.21489411908e-09	7.07281538892e-09
1.21608753177e-09	6.11424200159e-09
1.21728094446e-09	3.42288411503e-09
1.21847435715e-09	-2.18527983903e-10
1.21966776985e-09	-3.75582237533e-09
1.22086118254e-09	-6.17739692732e-09
1.22205459523e-09	-6.79671507964e-09
1.22324800792e-09	-5.45299422283e-09
1.22444142061e-09	-2.55004489746e-09
1.2256348333e-09	1.0658168792e-09
1.22682824599e-09	4.34807828631e-09
1.22802165868e-09	6.35863833809e-09
1.22921507137e-09	6.52833681558e-09
1.23040848406e-09	4.8258151919e-09
1.23160189675e-09	1.7552997944e-09
1.23279530944e-09	-1.78744431756e-09
1.23398872213e-09	-4.77732059467e-09
1.23518213482e-09	-6.35832420048e-09
1.23637554751e-09	-6.08434647109e-09
1.23756896021e-09	-4.05177941198e-09
1.2387623729e-09	-8.59655881202e-10
1.23995578559e-09	2.56045881719e-09
1.24114919828e-09	5.22088539068e-09
1.24234261097e-09	6.36333097326e-09
1.24353602366e-09	5.67311397859e-09
1.24472943635e-09	3.3703161928e-09
1.24592284904e-09	1.36378651427e-10
1.24711626173e-09	-3.08608177901e-09
1.24830967442e-09	-5.36616284741e-09
1.24950308711e-09	-6.05752215055e-09
1.2506964998e-09	-4.9770591537e-09
1.25188991249e-09	-2.45474102156e-09
1.25308332518e-09	7.65277806403e-10
1.25427673787e-09	3.74727071595e-09
1.25547015056e-09	5.6289862771e-09
1.25666356326e-09	5.87444731748e-09
1.25785697595e-09	4.42271352874e-09
1.25905038864e-09	1.70198952154e-09
1.26024380133e-09	-1.49329605625e-09
1.26143721402e-09	-4.24033147484e-09
1.26263062671e-09	-5.74904412964e-09
1.2638240394e-09	-5.59157586899e-09
1.26501745209e-09	-3.8252368495e-09
1.26621086478e-09	-9.65898000471e-10
1.26740427747e-09	2.15631149048e-09
1.26859769016e-09	4.64520849563e-09
1.26979110285e-09	5.79289627378e-09
1.27098451554e-09	5.28008803347e-09
1.27217792823e-09	3.26992530275e-09
1.27337134092e-09	3.49707290903e-10
1.27456475362e-09	-2.63332503025e-09
1.27575816631e-09	-4.8211243886e-09
1.276951579e-09	-5.59241153386e-09
1.27814499169e-09	-4.73573152915e-09
1.27933840438e-09	-2.51438653232e-09
1.28053181707e-09	4.19098093035e-10
1.28172522976e-09	3.21031609629e-09
1.28291864245e-09	5.05427377728e-09
1.28411205514e-09	5.42844325047e-09
1.28530546783e-09	4.2390917443e-09
1.28649888052e-09	1.84576104401e-09
1.28769229321e-09	-1.04989096583e-09
1.2888857059e-09	-3.60825755386e-09
1.29007911859e-09	-5.09837705387e-09
1.29127253128e-09	-5.103076961e-09
1.29246594398e-09	-3.63852298291e-09
1.29365935667e-09	-1.14220498337e-09
1.29485276936e-09	1.65644757633e-09
1.29604618205e-09	3.94751692445e-09
1.29723959474e-09	5.07712022424e-09
1.29843300743e-09	4.73049821537e-09
1.29962642012e-09	3.02348923675e-09
1.30081983281e-09	4.62198675166e-10
1.3020132455e-09	-2.20482687663e-09
1.30320665819e-09	-4.20563089909e-09
1.30440007088e-09	-4.96737129208e-09
1.30559348357e-09	-4.28004903741e-09
1.30678689626e-09	-2.35310618213e-09
1.30798030895e-09	2.48540132919e-10
1.30917372164e-09	2.77031597662e-09
1.31036713433e-09	4.48673631581e-09
1.31156054703e-09	4.90808205189e-09
1.31275395972e-09	3.92090726553e-09
1.31394737241e-09	1.81680327727e-09
1.3151407851e-09	-7.93774386498e-10
1.31633419779e-09	-3.15780310234e-09
1.31752761048e-09	-4.59881355219e-09
1.31872102317e-09	-4.70900141103e-09
1.31991443586e-09	-3.46832959575e-09
1.32110784855e-09	-1.24506802091e-09
1.32230126124e-09	1.3121942144e-09
1.32349467393e-09	3.4635922741e-09
1.32468808662e-09	4.59529930774e-09
1.32588149931e-09	4.39241448769e-09
1.327074912e-09	2.92939925095e-09
1.32826832469e-09	6.41700179105e-10
1.32946173739e-09	-1.8029691351e-09
1.33065515008e-09	-3.6999239228e-09
1.33184856277e-09	-4.50989395828e-09
1.33304197546e-09	-4.01253330562e-09
1.33423538815e-09	-2.36440042545e-09
1.33542880084e-09	-5.14707269861e-11
1.33662221353e-09	2.25388763209e-09
1.33781562622e-09	3.88859838774e-09
1.33900903891e-09	4.38843633654e-09
1.3402024516e-09	3.62180116453e-09
1.34139586429e-09	1.82238832358e-09
1.34258927698e-09	-4.79666605047e-10
1.34378268967e-09	-2.61561902692e-09
1.34497610236e-09	-3.9721160805e-09
1.34616951505e-09	-4.16775036705e-09
1.34736292775e-09	-3.15974374443e-09
1.34855634044e-09	-1.25231833237e-09
1.34974975313e-09	9.9546698662e-10
1.35094316582e-09	2.93218363479e-09
1.35213657851e-09	4.00239125176e-09
1.3533299912e-09	3.90395232808e-09
1.35452340389e-09	2.67403504894e-09
1.35571681658e-09	6.74842730308e-10
1.35691022927e-09	-1.51157183992e-09
1.35810364196e-09	-3.25227925146e-09
1.35929705465e-09	-4.04716599123e-09
1.36049046734e-09	-3.67202829255e-09
1.36168388003e-09	-2.24313437269e-09
1.36287729272e-09	-1.79899550118e-10
1.36407070541e-09	1.91841068031e-09
1.3652641181e-09	3.44781453387e-09
1.3664575308e-09	3.97416927145e-09
1.36765094349e-09	3.35640049087e-09
1.36884435618e-09	1.78330335221e-09
1.37003776887e-09	-2.8411505093e-10
1.37123118156e-09	-2.24823951123e-09
1.37242459425e-09	-3.54750537279e-09
1.37361800694e-09	-3.81688536333e-09
1.37481141963e-09	-2.99053112829e-09
1.37600483232e-09	-1.31847563423e-09
1.37719824501e-09	7.08981318098e-10
1.3783916577e-09	2.50396089974e-09
1.37958507039e-09	3.55230403426e-09
1.38077848308e-09	3.56047261119e-09
1.38197189577e-09	2.53843693288e-09
1.38316530846e-09	7.93319979153e-10
1.38435872116e-09	-1.16380642623e-09
1.38555213385e-09	-2.76704625879e-09
1.38674554654e-09	-3.56005011581e-09
1.38793895923e-09	-3.32500291189e-09
1.38913237192e-09	-2.14205486682e-09
1.39032578461e-09	-3.62261623477e-10
1.3915191973e-09	1.49589758636e-09
1.39271260999e-09	2.89778309681e-09
1.39390602268e-09	3.44486636439e-09
1.39509943537e-09	2.98891783546e-09
1.39629284806e-09	1.67131897211e-09
1.39748626075e-09	-1.19359216955e-10
1.39867967344e-09	-1.86130505453e-09
1.39987308613e-09	-3.05195202444e-09
1.40106649882e-09	-3.35183497624e-09
1.40225991152e-09	-2.68320204944e-09
1.40345332421e-09	-1.24827753689e-09
1.4046467369e-09	5.30810492783e-10
1.40584014959e-09	2.13666967452e-09
1.40703356228e-09	3.10748154986e-09
1.40822697497e-09	3.16861720195e-09
1.40942038766e-09	2.31079044788e-09
1.41061380035e-09	7.88100071314e-10
1.41180721304e-09	-9.56030511701e-10
1.41300062573e-09	-2.41904052345e-09
1.41419403842e-09	-3.1832125269e-09
1.41538745111e-09	-3.0351639535e-09
1.4165808638e-09	-2.02633831936e-09
1.41777427649e-09	-4.54228286928e-10
1.41896768918e-09	1.22307838857e-09
1.42016110187e-09	2.52314469318e-09
1.42135451457e-09	3.07645428577e-09
1.42254792726e-09	2.7339981945e-09
1.42374133995e-09	1.60584563702e-09
1.42493475264e-09	2.71076841529e-11
1.42612816533e-09	-1.54284157672e-09
1.42732157802e-09	-2.65385927123e-09
1.42851499071e-09	-2.99366320622e-09
1.4297084034e-09	-2.47626172345e-09
1.43090181609e-09	-1.2610282818e-09
1.43209522878e-09	2.93162643467e-10
1.43328864147e-09	1.73696201866e-09
1.43448205416e-09	2.65587465909e-09
1.43567546685e-09	2.79222756028e-09
1.43686887954e-09	2.11550407747e-09
1.43806229223e-09	8.29178031791e-10
1.43925570493e-09	-6.88219294054e-10
1.44044911762e-09	-1.99797237088e-09
1.44164253031e-09	-2.7238671596e-09
1.442835943e-09	-2.66450303488e-09
1.44402935569e-09	-1.84632389932e-09
1.44522276838e-09	-5.14424038089e-10
1.44641618107e-09	9.4025198738e-10
1.44760959376e-09	2.09781186866e-09
1.44880300645e-09	2.62733265699e-09
1.44999641914e-09	2.38374930905e-09
1.45118983183e-09	1.44538954416e-09
1.45238324452e-09	8.96174662257e-11
1.45357665721e-09	-1.28795540899e-09
1.4547700699e-09	-2.28982666162e-09
1.45596348259e-09	-2.6299264988e-09
1.45715689528e-09	-2.21592444394e-09
1.45835030798e-09	-1.17443273162e-09
1.45954372067e-09	1.88072085683e-10
1.46073713336e-09	1.47552668694e-09
1.46193054605e-09	2.31723737421e-09
1.46312395874e-09	2.47613884952e-09
1.46431737143e-09	1.91425100771e-09
1.46551078412e-09	8.01521453375e-10
1.46670419681e-09	-5.35911856558e-10
1.4678976095e-09	-1.71220801426e-09
1.46909102219e-09	-2.3929847548e-09
1.47028443488e-09	-2.39040245931e-09
1.47147784757e-09	-1.71506053803e-09
1.47267126026e-09	-5.69306893294e-10
1.47386467295e-09	7.11882088e-10
1.47505808564e-09	1.7592486079e-09
1.47625149834e-09	2.27607993564e-09
1.47744491103e-09	2.12079931394e-09
1.47863832372e-09	1.34829260257e-09
1.47983173641e-09	1.88932106071e-10
1.4810251491e-09	-1.01751951309e-09
1.48221856179e-09	-1.92322410775e-09
1.48341197448e-09	-2.27208354908e-09
1.48460538717e-09	-1.97097824173e-09
1.48579879986e-09	-1.11691346449e-09
1.48699221255e-09	3.74792037683e-11
1.48818562524e-09	1.15470281947e-09
1.48937903793e-09	1.91476684508e-09
1.49057245062e-09	2.10292996905e-09
1.49176586331e-09	1.67277239282e-09
1.492959276e-09	7.5577726022e-10
1.4941526887e-09	-3.78239457116e-10
1.49534610139e-09	-1.39874871408e-09
1.49653951408e-09	-2.01385697007e-09
1.49773292677e-09	-2.04973621409e-09
1.49892633946e-09	-1.50388673736e-09
1.50011975215e-09	-5.41148161004e-10
1.50131316484e-09	5.55019967485e-10
1.50250657753e-09	1.46515242994e-09
1.50369999022e-09	1.92942431476e-09
1.50489340291e-09	1.81867332305e-09
1.5060868156e-09	1.1731008942e-09
1.50728022829e-09	1.85343186979e-10
1.50847364098e-09	-8.55668674804e-10
1.50966705367e-09	-1.64990054952e-09
1.51086046636e-09	-1.97268437696e-09
1.51205387905e-09	-1.73720025864e-09
1.51324729175e-09	-1.01822496268e-09
1.51444070444e-09	-2.80357889682e-11
1.51563411713e-09	9.45984041101e-10
1.51682752982e-09	1.62514887658e-09
1.51802094251e-09	1.8185167816e-09
1.5192143552e-09	1.4783999025e-09
1.52040776789e-09	7.09957828637e-10
1.52160118058e-09	-2.59369777392e-10
1.52279459327e-09	-1.14849195432e-09
1.52398800596e-09	-1.7039210598e-09
1.52518141865e-09	-1.77232609144e-09
1.52637483134e-09	-1.34341272828e-09
1.52756824403e-09	-5.48564006719e-10
1.52876165672e-09	3.77188551226e-10
1.52995506941e-09	1.16608950274e-09
1.53114848211e-09	1.59377867848e-09
1.5323418948e-09	1.54302022548e-09
1.53353530749e-09	1.03596810297e-09
1.53472872018e-09	2.25644062463e-10
1.53592213287e-09	-6.49981811429e-10
1.53711554556e-09	-1.33708492889e-09
1.53830895825e-09	-1.64041384643e-09
1.53950237094e-09	-1.47760782776e-09
1.54069578363e-09	-9.02930272217e-10
1.54188919632e-09	-8.88910230146e-11
1.54308260901e-09	7.26146885677e-10
1.5442760217e-09	1.30619945415e-09
1.54546943439e-09	1.48862984439e-09
1.54666284708e-09	1.22631343968e-09
1.54785625977e-09	6.02945603168e-10
1.54904967247e-09	-1.9626715704e-10
1.55024308516e-09	-9.38414748686e-10
1.55143649785e-09	-1.40981629149e-09
1.55262991054e-09	-1.47955028784e-09
1.55382332323e-09	-1.1326929672e-09
1.55501673592e-09	-4.76552242112e-10
1.55621014861e-09	2.95939238393e-10
1.5574035613e-09	9.59759077768e-10
1.55859697399e-09	1.32505602324e-09
1.55979038668e-09	1.29169351604e-09
1.56098379937e-09	8.74541578044e-10
1.56217721206e-09	2.00652248289e-10
1.56337062475e-09	-5.33105691536e-10
1.56456403744e-09	-1.11458817176e-09
1.56575745013e-09	-1.38035879949e-09
1.56695086282e-09	-1.26050629656e-09
1.56814427552e-09	-7.95887362959e-10
1.56933768821e-09	-1.26807458631e-10
1.5705311009e-09	5.52456143332e-10
1.57172451359e-09	1.04694927727e-09
1.57291792628e-09	1.21946608367e-09
1.57411133897e-09	1.02703570648e-09
1.57530475166e-09	5.31944530091e-10
1.57649816435e-09	-1.17353167114e-10
1.57769157704e-09	-7.31036967072e-10
1.57888498973e-09	-1.13313332328e-09
1.58007840242e-09	-1.21157289756e-09
1.58127181511e-09	-9.50476294892e-10
1.5824652278e-09	-4.32148018759e-10
1.58365864049e-09	1.88272685636e-10
1.58485205318e-09	7.29334558025e-10
1.58604546588e-09	1.03642637528e-09
1.58723887857e-09	1.02499229937e-09
1.58843229126e-09	7.0538349467e-10
1.58962570395e-09	1.7540366902e-10
1.59081911664e-09	-4.07645445177e-10
1.59201252933e-09	-8.74858317734e-10
1.59320594202e-09	-1.09349564126e-09
1.59439935471e-09	-1.00533807668e-09
1.5955927674e-09	-6.41741479401e-10
1.59678618009e-09	-1.13141686992e-10
1.59797959278e-09	4.24541818367e-10
1.59917300547e-09	8.15283153488e-10
1.60036641816e-09	9.49173267761e-10
1.60155983085e-09	7.92563847885e-10
1.60275324354e-09	3.97292962417e-10
1.60394665624e-09	-1.17226578271e-10
1.60514006893e-09	-6.00162607112e-10
1.60633348162e-09	-9.12239409012e-10
1.60752689431e-09	-9.67890947945e-10
1.608720307e-09	-7.56290259585e-10
1.60991371969e-09	-3.44082821263e-10
1.61110713238e-09	1.46078708158e-10
1.61230054507e-09	5.72352130968e-10
1.61349395776e-09	8.13543718503e-10
1.61468737045e-09	8.05269871618e-10
1.61588078314e-09	5.55059727347e-10
1.61707419583e-09	1.40211524682e-10
1.61826760852e-09	-3.16306786319e-10
1.61946102121e-09	-6.82879003344e-10
1.6206544339e-09	-8.56198424659e-10
1.62184784659e-09	-7.92364000801e-10
1.62304125929e-09	-5.15714221327e-10
1.62423467198e-09	-1.12372226108e-10
1.62542808467e-09	2.98067494298e-10
1.62662149736e-09	5.97073585018e-10
1.62781491005e-09	7.01522492874e-10
1.62900832274e-09	5.87085248471e-10
1.63020173543e-09	2.92975296801e-10
1.63139514812e-09	-9.05185709374e-11
1.63258856081e-09	-4.49829711674e-10
1.6337819735e-09	-6.81142038605e-10
1.63497538619e-09	-7.20756232475e-10
1.63616879888e-09	-5.61763850715e-10
1.63736221157e-09	-2.5598806061e-10
1.63855562426e-09	1.04171114443e-10
1.63974903695e-09	4.12171893838e-10
1.64094244965e-09	5.79666779854e-10
1.64213586234e-09	5.62247824687e-10
1.64332927503e-09	3.69854362414e-10
1.64452268772e-09	6.4318441198e-11
1.64571610041e-09	-2.62643660293e-10
1.6469095131e-09	-5.15278715529e-10
1.64810292579e-09	-6.22430808284e-10
1.64929633848e-09	-5.58121063254e-10
1.65048975117e-09	-3.45975272736e-10
1.65168316386e-09	-5.23152337423e-11
1.65287657655e-09	2.3534671087e-10
1.65406998924e-09	4.33842330116e-10
1.65526340193e-09	4.87839130203e-10
1.65645681462e-09	3.86404859498e-10
1.65765022731e-09	1.63257848212e-10
1.65884364e-09	-1.13082632668e-10
1.6600370527e-09	-3.60480534312e-10
1.66123046539e-09	-5.08157245449e-10
1.66242387808e-09	-5.16653109184e-10
1.66361729077e-09	-3.88225195047e-10
1.66481070346e-09	-1.65052232298e-10
1.66600411615e-09	8.50715912645e-11
1.66719752884e-09	2.88289968287e-10
1.66839094153e-09	3.88554941694e-10
1.66958435422e-09	3.60730820215e-10
1.67077776691e-09	2.18579362943e-10
1.6719711796e-09	8.44631526178e-12
1.67316459229e-09	-2.05801105324e-10
1.67435800498e-09	-3.60896885293e-10
1.67555141767e-09	-4.14163807416e-10
1.67674483036e-09	-3.53917069262e-10
1.67793824306e-09	-2.02866610663e-10
1.67913165575e-09	-1.02558736243e-11
1.68032506844e-09	1.64931129518e-10
1.68151848113e-09	2.70439774741e-10
1.68271189382e-09	2.77720024061e-10
1.68390530651e-09	1.88908329951e-10
1.6850987192e-09	3.4674838955e-11
1.68629213189e-09	-1.35095389736e-10
1.68748554458e-09	-2.69256051483e-10
1.68867895727e-09	-3.28287650536e-10
1.68987236996e-09	-2.98184518743e-10
1.69106578265e-09	-1.91831274823e-10
1.69225919534e-09	-4.45479582042e-11
1.69345260803e-09	9.71527303051e-11
1.69464602072e-09	1.9098975873e-10
1.69583943342e-09	2.10030111358e-10
1.69703284611e-09	1.52282436661e-10
1.6982262588e-09	3.86329410303e-11
1.69941967149e-09	-9.34885346221e-11
1.70061308418e-09	-2.02150195888e-10
1.70180649687e-09	-2.54705968122e-10
1.70299990956e-09	-2.36850133256e-10
1.70419332225e-09	-1.57300341155e-10
1.70538673494e-09	-4.36724619142e-11
1.70658014763e-09	6.72900945034e-11
1.70777356032e-09	1.40688682926e-10
1.70896697301e-09	1.5552442667e-10
1.7101603857e-09	1.09296648988e-10
1.71135379839e-09	1.92773197578e-11
1.71254721108e-09	-8.43605111982e-11
1.71374062377e-09	-1.68021129995e-10
1.71493403647e-09	-2.05908144701e-10
1.71612744916e-09	-1.87112637884e-10
1.71732086185e-09	-1.20203928408e-10
1.71851427454e-09	-2.80703576702e-11
1.71970768723e-09	5.74328939441e-11
1.72090109992e-09	1.07882051383e-10
1.72209451261e-09	1.06831248708e-10
1.7232879253e-09	5.47895780394e-11
1.72448133799e-09	-2.90618536181e-11
1.72567475068e-09	-1.16863939316e-10
1.72686816337e-09	-1.77056725184e-10
1.72806157606e-09	-1.88962097705e-10
1.72925498875e-09	-1.47435293141e-10
1.73044840144e-09	-6.48151072744e-11
1.73164181413e-09	3.11071960291e-11
1.73283522683e-09	1.09253690296e-10
1.73402863952e-09	1.42229008085e-10
1.73522205221e-09	1.17804082461e-10
1.7364154649e-09	4.18502149168e-11
1.73760887759e-09	-6.27412501293e-11
1.73880229028e-09	-1.62068153169e-10
1.73999570297e-09	-2.23570165853e-10
1.74118911566e-09	-2.25368168572e-10
1.74238252835e-09	-1.64512950138e-10
1.74357594104e-09	-5.8058478164e-11
1.74476935373e-09	6.11613034524e-11
1.74596276642e-09	1.54770392682e-10
1.74715617911e-09	1.91613994636e-10
1.7483495918e-09	1.57582648319e-10
1.74954300449e-09	6.10887651228e-11
1.75073641719e-09	-6.99302146138e-11
1.75192982988e-09	-1.94934574559e-10
1.75312324257e-09	-2.74256317309e-10
1.75431665526e-09	-2.81282115655e-10
1.75551006795e-09	-2.11043970494e-10
1.75670348064e-09	-8.26317720845e-11
1.75789689333e-09	6.63932199149e-11
1.75909030602e-09	1.90098695466e-10
1.76028371871e-09	2.493596718e-10
1.7614771314e-09	2.2340776798e-10
1.76267054409e-09	1.170942154e-10
1.76386395678e-09	-3.91928204301e-11
1.76505736947e-09	-1.98459787666e-10
1.76625078216e-09	-3.11551917945e-10
1.76744419485e-09	-3.41394655601e-10
1.76863760754e-09	-2.7560209323e-10
1.76983102024e-09	-1.31017759142e-10
1.77102443293e-09	5.08064504096e-11
1.77221784562e-09	2.15039623261e-10
1.77341125831e-09	3.1104647677e-10
1.774604671e-09	3.06808288844e-10
1.77579808369e-09	1.99603960097e-10
1.77699149638e-09	1.85746418246e-11
1.77818490907e-09	-1.84560828426e-10
1.77937832176e-09	-3.48795183708e-10
1.78057173445e-09	-4.23059962062e-10
1.78176514714e-09	-3.81912539787e-10
1.78295855983e-09	-2.33565004143e-10
1.78415197252e-09	-1.93500757951e-11
1.78534538521e-09	1.9867887717e-10
1.7865387979e-09	3.55052161283e-10
1.7877322106e-09	4.00874462098e-10
1.78892562329e-09	3.19781680302e-10
1.79011903598e-09	1.32549827017e-10
1.79131244867e-09	-1.07623092296e-10
1.79250586136e-09	-3.3002985067e-10
1.79369927405e-09	-4.67915334951e-10
1.79489268674e-09	-4.77840395724e-10
1.79608609943e-09	-3.53856176999e-10
1.79727951212e-09	-1.2928526652e-10
1.79847292481e-09	1.31410455434e-10
1.7996663375e-09	3.518208537e-10
1.80085975019e-09	4.65199812699e-10
1.80205316288e-09	4.35493183182e-10
1.80324657557e-09	2.68157329675e-10
1.80443998826e-09	9.91278500256e-12
1.80563340096e-09	-2.64661048285e-10
1.80682681365e-09	-4.74289354319e-10
1.80802022634e-09	-5.55075298225e-10
1.80921363903e-09	-4.80764591332e-10
1.81040705172e-09	-2.7004754162e-10
1.81160046441e-09	1.73249136391e-11
1.8127938771e-09	2.9751765461e-10
1.81398728979e-09	4.87678689098e-10
1.81518070248e-09	5.29448623832e-10
1.81637411517e-09	4.07485937354e-10
1.81756752786e-09	1.54589589393e-10
1.81876094055e-09	-1.57155751954e-10
1.81995435324e-09	-4.36431696338e-10
1.82114776593e-09	-5.9999172991e-10
1.82234117862e-09	-5.96697004307e-10
1.82353459131e-09	-4.23652952997e-10
1.82472800401e-09	-1.28795257445e-10
1.8259214167e-09	2.03818809053e-10
1.82711482939e-09	4.76503836389e-10
1.82830824208e-09	6.07857403301e-10
1.82950165477e-09	5.56491984438e-10
1.83069506746e-09	3.33957354826e-10
1.83188848015e-09	3.02373360725e-12
1.83308189284e-09	-3.4126549503e-10
1.83427530553e-09	-5.97902123645e-10
1.83546871822e-09	-6.89844306678e-10
1.83666213091e-09	-5.87729323542e-10
1.8378555436e-09	-3.18126178178e-10
1.83904895629e-09	4.24899646717e-11
1.84024236898e-09	3.89863776679e-10
1.84143578167e-09	6.21879790719e-10
1.84262919437e-09	6.68381468227e-10
1.84382260706e-09	5.13373312611e-10
1.84501601975e-09	1.99127655337e-10
1.84620943244e-09	-1.84570927986e-10
1.84740284513e-09	-5.25749763169e-10
1.84859625782e-09	-7.23938013703e-10
1.84978967051e-09	-7.18721360204e-10
1.8509830832e-09	-5.08998586335e-10
1.85217649589e-09	-1.53482152335e-10
1.85336990858e-09	2.4605683116e-10
1.85456332127e-09	5.72937960963e-10
1.85575673396e-09	7.30814624095e-10
1.85695014665e-09	6.7129252157e-10
1.85814355934e-09	4.08835514054e-10
1.85933697203e-09	1.7757888042e-11
1.86053038473e-09	-3.88970678583e-10
1.86172379742e-09	-6.92553070447e-10
1.86291721011e-09	-8.02302717318e-10
1.8641106228e-09	-6.83575779314e-10
1.86530403549e-09	-3.68141982177e-10
1.86649744818e-09	5.41255252423e-11
1.86769086087e-09	4.60737392682e-10
1.86888427356e-09	7.32562739636e-10
1.87007768625e-09	7.8808673476e-10
1.87127109894e-09	6.08266950697e-10
1.87246451163e-09	2.42865814265e-10
1.87365792432e-09	-2.03689350109e-10
1.87485133701e-09	-6.01710022086e-10
1.8760447497e-09	-8.34370419978e-10
1.87723816239e-09	-8.31619481612e-10
1.87843157508e-09	-5.91009248485e-10
1.87962498778e-09	-1.80130729777e-10
1.88081840047e-09	2.83450977967e-10
1.88201181316e-09	6.6488056033e-10
1.88320522585e-09	8.52055558054e-10
1.88439863854e-09	7.88260900997e-10
1.88559205123e-09	4.89357256106e-10
1.88678546392e-09	4.03005016511e-11
1.88797887661e-09	-4.2949878723e-10
1.8891722893e-09	-7.83239931246e-10
1.89036570199e-09	-9.1642843314e-10
1.89155911468e-09	-7.88077630931e-10
1.89275252737e-09	-4.33334729211e-10
1.89394594006e-09	4.71903471161e-11
1.89513935275e-09	5.14124059298e-10
1.89633276544e-09	8.3140820617e-10
1.89752617814e-09	9.05430327935e-10
1.89871959083e-09	7.11969379286e-10
1.89991300352e-09	3.05270721895e-10
1.90110641621e-09	-1.98562792944e-10
1.9022998289e-09	-6.53181939092e-10
1.90349324159e-09	-9.25710001709e-10
1.90468665428e-09	-9.35095091636e-10
1.90588006697e-09	-6.75799534389e-10
1.90707347966e-09	-2.21491635796e-10
1.90826689235e-09	2.9755638925e-10
1.90946030504e-09	7.3040400117e-10
1.91065371773e-09	9.50258711996e-10
1.91184713042e-09	8.91246444701e-10
1.91304054311e-09	5.68120286926e-10
1.9142339558e-09	7.29816528391e-11
1.91542736849e-09	-4.5149567765e-10
1.91662078119e-09	-8.52431118747e-10
1.91781419388e-09	-1.01199960217e-09
1.91900760657e-09	-8.81268683028e-10
1.92020101926e-09	-4.95963898423e-10
1.92139443195e-09	3.41713489102e-11
1.92258784464e-09	5.55992397955e-10
1.92378125733e-09	9.1735280483e-10
1.92497467002e-09	1.01171473282e-09
1.92616808271e-09	8.09068083363e-10
1.9273614954e-09	3.66357780918e-10
1.92855490809e-09	-1.89986670493e-10
1.92974832078e-09	-6.98495650209e-10
1.93094173347e-09	-1.01115542328e-09
1.93213514616e-09	-1.03543762453e-09
1.93332855885e-09	-7.62110971553e-10
1.93452197155e-09	-2.68473032e-10
1.93571538424e-09	3.03664857149e-10
1.93690879693e-09	7.88804861707e-10
1.93810220962e-09	1.04520871819e-09
1.93929562231e-09	9.96791767183e-10
1.940489035e-09	6.55461948607e-10
1.94168244769e-09	1.18572649963e-10
1.94287586038e-09	-4.59215082627e-10
1.94406927307e-09	-9.09961293816e-10
1.94526268576e-09	-1.1018272128e-09
1.94645609845e-09	-9.77080666376e-10
1.94764951114e-09	-5.70026553737e-10
1.94884292383e-09	2.97085619994e-12
1.95003633652e-09	5.76500631955e-10
1.95122974921e-09	9.83535537735e-10
1.95242316191e-09	1.10532050179e-09
1.9536165746e-09	9.0413498216e-10
1.95480998729e-09	4.36705820811e-10
1.95600339998e-09	-1.62662310704e-10
1.95719681267e-09	-7.20919005048e-10
1.95839022536e-09	-1.07510318703e-09
1.95958363805e-09	-1.12137808761e-09
1.96077705074e-09	-8.43735130374e-10
1.96197046343e-09	-3.21305058948e-10
1.96316387612e-09	2.95661217731e-10
1.96435728881e-09	8.28699220357e-10
1.9655507015e-09	1.12174916578e-09
1.96674411419e-09	1.08874460836e-09
1.96793752688e-09	7.3659934402e-10
1.96913093957e-09	1.66361223408e-10
1.97032435226e-09	-4.57732775294e-10
1.97151776496e-09	-9.54672452202e-10
1.97271117765e-09	-1.17900035568e-09
1.97390459034e-09	-1.06406912448e-09
1.97509800303e-09	-6.41037341265e-10
1.97629141572e-09	-3.11079009774e-11
1.97748482841e-09	5.90018575664e-10
1.9786782411e-09	1.04203180112e-09
1.97987165379e-09	1.19268900312e-09
1.98106506648e-09	9.96741605919e-10
1.98225847917e-09	5.09156636991e-10
1.98345189186e-09	-1.30227871889e-10
1.98464530455e-09	-7.36414637603e-10
1.98583871724e-09	-1.13351100728e-09
1.98703212993e-09	-1.20488803657e-09
1.98822554262e-09	-9.28467296102e-10
1.98941895532e-09	-3.82497842427e-10
1.99061236801e-09	2.75752476409e-10
1.9918057807e-09	8.55789820953e-10
1.99299919339e-09	1.18908216606e-09
1.99419260608e-09	1.17761671248e-09
1.99538601877e-09	8.23223413049e-10
1.99657943146e-09	2.2713800632e-10
1.99777284415e-09	-4.3902952454e-10
1.99896625684e-09	-9.81848984061e-10
2.00015966953e-09	-1.24342550145e-09
2.00135308222e-09	-1.14645817839e-09
2.00254649491e-09	-7.17107581649e-10
2.0037399076e-09	-7.86544857023e-11
2.00493332029e-09	5.84786309654e-10
2.00612673298e-09	1.08059022841e-09
2.00732014568e-09	1.26440617698e-09
2.00851355837e-09	1.08116217368e-09
2.00970697106e-09	5.82608461475e-10
2.01090038375e-09	-8.78692474685e-11
2.01209379644e-09	-7.36386923661e-10
2.01328720913e-09	-1.17476531281e-09
2.01448062182e-09	-1.27445688725e-09
2.01567403451e-09	-1.00548623594e-09
2.0168674472e-09	-4.43830788094e-10
2.01806085989e-09	2.484813761e-10
2.01925427258e-09	8.71432447036e-10
2.02044768527e-09	1.24390438228e-09
2.02164109796e-09	1.25646666682e-09
2.02283451065e-09	9.04378176514e-10
2.02402792334e-09	2.87676472921e-10
2.02522133603e-09	-4.15250292485e-10
2.02641474873e-09	-1.00147275195e-09
2.02760816142e-09	-1.30007343779e-09
2.02880157411e-09	-1.22313091599e-09
2.0299949868e-09	-7.92013496453e-10
2.03118839949e-09	-1.29619403752e-10
2.03238181218e-09	5.72486245909e-10
2.03357522487e-09	1.11128217739e-09
2.03476863756e-09	1.32988209334e-09
2.03596205025e-09	1.1638177505e-09
2.03715546294e-09	6.59942947512e-10
2.03834887563e-09	-3.70892674212e-11
2.03954228832e-09	-7.25679891178e-10
2.04073570101e-09	-1.20629253808e-09
2.0419291137e-09	-1.33874247799e-09
2.04312252639e-09	-1.08338538141e-09
2.04431593909e-09	-5.12999316638e-10
2.04550935178e-09	2.08427244214e-10
2.04670276447e-09	8.71886264575e-10
2.04789617716e-09	1.28512125941e-09
2.04908958985e-09	1.32739927383e-09
2.05028300254e-09	9.85111284213e-10
2.05147641523e-09	3.56336786467e-10
2.05266982792e-09	-3.77561926168e-10
2.05386324061e-09	-1.00408554388e-09
2.0550566533e-09	-1.34144738373e-09
2.05625006599e-09	-1.29074764765e-09
2.05744347868e-09	-8.65333742162e-10
2.05863689137e-09	-1.87333884516e-10
2.05983030406e-09	5.47533227091e-10
2.06102371675e-09	1.12646815487e-09
2.06221712945e-09	1.38107369985e-09
2.06341054214e-09	1.23663625173e-09
2.06460395483e-09	7.336819971e-10
2.06579736752e-09	1.69059280464e-11
2.06699078021e-09	-7.06404754136e-10
2.0681841929e-09	-1.22662723034e-09
2.06937760559e-09	-1.39219545614e-09
2.07057101828e-09	-1.15425538572e-09
2.07176443097e-09	-5.80142191231e-10
2.07295784366e-09	1.64571673997e-10
2.07415125635e-09	8.64582946902e-10
2.07534466904e-09	1.31727000141e-09
2.07653808173e-09	1.39043589142e-09
2.07773149442e-09	1.06199585237e-09
2.07892490711e-09	4.25907670243e-10
2.0801183198e-09	-3.3468785729e-10
2.0813117325e-09	-9.99446692074e-10
2.08250514519e-09	-1.3759512002e-09
2.08369855788e-09	-1.35389752187e-09
2.08489197057e-09	-9.38988470311e-10
2.08608538326e-09	-2.50106855365e-10
2.08727879595e-09	5.14084157188e-10
2.08847220864e-09	1.13192828721e-09
2.08966562133e-09	1.42465123032e-09
2.09085903402e-09	1.30625293915e-09
2.09205244671e-09	8.10292812015e-10
2.0932458594e-09	7.95173128731e-11
2.09443927209e-09	-6.74829025993e-10
2.09563268478e-09	-1.23445466349e-09
2.09682609747e-09	-1.43673210828e-09
2.09801951016e-09	-1.2220560397e-09
2.09921292286e-09	-6.51550334518e-10
2.10040633555e-09	1.10223728582e-10
2.10159974824e-09	8.43324778066e-10
2.10279316093e-09	1.33511571243e-09
2.10398657362e-09	1.44279652114e-09
2.10517998631e-09	1.1339262862e-09
2.106373399e-09	4.97371432234e-10
2.10756681169e-09	-2.83299075171e-10
2.10876022438e-09	-9.82316887554e-10
2.10995363707e-09	-1.39694779355e-09
2.11114704976e-09	-1.40639577761e-09
2.11234046245e-09	-1.00713173218e-09
2.11353387514e-09	-3.13844655125e-10
2.11472728783e-09	4.73330888373e-10
2.11592070052e-09	1.12669575059e-09
2.11711411322e-09	1.45658457518e-09
2.11830752591e-09	1.36676560347e-09
2.1195009386e-09	8.82423766002e-10
2.12069435129e-09	1.43142310505e-10
2.12188776398e-09	-6.37890879007e-10
2.12308117667e-09	-1.23429592935e-09
2.12427458936e-09	-1.47313708454e-09
2.12546800205e-09	-1.28425434176e-09
2.12666141474e-09	-7.21565536488e-10
2.12785482743e-09	5.28696158034e-11
2.12904824012e-09	8.15384169905e-10
2.13024165281e-09	1.34502857463e-09
2.1314350655e-09	1.48828593893e-09
2.13262847819e-09	1.20277274251e-09
2.13382189088e-09	5.70587029014e-10
2.13501530357e-09	-2.26082614435e-10
2.13620871627e-09	-9.56756833481e-10
2.13740212896e-09	-1.40993391962e-09
2.13859554165e-09	-1.45390542661e-09
2.13978895434e-09	-1.07508991987e-09
2.14098236703e-09	-3.82592419551e-10
2.14217577972e-09	4.23739411615e-10
2.14336919241e-09	1.11067421926e-09
2.1445626051e-09	1.47912201931e-09
2.14575601779e-09	1.421848278e-09
2.14694943048e-09	9.5466650557e-10
2.14814284317e-09	2.12327860155e-10
2.14933625586e-09	-5.90606230588e-10
2.15052966855e-09	-1.22198977326e-09
2.15172308124e-09	-1.49864502752e-09
2.15291649393e-09	-1.33983517336e-09
2.15410990663e-09	-7.90833842856e-10
2.15530331932e-09	-1.01001932512e-11
2.15649673201e-09	7.76941455616e-10
2.1576901447e-09	1.34238081761e-09
2.15888355739e-09	1.52227820627e-09
2.16007697008e-09	1.2640344188e-09
2.16127038277e-09	6.41669634094e-10
2.16246379546e-09	-1.65163329194e-10
2.16365720815e-09	-9.23186693758e-10
2.16485062084e-09	-1.41279596355e-09
2.16604403353e-09	-1.49180619247e-09
2.16723744622e-09	-1.13690139247e-09
2.16843085891e-09	-4.5013154315e-10
2.1696242716e-09	3.70385964954e-10
2.17081768429e-09	1.08716266545e-09
2.17201109698e-09	1.49273444994e-09
2.17320450968e-09	1.46915107857e-09
2.17439792237e-09	1.0228971975e-09
2.17559133506e-09	2.82270151697e-10
2.17678474775e-09	-5.38711832088e-10
2.17797816044e-09	-1.20248522251e-09
2.17917157313e-09	-1.51697651662e-09
2.18036498582e-09	-1.39064230964e-09
2.18155839851e-09	-8.59337358217e-10
2.1827518112e-09	-7.64411051818e-11
2.18394522389e-09	7.31977867208e-10
2.18513863658e-09	1.33194813512e-09
2.18633204927e-09	1.54968225752e-09
2.18752546196e-09	1.32181321444e-09
2.18871887465e-09	7.13807804531e-10
2.18991228734e-09	-9.88237096322e-11
2.19110570004e-09	-8.81177637801e-10
2.19229911273e-09	-1.40669398352e-09
2.19349252542e-09	-1.5230607886e-09
2.19468593811e-09	-1.19618968897e-09
2.1958793508e-09	-5.20219756162e-10
2.19707276349e-09	3.09655936309e-10
2.19826617618e-09	1.05351555257e-09
2.19945958887e-09	1.49603759936e-09
2.20065300156e-09	1.50872971061e-09
2.20184641425e-09	1.08770441265e-09
2.20303982694e-09	3.54135977487e-10
2.20423323963e-09	-4.79794252939e-10
2.20542665232e-09	-1.17295080593e-09
2.20662006501e-09	-1.52477105941e-09
2.2078134777e-09	-1.43286348064e-09
2.2090068904e-09	-9.23638186767e-10
2.21020030309e-09	-1.43979852346e-10
2.21139371578e-09	6.80823279697e-10
2.21258712847e-09	1.31216568167e-09
2.21378054116e-09	1.56732961332e-09
2.21497395385e-09	1.37186446925e-09
2.21616736654e-09	7.82361272988e-10
2.21736077923e-09	-3.1236120461e-11
2.21855419192e-09	-8.33655512678e-10
2.21974760461e-09	-1.39271316701e-09
2.2209410173e-09	-1.54652733675e-09
2.22213442999e-09	-1.25009504137e-09
2.22332784268e-09	-5.8885759463e-10
2.22452125537e-09	2.46270934201e-10
2.22571466806e-09	1.01379828144e-09
2.22690808075e-09	1.49182090292e-09
2.22810149345e-09	1.54177949574e-09
2.22929490614e-09	1.14883245972e-09
2.23048831883e-09	4.26429572209e-10
2.23168173152e-09	-4.16779208368e-10
2.23287514421e-09	-1.13687943781e-09
2.2340685569e-09	-1.52570694967e-09
2.23526196959e-09	-1.47030793096e-09
2.23645538228e-09	-9.8666144005e-10
2.23764879497e-09	-2.14324604939e-10
2.23884220766e-09	6.23377703624e-10
2.24003562035e-09	1.28432503521e-09
2.24122903304e-09	1.57734793282e-09
2.24242244573e-09	1.41725860214e-09
2.24361585842e-09	8.50369129279e-10
2.24480927111e-09	4.01380959719e-11
2.24600268381e-09	-7.78973698046e-10
2.2471960965e-09	-1.36995925715e-09
2.24838950919e-09	-1.56191851119e-09
2.24958292188e-09	-1.29901596424e-09
2.25077633457e-09	-6.5696915269e-10
2.25196974726e-09	1.78523406127e-10
2.25316315995e-09	9.66073630815e-10
2.25435657264e-09	1.47786403948e-09
2.25554998533e-09	1.56574758714e-09
2.25674339802e-09	1.20420989846e-09
2.25793681071e-09	4.97503545305e-10
2.2591302234e-09	-3.49980967818e-10
2.26032363609e-09	-1.09342529475e-09
2.26151704878e-09	-1.51752770072e-09
2.26271046147e-09	-1.49957625484e-09
2.26390387417e-09	-1.04462503925e-09
2.26509728686e-09	-2.84006037438e-10
2.26629069955e-09	5.62523416736e-10
2.26748411224e-09	1.24998691953e-09
2.26867752493e-09	1.57960927671e-09
2.26987093762e-09	1.45597109369e-09
2.27106435031e-09	9.14632536375e-10
2.272257763e-09	1.11969761588e-10
2.27345117569e-09	-7.20092804829e-10
2.27464458838e-09	-1.34065632207e-09
2.27583800107e-09	-1.57045579319e-09
2.27703141376e-09	-1.34283005548e-09
2.27822482645e-09	-7.23544654746e-10
2.27941823914e-09	1.08631834431e-10
2.28061165183e-09	9.13068683162e-10
2.28180506452e-09	1.45725208289e-09
2.28299847722e-09	1.58372318038e-09
2.28419188991e-09	1.25575551346e-09
2.2853853026e-09	5.68243320453e-10
2.28657871529e-09	-2.80055985347e-10
2.28777212798e-09	-1.04406056023e-09
2.28896554067e-09	-1.50259277243e-09
2.29015895336e-09	-1.52322070235e-09
2.29135236605e-09	-1.09971233508e-09
2.29254577874e-09	-3.54675414038e-10
2.29373919143e-09	4.96586910481e-10
2.29493260412e-09	1.20790459579e-09
2.29612601681e-09	1.57377119669e-09
2.2973194295e-09	1.48811143963e-09
2.29851284219e-09	9.75960055827e-10
2.29970625488e-09	1.85047709794e-10
2.30089966758e-09	-6.55776058456e-10
2.30209308027e-09	-1.30342890647e-09
2.30328649296e-09	-1.57062528261e-09
2.30447990565e-09	-1.38008825201e-09
2.30567331834e-09	-7.86887797977e-10
2.30686673103e-09	3.7609734771e-11
2.30806014372e-09	8.54949819273e-10
2.30925355641e-09	1.42886946719e-09
2.3104469691e-09	1.59333168881e-09
2.31164038179e-09	1.30092485395e-09
2.31283379448e-09	6.36181864133e-10
2.31402720717e-09	-2.08823156683e-10
2.31522061986e-09	-9.89563424258e-10
2.31641403255e-09	-1.48051057525e-09
2.31760744524e-09	-1.53954918258e-09
2.31880085794e-09	-1.149846246e-09
2.31999427063e-09	-4.23803069027e-10
2.32118768332e-09	4.28672774361e-10
2.32238109601e-09	1.16091912472e-09
2.3235745087e-09	1.56157625719e-09
2.32476792139e-09	1.51464207843e-09
2.32596133408e-09	1.03373867799e-09
2.32715474677e-09	2.57888047722e-10
2.32834815946e-09	-5.88593861151e-10
2.32954157215e-09	-1.26079795215e-09
2.33073498484e-09	-1.56468649148e-09
2.33192839753e-09	-1.41236762563e-09
2.33312181022e-09	-8.47872778931e-10
2.33431522291e-09	-3.45468965934e-11
2.3355086356e-09	7.92407833794e-10
2.33670204829e-09	1.39412185962e-09
2.33789546099e-09	1.59661371624e-09
2.33908887368e-09	1.34157680798e-09
2.34028228637e-09	7.02759593574e-10
2.34147569906e-09	-1.35217122221e-10
2.34266911175e-09	-9.29890886514e-10
2.34386252444e-09	-1.45153279674e-09
2.34505593713e-09	-1.54950850761e-09
2.34624934982e-09	-1.19551074595e-09
2.34744276251e-09	-4.92035683031e-10
2.3486361752e-09	3.57616151969e-10
2.34982958789e-09	1.10777474693e-09
2.35102300058e-09	1.54151863496e-09
2.35221641327e-09	1.53360220356e-09
2.35340982596e-09	1.0865273542e-09
2.35460323865e-09	3.2968061961e-10
2.35579665135e-09	-5.1820226582e-10
2.35699006404e-09	-1.21189827618e-09
2.35818347673e-09	-1.55114705802e-09
2.35937688942e-09	-1.43767840688e-09
2.36057030211e-09	-9.04677721625e-10
2.3617637148e-09	-1.06225889196e-10
2.36295712749e-09	7.26884899493e-10
2.36415054018e-09	1.35367582421e-09
2.36534395287e-09	1.59325036497e-09
2.36653736556e-09	1.37629417585e-09
2.36773077825e-09	7.65865496022e-10
2.36892419094e-09	-6.16443970522e-11
2.37011760363e-09	-8.66758574636e-10
2.37131101632e-09	-1.4168780732e-09
2.37250442901e-09	-1.55319003492e-09
2.3736978417e-09	-1.23625783222e-09
2.3748912544e-09	-5.5802831106e-10
2.37608466709e-09	2.85555652041e-10
2.37727807978e-09	1.05042372023e-09
2.37847149247e-09	1.51575337004e-09
2.37966490516e-09	1.54709374478e-09
2.38085831785e-09	1.13567520665e-09
2.38205173054e-09	4.00531441347e-10
2.38324514323e-09	-4.45667992094e-10
2.38443855592e-09	-1.15843382109e-09
2.38563196861e-09	-1.53163016992e-09
2.3868253813e-09	-1.45775609639e-09
2.38801879399e-09	-9.58370938164e-10
2.38921220668e-09	-1.77800309198e-10
2.39040561937e-09	6.57935865511e-10
2.39159903206e-09	1.30751499905e-09
2.39279244476e-09	1.58315907606e-09
2.39398585745e-09	1.40539990756e-09
2.39517927014e-09	8.26044448121e-10
2.39637268283e-09	1.26377051185e-11
2.39756609552e-09	-7.99640235971e-10
2.39875950821e-09	-1.37600053574e-09
2.3999529209e-09	-1.54994966861e-09
2.40114633359e-09	-1.27144793305e-09
2.40233974628e-09	-6.2127634981e-10
2.40353315897e-09	2.12465522606e-10
2.40472657166e-09	9.8891306255e-10
2.40591998435e-09	1.48352602425e-09
2.40711339704e-09	1.55372889554e-09
2.40830680973e-09	1.17941087452e-09
2.40950022242e-09	4.68866966086e-10
2.41069363512e-09	-3.7215814111e-10
2.41188704781e-09	-1.10064241055e-09
2.4130804605e-09	-1.50595554083e-09
2.41427387319e-09	-1.47143190687e-09
2.41546728588e-09	-1.00716264495e-09
2.41666069857e-09	-2.47579033663e-10
2.41785411126e-09	5.87607552893e-10
2.41904752395e-09	1.25692742325e-09
2.42024093664e-09	1.56729597356e-09
2.42143434933e-09	1.42906722567e-09
2.42262776202e-09	8.82675002534e-10
2.42382117471e-09	8.60835725619e-11
2.4250145874e-09	-7.30206020649e-10
2.42620800009e-09	-1.33040638228e-09
2.42740141278e-09	-1.54120922968e-09
2.42859482547e-09	-1.30185254243e-09
2.42978823817e-09	-6.81975913241e-10
2.43098165086e-09	1.39080649775e-10
2.43217506355e-09	9.24019583071e-10
2.43336847624e-09	1.44602463337e-09
2.43456188893e-09	1.55444655758e-09
2.43575530162e-09	1.218369447e-09
2.43694871431e-09	5.35098680643e-10
2.438142127e-09	-2.97401304972e-10
2.43933553969e-09	-1.03871136692e-09
2.44052895238e-09	-1.47455393729e-09
2.44172236507e-09	-1.47927822769e-09
2.44291577776e-09	-1.05195037403e-09
2.44410919045e-09	-3.16178187798e-10
2.44530260314e-09	5.15059557504e-10
2.44649601583e-09	1.20159740491e-09
2.44768942853e-09	1.54514231965e-09
2.44888284122e-09	1.44670128654e-09
2.45007625391e-09	9.35186567075e-10
2.4512696666e-09	1.58525454916e-10
2.45246307929e-09	-6.58490283134e-10
2.45365649198e-09	-1.27975241515e-09
2.45484990467e-09	-1.52596181524e-09
2.45604331736e-09	-1.32628209804e-09
2.45723673005e-09	-7.38808202116e-10
2.45843014274e-09	6.65789732374e-11
2.45962355543e-09	8.56800068394e-10
2.46081696812e-09	1.40345036981e-09
2.46201038081e-09	1.5491699451e-09
2.4632037935e-09	1.25206017776e-09
2.46439720619e-09	5.98243996008e-10
2.46559061889e-09	-2.22969788466e-10
2.46678403158e-09	-9.74133732012e-10
2.46797744427e-09	-1.43825032439e-09
2.46917085696e-09	-1.48165078817e-09
2.47036426965e-09	-1.09198634857e-09
2.47155768234e-09	-3.82296999613e-10
2.47275109503e-09	4.42082960517e-10
2.47394450772e-09	1.14298367992e-09
2.47513792041e-09	1.5179305729e-09
2.4763313331e-09	1.45892173342e-09
2.47752474579e-09	9.83410977651e-10
2.47871815848e-09	2.29317315137e-10
2.47991157117e-09	-5.85378613638e-10
2.48110498386e-09	-1.22522039736e-09
2.48229839655e-09	-1.50557120937e-09
2.48349180924e-09	-1.34566205401e-09
2.48468522194e-09	-7.92266405258e-10
2.48587863463e-09	-5.54625963212e-12
2.48707204732e-09	7.87047954587e-10
2.48826546001e-09	1.35643937749e-09
2.4894588727e-09	1.53838808359e-09
2.49065228539e-09	1.28074807704e-09
2.49184569808e-09	6.58456192348e-10
2.49303911077e-09	-1.48453001628e-10
2.49423252346e-09	-9.06503733189e-10
2.49542593615e-09	-1.39681154143e-09
2.49661934884e-09	-1.4780902613e-09
2.49781276153e-09	-1.12715686784e-09
2.49900617422e-09	-4.45930695148e-10
2.50019958691e-09	3.68666042139e-10
2.5013929996e-09	1.08089380502e-09
2.5025864123e-09	1.48528460364e-09
2.50377982499e-09	1.46529754996e-09
2.50497323768e-09	1.02710503991e-09
2.50616665037e-09	2.97851358161e-10
2.50736006306e-09	-5.11515406421e-10
2.50855347575e-09	-1.16705752007e-09
2.50974688844e-09	-1.47964955566e-09
2.51094030113e-09	-1.35931269019e-09
2.51213371382e-09	-8.41243692762e-10
2.51332712651e-09	-7.5608640876e-11
2.5145205392e-09	7.16192556649e-10
2.51571395189e-09	1.30543080512e-09
2.51690736458e-09	1.52225131111e-09
2.51810077727e-09	1.30402548482e-09
2.51929418996e-09	7.14865389106e-10
2.52048760266e-09	-7.49932381819e-11
2.52168101535e-09	-8.37224456429e-10
2.52287442804e-09	-1.35140661162e-09
2.52406784073e-09	-1.46946847746e-09
2.52526125342e-09	-1.15764643704e-09
2.52645466611e-09	-5.06540809297e-10
2.5276480788e-09	2.95271983947e-10
2.52884149149e-09	1.01625852178e-09
2.53003490418e-09	1.44803248558e-09
2.53122831687e-09	1.46638820531e-09
2.53242172956e-09	1.06638406439e-09
2.53361514225e-09	3.64222284277e-10
2.53480855494e-09	-4.37011975218e-10
2.53600196763e-09	-1.10573994405e-09
2.53719538032e-09	-1.448840381e-09
2.53838879301e-09	-1.36777270066e-09
2.53958220571e-09	-8.8635840334e-10
2.5407756184e-09	-1.44241708855e-10
2.54196903109e-09	6.44079560519e-10
2.54316244378e-09	1.25064950063e-09
2.54435585647e-09	1.50069945359e-09
2.54554926916e-09	1.32223619553e-09
2.54674268185e-09	7.67463502471e-10
2.54793609454e-09	-3.02403935226e-12
2.54912950723e-09	-7.66157248755e-10
2.55032291992e-09	-1.30169369728e-09
2.55151633261e-09	-1.45526336814e-09
2.5527097453e-09	-1.18280256423e-09
2.55390315799e-09	-5.63675141285e-10
2.55509657068e-09	2.22952512355e-10
2.55628998337e-09	9.49505439551e-10
