% time-domain current integration by openEMS v0.37.0-rc1-2-g7b051bb @Thu Aug  6 23:13:51 2026
% start-coordinates: (0.00119915,0.0041785,-0.000762) m -> [65,123,14]
% stop-coordinates: (0.00170044,0.00471968,-0.000762) m -> [74,134,14]
% t/s	current
6.68851896328e-14	0
1.27081860302e-12	0
2.47475201641e-12	0
3.67868542981e-12	0
4.8826188432e-12	0
6.08655225659e-12	5.54063637336e-35
7.29048566998e-12	1.36319352718e-29
8.49441908337e-12	1.15287411392e-25
9.69835249676e-12	1.20016250513e-22
1.09022859102e-11	2.93985967374e-20
1.21062193235e-11	2.4841383576e-18
1.33101527369e-11	9.25733160664e-17
1.45140861503e-11	1.79893598492e-15
1.57180195637e-11	2.05307691285e-14
1.69219529771e-11	1.50057117882e-13
1.81258863905e-11	7.4841657394e-13
1.93298198039e-11	2.66034026405e-12
2.05337532173e-11	6.85368428677e-12
2.17376866307e-11	1.22560477392e-11
2.29416200441e-11	1.0937807951e-11
2.41455534575e-11	-1.82489752476e-11
2.53494868708e-11	-1.14574592869e-10
2.65534202842e-11	-3.36327465877e-10
2.77573536976e-11	-7.53073992055e-10
2.8961287111e-11	-1.41538158971e-09
3.01652205244e-11	-2.28765895116e-09
3.13691539378e-11	-3.14915493682e-09
3.25730873512e-11	-3.48956619156e-09
3.37770207646e-11	-2.45181452918e-09
3.4980954178e-11	1.09257369818e-09
3.61848875914e-11	8.25648438507e-09
3.73888210048e-11	1.96280787179e-08
3.85927544181e-11	3.46366277881e-08
3.97966878315e-11	5.10282056609e-08
4.10006212449e-11	6.47740066029e-08
4.22045546583e-11	7.06688680907e-08
4.34084880717e-11	6.36521804154e-08
4.46124214851e-11	4.05540063753e-08
4.58163548985e-11	1.65510172234e-09
4.70202883119e-11	-4.86257931698e-08
4.82242217253e-11	-1.02343250319e-07
4.94281551387e-11	-1.49860767351e-07
5.06320885521e-11	-1.82298464324e-07
5.18360219654e-11	-1.937076064e-07
5.30399553788e-11	-1.82249337399e-07
5.42438887922e-11	-1.5016219379e-07
5.54478222056e-11	-1.02837432792e-07
5.6651755619e-11	-4.76023558349e-08
5.78556890324e-11	7.34164951055e-09
5.90596224458e-11	5.38037063791e-08
6.02635558592e-11	8.46491303719e-08
6.14674892726e-11	9.52524032982e-08
6.2671422686e-11	8.51751948971e-08
6.38753560994e-11	5.92818203415e-08
6.50792895128e-11	2.73125930761e-08
6.62832229261e-11	1.42484535282e-09
6.74871563395e-11	-7.8044735119e-09
6.86910897529e-11	4.58236026901e-09
6.98950231663e-11	3.57099025905e-08
7.10989565797e-11	7.56898614895e-08
7.23028899931e-11	1.11310754392e-07
7.35068234065e-11	1.31017131366e-07
7.47107568199e-11	1.28945856659e-07
7.59146902333e-11	1.06332471717e-07
7.71186236467e-11	6.99441287111e-08
7.83225570601e-11	2.86600077004e-08
7.95264904734e-11	-9.95472504428e-09
8.07304238868e-11	-4.15766621131e-08
8.19343573002e-11	-6.51102070037e-08
8.31382907136e-11	-8.13585856463e-08
8.4342224127e-11	-9.15109339417e-08
8.55461575404e-11	-9.62527977322e-08
8.67500909538e-11	-9.56910781724e-08
8.79540243672e-11	-8.9693571681e-08
8.91579577806e-11	-7.82310820568e-08
9.0361891194e-11	-6.15596036369e-08
9.15658246074e-11	-4.04010265243e-08
9.27697580207e-11	-1.62441473606e-08
9.39736914341e-11	8.37308800072e-09
9.51776248475e-11	2.99665003922e-08
9.63815582609e-11	4.49100809874e-08
9.75854916743e-11	5.07856867671e-08
9.87894250877e-11	4.76012438355e-08
9.99933585011e-11	3.8125214985e-08
1.01197291914e-10	2.6933147268e-08
1.02401225328e-10	1.85070572201e-08
1.03605158741e-10	1.53707535588e-08
1.04809092155e-10	1.71812821748e-08
1.06013025568e-10	2.12151629597e-08
1.07216958981e-10	2.38909230177e-08
1.08420892395e-10	2.24333565058e-08
1.09624825808e-10	1.587602938e-08
1.10828759222e-10	5.07690733897e-09
1.12032692635e-10	-7.95310661772e-09
1.13236626048e-10	-2.08387227474e-08
1.14440559462e-10	-3.1294323577e-08
1.15644492875e-10	-3.71940309662e-08
1.16848426289e-10	-3.65685792758e-08
1.18052359702e-10	-2.78818657051e-08
1.19256293115e-10	-1.06698516689e-08
1.20460226529e-10	1.36746276524e-08
1.21664159942e-10	4.14814103067e-08
1.22868093356e-10	6.71118698392e-08
1.24072026769e-10	8.40732496954e-08
1.25275960182e-10	8.66818581358e-08
1.26479893596e-10	7.17239743153e-08
1.27683827009e-10	3.95853732016e-08
1.28887760422e-10	-5.52305357004e-09
1.30091693836e-10	-5.63079467497e-08
1.31295627249e-10	-1.03880104518e-07
1.32499560663e-10	-1.39598824944e-07
1.33703494076e-10	-1.56824825126e-07
1.34907427489e-10	-1.5217564453e-07
1.36111360903e-10	-1.26086888486e-07
1.37315294316e-10	-8.26066326454e-08
1.3851922773e-10	-2.85592989258e-08
1.39723161143e-10	2.77199774246e-08
1.40927094556e-10	7.78334481311e-08
1.4213102797e-10	1.14706246279e-07
1.43334961383e-10	1.33700922333e-07
1.44538894797e-10	1.33285595894e-07
1.4574282821e-10	1.15140359469e-07
1.46946761623e-10	8.36682545469e-08
1.48150695037e-10	4.50176003142e-08
1.4935462845e-10	5.80496006819e-09
1.50558561864e-10	-2.81571637117e-08
1.51762495277e-10	-5.28372581243e-08
1.5296642869e-10	-6.64409611772e-08
1.54170362104e-10	-6.93154333931e-08
1.55374295517e-10	-6.33624068769e-08
1.5657822893e-10	-5.12203008896e-08
1.57782162344e-10	-3.54970310923e-08
1.58986095757e-10	-1.82866273235e-08
1.60190029171e-10	-1.11175935125e-09
1.61393962584e-10	1.48092986763e-08
1.62597895997e-10	2.82105681038e-08
1.63801829411e-10	3.76041420225e-08
1.65005762824e-10	4.14948502225e-08
1.66209696238e-10	3.89415681923e-08
1.67413629651e-10	3.01936040614e-08
1.68617563064e-10	1.7039987199e-08
1.69821496478e-10	2.58740429082e-09
1.71025429891e-10	-9.56030632437e-09
1.72229363305e-10	-1.64366422695e-08
1.73433296718e-10	-1.67140861151e-08
1.74637230131e-10	-1.11477973519e-08
1.75841163545e-10	-2.26782415069e-09
1.77045096958e-10	6.565382904e-09
1.78249030372e-10	1.23420313969e-08
1.79452963785e-10	1.3369994889e-08
1.80656897198e-10	9.69196278788e-09
1.81860830612e-10	2.83985013283e-09
1.83064764025e-10	-4.89783502644e-09
1.84268697438e-10	-1.13591971385e-08
1.85472630852e-10	-1.51838186468e-08
1.86676564265e-10	-1.60338124999e-08
1.87880497679e-10	-1.43682230558e-08
1.89084431092e-10	-1.09371312007e-08
1.90288364505e-10	-6.30073193619e-09
1.91492297919e-10	-6.2303789905e-10
1.92696231332e-10	6.1682885466e-09
1.93900164746e-10	1.39585756287e-08
1.95104098159e-10	2.20202220902e-08
1.96308031572e-10	2.88715451546e-08
1.97511964986e-10	3.25506306353e-08
1.98715898399e-10	3.12537089542e-08
1.99919831813e-10	2.40866171453e-08
2.01123765226e-10	1.15870477657e-08
2.02327698639e-10	-4.228477124e-09
2.03531632053e-10	-2.03519956443e-08
2.04735565466e-10	-3.36442838034e-08
2.0593949888e-10	-4.17584260504e-08
2.07143432293e-10	-4.37655813812e-08
2.08347365706e-10	-4.02958733048e-08
2.0955129912e-10	-3.31362279837e-08
2.10755232533e-10	-2.44996058996e-08
2.11959165946e-10	-1.62623159383e-08
2.1316309936e-10	-9.44326394858e-09
2.14367032773e-10	-4.11503187081e-09
2.15570966187e-10	2.89879925619e-10
2.167748996e-10	4.47936399084e-09
2.17978833013e-10	8.83150086395e-09
2.19182766427e-10	1.31642519108e-08
2.2038669984e-10	1.68204792317e-08
2.21590633254e-10	1.89836075748e-08
2.22794566667e-10	1.9071261903e-08
2.2399850008e-10	1.70120575405e-08
2.25202433494e-10	1.33088429166e-08
2.26406366907e-10	8.84772166643e-09
2.27610300321e-10	4.5505137436e-09
2.28814233734e-10	1.02678854308e-09
2.30018167147e-10	-1.61749169614e-09
2.31222100561e-10	-3.72418917927e-09
2.32426033974e-10	-5.81328851723e-09
2.33629967387e-10	-8.23280466022e-09
2.34833900801e-10	-1.09147917371e-08
2.36037834214e-10	-1.33618671683e-08
2.37241767628e-10	-1.48739625061e-08
2.38445701041e-10	-1.49030370267e-08
2.39649634454e-10	-1.33369484345e-08
2.40853567868e-10	-1.05807043127e-08
2.42057501281e-10	-7.41131023219e-09
2.43261434695e-10	-4.68042804513e-09
2.44465368108e-10	-3.03608227448e-09
2.45669301521e-10	-2.77638445567e-09
2.46873234935e-10	-3.8655350032e-09
2.48077168348e-10	-6.06122174673e-09
2.49281101762e-10	-9.02573660255e-09
2.50485035175e-10	-1.23661783036e-08
2.51688968588e-10	-1.55859201101e-08
2.52892902002e-10	-1.80289667639e-08
2.54096835415e-10	-1.8921173961e-08
2.55300768829e-10	-1.75321606122e-08
2.56504702242e-10	-1.34439623878e-08
2.57708635655e-10	-6.81068001995e-09
2.58912569069e-10	1.53498158628e-09
2.60116502482e-10	1.01923758322e-08
2.61320435895e-10	1.75201879671e-08
2.62524369309e-10	2.20792522043e-08
2.63728302722e-10	2.3030780838e-08
2.64932236136e-10	2.03700167845e-08
2.66136169549e-10	1.49048826614e-08
2.67340102962e-10	8.00030086623e-09
2.68544036376e-10	1.1914628173e-09
2.69747969789e-10	-4.22720836113e-09
2.70951903203e-10	-7.49228235009e-09
2.72155836616e-10	-8.46006198429e-09
2.73359770029e-10	-7.49747464113e-09
2.74563703443e-10	-5.23859444712e-09
2.75767636856e-10	-2.31237740067e-09
2.7697157027e-10	8.33054347726e-10
2.78175503683e-10	3.97072241753e-09
2.79379437096e-10	7.00654823049e-09
2.8058337051e-10	9.84568782059e-09
2.81787303923e-10	1.22945520431e-08
2.82991237337e-10	1.40460487685e-08
2.8419517075e-10	1.47495322622e-08
2.85399104163e-10	1.4122827352e-08
2.86603037577e-10	1.20432233075e-08
2.8780697099e-10	8.60301518912e-09
2.89010904403e-10	4.12736644861e-09
2.90214837817e-10	-8.51025749871e-10
2.9141877123e-10	-5.64495650224e-09
2.92622704644e-10	-9.51540890526e-09
2.93826638057e-10	-1.18260015114e-08
2.9503057147e-10	-1.21975665124e-08
2.96234504884e-10	-1.06259179233e-08
2.97438438297e-10	-7.49028306046e-09
2.98642371711e-10	-3.42819750365e-09
2.99846305124e-10	8.65042926179e-10
3.01050238537e-10	4.83030282439e-09
3.02254171951e-10	8.14562817197e-09
3.03458105364e-10	1.06973816472e-08
3.04662038778e-10	1.24672885349e-08
3.05865972191e-10	1.34204318769e-08
3.07069905604e-10	1.34766819926e-08
3.08273839018e-10	1.25866188583e-08
3.09477772431e-10	1.08461648551e-08
3.10681705845e-10	8.57171933433e-09
3.11885639258e-10	6.25308915758e-09
3.13089572671e-10	4.38586056362e-09
3.14293506085e-10	3.26046234456e-09
3.15497439498e-10	2.82425904885e-09
3.16701372911e-10	2.69142796938e-09
3.17905306325e-10	2.31482499835e-09
3.19109239738e-10	1.23955179454e-09
3.20313173152e-10	-6.79344025478e-10
3.21517106565e-10	-3.1880038609e-09
3.22721039978e-10	-5.7053597402e-09
3.23924973392e-10	-7.51346718175e-09
3.25128906805e-10	-7.98530397361e-09
3.26332840219e-10	-6.76785605336e-09
3.27536773632e-10	-3.88081300429e-09
3.28740707045e-10	2.82764062165e-10
3.29944640459e-10	5.03762986881e-09
3.31148573872e-10	9.55107193334e-09
3.32352507286e-10	1.30245529917e-08
3.33556440699e-10	1.48742289596e-08
3.34760374112e-10	1.48619978546e-08
3.35964307526e-10	1.31268658166e-08
3.37168240939e-10	1.01020001253e-08
3.38372174353e-10	6.34982333381e-09
3.39576107766e-10	2.38148212262e-09
3.40780041179e-10	-1.46000900259e-09
3.41983974593e-10	-4.99968688672e-09
3.43187908006e-10	-8.14191736254e-09
3.44391841419e-10	-1.07403925753e-08
3.45595774833e-10	-1.25153460928e-08
3.46799708246e-10	-1.30771855567e-08
3.4800364166e-10	-1.20586456376e-08
3.49207575073e-10	-9.29793220195e-09
3.50411508486e-10	-4.98732743992e-09
3.516154419e-10	2.85867413075e-10
3.52819375313e-10	5.64632962607e-09
3.54023308727e-10	1.01567092514e-08
3.5522724214e-10	1.30717632274e-08
3.56431175553e-10	1.40309346364e-08
3.57635108967e-10	1.31177921858e-08
3.5883904238e-10	1.07654987147e-08
3.60042975794e-10	7.57167217813e-09
3.61246909207e-10	4.100133566e-09
3.6245084262e-10	7.55676743402e-10
3.63654776034e-10	-2.23787255393e-09
3.64858709447e-10	-4.77147743538e-09
3.66062642861e-10	-6.75519107318e-09
3.67266576274e-10	-8.05989142094e-09
3.68470509687e-10	-8.52241477389e-09
3.69674443101e-10	-8.01780331017e-09
3.70878376514e-10	-6.5500600499e-09
3.72082309927e-10	-4.31045865668e-09
3.73286243341e-10	-1.67052571776e-09
3.74490176754e-10	9.03216612613e-10
3.75694110168e-10	2.9804041457e-09
3.76898043581e-10	4.28772439776e-09
3.78101976994e-10	4.7760573274e-09
3.79305910408e-10	4.60164528704e-09
3.80509843821e-10	4.03543420902e-09
3.81713777235e-10	3.34647154432e-09
3.82917710648e-10	2.70405520197e-09
3.84121644061e-10	2.14425566192e-09
3.85325577475e-10	1.60698943041e-09
3.86529510888e-10	1.01435870814e-09
3.87733444302e-10	3.51192047665e-10
3.88937377715e-10	-2.94447105587e-10
3.90141311128e-10	-7.50620232637e-10
3.91345244542e-10	-8.27746815535e-10
3.92549177955e-10	-4.00939975664e-10
3.93753111369e-10	5.24094323495e-10
3.94957044782e-10	1.79291248514e-09
3.96160978195e-10	3.13446490985e-09
3.97364911609e-10	4.23625712287e-09
3.98568845022e-10	4.82977213778e-09
3.99772778435e-10	4.76045869391e-09
4.00976711849e-10	4.02423161461e-09
4.02180645262e-10	2.75112710391e-09
4.03384578676e-10	1.15678144841e-09
4.04588512089e-10	-5.22140108927e-10
4.05792445502e-10	-2.08039874217e-09
4.06996378916e-10	-3.36785976884e-09
4.08200312329e-10	-4.2802730249e-09
4.09404245743e-10	-4.73577532745e-09
4.10608179156e-10	-4.66107019648e-09
4.11812112569e-10	-4.00589827976e-09
4.13016045983e-10	-2.78463230252e-09
4.14219979396e-10	-1.121191473e-09
4.1542391281e-10	7.40191852255e-10
4.16627846223e-10	2.47608755721e-09
4.17831779636e-10	3.76964459647e-09
4.1903571305e-10	4.41015979291e-09
4.20239646463e-10	4.35305302915e-09
4.21443579877e-10	3.71946695665e-09
4.2264751329e-10	2.73257372285e-09
4.23851446703e-10	1.62972435547e-09
4.25055380117e-10	5.91455551202e-10
4.2625931353e-10	-2.84729517741e-10
4.27463246943e-10	-9.66911550826e-10
4.28667180357e-10	-1.45580081323e-09
4.2987111377e-10	-1.7598467128e-09
4.31075047184e-10	-1.89055571198e-09
4.32278980597e-10	-1.87494664239e-09
4.3348291401e-10	-1.76222147985e-09
4.34686847424e-10	-1.61201629822e-09
4.35890780837e-10	-1.46965173364e-09
4.37094714251e-10	-1.33942801295e-09
4.38298647664e-10	-1.17497833685e-09
4.39502581077e-10	-8.92730445123e-10
4.40706514491e-10	-4.04146160982e-10
4.41910447904e-10	3.47860906746e-10
4.43114381318e-10	1.36004607576e-09
4.44318314731e-10	2.55602472521e-09
4.45522248144e-10	3.78853215466e-09
4.46726181558e-10	4.85564211061e-09
4.47930114971e-10	5.53058399078e-09
4.49134048384e-10	5.60257662485e-09
4.50337981798e-10	4.92822493925e-09
4.51541915211e-10	3.47978779125e-09
4.52745848625e-10	1.3740479865e-09
4.53949782038e-10	-1.13416842584e-09
4.55153715451e-10	-3.69695229985e-09
4.56357648865e-10	-5.94461546655e-09
4.57561582278e-10	-7.56100515531e-09
4.58765515692e-10	-8.33428348557e-09
4.59969449105e-10	-8.17616196969e-09
4.61173382518e-10	-7.11101444395e-09
4.62377315932e-10	-5.25123988737e-09
4.63581249345e-10	-2.77777889579e-09
4.64785182759e-10	7.29994259485e-11
4.65989116172e-10	3.01752112186e-09
4.67193049585e-10	5.74142244858e-09
4.68396982999e-10	7.92796317484e-09
4.69600916412e-10	9.29854415688e-09
4.70804849826e-10	9.65798463426e-09
4.72008783239e-10	8.92950602349e-09
4.73212716652e-10	7.17789339078e-09
4.74416650066e-10	4.61341853608e-09
4.75620583479e-10	1.57398760692e-09
4.76824516892e-10	-1.51605328291e-09
4.78028450306e-10	-4.21149692897e-09
4.79232383719e-10	-6.12591222193e-09
4.80436317133e-10	-7.00927405006e-09
4.81640250546e-10	-6.80205758385e-09
4.82844183959e-10	-5.6427191808e-09
4.84048117373e-10	-3.83042042529e-09
4.85252050786e-10	-1.74279013443e-09
4.864559842e-10	2.56959648004e-10
4.87659917613e-10	1.89939552975e-09
4.88863851026e-10	3.05213876395e-09
4.9006778444e-10	3.71329411664e-09
4.91271717853e-10	3.96843757855e-09
4.92475651267e-10	3.92829591078e-09
4.9367958468e-10	3.67581654004e-09
4.94883518093e-10	3.24129323381e-09
4.96087451507e-10	2.61249266664e-09
4.9729138492e-10	1.77132053469e-09
4.98495318334e-10	7.36194494255e-10
4.99699251747e-10	-4.10873696177e-10
5.0090318516e-10	-1.52493717653e-09
5.02107118574e-10	-2.43089370855e-09
5.03311051987e-10	-2.97068947219e-09
5.045149854e-10	-3.05069525197e-09
5.05718918814e-10	-2.66657584902e-09
5.06922852227e-10	-1.90307103409e-09
5.08126785641e-10	-9.08435771052e-10
5.09330719054e-10	1.46273090862e-10
5.10534652467e-10	1.10372500028e-09
5.11738585881e-10	1.84861481678e-09
5.12942519294e-10	2.32042984827e-09
5.14146452708e-10	2.50995446649e-09
5.15350386121e-10	2.44902187418e-09
5.16554319534e-10	2.19542850566e-09
5.17758252948e-10	1.8211984143e-09
5.18962186361e-10	1.40266798176e-09
5.20166119775e-10	1.0133250905e-09
5.21370053188e-10	7.17626680302e-10
5.22573986601e-10	5.60685220474e-10
5.23777920015e-10	5.59095769681e-10
5.24981853428e-10	6.94603430329e-10
5.26185786842e-10	9.16678455365e-10
5.27389720255e-10	1.15509146692e-09
5.28593653668e-10	1.34074285008e-09
5.29797587082e-10	1.42633149736e-09
5.31001520495e-10	1.397123639e-09
5.32205453908e-10	1.26921306798e-09
5.33409387322e-10	1.07693609586e-09
5.34613320735e-10	8.56962112383e-10
5.35817254149e-10	6.37502384215e-10
5.37021187562e-10	4.38438257921e-10
5.38225120975e-10	2.7752819487e-10
5.39429054389e-10	1.76890030401e-10
5.40632987802e-10	1.63577915102e-10
5.41836921216e-10	2.59810922776e-10
5.43040854629e-10	4.67607674803e-10
5.44244788042e-10	7.55106643879e-10
5.45448721456e-10	1.05347108814e-09
5.46652654869e-10	1.26835908443e-09
5.47856588283e-10	1.30660937625e-09
5.49060521696e-10	1.10838527245e-09
5.50264455109e-10	6.74902467246e-10
5.51468388523e-10	7.95960658495e-11
5.52672321936e-10	-5.43270040065e-10
5.5387625535e-10	-1.03311947885e-09
5.55080188763e-10	-1.24903576371e-09
5.56284122176e-10	-1.11453002383e-09
5.5748805559e-10	-6.4565786051e-10
5.58691989003e-10	5.09645173286e-11
5.59895922416e-10	8.09083522402e-10
5.6109985583e-10	1.45597756074e-09
5.62303789243e-10	1.86745641173e-09
5.63507722657e-10	2.00531946604e-09
5.6471165607e-10	1.92298688084e-09
5.65915589483e-10	1.73292513672e-09
5.67119522897e-10	1.55355650566e-09
5.6832345631e-10	1.45627687687e-09
5.69527389724e-10	1.43397316243e-09
5.70731323137e-10	1.40951439409e-09
5.7193525655e-10	1.27562715946e-09
5.73139189964e-10	9.48508382947e-10
5.74343123377e-10	4.12215872547e-10
5.75547056791e-10	-2.65687249978e-10
5.76750990204e-10	-9.52842360569e-10
5.77954923617e-10	-1.49348444722e-09
5.79158857031e-10	-1.75674153002e-09
5.80362790444e-10	-1.67262881323e-09
5.81566723858e-10	-1.24910148891e-09
5.82770657271e-10	-5.65959168419e-10
5.83974590684e-10	2.48125631153e-10
5.85178524098e-10	1.04743924645e-09
5.86382457511e-10	1.70278025013e-09
5.87586390924e-10	2.12937534272e-09
5.88790324338e-10	2.30139018953e-09
5.89994257751e-10	2.24897633849e-09
5.91198191165e-10	2.03809702448e-09
5.92402124578e-10	1.74043057743e-09
5.93606057991e-10	1.40488976008e-09
5.94809991405e-10	1.0427935182e-09
5.96013924818e-10	6.34989283377e-10
5.97217858232e-10	1.5383697094e-10
5.98421791645e-10	-4.06641609274e-10
5.99625725058e-10	-1.01057384683e-09
6.00829658472e-10	-1.57974822113e-09
6.02033591885e-10	-2.01105154751e-09
6.03237525299e-10	-2.20738471945e-09
6.04441458712e-10	-2.10755746188e-09
6.05645392125e-10	-1.70428449131e-09
6.06849325539e-10	-1.04765562892e-09
6.08053258952e-10	-2.31400801298e-10
6.09257192366e-10	6.27070007031e-10
6.10461125779e-10	1.41079703475e-09
6.11665059192e-10	2.02382488546e-09
6.12868992606e-10	2.40321407219e-09
6.14072926019e-10	2.5253859004e-09
6.15276859432e-10	2.40247466365e-09
6.16480792846e-10	2.0728079253e-09
6.17684726259e-10	1.58905422154e-09
6.18888659673e-10	1.00591679431e-09
6.20092593086e-10	3.74554331994e-10
6.21296526499e-10	-2.59431143235e-10
6.22500459913e-10	-8.52797166218e-10
6.23704393326e-10	-1.35959543623e-09
6.2490832674e-10	-1.73233949408e-09
6.26112260153e-10	-1.92535698496e-09
6.27316193566e-10	-1.90563587132e-09
6.2852012698e-10	-1.66404667823e-09
6.29724060393e-10	-1.22302090677e-09
6.30927993807e-10	-6.37736585762e-10
6.3213192722e-10	1.27695926749e-11
6.33335860633e-10	6.40675068553e-10
6.34539794047e-10	1.16747533863e-09
6.3574372746e-10	1.53940893366e-09
6.36947660874e-10	1.73432868067e-09
6.38151594287e-10	1.76123549078e-09
6.393555277e-10	1.65144709019e-09
6.40559461114e-10	1.44651091105e-09
6.41763394527e-10	1.18649889913e-09
6.4296732794e-10	9.01778929308e-10
6.44171261354e-10	6.10733685846e-10
6.45375194767e-10	3.21865228914e-10
6.46579128181e-10	3.98663532741e-11
6.47783061594e-10	-2.27765639682e-10
6.48986995007e-10	-4.65504274016e-10
6.50190928421e-10	-6.49295062161e-10
6.51394861834e-10	-7.51408713029e-10
6.52598795248e-10	-7.4828127028e-10
6.53802728661e-10	-6.29258534168e-10
6.55006662074e-10	-4.0261222134e-10
6.56210595488e-10	-9.49068809653e-11
6.57414528901e-10	2.54233328834e-10
6.58618462315e-10	6.00933580674e-10
6.59822395728e-10	9.04876451546e-10
6.61026329141e-10	1.13527853784e-09
6.62230262555e-10	1.27317589804e-09
6.63434195968e-10	1.31178135021e-09
6.64638129382e-10	1.25542887197e-09
6.65842062795e-10	1.11737341602e-09
6.67045996208e-10	9.16686559993e-10
6.68249929622e-10	6.73490485603e-10
6.69453863035e-10	4.06275485476e-10
6.70657796448e-10	1.30545546595e-10
6.71861729862e-10	-1.38856801057e-10
6.73065663275e-10	-3.82865683601e-10
6.74269596689e-10	-5.75218150889e-10
6.75473530102e-10	-6.83778089705e-10
6.76677463515e-10	-6.78347489291e-10
6.77881396929e-10	-5.42050127006e-10
6.79085330342e-10	-2.81398043755e-10
6.80289263756e-10	6.94870411211e-11
6.81493197169e-10	4.5446496566e-10
6.82697130582e-10	8.07786504353e-10
6.83901063996e-10	1.06983499837e-09
6.85104997409e-10	1.20042709106e-09
6.86308930823e-10	1.1856534643e-09
6.87512864236e-10	1.03814112862e-09
6.88716797649e-10	7.91463339311e-10
6.89920731063e-10	4.91450546924e-10
6.91124664476e-10	1.87459534007e-10
6.92328597889e-10	-7.61091051293e-11
6.93532531303e-10	-2.6548166443e-10
6.94736464716e-10	-3.60638824359e-10
6.9594039813e-10	-3.55553031461e-10
6.97144331543e-10	-2.56820176237e-10
6.98348264956e-10	-8.1223694437e-11
6.9955219837e-10	1.46935019707e-10
7.00756131783e-10	3.96701199668e-10
7.01960065197e-10	6.32711327775e-10
7.0316399861e-10	8.18147993797e-10
7.04367932023e-10	9.20117260161e-10
7.05571865437e-10	9.16618281277e-10
7.0677579885e-10	8.02265309741e-10
7.07979732264e-10	5.91745152878e-10
7.09183665677e-10	3.17682880002e-10
7.1038759909e-10	2.33333369987e-11
7.11591532504e-10	-2.46840353713e-10
7.12795465917e-10	-4.56589599462e-10
7.13999399331e-10	-5.84187920261e-10
7.15203332744e-10	-6.22980445009e-10
7.16407266157e-10	-5.78291248221e-10
7.17611199571e-10	-4.61582966294e-10
7.18815132984e-10	-2.85332285577e-10
7.20019066397e-10	-6.09960554288e-11
7.21222999811e-10	1.99580685312e-10
7.22426933224e-10	4.7993081731e-10
7.23630866638e-10	7.55548956732e-10
7.24834800051e-10	9.93577553565e-10
7.26038733464e-10	1.15756715324e-09
7.27242666878e-10	1.21569132538e-09
7.28446600291e-10	1.15097709141e-09
7.29650533705e-10	9.67400493046e-10
7.30854467118e-10	6.91288026822e-10
7.32058400531e-10	3.65295405036e-10
7.33262333945e-10	3.88259181749e-11
7.34466267358e-10	-2.43156522695e-10
7.35670200772e-10	-4.48944270648e-10
7.36874134185e-10	-5.64226887434e-10
7.38078067598e-10	-5.92195181781e-10
7.39282001012e-10	-5.49144729689e-10
7.40485934425e-10	-4.58180382523e-10
7.41689867839e-10	-3.41794176295e-10
7.42893801252e-10	-2.1560751795e-10
7.44097734665e-10	-8.51322623507e-11
7.45301668079e-10	5.28726472326e-11
7.46505601492e-10	2.05936712128e-10
7.47709534905e-10	3.77772646498e-10
7.48913468319e-10	5.63066204773e-10
7.50117401732e-10	7.44500794347e-10
7.51321335146e-10	8.95746754548e-10
7.52525268559e-10	9.88033765914e-10
7.53729201972e-10	9.97637861211e-10
7.54933135386e-10	9.1317320372e-10
7.56137068799e-10	7.38127448052e-10
7.57341002213e-10	4.91124974022e-10
7.58544935626e-10	2.02661998294e-10
7.59748869039e-10	-9.07198691169e-11
7.60952802453e-10	-3.52711360119e-10
7.62156735866e-10	-5.54075285653e-10
7.6336066928e-10	-6.77056855025e-10
7.64564602693e-10	-7.170546934e-10
7.65768536106e-10	-6.80243250617e-10
7.6697246952e-10	-5.77837722116e-10
7.68176402933e-10	-4.21052748223e-10
7.69380336347e-10	-2.17883405762e-10
7.7058426976e-10	2.5009321003e-11
7.71788203173e-10	2.96944913103e-10
7.72992136587e-10	5.77777492516e-10
7.7419607e-10	8.34999236421e-10
7.75400003413e-10	1.02813479952e-09
7.76603936827e-10	1.11865061658e-09
7.7780787024e-10	1.08175046698e-09
7.79011803654e-10	9.17687537072e-10
7.80215737067e-10	6.54134524325e-10
7.8141967048e-10	3.41576794627e-10
7.82623603894e-10	4.01963080876e-11
7.83827537307e-10	-1.96244492878e-10
7.85031470721e-10	-3.33950311848e-10
7.86235404134e-10	-3.66774860483e-10
7.87439337547e-10	-3.14703901827e-10
7.88643270961e-10	-2.14689627187e-10
7.89847204374e-10	-1.06904957109e-10
7.91051137788e-10	-2.14470212423e-11
7.92255071201e-10	3.04553812724e-11
7.93459004614e-10	5.73807494575e-11
7.94662938028e-10	8.16105794055e-11
7.95866871441e-10	1.27554716789e-10
7.97070804855e-10	2.10262196543e-10
7.98274738268e-10	3.27004728851e-10
7.99478671681e-10	4.56417820205e-10
8.00682605095e-10	5.64504332168e-10
8.01886538508e-10	6.16241058182e-10
8.03090471921e-10	5.88037729621e-10
8.04294405335e-10	4.76696682128e-10
8.05498338748e-10	3.01687175241e-10
8.06702272162e-10	9.93672921723e-11
8.07906205575e-10	-8.79630604467e-11
8.09110138988e-10	-2.24916363312e-10
8.10314072402e-10	-2.91994234347e-10
8.11518005815e-10	-2.89095636319e-10
8.12721939229e-10	-2.31788893634e-10
8.13925872642e-10	-1.42963904604e-10
8.15129806055e-10	-4.37895067429e-11
8.16333739469e-10	5.3066377681e-11
8.17537672882e-10	1.45288725495e-10
8.18741606296e-10	2.38157604748e-10
8.19945539709e-10	3.38258782095e-10
8.21149473122e-10	4.46834347301e-10
8.22353406536e-10	5.54980894574e-10
8.23557339949e-10	6.42829733888e-10
8.24761273363e-10	6.83705703164e-10
8.25965206776e-10	6.52647658139e-10
8.27169140189e-10	5.35890942732e-10
8.28373073603e-10	3.39102051994e-10
8.29577007016e-10	8.9469834319e-11
8.30780940429e-10	-1.69231170744e-10
8.31984873843e-10	-3.87437831817e-10
8.33188807256e-10	-5.24053911377e-10
8.3439274067e-10	-5.57023038805e-10
8.35596674083e-10	-4.8891257709e-10
8.36800607496e-10	-3.43691242133e-10
8.3800454091e-10	-1.5757442573e-10
8.39208474323e-10	3.28893405566e-11
8.40412407737e-10	2.01231281638e-10
8.4161634115e-10	3.36172145676e-10
8.42820274563e-10	4.40487452069e-10
8.44024207977e-10	5.24530197055e-10
8.4522814139e-10	5.97175031647e-10
8.46432074804e-10	6.58331167358e-10
8.47636008217e-10	6.95844548648e-10
8.4883994163e-10	6.88742285426e-10
8.50043875044e-10	6.16089013139e-10
8.51247808457e-10	4.6727816061e-10
8.52451741871e-10	2.50643200639e-10
8.53655675284e-10	-4.83066581528e-12
8.54859608697e-10	-2.54948590017e-10
8.56063542111e-10	-4.51810422408e-10
8.57267475524e-10	-5.57290658065e-10
8.58471408937e-10	-5.53220302901e-10
8.59675342351e-10	-4.45714520847e-10
8.60879275764e-10	-2.6181679047e-10
8.62083209178e-10	-4.0945458829e-11
8.63287142591e-10	1.76174547173e-10
8.64491076004e-10	3.57535917539e-10
8.65695009418e-10	4.86014950507e-10
8.66898942831e-10	5.6031129736e-10
8.68102876245e-10	5.9146121334e-10
8.69306809658e-10	5.95906879397e-10
8.70510743071e-10	5.87417170461e-10
8.71714676485e-10	5.71263203408e-10
8.72918609898e-10	5.41866496118e-10
8.74122543312e-10	4.86053974846e-10
8.75326476725e-10	3.89267063028e-10
8.76530410138e-10	2.44151282525e-10
8.77734343552e-10	5.63423474542e-11
8.78938276965e-10	-1.53817042436e-10
8.80142210379e-10	-3.54858253893e-10
8.81346143792e-10	-5.11632014533e-10
8.82550077205e-10	-5.94168436674e-10
