% time-domain current integration by openEMS v0.37.0-rc1-2-g7b051bb @Tue Jul 14 00:53:48 2026
% start-coordinates: (0.00407453,0.00261418,0.0166612) m -> [114,93,256]
% stop-coordinates: (0.00457625,0.00308805,0.0166612) m -> [122,101,256]
% t/s	current
7.21641059801e-14	-0
1.22678980166e-12	-0
2.38141549734e-12	-0
3.53604119303e-12	-0
4.69066688871e-12	-0
5.84529258439e-12	-0
6.99991828007e-12	-0
8.15454397575e-12	-0
9.30916967143e-12	-0
1.04637953671e-11	-0
1.16184210628e-11	-0
1.27730467585e-11	-0
1.39276724542e-11	-0
1.50822981498e-11	-0
1.62369238455e-11	-0
1.73915495412e-11	-0
1.85461752369e-11	-0
1.97008009326e-11	-0
2.08554266283e-11	-0
2.20100523239e-11	-0
2.31646780196e-11	-0
2.43193037153e-11	-0
2.5473929411e-11	-0
2.66285551067e-11	-0
2.77831808023e-11	-0
2.8937806498e-11	-0
3.00924321937e-11	-0
3.12470578894e-11	-0
3.24016835851e-11	-0
3.35563092808e-11	-0
3.47109349764e-11	-0
3.58655606721e-11	-0
3.70201863678e-11	-0
3.81748120635e-11	-0
3.93294377592e-11	-0
4.04840634548e-11	-0
4.16386891505e-11	-0
4.27933148462e-11	-0
4.39479405419e-11	-0
4.51025662376e-11	-0
4.62571919333e-11	-0
4.74118176289e-11	-0
4.85664433246e-11	-0
4.97210690203e-11	-0
5.0875694716e-11	-0
5.20303204117e-11	-0
5.31849461073e-11	-0
5.4339571803e-11	-0
5.54941974987e-11	-0
5.66488231944e-11	-0
5.78034488901e-11	-0
5.89580745858e-11	-0
6.01127002814e-11	-0
6.12673259771e-11	-0
6.24219516728e-11	-0
6.35765773685e-11	-0
6.47312030642e-11	-0
6.58858287598e-11	-0
6.70404544555e-11	-0
6.81950801512e-11	-0
6.93497058469e-11	-0
7.05043315426e-11	-0
7.16589572383e-11	-0
7.28135829339e-11	-0
7.39682086296e-11	-0
7.51228343253e-11	-0
7.6277460021e-11	-0
7.74320857167e-11	-0
7.85867114123e-11	-0
7.9741337108e-11	-0
8.08959628037e-11	-0
8.20505884994e-11	-0
8.32052141951e-11	-0
8.43598398908e-11	-0
8.55144655864e-11	-0
8.66690912821e-11	-0
8.78237169778e-11	-0
8.89783426735e-11	-0
9.01329683692e-11	-0
9.12875940648e-11	-0
9.24422197605e-11	-0
9.35968454562e-11	-0
9.47514711519e-11	-0
9.59060968476e-11	-0
9.70607225432e-11	-0
9.82153482389e-11	-0
9.93699739346e-11	-2.19716828132e-37
1.0052459963e-10	-1.33893398333e-35
1.01679225326e-10	-3.52719454797e-34
1.02833851022e-10	-8.04782150418e-33
1.03988476717e-10	-1.60690982888e-31
1.05143102413e-10	-2.81700581982e-30
1.06297728109e-10	-4.3531261893e-29
1.07452353804e-10	-5.95766880107e-28
1.086069795e-10	-7.26114492819e-27
1.09761605196e-10	-7.93078106317e-26
1.10916230891e-10	-7.81563596721e-25
1.12070856587e-10	-6.9967142353e-24
1.13225482283e-10	-5.72386239449e-23
1.14380107978e-10	-4.29741936699e-22
1.15534733674e-10	-2.96720550546e-21
1.1668935937e-10	-1.88387864193e-20
1.17843985066e-10	-1.0978757265e-19
1.18998610761e-10	-5.85750528288e-19
1.20153236457e-10	-2.85324744003e-18
1.21307862153e-10	-1.26579941893e-17
1.22462487848e-10	-5.10357533928e-17
1.23617113544e-10	-1.86641327647e-16
1.2477173924e-10	-6.17649913572e-16
1.25926364935e-10	-1.84301134433e-15
1.27080990631e-10	-4.92767388647e-15
1.28235616327e-10	-1.16645813492e-14
1.29390242022e-10	-2.38354173502e-14
1.30544867718e-10	-3.94664295277e-14
1.31699493414e-10	-4.1818687456e-14
1.32854119109e-10	2.56145016357e-14
1.34008744805e-10	3.05613173657e-13
1.35163370501e-10	1.09777464896e-12
1.36317996196e-10	2.93902901148e-12
1.37472621892e-10	6.6463232487e-12
1.38627247588e-10	1.32225124946e-11
1.39781873283e-10	2.34700991281e-11
1.40936498979e-10	3.71277349143e-11
1.42091124675e-10	5.13954989678e-11
1.43245750371e-10	5.89130272344e-11
1.44400376066e-10	4.56489533673e-11
1.45555001762e-10	-1.0264825448e-11
1.46709627458e-10	-1.37107200593e-10
1.47864253153e-10	-3.63559682359e-10
1.49018878849e-10	-7.06510794313e-10
1.50173504545e-10	-1.15264842115e-09
1.5132813024e-10	-1.63678470777e-09
1.52482755936e-10	-2.02378558356e-09
1.53637381632e-10	-2.10451411853e-09
1.54792007327e-10	-1.61723490155e-09
1.55946633023e-10	-3.02172509237e-10
1.57101258719e-10	2.01272598588e-09
1.58255884414e-10	5.31113064639e-09
1.5941051011e-10	9.30360322116e-09
1.60565135806e-10	1.33975914807e-08
1.61719761501e-10	1.67552673958e-08
1.62874387197e-10	1.84499278078e-08
1.64029012893e-10	1.7696111243e-08
1.65183638588e-10	1.40917251201e-08
1.66338264284e-10	7.78876252383e-09
1.6749288998e-10	-4.82189177475e-10
1.68647515676e-10	-9.56562296039e-09
1.69802141371e-10	-1.81793602394e-08
1.70956767067e-10	-2.52605154571e-08
1.72111392763e-10	-3.0231962711e-08
1.73266018458e-10	-3.30839995399e-08
1.74420644154e-10	-3.42380275242e-08
1.7557526985e-10	-3.42534853814e-08
1.76729895545e-10	-3.3512911557e-08
1.77884521241e-10	-3.20346913441e-08
1.79039146937e-10	-2.95055890831e-08
1.80193772632e-10	-2.55185348408e-08
1.81348398328e-10	-1.98953848951e-08
1.82503024024e-10	-1.29248425296e-08
1.83657649719e-10	-5.3809694478e-09
1.84812275415e-10	1.70455294324e-09
1.85966901111e-10	7.41682271155e-09
1.87121526806e-10	1.1299249536e-08
1.88276152502e-10	1.34935973506e-08
1.89430778198e-10	1.46091316822e-08
1.90585403893e-10	1.53890642451e-08
1.91740029589e-10	1.63457585245e-08
1.92894655285e-10	1.75498673372e-08
1.94049280981e-10	1.86747879383e-08
1.95203906676e-10	1.92619857842e-08
1.96358532372e-10	1.90558875346e-08
1.97513158068e-10	1.82211703503e-08
1.98667783763e-10	1.73181220475e-08
1.99822409459e-10	1.70389178322e-08
2.00977035155e-10	1.78330505918e-08
2.0213166085e-10	1.96091658466e-08
2.03286286546e-10	2.16675140052e-08
2.04440912242e-10	2.29098571225e-08
2.05595537937e-10	2.22454907828e-08
2.06750163633e-10	1.9023522313e-08
2.07904789329e-10	1.33124027357e-08
2.09059415024e-10	5.91745008549e-09
2.1021404072e-10	-1.86007054204e-09
2.11368666416e-10	-8.61616911152e-09
2.12523292111e-10	-1.32340511882e-08
2.13677917807e-10	-1.51354555555e-08
2.14832543503e-10	-1.43317819834e-08
2.15987169198e-10	-1.13013536307e-08
2.17141794894e-10	-6.78042866298e-09
2.1829642059e-10	-1.56679957897e-09
2.19451046286e-10	3.6021430283e-09
2.20605671981e-10	8.09357025844e-09
2.21760297677e-10	1.13879883301e-08
2.22914923373e-10	1.31038477846e-08
2.24069549068e-10	1.306111308e-08
2.25224174764e-10	1.13617382169e-08
2.2637880046e-10	8.43035419251e-09
2.27533426155e-10	4.95839280745e-09
2.28688051851e-10	1.73532732628e-09
2.29842677547e-10	-5.87143667019e-10
2.30997303242e-10	-1.70361691421e-09
2.32151928938e-10	-1.73726566466e-09
2.33306554634e-10	-1.1448351156e-09
2.34461180329e-10	-4.76741757183e-10
2.35615806025e-10	-1.02993828743e-10
2.36770431721e-10	-4.33487308549e-11
2.37925057416e-10	5.66892626591e-12
2.39079683112e-10	4.55119969489e-10
2.40234308808e-10	1.53158652427e-09
2.41388934503e-10	3.07036884806e-09
2.42543560199e-10	4.51975123994e-09
2.43698185895e-10	5.1741970708e-09
2.44852811591e-10	4.52961934627e-09
2.46007437286e-10	2.57989962726e-09
2.47162062982e-10	-1.06186934246e-10
2.48316688678e-10	-2.58237542461e-09
2.49471314373e-10	-3.9146312858e-09
2.50625940069e-10	-3.58483309704e-09
2.51780565765e-10	-1.72155711908e-09
2.5293519146e-10	9.46663969437e-10
2.54089817156e-10	3.38964212254e-09
2.55244442852e-10	4.68658001296e-09
2.56399068547e-10	4.36962510619e-09
2.57553694243e-10	2.56352894468e-09
2.58708319939e-10	-1.14536338747e-10
2.59862945634e-10	-2.82490830728e-09
2.6101757133e-10	-4.81327067092e-09
2.62172197026e-10	-5.63117819041e-09
2.63326822721e-10	-5.20439158436e-09
2.64481448417e-10	-3.76045372619e-09
2.65636074113e-10	-1.68292801916e-09
2.66790699808e-10	6.26373120038e-10
2.67945325504e-10	2.82381407146e-09
2.690999512e-10	4.63307214815e-09
2.70254576896e-10	5.81757086948e-09
2.71409202591e-10	6.15810114013e-09
2.72563828287e-10	5.46569234317e-09
2.73718453983e-10	3.63452934415e-09
2.74873079678e-10	7.14257153422e-10
2.76027705374e-10	-3.03317349015e-09
2.7718233107e-10	-7.1253185574e-09
2.78336956765e-10	-1.09177742402e-08
2.79491582461e-10	-1.37240876441e-08
2.80646208157e-10	-1.49689434181e-08
2.81800833852e-10	-1.43319445201e-08
2.82955459548e-10	-1.18375629299e-08
2.84110085244e-10	-7.86038345524e-09
2.85264710939e-10	-3.04265102002e-09
2.86419336635e-10	1.84873305553e-09
2.87573962331e-10	6.08169159477e-09
2.88728588026e-10	9.09367603441e-09
2.89883213722e-10	1.05759561109e-08
2.91037839418e-10	1.05007895712e-08
2.92192465113e-10	9.09945185867e-09
2.93347090809e-10	6.80399336872e-09
2.94501716505e-10	4.16035161876e-09
2.95656342201e-10	1.71729952481e-09
2.96810967896e-10	-9.46693418102e-11
2.97965593592e-10	-1.06547848322e-09
2.99120219288e-10	-1.25364407744e-09
3.00274844983e-10	-9.5426200275e-10
3.01429470679e-10	-5.85035020428e-10
3.02584096375e-10	-5.23835863575e-10
3.0373872207e-10	-9.59343937623e-10
3.04893347766e-10	-1.81800363652e-09
3.06047973462e-10	-2.80248868556e-09
3.07202599157e-10	-3.529188497e-09
3.08357224853e-10	-3.7063769831e-09
3.09511850549e-10	-3.27485993878e-09
3.10666476244e-10	-2.44842834896e-09
3.1182110194e-10	-1.6334958941e-09
3.12975727636e-10	-1.26008870005e-09
3.14130353331e-10	-1.59630131336e-09
3.15284979027e-10	-2.62484389779e-09
3.16439604723e-10	-4.03209199362e-09
3.17594230418e-10	-5.3125952526e-09
3.18748856114e-10	-5.94477977955e-09
3.1990348181e-10	-5.56691670539e-09
3.21058107506e-10	-4.08798461748e-09
3.22212733201e-10	-1.69974412323e-09
3.23367358897e-10	1.20245691182e-09
3.24521984593e-10	4.14816181404e-09
3.25676610288e-10	6.71486199977e-09
3.26831235984e-10	8.60337934228e-09
3.2798586168e-10	9.65160928956e-09
3.29140487375e-10	9.80227632397e-09
3.30295113071e-10	9.05759733882e-09
3.31449738767e-10	7.45203720953e-09
3.32604364462e-10	5.05797181916e-09
3.33758990158e-10	2.01770378183e-09
3.34913615854e-10	-1.42197975617e-09
3.36068241549e-10	-4.90038765122e-09
3.37222867245e-10	-7.97512100803e-09
3.38377492941e-10	-1.01946762143e-08
3.39532118636e-10	-1.11947304759e-08
3.40686744332e-10	-1.0791375793e-08
3.41841370028e-10	-9.04272212665e-09
3.42995995723e-10	-6.2579572635e-09
3.44150621419e-10	-2.94709967541e-09
3.45305247115e-10	2.79680806292e-10
3.46459872811e-10	2.84084156199e-09
3.47614498506e-10	4.30967395104e-09
3.48769124202e-10	4.50608128588e-09
3.49923749898e-10	3.52887918886e-09
3.51078375593e-10	1.71907144075e-09
3.52233001289e-10	-4.34981717312e-10
3.53387626985e-10	-2.42388420446e-09
3.5454225268e-10	-3.84078235882e-09
3.55696878376e-10	-4.46718217972e-09
3.56851504072e-10	-4.2970280667e-09
3.58006129767e-10	-3.49759554652e-09
3.59160755463e-10	-2.32648766918e-09
3.60315381159e-10	-1.03629993475e-09
3.61470006854e-10	1.98254662687e-10
3.6262463255e-10	1.30589294933e-09
3.63779258246e-10	2.29331820201e-09
3.64933883941e-10	3.18614312711e-09
3.66088509637e-10	3.96736776764e-09
3.67243135333e-10	4.54544668571e-09
3.68397761028e-10	4.76894124191e-09
3.69552386724e-10	4.48239267925e-09
3.7070701242e-10	3.60027807567e-09
3.71861638116e-10	2.16687845445e-09
3.73016263811e-10	3.75063341496e-10
3.74170889507e-10	-1.46568779336e-09
3.75325515203e-10	-3.00231706163e-09
3.76480140898e-10	-3.92785182157e-09
3.77634766594e-10	-4.05815780979e-09
3.7878939229e-10	-3.37447914056e-09
3.79944017985e-10	-2.02395611382e-09
3.81098643681e-10	-2.81941636704e-10
3.82253269377e-10	1.51094259326e-09
3.83407895072e-10	3.01977753914e-09
3.84562520768e-10	3.98044308625e-09
3.85717146464e-10	4.24824220246e-09
3.86871772159e-10	3.82092624207e-09
3.88026397855e-10	2.83162582271e-09
3.89181023551e-10	1.51287282701e-09
3.90335649246e-10	1.38480366063e-10
3.91490274942e-10	-1.04215536201e-09
3.92644900638e-10	-1.85868731517e-09
3.93799526333e-10	-2.24772844781e-09
3.94954152029e-10	-2.24704299612e-09
3.96108777725e-10	-1.96079019688e-09
3.97263403421e-10	-1.51101609003e-09
3.98418029116e-10	-9.94641813357e-10
3.99572654812e-10	-4.61165217125e-10
4.00727280508e-10	8.38187436125e-11
4.01881906203e-10	6.54930776278e-10
4.03036531899e-10	1.25621346658e-09
4.04191157595e-10	1.85786119822e-09
4.0534578329e-10	2.39121322743e-09
4.06500408986e-10	2.7640465472e-09
4.07655034682e-10	2.88890222855e-09
4.08809660377e-10	2.71205546909e-09
4.09964286073e-10	2.23100626862e-09
4.11118911769e-10	1.49392698212e-09
4.12273537464e-10	5.82849046804e-10
4.1342816316e-10	-4.1071132606e-10
4.14582788856e-10	-1.40539180293e-09
4.15737414551e-10	-2.33611641143e-09
4.16892040247e-10	-3.14667780721e-09
4.18046665943e-10	-3.77612074942e-09
4.19201291638e-10	-4.14993284181e-09
4.20355917334e-10	-4.18548085079e-09
4.2151054303e-10	-3.81313336462e-09
4.22665168726e-10	-3.0064835066e-09
4.23819794421e-10	-1.81041837077e-09
4.24974420117e-10	-3.54503371103e-10
4.26129045813e-10	1.15651765942e-09
4.27283671508e-10	2.47506726225e-09
4.28438297204e-10	3.35985705924e-09
4.295929229e-10	3.63101326784e-09
4.30747548595e-10	3.21692938954e-09
4.31902174291e-10	2.18005213881e-09
4.33056799987e-10	7.13618997228e-10
4.34211425682e-10	-8.93362162024e-10
4.35366051378e-10	-2.31722796507e-09
4.36520677074e-10	-3.2730957944e-09
4.37675302769e-10	-3.58222673746e-09
4.38829928465e-10	-3.21419602045e-09
4.39984554161e-10	-2.29056773549e-09
4.41139179856e-10	-1.04803610235e-09
4.42293805552e-10	2.29083849113e-10
4.43448431248e-10	1.28676713729e-09
4.44603056943e-10	1.96408400654e-09
4.45757682639e-10	2.22169149744e-09
4.46912308335e-10	2.12950013179e-09
4.48066934031e-10	1.82041381969e-09
4.49221559726e-10	1.43024292409e-09
4.50376185422e-10	1.04877728724e-09
4.51530811118e-10	6.99449331787e-10
4.52685436813e-10	3.52369133871e-10
4.53840062509e-10	-3.85481924159e-11
4.54994688205e-10	-4.94182639255e-10
4.561493139e-10	-9.84672343662e-10
4.57303939596e-10	-1.43099354588e-09
4.58458565292e-10	-1.73254832703e-09
4.59613190987e-10	-1.80790638016e-09
4.60767816683e-10	-1.63039748369e-09
4.61922442379e-10	-1.24362897758e-09
4.63077068074e-10	-7.5049788606e-10
4.6423169377e-10	-2.80152429033e-10
4.65386319466e-10	5.3620725915e-11
4.66540945161e-10	1.87008214469e-10
4.67695570857e-10	1.22050050622e-10
4.68850196553e-10	-8.04430341783e-11
4.70004822248e-10	-3.25869831119e-10
4.71159447944e-10	-5.18264930971e-10
4.7231407364e-10	-5.88802562262e-10
4.73468699336e-10	-5.11278130944e-10
4.74623325031e-10	-3.01637020916e-10
4.75777950727e-10	-5.12271475239e-12
4.76932576423e-10	3.22614629455e-10
4.78087202118e-10	6.33271823869e-10
4.79241827814e-10	8.96964780228e-10
4.8039645351e-10	1.10485376403e-09
4.81551079205e-10	1.26443588933e-09
4.82705704901e-10	1.38974431962e-09
4.83860330597e-10	1.48997036931e-09
4.85014956292e-10	1.56002322171e-09
4.86169581988e-10	1.57600932305e-09
4.87324207684e-10	1.49852419362e-09
4.88478833379e-10	1.28495647456e-09
4.89633459075e-10	9.08758457374e-10
4.90788084771e-10	3.79887316049e-10
4.91942710466e-10	-2.42799419459e-10
4.93097336162e-10	-8.55181148118e-10
4.94251961858e-10	-1.33038713379e-09
4.95406587553e-10	-1.55651425082e-09
4.96561213249e-10	-1.47703960174e-09
4.97715838945e-10	-1.11662490365e-09
4.98870464641e-10	-5.79942371903e-10
5.00025090336e-10	-2.11278251838e-11
5.01179716032e-10	4.07493733201e-10
5.02334341728e-10	6.07933148267e-10
5.03488967423e-10	5.68076918839e-10
5.04643593119e-10	3.5933234166e-10
5.05798218815e-10	1.01506476835e-10
5.0695284451e-10	-9.0405474773e-11
5.08107470206e-10	-1.54113069528e-10
5.09262095902e-10	-1.01852290491e-10
5.10416721597e-10	-7.62348170702e-12
5.11571347293e-10	3.34605780583e-11
5.12725972989e-10	-4.57546014965e-11
5.13880598684e-10	-2.49556708631e-10
5.1503522438e-10	-5.14048026368e-10
5.16189850076e-10	-7.33411942289e-10
5.17344475771e-10	-8.0541107117e-10
5.18499101467e-10	-6.75461797606e-10
5.19653727163e-10	-3.60685481482e-10
5.20808352858e-10	5.55056452189e-11
5.21962978554e-10	4.55175702685e-10
5.2311760425e-10	7.29744153993e-10
5.24272229946e-10	8.17868550662e-10
5.25426855641e-10	7.23299919958e-10
5.26581481337e-10	5.07179964693e-10
5.27736107033e-10	2.60102800409e-10
5.28890732728e-10	6.70449876172e-11
5.30045358424e-10	-2.11525484628e-11
5.3119998412e-10	-2.29642043229e-13
5.32354609815e-10	9.38009114826e-11
5.33509235511e-10	2.04566960593e-10
5.34663861207e-10	2.7956451043e-10
5.35818486902e-10	2.89529150654e-10
5.36973112598e-10	2.36715785862e-10
5.38127738294e-10	1.50879919669e-10
5.39282363989e-10	7.60463983451e-11
5.40436989685e-10	5.31240121338e-11
5.41591615381e-10	1.04306487059e-10
5.42746241076e-10	2.23987550729e-10
5.43900866772e-10	3.78441389337e-10
5.45055492468e-10	5.14432663135e-10
5.46210118163e-10	5.7465016079e-10
5.47364743859e-10	5.15611220386e-10
5.48519369555e-10	3.2294175667e-10
5.49673995251e-10	1.89782894261e-11
5.50828620946e-10	-3.40760919482e-10
5.51983246642e-10	-6.81700695893e-10
5.53137872338e-10	-9.30641841368e-10
5.54292498033e-10	-1.03619590686e-09
5.55447123729e-10	-9.82092185353e-10
5.56601749425e-10	-7.88459908474e-10
5.5775637512e-10	-5.01150454468e-10
5.58911000816e-10	-1.73752651156e-10
5.60065626512e-10	1.50359558138e-10
5.61220252207e-10	4.48752174309e-10
5.62374877903e-10	7.19467929677e-10
5.63529503599e-10	9.70199476313e-10
5.64684129294e-10	1.20290222227e-09
5.6583875499e-10	1.40158207262e-09
5.66993380686e-10	1.52935164532e-09
5.68148006381e-10	1.5369554518e-09
5.69302632077e-10	1.38016620355e-09
5.70457257773e-10	1.03955088981e-09
5.71611883468e-10	5.34846777978e-10
5.72766509164e-10	-7.18628281882e-11
5.7392113486e-10	-6.8659095076e-10
5.75075760556e-10	-1.20486642885e-09
5.76230386251e-10	-1.53698942462e-09
5.77385011947e-10	-1.62944358006e-09
5.78539637643e-10	-1.47584122701e-09
5.79694263338e-10	-1.11379416801e-09
5.80848889034e-10	-6.10281769564e-10
5.8200351473e-10	-4.19088444503e-11
5.83158140425e-10	5.22809462389e-10
5.84312766121e-10	1.03291297737e-09
5.85467391817e-10	1.45428791232e-09
5.86622017512e-10	1.76204717484e-09
5.87776643208e-10	1.93192839504e-09
5.88931268904e-10	1.93649696278e-09
5.90085894599e-10	1.74938641351e-09
5.91240520295e-10	1.3565243373e-09
5.92395145991e-10	7.69543262447e-10
5.93549771686e-10	3.56176338423e-11
5.94704397382e-10	-7.61290697149e-10
5.95859023078e-10	-1.51012946592e-09
5.97013648773e-10	-2.09193973255e-09
5.98168274469e-10	-2.4046089564e-09
5.99322900165e-10	-2.38722464019e-09
6.00477525861e-10	-2.03705341484e-09
6.01632151556e-10	-1.41418254884e-09
6.02786777252e-10	-6.31559415876e-10
6.03941402948e-10	1.6837513328e-10
6.05096028643e-10	8.44820824408e-10
6.06250654339e-10	1.28934563026e-09
6.07405280035e-10	1.44791800771e-09
6.0855990573e-10	1.32816124765e-09
6.09714531426e-10	9.90356130437e-10
6.10869157122e-10	5.26039822812e-10
6.12023782817e-10	3.17972384534e-11
6.13178408513e-10	-4.13305167868e-10
6.14333034209e-10	-7.59999008171e-10
6.15487659904e-10	-9.8886920874e-10
6.166422856e-10	-1.10099940276e-09
6.17796911296e-10	-1.10529252417e-09
6.18951536991e-10	-1.00942854075e-09
6.20106162687e-10	-8.18558720805e-10
6.21260788383e-10	-5.41568956347e-10
6.22415414078e-10	-2.00740785106e-10
6.23570039774e-10	1.61834615153e-10
6.2472466547e-10	4.86427009783e-10
6.25879291166e-10	7.08011871353e-10
6.27033916861e-10	7.75555786259e-10
6.28188542557e-10	6.70947575276e-10
6.29343168253e-10	4.19381612771e-10
6.30497793948e-10	8.59374238438e-11
6.31652419644e-10	-2.4169913293e-10
6.3280704534e-10	-4.79253137176e-10
6.33961671035e-10	-5.71383551584e-10
6.35116296731e-10	-5.07279773743e-10
6.36270922427e-10	-3.21361742772e-10
6.37425548122e-10	-7.91736468053e-11
6.38580173818e-10	1.4609964627e-10
6.39734799514e-10	2.9725821804e-10
6.40889425209e-10	3.48748641077e-10
6.42044050905e-10	3.09787501207e-10
6.43198676601e-10	2.1531117167e-10
6.44353302296e-10	1.09641393187e-10
6.45507927992e-10	2.96630081609e-11
6.46662553688e-10	-6.55986636539e-12
6.47817179383e-10	-2.56778149091e-12
6.48971805079e-10	2.20105045301e-11
6.50126430775e-10	4.19330369039e-11
6.51281056471e-10	3.73775420337e-11
6.52435682166e-10	1.66967785084e-12
6.53590307862e-10	-5.68779155719e-11
6.54744933558e-10	-1.1907763664e-10
6.55899559253e-10	-1.62949764793e-10
6.57054184949e-10	-1.72812555932e-10
6.58208810645e-10	-1.45508702309e-10
6.5936343634e-10	-9.12746614401e-11
6.60518062036e-10	-2.89538185094e-11
6.61672687732e-10	2.27223743293e-11
6.62827313427e-10	5.40337635746e-11
6.63981939123e-10	6.90568019435e-11
6.65136564819e-10	8.37303976153e-11
6.66291190514e-10	1.17786280729e-10
6.6744581621e-10	1.83849518942e-10
6.68600441906e-10	2.7849064721e-10
6.69755067601e-10	3.79933612349e-10
6.70909693297e-10	4.5400783133e-10
6.72064318993e-10	4.66507887875e-10
6.73218944688e-10	3.97186006307e-10
6.74373570384e-10	2.4920296382e-10
6.7552819608e-10	5.00910320167e-11
6.76682821776e-10	-1.56589352596e-10
6.77837447471e-10	-3.25838467319e-10
6.78992073167e-10	-4.26173540902e-10
6.80146698863e-10	-4.49265902258e-10
6.81301324558e-10	-4.10529665817e-10
6.82455950254e-10	-3.40875494498e-10
6.8361057595e-10	-2.73421507657e-10
6.84765201645e-10	-2.30666416523e-10
6.85919827341e-10	-2.17125900592e-10
6.87074453037e-10	-2.19781137734e-10
6.88229078732e-10	-2.15506321122e-10
6.89383704428e-10	-1.81913165087e-10
6.90538330124e-10	-1.06881295481e-10
6.91692955819e-10	6.58636036335e-12
6.92847581515e-10	1.41604908355e-10
6.94002207211e-10	2.73577743792e-10
6.95156832906e-10	3.78232778431e-10
6.96311458602e-10	4.38470704189e-10
6.97466084298e-10	4.47663212055e-10
6.98620709993e-10	4.08800049367e-10
6.99775335689e-10	3.30683591621e-10
7.00929961385e-10	2.23278076583e-10
7.02084587081e-10	9.45840211708e-11
7.03239212776e-10	-4.97622533457e-11
7.04393838472e-10	-2.04299091533e-10
7.05548464168e-10	-3.60417362621e-10
7.06703089863e-10	-5.04049801897e-10
7.07857715559e-10	-6.15943074322e-10
7.09012341255e-10	-6.7519967395e-10
7.1016696695e-10	-6.65054178395e-10
7.11321592646e-10	-5.7880472637e-10
7.12476218342e-10	-4.2374923015e-10
7.13630844037e-10	-2.2139290401e-10
7.14785469733e-10	-3.65727370263e-12
7.15940095429e-10	1.93967911177e-10
7.17094721124e-10	3.40483363725e-10
7.1824934682e-10	4.16128881353e-10
7.19403972516e-10	4.16156054062e-10
7.20558598211e-10	3.50788176284e-10
7.21713223907e-10	2.41530268008e-10
7.22867849603e-10	1.15201223561e-10
7.24022475298e-10	-2.64889325752e-12
7.25177100994e-10	-9.29806301397e-11
7.2633172669e-10	-1.46048922955e-10
7.27486352386e-10	-1.61358718054e-10
7.28640978081e-10	-1.45310666277e-10
7.29795603777e-10	-1.07852358988e-10
7.30950229473e-10	-5.93129087512e-11
7.32104855168e-10	-8.2843766569e-12
7.33259480864e-10	3.90144479223e-11
7.3441410656e-10	7.84124015718e-11
7.35568732255e-10	1.07022647688e-10
7.36723357951e-10	1.22775289935e-10
7.37877983647e-10	1.24533466872e-10
7.39032609342e-10	1.12597133006e-10
7.40187235038e-10	8.92573862044e-11
7.41341860734e-10	5.89065601853e-11
7.42496486429e-10	2.7446185949e-11
7.43651112125e-10	1.19397807613e-12
7.44805737821e-10	-1.44911270483e-11
7.45960363516e-10	-1.64006551395e-11
7.47114989212e-10	-4.27189750588e-12
7.48269614908e-10	1.8944758956e-11
7.49424240603e-10	4.73831182624e-11
7.50578866299e-10	7.31498611684e-11
7.51733491995e-10	8.78615097344e-11
7.52888117691e-10	8.45781361614e-11
7.54042743386e-10	5.97921434586e-11
7.55197369082e-10	1.49499995716e-11
7.56351994778e-10	-4.32822909457e-11
7.57506620473e-10	-1.04315216187e-10
7.58661246169e-10	-1.56287899289e-10
7.59815871865e-10	-1.89411153428e-10
7.6097049756e-10	-1.98865784951e-10
7.62125123256e-10	-1.86181361994e-10
7.63279748952e-10	-1.58520183091e-10
7.64434374647e-10	-1.26142707391e-10
7.65589000343e-10	-9.89107962202e-11
7.66743626039e-10	-8.30605584312e-11
7.67898251734e-10	-7.95365648343e-11
7.6905287743e-10	-8.434559301e-11
7.70207503126e-10	-9.06890049168e-11
7.71362128821e-10	-9.19178899661e-11
7.72516754517e-10	-8.40557623505e-11
7.73671380213e-10	-6.69497651762e-11
7.74826005908e-10	-4.36475820764e-11
7.75980631604e-10	-1.85558426263e-11
7.771352573e-10	4.55560806092e-12
7.78289882995e-10	2.37282797577e-11
7.79444508691e-10	3.8575160427e-11
7.80599134387e-10	4.88678368604e-11
7.81753760083e-10	5.28627801255e-11
7.82908385778e-10	4.64837716929e-11
7.84063011474e-10	2.41365104986e-11
7.8521763717e-10	-1.89279911189e-11
7.86372262865e-10	-8.35703034552e-11
7.87526888561e-10	-1.64474295294e-10
7.88681514257e-10	-2.49855025558e-10
7.89836139952e-10	-3.23620574783e-10
7.90990765648e-10	-3.69518027288e-10
7.92145391344e-10	-3.7581385226e-10
7.93300017039e-10	-3.38785721699e-10
7.94454642735e-10	-2.63797372835e-10
7.95609268431e-10	-1.63652799645e-10
7.96763894126e-10	-5.50530038224e-11
7.97918519822e-10	4.54138150696e-11
7.99073145518e-10	1.24414062386e-10
8.00227771213e-10	1.73301498152e-10
8.01382396909e-10	1.88109458565e-10
8.02537022605e-10	1.68903127595e-10
8.036916483e-10	1.19231263751e-10
8.04846273996e-10	4.5976247115e-11
8.06000899692e-10	-4.07342007347e-11
8.07155525388e-10	-1.283228801e-10
8.08310151083e-10	-2.03784711328e-10
8.09464776779e-10	-2.5655078062e-10
8.10619402475e-10	-2.81218132114e-10
8.1177402817e-10	-2.78910866625e-10
8.12928653866e-10	-2.56419052658e-10
8.14083279562e-10	-2.2331071714e-10
8.15237905257e-10	-1.88210794172e-10
8.16392530953e-10	-1.55866819451e-10
8.17547156649e-10	-1.26249150023e-10
8.18701782344e-10	-9.5940248801e-11
8.1985640804e-10	-6.10168096604e-11
8.21011033736e-10	-1.99073552781e-11
8.22165659431e-10	2.51030342346e-11
8.23320285127e-10	6.83892248388e-11
8.24474910823e-10	1.03108764582e-10
8.25629536518e-10	1.23795168561e-10
8.26784162214e-10	1.28154681311e-10
8.2793878791e-10	1.17254969623e-10
8.29093413605e-10	9.42199859799e-11
8.30248039301e-10	6.2268433465e-11
8.31402664997e-10	2.32174383885e-11
8.32557290693e-10	-2.26449622942e-11
8.33711916388e-10	-7.52215373323e-11
8.34866542084e-10	-1.32545821541e-10
8.3602116778e-10	-1.89144477858e-10
8.37175793475e-10	-2.3597623855e-10
8.38330419171e-10	-2.62332211509e-10
8.39485044867e-10	-2.59196025754e-10
8.40639670562e-10	-2.2278344447e-10
8.41794296258e-10	-1.56846771682e-10
8.42948921954e-10	-7.26192925238e-11
8.44103547649e-10	1.37201118522e-11
8.45258173345e-10	8.52178327904e-11
8.46412799041e-10	1.28526855825e-10
8.47567424736e-10	1.37075420459e-10
8.48722050432e-10	1.12074662051e-10
8.49876676128e-10	6.13326264776e-11
8.51031301823e-10	-3.44496284797e-12
8.52185927519e-10	-6.98304539193e-11
8.53340553215e-10	-1.2739141686e-10
8.5449517891e-10	-1.6934430247e-10
8.55649804606e-10	-1.9308429855e-10
8.56804430302e-10	-1.99739141893e-10
8.57959055998e-10	-1.93106267088e-10
8.59113681693e-10	-1.78281597818e-10
8.60268307389e-10	-1.6032747352e-10
8.61422933085e-10	-1.43179537671e-10
8.6257755878e-10	-1.29108140845e-10
8.63732184476e-10	-1.18771700808e-10
8.64886810172e-10	-1.1179073639e-10
8.66041435867e-10	-1.07605230282e-10
8.67196061563e-10	-1.06081046725e-10
8.68350687259e-10	-1.07640382718e-10
8.69505312954e-10	-1.12843331901e-10
8.7065993865e-10	-1.21644000428e-10
8.71814564346e-10	-1.32764896299e-10
8.72969190041e-10	-1.43616590842e-10
8.74123815737e-10	-1.50912754515e-10
8.75278441433e-10	-1.51785334301e-10
8.76433067128e-10	-1.4491875755e-10
8.77587692824e-10	-1.31203325981e-10
8.7874231852e-10	-1.13468776042e-10
8.79896944215e-10	-9.53829168426e-11
8.81051569911e-10	-7.99008498253e-11
8.82206195607e-10	-6.79450939955e-11
8.83360821303e-10	-5.80197070943e-11
8.84515446998e-10	-4.70372074624e-11
8.85670072694e-10	-3.20953090494e-11
8.8682469839e-10	-1.25491284031e-11
8.87979324085e-10	8.65044667842e-12
8.89133949781e-10	2.50460537726e-11
8.90288575477e-10	2.84398216782e-11
8.91443201172e-10	1.18104059518e-11
8.92597826868e-10	-2.76667508348e-11
8.93752452564e-10	-8.66166652291e-11
8.94907078259e-10	-1.55391616241e-10
8.96061703955e-10	-2.20108223314e-10
8.97216329651e-10	-2.66230454349e-10
8.98370955346e-10	-2.82573686672e-10
8.99525581042e-10	-2.64393756888e-10
9.00680206738e-10	-2.14628356754e-10
9.01834832433e-10	-1.42867023767e-10
9.02989458129e-10	-6.25205859306e-11
9.04144083825e-10	1.27487846668e-11
9.0529870952e-10	7.21597503972e-11
9.06453335216e-10	1.09522335645e-10
9.07607960912e-10	1.23256321816e-10
9.08762586608e-10	1.15074824669e-10
9.09917212303e-10	8.82043674211e-11
9.11071837999e-10	4.61350645187e-11
9.12226463695e-10	-7.63415893001e-12
9.1338108939e-10	-6.89341916882e-11
9.14535715086e-10	-1.31923277857e-10
9.15690340782e-10	-1.88683180191e-10
9.16844966477e-10	-2.30008373459e-10
9.17999592173e-10	-2.47447812241e-10
9.19154217869e-10	-2.35990144093e-10
9.20308843564e-10	-1.96336127911e-10
9.2146346926e-10	-1.35712968641e-10
9.22618094956e-10	-6.65723656756e-11
9.23772720651e-10	-3.4608485782e-12
9.24927346347e-10	4.09606688845e-11
9.26081972043e-10	5.94856941483e-11
9.27236597738e-10	5.20951615179e-11
9.28391223434e-10	2.5357979605e-11
9.2954584913e-10	-1.02638635438e-11
9.30700474825e-10	-4.41620073843e-11
9.31855100521e-10	-6.89623358419e-11
9.33009726217e-10	-8.23659543348e-11
9.34164351913e-10	-8.68546831678e-11
9.35318977608e-10	-8.76590675047e-11
9.36473603304e-10	-8.99669436172e-11
9.37628229e-10	-9.65845251e-11
9.38782854695e-10	-1.06979480829e-10
9.39937480391e-10	-1.17950482714e-10
9.41092106087e-10	-1.2542579475e-10
9.42246731782e-10	-1.26490262709e-10
9.43401357478e-10	-1.20691123762e-10
9.44555983174e-10	-1.10140459253e-10
9.45710608869e-10	-9.84507891877e-11
9.46865234565e-10	-8.91411111592e-11
9.48019860261e-10	-8.42496350462e-11
9.49174485956e-10	-8.37029681677e-11
9.50329111652e-10	-8.56770696056e-11
9.51483737348e-10	-8.76478195577e-11
9.52638363043e-10	-8.76278008488e-11
9.53792988739e-10	-8.50718731571e-11
9.54947614435e-10	-8.10497988168e-11
9.5610224013e-10	-7.768728022e-11
9.57256865826e-10	-7.71607291949e-11
9.58411491522e-10	-8.06615815807e-11
9.59566117218e-10	-8.7802605464e-11
9.60720742913e-10	-9.67110558303e-11
9.61875368609e-10	-1.04795262745e-10
9.63029994305e-10	-1.09806143345e-10
9.6418462e-10	-1.10782633067e-10
9.65339245696e-10	-1.08480835426e-10
9.66493871392e-10	-1.05066837175e-10
9.67648497087e-10	-1.03277490726e-10
9.68803122783e-10	-1.05315083043e-10
9.69957748479e-10	-1.11911889478e-10
9.71112374174e-10	-1.21926704844e-10
9.7226699987e-10	-1.32534191954e-10
9.73421625566e-10	-1.4001164117e-10
9.74576251261e-10	-1.40866499021e-10
9.75730876957e-10	-1.32964209087e-10
9.76885502653e-10	-1.16311224541e-10
9.78040128348e-10	-9.32417962285e-11
9.79194754044e-10	-6.78903114282e-11
9.8034937974e-10	-4.51038928428e-11
9.81504005435e-10	-2.91167888411e-11
9.82658631131e-10	-2.24228916684e-11
9.83813256827e-10	-2.51629498488e-11
9.84967882523e-10	-3.52750779975e-11
9.86122508218e-10	-4.92661397788e-11
9.87277133914e-10	-6.33403468564e-11
9.8843175961e-10	-7.4557728047e-11
9.89586385305e-10	-8.15680578636e-11
9.90741011001e-10	-8.47813902416e-11
9.91895636697e-10	-8.59309637335e-11
9.93050262392e-10	-8.71828928495e-11
9.94204888088e-10	-9.01325195035e-11
9.95359513784e-10	-9.50855366666e-11
9.96514139479e-10	-1.00868001451e-10
9.97668765175e-10	-1.05298873787e-10
9.98823390871e-10	-1.06102848729e-10
9.99978016566e-10	-1.01886124537e-10
1.00113264226e-09	-9.27229126813e-11
1.00228726796e-09	-8.01469654532e-11
1.00344189365e-09	-6.65259861088e-11
1.00459651935e-09	-5.41624071981e-11
1.00575114504e-09	-4.45548251071e-11
1.00690577074e-09	-3.81335935051e-11
1.00806039644e-09	-3.45899350829e-11
1.00921502213e-09	-3.35913623306e-11
1.01036964783e-09	-3.54095641697e-11
1.01152427352e-09	-4.11531572708e-11
1.01267889922e-09	-5.23466547886e-11
1.01383352491e-09	-6.99750812849e-11
1.01498815061e-09	-9.34381946815e-11
1.01614277631e-09	-1.19914744801e-10
1.017297402e-09	-1.44519007872e-10
1.0184520277e-09	-1.61411231603e-10
1.01960665339e-09	-1.65580868461e-10
1.02076127909e-09	-1.54600790503e-10
1.02191590478e-09	-1.29740634902e-10
1.02307053048e-09	-9.59535784162e-11
1.02422515618e-09	-6.05669056575e-11
1.02537978187e-09	-3.12332069929e-11
1.02653440757e-09	-1.38311506345e-11
1.02768903326e-09	-1.10029103884e-11
1.02884365896e-09	-2.18810906893e-11
1.02999828465e-09	-4.28972898869e-11
1.03115291035e-09	-6.92049820228e-11
1.03230753605e-09	-9.61617244166e-11
1.03346216174e-09	-1.20249990521e-10
1.03461678744e-09	-1.39271455479e-10
1.03577141313e-09	-1.5199236314e-10
1.03692603883e-09	-1.57651447452e-10
1.03808066452e-09	-1.55664814372e-10
1.03923529022e-09	-1.4576898022e-10
1.04038991592e-09	-1.28453372938e-10
1.04154454161e-09	-1.05363426317e-10
1.04269916731e-09	-7.93762555684e-11
1.043853793e-09	-5.42268729919e-11
1.0450084187e-09	-3.3683288797e-11
1.04616304439e-09	-2.0692286426e-11
1.04731767009e-09	-1.67025230452e-11
1.04847229579e-09	-2.14518212222e-11
1.04962692148e-09	-3.3265241256e-11
1.05078154718e-09	-4.96524002469e-11
1.05193617287e-09	-6.79870673648e-11
1.05309079857e-09	-8.60834736827e-11
1.05424542426e-09	-1.02454662809e-10
1.05540004996e-09	-1.16262215133e-10
1.05655467565e-09	-1.27055255206e-10
1.05770930135e-09	-1.34434963162e-10
1.05886392705e-09	-1.37780051257e-10
1.06001855274e-09	-1.36206851353e-10
1.06117317844e-09	-1.28755575646e-10
1.06232780413e-09	-1.14755954739e-10
1.06348242983e-09	-9.42932468218e-11
1.06463705552e-09	-6.85758602681e-11
1.06579168122e-09	-4.00393745936e-11
1.06694630692e-09	-1.22116032564e-11
1.06810093261e-09	1.07780130307e-11
1.06925555831e-09	2.49346394227e-11
1.070410184e-09	2.72201775009e-11
1.0715648097e-09	1.63463340086e-11
1.07271943539e-09	-6.72363857299e-12
1.07387406109e-09	-3.87599466412e-11
1.07502868679e-09	-7.47807163415e-11
1.07618331248e-09	-1.09018426231e-10
1.07733793818e-09	-1.36122391137e-10
1.07849256387e-09	-1.52213949778e-10
1.07964718957e-09	-1.55480683883e-10
1.08080181526e-09	-1.46260059619e-10
1.08195644096e-09	-1.26624738472e-10
1.08311106666e-09	-9.97436785943e-11
1.08426569235e-09	-6.9310002182e-11
1.08542031805e-09	-3.91037341396e-11
1.08657494374e-09	-1.27162646732e-11
1.08772956944e-09	6.66502053201e-12
1.08888419513e-09	1.66202798052e-11
1.09003882083e-09	1.59097093139e-11
1.09119344653e-09	4.88520118455e-12
1.09234807222e-09	-1.43459280913e-11
1.09350269792e-09	-3.81729682586e-11
1.09465732361e-09	-6.22043874743e-11
1.09581194931e-09	-8.2280716962e-11
1.096966575e-09	-9.550068375e-11
1.0981212007e-09	-1.00914880619e-10
1.0992758264e-09	-9.95880947152e-11
1.10043045209e-09	-9.40378261371e-11
1.10158507779e-09	-8.72550434683e-11
1.10273970348e-09	-8.16295017692e-11
1.10389432918e-09	-7.82474987582e-11
1.10504895487e-09	-7.67616248343e-11
1.10620358057e-09	-7.58133833489e-11
1.10735820626e-09	-7.38384006715e-11
1.10851283196e-09	-6.9840085104e-11
1.10966745766e-09	-6.38512853701e-11
1.11082208335e-09	-5.69515441751e-11
1.11197670905e-09	-5.08664221854e-11
1.11313133474e-09	-4.73580445692e-11
1.11428596044e-09	-4.76614164802e-11
1.11544058613e-09	-5.21143891929e-11
1.11659521183e-09	-6.00725164057e-11
1.11774983753e-09	-7.01092586763e-11
1.11890446322e-09	-8.03749775069e-11
1.12005908892e-09	-8.89944645754e-11
1.12121371461e-09	-9.44227335209e-11
1.12236834031e-09	-9.56745030423e-11
1.123522966e-09	-9.23928780705e-11
1.1246775917e-09	-8.48728726188e-11
1.1258322174e-09	-7.40194502913e-11
1.12698684309e-09	-6.12840819758e-11
1.12814146879e-09	-4.85956483387e-11
1.12929609448e-09	-3.82038810309e-11
1.13045072018e-09	-3.2370283537e-11
1.13160534587e-09	-3.29388807896e-11
1.13275997157e-09	-4.08206385361e-11
1.13391459727e-09	-5.55388790513e-11
1.13506922296e-09	-7.50120243698e-11
1.13622384866e-09	-9.57150331216e-11
1.13737847435e-09	-1.13262649259e-10
1.13853310005e-09	-1.23341351022e-10
1.13968772574e-09	-1.22786489309e-10
1.14084235144e-09	-1.1050696469e-10
1.14199697714e-09	-8.79750994276e-11
1.14315160283e-09	-5.9075640213e-11
1.14430622853e-09	-2.92776393407e-11
1.14546085422e-09	-4.36167595097e-12
1.14661547992e-09	1.09974347337e-11
1.14777010561e-09	1.43262051527e-11
1.14892473131e-09	5.80283173943e-12
1.15007935701e-09	-1.19919031302e-11
1.1512339827e-09	-3.49613185624e-11
1.1523886084e-09	-5.86420356719e-11
1.15354323409e-09	-7.92267987326e-11
1.15469785979e-09	-9.41911965091e-11
1.15585248548e-09	-1.0243602494e-10
1.15700711118e-09	-1.04017933156e-10
1.15816173687e-09	-9.9722050062e-11
1.15931636257e-09	-9.07106612047e-11
1.16047098827e-09	-7.83241180247e-11
1.16162561396e-09	-6.40772088167e-11
1.16278023966e-09	-4.96809884898e-11
1.16393486535e-09	-3.6948940435e-11
1.16508949105e-09	-2.75297978858e-11
1.16624411674e-09	-2.25308625923e-11
1.16739874244e-09	-2.2138619063e-11
1.16855336814e-09	-2.5489129904e-11
1.16970799383e-09	-3.08675168759e-11
1.17086261953e-09	-3.62339845628e-11
1.17201724522e-09	-3.99044616795e-11
1.17317187092e-09	-4.11785675003e-11
1.17432649661e-09	-4.06074097958e-11
1.17548112231e-09	-3.98275717961e-11
1.17663574801e-09	-4.09681039093e-11
1.1777903737e-09	-4.58106261259e-11
1.1789449994e-09	-5.50245196629e-11
1.18009962509e-09	-6.77517209002e-11
1.18125425079e-09	-8.16656464675e-11
1.18240887648e-09	-9.35618804654e-11
1.18356350218e-09	-1.00240454826e-10
1.18471812788e-09	-9.9440691792e-11
1.18587275357e-09	-9.05490266101e-11
1.18702737927e-09	-7.48409598184e-11
1.18818200496e-09	-5.52052015212e-11
1.18933663066e-09	-3.5460853004e-11
1.19049125635e-09	-1.94352953869e-11
1.19164588205e-09	-1.0066578647e-11
1.19280050775e-09	-8.78107222352e-12
1.19395513344e-09	-1.5288744229e-11
1.19510975914e-09	-2.78289891131e-11
1.19626438483e-09	-4.37330102687e-11
1.19741901053e-09	-6.01460409255e-11
1.19857363622e-09	-7.46310235833e-11
1.19972826192e-09	-8.55402831901e-11
1.20088288762e-09	-9.20717668773e-11
1.20203751331e-09	-9.40921091042e-11
1.20319213901e-09	-9.19189238613e-11
1.2043467647e-09	-8.61383742112e-11
1.2055013904e-09	-7.75763134286e-11
1.20665601609e-09	-6.73632052917e-11
1.20781064179e-09	-5.69602698341e-11
1.20896526748e-09	-4.80564719962e-11
1.21011989318e-09	-4.22632068231e-11
1.21127451888e-09	-4.06859962387e-11
1.21242914457e-09	-4.35213705352e-11
1.21358377027e-09	-4.98798918835e-11
1.21473839596e-09	-5.79299976045e-11
1.21589302166e-09	-6.53862866629e-11
1.21704764735e-09	-7.01951829996e-11
1.21820227305e-09	-7.11718392554e-11
1.21935689875e-09	-6.83624754028e-11
1.22051152444e-09	-6.30049554196e-11
1.22166615014e-09	-5.70405042644e-11
1.22282077583e-09	-5.24081715525e-11
1.22397540153e-09	-5.03615066316e-11
1.22513002722e-09	-5.10503896101e-11
1.22628465292e-09	-5.35374834743e-11
1.22743927862e-09	-5.62340243815e-11
1.22859390431e-09	-5.75367149758e-11
1.22974853001e-09	-5.64595904751e-11
1.2309031557e-09	-5.29998336884e-11
1.2320577814e-09	-4.81342743441e-11
1.23321240709e-09	-4.34744636124e-11
1.23436703279e-09	-4.07242572997e-11
1.23552165849e-09	-4.11309007686e-11
1.23667628418e-09	-4.51114805233e-11
1.23783090988e-09	-5.21182159929e-11
1.23898553557e-09	-6.07720679335e-11
1.24014016127e-09	-6.91743121117e-11
1.24129478696e-09	-7.53287571209e-11
1.24244941266e-09	-7.75543587683e-11
1.24360403836e-09	-7.4850660392e-11
1.24475866405e-09	-6.71342911818e-11
1.24591328975e-09	-5.53007049875e-11
1.24706791544e-09	-4.11286421587e-11
1.24822254114e-09	-2.69744469816e-11
1.24937716683e-09	-1.53408345055e-11
1.25053179253e-09	-8.39061979618e-12
1.25168641823e-09	-7.52328754849e-12
1.25284104392e-09	-1.30949417976e-11
1.25399566962e-09	-2.43740982259e-11
1.25515029531e-09	-3.9693730941e-11
1.25630492101e-09	-5.67620082881e-11
1.2574595467e-09	-7.30340787847e-11
1.2586141724e-09	-8.60844728834e-11
1.25976879809e-09	-9.39296210256e-11
1.26092342379e-09	-9.53147630267e-11
1.26207804949e-09	-8.99116545106e-11
1.26323267518e-09	-7.8438484874e-11
1.26438730088e-09	-6.26589335972e-11
1.26554192657e-09	-4.51764285703e-11
1.26669655227e-09	-2.90188133939e-11
1.26785117796e-09	-1.70779067971e-11
1.26900580366e-09	-1.14762687201e-11
1.27016042936e-09	-1.30589055194e-11
1.27131505505e-09	-2.11628978231e-11
1.27246968075e-09	-3.37624928015e-11
1.27362430644e-09	-4.79694443889e-11
1.27477893214e-09	-6.07799574559e-11
1.27593355783e-09	-6.98278240785e-11
1.27708818353e-09	-7.39365790814e-11
1.27824280923e-09	-7.33005600662e-11
1.27939743492e-09	-6.92722129658e-11
1.28055206062e-09	-6.38337924186e-11
1.28170668631e-09	-5.89793630601e-11
1.28286131201e-09	-5.61422852652e-11
1.2840159377e-09	-5.58776011572e-11
1.2851705634e-09	-5.78379462379e-11
1.2863251891e-09	-6.09847172761e-11
1.28747981479e-09	-6.396640162e-11
1.28863444049e-09	-6.5519763226e-11
1.28978906618e-09	-6.47900968986e-11
1.29094369188e-09	-6.15235432044e-11
1.29209831757e-09	-5.60958536566e-11
1.29325294327e-09	-4.94077695423e-11
1.29440756897e-09	-4.26854974978e-11
1.29556219466e-09	-3.72423446249e-11
1.29671682036e-09	-3.4224425377e-11
1.29787144605e-09	-3.43822713356e-11
1.29902607175e-09	-3.79248230042e-11
1.30018069744e-09	-4.44461134563e-11
1.30133532314e-09	-5.29852273168e-11
1.30248994884e-09	-6.21881782181e-11
1.30364457453e-09	-7.05589128791e-11
1.30479920023e-09	-7.67325647466e-11
1.30595382592e-09	-7.97103216765e-11
1.30710845162e-09	-7.90085705193e-11
1.30826307731e-09	-7.4720382659e-11
1.30941770301e-09	-6.74792235977e-11
1.3105723287e-09	-5.83611284299e-11
1.3117269544e-09	-4.87403797877e-11
1.3128815801e-09	-4.00856292604e-11
1.31403620579e-09	-3.37060310218e-11
1.31519083149e-09	-3.05060074424e-11
1.31634545718e-09	-3.07796010901e-11
1.31750008288e-09	-3.4118770309e-11
1.31865470857e-09	-3.95110506812e-11
1.31980933427e-09	-4.5593348541e-11
1.32096395997e-09	-5.10010852994e-11
1.32211858566e-09	-5.47326281519e-11
1.32327321136e-09	-5.63945591614e-11
1.32442783705e-09	-5.62646630675e-11
1.32558246275e-09	-5.51462660259e-11
1.32673708844e-09	-5.40570643803e-11
1.32789171414e-09	-5.38399880234e-11
1.32904633984e-09	-5.48360974684e-11
1.33020096553e-09	-5.67185777511e-11
1.33135559123e-09	-5.85747630955e-11
1.33251021692e-09	-5.91967586061e-11
1.33366484262e-09	-5.75280066639e-11
1.33481946831e-09	-5.30637270235e-11
1.33597409401e-09	-4.61175611588e-11
1.33712871971e-09	-3.78161842118e-11
1.3382833454e-09	-2.98373409313e-11
1.3394379711e-09	-2.39953369674e-11
1.34059259679e-09	-2.17664358759e-11
1.34174722249e-09	-2.39198383323e-11
1.34290184818e-09	-3.03296658621e-11
1.34405647388e-09	-4.00037676596e-11
1.34521109958e-09	-5.1302483095e-11
1.34636572527e-09	-6.22862456057e-11
1.34752035097e-09	-7.10949077387e-11
1.34867497666e-09	-7.6280218253e-11
1.34982960236e-09	-7.70430386154e-11
1.35098422805e-09	-7.33254845731e-11
1.35213885375e-09	-6.57805476756e-11
1.35329347945e-09	-5.5621732914e-11
1.35444810514e-09	-4.44396394683e-11
1.35560273084e-09	-3.39585894127e-11
1.35675735653e-09	-2.5816597124e-11
1.35791198223e-09	-2.13326214332e-11
1.35906660792e-09	-2.12938243427e-11
1.36022123362e-09	-2.57905467815e-11
1.36137585931e-09	-3.41343273091e-11
1.36253048501e-09	-4.49188880536e-11
1.36368511071e-09	-5.62419763539e-11
1.3648397364e-09	-6.60598312163e-11
1.3659943621e-09	-7.2626536729e-11
1.36714898779e-09	-7.48814343865e-11
1.36830361349e-09	-7.26932819495e-11
1.36945823918e-09	-6.68802999093e-11
1.37061286488e-09	-5.89908677462e-11
1.37176749058e-09	-5.09186234843e-11
1.37292211627e-09	-4.44280931489e-11
1.37407674197e-09	-4.07505765243e-11
1.37523136766e-09	-4.03119863879e-11
1.37638599336e-09	-4.26944833654e-11
1.37754061905e-09	-4.68121409691e-11
1.37869524475e-09	-5.12441721001e-11
1.37984987045e-09	-5.46363058962e-11
1.38100449614e-09	-5.60683235951e-11
1.38215912184e-09	-5.52668397158e-11
1.38331374753e-09	-5.26437296533e-11
1.38446837323e-09	-4.9134901009e-11
1.38562299892e-09	-4.59164511968e-11
1.38677762462e-09	-4.40665559598e-11
1.38793225032e-09	-4.42671420353e-11
1.38908687601e-09	-4.66225009987e-11
1.39024150171e-09	-5.06284077162e-11
1.3913961274e-09	-5.53024119554e-11
1.3925507531e-09	-5.94282609234e-11
1.39370537879e-09	-6.18610301872e-11
1.39486000449e-09	-6.18244275219e-11
1.39601463019e-09	-5.91011892204e-11
1.39716925588e-09	-5.41012235011e-11
1.39832388158e-09	-4.77757416961e-11
1.39947850727e-09	-4.13775610997e-11
1.40063313297e-09	-3.61848433161e-11
1.40178775866e-09	-3.32191808783e-11
1.40294238436e-09	-3.30453546471e-11
1.40409701006e-09	-3.56786926392e-11
1.40525163575e-09	-4.06127666219e-11
1.40640626145e-09	-4.69373567791e-11
1.40756088714e-09	-5.3501300612e-11
1.40871551284e-09	-5.91041660059e-11
1.40987013853e-09	-6.26660043301e-11
1.41102476423e-09	-6.33979327369e-11
1.41217938992e-09	-6.09479619551e-11
1.41333401562e-09	-5.54953617782e-11
1.41448864132e-09	-4.77865733095e-11
1.41564326701e-09	-3.90643246917e-11
1.41679789271e-09	-3.08789348258e-11
1.4179525184e-09	-2.48121089647e-11
1.4191071441e-09	-2.21354358454e-11
1.42026176979e-09	-2.35100307278e-11
1.42141639549e-09	-2.87915281894e-11
1.42257102119e-09	-3.70115882387e-11
1.42372564688e-09	-4.65719407483e-11
1.42488027258e-09	-5.55888807208e-11
