% time-domain current integration by openEMS v0.37.0-rc1-2-g7b051bb @Tue Jul 14 00:53:48 2026
% start-coordinates: (0.00261418,0.00116774,-0.000889) m -> [87,65,13]
% stop-coordinates: (0.00308805,0.00168337,-0.000889) m -> [95,74,13]
% t/s	current
7.21641059801e-14	0
1.22678980166e-12	0
2.38141549734e-12	0
3.53604119303e-12	0
4.69066688871e-12	0
5.84529258439e-12	0
6.99991828007e-12	9.85978947531e-35
8.15454397575e-12	9.70922598751e-30
9.30916967143e-12	5.4303502223e-26
1.04637953671e-11	4.6803773839e-23
1.16184210628e-11	1.0470282557e-20
1.27730467585e-11	8.38271760399e-19
1.39276724542e-11	2.98891755091e-17
1.50822981498e-11	5.56534421785e-16
1.62369238455e-11	6.11766750946e-15
1.73915495412e-11	4.37660805763e-14
1.85461752369e-11	2.19661908021e-13
1.97008009326e-11	8.14491432199e-13
2.08554266283e-11	2.29343172058e-12
2.20100523239e-11	4.88595969239e-12
2.31646780196e-11	7.27357106836e-12
2.43193037153e-11	4.16326782077e-12
2.5473929411e-11	-1.69301881542e-11
2.66285551067e-11	-7.87966011884e-11
2.77831808023e-11	-2.15818363181e-10
2.8937806498e-11	-4.70021632726e-10
3.00924321937e-11	-8.76363037694e-10
3.12470578894e-11	-1.43158829236e-09
3.24016835851e-11	-2.04519068348e-09
3.35563092808e-11	-2.48056730712e-09
3.47109349764e-11	-2.30786167954e-09
3.58655606721e-11	-9.03574493005e-10
3.70201863678e-11	2.46182785268e-09
3.81748120635e-11	8.42143332846e-09
3.93294377592e-11	1.72047158742e-08
4.04840634548e-11	2.82930088247e-08
4.16386891505e-11	4.0163239845e-08
4.27933148462e-11	5.02686496873e-08
4.39479405419e-11	5.53711423379e-08
4.51025662376e-11	5.22359187016e-08
4.62571919333e-11	3.85539671299e-08
4.74118176289e-11	1.38308786646e-08
4.85664433246e-11	-2.00699492581e-08
4.97210690203e-11	-5.89746456114e-08
5.0875694716e-11	-9.71008375927e-08
5.20303204117e-11	-1.28260083443e-07
5.31849461073e-11	-1.47236775661e-07
5.4339571803e-11	-1.50965036028e-07
5.54941974987e-11	-1.39212403383e-07
5.66488231944e-11	-1.14623844638e-07
5.78034488901e-11	-8.21434227305e-08
5.89580745858e-11	-4.79304951284e-08
6.01127002814e-11	-1.79678583123e-08
6.12673259771e-11	3.39029626595e-09
6.24219516728e-11	1.45997542944e-08
6.35765773685e-11	1.74595786717e-08
6.47312030642e-11	1.66880465002e-08
6.58858287598e-11	1.84539903358e-08
6.70404544555e-11	2.81826793014e-08
6.81950801512e-11	4.83323923106e-08
6.93497058469e-11	7.70294192876e-08
7.05043315426e-11	1.08226096529e-07
7.16589572383e-11	1.33489194809e-07
7.28135829339e-11	1.4482178301e-07
7.39682086296e-11	1.37435563374e-07
7.51228343253e-11	1.11364279576e-07
7.6277460021e-11	7.13084347126e-08
7.74320857167e-11	2.48782558998e-08
7.85867114123e-11	-1.99227105924e-08
7.9741337108e-11	-5.6898073808e-08
8.08959628037e-11	-8.27577508744e-08
8.20505884994e-11	-9.69620188584e-08
8.32052141951e-11	-1.00740017217e-07
8.43598398908e-11	-9.59886321539e-08
8.55144655864e-11	-8.45877963229e-08
8.66690912821e-11	-6.82693297449e-08
8.78237169778e-11	-4.87961813178e-08
8.89783426735e-11	-2.80860170676e-08
9.01329683692e-11	-8.06990474445e-09
9.12875940648e-11	9.65165813938e-09
9.24422197605e-11	2.41028423886e-08
9.35968454562e-11	3.49708990655e-08
9.47514711519e-11	4.23577724007e-08
9.59060968476e-11	4.64370728537e-08
9.70607225432e-11	4.72377621463e-08
9.82153482389e-11	4.46878516414e-08
9.93699739346e-11	3.88361449666e-08
1.0052459963e-10	3.00790006236e-08
1.01679225326e-10	1.92260554144e-08
1.02833851022e-10	7.39824113083e-09
1.03988476717e-10	-4.1471923673e-09
1.05143102413e-10	-1.4137218507e-08
1.06297728109e-10	-2.13430180196e-08
1.07452353804e-10	-2.46694522588e-08
1.086069795e-10	-2.34195596249e-08
1.09761605196e-10	-1.77279595448e-08
1.10916230891e-10	-8.97588670057e-09
1.12070856587e-10	1.48862033811e-10
1.13225482283e-10	6.2085483421e-09
1.14380107978e-10	6.16427486833e-09
1.15534733674e-10	-1.27291721608e-09
1.1668935937e-10	-1.46975089876e-08
1.17843985066e-10	-3.00302573919e-08
1.18998610761e-10	-4.16559089444e-08
1.20153236457e-10	-4.4344485417e-08
1.21307862153e-10	-3.52157272232e-08
1.22462487848e-10	-1.49592285226e-08
1.23617113544e-10	1.21986261092e-08
1.2477173924e-10	3.97675208319e-08
1.25926364935e-10	6.0999994389e-08
1.27080990631e-10	7.08854415166e-08
1.28235616327e-10	6.74565754366e-08
1.29390242022e-10	5.20452481112e-08
1.30544867718e-10	2.85451697835e-08
1.31699493414e-10	2.05376404772e-09
1.32854119109e-10	-2.25618244087e-08
1.34008744805e-10	-4.17154026877e-08
1.35163370501e-10	-5.35235997745e-08
1.36317996196e-10	-5.76262877416e-08
1.37472621892e-10	-5.4657995463e-08
1.38627247588e-10	-4.56961686268e-08
1.39781873283e-10	-3.19536148652e-08
1.40936498979e-10	-1.47987160304e-08
1.42091124675e-10	4.02200850402e-09
1.43245750371e-10	2.21941203193e-08
1.44400376066e-10	3.69300217073e-08
1.45555001762e-10	4.54415847173e-08
1.46709627458e-10	4.5697891693e-08
1.47864253153e-10	3.71799053767e-08
1.49018878849e-10	2.13044994979e-08
1.50173504545e-10	1.26965227221e-09
1.5132813024e-10	-1.8679934044e-08
1.52482755936e-10	-3.43561623595e-08
1.53637381632e-10	-4.27181454654e-08
1.54792007327e-10	-4.26014068466e-08
1.55946633023e-10	-3.48647084536e-08
1.57101258719e-10	-2.19584421757e-08
1.58255884414e-10	-7.10479231003e-09
1.5941051011e-10	6.611474479e-09
1.60565135806e-10	1.69678031625e-08
1.61719761501e-10	2.29664589568e-08
1.62874387197e-10	2.47938913844e-08
1.64029012893e-10	2.34533548138e-08
1.65183638588e-10	2.02325551868e-08
1.66338264284e-10	1.62109774493e-08
1.6749288998e-10	1.1978486647e-08
1.68647515676e-10	7.6472952415e-09
1.69802141371e-10	3.12243209066e-09
1.70956767067e-10	-1.53629098332e-09
1.72111392763e-10	-5.8608136122e-09
1.73266018458e-10	-9.00105057156e-09
1.74420644154e-10	-1.00475876508e-08
1.7557526985e-10	-8.51919157441e-09
1.76729895545e-10	-4.77524331188e-09
1.77884521241e-10	-1.12596966473e-10
1.79039146937e-10	3.57143425944e-09
1.80193772632e-10	4.46657733022e-09
1.81348398328e-10	1.62836910622e-09
1.82503024024e-10	-4.48582682111e-09
1.83657649719e-10	-1.19841780943e-08
1.84812275415e-10	-1.80739228028e-08
1.85966901111e-10	-1.9994198297e-08
1.87121526806e-10	-1.6006662662e-08
1.88276152502e-10	-6.08002981295e-09
1.89430778198e-10	7.98746846442e-09
1.90585403893e-10	2.30478089946e-08
1.91740029589e-10	3.55126701379e-08
1.92894655285e-10	4.23843253827e-08
1.94049280981e-10	4.20707237936e-08
1.95203906676e-10	3.47491493358e-08
1.96358532372e-10	2.21961045099e-08
1.97513158068e-10	7.18219972384e-09
1.98667783763e-10	-7.33834726319e-09
1.99822409459e-10	-1.89799589378e-08
2.00977035155e-10	-2.63923478627e-08
2.0213166085e-10	-2.93522486317e-08
2.03286286546e-10	-2.85193522132e-08
2.04440912242e-10	-2.50117295764e-08
2.05595537937e-10	-1.99728589223e-08
2.06750163633e-10	-1.42719214224e-08
2.07904789329e-10	-8.39574543221e-09
2.09059415024e-10	-2.52922127686e-09
2.1021404072e-10	3.24854632083e-09
2.11368666416e-10	8.7405789273e-09
2.12523292111e-10	1.34857920386e-08
2.13677917807e-10	1.67678901875e-08
2.14832543503e-10	1.78086736469e-08
2.15987169198e-10	1.60931055149e-08
2.17141794894e-10	1.16917915349e-08
2.1829642059e-10	5.40999645082e-09
2.19451046286e-10	-1.3550622846e-09
2.20605671981e-10	-7.02609481706e-09
2.21760297677e-10	-1.03793436068e-08
2.22914923373e-10	-1.0961754171e-08
2.24069549068e-10	-9.21512022245e-09
2.25224174764e-10	-6.24428952989e-09
2.2637880046e-10	-3.34025607174e-09
2.27533426155e-10	-1.46907452869e-09
2.28688051851e-10	-9.34178179257e-10
2.29842677547e-10	-1.3354214401e-09
2.30997303242e-10	-1.82690251815e-09
2.32151928938e-10	-1.55109447508e-09
2.33306554634e-10	-7.1921177347e-11
2.34461180329e-10	2.3781820957e-09
2.35615806025e-10	4.93168350602e-09
2.36770431721e-10	6.39796615687e-09
2.37925057416e-10	5.73236080825e-09
2.39079683112e-10	2.48416198723e-09
2.40234308808e-10	-2.95728641575e-09
2.41388934503e-10	-9.41735223137e-09
2.42543560199e-10	-1.5271895748e-08
2.43698185895e-10	-1.89399607109e-08
2.44852811591e-10	-1.93493718825e-08
2.46007437286e-10	-1.62240745283e-08
2.47162062982e-10	-1.01191561797e-08
2.48316688678e-10	-2.22106866232e-09
2.49471314373e-10	5.99424287984e-09
2.50625940069e-10	1.31289468186e-08
2.51780565765e-10	1.81516099929e-08
2.5293519146e-10	2.05368060335e-08
2.54089817156e-10	2.0252343802e-08
2.55244442852e-10	1.76276824249e-08
2.56399068547e-10	1.31803403747e-08
2.57553694243e-10	7.47306660998e-09
2.58708319939e-10	1.0465504019e-09
2.59862945634e-10	-5.56549428765e-09
2.6101757133e-10	-1.17805205591e-08
2.62172197026e-10	-1.69250213844e-08
2.63326822721e-10	-2.02547596473e-08
2.64481448417e-10	-2.10604778061e-08
2.65636074113e-10	-1.88450197669e-08
2.66790699808e-10	-1.3524507736e-08
2.67945325504e-10	-5.58366819448e-09
2.690999512e-10	3.88837451126e-09
2.70254576896e-10	1.33260416035e-08
2.71409202591e-10	2.09863184608e-08
2.72563828287e-10	2.53538541273e-08
2.73718453983e-10	2.55403236338e-08
2.74873079678e-10	2.1536486372e-08
2.76027705374e-10	1.42221310284e-08
2.7718233107e-10	5.11634379308e-09
2.78336956765e-10	-4.04577882307e-09
2.79491582461e-10	-1.1760727503e-08
2.80646208157e-10	-1.70777489927e-08
2.81800833852e-10	-1.97076186481e-08
2.82955459548e-10	-1.99227816466e-08
2.84110085244e-10	-1.83296720024e-08
2.85264710939e-10	-1.56252664141e-08
2.86419336635e-10	-1.24292460768e-08
2.87573962331e-10	-9.22117937563e-09
2.88728588026e-10	-6.35586916431e-09
2.89883213722e-10	-4.10054568079e-09
2.91037839418e-10	-2.64653388093e-09
2.92192465113e-10	-2.0790225097e-09
2.93347090809e-10	-2.32365482411e-09
2.94501716505e-10	-3.11677061937e-09
2.95656342201e-10	-4.03492972367e-09
2.96810967896e-10	-4.59866900115e-09
2.97965593592e-10	-4.420708688e-09
2.99120219288e-10	-3.34621597098e-09
3.00274844983e-10	-1.52112900054e-09
3.01429470679e-10	6.49152842591e-10
3.02584096375e-10	2.64172017594e-09
3.0373872207e-10	4.00398958433e-09
3.04893347766e-10	4.51182557981e-09
3.06047973462e-10	4.23385415615e-09
3.07202599157e-10	3.48063333711e-09
3.08357224853e-10	2.67128563713e-09
3.09511850549e-10	2.18091922299e-09
3.10666476244e-10	2.23455742798e-09
3.1182110194e-10	2.87499402063e-09
3.12975727636e-10	3.9962779752e-09
3.14130353331e-10	5.4040376618e-09
3.15284979027e-10	6.86318069043e-09
3.16439604723e-10	8.11265454814e-09
3.17594230418e-10	8.86699069724e-09
3.18748856114e-10	8.83312534228e-09
3.1990348181e-10	7.76770470168e-09
3.21058107506e-10	5.56558976683e-09
3.22212733201e-10	2.34319208481e-09
3.23367358897e-10	-1.52526891117e-09
3.24521984593e-10	-5.45680745034e-09
3.25676610288e-10	-8.78930528359e-09
3.26831235984e-10	-1.09525490899e-08
3.2798586168e-10	-1.1618371154e-08
3.29140487375e-10	-1.07752136103e-08
3.30295113071e-10	-8.70401972719e-09
3.31449738767e-10	-5.87336534963e-09
3.32604364462e-10	-2.80057976809e-09
3.33758990158e-10	6.36455887992e-11
3.34913615854e-10	2.39563746618e-09
3.36068241549e-10	4.00153199465e-09
3.37222867245e-10	4.79032546963e-09
3.38377492941e-10	4.75155159663e-09
3.39532118636e-10	3.95667809627e-09
3.40686744332e-10	2.57951171534e-09
3.41841370028e-10	9.04700925286e-10
3.42995995723e-10	-7.02316649281e-10
3.44150621419e-10	-1.87374182836e-09
3.45305247115e-10	-2.34084085449e-09
3.46459872811e-10	-2.02057348631e-09
3.47614498506e-10	-1.04569874981e-09
3.48769124202e-10	2.80745982018e-10
3.49923749898e-10	1.5916425955e-09
3.51078375593e-10	2.57963295169e-09
3.52233001289e-10	3.09169068125e-09
3.53387626985e-10	3.15731973899e-09
3.5454225268e-10	2.94844393345e-09
3.55696878376e-10	2.69063460401e-09
3.56851504072e-10	2.56806620413e-09
3.58006129767e-10	2.65719002357e-09
3.59160755463e-10	2.91103141592e-09
3.60315381159e-10	3.188795894e-09
3.61470006854e-10	3.31191163383e-09
3.6262463255e-10	3.12039638573e-09
3.63779258246e-10	2.51255416472e-09
3.64933883941e-10	1.46279732771e-09
3.66088509637e-10	2.50806198726e-11
3.67243135333e-10	-1.66893132647e-09
3.68397761028e-10	-3.41065997667e-09
3.69552386724e-10	-4.92390794804e-09
3.7070701242e-10	-5.89357007641e-09
3.71861638116e-10	-6.02364602642e-09
3.73016263811e-10	-5.11949238557e-09
3.74170889507e-10	-3.16777892806e-09
3.75325515203e-10	-3.85990489571e-10
3.76480140898e-10	2.79005041293e-09
3.77634766594e-10	5.7880029658e-09
3.7878939229e-10	8.03255151283e-09
3.79944017985e-10	9.0885894366e-09
3.81098643681e-10	8.76506245362e-09
3.82253269377e-10	7.14701986482e-09
3.83407895072e-10	4.55316939707e-09
3.84562520768e-10	1.43863110313e-09
3.85717146464e-10	-1.71332958931e-09
3.86871772159e-10	-4.47701919981e-09
3.88026397855e-10	-6.52628928677e-09
3.89181023551e-10	-7.64294760813e-09
3.90335649246e-10	-7.71254438092e-09
3.91490274942e-10	-6.72996058881e-09
3.92644900638e-10	-4.81676787345e-09
3.93799526333e-10	-2.2383741527e-09
3.94954152029e-10	6.07427830257e-10
3.96108777725e-10	3.24742899238e-09
3.97263403421e-10	5.23136600705e-09
3.98418029116e-10	6.24070661814e-09
3.99572654812e-10	6.16897555261e-09
4.00727280508e-10	5.13998443807e-09
4.01881906203e-10	3.45744943786e-09
4.03036531899e-10	1.50744061678e-09
4.04191157595e-10	-3.43430700545e-10
4.0534578329e-10	-1.8185077888e-09
4.06500408986e-10	-2.75327471932e-09
4.07655034682e-10	-3.08072323207e-09
4.08809660377e-10	-2.80527667762e-09
4.09964286073e-10	-1.99193306294e-09
4.11118911769e-10	-7.76541220215e-10
4.12273537464e-10	6.17666917613e-10
4.1342816316e-10	1.88665905121e-09
4.14582788856e-10	2.69606070802e-09
4.15737414551e-10	2.77528067194e-09
4.16892040247e-10	2.02238381597e-09
4.18046665943e-10	5.75711311956e-10
4.19201291638e-10	-1.19253518172e-09
4.20355917334e-10	-2.77231615442e-09
4.2151054303e-10	-3.67591601602e-09
4.22665168726e-10	-3.60341356753e-09
4.23819794421e-10	-2.54876053596e-09
4.24974420117e-10	-8.02198418803e-10
4.26129045813e-10	1.15281384439e-09
4.27283671508e-10	2.80805889652e-09
4.28438297204e-10	3.79479292434e-09
4.295929229e-10	3.98308985794e-09
4.30747548595e-10	3.4827016826e-09
4.31902174291e-10	2.55864929244e-09
4.33056799987e-10	1.50817780487e-09
4.34211425682e-10	5.55608836716e-10
4.35366051378e-10	-1.93500146461e-10
4.36520677074e-10	-7.31095961548e-10
4.37675302769e-10	-1.08487407946e-09
4.38829928465e-10	-1.25913079962e-09
4.39984554161e-10	-1.21435039802e-09
4.41139179856e-10	-8.94284479802e-10
4.42293805552e-10	-2.82838447108e-10
4.43448431248e-10	5.46964085135e-10
4.44603056943e-10	1.42375022882e-09
4.45757682639e-10	2.1203605538e-09
4.46912308335e-10	2.43185027671e-09
4.48066934031e-10	2.2525112886e-09
4.49221559726e-10	1.61718516356e-09
4.50376185422e-10	6.88613222e-10
4.51530811118e-10	-3.01714014883e-10
4.52685436813e-10	-1.13186171546e-09
4.53840062509e-10	-1.65243885242e-09
4.54994688205e-10	-1.81204240501e-09
4.561493139e-10	-1.64219504661e-09
4.57303939596e-10	-1.21887411275e-09
4.58458565292e-10	-6.24194695931e-10
4.59613190987e-10	7.24649507067e-11
4.60767816683e-10	8.11780365151e-10
4.61922442379e-10	1.52991941338e-09
4.63077068074e-10	2.14956830114e-09
4.6423169377e-10	2.58738253045e-09
4.65386319466e-10	2.77778666735e-09
4.66540945161e-10	2.69955724441e-09
4.67695570857e-10	2.38857889023e-09
4.68850196553e-10	1.92646409936e-09
4.70004822248e-10	1.40843636753e-09
4.71159447944e-10	9.06383856858e-10
4.7231407364e-10	4.46788578357e-10
4.73468699336e-10	1.46444523175e-11
4.74623325031e-10	-4.17594792079e-10
4.75777950727e-10	-8.54450898924e-10
4.76932576423e-10	-1.25449439725e-09
4.78087202118e-10	-1.5348233795e-09
4.79241827814e-10	-1.60257696002e-09
4.8039645351e-10	-1.39785960585e-09
4.81551079205e-10	-9.25600263102e-10
4.82705704901e-10	-2.61407978597e-10
4.83860330597e-10	4.72713979072e-10
4.85014956292e-10	1.15028653269e-09
4.86169581988e-10	1.68003011503e-09
4.87324207684e-10	2.02517069781e-09
4.88478833379e-10	2.19691309589e-09
4.89633459075e-10	2.22750640155e-09
4.90788084771e-10	2.14018180955e-09
4.91942710466e-10	1.93303240081e-09
4.93097336162e-10	1.58529500638e-09
4.94251961858e-10	1.08226094753e-09
4.95406587553e-10	4.45101649982e-10
4.96561213249e-10	-2.5120258651e-10
4.97715838945e-10	-8.85262196881e-10
4.98870464641e-10	-1.3211459704e-09
5.00025090336e-10	-1.45200163004e-09
5.01179716032e-10	-1.2379103298e-09
5.02334341728e-10	-7.22181092705e-10
5.03488967423e-10	-2.0019447905e-11
5.04643593119e-10	7.15326187173e-10
5.05798218815e-10	1.33426014681e-09
5.0695284451e-10	1.72507208518e-09
5.08107470206e-10	1.83214554639e-09
5.09262095902e-10	1.65900571059e-09
5.10416721597e-10	1.26002730472e-09
5.11571347293e-10	7.27333748785e-10
5.12725972989e-10	1.75995690244e-10
5.13880598684e-10	-2.74071570994e-10
5.1503522438e-10	-5.21476695159e-10
5.16189850076e-10	-5.09382203084e-10
5.17344475771e-10	-2.47369624784e-10
5.18499101467e-10	1.82711207275e-10
5.19653727163e-10	6.43864350724e-10
5.20808352858e-10	9.8339347776e-10
5.21962978554e-10	1.08253950248e-09
5.2311760425e-10	8.97561469593e-10
5.24272229946e-10	4.74640660109e-10
5.25426855641e-10	-6.76483521977e-11
5.26581481337e-10	-5.81459047577e-10
5.27736107033e-10	-9.39674005274e-10
5.28890732728e-10	-1.07180675446e-09
5.30045358424e-10	-9.72006364286e-10
5.3119998412e-10	-6.7966765549e-10
5.32354609815e-10	-2.46364040279e-10
5.33509235511e-10	2.90572954587e-10
5.34663861207e-10	9.13282560688e-10
5.35818486902e-10	1.60515878367e-09
5.36973112598e-10	2.32131425193e-09
5.38127738294e-10	2.96712321379e-09
5.39282363989e-10	3.40299455281e-09
5.40436989685e-10	3.47970874337e-09
5.41591615381e-10	3.09285885791e-09
5.42746241076e-10	2.23312834891e-09
5.43900866772e-10	1.01012864739e-09
5.45055492468e-10	-3.65467073271e-10
5.46210118163e-10	-1.6358584487e-09
5.47364743859e-10	-2.56715648739e-09
5.48519369555e-10	-3.01155766991e-09
5.49673995251e-10	-2.93943092089e-09
5.50828620946e-10	-2.43149567147e-09
5.51983246642e-10	-1.63985047763e-09
5.53137872338e-10	-7.3516909227e-10
5.54292498033e-10	1.39825581669e-10
5.55447123729e-10	8.96093754754e-10
5.56601749425e-10	1.49927192883e-09
5.5775637512e-10	1.95201099729e-09
5.58911000816e-10	2.26978347229e-09
5.60065626512e-10	2.46192111142e-09
5.61220252207e-10	2.52413934199e-09
5.62374877903e-10	2.44331399557e-09
5.63529503599e-10	2.20934848194e-09
5.64684129294e-10	1.82698223217e-09
5.6583875499e-10	1.32239696971e-09
5.66993380686e-10	7.42039041324e-10
5.68148006381e-10	1.45618309078e-10
5.69302632077e-10	-4.03729771836e-10
5.70457257773e-10	-8.49248227297e-10
5.71611883468e-10	-1.14774323379e-09
5.72766509164e-10	-1.27407495665e-09
5.7392113486e-10	-1.22246213152e-09
5.75075760556e-10	-1.00446007067e-09
5.76230386251e-10	-6.44584885467e-10
5.77385011947e-10	-1.74550290888e-10
5.78539637643e-10	3.7169667344e-10
5.79694263338e-10	9.59291091007e-10
5.80848889034e-10	1.54932011664e-09
5.8200351473e-10	2.0930714939e-09
5.83158140425e-10	2.52872300877e-09
5.84312766121e-10	2.78471667947e-09
5.85467391817e-10	2.79276846094e-09
5.86622017512e-10	2.50787435263e-09
5.87776643208e-10	1.92908733432e-09
5.88931268904e-10	1.11107856249e-09
5.90085894599e-10	1.60934654492e-10
5.91240520295e-10	-7.81276932038e-10
5.92395145991e-10	-1.57321911054e-09
5.93549771686e-10	-2.10230499675e-09
5.94704397382e-10	-2.30848451466e-09
5.95859023078e-10	-2.19136886415e-09
5.97013648773e-10	-1.80107762038e-09
5.98168274469e-10	-1.21849619283e-09
5.99322900165e-10	-5.3291426827e-10
6.00477525861e-10	1.74490533134e-10
6.01632151556e-10	8.37907521145e-10
6.02786777252e-10	1.40564526685e-09
6.03941402948e-10	1.83557924416e-09
6.05096028643e-10	2.09277417618e-09
6.06250654339e-10	2.15259521319e-09
6.07405280035e-10	2.00834904263e-09
6.0855990573e-10	1.67899050219e-09
6.09714531426e-10	1.21207299753e-09
6.10869157122e-10	6.78194445047e-10
6.12023782817e-10	1.57440158133e-10
6.13178408513e-10	-2.77732281617e-10
6.14333034209e-10	-5.77510095301e-10
6.15487659904e-10	-7.22681525733e-10
6.166422856e-10	-7.23625881438e-10
6.17796911296e-10	-6.11608819145e-10
6.18951536991e-10	-4.26536667097e-10
6.20106162687e-10	-2.05611055959e-10
6.21260788383e-10	2.38431201866e-11
6.22415414078e-10	2.46291070871e-10
6.23570039774e-10	4.55739085359e-10
6.2472466547e-10	6.51288689646e-10
6.25879291166e-10	8.32619695412e-10
6.27033916861e-10	9.96626003946e-10
6.28188542557e-10	1.1355799634e-09
6.29343168253e-10	1.23725929502e-09
6.30497793948e-10	1.28684640721e-09
6.31652419644e-10	1.27063182198e-09
6.3280704534e-10	1.18087961631e-09
6.33961671035e-10	1.02047026385e-09
6.35116296731e-10	8.05418176597e-10
6.36270922427e-10	5.62888902156e-10
6.37425548122e-10	3.25067694984e-10
6.38580173818e-10	1.2070694444e-10
6.39734799514e-10	-3.26708209097e-11
6.40889425209e-10	-1.32120814289e-10
6.42044050905e-10	-1.86130486024e-10
6.43198676601e-10	-2.0674639778e-10
6.44353302296e-10	-2.00735539302e-10
6.45507927992e-10	-1.64290331339e-10
6.46662553688e-10	-8.42686545544e-11
6.47817179383e-10	5.36324873401e-11
6.48971805079e-10	2.54101573116e-10
6.50126430775e-10	5.03869723723e-10
6.51281056471e-10	7.70423391749e-10
6.52435682166e-10	1.00924990587e-09
6.53590307862e-10	1.17674203715e-09
6.54744933558e-10	1.24362364851e-09
6.55899559253e-10	1.20317311669e-09
6.57054184949e-10	1.07074815681e-09
6.58208810645e-10	8.75740258088e-10
6.5936343634e-10	6.49630682581e-10
6.60518062036e-10	4.16244400059e-10
6.61672687732e-10	1.87898002713e-10
6.62827313427e-10	-3.09828031286e-11
6.63981939123e-10	-2.35708980112e-10
6.65136564819e-10	-4.13460848891e-10
6.66291190514e-10	-5.40291533735e-10
6.6744581621e-10	-5.85476667148e-10
6.68600441906e-10	-5.21924281571e-10
6.69755067601e-10	-3.38505778963e-10
6.70909693297e-10	-4.90574247891e-11
6.72064318993e-10	3.0647742677e-10
6.73218944688e-10	6.69891975225e-10
6.74373570384e-10	9.79320069483e-10
6.7552819608e-10	1.18508558522e-09
6.76682821776e-10	1.26168941961e-09
6.77837447471e-10	1.21134580144e-09
6.78992073167e-10	1.05880759715e-09
6.80146698863e-10	8.40121694434e-10
6.81301324558e-10	5.90491155972e-10
6.82455950254e-10	3.36238009657e-10
6.8361057595e-10	9.31209345745e-11
6.84765201645e-10	-1.29412924821e-10
6.85919827341e-10	-3.21588422558e-10
6.87074453037e-10	-4.68530270137e-10
6.88229078732e-10	-5.49885637025e-10
6.89383704428e-10	-5.44849554363e-10
6.90538330124e-10	-4.39734665347e-10
6.91692955819e-10	-2.35406444338e-10
6.92847581515e-10	4.92646722028e-11
6.94002207211e-10	3.79150960628e-10
6.95156832906e-10	7.09196312787e-10
6.96311458602e-10	9.93523596726e-10
6.97466084298e-10	1.19445142666e-09
6.98620709993e-10	1.28904675822e-09
6.99775335689e-10	1.27174026865e-09
7.00929961385e-10	1.15315235139e-09
7.02084587081e-10	9.55923673551e-10
7.03239212776e-10	7.08759495538e-10
7.04393838472e-10	4.40996489326e-10
7.05548464168e-10	1.78629569469e-10
7.06703089863e-10	-5.75047578999e-11
7.07857715559e-10	-2.51233533977e-10
7.09012341255e-10	-3.89390630851e-10
7.1016696695e-10	-4.60168680938e-10
7.11321592646e-10	-4.5300102558e-10
7.12476218342e-10	-3.60302010449e-10
7.13630844037e-10	-1.81352974304e-10
7.14785469733e-10	7.34948560344e-11
7.15940095429e-10	3.80103309938e-10
7.17094721124e-10	7.0100358851e-10
7.1824934682e-10	9.90324822148e-10
7.19403972516e-10	1.20247900526e-09
7.20558598211e-10	1.30251986974e-09
7.21713223907e-10	1.27496557756e-09
7.22867849603e-10	1.12806786134e-09
7.24022475298e-10	8.91869023079e-10
7.25177100994e-10	6.10369588205e-10
7.2633172669e-10	3.30314747776e-10
7.27486352386e-10	9.05928873585e-11
7.28640978081e-10	-8.46839542934e-11
7.29795603777e-10	-1.87306725685e-10
7.30950229473e-10	-2.21052939842e-10
7.32104855168e-10	-1.94884483551e-10
7.33259480864e-10	-1.16880755074e-10
7.3441410656e-10	8.1295768728e-12
7.35568732255e-10	1.76654302297e-10
7.36723357951e-10	3.81482956335e-10
7.37877983647e-10	6.06175332152e-10
7.39032609342e-10	8.23076495848e-10
7.40187235038e-10	9.96304483358e-10
7.41341860734e-10	1.0899204872e-09
7.42496486429e-10	1.07858488807e-09
7.43651112125e-10	9.56802970187e-10
7.44805737821e-10	7.42783168306e-10
7.45960363516e-10	4.75255834687e-10
7.47114989212e-10	2.03982539193e-10
7.48269614908e-10	-2.31019491731e-11
7.49424240603e-10	-1.71595154752e-10
7.50578866299e-10	-2.27535629227e-10
7.51733491995e-10	-1.97567115445e-10
7.52888117691e-10	-1.03150959996e-10
7.54042743386e-10	2.85560776414e-11
7.55197369082e-10	1.73569741913e-10
7.56351994778e-10	3.16062065409e-10
7.57506620473e-10	4.48596604308e-10
7.58661246169e-10	5.67746794022e-10
7.59815871865e-10	6.68175348384e-10
7.6097049756e-10	7.38319072546e-10
7.62125123256e-10	7.60381702047e-10
7.63279748952e-10	7.15512205041e-10
7.64434374647e-10	5.92324522763e-10
7.65589000343e-10	3.95263266562e-10
7.66743626039e-10	1.48972612024e-10
7.67898251734e-10	-1.04123168421e-10
7.6905287743e-10	-3.12834980143e-10
7.70207503126e-10	-4.30484564662e-10
7.71362128821e-10	-4.27491098076e-10
7.72516754517e-10	-2.99519770097e-10
7.73671380213e-10	-6.80821302113e-11
7.74826005908e-10	2.25995430703e-10
7.75980631604e-10	5.33432020777e-10
7.771352573e-10	8.07826527893e-10
7.78289882995e-10	1.01390296159e-09
7.79444508691e-10	1.13072473606e-09
7.80599134387e-10	1.15054965555e-09
7.81753760083e-10	1.0753622437e-09
7.82908385778e-10	9.13753683829e-10
7.84063011474e-10	6.79504619239e-10
7.8521763717e-10	3.92237298197e-10
7.86372262865e-10	7.86615286796e-11
7.87526888561e-10	-2.27233329375e-10
7.88681514257e-10	-4.86797324672e-10
7.89836139952e-10	-6.61970922522e-10
7.90990765648e-10	-7.22429338573e-10
7.92145391344e-10	-6.52369547272e-10
7.93300017039e-10	-4.54859205856e-10
7.94454642735e-10	-1.52320045466e-10
7.95609268431e-10	2.16972745326e-10
7.96763894126e-10	6.0541099911e-10
7.97918519822e-10	9.63846780166e-10
7.99073145518e-10	1.24882804098e-09
8.00227771213e-10	1.42776379608e-09
8.01382396909e-10	1.48200762773e-09
8.02537022605e-10	1.40788969372e-09
8.036916483e-10	1.21613352722e-09
8.04846273996e-10	9.30189369974e-10
8.06000899692e-10	5.83449288882e-10
8.07155525388e-10	2.1530865979e-10
8.08310151083e-10	-1.33570099425e-10
8.09464776779e-10	-4.26261581588e-10
8.10619402475e-10	-6.33859742472e-10
8.1177402817e-10	-7.38222261099e-10
8.12928653866e-10	-7.32860994113e-10
8.14083279562e-10	-6.22259854755e-10
8.15237905257e-10	-4.20302181947e-10
8.16392530953e-10	-1.48515519327e-10
8.17547156649e-10	1.65447960887e-10
8.18701782344e-10	4.89321694275e-10
8.1985640804e-10	7.88355825065e-10
8.21011033736e-10	1.02845254535e-09
8.22165659431e-10	1.18038689934e-09
8.23320285127e-10	1.22467269659e-09
8.24474910823e-10	1.15563358882e-09
8.25629536518e-10	9.83469972127e-10
8.26784162214e-10	7.33275384857e-10
8.2793878791e-10	4.40970732152e-10
8.29093413605e-10	1.4660050951e-10
8.30248039301e-10	-1.12740962399e-10
8.31402664997e-10	-3.09210990146e-10
8.32557290693e-10	-4.27611307474e-10
8.33711916388e-10	-4.65726457399e-10
8.34866542084e-10	-4.3170655939e-10
8.3602116778e-10	-3.39866079724e-10
8.37175793475e-10	-2.06260175606e-10
8.38330419171e-10	-4.57762751316e-11
8.39485044867e-10	1.28849056424e-10
8.40639670562e-10	3.06149466889e-10
8.41794296258e-10	4.74227879188e-10
8.42948921954e-10	6.19339801666e-10
8.44103547649e-10	7.26249171912e-10
8.45258173345e-10	7.80467801498e-10
8.46412799041e-10	7.71982033854e-10
8.47567424736e-10	6.990068524e-10
8.48722050432e-10	5.70249847343e-10
8.49876676128e-10	4.04328931447e-10
8.51031301823e-10	2.26136762094e-10
8.52185927519e-10	6.14078024541e-11
8.53340553215e-10	-6.9165922989e-11
8.5449517891e-10	-1.53954099469e-10
8.55649804606e-10	-1.91465066024e-10
8.56804430302e-10	-1.88300930404e-10
8.57959055998e-10	-1.55048321404e-10
8.59113681693e-10	-1.01948414988e-10
8.60268307389e-10	-3.59697688301e-11
8.61422933085e-10	3.96102178835e-11
8.6257755878e-10	1.23303589561e-10
8.63732184476e-10	2.12383305387e-10
8.64886810172e-10	3.00310748491e-10
8.66041435867e-10	3.76241121591e-10
8.67196061563e-10	4.2698500291e-10
8.68350687259e-10	4.41073788604e-10
8.69505312954e-10	4.13308082203e-10
8.7065993865e-10	3.47980755322e-10
8.71814564346e-10	2.59088195342e-10
8.72969190041e-10	1.67238362048e-10
8.74123815737e-10	9.39745226081e-11
8.75278441433e-10	5.55252371859e-11
8.76433067128e-10	5.81068249073e-11
8.77587692824e-10	9.66273727698e-11
8.7874231852e-10	1.57044793836e-10
8.79896944215e-10	2.21465512595e-10
8.81051569911e-10	2.73905176318e-10
8.82206195607e-10	3.04812730612e-10
8.83360821303e-10	3.12572218109e-10
8.84515446998e-10	3.0215868696e-10
8.85670072694e-10	2.81699497062e-10
8.8682469839e-10	2.58722127056e-10
8.87979324085e-10	2.3746984934e-10
8.89133949781e-10	2.18448592548e-10
8.90288575477e-10	1.99827099312e-10
8.91443201172e-10	1.79971940129e-10
8.92597826868e-10	1.59674037881e-10
8.93752452564e-10	1.43109052386e-10
8.94907078259e-10	1.36767333569e-10
8.96061703955e-10	1.47039616594e-10
8.97216329651e-10	1.77113601563e-10
8.98370955346e-10	2.24716342756e-10
8.99525581042e-10	2.81619727538e-10
9.00680206738e-10	3.35388078421e-10
9.01834832433e-10	3.7268346742e-10
9.02989458129e-10	3.83309023411e-10
9.04144083825e-10	3.63430535666e-10
9.0529870952e-10	3.16712878146e-10
9.06453335216e-10	2.53153331631e-10
9.07607960912e-10	1.8595153195e-10
9.08762586608e-10	1.27410013095e-10
9.09917212303e-10	8.55408591183e-11
9.11071837999e-10	6.25616641825e-11
9.12226463695e-10	5.55551923909e-11
9.1338108939e-10	5.9103569261e-11
9.14535715086e-10	6.83586798278e-11
9.15690340782e-10	8.14171577379e-11
9.16844966477e-10	9.97092131083e-11
9.17999592173e-10	1.26475302453e-10
9.19154217869e-10	1.64051369711e-10
9.20308843564e-10	2.11310968723e-10
9.2146346926e-10	2.62452698463e-10
9.22618094956e-10	3.07895375862e-10
9.23772720651e-10	3.3685704226e-10
9.24927346347e-10	3.40833250512e-10
9.26081972043e-10	3.16435766479e-10
9.27236597738e-10	2.66744182298e-10
9.28391223434e-10	2.00552269236e-10
9.2954584913e-10	1.29856694842e-10
9.30700474825e-10	6.66302707453e-11
9.31855100521e-10	1.99372653803e-11
9.33009726217e-10	-5.59026566357e-12
9.34164351913e-10	-9.65011924536e-12
9.35318977608e-10	5.16340052312e-12
9.36473603304e-10	3.51339790594e-11
9.37628229e-10	7.6733196186e-11
9.38782854695e-10	1.26779337029e-10
9.39937480391e-10	1.81795356546e-10
9.41092106087e-10	2.3707852348e-10
9.42246731782e-10	2.86336454547e-10
9.43401357478e-10	3.22418924892e-10
9.44555983174e-10	3.39012040662e-10
9.45710608869e-10	3.32567001715e-10
9.46865234565e-10	3.03645858457e-10
9.48019860261e-10	2.57053933694e-10
9.49174485956e-10	2.00622990443e-10
9.50329111652e-10	1.43124637142e-10
9.51483737348e-10	9.22953796723e-11
9.52638363043e-10	5.34586090672e-11
9.53792988739e-10	2.92700932936e-11
9.54947614435e-10	2.03218570444e-11
9.5610224013e-10	2.6096713332e-11
9.57256865826e-10	4.56030248286e-11
9.58411491522e-10	7.75236819184e-11
9.59566117218e-10	1.19763504669e-10
9.60720742913e-10	1.68997982275e-10
9.61875368609e-10	2.20486989777e-10
9.63029994305e-10	2.68681937809e-10
9.6418462e-10	3.08195968746e-10
9.65339245696e-10	3.34988564665e-10
9.66493871392e-10	3.47073453311e-10
9.67648497087e-10	3.44507977701e-10
9.68803122783e-10	3.28656851734e-10
9.69957748479e-10	3.01384417423e-10
9.71112374174e-10	2.64302801867e-10
9.7226699987e-10	2.18809803609e-10
9.73421625566e-10	1.66670788282e-10
9.74576251261e-10	1.10891955341e-10
9.75730876957e-10	5.63238344853e-11
9.76885502653e-10	9.56223728671e-12
9.78040128348e-10	-2.20018690766e-11
9.79194754044e-10	-3.1740103601e-11
9.8034937974e-10	-1.55907335653e-11
9.81504005435e-10	2.66456700454e-11
9.82658631131e-10	9.07470973366e-11
9.83813256827e-10	1.68636535292e-10
9.84967882523e-10	2.49876314085e-10
9.86122508218e-10	3.23652160628e-10
9.87277133914e-10	3.80764836327e-10
9.8843175961e-10	4.15101536477e-10
9.89586385305e-10	4.24221824336e-10
9.90741011001e-10	4.091680883e-10
9.91895636697e-10	3.73621522609e-10
9.93050262392e-10	3.22835064237e-10
9.94204888088e-10	2.62673799378e-10
9.95359513784e-10	1.98962499254e-10
9.96514139479e-10	1.37097611042e-10
9.97668765175e-10	8.19220039028e-11
9.98823390871e-10	3.76371225852e-11
9.99978016566e-10	7.6997861212e-12
1.00113264226e-09	-5.42029615636e-12
1.00228726796e-09	-6.62576601657e-13
1.00344189365e-09	2.12311175585e-11
1.00459651935e-09	5.73794241288e-11
1.00575114504e-09	1.02835268079e-10
1.00690577074e-09	1.51235565737e-10
1.00806039644e-09	1.96001007091e-10
1.00921502213e-09	2.3179268227e-10
1.01036964783e-09	2.55752419243e-10
1.01152427352e-09	2.68002342541e-10
1.01267889922e-09	2.71083600012e-10
1.01383352491e-09	2.68610689247e-10
1.01498815061e-09	2.63540272938e-10
1.01614277631e-09	2.56953930355e-10
1.017297402e-09	2.47704162737e-10
1.0184520277e-09	2.33238234282e-10
1.01960665339e-09	2.11081235824e-10
1.02076127909e-09	1.80427839336e-10
1.02191590478e-09	1.43031211874e-10
1.02307053048e-09	1.03132127838e-10
1.02422515618e-09	6.6356906081e-11
1.02537978187e-09	3.81428569285e-11
1.02653440757e-09	2.21683869178e-11
1.02768903326e-09	1.95396546165e-11
1.02884365896e-09	2.89228346134e-11
1.02999828465e-09	4.7393478031e-11
1.03115291035e-09	7.17105125281e-11
1.03230753605e-09	9.94563806311e-11
1.03346216174e-09	1.2942660832e-10
1.03461678744e-09	1.61388707953e-10
1.03577141313e-09	1.95369526113e-10
1.03692603883e-09	2.30688537717e-10
1.03808066452e-09	2.65454047632e-10
1.03923529022e-09	2.96519198084e-10
1.04038991592e-09	3.19981485752e-10
1.04154454161e-09	3.31997818126e-10
1.04269916731e-09	3.29748589545e-10
1.043853793e-09	3.1211977447e-10
1.0450084187e-09	2.80078571446e-10
1.04616304439e-09	2.3663807025e-10
1.04731767009e-09	1.86386392431e-10
1.04847229579e-09	1.34738345481e-10
1.04962692148e-09	8.7025373019e-11
1.05078154718e-09	4.77496063522e-11
1.05193617287e-09	2.00103978526e-11
1.05309079857e-09	5.51975045532e-12
1.05424542426e-09	4.87096127322e-12
1.05540004996e-09	1.8061619908e-11
1.05655467565e-09	4.48291299915e-11
1.05770930135e-09	8.46250292064e-11
1.05886392705e-09	1.36135741569e-10
1.06001855274e-09	1.96579280631e-10
1.06117317844e-09	2.61054095008e-10
1.06232780413e-09	3.22539606135e-10
1.06348242983e-09	3.72713804264e-10
1.06463705552e-09	4.03587441244e-10
1.06579168122e-09	4.09420608527e-10
1.06694630692e-09	3.88420129394e-10
1.06810093261e-09	3.43337247521e-10
1.06925555831e-09	2.80913264872e-10
1.070410184e-09	2.10133938028e-10
1.0715648097e-09	1.40016817585e-10
1.07271943539e-09	7.77556560805e-11
1.07387406109e-09	2.78400306281e-11
1.07502868679e-09	-7.76108430994e-12
1.07618331248e-09	-2.84502057329e-11
1.07733793818e-09	-3.38943317857e-11
1.07849256387e-09	-2.34085494044e-11
1.07964718957e-09	3.71465922258e-12
1.08080181526e-09	4.71780600697e-11
1.08195644096e-09	1.04456020222e-10
1.08311106666e-09	1.7022877552e-10
1.08426569235e-09	2.36798552988e-10
1.08542031805e-09	2.9554592107e-10
1.08657494374e-09	3.38836292357e-10
1.08772956944e-09	3.61762980683e-10
1.08888419513e-09	3.62961966038e-10
1.09003882083e-09	3.44337391933e-10
1.09119344653e-09	3.09976655455e-10
1.09234807222e-09	2.64714694609e-10
1.09350269792e-09	2.13038073293e-10
1.09465732361e-09	1.58700136366e-10
1.09581194931e-09	1.0491417457e-10
1.096966575e-09	5.49657472315e-11
1.0981212007e-09	1.26007138751e-11
1.0992758264e-09	-1.81213065387e-11
1.10043045209e-09	-3.34623127818e-11
1.10158507779e-09	-3.09707676172e-11
1.10273970348e-09	-1.03461249984e-11
1.10389432918e-09	2.63195194805e-11
1.10504895487e-09	7.48376915993e-11
1.10620358057e-09	1.29735402976e-10
1.10735820626e-09	1.85204476755e-10
1.10851283196e-09	2.35857777753e-10
1.10966745766e-09	2.77093903378e-10
1.11082208335e-09	3.0520130867e-10
1.11197670905e-09	3.17430748353e-10
1.11313133474e-09	3.121612413e-10
1.11428596044e-09	2.89303414558e-10
1.11544058613e-09	2.50732795637e-10
1.11659521183e-09	2.00470209877e-10
1.11774983753e-09	1.44425693627e-10
1.11890446322e-09	8.95660004496e-11
1.12005908892e-09	4.27707244621e-11
1.12121371461e-09	9.61490782825e-12
1.12236834031e-09	-6.51348246172e-12
1.123522966e-09	-4.72073508756e-12
1.1246775917e-09	1.35890179317e-11
1.1258322174e-09	4.53253441723e-11
1.12698684309e-09	8.6329624005e-11
1.12814146879e-09	1.31915769974e-10
1.12929609448e-09	1.77215297992e-10
1.13045072018e-09	2.17373383182e-10
1.13160534587e-09	2.47905612705e-10
1.13275997157e-09	2.65202582117e-10
1.13391459727e-09	2.67213279281e-10
1.13506922296e-09	2.53983944987e-10
1.13622384866e-09	2.27954183307e-10
1.13737847435e-09	1.93643170943e-10
1.13853310005e-09	1.56856402866e-10
1.13968772574e-09	1.23466653568e-10
1.14084235144e-09	9.83491135753e-11
1.14199697714e-09	8.44808251133e-11
1.14315160283e-09	8.26545845656e-11
1.14430622853e-09	9.16428877229e-11
1.14546085422e-09	1.08764657003e-10
1.14661547992e-09	1.30537455845e-10
1.14777010561e-09	1.53364598798e-10
1.14892473131e-09	1.73980052587e-10
1.15007935701e-09	1.89796275918e-10
1.1512339827e-09	1.99062558104e-10
1.1523886084e-09	2.00937905204e-10
1.15354323409e-09	1.95481714149e-10
1.15469785979e-09	1.83607615223e-10
1.15585248548e-09	1.66930483325e-10
1.15700711118e-09	1.47554968244e-10
1.15816173687e-09	1.27896443436e-10
1.15931636257e-09	1.10421956301e-10
1.16047098827e-09	9.73917752001e-11
1.16162561396e-09	9.06435690395e-11
1.16278023966e-09	9.13719030993e-11
1.16393486535e-09	9.98966465104e-11
1.16508949105e-09	1.15483192453e-10
1.16624411674e-09	1.3631157314e-10
1.16739874244e-09	1.59612115191e-10
1.16855336814e-09	1.82003537241e-10
1.16970799383e-09	2.00043329124e-10
1.17086261953e-09	2.10794742772e-10
1.17201724522e-09	2.12345946382e-10
1.17317187092e-09	2.04084971145e-10
1.17432649661e-09	1.8668519508e-10
1.17548112231e-09	1.61878260796e-10
1.17663574801e-09	1.32118968543e-10
1.1777903737e-09	1.00247553314e-10
1.1789449994e-09	6.9310134021e-11
1.18009962509e-09	4.24556986789e-11
1.18125425079e-09	2.28629910143e-11
1.18240887648e-09	1.35058431452e-11
1.18356350218e-09	1.67525403272e-11
1.18471812788e-09	3.38058851745e-11
1.18587275357e-09	6.41179748184e-11
1.18702737927e-09	1.05048671151e-10
1.18818200496e-09	1.51967050055e-10
1.18933663066e-09	1.9880562474e-10
1.19049125635e-09	2.39029296356e-10
1.19164588205e-09	2.66780486591e-10
1.19280050775e-09	2.77888545508e-10
1.19395513344e-09	2.70518218937e-10
1.19510975914e-09	2.45345216365e-10
1.19626438483e-09	2.05328254399e-10
1.19741901053e-09	1.55166740567e-10
1.19857363622e-09	1.00652250423e-10
1.19972826192e-09	4.79857403812e-11
1.20088288762e-09	3.16161333225e-12
1.20203751331e-09	-2.86334619209e-11
1.20319213901e-09	-4.35669382515e-11
1.2043467647e-09	-3.96190198704e-11
1.2055013904e-09	-1.68875781414e-11
1.20665601609e-09	2.23778461039e-11
1.20781064179e-09	7.39975233865e-11
1.20896526748e-09	1.32375582718e-10
1.21011989318e-09	1.91160892671e-10
1.21127451888e-09	2.4396568099e-10
1.21242914457e-09	2.8504890115e-10
1.21358377027e-09	3.09900133333e-10
1.21473839596e-09	3.15692111341e-10
1.21589302166e-09	3.01585950657e-10
1.21704764735e-09	2.68905231415e-10
1.21820227305e-09	2.21055118654e-10
1.21935689875e-09	1.63186436586e-10
1.22051152444e-09	1.01632008365e-10
1.22166615014e-09	4.31538312029e-11
1.22282077583e-09	-5.92393885682e-12
1.22397540153e-09	-4.04630530471e-11
1.22513002722e-09	-5.70403481392e-11
1.22628465292e-09	-5.42108476165e-11
1.22743927862e-09	-3.24875473745e-11
1.22859390431e-09	5.93369537533e-12
1.22974853001e-09	5.74213315785e-11
1.2309031557e-09	1.17247295206e-10
1.2320577814e-09	1.79810374923e-10
1.23321240709e-09	2.38953939968e-10
1.23436703279e-09	2.88382484559e-10
1.23552165849e-09	3.22296467292e-10
1.23667628418e-09	3.36224825759e-10
1.23783090988e-09	3.2783142867e-10
1.23898553557e-09	2.97500579727e-10
1.24014016127e-09	2.4847846003e-10
1.24129478696e-09	1.86496679211e-10
1.24244941266e-09	1.18887275025e-10
1.24360403836e-09	5.34717062295e-11
1.24475866405e-09	-2.57553288592e-12
1.24591328975e-09	-4.35694640089e-11
1.24706791544e-09	-6.58186907754e-11
1.24822254114e-09	-6.77763400958e-11
1.24937716683e-09	-4.99195094983e-11
1.25053179253e-09	-1.44874589755e-11
1.25168641823e-09	3.47822673441e-11
1.25284104392e-09	9.29378587977e-11
1.25399566962e-09	1.54142157371e-10
1.25515029531e-09	2.12134088073e-10
1.25630492101e-09	2.60820698372e-10
1.2574595467e-09	2.94948149238e-10
1.2586141724e-09	3.10825476468e-10
1.25976879809e-09	3.06833669583e-10
1.26092342379e-09	2.83653045496e-10
1.26207804949e-09	2.44113618209e-10
1.26323267518e-09	1.92743668248e-10
1.26438730088e-09	1.35064265328e-10
1.26554192657e-09	7.69323771355e-11
1.26669655227e-09	2.38797176477e-11
1.26785117796e-09	-1.93246755403e-11
1.26900580366e-09	-4.89937396209e-11
1.27016042936e-09	-6.26940097059e-11
1.27131505505e-09	-5.93967305895e-11
1.27246968075e-09	-3.94934432379e-11
1.27362430644e-09	-4.8625083994e-12
1.27477893214e-09	4.12380546377e-11
1.27593355783e-09	9.43857630942e-11
1.27708818353e-09	1.49373596825e-10
1.27824280923e-09	2.00669855732e-10
1.27939743492e-09	2.43018744017e-10
1.28055206062e-09	2.72024847092e-10
1.28170668631e-09	2.84655132798e-10
1.28286131201e-09	2.79604894793e-10
1.2840159377e-09	2.57446092222e-10
1.2851705634e-09	2.20548967977e-10
1.2863251891e-09	1.72812028576e-10
1.28747981479e-09	1.19234441764e-10
1.28863444049e-09	6.53471304846e-11
1.28978906618e-09	1.66720214023e-11
1.29094369188e-09	-2.18746930292e-11
1.29209831757e-09	-4.64566198011e-11
1.29325294327e-09	-5.4725720483e-11
1.29440756897e-09	-4.60322995e-11
1.29556219466e-09	-2.15024803518e-11
1.29671682036e-09	1.61368453322e-11
1.29787144605e-09	6.28700286276e-11
1.29902607175e-09	1.13861517437e-10
1.30018069744e-09	1.6398249425e-10
1.30133532314e-09	2.08338957197e-10
1.30248994884e-09	2.42719511157e-10
1.30364457453e-09	2.63953470192e-10
1.30479920023e-09	2.70157674009e-10
1.30595382592e-09	2.60871907409e-10
1.30710845162e-09	2.37087904864e-10
1.30826307731e-09	2.01195893279e-10
1.30941770301e-09	1.56805471385e-10
1.3105723287e-09	1.08421105427e-10
1.3117269544e-09	6.10346703733e-11
1.3128815801e-09	1.95889641313e-11
1.31403620579e-09	-1.16041941681e-11
1.31519083149e-09	-2.94037502679e-11
1.31634545718e-09	-3.22151957888e-11
1.31750008288e-09	-2.01841703074e-11
1.31865470857e-09	4.89797048406e-12
1.31980933427e-09	3.99113971039e-11
1.32096395997e-09	8.09006403535e-11
1.32211858566e-09	1.23588167478e-10
1.32327321136e-09	1.63811492149e-10
1.32442783705e-09	1.97848015748e-10
1.32558246275e-09	2.22628540603e-10
1.32673708844e-09	2.35855002195e-10
1.32789171414e-09	2.36183045343e-10
1.32904633984e-09	2.2338712824e-10
1.33020096553e-09	1.985802911e-10
1.33135559123e-09	1.64259036928e-10
1.33251021692e-09	1.24166718574e-10
1.33366484262e-09	8.28753246584e-11
1.33481946831e-09	4.51369011611e-11
1.33597409401e-09	1.51271963705e-11
1.33712871971e-09	-4.16195290037e-12
1.3382833454e-09	-1.13534442264e-11
1.3394379711e-09	-6.70790506474e-12
1.34059259679e-09	8.13223967333e-12
1.34174722249e-09	3.06681520457e-11
1.34290184818e-09	5.80320826116e-11
1.34405647388e-09	8.74255251526e-11
1.34521109958e-09	1.1630758856e-10
1.34636572527e-09	1.42465400588e-10
1.34752035097e-09	1.63908497886e-10
1.34867497666e-09	1.78850878552e-10
1.34982960236e-09	1.85795448471e-10
1.35098422805e-09	1.83796255993e-10
1.35213885375e-09	1.72721476011e-10
1.35329347945e-09	1.53546772519e-10
1.35444810514e-09	1.28346347439e-10
1.35560273084e-09	1.00101961442e-10
1.35675735653e-09	7.21911072588e-11
1.35791198223e-09	4.78245602842e-11
1.35906660792e-09	2.95171456721e-11
1.36022123362e-09	1.87365001986e-11
1.36137585931e-09	1.5850137175e-11
1.36253048501e-09	2.02772243441e-11
1.36368511071e-09	3.07989293791e-11
1.3648397364e-09	4.58894970634e-11
1.3659943621e-09	6.39670261204e-11
1.36714898779e-09	8.34970495522e-11
1.36830361349e-09	1.02989401729e-10
1.36945823918e-09	1.20941284765e-10
1.37061286488e-09	1.35811570323e-10
1.37176749058e-09	1.46090445297e-10
1.37292211627e-09	1.50519111064e-10
1.37407674197e-09	1.48384401988e-10
1.37523136766e-09	1.39810260591e-10
1.37638599336e-09	1.25876448154e-10
1.37754061905e-09	1.0853858784e-10
1.37869524475e-09	9.02838706573e-11
1.37984987045e-09	7.36347788299e-11
1.38100449614e-09	6.06136876802e-11
1.38215912184e-09	5.23702053945e-11
1.38331374753e-09	4.90447231438e-11
1.38446837323e-09	4.99267190091e-11
1.38562299892e-09	5.38333648492e-11
1.38677762462e-09	5.95734919728e-11
1.38793225032e-09	6.62946225694e-11
1.38908687601e-09	7.36414262903e-11
1.39024150171e-09	8.16518380686e-11
1.3913961274e-09	9.04235991639e-11
1.3925507531e-09	9.97889618159e-11
1.39370537879e-09	1.09082194666e-10
1.39486000449e-09	1.17167178737e-10
1.39601463019e-09	1.22711951711e-10
1.39716925588e-09	1.24649568445e-10
1.39832388158e-09	1.22551385706e-10
1.39947850727e-09	1.16836110231e-10
1.40063313297e-09	1.08665791643e-10
1.40178775866e-09	9.9575750423e-11
1.40294238436e-09	9.09994649079e-11
1.40409701006e-09	8.38767666433e-11
1.40525163575e-09	7.84750389671e-11
1.40640626145e-09	7.45306594219e-11
1.40756088714e-09	7.15535825035e-11
1.40871551284e-09	6.92061269403e-11
1.40987013853e-09	6.75437275555e-11
1.41102476423e-09	6.70463684571e-11
1.41217938992e-09	6.8375277662e-11
1.41333401562e-09	7.20085727157e-11
1.41448864132e-09	7.79176653753e-11
1.41564326701e-09	8.54022616514e-11
1.41679789271e-09	9.31956942174e-11
1.4179525184e-09	9.98253979478e-11
1.4191071441e-09	1.04069308726e-10
1.42026176979e-09	1.05344115375e-10
1.42141639549e-09	1.03863785628e-10
1.42257102119e-09	1.00516608925e-10
1.42372564688e-09	9.64919671942e-11
1.42488027258e-09	9.28425045177e-11
