% time-domain voltage integration by openEMS v0.37.0-rc1-2-g7b051bb @Mon Aug  3 21:55:50 2026
% start-coordinates: (0.00806476,0.0039695,0.00204704) m -> [160,99,48]
% stop-coordinates: (0.00844523,0.0039695,0.00204704) m -> [166,99,48]
% t/s	voltage
0	0
1.19341269065e-12	0
2.3868253813e-12	0
3.58023807195e-12	0
4.7736507626e-12	0
5.96706345326e-12	0
7.16047614391e-12	0
8.35388883456e-12	0
9.54730152521e-12	0
1.07407142159e-11	0
1.19341269065e-11	0
1.31275395972e-11	0
1.43209522878e-11	0
1.55143649785e-11	0
1.67077776691e-11	0
1.79011903598e-11	0
1.90946030504e-11	0
2.02880157411e-11	0
2.14814284317e-11	0
2.26748411224e-11	0
2.3868253813e-11	0
2.50616665037e-11	0
2.62550791943e-11	0
2.7448491885e-11	0
2.86419045756e-11	0
2.98353172663e-11	0
3.10287299569e-11	0
3.22221426476e-11	0
3.34155553382e-11	0
3.46089680289e-11	0
3.58023807195e-11	0
3.69957934102e-11	0
3.81892061008e-11	0
3.93826187915e-11	0
4.05760314821e-11	0
4.17694441728e-11	0
4.29628568634e-11	0
4.41562695541e-11	0
4.53496822447e-11	2.56378095678e-33
4.65430949354e-11	1.12305645149e-30
4.7736507626e-11	2.20531330163e-28
4.89299203167e-11	1.90588839239e-26
5.01233330073e-11	5.94232406209e-25
5.1316745698e-11	-5.05734560166e-24
5.25101583886e-11	-6.15805525876e-22
5.37035710793e-11	-1.14302254181e-20
5.48969837699e-11	-9.31998000922e-20
5.60903964606e-11	-6.33004361384e-19
5.72838091513e-11	-6.57623489155e-18
5.84772218419e-11	-6.56302241835e-17
5.96706345326e-11	-5.29037756182e-16
6.08640472232e-11	-3.38827350822e-15
6.20574599139e-11	-1.71916119375e-14
6.32508726045e-11	-7.10627976921e-14
6.44442852952e-11	-2.43103058639e-13
6.56376979858e-11	-6.89923175556e-13
6.68311106765e-11	-1.60181275796e-12
6.80245233671e-11	-2.89384260912e-12
6.92179360578e-11	-3.30027655595e-12
7.04113487484e-11	1.53795894206e-12
7.16047614391e-11	2.21351817084e-11
7.27981741297e-11	7.87626105829e-11
7.39915868204e-11	2.03449373667e-10
7.5184999511e-11	4.36674196802e-10
7.63784122017e-11	8.13064983396e-10
7.75718248923e-11	1.33022640125e-09
7.8765237583e-11	1.89663897088e-09
7.99586502736e-11	2.26413360283e-09
8.11520629643e-11	1.96531867169e-09
8.23454756549e-11	2.98711319568e-10
8.35388883456e-11	-3.58346713414e-09
8.47323010362e-11	-1.04345786456e-08
8.59257137269e-11	-2.05104453421e-08
8.71191264175e-11	-3.30674552185e-08
8.83125391082e-11	-4.59187345925e-08
8.95059517988e-11	-5.52863816949e-08
9.06993644895e-11	-5.62001267745e-08
9.18927771801e-11	-4.36006426519e-08
9.30861898708e-11	-1.4057669584e-08
9.42796025614e-11	3.2280580875e-08
9.54730152521e-11	9.01811789689e-08
9.66664279427e-11	1.49003044569e-07
9.78598406334e-11	1.94148871202e-07
9.9053253324e-11	2.10363264586e-07
1.00246666015e-10	1.86304642824e-07
1.01440078705e-10	1.19098146456e-07
1.02633491396e-10	1.72569851742e-08
1.03826904087e-10	-9.94668667431e-08
1.05020316777e-10	-2.03895206496e-07
1.06213729468e-10	-2.683360254e-07
1.07407142159e-10	-2.72737381124e-07
1.08600554849e-10	-2.11479466827e-07
1.0979396754e-10	-9.63128421461e-08
1.10987380231e-10	4.59219724469e-08
1.12180792921e-10	1.80409143624e-07
1.13374205612e-10	2.74168446168e-07
1.14567618303e-10	3.05347679586e-07
1.15761030993e-10	2.68985802521e-07
1.16954443684e-10	1.77442144533e-07
1.18147856374e-10	5.57577823912e-08
1.19341269065e-10	-6.62292896081e-08
1.20534681756e-10	-1.62151806649e-07
1.21728094446e-10	-2.15340232756e-07
1.22921507137e-10	-2.21496806674e-07
1.24114919828e-10	-1.87844344524e-07
1.25308332518e-10	-1.29582510944e-07
1.26501745209e-10	-6.5027005558e-08
1.276951579e-10	-1.05943456508e-08
1.2888857059e-10	2.33298194097e-08
1.30081983281e-10	3.49405735456e-08
1.31275395972e-10	3.1233502451e-08
1.32468808662e-10	2.56289991452e-08
1.33662221353e-10	3.31730194425e-08
1.34855634044e-10	6.45279598643e-08
1.36049046734e-10	1.20676975968e-07
1.37242459425e-10	1.90551025625e-07
1.38435872116e-10	2.53029558195e-07
1.39629284806e-10	2.83355586106e-07
1.40822697497e-10	2.61994527406e-07
1.42016110187e-10	1.82904800639e-07
1.43209522878e-10	5.76228211813e-08
1.44402935569e-10	-8.65956488738e-08
1.45596348259e-10	-2.14742870597e-07
1.4678976095e-10	-2.95231014746e-07
1.47983173641e-10	-3.10425875227e-07
1.49176586331e-10	-2.62349365343e-07
1.50369999022e-10	-1.7147392839e-07
1.51563411713e-10	-6.89673229637e-08
1.52756824403e-10	1.45171800137e-08
1.53950237094e-10	5.93166804563e-08
1.55143649785e-10	6.24965768026e-08
1.56337062475e-10	3.71102122365e-08
1.57530475166e-10	5.54961676613e-09
1.58723887857e-10	-9.97559024274e-09
1.59917300547e-10	3.90413384954e-09
1.61110713238e-10	4.71576604433e-08
1.62304125929e-10	1.0713162979e-07
1.63497538619e-10	1.63905488293e-07
1.6469095131e-10	1.97726050644e-07
1.65884364e-10	1.9565465692e-07
1.67077776691e-10	1.5522470953e-07
1.68271189382e-10	8.44115080056e-08
1.69464602072e-10	-1.51712509222e-09
1.70658014763e-10	-8.46194234683e-08
1.71851427454e-10	-1.48886089235e-07
1.73044840144e-10	-1.83576752022e-07
1.74238252835e-10	-1.84904289213e-07
1.75431665526e-10	-1.56043364896e-07
1.76625078216e-10	-1.05787566262e-07
1.77818490907e-10	-4.63346236934e-08
1.79011903598e-10	9.56173995537e-09
1.80205316288e-10	5.15083748986e-08
1.81398728979e-10	7.37946148632e-08
1.8259214167e-10	7.66250032314e-08
1.8378555436e-10	6.56017644651e-08
1.84978967051e-10	4.96666641148e-08
1.86172379742e-10	3.78615876429e-08
1.87365792432e-10	3.60131005017e-08
1.88559205123e-10	4.45050947206e-08
1.89752617814e-10	5.79860053307e-08
1.90946030504e-10	6.73555122788e-08
1.92139443195e-10	6.33600625299e-08
1.93332855885e-10	4.0538543189e-08
1.94526268576e-10	-6.78501699269e-11
1.95719681267e-10	-5.06279409507e-08
1.96913093957e-10	-9.89307986643e-08
1.98106506648e-10	-1.32514333728e-07
1.99299919339e-10	-1.42962106153e-07
2.00493332029e-10	-1.28321013371e-07
2.0168674472e-10	-9.30392829446e-08
2.02880157411e-10	-4.53670399025e-08
2.04073570101e-10	6.01882876872e-09
2.05266982792e-10	5.47389267247e-08
2.06460395483e-10	9.74055609504e-08
2.07653808173e-10	1.3253141784e-07
2.08847220864e-10	1.58649550386e-07
2.10040633555e-10	1.73007331128e-07
2.11234046245e-10	1.71737761789e-07
2.12427458936e-10	1.5133761444e-07
2.13620871627e-10	1.10522210939e-07
2.14814284317e-10	5.15138256496e-08
2.16007697008e-10	-1.98468224077e-08
2.17201109698e-10	-9.49671017381e-08
2.18394522389e-10	-1.6384539947e-07
2.1958793508e-10	-2.16380962925e-07
2.2078134777e-10	-2.43672864997e-07
2.21974760461e-10	-2.39419300385e-07
2.23168173152e-10	-2.01529278598e-07
2.24361585842e-10	-1.3353143391e-07
2.25554998533e-10	-4.50652080097e-08
2.26748411224e-10	4.93280625236e-08
2.27941823914e-10	1.33084178344e-07
2.29135236605e-10	1.91668348748e-07
2.30328649296e-10	2.16255871877e-07
2.31522061986e-10	2.05880086313e-07
2.32715474677e-10	1.67095736359e-07
2.33908887368e-10	1.11504775191e-07
2.35102300058e-10	5.20092924283e-08
2.36295712749e-10	-8.0283091286e-10
2.3748912544e-10	-4.09468179363e-08
2.3868253813e-10	-6.73886981772e-08
2.39875950821e-10	-8.27258350711e-08
2.41069363512e-10	-9.07721675603e-08
2.42262776202e-10	-9.42565785422e-08
2.43456188893e-10	-9.34211836778e-08
2.44649601583e-10	-8.61117719353e-08
2.45843014274e-10	-6.92377915001e-08
2.47036426965e-10	-4.09021709835e-08
2.48229839655e-10	-2.2607314909e-09
2.49423252346e-10	4.1757737268e-08
2.50616665037e-10	8.32812414586e-08
2.51810077727e-10	1.13533005219e-07
2.53003490418e-10	1.25360456238e-07
2.54196903109e-10	1.15308298909e-07
2.55390315799e-10	8.46339949234e-08
2.5658372849e-10	3.90140146855e-08
2.57777141181e-10	-1.28763555374e-08
2.58970553871e-10	-6.13815576145e-08
2.60163966562e-10	-9.79752021735e-08
2.61357379253e-10	-1.16985762411e-07
2.62550791943e-10	-1.16558388719e-07
2.63744204634e-10	-9.86550929838e-08
2.64937617325e-10	-6.8142848253e-08
2.66131030015e-10	-3.13311769862e-08
2.67324442706e-10	5.71901948021e-09
2.68517855396e-10	3.83546692184e-08
2.69711268087e-10	6.38894674942e-08
2.70904680778e-10	8.1298514587e-08
2.72098093468e-10	9.04941526159e-08
2.73291506159e-10	9.15040097027e-08
2.7448491885e-10	8.39948874898e-08
2.7567833154e-10	6.73742968083e-08
2.76871744231e-10	4.14460070708e-08
2.78065156922e-10	7.38311084492e-09
2.79258569612e-10	-3.14596471096e-08
2.80451982303e-10	-6.93488253489e-08
2.81645394994e-10	-9.89820838626e-08
2.82838807684e-10	-1.13249280176e-07
2.84032220375e-10	-1.07509150915e-07
2.85225633066e-10	-8.14582863384e-08
2.86419045756e-10	-3.98768502663e-08
2.87612458447e-10	8.37700986356e-09
2.88805871138e-10	5.27323176236e-08
2.89999283828e-10	8.39160021471e-08
2.91192696519e-10	9.64355368893e-08
2.9238610921e-10	8.98187275666e-08
2.935795219e-10	6.81408742764e-08
2.94772934591e-10	3.83511888913e-08
2.95966347281e-10	7.99215227332e-09
2.97159759972e-10	-1.68706337789e-08
2.98353172663e-10	-3.30028302464e-08
2.99546585353e-10	-4.03195006271e-08
3.00739998044e-10	-4.12390175342e-08
3.01933410735e-10	-3.92932231197e-08
3.03126823425e-10	-3.74975546169e-08
3.04320236116e-10	-3.70300856645e-08
3.05513648807e-10	-3.67012253921e-08
3.06707061497e-10	-3.34995831075e-08
3.07900474188e-10	-2.40128608109e-08
3.09093886879e-10	-6.18654716344e-09
3.10287299569e-10	1.92830760248e-08
3.1148071226e-10	4.85058051503e-08
3.12674124951e-10	7.51213198313e-08
3.13867537641e-10	9.19469469451e-08
3.15060950332e-10	9.30944583644e-08
3.16254363023e-10	7.58216236463e-08
3.17447775713e-10	4.17263095187e-08
3.18641188404e-10	-3.22955184817e-09
3.19834601094e-10	-4.98320571474e-08
3.21028013785e-10	-8.77914887454e-08
3.22221426476e-10	-1.08396789322e-07
3.23414839166e-10	-1.06939171296e-07
3.24608251857e-10	-8.41619787195e-08
3.25801664548e-10	-4.61228788495e-08
3.26995077238e-10	-2.48600956487e-09
3.28188489929e-10	3.6294485195e-08
3.2938190262e-10	6.19108284639e-08
3.3057531531e-10	7.03403237878e-08
3.31768728001e-10	6.25590650394e-08
3.32962140692e-10	4.36508988955e-08
3.34155553382e-10	2.083312034e-08
3.35348966073e-10	1.07850772757e-09
3.36542378764e-10	-1.09096022216e-08
3.37735791454e-10	-1.3778038821e-08
3.38929204145e-10	-9.51336709409e-09
3.40122616836e-10	-2.34343389138e-09
3.41316029526e-10	2.92652413414e-09
3.42509442217e-10	2.70895099408e-09
3.43702854908e-10	-4.06705637224e-09
3.44896267598e-10	-1.55904570365e-08
3.46089680289e-10	-2.77955005679e-08
3.47283092979e-10	-3.58379632637e-08
3.4847650567e-10	-3.58263840816e-08
3.49669918361e-10	-2.62558488284e-08
3.50863331051e-10	-8.57752946448e-09
3.52056743742e-10	1.31802195824e-08
3.53250156433e-10	3.36251433364e-08
3.54443569123e-10	4.75220578444e-08
3.55636981814e-10	5.12704287914e-08
3.56830394505e-10	4.37806493281e-08
3.58023807195e-10	2.67601087955e-08
3.59217219886e-10	4.19930640261e-09
3.60410632577e-10	-1.85846189549e-08
3.61604045267e-10	-3.62903116446e-08
3.62797457958e-10	-4.49355823662e-08
3.63990870649e-10	-4.28448037049e-08
3.65184283339e-10	-3.10440126938e-08
3.6637769603e-10	-1.29351326317e-08
3.67571108721e-10	6.70314675988e-09
3.68764521411e-10	2.30105696719e-08
3.69957934102e-10	3.23054420992e-08
3.71151346792e-10	3.29046099257e-08
3.72344759483e-10	2.53216934087e-08
3.73538172174e-10	1.19383716246e-08
3.74731584864e-10	-3.73360986572e-09
3.75924997555e-10	-1.78955115171e-08
3.77118410246e-10	-2.7292854865e-08
3.78311822936e-10	-2.98809736954e-08
3.79505235627e-10	-2.52532890155e-08
3.80698648318e-10	-1.47456858945e-08
3.81892061008e-10	-1.11353690158e-09
3.83085473699e-10	1.21831963407e-08
3.8427888639e-10	2.19250828604e-08
3.8547229908e-10	2.60309036548e-08
3.86665711771e-10	2.40863211598e-08
3.87859124462e-10	1.73277839854e-08
3.89052537152e-10	8.08927919094e-09
3.90245949843e-10	-9.78230982329e-10
3.91439362534e-10	-7.70103314451e-09
3.92632775224e-10	-1.08616909911e-08
3.93826187915e-10	-1.03623377656e-08
3.95019600606e-10	-7.08547437389e-09
3.96213013296e-10	-2.5757726993e-09
3.97406425987e-10	1.32765615168e-09
3.98599838677e-10	2.99043079188e-09
3.99793251368e-10	1.42695263938e-09
4.00986664059e-10	-3.28078583745e-09
4.02180076749e-10	-9.8310056762e-09
4.0337348944e-10	-1.5974464751e-08
4.04566902131e-10	-1.91240718816e-08
4.05760314821e-10	-1.72864162984e-08
4.06953727512e-10	-9.86621595533e-09
4.08147140203e-10	1.91272922501e-09
4.09340552893e-10	1.51708202667e-08
4.10533965584e-10	2.61781829547e-08
4.11727378275e-10	3.14808443758e-08
4.12920790965e-10	2.90110111489e-08
4.14114203656e-10	1.88562039316e-08
4.15307616347e-10	3.3282406553e-09
4.16501029037e-10	-1.35754611996e-08
4.17694441728e-10	-2.72978293303e-08
4.18887854419e-10	-3.40152115363e-08
4.20081267109e-10	-3.17514128323e-08
4.212746798e-10	-2.09873869395e-08
4.2246809249e-10	-4.50814263697e-09
4.23661505181e-10	1.33969483285e-08
4.24854917872e-10	2.81544951797e-08
4.26048330562e-10	3.61695158269e-08
4.27241743253e-10	3.56945673019e-08
4.28435155944e-10	2.71528057816e-08
4.29628568634e-10	1.28246644415e-08
4.30821981325e-10	-3.84392451203e-09
4.32015394016e-10	-1.91535010075e-08
4.33208806706e-10	-2.99364677492e-08
4.34402219397e-10	-3.42133059661e-08
4.35595632088e-10	-3.1526419475e-08
4.36789044778e-10	-2.3024543605e-08
4.37982457469e-10	-1.11577416195e-08
4.3917587016e-10	9.36235089455e-10
4.4036928285e-10	1.03276788233e-08
4.41562695541e-10	1.51633321455e-08
4.42756108232e-10	1.52527820374e-08
4.43949520922e-10	1.20500005529e-08
4.45142933613e-10	8.01327276756e-09
4.46336346304e-10	5.56663609652e-09
4.47529758994e-10	6.06537312042e-09
4.48723171685e-10	9.25885629277e-09
4.49916584375e-10	1.33923097057e-08
4.51109997066e-10	1.59730467741e-08
4.52303409757e-10	1.47693480779e-08
4.53496822447e-10	8.71722283247e-09
4.54690235138e-10	-1.62656890734e-09
4.55883647829e-10	-1.41985440072e-08
4.57077060519e-10	-2.59771710809e-08
4.5827047321e-10	-3.38324304128e-08
4.59463885901e-10	-3.53828770727e-08
4.60657298591e-10	-2.96524986787e-08
4.61850711282e-10	-1.74159651145e-08
4.63044123973e-10	-1.04866595962e-09
4.64237536663e-10	1.60099495883e-08
4.65430949354e-10	3.00803819631e-08
4.66624362045e-10	3.81574993824e-08
4.67817774735e-10	3.8571753791e-08
4.69011187426e-10	3.1356404806e-08
4.70204600117e-10	1.81549881795e-08
4.71398012807e-10	1.82644138702e-09
4.72591425498e-10	-1.41722157343e-08
4.73784838188e-10	-2.65144532996e-08
4.74978250879e-10	-3.26996794087e-08
4.7617166357e-10	-3.16443620196e-08
4.7736507626e-10	-2.39891031484e-08
4.78558488951e-10	-1.19656895503e-08
4.79751901642e-10	1.16342267764e-09
4.80945314332e-10	1.20685762495e-08
4.82138727023e-10	1.83299704304e-08
4.83332139714e-10	1.91252074178e-08
4.84525552404e-10	1.53582355722e-08
4.85718965095e-10	9.1615668385e-09
4.86912377786e-10	3.03554702208e-09
4.88105790476e-10	-1.06136651551e-09
4.89299203167e-10	-2.29655028328e-09
4.90492615858e-10	-1.09111793906e-09
4.91686028548e-10	1.22563137417e-09
4.92879441239e-10	2.99963207051e-09
4.9407285393e-10	2.8916518624e-09
4.9526626662e-10	3.28225301105e-10
4.96459679311e-10	-4.30418553576e-09
4.97653092001e-10	-9.76727188018e-09
4.98846504692e-10	-1.43280993736e-08
5.00039917383e-10	-1.62754715261e-08
5.01233330073e-10	-1.44519238798e-08
5.02426742764e-10	-8.66959914969e-09
5.03620155455e-10	1.36772856929e-10
5.04813568145e-10	1.00626547095e-08
5.06006980836e-10	1.86898534427e-08
5.07200393527e-10	2.37220385557e-08
5.08393806217e-10	2.36075836657e-08
5.09587218908e-10	1.80247270443e-08
5.10780631599e-10	8.02590893745e-09
5.11974044289e-10	-4.14972309293e-09
5.1316745698e-10	-1.55910686583e-08
5.14360869671e-10	-2.34575883162e-08
5.15554282361e-10	-2.57139411985e-08
5.16747695052e-10	-2.17349429565e-08
5.17941107743e-10	-1.25323857958e-08
5.19134520433e-10	-5.28038654468e-10
5.20327933124e-10	1.10822029331e-08
5.21521345815e-10	1.925719606e-08
5.22714758505e-10	2.19948050884e-08
5.23908171196e-10	1.89061373224e-08
5.25101583886e-10	1.12827857057e-08
5.26294996577e-10	1.60983944231e-09
5.27488409268e-10	-7.26568460951e-09
5.28681821958e-10	-1.30087280947e-08
5.29875234649e-10	-1.44485875486e-08
5.3106864734e-10	-1.17615813755e-08
5.3226206003e-10	-6.26756629929e-09
5.33455472721e-10	1.01662366025e-10
5.34648885412e-10	5.40837469254e-09
5.35842298102e-10	8.21793111339e-09
5.37035710793e-10	7.9542156195e-09
5.38229123484e-10	4.96743673972e-09
5.39422536174e-10	4.20184956273e-10
5.40615948865e-10	-4.06976929934e-09
5.41809361556e-10	-6.90962642658e-09
5.43002774246e-10	-7.01741997844e-09
5.44196186937e-10	-4.20547779934e-09
5.45389599628e-10	7.28593491095e-10
5.46583012318e-10	6.22524859439e-09
5.47776425009e-10	1.04391408851e-08
5.48969837699e-10	1.18506677804e-08
5.5016325039e-10	9.74754399419e-09
5.51356663081e-10	4.47910836199e-09
5.52550075771e-10	-2.622324205e-09
5.53743488462e-10	-9.61818369394e-09
5.54936901153e-10	-1.45059538825e-08
5.56130313843e-10	-1.57952972923e-08
5.57323726534e-10	-1.29574064811e-08
5.58517139225e-10	-6.60653431961e-09
5.59710551915e-10	1.62277524751e-09
5.60903964606e-10	9.52564915835e-09
5.62097377297e-10	1.49556121931e-08
5.63290789987e-10	1.6446332185e-08
5.64484202678e-10	1.36467195322e-08
5.65677615369e-10	7.39395156213e-09
5.66871028059e-10	-5.56496418391e-10
5.6806444075e-10	-8.06003175313e-09
5.69257853441e-10	-1.31790098834e-08
5.70451266131e-10	-1.46757063169e-08
5.71644678822e-10	-1.22752557008e-08
5.72838091513e-10	-6.69816824228e-09
5.74031504203e-10	5.68660965539e-10
5.75224916894e-10	7.62510415919e-09
5.76418329584e-10	1.26297650116e-08
5.77611742275e-10	1.42726729324e-08
5.78805154966e-10	1.211606937e-08
5.79998567656e-10	6.7601970688e-09
5.81191980347e-10	-3.02254651863e-10
5.82385393038e-10	-7.09770731078e-09
5.83578805728e-10	-1.17302940694e-08
5.84772218419e-10	-1.29623614065e-08
5.8596563111e-10	-1.05746269519e-08
5.871590438e-10	-5.40972522334e-09
5.88352456491e-10	8.86529516464e-10
5.89545869182e-10	6.40652497719e-09
5.90739281872e-10	9.54122347796e-09
5.91932694563e-10	9.46120559675e-09
5.93126107254e-10	6.3459603683e-09
5.94319519944e-10	1.286608875e-09
5.95512932635e-10	-4.03908489988e-09
5.96706345326e-10	-7.89793486167e-09
5.97899758016e-10	-9.01396524089e-09
5.99093170707e-10	-6.95424590136e-09
6.00286583397e-10	-2.27361102167e-09
6.01479996088e-10	3.65858721096e-09
6.02673408779e-10	9.03898167426e-09
6.03866821469e-10	1.2175357722e-08
6.0506023416e-10	1.1981816872e-08
6.06253646851e-10	8.3090704317e-09
6.07447059541e-10	2.01785238518e-09
6.08640472232e-10	-5.2513405846e-09
6.09833884923e-10	-1.15150051716e-08
6.11027297613e-10	-1.4993529085e-08
6.12220710304e-10	-1.46200409556e-08
6.13414122995e-10	-1.03542299179e-08
6.14607535685e-10	-3.23764692833e-09
6.15800948376e-10	4.85689050089e-09
6.16994361067e-10	1.17312387582e-08
6.18187773757e-10	1.54643085004e-08
6.19381186448e-10	1.49906707048e-08
6.20574599139e-10	1.04264247236e-08
6.21768011829e-10	3.06709521669e-09
6.2296142452e-10	-4.98120228398e-09
6.24154837211e-10	-1.14299301135e-08
6.25348249901e-10	-1.44941424418e-08
6.26541662592e-10	-1.34240418781e-08
6.27735075282e-10	-8.70025107513e-09
6.28928487973e-10	-1.84583164031e-09
6.30121900664e-10	5.07966740892e-09
6.31315313354e-10	1.01115656959e-08
6.32508726045e-10	1.19595285897e-08
6.33702138736e-10	1.03250549222e-08
6.34895551426e-10	5.92863846904e-09
6.36088964117e-10	2.34986259617e-10
6.37282376808e-10	-5.00650032542e-09
6.38475789498e-10	-8.26293611311e-09
6.39669202189e-10	-8.6441122038e-09
6.4086261488e-10	-6.13478723377e-09
6.4205602757e-10	-1.58164578656e-09
6.43249440261e-10	3.5457969616e-09
6.44442852952e-10	7.58823198721e-09
6.45636265642e-10	9.18838483077e-09
6.46829678333e-10	7.70592167854e-09
6.48023091024e-10	3.44363476623e-09
6.49216503714e-10	-2.42030190334e-09
6.50409916405e-10	-8.16131617842e-09
6.51603329095e-10	-1.20135058568e-08
6.52796741786e-10	-1.27122383731e-08
6.53990154477e-10	-9.8745968069e-09
6.55183567167e-10	-4.13828538104e-09
6.56376979858e-10	3.00331040592e-09
6.57570392549e-10	9.63002322329e-09
6.58763805239e-10	1.39213431893e-08
6.5995721793e-10	1.46908015752e-08
6.61150630621e-10	1.17130775079e-08
6.62344043311e-10	5.79630315967e-09
6.63537456002e-10	-1.45056726353e-09
6.64730868693e-10	-8.08047406764e-09
6.65924281383e-10	-1.23633507876e-08
6.67117694074e-10	-1.32638801054e-08
6.68311106765e-10	-1.07112376746e-08
6.69504519455e-10	-5.56621121417e-09
6.70697932146e-10	6.66401274441e-10
6.71891344837e-10	6.28526941604e-09
6.73084757527e-10	9.8674119986e-09
6.74278170218e-10	1.0605481493e-08
6.75471582909e-10	8.48780123963e-09
6.76664995599e-10	4.23879020772e-09
6.7785840829e-10	-8.93951301872e-10
6.7905182098e-10	-5.47638706605e-09
6.80245233671e-10	-8.27066604092e-09
6.81438646362e-10	-8.5620991408e-09
6.82632059052e-10	-6.36255903519e-09
6.83825471743e-10	-2.41571693205e-09
6.85018884434e-10	2.02176475561e-09
6.86212297124e-10	5.55285495363e-09
6.87405709815e-10	7.07948988321e-09
6.88599122506e-10	6.14247469555e-09
6.89792535196e-10	3.06397246463e-09
6.90985947887e-10	-1.15215528784e-09
6.92179360578e-10	-5.14170356292e-09
6.93372773268e-10	-7.58844276305e-09
6.94566185959e-10	-7.62420448996e-09
6.9575959865e-10	-5.09414704863e-09
6.9695301134e-10	-6.1157227893e-10
6.98146424031e-10	4.58571619566e-09
6.99339836722e-10	8.9786735824e-09
7.00533249412e-10	1.11992718432e-08
7.01726662103e-10	1.04368639287e-08
7.02920074793e-10	6.71707928168e-09
7.04113487484e-10	9.19888304418e-10
7.05306900175e-10	-5.44291883786e-09
7.06500312865e-10	-1.06575455128e-08
7.07693725556e-10	-1.33058158935e-08
7.08887138247e-10	-1.26609174256e-08
7.10080550937e-10	-8.88765405715e-09
7.11273963628e-10	-2.98067959204e-09
7.12467376319e-10	3.52574988649e-09
7.13660789009e-10	8.96466756384e-09
7.148542017e-10	1.19744717475e-08
7.16047614391e-10	1.1841670533e-08
7.17241027081e-10	8.67599458942e-09
7.18434439772e-10	3.38420449997e-09
7.19627852463e-10	-2.56924995168e-09
7.20821265153e-10	-7.5532732291e-09
7.22014677844e-10	-1.02193515872e-08
7.23208090535e-10	-9.8898260692e-09
7.24401503225e-10	-6.75540745565e-09
7.25594915916e-10	-1.81789049092e-09
7.26788328607e-10	3.41209460686e-09
7.27981741297e-10	7.37728972355e-09
7.29175153988e-10	8.94424678766e-09
7.30368566678e-10	7.73340907978e-09
7.31561979369e-10	4.21978618714e-09
7.3275539206e-10	-4.43224131008e-10
7.3394880475e-10	-4.78321199315e-09
7.35142217441e-10	-7.46461825685e-09
7.36335630132e-10	-7.69147057156e-09
7.37529042822e-10	-5.43469025338e-09
7.38722455513e-10	-1.43883970016e-09
7.39915868204e-10	3.01160771321e-09
7.41109280894e-10	6.484644266e-09
7.42302693585e-10	7.83942211147e-09
7.43496106276e-10	6.58271925857e-09
7.44689518966e-10	3.02836114519e-09
7.45882931657e-10	-1.79202441775e-09
7.47076344348e-10	-6.43302772163e-09
7.48269757038e-10	-9.47000056151e-09
7.49463169729e-10	-9.92292659152e-09
7.5065658242e-10	-7.54263207448e-09
7.5184999511e-10	-2.89140478227e-09
7.53043407801e-10	2.82041376365e-09
7.54236820491e-10	8.05676420024e-09
7.55430233182e-10	1.13805350699e-08
7.56623645873e-10	1.18441028096e-08
7.57817058563e-10	9.25197107815e-09
7.59010471254e-10	4.2399898037e-09
7.60203883945e-10	-1.89085191948e-09
7.61397296635e-10	-7.50859685539e-09
7.62590709326e-10	-1.1111488063e-08
7.63784122017e-10	-1.17546217204e-08
7.64977534707e-10	-9.3222382036e-09
7.66170947398e-10	-4.5631972645e-09
7.67364360089e-10	1.14306678012e-09
7.68557772779e-10	6.19667062107e-09
7.6975118547e-10	9.24388821044e-09
7.70944598161e-10	9.55419598991e-09
7.72138010851e-10	7.18976833625e-09
7.73331423542e-10	2.95449509302e-09
7.74524836233e-10	-1.87259624473e-09
7.75718248923e-10	-5.90591198169e-09
7.76911661614e-10	-8.04151389922e-09
7.78105074305e-10	-7.75124514574e-09
7.79298486995e-10	-5.21425719269e-09
7.80491899686e-10	-1.25551108399e-09
7.81685312376e-10	2.90365606559e-09
7.82878725067e-10	6.00623545344e-09
7.84072137758e-10	7.13632614113e-09
7.85265550448e-10	5.99225424835e-09
7.86458963139e-10	2.97218502587e-09
7.8765237583e-10	-9.55032955496e-10
7.8884578852e-10	-4.55403109667e-09
7.90039201211e-10	-6.69757127536e-09
7.91232613902e-10	-6.70480371223e-09
7.92426026592e-10	-4.53891274566e-09
7.93619439283e-10	-8.12974354503e-10
7.94812851974e-10	3.37976130416e-09
7.96006264664e-10	6.78336148363e-09
7.97199677355e-10	8.33050273208e-09
7.98393090046e-10	7.45921796552e-09
7.99586502736e-10	4.29424762416e-09
8.00779915427e-10	-3.67861623107e-10
8.01973328118e-10	-5.2584845367e-09
8.03166740808e-10	-8.99488272754e-09
8.04360153499e-10	-1.04775390586e-08
8.05553566189e-10	-9.2173889632e-09
8.0674697888e-10	-5.49110262815e-09
8.07940391571e-10	-2.67896163586e-10
8.09133804261e-10	5.06012826085e-09
8.10327216952e-10	9.06862063221e-09
8.11520629643e-10	1.06998779836e-08
8.12714042333e-10	9.54488543758e-09
8.13907455024e-10	5.95268723202e-09
8.15100867715e-10	9.21815797306e-10
8.16294280405e-10	-4.17692969101e-09
8.17487693096e-10	-7.97579691181e-09
8.18681105787e-10	-9.49079581591e-09
8.19874518477e-10	-8.38175251427e-09
8.21067931168e-10	-5.04789593458e-09
8.22261343859e-10	-5.00110293455e-10
8.23454756549e-10	3.93314852909e-09
8.2464816924e-10	6.99496266465e-09
8.25841581931e-10	7.86340148551e-09
8.27034994621e-10	6.37715780183e-09
8.28228407312e-10	3.06786690496e-09
8.29421820002e-10	-1.01778904749e-09
8.30615232693e-10	-4.63641519621e-09
8.31808645384e-10	-6.71716343659e-09
8.33002058074e-10	-6.66926969206e-09
8.34195470765e-10	-4.54434612163e-09
8.35388883456e-10	-1.01778413475e-09
8.36582296146e-10	2.81534559554e-09
8.37775708837e-10	5.75892800114e-09
8.38969121528e-10	6.87396323196e-09
8.40162534218e-10	5.76597208868e-09
8.41355946909e-10	2.7179517248e-09
8.425493596e-10	-1.37624561747e-09
8.4374277229e-10	-5.27347032708e-09
8.44936184981e-10	-7.75275993403e-09
8.46129597672e-10	-7.99221600012e-09
8.47323010362e-10	-5.8280840709e-09
8.48516423053e-10	-1.81221845863e-09
8.49709835744e-10	2.94285604219e-09
8.50903248434e-10	7.08944852823e-09
8.52096661125e-10	9.43314293345e-09
8.53290073816e-10	9.27184140576e-09
8.54483486506e-10	6.59765642119e-09
8.55676899197e-10	2.09673831075e-09
8.56870311887e-10	-3.03355474074e-09
8.58063724578e-10	-7.4142478268e-09
8.59257137269e-10	-9.86248238632e-09
8.60450549959e-10	-9.72047420333e-09
8.6164396265e-10	-7.04350372471e-09
8.62837375341e-10	-2.58390292496e-09
8.64030788031e-10	2.41670203294e-09
8.65224200722e-10	6.58560078692e-09
8.66417613413e-10	8.80651129798e-09
8.67611026103e-10	8.5338921485e-09
8.68804438794e-10	5.93709253982e-09
8.69997851485e-10	1.83081785843e-09
8.71191264175e-10	-2.57088866862e-09
8.72384676866e-10	-6.01167865488e-09
8.73578089557e-10	-7.55133633401e-09
8.74771502247e-10	-6.82085848913e-09
8.75964914938e-10	-4.11662437472e-09
8.77158327629e-10	-2.99250707547e-10
8.78351740319e-10	3.46525685924e-09
8.7954515301e-10	6.04654926128e-09
8.807385657e-10	6.68678418192e-09
8.81931978391e-10	5.21923176899e-09
8.83125391082e-10	2.11710238229e-09
8.84318803772e-10	-1.64868925456e-09
8.85512216463e-10	-4.90935070374e-09
8.86705629154e-10	-6.64599825173e-09
8.87899041844e-10	-6.3049568344e-09
8.89092454535e-10	-3.95989635527e-09
8.90285867226e-10	-2.93980464972e-10
8.91479279916e-10	3.60242327635e-09
8.92672692607e-10	6.55504034386e-09
8.93866105298e-10	7.64588636848e-09
8.95059517988e-10	6.49003417674e-09
8.96252930679e-10	3.34884053821e-09
8.9744634337e-10	-9.2945792729e-10
8.9863975606e-10	-5.14791381745e-09
8.99833168751e-10	-8.09471895069e-09
9.01026581442e-10	-8.89429807582e-09
9.02219994132e-10	-7.26436899523e-09
9.03413406823e-10	-3.6074936649e-09
9.04606819514e-10	1.09333095355e-09
9.05800232204e-10	5.55352919207e-09
9.06993644895e-10	8.54899073754e-09
9.08187057585e-10	9.26568421988e-09
9.09380470276e-10	7.52669565562e-09
9.10573882967e-10	3.83267098614e-09
9.11767295657e-10	-7.82662587517e-10
9.12960708348e-10	-5.0528705664e-09
9.14154121039e-10	-7.82881187655e-09
9.15347533729e-10	-8.39396741004e-09
9.1654094642e-10	-6.65862326388e-09
9.17734359111e-10	-3.16956022539e-09
9.18927771801e-10	1.0428619357e-09
9.20121184492e-10	4.76652672887e-09
9.21314597183e-10	6.95240071069e-09
9.22508009873e-10	7.01418295668e-09
9.23701422564e-10	4.99980284951e-09
9.24894835255e-10	1.56471106905e-09
9.26088247945e-10	-2.22624746415e-09
9.27281660636e-10	-5.22211873744e-09
9.28475073327e-10	-6.53508003268e-09
9.29668486017e-10	-5.79447467786e-09
9.30861898708e-10	-3.25691770775e-09
9.32055311398e-10	2.86051606013e-10
9.33248724089e-10	3.7461538871e-09
9.3444213678e-10	6.06366967748e-09
9.3563554947e-10	6.52219073194e-09
9.36828962161e-10	4.95828200719e-09
9.38022374852e-10	1.81497719631e-09
9.39215787542e-10	-1.98437849486e-09
9.40409200233e-10	-5.3021996238e-09
9.41602612924e-10	-7.12306214012e-09
9.42796025614e-10	-6.85577550286e-09
9.43989438305e-10	-4.52051307498e-09
9.45182850996e-10	-7.49296950875e-10
9.46376263686e-10	3.38968281222e-09
9.47569676377e-10	6.70181404816e-09
9.48763089068e-10	8.21503554072e-09
9.49956501758e-10	7.4621051005e-09
9.51149914449e-10	4.61653359984e-09
9.5234332714e-10	4.46568726442e-10
9.5353673983e-10	-3.90488252844e-09
9.54730152521e-10	-7.23843063266e-09
9.55923565212e-10	-8.63457549904e-09
9.57116977902e-10	-7.71353469986e-09
9.58310390593e-10	-4.73427663739e-09
9.59503803283e-10	-5.28666256605e-10
9.60697215974e-10	3.73811906429e-09
9.61890628665e-10	6.89524320974e-09
9.63084041355e-10	8.09432809667e-09
9.64277454046e-10	7.05192343409e-09
9.65470866737e-10	4.11858530613e-09
9.66664279427e-10	1.73917436008e-10
9.67857692118e-10	-3.63520749613e-09
9.69051104809e-10	-6.2308115889e-09
9.70244517499e-10	-6.90919960133e-09
9.7143793019e-10	-5.53956369664e-09
9.72631342881e-10	-2.58687901655e-09
9.73824755571e-10	1.03334302226e-09
9.75018168262e-10	4.23055185328e-09
9.76211580953e-10	6.06005468029e-09
9.77404993643e-10	5.99784782951e-09
9.78598406334e-10	4.08887845804e-09
9.79791819025e-10	9.31751252542e-10
9.80985231715e-10	-2.50518553124e-09
9.82178644406e-10	-5.17074821849e-09
9.83372057096e-10	-6.24680268624e-09
9.84565469787e-10	-5.39444827696e-09
9.85758882478e-10	-2.85337514727e-09
9.86952295168e-10	6.23013904355e-10
9.88145707859e-10	3.99850869082e-09
9.8933912055e-10	6.25560669931e-09
9.9053253324e-10	6.70034783212e-09
9.91725945931e-10	5.1662575884e-09
9.92919358622e-10	2.06406050585e-09
9.94112771312e-10	-1.73449596352e-09
9.95306184003e-10	-5.14345510627e-09
9.96499596694e-10	-7.17457032673e-09
9.97693009384e-10	-7.21645027069e-09
9.98886422075e-10	-5.21603282788e-09
1.00007983477e-09	-1.69916061776e-09
1.00127324746e-09	2.37193051311e-09
1.00246666015e-09	5.86366083466e-09
1.00366007284e-09	7.79615833002e-09
1.00485348553e-09	7.62217183814e-09
1.00604689822e-09	5.38633870839e-09
1.00724031091e-09	1.7150906112e-09
1.0084337236e-09	-2.36483529981e-09
1.00962713629e-09	-5.72151920286e-09
1.01082054898e-09	-7.43835071315e-09
1.01201396167e-09	-7.07691100166e-09
1.01320737436e-09	-4.78699918594e-09
1.01440078705e-09	-1.2591115095e-09
1.01559419974e-09	2.48211212694e-09
1.01678761243e-09	5.37713640281e-09
1.01798102513e-09	6.62806515228e-09
1.01917443782e-09	5.92725402093e-09
1.02036785051e-09	3.53527249142e-09
1.0215612632e-09	1.97009603076e-10
1.02275467589e-09	-3.07705363967e-09
1.02394808858e-09	-5.31687188721e-09
1.02514150127e-09	-5.87103282657e-09
1.02633491396e-09	-4.60128596336e-09
1.02752832665e-09	-1.91618929057e-09
1.02872173934e-09	1.35748212671e-09
1.02991515203e-09	4.22059159844e-09
1.03110856472e-09	5.80607634193e-09
1.03230197741e-09	5.62907315205e-09
1.0334953901e-09	3.73382008645e-09
1.03468880279e-09	6.75394566663e-10
1.03588221549e-09	-2.64048555243e-09
1.03707562818e-09	-5.22607246367e-09
1.03826904087e-09	-6.29569657518e-09
1.03946245356e-09	-5.50268541843e-09
1.04065586625e-09	-3.04250755145e-09
1.04184927894e-09	3.9660175491e-10
1.04304269163e-09	3.82522555298e-09
1.04423610432e-09	6.24318030606e-09
1.04542951701e-09	6.92591139995e-09
1.0466229297e-09	5.64476504428e-09
1.04781634239e-09	2.73665609618e-09
1.04900975508e-09	-9.90349260932e-10
1.05020316777e-09	-4.48502907036e-09
1.05139658046e-09	-6.75904637815e-09
1.05258999315e-09	-7.16948100887e-09
1.05378340584e-09	-5.59913848619e-09
1.05497681854e-09	-2.49232764982e-09
1.05617023123e-09	1.28027891066e-09
1.05736364392e-09	4.66600297289e-09
1.05855705661e-09	6.73128225381e-09
1.0597504693e-09	6.92448798301e-09
1.06094388199e-09	5.22624926669e-09
1.06213729468e-09	2.15219750355e-09
1.06333070737e-09	-1.40090730683e-09
1.06452412006e-09	-4.41760761305e-09
1.06571753275e-09	-6.05441541346e-09
1.06691094544e-09	-5.88482373942e-09
1.06810435813e-09	-4.01168359643e-09
1.06929777082e-09	-1.03035349697e-09
1.07049118351e-09	2.15521600566e-09
1.0716845962e-09	4.60363197563e-09
1.0728780089e-09	5.60797908111e-09
1.07407142159e-09	4.90018869925e-09
1.07526483428e-09	2.71998246149e-09
1.07645824697e-09	-2.62274434809e-10
1.07765165966e-09	-3.14409259738e-09
1.07884507235e-09	-5.05765956893e-09
1.08003848504e-09	-5.42411737747e-09
1.08123189773e-09	-4.12234862912e-09
1.08242531042e-09	-1.5316954094e-09
1.08361872311e-09	1.58332499889e-09
1.0848121358e-09	4.29156210568e-09
1.08600554849e-09	5.7750819682e-09
1.08719896118e-09	5.57321505612e-09
1.08839237387e-09	3.72128303172e-09
1.08958578656e-09	7.44471498337e-10
1.09077919926e-09	-2.49699938504e-09
1.09197261195e-09	-5.0594430312e-09
1.09316602464e-09	-6.19040130267e-09
1.09435943733e-09	-5.54747642267e-09
1.09555285002e-09	-3.2968783259e-09
1.09674626271e-09	-6.4493410612e-11
1.0979396754e-09	3.23968391003e-09
1.09913308809e-09	5.68193930794e-09
1.10032650078e-09	6.56921128606e-09
1.10151991347e-09	5.64591795538e-09
1.10271332616e-09	3.16898085551e-09
1.10390673885e-09	-1.65373548189e-10
1.10510015154e-09	-3.42067427161e-09
1.10629356423e-09	-5.68692082314e-09
1.10748697692e-09	-6.34339791805e-09
1.10868038961e-09	-5.23125032181e-09
1.10987380231e-09	-2.6944582121e-09
1.111067215e-09	5.24376708722e-10
1.11226062769e-09	3.50505674485e-09
1.11345404038e-09	5.4127188287e-09
1.11464745307e-09	5.73494590705e-09
1.11584086576e-09	4.42282088731e-09
1.11703427845e-09	1.89406682005e-09
1.11822769114e-09	-1.08885275796e-09
1.11942110383e-09	-3.64730834423e-09
1.12061451652e-09	-5.03829677978e-09
1.12180792921e-09	-4.86987405957e-09
1.1230013419e-09	-3.21625098776e-09
1.12419475459e-09	-5.8863301039e-10
1.12538816728e-09	2.21266671652e-09
1.12658157997e-09	4.34207980682e-09
1.12777499267e-09	5.15840731241e-09
1.12896840536e-09	4.41536085471e-09
1.13016181805e-09	2.33452737697e-09
1.13135523074e-09	-4.65154911117e-10
1.13254864343e-09	-3.1507654541e-09
1.13374205612e-09	-4.92145119102e-09
1.13493546881e-09	-5.24501148069e-09
1.1361288815e-09	-4.01009031537e-09
1.13732229419e-09	-1.5620329058e-09
1.13851570688e-09	1.39754921524e-09
1.13970911957e-09	4.0120557987e-09
1.14090253226e-09	5.51509699021e-09
1.14209594495e-09	5.45692291354e-09
1.14328935764e-09	3.83502116175e-09
1.14448277033e-09	1.10070594306e-09
1.14567618303e-09	-1.96967020472e-09
1.14686959572e-09	-4.49851161877e-09
1.14806300841e-09	-5.76152886511e-09
1.1492564211e-09	-5.3964222535e-09
1.15044983379e-09	-3.50776166447e-09
1.15164324648e-09	-6.31425960129e-10
1.15283665917e-09	2.41819808622e-09
1.15403007186e-09	4.78532580228e-09
1.15522348455e-09	5.81364056895e-09
1.15641689724e-09	5.23032972488e-09
1.15761030993e-09	3.22012183585e-09
1.15880372262e-09	3.68723988842e-10
1.15999713531e-09	-2.50615583841e-09
1.161190548e-09	-4.58986454399e-09
1.16238396069e-09	-5.3046314008e-09
1.16357737338e-09	-4.47484888033e-09
1.16477078608e-09	-2.37331326813e-09
1.16596419877e-09	3.60730868787e-10
1.16715761146e-09	2.91595253499e-09
1.16835102415e-09	4.54690013418e-09
1.16954443684e-09	4.79320061419e-09
1.17073784953e-09	3.60956023404e-09
1.17193126222e-09	1.3719815839e-09
1.17312467491e-09	-1.23912236027e-09
1.1743180876e-09	-3.44127545904e-09
1.17551150029e-09	-4.58182264351e-09
1.17670491298e-09	-4.32330488076e-09
1.17789832567e-09	-2.74430947411e-09
1.17909173836e-09	-3.11648141321e-10
1.18028515105e-09	2.25423049671e-09
1.18147856374e-09	4.18994483553e-09
1.18267197644e-09	4.91537727187e-09
1.18386538913e-09	4.20344126173e-09
1.18505880182e-09	2.25070387327e-09
1.18625221451e-09	-3.790437339e-10
1.1874456272e-09	-2.92070376218e-09
1.18863903989e-09	-4.6302732204e-09
1.18983245258e-09	-5.00434765849e-09
1.19102586527e-09	-3.92663673798e-09
1.19221927796e-09	-1.69879446621e-09
1.19341269065e-09	1.04398547446e-09
1.19460610334e-09	3.52003071136e-09
1.19579951603e-09	5.02175018235e-09
1.19699292872e-09	5.11960385197e-09
1.19818634141e-09	3.78405282109e-09
1.1993797541e-09	1.39282348155e-09
1.20057316679e-09	-1.37538223866e-09
1.20176657949e-09	-3.73560354872e-09
1.20295999218e-09	-5.02354724485e-09
1.20415340487e-09	-4.88299756185e-09
1.20534681756e-09	-3.37061384359e-09
1.20654023025e-09	-9.33229965527e-10
1.20773364294e-09	1.72339241489e-09
1.20892705563e-09	3.84095846795e-09
1.21012046832e-09	4.82956785675e-09
1.21131388101e-09	4.43194664301e-09
1.2125072937e-09	2.79335360398e-09
1.21370070639e-09	4.12338531375e-10
1.21489411908e-09	-2.00886454693e-09
1.21608753177e-09	-3.76826114756e-09
1.21728094446e-09	-4.36555092076e-09
1.21847435715e-09	-3.6463887465e-09
1.21966776985e-09	-1.84074014364e-09
1.22086118254e-09	5.03252210737e-10
1.22205459523e-09	2.68378361201e-09
1.22324800792e-09	4.05237710055e-09
1.22444142061e-09	4.20258994271e-09
1.2256348333e-09	3.09322351066e-09
1.22682824599e-09	1.05619234192e-09
1.22802165868e-09	-1.30252823805e-09
1.22921507137e-09	-3.28134355798e-09
1.23040848406e-09	-4.29363478105e-09
1.23160189675e-09	-4.035344503e-09
1.23279530944e-09	-2.57622256861e-09
1.23398872213e-09	-3.36408081947e-10
1.23518213482e-09	2.03602293358e-09
1.23637554751e-09	3.85074089282e-09
1.23756896021e-09	4.57754367744e-09
1.2387623729e-09	3.99745669899e-09
1.23995578559e-09	2.26919794066e-09
1.24114919828e-09	-1.15799102945e-10
1.24234261097e-09	-2.47405443354e-09
1.24353602366e-09	-4.12740730482e-09
1.24472943635e-09	-4.59990484591e-09
1.24592284904e-09	-3.75617698056e-09
1.24711626173e-09	-1.83857384872e-09
1.24830967442e-09	6.0227384191e-10
1.24950308711e-09	2.87051560299e-09
1.2506964998e-09	4.32398800099e-09
1.25188991249e-09	4.55907961383e-09
1.25308332518e-09	3.52225273947e-09
1.25427673787e-09	1.52215524907e-09
1.25547015056e-09	-8.62449514583e-10
1.25666356326e-09	-2.95050597843e-09
1.25785697595e-09	-4.15322709557e-09
1.25905038864e-09	-4.14343903632e-09
1.26024380133e-09	-2.94405300139e-09
1.26143721402e-09	-9.22792356417e-10
1.26263062671e-09	1.32232215455e-09
1.2638240394e-09	3.13470407964e-09
1.26501745209e-09	3.99371841153e-09
1.26621086478e-09	3.66470609414e-09
1.26740427747e-09	2.26337718012e-09
1.26859769016e-09	2.19550794212e-10
1.26979110285e-09	-1.85435056199e-09
1.27098451554e-09	-3.34393196466e-09
1.27217792823e-09	-3.8118350143e-09
1.27337134092e-09	-3.12538966929e-09
1.27456475362e-09	-1.49166044794e-09
1.27575816631e-09	6.04758083889e-10
1.276951579e-09	2.54325210891e-09
1.27814499169e-09	3.75042893963e-09
1.27933840438e-09	3.86576770595e-09
1.28053181707e-09	2.84905340986e-09
1.28172522976e-09	9.92197379812e-10
1.28291864245e-09	-1.16614962131e-09
1.28411205514e-09	-2.99615798838e-09
1.28530546783e-09	-3.96253696522e-09
1.28649888052e-09	-3.78094436315e-09
1.28769229321e-09	-2.49929110741e-09
1.2888857059e-09	-4.86166940039e-10
1.29007911859e-09	1.68079176965e-09
1.29127253128e-09	3.37821812191e-09
1.29246594398e-09	4.12106088143e-09
1.29365935667e-09	3.69787797605e-09
1.29485276936e-09	2.23182269887e-09
1.29604618205e-09	1.43661603447e-10
1.29723959474e-09	-1.97030448901e-09
1.29843300743e-09	-3.50884790667e-09
1.29962642012e-09	-4.03852407072e-09
1.30081983281e-09	-3.41684117111e-09
1.3020132455e-09	-1.83152353006e-09
1.30320665819e-09	2.55117118403e-10
1.30440007088e-09	2.24160720541e-09
1.30559348357e-09	3.56287466197e-09
1.30678689626e-09	3.8514882672e-09
1.30798030895e-09	3.04324612732e-09
1.30917372164e-09	1.38983376197e-09
1.31036713433e-09	-6.16331791159e-10
1.31156054703e-09	-2.39015357506e-09
1.31275395972e-09	-3.42183095747e-09
1.31394737241e-09	-3.42490638627e-09
1.3151407851e-09	-2.41510064725e-09
1.31633419779e-09	-7.02713415235e-10
1.31752761048e-09	1.20000345771e-09
1.31872102317e-09	2.73035571929e-09
1.31991443586e-09	3.43835446226e-09
1.32110784855e-09	3.11909345574e-09
1.32230126124e-09	1.87086769687e-09
1.32349467393e-09	6.55945818495e-11
1.32468808662e-09	-1.76097519899e-09
1.32588149931e-09	-3.06832964592e-09
1.327074912e-09	-3.46849632349e-09
1.32826832469e-09	-2.8414407216e-09
1.32946173739e-09	-1.36790218042e-09
1.33065515008e-09	5.23609107461e-10
1.33184856277e-09	2.28227975407e-09
1.33304197546e-09	3.39605307764e-09
1.33423538815e-09	3.5394800979e-09
1.33542880084e-09	2.66802069326e-09
1.33662221353e-09	1.03019201503e-09
1.33781562622e-09	-9.03753495651e-10
1.33900903891e-09	-2.5785664437e-09
1.3402024516e-09	-3.51260739939e-09
1.34139586429e-09	-3.43929379421e-09
1.34258927698e-09	-2.38055886115e-09
1.34378268967e-09	-6.42778129334e-10
1.34497610236e-09	1.27417118523e-09
1.34616951505e-09	2.82233414417e-09
1.34736292775e-09	3.56170956617e-09
1.34855634044e-09	3.28963226104e-09
1.34974975313e-09	2.09277498109e-09
1.35094316582e-09	3.23236427208e-10
1.35213657851e-09	-1.50793016962e-09
1.3533299912e-09	-2.87829668433e-09
1.35452340389e-09	-3.40310643554e-09
1.35571681658e-09	-2.94553451075e-09
1.35691022927e-09	-1.65188848711e-09
1.35810364196e-09	9.27811733692e-11
1.35929705465e-09	1.77788714306e-09
1.36049046734e-09	2.91731305779e-09
1.36168388003e-09	3.18777496067e-09
