% time-domain voltage integration by openEMS v0.37.0-rc1-2-g7b051bb @Mon Aug  3 21:55:50 2026
% start-coordinates: (0.00012576,0.0039695,0.00217404) m -> [38,99,49]
% stop-coordinates: (0.000506229,0.0039695,0.00217404) m -> [44,99,49]
% t/s	voltage
0	0
1.19341269065e-12	0
2.3868253813e-12	0
3.58023807195e-12	0
4.7736507626e-12	0
5.96706345326e-12	0
7.16047614391e-12	0
8.35388883456e-12	0
9.54730152521e-12	0
1.07407142159e-11	0
1.19341269065e-11	0
1.31275395972e-11	0
1.43209522878e-11	0
1.55143649785e-11	0
1.67077776691e-11	0
1.79011903598e-11	0
1.90946030504e-11	0
2.02880157411e-11	0
2.14814284317e-11	0
2.26748411224e-11	1.1782574054e-32
2.3868253813e-11	1.02112068381e-29
2.50616665037e-11	8.60805113666e-28
2.62550791943e-11	-1.06108731263e-24
2.7448491885e-11	-2.71327906868e-22
2.86419045756e-11	-2.49732632591e-20
2.98353172663e-11	-1.11252227757e-18
3.10287299569e-11	-2.73755173502e-17
3.22221426476e-11	-4.08717755865e-16
3.34155553382e-11	-4.00539143216e-15
3.46089680289e-11	-2.75298925807e-14
3.58023807195e-11	-1.40104475669e-13
3.69957934102e-11	-5.5224821569e-13
3.81892061008e-11	-1.73959891631e-12
3.93826187915e-11	-4.40837600799e-12
4.05760314821e-11	-8.76449553124e-12
4.17694441728e-11	-1.21812066727e-11
4.29628568634e-11	-3.98638942494e-12
4.41562695541e-11	4.31186124132e-11
4.53496822447e-11	1.84044808907e-10
4.65430949354e-11	5.10183513491e-10
4.7736507626e-11	1.14688956943e-09
4.89299203167e-11	2.22460835864e-09
5.01233330073e-11	3.80469697414e-09
5.1316745698e-11	5.74542663445e-09
5.25101583886e-11	7.51502565732e-09
5.37035710793e-11	7.99519139782e-09
5.48969837699e-11	5.37244781995e-09
5.60903964606e-11	-2.75185968457e-09
5.72838091513e-11	-1.889641843e-08
5.84772218419e-11	-4.48411507925e-08
5.96706345326e-11	-8.04561146595e-08
6.08640472232e-11	-1.22558024174e-07
6.20574599139e-11	-1.6427427596e-07
6.32508726045e-11	-1.95519227475e-07
6.44442852952e-11	-2.04857849795e-07
6.56376979858e-11	-1.82630582657e-07
6.68311106765e-11	-1.24460008522e-07
6.80245233671e-11	-3.38971177793e-08
6.92179360578e-11	7.72683899086e-08
7.04113487484e-11	1.91737491662e-07
7.16047614391e-11	2.92095281296e-07
7.27981741297e-11	3.66976301791e-07
7.39915868204e-11	4.15363803796e-07
7.5184999511e-11	4.46677461241e-07
7.63784122017e-11	4.75735404848e-07
7.75718248923e-11	5.14279420827e-07
7.8765237583e-11	5.62493827516e-07
7.99586502736e-11	6.04935152637e-07
8.11520629643e-11	6.13476984768e-07
8.23454756549e-11	5.57282461955e-07
8.35388883456e-11	4.15848596447e-07
8.47323010362e-11	1.89797191297e-07
8.59257137269e-11	-9.54425942723e-08
8.71191264175e-11	-3.94656950675e-07
8.83125391082e-11	-6.54657412724e-07
8.95059517988e-11	-8.28098315253e-07
9.06993644895e-11	-8.84470061635e-07
9.18927771801e-11	-8.15461319803e-07
9.30861898708e-11	-6.34441477132e-07
9.42796025614e-11	-3.7209143855e-07
9.54730152521e-11	-7.01155347116e-08
9.66664279427e-11	2.25336018289e-07
9.78598406334e-11	4.70545781894e-07
9.9053253324e-11	6.309711722e-07
1.00246666015e-10	6.87631739993e-07
1.01440078705e-10	6.41244128019e-07
1.02633491396e-10	5.12562817079e-07
1.03826904087e-10	3.38039512826e-07
1.05020316777e-10	1.60871138633e-07
1.06213729468e-10	1.97538796431e-08
1.07407142159e-10	-6.16789535002e-08
1.08600554849e-10	-8.10163403031e-08
1.0979396754e-10	-5.65614168835e-08
1.10987380231e-10	-1.98468778079e-08
1.12180792921e-10	-3.18684489908e-09
1.13374205612e-10	-2.69027975452e-08
1.14567618303e-10	-9.10380064667e-08
1.15761030993e-10	-1.75048359807e-07
1.16954443684e-10	-2.45627877149e-07
1.18147856374e-10	-2.69417364862e-07
1.19341269065e-10	-2.25701134227e-07
1.20534681756e-10	-1.1377125464e-07
1.21728094446e-10	4.67009091398e-08
1.22921507137e-10	2.22196996802e-07
1.24114919828e-10	3.7503460959e-07
1.25308332518e-10	4.72846544142e-07
1.26501745209e-10	4.94946082341e-07
1.276951579e-10	4.3499351321e-07
1.2888857059e-10	3.00666606279e-07
1.30081983281e-10	1.11949187698e-07
1.31275395972e-10	-1.0143644591e-07
1.32468808662e-10	-3.03350462971e-07
1.33662221353e-10	-4.56388018932e-07
1.34855634044e-10	-5.28663495203e-07
1.36049046734e-10	-5.018873388e-07
1.37242459425e-10	-3.77811151253e-07
1.38435872116e-10	-1.80700759245e-07
1.39629284806e-10	4.66047804792e-08
1.40822697497e-10	2.53037958586e-07
1.42016110187e-10	3.93441204949e-07
1.43209522878e-10	4.41782937344e-07
1.44402935569e-10	3.98758466247e-07
1.45596348259e-10	2.90720247875e-07
1.4678976095e-10	1.60217589418e-07
1.47983173641e-10	5.12788674856e-08
1.49176586331e-10	-4.86713713777e-09
1.50369999022e-10	6.11999007027e-10
1.51563411713e-10	5.30159489642e-08
1.52756824403e-10	1.20451123742e-07
1.53950237094e-10	1.65845277067e-07
1.55143649785e-10	1.596727639e-07
1.56337062475e-10	9.01885162108e-08
1.57530475166e-10	-3.26686298013e-08
1.58723887857e-10	-1.79753005369e-07
1.59917300547e-10	-3.11496219041e-07
1.61110713238e-10	-3.89973198622e-07
1.62304125929e-10	-3.90515808135e-07
1.63497538619e-10	-3.0954575081e-07
1.6469095131e-10	-1.65789707296e-07
1.65884364e-10	4.99326757719e-09
1.67077776691e-10	1.60726504106e-07
1.68271189382e-10	2.65187939164e-07
1.69464602072e-10	2.98204295035e-07
1.70658014763e-10	2.60566118016e-07
1.71851427454e-10	1.72800941556e-07
1.73044840144e-10	6.79031657569e-08
1.74238252835e-10	-1.89614436374e-08
1.75431665526e-10	-6.14384472186e-08
1.76625078216e-10	-4.94532663708e-08
1.77818490907e-10	7.93143806188e-09
1.79011903598e-10	8.63247002769e-08
1.80205316288e-10	1.54018040988e-07
1.81398728979e-10	1.82599752208e-07
1.8259214167e-10	1.56097703652e-07
1.8378555436e-10	7.63011263061e-08
1.84978967051e-10	-3.76215800735e-08
1.86172379742e-10	-1.54618648551e-07
1.87365792432e-10	-2.41088022435e-07
1.88559205123e-10	-2.70838061311e-07
1.89752617814e-10	-2.33227275714e-07
1.90946030504e-10	-1.36650305294e-07
1.92139443195e-10	-6.7068763876e-09
1.93332855885e-10	1.21306952927e-07
1.94526268576e-10	2.12670803634e-07
1.95719681267e-10	2.43886761453e-07
1.96913093957e-10	2.09378670846e-07
1.98106506648e-10	1.22557517912e-07
1.99299919339e-10	1.07343012257e-08
2.00493332029e-10	-9.38235045211e-08
2.0168674472e-10	-1.63626538097e-07
2.02880157411e-10	-1.83137606413e-07
2.04073570101e-10	-1.51742975518e-07
2.05266982792e-10	-8.20086656361e-08
2.06460395483e-10	4.98273589056e-09
2.07653808173e-10	8.61759446025e-08
2.08847220864e-10	1.42242303269e-07
2.10040633555e-10	1.62124509373e-07
2.11234046245e-10	1.4481138777e-07
2.12427458936e-10	9.8854603614e-08
2.13620871627e-10	3.9302364474e-08
2.14814284317e-10	-1.66080929009e-08
2.16007697008e-10	-5.44192282348e-08
2.17201109698e-10	-6.61704460114e-08
2.18394522389e-10	-5.2485767732e-08
2.1958793508e-10	-2.19175907423e-08
2.2078134777e-10	1.1888911633e-08
2.21974760461e-10	3.47382673738e-08
2.23168173152e-10	3.65883066067e-08
2.24361585842e-10	1.50529104737e-08
2.25554998533e-10	-2.35859282105e-08
2.26748411224e-10	-6.63305561588e-08
2.27941823914e-10	-9.78361685e-08
2.29135236605e-10	-1.05690203256e-07
2.30328649296e-10	-8.47085193101e-08
2.31522061986e-10	-3.88316760969e-08
2.32715474677e-10	2.02548173789e-08
2.33908887368e-10	7.68538539475e-08
2.35102300058e-10	1.16158672014e-07
2.36295712749e-10	1.28492597895e-07
2.3748912544e-10	1.11674332004e-07
2.3868253813e-10	7.11874514892e-08
2.39875950821e-10	1.81763393226e-08
2.41069363512e-10	-3.37644610049e-08
2.42262776202e-10	-7.21931749936e-08
2.43456188893e-10	-8.8846769053e-08
2.44649601583e-10	-8.14792233683e-08
2.45843014274e-10	-5.39320414994e-08
2.47036426965e-10	-1.48414780465e-08
2.48229839655e-10	2.50339784458e-08
2.49423252346e-10	5.56342643065e-08
2.50616665037e-10	7.00858668878e-08
2.51810077727e-10	6.61102257382e-08
2.53003490418e-10	4.61607188029e-08
2.54196903109e-10	1.65504323579e-08
2.55390315799e-10	-1.41557572331e-08
2.5658372849e-10	-3.72179433938e-08
2.57777141181e-10	-4.58062068276e-08
2.58970553871e-10	-3.69601846906e-08
2.60163966562e-10	-1.27084991419e-08
2.61357379253e-10	1.99000014245e-08
2.62550791943e-10	5.03811441455e-08
2.63744204634e-10	6.77235831859e-08
2.64937617325e-10	6.39640829192e-08
2.66131030015e-10	3.71613904093e-08
2.67324442706e-10	-7.37416311347e-09
2.68517855396e-10	-5.82160142315e-08
2.69711268087e-10	-1.01186424573e-07
2.70904680778e-10	-1.23659409823e-07
2.72098093468e-10	-1.18494321022e-07
2.73291506159e-10	-8.6084446238e-08
2.7448491885e-10	-3.40560797341e-08
2.7567833154e-10	2.51891290048e-08
2.76871744231e-10	7.8033868256e-08
2.78065156922e-10	1.1322493787e-07
2.79258569612e-10	1.24338153995e-07
2.80451982303e-10	1.11005838299e-07
2.81645394994e-10	7.83694895645e-08
2.82838807684e-10	3.55986853329e-08
2.84032220375e-10	-6.57041332452e-09
2.85225633066e-10	-3.84425589139e-08
2.86419045756e-10	-5.37513140664e-08
2.87612458447e-10	-5.10504793994e-08
2.88805871138e-10	-3.39400598737e-08
2.89999283828e-10	-9.8307543217e-09
2.91192696519e-10	1.22047176809e-08
2.9238610921e-10	2.41081723473e-08
2.935795219e-10	2.11665469596e-08
2.94772934591e-10	3.56048479588e-09
2.95966347281e-10	-2.35148975847e-08
2.97159759972e-10	-5.10968005685e-08
2.98353172663e-10	-6.90888661836e-08
2.99546585353e-10	-6.95937432127e-08
3.00739998044e-10	-4.9798956514e-08
3.01933410735e-10	-1.35688875691e-08
3.03126823425e-10	2.94202713302e-08
3.04320236116e-10	6.66002684113e-08
3.05513648807e-10	8.6743771277e-08
3.06707061497e-10	8.37404918741e-08
3.07900474188e-10	5.86198076746e-08
3.09093886879e-10	1.89911963933e-08
3.10287299569e-10	-2.35031634155e-08
3.1148071226e-10	-5.69169276154e-08
3.12674124951e-10	-7.22922219865e-08
3.13867537641e-10	-6.59108589929e-08
3.15060950332e-10	-3.98959816295e-08
3.16254363023e-10	-1.45688661135e-09
3.17447775713e-10	3.9016018416e-08
3.18641188404e-10	7.05678191437e-08
3.19834601094e-10	8.44827141577e-08
3.21028013785e-10	7.6621825329e-08
3.22221426476e-10	4.86319615689e-08
3.23414839166e-10	7.61272250793e-09
3.24608251857e-10	-3.58190686001e-08
3.25801664548e-10	-7.0411495301e-08
3.26995077238e-10	-8.7387046932e-08
3.28188489929e-10	-8.27685378013e-08
3.2938190262e-10	-5.83562056455e-08
3.3057531531e-10	-2.12002269073e-08
3.31768728001e-10	1.83648656282e-08
3.32962140692e-10	4.95466614403e-08
3.34155553382e-10	6.40640411831e-08
3.35348966073e-10	5.85896460237e-08
3.36542378764e-10	3.57108662641e-08
3.37735791454e-10	3.1862928962e-09
3.38929204145e-10	-2.84401520112e-08
3.40122616836e-10	-4.92109233363e-08
3.41316029526e-10	-5.27994861166e-08
3.42509442217e-10	-3.84465139724e-08
3.43702854908e-10	-1.09430746686e-08
3.44896267598e-10	2.10298181091e-08
3.46089680289e-10	4.77333417237e-08
3.47283092979e-10	6.12295729674e-08
3.4847650567e-10	5.76045446898e-08
3.49669918361e-10	3.78522124755e-08
3.50863331051e-10	7.4842294584e-09
3.52056743742e-10	-2.50906866395e-08
3.53250156433e-10	-5.07939779126e-08
3.54443569123e-10	-6.23831231117e-08
3.55636981814e-10	-5.63872166737e-08
3.56830394505e-10	-3.42265238373e-08
3.58023807195e-10	-1.90950172341e-09
3.59217219886e-10	3.1511709242e-08
3.60410632577e-10	5.64196427355e-08
3.61604045267e-10	6.54461622673e-08
3.62797457958e-10	5.55854695605e-08
3.63990870649e-10	2.92324018325e-08
3.65184283339e-10	-6.50634968125e-09
3.6637769603e-10	-4.17350278781e-08
3.67571108721e-10	-6.66342137023e-08
3.68764521411e-10	-7.41817851591e-08
3.69957934102e-10	-6.2206509277e-08
3.71151346792e-10	-3.39859709264e-08
3.72344759483e-10	2.61166943627e-09
3.73538172174e-10	3.73689856836e-08
3.74731584864e-10	6.06404131354e-08
3.75924997555e-10	6.61964696391e-08
3.77118410246e-10	5.30765462692e-08
3.78311822936e-10	2.59129941949e-08
3.79505235627e-10	-6.56269505406e-09
3.80698648318e-10	-3.42189299118e-08
3.81892061008e-10	-4.87344422595e-08
3.83085473699e-10	-4.60952329639e-08
3.8427888639e-10	-2.76540275124e-08
3.8547229908e-10	4.61337246183e-10
3.86665711771e-10	2.93668653839e-08
3.87859124462e-10	5.00616201826e-08
3.89052537152e-10	5.59309993875e-08
3.90245949843e-10	4.45223378165e-08
3.91439362534e-10	1.82170485363e-08
3.92632775224e-10	-1.63222166893e-08
3.93826187915e-10	-4.97303247471e-08
3.95019600606e-10	-7.24520567985e-08
3.96213013296e-10	-7.73619230898e-08
3.97406425987e-10	-6.20771762883e-08
3.98599838677e-10	-2.98843760849e-08
3.99793251368e-10	1.08989118841e-08
4.00986664059e-10	4.92787712858e-08
4.02180076749e-10	7.47754276276e-08
4.0337348944e-10	8.05522404335e-08
4.04566902131e-10	6.53719078869e-08
4.05760314821e-10	3.38841372738e-08
4.06953727512e-10	-4.83595802292e-09
4.08147140203e-10	-3.9973646615e-08
4.09340552893e-10	-6.2036201065e-08
4.10533965584e-10	-6.54957226232e-08
4.11727378275e-10	-5.02465726804e-08
4.12920790965e-10	-2.15247306645e-08
4.14114203656e-10	1.17218665885e-08
4.15307616347e-10	3.95220962623e-08
4.16501029037e-10	5.38866902211e-08
4.17694441728e-10	5.10920448171e-08
4.18887854419e-10	3.26767843895e-08
4.20081267109e-10	4.73719041771e-09
4.212746798e-10	-2.4061108217e-08
4.2246809249e-10	-4.51317294647e-08
4.23661505181e-10	-5.24288847892e-08
4.24854917872e-10	-4.40498251209e-08
4.26048330562e-10	-2.26441689843e-08
4.27241743253e-10	5.43644407269e-09
4.28435155944e-10	3.19495589984e-08
4.29628568634e-10	4.90968674605e-08
4.30821981325e-10	5.17628704344e-08
4.32015394016e-10	3.9039937505e-08
4.33208806706e-10	1.45923719774e-08
4.34402219397e-10	-1.43847228573e-08
4.35595632088e-10	-3.92517938153e-08
4.36789044778e-10	-5.2511340165e-08
4.37982457469e-10	-5.00725674257e-08
4.3917587016e-10	-3.245128255e-08
4.4036928285e-10	-4.67440491869e-09
4.41562695541e-10	2.52202121409e-08
4.42756108232e-10	4.846120083e-08
4.43949520922e-10	5.81154262491e-08
4.45142933613e-10	5.10908084728e-08
4.46336346304e-10	2.9097609433e-08
4.47529758994e-10	-1.78562728492e-09
4.48723171685e-10	-3.28432494534e-08
4.49916584375e-10	-5.52344805449e-08
4.51109997066e-10	-6.26086884559e-08
4.52303409757e-10	-5.29282284667e-08
4.53496822447e-10	-2.90362807132e-08
4.54690235138e-10	2.27692723009e-09
4.55883647829e-10	3.23007158798e-08
4.57077060519e-10	5.29353725298e-08
4.5827047321e-10	5.89127013839e-08
4.59463885901e-10	4.91528506785e-08
4.60657298591e-10	2.68950142157e-08
4.61850711282e-10	-1.32905397798e-09
4.63044123973e-10	-2.75785680959e-08
4.64237536663e-10	-4.47112342705e-08
4.65430949354e-10	-4.83270734541e-08
4.66624362045e-10	-3.79352704805e-08
4.67817774735e-10	-1.70373493091e-08
4.69011187426e-10	7.92865284538e-09
4.70204600117e-10	2.94599287187e-08
4.71398012807e-10	4.11849345738e-08
4.72591425498e-10	3.97044561673e-08
4.73784838188e-10	2.55985310726e-08
4.74978250879e-10	3.20558168898e-09
4.7617166357e-10	-2.06269388237e-08
4.7736507626e-10	-3.85966867356e-08
4.78558488951e-10	-4.50962063248e-08
4.79751901642e-10	-3.78709805737e-08
4.80945314332e-10	-1.87451425493e-08
4.82138727023e-10	6.91218932092e-09
4.83332139714e-10	3.16917705412e-08
4.84525552404e-10	4.82978306238e-08
4.85718965095e-10	5.17036458092e-08
4.86912377786e-10	4.06250455498e-08
4.88105790476e-10	1.79914132481e-08
4.89299203167e-10	-9.87859882784e-09
4.90492615858e-10	-3.50947879646e-08
4.91686028548e-10	-5.0468899282e-08
4.92879441239e-10	-5.16725466859e-08
4.9407285393e-10	-3.84587153235e-08
4.9526626662e-10	-1.47414216389e-08
4.96459679311e-10	1.26033803394e-08
4.97653092001e-10	3.57922536054e-08
4.98846504692e-10	4.83603530554e-08
5.00039917383e-10	4.70252312645e-08
5.01233330073e-10	3.24904938509e-08
5.02426742764e-10	9.18019160689e-09
5.03620155455e-10	-1.60987898568e-08
5.04813568145e-10	-3.6135048731e-08
5.06006980836e-10	-4.53121624666e-08
5.07200393527e-10	-4.12257774585e-08
5.08393806217e-10	-2.52779763787e-08
5.09587218908e-10	-2.28119606538e-09
5.10780631599e-10	2.09974686527e-08
5.11974044289e-10	3.78106799204e-08
5.1316745698e-10	4.3382550885e-08
5.14360869671e-10	3.62868233239e-08
5.15554282361e-10	1.8780734079e-08
5.16747695052e-10	-3.89017879021e-09
5.17941107743e-10	-2.50575562522e-08
5.19134520433e-10	-3.85493157395e-08
5.20327933124e-10	-4.0445175653e-08
5.21521345815e-10	-3.01863454233e-08
5.22714758505e-10	-1.07581458186e-08
5.23908171196e-10	1.21434368117e-08
5.25101583886e-10	3.17194310817e-08
5.26294996577e-10	4.20608428087e-08
5.27488409268e-10	3.99195778655e-08
5.28681821958e-10	2.57418169003e-08
5.29875234649e-10	3.60374041719e-09
5.3106864734e-10	-1.99855998417e-08
5.3226206003e-10	-3.8004209113e-08
5.33455472721e-10	-4.50729888968e-08
5.34648885412e-10	-3.90352976609e-08
5.35842298102e-10	-2.16113482665e-08
5.37035710793e-10	2.14775519591e-09
5.38229123484e-10	2.53925538374e-08
5.39422536174e-10	4.14685481509e-08
5.40615948865e-10	4.58632425371e-08
5.41809361556e-10	3.74534190328e-08
5.43002774246e-10	1.87648285799e-08
5.44196186937e-10	-4.79354478333e-09
5.45389599628e-10	-2.65524322529e-08
5.46583012318e-10	-4.04501312445e-08
5.47776425009e-10	-4.27545239212e-08
5.48969837699e-10	-3.30456755293e-08
5.5016325039e-10	-1.4258627945e-08
5.51356663081e-10	8.1761172277e-09
5.52550075771e-10	2.79162477579e-08
5.53743488462e-10	3.94655059743e-08
5.54936901153e-10	3.97011206132e-08
5.56130313843e-10	2.87348393968e-08
5.57323726534e-10	9.83162184998e-09
5.58517139225e-10	-1.1497743424e-08
5.59710551915e-10	-2.90985771034e-08
5.60903964606e-10	-3.79286095864e-08
5.62097377297e-10	-3.54920532963e-08
5.63290789987e-10	-2.26039635898e-08
5.64484202678e-10	-3.09534500809e-09
5.65677615369e-10	1.72305538726e-08
5.66871028059e-10	3.23614890441e-08
5.6806444075e-10	3.77978728316e-08
5.69257853441e-10	3.19232458246e-08
5.70451266131e-10	1.64877258513e-08
5.71644678822e-10	-3.9048539402e-09
5.72838091513e-10	-2.31552281793e-08
5.74031504203e-10	-3.55127069973e-08
5.75224916894e-10	-3.72996873388e-08
5.76418329584e-10	-2.80034022637e-08
5.77611742275e-10	-1.04205394313e-08
5.78805154966e-10	1.02239259281e-08
5.79998567656e-10	2.78514800112e-08
5.81191980347e-10	3.73315338642e-08
5.82385393038e-10	3.59702299058e-08
5.83578805728e-10	2.42430195918e-08
5.84772218419e-10	5.62581914387e-09
5.8596563111e-10	-1.44561480564e-08
5.871590438e-10	-3.01830078708e-08
5.88352456491e-10	-3.70271036054e-08
5.89545869182e-10	-3.30320855113e-08
5.90739281872e-10	-1.9363392223e-08
5.91932694563e-10	2.92267876567e-11
5.93126107254e-10	1.95619449528e-08
5.94319519944e-10	3.36281154034e-08
5.95512932635e-10	3.8179216677e-08
5.96706345326e-10	3.19093551582e-08
5.97899758016e-10	1.65568441179e-08
5.99093170707e-10	-3.54588491902e-09
6.00286583397e-10	-2.27394933994e-08
6.01479996088e-10	-3.56065155138e-08
6.02673408779e-10	-3.85040164197e-08
6.03866821469e-10	-3.06230147906e-08
6.0506023416e-10	-1.42253214763e-08
6.06253646851e-10	5.95913163259e-09
6.07447059541e-10	2.41041551163e-08
6.08640472232e-10	3.49887603335e-08
6.09833884923e-10	3.55571074806e-08
6.11027297613e-10	2.58216699134e-08
6.12220710304e-10	8.86263318289e-09
6.13414122995e-10	-1.01586269396e-08
6.14607535685e-10	-2.5548573479e-08
6.15800948376e-10	-3.28262639293e-08
6.16994361067e-10	-3.0004586371e-08
6.18187773757e-10	-1.81261836651e-08
6.19381186448e-10	-8.7975624008e-10
6.20574599139e-10	1.6547097248e-08
6.21768011829e-10	2.90012269755e-08
6.2296142452e-10	3.28594089716e-08
6.24154837211e-10	2.70338105235e-08
6.25348249901e-10	1.32649455864e-08
6.26541662592e-10	-4.42618530716e-09
6.27735075282e-10	-2.08935975188e-08
6.28928487973e-10	-3.13722545719e-08
6.30121900664e-10	-3.28419562656e-08
6.31315313354e-10	-2.4896366968e-08
6.32508726045e-10	-9.86115333834e-09
6.33702138736e-10	7.89425214087e-09
6.34895551426e-10	2.32266650357e-08
6.36088964117e-10	3.17016581874e-08
6.37282376808e-10	3.08912093683e-08
6.38475789498e-10	2.10426436276e-08
6.39669202189e-10	5.03582137101e-09
6.4086261488e-10	-1.2480849132e-08
6.4205602757e-10	-2.64054298427e-08
6.43249440261e-10	-3.26678275542e-08
6.44442852952e-10	-2.94063002837e-08
6.45636265642e-10	-1.75190628671e-08
6.46829678333e-10	-4.18962919913e-10
6.48023091024e-10	1.69501446212e-08
6.49216503714e-10	2.95597109012e-08
6.50409916405e-10	3.37793397698e-08
6.51603329095e-10	2.84306143072e-08
6.52796741786e-10	1.51448400487e-08
6.53990154477e-10	-2.18552120845e-09
6.55183567167e-10	-1.85372057704e-08
6.56376979858e-10	-2.92871793484e-08
6.57570392549e-10	-3.15011603469e-08
6.58763805239e-10	-2.47645530749e-08
6.5995721793e-10	-1.12165935429e-08
6.61150630621e-10	5.1086403996e-09
6.62344043311e-10	1.94676093024e-08
6.63537456002e-10	2.77595666454e-08
6.64730868693e-10	2.76721616732e-08
6.65924281383e-10	1.93317517549e-08
6.67117694074e-10	5.2478609236e-09
6.68311106765e-10	-1.04102796383e-08
6.69504519455e-10	-2.30280414737e-08
6.70697932146e-10	-2.88974302265e-08
6.71891344837e-10	-2.62973294252e-08
6.73084757527e-10	-1.59928865706e-08
6.74278170218e-10	-9.9846092505e-10
6.75471582909e-10	1.4331192677e-08
6.76664995599e-10	2.5565359163e-08
6.7785840829e-10	2.94899971109e-08
6.7905182098e-10	2.50030638416e-08
6.80245233671e-10	1.34329167789e-08
6.81438646362e-10	-1.86905091404e-09
6.82632059052e-10	-1.64669153868e-08
6.83825471743e-10	-2.6137658482e-08
6.85018884434e-10	-2.80773504446e-08
6.86212297124e-10	-2.17485525145e-08
6.87405709815e-10	-9.05088481939e-09
6.88599122506e-10	6.23164708724e-09
6.89792535196e-10	1.95488492061e-08
6.90985947887e-10	2.69504172312e-08
6.92179360578e-10	2.62628738756e-08
6.93372773268e-10	1.77075920593e-08
6.94566185959e-10	3.82447457037e-09
6.9575959865e-10	-1.13268354696e-08
6.9695301134e-10	-2.33616195278e-08
6.98146424031e-10	-2.88236736701e-08
6.99339836722e-10	-2.61865022999e-08
7.00533249412e-10	-1.62162814288e-08
7.01726662103e-10	-1.77998676909e-09
7.02920074793e-10	1.30221462502e-08
7.04113487484e-10	2.3993735665e-08
7.05306900175e-10	2.80553318355e-08
7.06500312865e-10	2.41181505878e-08
7.07693725556e-10	1.33942943403e-08
7.08887138247e-10	-9.50085440876e-10
7.10080550937e-10	-1.47318778287e-08
7.11273963628e-10	-2.39575774774e-08
7.12467376319e-10	-2.59983541362e-08
7.13660789009e-10	-2.03352199524e-08
7.148542017e-10	-8.69814231752e-09
7.16047614391e-10	5.45276590547e-09
7.17241027081e-10	1.79475894146e-08
7.18434439772e-10	2.51148717378e-08
7.19627852463e-10	2.48444447237e-08
7.20821265153e-10	1.72067018411e-08
7.22014677844e-10	4.41721564881e-09
7.23208090535e-10	-9.79505743182e-09
7.24401503225e-10	-2.12942605771e-08
7.25594915916e-10	-2.67414901334e-08
7.26788328607e-10	-2.45887719075e-08
7.27981741297e-10	-1.55133372814e-08
7.29175153988e-10	-2.21849716375e-09
7.30368566678e-10	1.14041570631e-08
7.31561979369e-10	2.14123727638e-08
7.3275539206e-10	2.4983388025e-08
7.3394880475e-10	2.12061703753e-08
7.35142217441e-10	1.13098336252e-08
7.36335630132e-10	-1.72303851742e-09
7.37529042822e-10	-1.40572152807e-08
7.38722455513e-10	-2.20988183308e-08
7.39915868204e-10	-2.3540332128e-08
7.41109280894e-10	-1.79918933085e-08
7.42302693585e-10	-7.09874703464e-09
7.43496106276e-10	5.95060484221e-09
7.44689518966e-10	1.73386545121e-08
7.45882931657e-10	2.37298529715e-08
7.47076344348e-10	2.32425605429e-08
7.48269757038e-10	1.60025592777e-08
7.49463169729e-10	4.09299802384e-09
7.5065658242e-10	-9.03739261204e-09
7.5184999511e-10	-1.96162703858e-08
7.53043407801e-10	-2.4616387595e-08
7.54236820491e-10	-2.26496859046e-08
7.55430233182e-10	-1.4347087296e-08
7.56623645873e-10	-2.1495370206e-09
7.57817058563e-10	1.03866065748e-08
7.59010471254e-10	1.96470060221e-08
7.60203883945e-10	2.29792012085e-08
7.61397296635e-10	1.94707221457e-08
7.62590709326e-10	1.02036907812e-08
7.63784122017e-10	-2.06269737402e-09
7.64977534707e-10	-1.3702542212e-08
7.66170947398e-10	-2.12905362229e-08
7.67364360089e-10	-2.26085763444e-08
7.68557772779e-10	-1.7295608723e-08
7.6975118547e-10	-6.93036444899e-09
7.70944598161e-10	5.44253847545e-09
7.72138010851e-10	1.62255657798e-08
7.73331423542e-10	2.23225464779e-08
7.74524836233e-10	2.20139682039e-08
7.75718248923e-10	1.5451443347e-08
7.76911661614e-10	4.56441795471e-09
7.78105074305e-10	-7.49847123283e-09
7.79298486995e-10	-1.72879834892e-08
7.80491899686e-10	-2.20453382216e-08
7.81685312376e-10	-2.04748920041e-08
7.82878725067e-10	-1.31134042514e-08
7.84072137758e-10	-2.15537893089e-09
7.85265550448e-10	9.18483666901e-09
7.86458963139e-10	1.76104071326e-08
7.8765237583e-10	2.06917634138e-08
7.8884578852e-10	1.75758496646e-08
7.90039201211e-10	9.20793352677e-09
7.91232613902e-10	-1.93123880776e-09
7.92426026592e-10	-1.25709924692e-08
7.93619439283e-10	-1.95937914782e-08
7.94812851974e-10	-2.09439503518e-08
7.96006264664e-10	-1.62272126847e-08
7.97199677355e-10	-6.81583223194e-09
7.98393090046e-10	4.54863435806e-09
7.99586502736e-10	1.45597341961e-08
8.00779915427e-10	2.03164169932e-08
8.01973328118e-10	2.01659819954e-08
8.03166740808e-10	1.41884863858e-08
8.04360153499e-10	4.16171092033e-09
8.05553566189e-10	-6.96810537049e-09
8.0674697888e-10	-1.59496720276e-08
8.07940391571e-10	-2.01929122312e-08
8.09133804261e-10	-1.84991741925e-08
8.10327216952e-10	-1.14208947855e-08
8.11520629643e-10	-1.06850187032e-09
8.12714042333e-10	9.50926737353e-09
8.13907455024e-10	1.72155412148e-08
8.15100867715e-10	1.98156995257e-08
8.16294280405e-10	1.65647966455e-08
8.17487693096e-10	8.42061242956e-09
8.18681105787e-10	-2.24506271906e-09
8.19874518477e-10	-1.23491510351e-08
8.21067931168e-10	-1.89750135604e-08
8.22261343859e-10	-2.02291208229e-08
8.23454756549e-10	-1.57643057497e-08
8.2464816924e-10	-6.88260598514e-09
8.25841581931e-10	3.85030513028e-09
8.27034994621e-10	1.33534666658e-08
8.28228407312e-10	1.89127498107e-08
8.29421820002e-10	1.89738258438e-08
8.30615232693e-10	1.35746768271e-08
8.31808645384e-10	4.33591562654e-09
8.33002058074e-10	-6.02830418917e-09
8.34195470765e-10	-1.44986725958e-08
8.35388883456e-10	-1.86363497967e-08
8.36582296146e-10	-1.72827774314e-08
8.37775708837e-10	-1.08881708094e-08
8.38969121528e-10	-1.36319605604e-09
8.40162534218e-10	8.4831331959e-09
8.41355946909e-10	1.57759556529e-08
8.425493596e-10	1.83996238245e-08
8.4374277229e-10	1.56143781238e-08
8.44936184981e-10	8.26008916821e-09
8.46129597672e-10	-1.50053172665e-09
8.47323010362e-10	-1.08084116102e-08
8.48516423053e-10	-1.69597105248e-08
8.49709835744e-10	-1.81793271548e-08
8.50903248434e-10	-1.41472211723e-08
8.52096661125e-10	-6.07874317549e-09
8.53290073816e-10	3.6403150494e-09
8.54483486506e-10	1.21557138799e-08
8.55676899197e-10	1.69906637648e-08
8.56870311887e-10	1.67608875667e-08
8.58063724578e-10	1.15734631878e-08
8.59257137269e-10	2.98032090673e-09
8.60450549959e-10	-6.48535469772e-09
8.6164396265e-10	-1.40528203518e-08
8.62837375341e-10	-1.75170058458e-08
8.64030788031e-10	-1.58728652444e-08
8.65224200722e-10	-9.59757129326e-09
8.66417613413e-10	-5.08469766292e-10
8.67611026103e-10	8.76518080339e-09
8.68804438794e-10	1.55463364404e-08
8.69997851485e-10	1.78763963632e-08
8.71191264175e-10	1.50919624575e-08
8.72384676866e-10	8.00191490846e-09
8.73578089557e-10	-1.33872551933e-09
8.74771502247e-10	-1.02381358946e-08
8.75964914938e-10	-1.61506441554e-08
8.77158327629e-10	-1.74050380775e-08
8.78351740319e-10	-1.36964968256e-08
8.7954515301e-10	-6.14076128835e-09
8.807385657e-10	3.0405857554e-09
8.81931978391e-10	1.11896634181e-08
8.83125391082e-10	1.59679347522e-08
8.84318803772e-10	1.60302198182e-08
8.85512216463e-10	1.14087722602e-08
8.86705629154e-10	3.48240081216e-09
8.87899041844e-10	-5.41318112557e-09
8.89092454535e-10	-1.26835169034e-08
8.90285867226e-10	-1.62180437968e-08
8.91479279916e-10	-1.50093799611e-08
8.92672692607e-10	-9.44222355859e-09
8.93866105298e-10	-1.16671546035e-09
8.95059517988e-10	7.3865610295e-09
8.96252930679e-10	1.37290321334e-08
8.9744634337e-10	1.60386155468e-08
8.9863975606e-10	1.36773574688e-08
8.99833168751e-10	7.37582311894e-09
9.01026581442e-10	-1.00329648756e-09
9.02219994132e-10	-9.00598895459e-09
9.03413406823e-10	-1.43015129739e-08
9.04606819514e-10	-1.5363217476e-08
9.05800232204e-10	-1.18979455177e-08
9.06993644895e-10	-4.94280616437e-09
9.08187057585e-10	3.45014294911e-09
9.09380470276e-10	1.08111195551e-08
9.10573882967e-10	1.49741395949e-08
9.11767295657e-10	1.47250002192e-08
9.12960708348e-10	1.01370933869e-08
9.14154121039e-10	2.56032758883e-09
9.15347533729e-10	-5.79539671808e-09
9.1654094642e-10	-1.25037222798e-08
9.17734359111e-10	-1.56267851992e-08
9.18927771801e-10	-1.42730579578e-08
9.20121184492e-10	-8.83982431699e-09
9.21314597183e-10	-8.95042401305e-10
9.22508009873e-10	7.28271359884e-09
9.23701422564e-10	1.33528778035e-08
9.24894835255e-10	1.55886208386e-08
9.26088247945e-10	1.33665996049e-08
9.27281660636e-10	7.35203264934e-09
9.28475073327e-10	-7.01587690721e-10
9.29668486017e-10	-8.45398007154e-09
9.30861898708e-10	-1.36684490393e-08
9.32055311398e-10	-1.48564609503e-08
9.33248724089e-10	-1.17122679333e-08
9.3444213678e-10	-5.19216736272e-09
9.3563554947e-10	2.78037518009e-09
9.36828962161e-10	9.87262371854e-09
9.38022374852e-10	1.40376213986e-08
9.39215787542e-10	1.40900773271e-08
9.40409200233e-10	1.00502836053e-08
9.41602612924e-10	3.12304476724e-09
9.42796025614e-10	-4.66113470043e-09
9.43989438305e-10	-1.10313295165e-08
9.45182850996e-10	-1.41469034265e-08
9.46376263686e-10	-1.31202577691e-08
9.47569676377e-10	-8.27920842994e-09
9.48763089068e-10	-1.063775526e-09
9.49956501758e-10	6.40317576739e-09
9.51149914449e-10	1.19379425234e-08
9.5234332714e-10	1.39413293132e-08
9.5353673983e-10	1.1859357274e-08
9.54730152521e-10	6.33479846357e-09
9.55923565212e-10	-9.90635434794e-10
9.57116977902e-10	-7.96565846617e-09
9.58310390593e-10	-1.2557949014e-08
9.59503803283e-10	-1.34375741645e-08
9.60697215974e-10	-1.03621969894e-08
9.61890628665e-10	-4.23090917856e-09
9.63084041355e-10	3.16654935606e-09
9.64277454046e-10	9.68075353214e-09
9.65470866737e-10	1.3414861999e-08
9.66664279427e-10	1.3279892741e-08
9.67857692118e-10	9.31399712911e-09
9.69051104809e-10	2.66324590159e-09
9.70244517499e-10	-4.74022537889e-09
9.7143793019e-10	-1.07578654873e-08
9.72631342881e-10	-1.36542942508e-08
9.73824755571e-10	-1.26100013764e-08
9.75018168262e-10	-7.94687926575e-09
9.76211580953e-10	-1.02638662847e-09
9.77404993643e-10	6.14657447162e-09
9.78598406334e-10	1.15124203504e-08
9.79791819025e-10	1.35404983892e-08
9.80985231715e-10	1.1674343825e-08
9.82178644406e-10	6.48077147503e-09
9.83372057096e-10	-5.14784069539e-10
9.84565469787e-10	-7.27191945549e-09
9.85758882478e-10	-1.18329435139e-08
9.86952295168e-10	-1.2888405343e-08
9.88145707859e-10	-1.01598693902e-08
9.8933912055e-10	-4.47537917836e-09
9.9053253324e-10	2.48391382462e-09
9.91725945931e-10	8.67898741763e-09
9.92919358622e-10	1.23150021292e-08
9.94112771312e-10	1.23612365899e-08
9.95306184003e-10	8.83618189729e-09
9.96499596694e-10	2.79735637432e-09
9.97693009384e-10	-3.98340932461e-09
9.98886422075e-10	-9.53447776286e-09
1.00007983477e-09	-1.22513339473e-08
1.00127324746e-09	-1.13663776169e-08
1.00246666015e-09	-7.15173903432e-09
1.00366007284e-09	-8.5326382071e-10
1.00485348553e-09	5.68681296498e-09
1.00604689822e-09	1.05593014332e-08
1.00724031091e-09	1.23462267076e-08
1.0084337236e-09	1.05382990112e-08
1.00962713629e-09	5.67249563987e-09
1.01082054898e-09	-8.19057800749e-10
1.01201396167e-09	-7.03780633771e-09
1.01320737436e-09	-1.11710075634e-08
1.01440078705e-09	-1.20181181673e-08
1.01559419974e-09	-9.33680877058e-09
1.01678761243e-09	-3.90994758792e-09
1.01798102513e-09	2.68766717215e-09
1.01917443782e-09	8.54098503034e-09
1.02036785051e-09	1.19578956737e-08
1.0215612632e-09	1.19502618912e-08
1.02275467589e-09	8.52656756312e-09
1.02394808858e-09	2.68431438188e-09
1.02514150127e-09	-3.8808628533e-09
1.02633491396e-09	-9.26821530634e-09
1.02752832665e-09	-1.19300868073e-08
1.02872173934e-09	-1.11151982063e-08
1.02991515203e-09	-7.08613173694e-09
1.03110856472e-09	-1.03309182042e-09
1.03230197741e-09	5.27910865022e-09
1.0334953901e-09	1.00243595647e-08
1.03468880279e-09	1.18483992617e-08
1.03588221549e-09	1.02508738165e-08
1.03707562818e-09	5.72600789006e-09
1.03826904087e-09	-3.89106760701e-10
1.03946245356e-09	-6.30769786403e-09
1.04065586625e-09	-1.03104161875e-08
1.04184927894e-09	-1.12467828384e-08
1.04304269163e-09	-8.8624076966e-09
1.04423610432e-09	-3.87206952612e-09
1.04542951701e-09	2.25559676492e-09
1.0466229297e-09	7.72838071317e-09
1.04781634239e-09	1.09564152195e-08
1.04900975508e-09	1.10100238926e-08
1.05020316777e-09	7.89315679484e-09
1.05139658046e-09	2.52715182114e-09
1.05258999315e-09	-3.51363593776e-09
1.05378340584e-09	-8.47136372162e-09
1.05497681854e-09	-1.09104401069e-08
1.05617023123e-09	-1.01315241752e-08
1.05736364392e-09	-6.37724001384e-09
1.05855705661e-09	-7.47198067308e-10
1.0597504693e-09	5.10916775553e-09
1.06094388199e-09	9.48846345938e-09
1.06213729468e-09	1.11154053739e-08
1.06333070737e-09	9.52245693409e-09
1.06452412006e-09	5.18106513248e-09
1.06571753275e-09	-6.38944695763e-10
1.06691094544e-09	-6.23791723831e-09
1.06810435813e-09	-9.9887395022e-09
1.06929777082e-09	-1.08049501568e-08
1.07049118351e-09	-8.45714698272e-09
1.0716845962e-09	-3.63455796015e-09
1.0728780089e-09	2.26092633504e-09
1.07407142159e-09	7.522209855e-09
1.07526483428e-09	1.0635513692e-08
1.07645824697e-09	1.07126182369e-08
1.07765165966e-09	7.74950853488e-09
1.07884507235e-09	2.61835525484e-09
1.08003848504e-09	-3.18554740919e-09
1.08123189773e-09	-7.98122712364e-09
1.08242531042e-09	-1.03925738015e-08
1.08361872311e-09	-9.74046177049e-09
1.0848121358e-09	-6.24201884625e-09
1.08600554849e-09	-9.3447940358e-10
1.08719896118e-09	4.62524307743e-09
1.08839237387e-09	8.82111139688e-09
1.08958578656e-09	1.04432339443e-08
1.09077919926e-09	9.03825581045e-09
1.09197261195e-09	5.03241065486e-09
1.09316602464e-09	-3.92686119732e-10
1.09435943733e-09	-5.65208979619e-09
1.09555285002e-09	-9.21430809431e-09
1.09674626271e-09	-1.00489215837e-08
1.0979396754e-09	-7.92227716762e-09
1.09913308809e-09	-3.46343276281e-09
1.10032650078e-09	2.02242136926e-09
1.10151991347e-09	6.93697788101e-09
1.10271332616e-09	9.85400172571e-09
1.10390673885e-09	9.93513438186e-09
1.10510015154e-09	7.16937453848e-09
1.10629356423e-09	2.37437558503e-09
1.10748697692e-09	-3.0489520908e-09
1.10868038961e-09	-7.52000567372e-09
1.10987380231e-09	-9.74552316624e-09
1.111067215e-09	-9.08414998779e-09
1.11226062769e-09	-5.74002712028e-09
1.11345404038e-09	-6.93411217334e-10
1.11464745307e-09	4.58287829908e-09
1.11584086576e-09	8.55118587051e-09
1.11703427845e-09	1.00618395837e-08
1.11822769114e-09	8.67821159378e-09
1.11942110383e-09	4.81006467989e-09
1.12061451652e-09	-4.14672449156e-10
1.12180792921e-09	-5.47926864991e-09
1.1230013419e-09	-8.91743923148e-09
1.12419475459e-09	-9.74412384114e-09
1.12538816728e-09	-7.73126695996e-09
1.12658157997e-09	-3.47569539816e-09
1.12777499267e-09	1.7820922793e-09
1.12896840536e-09	6.51877712921e-09
1.13016181805e-09	9.36996114032e-09
1.13135523074e-09	9.52617584815e-09
1.13254864343e-09	6.96046270621e-09
1.13374205612e-09	2.43878833794e-09
1.13493546881e-09	-2.71515152028e-09
1.1361288815e-09	-6.99641755642e-09
1.13732229419e-09	-9.16783071681e-09
1.13851570688e-09	-8.60881532727e-09
1.13970911957e-09	-5.49959700002e-09
1.14090253226e-09	-7.60054214011e-10
1.14209594495e-09	4.22128071387e-09
1.14328935764e-09	7.99157362508e-09
1.14448277033e-09	9.45811950981e-09
1.14567618303e-09	8.20146162095e-09
1.14686959572e-09	4.59607502057e-09
1.14806300841e-09	-3.03424931014e-10
1.1492564211e-09	-5.07034780828e-09
1.15044983379e-09	-8.32103896897e-09
1.15164324648e-09	-9.11589959074e-09
1.15283665917e-09	-7.23398363434e-09
1.15403007186e-09	-3.23065352248e-09
1.15522348455e-09	1.72091055295e-09
1.15641689724e-09	6.17861461993e-09
1.15761030993e-09	8.84739836948e-09
1.15880372262e-09	8.96006946416e-09
1.15999713531e-09	6.49413861575e-09
1.161190548e-09	2.17885423592e-09
1.16238396069e-09	-2.7238768463e-09
1.16357737338e-09	-6.78573153223e-09
1.16477078608e-09	-8.82886508347e-09
1.16596419877e-09	-8.2657735101e-09
1.16715761146e-09	-5.26577947912e-09
1.16835102415e-09	-7.0584608991e-10
1.16954443684e-09	4.08971539967e-09
1.17073784953e-09	7.72994762643e-09
1.17193126222e-09	9.16488340774e-09
1.17312467491e-09	7.98666655033e-09
1.1743180876e-09	4.5467702936e-09
1.17551150029e-09	-1.49120792103e-10
1.17670491298e-09	-4.73629135911e-09
1.17789832567e-09	-7.88909093608e-09
1.17909173836e-09	-8.70559768718e-09
1.18028515105e-09	-6.96783430953e-09
1.18147856374e-09	-3.19757453848e-09
1.18267197644e-09	1.49519777115e-09
1.18386538913e-09	5.74399133813e-09
1.18505880182e-09	8.31605118101e-09
1.18625221451e-09	8.47608183641e-09
1.1874456272e-09	6.18926410123e-09
1.18863903989e-09	2.13385306647e-09
1.18983245258e-09	-2.50096457433e-09
1.19102586527e-09	-6.36312030844e-09
1.19221927796e-09	-8.32791902106e-09
1.19341269065e-09	-7.82955922318e-09
1.19460610334e-09	-5.01824726218e-09
1.19579951603e-09	-7.20484560901e-10
1.19699292872e-09	3.8112832057e-09
1.19818634141e-09	7.25800414214e-09
1.1993797541e-09	8.62449311967e-09
1.20057316679e-09	7.52154083461e-09
1.20176657949e-09	4.27922286494e-09
1.20295999218e-09	-1.53425758209e-10
1.20415340487e-09	-4.48674442044e-09
1.20534681756e-09	-7.46427430975e-09
1.20654023025e-09	-8.22776013987e-09
1.20773364294e-09	-6.56417903366e-09
1.20892705563e-09	-2.96544935829e-09
1.21012046832e-09	1.51478739274e-09
1.21131388101e-09	5.57048013272e-09
1.2125072937e-09	8.02213750983e-09
1.21370070639e-09	8.16051393127e-09
1.21489411908e-09	5.95194155073e-09
1.21608753177e-09	2.04386899072e-09
1.21728094446e-09	-2.42343850543e-09
1.21847435715e-09	-6.15375073121e-09
1.21966776985e-09	-8.06859401514e-09
1.22086118254e-09	-7.62163260282e-09
1.22205459523e-09	-4.9515238576e-09
1.22324800792e-09	-8.40703028027e-10
1.22444142061e-09	3.51684417699e-09
1.2256348333e-09	6.86001244699e-09
1.22682824599e-09	8.22945678269e-09
1.22802165868e-09	7.23988857754e-09
1.22921507137e-09	4.19351031677e-09
1.23040848406e-09	-1.37577449433e-11
1.23160189675e-09	-4.15290540845e-09
1.23279530944e-09	-7.02149594023e-09
1.23398872213e-09	-7.79308617638e-09
1.23518213482e-09	-6.2549161961e-09
1.23637554751e-09	-2.86755150181e-09
1.23756896021e-09	1.37298118708e-09
1.2387623729e-09	5.22683296644e-09
1.23995578559e-09	7.57381896088e-09
1.24114919828e-09	7.73367259121e-09
1.24234261097e-09	5.66725333329e-09
1.24353602366e-09	1.9795052264e-09
1.24472943635e-09	-2.25339233384e-09
1.24592284904e-09	-5.80182124565e-09
1.24711626173e-09	-7.63677310278e-09
1.24830967442e-09	-7.23055221252e-09
1.24950308711e-09	-4.70663275021e-09
1.2506964998e-09	-8.05055064279e-10
1.25188991249e-09	3.33756516868e-09
1.25308332518e-09	6.51701748122e-09
1.25427673787e-09	7.81346559675e-09
1.25547015056e-09	6.85863305039e-09
1.25666356326e-09	3.93859722614e-09
1.25785697595e-09	-8.89292389727e-11
1.25905038864e-09	-4.04956940203e-09
1.26024380133e-09	-6.7923471847e-09
1.26143721402e-09	-7.52411832838e-09
1.26263062671e-09	-6.03966254786e-09
1.2638240394e-09	-2.7761065946e-09
1.26501745209e-09	1.31404087611e-09
1.26621086478e-09	5.04196601137e-09
1.26740427747e-09	7.32835270245e-09
1.26859769016e-09	7.51423684386e-09
1.26979110285e-09	5.55345780473e-09
1.27098451554e-09	2.02071989697e-09
1.27217792823e-09	-2.05446482049e-09
1.27337134092e-09	-5.49187834098e-09
1.27456475362e-09	-7.29941940225e-09
1.27575816631e-09	-6.96575153114e-09
1.276951579e-09	-4.5993532316e-09
1.27814499169e-09	-9.00022237293e-10
1.27933840438e-09	3.05100958387e-09
1.28053181707e-09	6.10719236294e-09
1.28172522976e-09	7.38432032188e-09
1.28291864245e-09	6.52358123077e-09
1.28411205514e-09	3.78411368906e-09
1.28530546783e-09	-2.70372890743e-11
1.28649888052e-09	-3.79608064427e-09
1.28769229321e-09	-6.42561004405e-09
1.2888857059e-09	-7.15203429813e-09
1.29007911859e-09	-5.76930131446e-09
1.29127253128e-09	-2.68505329082e-09
1.29246594398e-09	1.19924403741e-09
1.29365935667e-09	4.75132838629e-09
1.29485276936e-09	6.93938312368e-09
1.29604618205e-09	7.13135384078e-09
1.29723959474e-09	5.27697779917e-09
1.29843300743e-09	1.92107763031e-09
1.29962642012e-09	-1.95828184224e-09
1.30081983281e-09	-5.23416016085e-09
1.3020132455e-09	-6.95864932343e-09
1.30320665819e-09	-6.63841448478e-09
1.30440007088e-09	-4.37420810684e-09
1.30559348357e-09	-8.31685602332e-10
1.30678689626e-09	2.95551555451e-09
1.30798030895e-09	5.88658044531e-09
1.30917372164e-09	7.11227821082e-09
1.31036713433e-09	6.28268831404e-09
1.31156054703e-09	3.64460550628e-09
1.31275395972e-09	-3.00111810403e-11
1.31394737241e-09	-3.67184985195e-09
1.3151407851e-09	-6.22482665413e-09
1.31633419779e-09	-6.9523778401e-09
1.31752761048e-09	-5.65019026011e-09
1.31872102317e-09	-2.70290745341e-09
1.31991443586e-09	1.0301073744e-09
1.32110784855e-09	4.46511294605e-09
1.32230126124e-09	6.61001819946e-09
1.32349467393e-09	6.85059092786e-09
1.32468808662e-09	5.12699943611e-09
1.32588149931e-09	1.94859373082e-09
1.327074912e-09	-1.75581307826e-09
1.32826832469e-09	-4.90929652486e-09
1.32946173739e-09	-6.60037763334e-09
1.33065515008e-09	-6.34487884454e-09
1.33184856277e-09	-4.2280330903e-09
1.33304197546e-09	-8.73256529588e-10
1.33423538815e-09	2.73566197473e-09
1.33542880084e-09	5.54769841177e-09
1.33662221353e-09	6.74588579441e-09
1.33781562622e-09	5.98595939483e-09
1.33900903891e-09	3.49605322469e-09
1.3402024516e-09	3.8459235796e-12
1.34139586429e-09	-3.4706085783e-09
1.34258927698e-09	-5.91893900559e-09
1.34378268967e-09	-6.63211618956e-09
1.34497610236e-09	-5.40736472265e-09
1.34616951505e-09	-2.6071323711e-09
1.34736292775e-09	9.53282855432e-10
1.34855634044e-09	4.23691021156e-09
1.34974975313e-09	6.2935013867e-09
1.35094316582e-09	6.52960246983e-09
1.35213657851e-09	4.88324336523e-09
1.3533299912e-09	1.83954707023e-09
1.35452340389e-09	-1.71411204675e-09
1.35571681658e-09	-4.74350975166e-09
1.35691022927e-09	-6.37154357053e-09
1.35810364196e-09	-6.13076550637e-09
1.35929705465e-09	-4.09834255422e-09
1.36049046734e-09	-8.70557056998e-10
1.36168388003e-09	2.61142749092e-09
