% time-domain voltage integration by openEMS v0.37.0-rc1-2-g7b051bb @Fri Aug  7 00:14:26 2026
% start-coordinates: (0.00170044,0.00595871,0.0144461) m -> [74,157,223]
% stop-coordinates: (0.00196635,0.00595871,0.0144461) m -> [79,157,223]
% t/s	voltage
0	0
1.20393341339e-12	0
2.40786682678e-12	0
3.61180024017e-12	0
4.81573365356e-12	0
6.01966706696e-12	0
7.22360048035e-12	0
8.42753389374e-12	0
9.63146730713e-12	0
1.08354007205e-11	0
1.20393341339e-11	0
1.32432675473e-11	0
1.44472009607e-11	0
1.56511343741e-11	0
1.68550677875e-11	0
1.80590012009e-11	0
1.92629346143e-11	0
2.04668680276e-11	0
2.1670801441e-11	0
2.28747348544e-11	0
2.40786682678e-11	0
2.52826016812e-11	0
2.64865350946e-11	0
2.7690468508e-11	0
2.88944019214e-11	0
3.00983353348e-11	0
3.13022687482e-11	0
3.25062021616e-11	0
3.37101355749e-11	0
3.49140689883e-11	0
3.61180024017e-11	0
3.73219358151e-11	0
3.85258692285e-11	0
3.97298026419e-11	0
4.09337360553e-11	0
4.21376694687e-11	0
4.33416028821e-11	0
4.45455362955e-11	0
4.57494697089e-11	0
4.69534031223e-11	0
4.81573365356e-11	0
4.9361269949e-11	0
5.05652033624e-11	0
5.17691367758e-11	0
5.29730701892e-11	0
5.41770036026e-11	0
5.5380937016e-11	0
5.65848704294e-11	0
5.77888038428e-11	0
5.89927372562e-11	0
6.01966706696e-11	0
6.14006040829e-11	0
6.26045374963e-11	0
6.38084709097e-11	0
6.50124043231e-11	0
6.62163377365e-11	0
6.74202711499e-11	0
6.86242045633e-11	0
6.98281379767e-11	0
7.10320713901e-11	0
7.22360048035e-11	0
7.34399382169e-11	0
7.46438716302e-11	0
7.58478050436e-11	0
7.7051738457e-11	0
7.82556718704e-11	0
7.94596052838e-11	0
8.06635386972e-11	0
8.18674721106e-11	0
8.3071405524e-11	0
8.42753389374e-11	3.66810549835e-34
8.54792723508e-11	1.66273916533e-32
8.66832057642e-11	5.92926468173e-31
8.78871391775e-11	1.75255981847e-29
8.90910725909e-11	4.27607376464e-28
9.02950060043e-11	8.5251874471e-27
9.14989394177e-11	1.35893182386e-25
9.27028728311e-11	1.64293750847e-24
9.39068062445e-11	1.26139499694e-23
9.51107396579e-11	-6.83106961685e-24
9.63146730713e-11	-2.13226462206e-21
9.75186064847e-11	-4.1990498207e-20
9.87225398981e-11	-5.43682229059e-19
9.99264733115e-11	-5.44656355722e-18
1.01130406725e-10	-4.45385801398e-17
1.02334340138e-10	-3.04902439852e-16
1.03538273552e-10	-1.7730111122e-15
1.04742206965e-10	-8.84106859378e-15
1.05946140378e-10	-3.80540219934e-14
1.07150073792e-10	-1.42009422274e-13
1.08354007205e-10	-4.60401289033e-13
1.09557940619e-10	-1.29452146973e-12
1.10761874032e-10	-3.1278797098e-12
1.11965807445e-10	-6.32208055438e-12
1.13169740859e-10	-9.84353473298e-12
1.14373674272e-10	-7.82583313473e-12
1.15577607686e-10	1.77826744215e-11
1.16781541099e-10	1.10307414244e-10
1.17985474512e-10	3.57637437026e-10
1.19189407926e-10	9.14000750085e-10
1.20393341339e-10	2.01207422945e-09
1.21597274752e-10	3.94044458174e-09
1.22801208166e-10	6.94762875009e-09
1.24005141579e-10	1.10276834331e-08
1.25209074993e-10	1.55563266713e-08
1.26413008406e-10	1.87927633455e-08
1.27616941819e-10	1.73496077505e-08
1.28820875233e-10	5.85953352505e-09
1.30024808646e-10	-2.27986813872e-08
1.3122874206e-10	-7.62883445304e-08
1.32432675473e-10	-1.60304454155e-07
1.33636608886e-10	-2.74815977974e-07
1.348405423e-10	-4.09715518401e-07
1.36044475713e-10	-5.41258209807e-07
1.37248409127e-10	-6.31263219475e-07
1.3845234254e-10	-6.31094003722e-07
1.39656275953e-10	-4.91542166969e-07
1.40860209367e-10	-1.77849694083e-07
1.4206414278e-10	3.13361741888e-07
1.43268076194e-10	9.40662530979e-07
1.44472009607e-10	1.61408361521e-06
1.4567594302e-10	2.20572698595e-06
1.46879876434e-10	2.57532468595e-06
1.48083809847e-10	2.60588430478e-06
1.4928774326e-10	2.23961109214e-06
1.50491676674e-10	1.50216988004e-06
1.51695610087e-10	5.05510136861e-07
1.52899543501e-10	-5.7417789634e-07
1.54103476914e-10	-1.53836329275e-06
1.55307410327e-10	-2.21573250769e-06
1.56511343741e-10	-2.50421015835e-06
1.57715277154e-10	-2.39288135617e-06
1.58919210568e-10	-1.95842687845e-06
1.60123143981e-10	-1.33922961254e-06
1.61327077394e-10	-6.96704042014e-07
1.62531010808e-10	-1.75671010183e-07
1.63734944221e-10	1.26422634139e-07
1.64938877635e-10	1.76069152147e-07
1.66142811048e-10	4.91866281038e-09
1.67346744461e-10	-3.02760145843e-07
1.68550677875e-10	-6.33402436279e-07
1.69754611288e-10	-8.73971586657e-07
1.70958544702e-10	-9.42242706969e-07
1.72162478115e-10	-8.09780068778e-07
1.73366411528e-10	-5.09904694468e-07
1.74570344942e-10	-1.26340580664e-07
1.75774278355e-10	2.34989681047e-07
1.76978211768e-10	4.81381349005e-07
1.78182145182e-10	5.62480899191e-07
1.79386078595e-10	4.81779849792e-07
1.80590012009e-10	2.87031177493e-07
1.81793945422e-10	4.6120705921e-08
1.82997878835e-10	-1.78792861405e-07
1.84201812249e-10	-3.46727464517e-07
1.85405745662e-10	-4.38216751775e-07
1.86609679076e-10	-4.45334020327e-07
1.87813612489e-10	-3.61792970693e-07
1.89017545902e-10	-1.81975860158e-07
1.90221479316e-10	8.96588687738e-08
1.91425412729e-10	4.25627675327e-07
1.92629346143e-10	7.69333858841e-07
1.93833279556e-10	1.04297828329e-06
1.95037212969e-10	1.16893683355e-06
1.96241146383e-10	1.09653903735e-06
1.97445079796e-10	8.23001798267e-07
1.9864901321e-10	3.99690971875e-07
1.99852946623e-10	-7.90391547767e-08
2.01056880036e-10	-5.01087193072e-07
2.0226081345e-10	-7.68290753683e-07
2.03464746863e-10	-8.25147758121e-07
2.04668680276e-10	-6.75842713349e-07
2.0587261369e-10	-3.83487211764e-07
2.07076547103e-10	-5.0279779451e-08
2.08280480517e-10	2.16148707821e-07
2.0948441393e-10	3.39040511221e-07
2.10688347343e-10	2.98078180805e-07
2.11892280757e-10	1.34041957978e-07
2.1309621417e-10	-6.95752495616e-08
2.14300147584e-10	-2.20638570525e-07
2.15504080997e-10	-2.54257020771e-07
2.1670801441e-10	-1.56405230101e-07
2.17911947824e-10	3.30491780609e-08
2.19115881237e-10	2.37882609611e-07
2.20319814651e-10	3.75739016789e-07
2.21523748064e-10	3.8902072319e-07
2.22727681477e-10	2.65330736937e-07
2.23931614891e-10	4.07841560524e-08
2.25135548304e-10	-2.14042449542e-07
2.26339481718e-10	-4.19458608292e-07
2.27543415131e-10	-5.13551285053e-07
2.28747348544e-10	-4.70805357367e-07
2.29951281958e-10	-3.06498861846e-07
2.31155215371e-10	-6.70089068677e-08
2.32359148784e-10	1.8852409589e-07
2.33563082198e-10	4.0703486448e-07
2.34767015611e-10	5.53942250292e-07
2.35970949025e-10	6.16583633928e-07
2.37174882438e-10	6.00532409578e-07
2.38378815851e-10	5.22767230393e-07
2.39582749265e-10	4.05503641332e-07
2.40786682678e-10	2.71981932087e-07
2.41990616092e-10	1.43356908566e-07
2.43194549505e-10	3.58289038438e-08
2.44398482918e-10	-4.22695176638e-08
2.45602416332e-10	-9.22916889579e-08
2.46806349745e-10	-1.23951300779e-07
2.48010283159e-10	-1.50467801774e-07
2.49214216572e-10	-1.81665416932e-07
2.50418149985e-10	-2.17942078606e-07
2.51622083399e-10	-2.48364699473e-07
2.52826016812e-10	-2.54445517101e-07
2.54029950226e-10	-2.18584260026e-07
2.55233883639e-10	-1.33633122346e-07
2.56437817052e-10	-9.29566579266e-09
2.57641750466e-10	1.27713972731e-07
2.58845683879e-10	2.40604361323e-07
2.60049617292e-10	2.94330313011e-07
2.61253550706e-10	2.67955233113e-07
2.62457484119e-10	1.630744908e-07
2.63661417533e-10	4.86503748398e-09
2.64865350946e-10	-1.65112318484e-07
2.66069284359e-10	-3.01851990514e-07
2.67273217773e-10	-3.71108328068e-07
2.68477151186e-10	-3.59922623261e-07
2.696810846e-10	-2.79685760773e-07
2.70885018013e-10	-1.61013430144e-07
2.72088951426e-10	-4.2562704472e-08
2.7329288484e-10	4.19880725744e-08
2.74496818253e-10	7.38995762362e-08
2.75700751667e-10	5.33457251706e-08
2.7690468508e-10	-3.25717519623e-09
2.78108618493e-10	-7.05740550444e-08
2.79312551907e-10	-1.22739402642e-07
2.8051648532e-10	-1.40013375116e-07
2.81720418734e-10	-1.12115815298e-07
2.82924352147e-10	-3.8391658741e-08
2.8412828556e-10	7.36378726884e-08
2.85332218974e-10	2.10046994908e-07
2.86536152387e-10	3.51950895094e-07
2.877400858e-10	4.76822641815e-07
2.88944019214e-10	5.60378424552e-07
2.90147952627e-10	5.79705883297e-07
2.91351886041e-10	5.18092548418e-07
2.92555819454e-10	3.70728962196e-07
2.93759752867e-10	1.49455104292e-07
2.94963686281e-10	-1.1556261903e-07
2.96167619694e-10	-3.79316876575e-07
2.97371553108e-10	-5.91162844898e-07
2.98575486521e-10	-7.07543350131e-07
2.99779419934e-10	-7.04352650871e-07
3.00983353348e-10	-5.84584583407e-07
3.02187286761e-10	-3.78101624676e-07
3.03391220175e-10	-1.33546748771e-07
3.04595153588e-10	9.4738072498e-08
3.05799087001e-10	2.60434408261e-07
3.07003020415e-10	3.35689975373e-07
3.08206953828e-10	3.16047550797e-07
3.09410887242e-10	2.19455904116e-07
3.10614820655e-10	8.05134199311e-08
3.11818754068e-10	-5.85634554184e-08
3.13022687482e-10	-1.58514412263e-07
3.14226620895e-10	-1.92749544325e-07
3.15430554308e-10	-1.53890201915e-07
3.16634487722e-10	-5.51182850472e-08
3.17838421135e-10	7.42320116487e-08
3.19042354549e-10	1.97394676604e-07
3.20246287962e-10	2.80497108207e-07
3.21450221375e-10	3.01315829176e-07
3.22654154789e-10	2.54301173896e-07
3.23858088202e-10	1.5113209173e-07
3.25062021616e-10	1.71945531147e-08
3.26265955029e-10	-1.14744590718e-07
3.27469888442e-10	-2.12406089162e-07
3.28673821856e-10	-2.5204449372e-07
3.29877755269e-10	-2.24913332403e-07
3.31081688683e-10	-1.40158968875e-07
3.32285622096e-10	-2.27341119263e-08
3.33489555509e-10	9.34515265172e-08
3.34693488923e-10	1.75386546175e-07
3.35897422336e-10	2.00457607846e-07
3.37101355749e-10	1.62217421718e-07
3.38305289163e-10	7.10177276986e-08
3.39509222576e-10	-5.01124213237e-08
3.4071315599e-10	-1.72339245097e-07
3.41917089403e-10	-2.67899181949e-07
3.43121022816e-10	-3.1541987866e-07
3.4432495623e-10	-3.03317271744e-07
3.45528889643e-10	-2.31357276448e-07
3.46732823057e-10	-1.10846657186e-07
3.4793675647e-10	3.66208565694e-08
3.49140689883e-10	1.82568347995e-07
3.50344623297e-10	2.97180630326e-07
3.5154855671e-10	3.56131732104e-07
3.52752490124e-10	3.46920302263e-07
3.53956423537e-10	2.7253522461e-07
3.5516035695e-10	1.51161422934e-07
3.56364290364e-10	1.16773881675e-08
3.57568223777e-10	-1.13598295215e-07
3.58772157191e-10	-1.96646661621e-07
3.59976090604e-10	-2.20288745467e-07
3.61180024017e-10	-1.82025242879e-07
3.62383957431e-10	-9.43504216977e-08
3.63587890844e-10	1.82450734521e-08
3.64791824257e-10	1.25082493696e-07
3.65995757671e-10	1.9698638809e-07
3.67199691084e-10	2.14005202892e-07
3.68403624498e-10	1.71056870002e-07
3.69607557911e-10	7.96928585345e-08
3.70811491324e-10	-3.4843867347e-08
3.72015424738e-10	-1.40518407576e-07
3.73219358151e-10	-2.07447888201e-07
3.74423291565e-10	-2.16273006615e-07
3.75627224978e-10	-1.63591144187e-07
3.76831158391e-10	-6.32232062259e-08
3.78035091805e-10	5.72080227634e-08
3.79239025218e-10	1.63726912916e-07
3.80442958632e-10	2.25451783464e-07
3.81646892045e-10	2.23622100393e-07
3.82850825458e-10	1.57343949425e-07
3.84054758872e-10	4.39098974958e-08
3.85258692285e-10	-8.63631353099e-08
3.86462625699e-10	-1.99189756245e-07
3.87666559112e-10	-2.66252026648e-07
3.88870492525e-10	-2.72677915802e-07
3.90074425939e-10	-2.20188233868e-07
3.91278359352e-10	-1.25475960289e-07
3.92482292765e-10	-1.48440120196e-08
3.93686226179e-10	8.29925879131e-08
3.94890159592e-10	1.44200486218e-07
3.96094093006e-10	1.55471504115e-07
3.97298026419e-10	1.16784997672e-07
3.98501959832e-10	4.07592501972e-08
3.99705893246e-10	-5.1297621706e-08
4.00909826659e-10	-1.35472127738e-07
4.02113760073e-10	-1.91617415268e-07
4.03317693486e-10	-2.08087616471e-07
4.04521626899e-10	-1.83526664088e-07
4.05725560313e-10	-1.25797335215e-07
4.06929493726e-10	-4.89103686441e-08
4.0813342714e-10	3.07001815081e-08
4.09337360553e-10	9.75273053427e-08
4.10541293966e-10	1.39663463017e-07
4.1174522738e-10	1.50745506744e-07
4.12949160793e-10	1.31070954978e-07
4.14153094207e-10	8.75325989469e-08
4.1535702762e-10	3.20516755359e-08
4.16560961033e-10	-2.13246043046e-08
4.17764894447e-10	-5.99915113142e-08
4.1896882786e-10	-7.59713119081e-08
4.20172761273e-10	-6.7649172486e-08
4.21376694687e-10	-3.96610433384e-08
4.225806281e-10	-1.38245837e-09
4.23784561514e-10	3.54109577216e-08
4.24988494927e-10	5.92467301885e-08
4.2619242834e-10	6.17357622801e-08
4.27396361754e-10	4.0220974995e-08
4.28600295167e-10	-5.82575820918e-10
4.29804228581e-10	-4.87990483578e-08
4.31008161994e-10	-8.81753692283e-08
4.32212095407e-10	-1.03186870604e-07
4.33416028821e-10	-8.46374845764e-08
4.34619962234e-10	-3.35580985222e-08
4.35823895648e-10	3.83712657204e-08
4.37027829061e-10	1.12374873851e-07
4.38231762474e-10	1.68588121241e-07
4.39435695888e-10	1.92071009764e-07
4.40639629301e-10	1.76740325486e-07
4.41843562715e-10	1.26157699398e-07
4.43047496128e-10	5.15398554946e-08
4.44251429541e-10	-3.1721493654e-08
4.45455362955e-10	-1.0780373394e-07
4.46659296368e-10	-1.63576848067e-07
4.47863229781e-10	-1.90764803065e-07
4.49067163195e-10	-1.87135917429e-07
4.50271096608e-10	-1.56407956808e-07
4.51475030022e-10	-1.068651585e-07
4.52678963435e-10	-4.89246776425e-08
4.53882896848e-10	7.76364128541e-09
4.55086830262e-10	5.65911615347e-08
4.56290763675e-10	9.47216092229e-08
4.57494697089e-10	1.22116912138e-07
4.58698630502e-10	1.39649754871e-07
4.59902563915e-10	1.47353651059e-07
4.61106497329e-10	1.43832018296e-07
4.62310430742e-10	1.2725517351e-07
4.63514364156e-10	9.71632498903e-08
4.64718297569e-10	5.6091742362e-08
4.65922230982e-10	1.00400293634e-08
4.67126164396e-10	-3.26768492265e-08
4.68330097809e-10	-6.37173505069e-08
4.69534031223e-10	-7.73174235746e-08
4.70737964636e-10	-7.21131829806e-08
4.71941898049e-10	-5.1542018209e-08
4.73145831463e-10	-2.26691103666e-08
4.74349764876e-10	6.23444573744e-09
4.75553698289e-10	2.83703736059e-08
4.76757631703e-10	4.04056414993e-08
4.77961565116e-10	4.29760924625e-08
4.7916549853e-10	3.95794286234e-08
4.80369431943e-10	3.45625847942e-08
4.81573365356e-10	3.10763046407e-08
4.8277729877e-10	2.99597902043e-08
4.83981232183e-10	2.98643592078e-08
4.85185165597e-10	2.83548815538e-08
4.8638909901e-10	2.33234114244e-08
4.87593032423e-10	1.39426916679e-08
4.88796965837e-10	9.26158996717e-10
4.9000089925e-10	-1.38660900539e-08
4.91204832664e-10	-2.81694094717e-08
4.92408766077e-10	-3.99701192144e-08
4.9361269949e-10	-4.79299879785e-08
4.94816632904e-10	-5.15735658624e-08
4.96020566317e-10	-5.11870701381e-08
4.97224499731e-10	-4.75145691681e-08
4.98428433144e-10	-4.14273930716e-08
4.99632366557e-10	-3.35950320896e-08
5.00836299971e-10	-2.428720558e-08
5.02040233384e-10	-1.34050590628e-08
5.03244166797e-10	-7.23786572343e-10
5.04448100211e-10	1.36803123274e-08
5.05652033624e-10	2.90936594816e-08
5.06855967038e-10	4.39867071655e-08
5.08059900451e-10	5.60543464978e-08
5.09263833864e-10	6.2574953219e-08
5.10467767278e-10	6.10037274029e-08
5.11671700691e-10	4.97481127404e-08
5.12875634105e-10	2.89561716826e-08
5.14079567518e-10	1.1145435963e-09
5.15283500931e-10	-2.89296746558e-08
5.16487434345e-10	-5.474752518e-08
5.17691367758e-10	-6.9803498981e-08
5.18895301172e-10	-6.93301469568e-08
5.20099234585e-10	-5.19652356701e-08
5.21303167998e-10	-2.05200145764e-08
5.22507101412e-10	1.8456495221e-08
5.23711034825e-10	5.63138282672e-08
5.24914968239e-10	8.45771106484e-08
5.26118901652e-10	9.72138014532e-08
5.27322835065e-10	9.22112333157e-08
5.28526768479e-10	7.20361281736e-08
5.29730701892e-10	4.28556656829e-08
5.30934635305e-10	1.27139863082e-08
5.32138568719e-10	-1.08062432336e-08
5.33342502132e-10	-2.28019945148e-08
5.34546435546e-10	-2.24415561689e-08
5.35750368959e-10	-1.30071852178e-08
5.36954302372e-10	-5.70053185212e-10
5.38158235786e-10	8.3171731724e-09
5.39362169199e-10	9.06016106583e-09
5.40566102613e-10	6.48421330518e-10
5.41770036026e-10	-1.41212422866e-08
5.42973969439e-10	-2.98692439671e-08
5.44177902853e-10	-4.07436018257e-08
5.45381836266e-10	-4.25476187615e-08
5.4658576968e-10	-3.40274355359e-08
5.47789703093e-10	-1.69448151066e-08
5.48993636506e-10	4.88191476133e-09
5.5019756992e-10	2.70258027069e-08
5.51401503333e-10	4.57493558592e-08
5.52605436746e-10	5.86604782526e-08
5.5380937016e-10	6.46512727798e-08
5.55013303573e-10	6.34578309899e-08
5.56217236987e-10	5.52189476366e-08
5.574211704e-10	4.03139157612e-08
5.58625103813e-10	1.96221476845e-08
5.59829037227e-10	-5.02947911096e-09
5.6103297064e-10	-3.0588220401e-08
5.62236904054e-10	-5.29309440722e-08
5.63440837467e-10	-6.76027491764e-08
5.6464477088e-10	-7.09537797405e-08
5.65848704294e-10	-6.12628694441e-08
5.67052637707e-10	-3.94574559692e-08
5.68256571121e-10	-9.14225961601e-09
5.69460504534e-10	2.41427320358e-08
5.70664437947e-10	5.41364117979e-08
5.71868371361e-10	7.52588089625e-08
5.73072304774e-10	8.38566114325e-08
5.74276238188e-10	7.8906113643e-08
5.75480171601e-10	6.21853555316e-08
5.76684105014e-10	3.78155906589e-08
5.77888038428e-10	1.12764076965e-08
5.79091971841e-10	-1.18237919455e-08
5.80295905254e-10	-2.70554840753e-08
5.81499838668e-10	-3.21574451512e-08
5.82703772081e-10	-2.74480005391e-08
5.83907705495e-10	-1.5609684656e-08
5.85111638908e-10	-8.48781961382e-10
5.86315572321e-10	1.22278744907e-08
5.87519505735e-10	1.97626932597e-08
5.88723439148e-10	1.9601725576e-08
5.89927372562e-10	1.17909455533e-08
5.91131305975e-10	-1.46312052751e-09
5.92335239388e-10	-1.63488107496e-08
5.93539172802e-10	-2.84619665614e-08
5.94743106215e-10	-3.40874488636e-08
5.95947039629e-10	-3.13095211979e-08
5.97150973042e-10	-2.06074797227e-08
5.98354906455e-10	-4.74696293384e-09
5.99558839869e-10	1.20515665225e-08
6.00762773282e-10	2.5352797195e-08
6.01966706696e-10	3.17179806864e-08
6.03170640109e-10	2.95476834111e-08
6.04374573522e-10	1.93913003432e-08
6.05578506936e-10	3.74853947882e-09
6.06782440349e-10	-1.3518793307e-08
6.07986373762e-10	-2.80785856788e-08
6.09190307176e-10	-3.61450473996e-08
6.10394240589e-10	-3.5389315034e-08
6.11598174003e-10	-2.5598383413e-08
6.12802107416e-10	-8.80009454196e-09
6.14006040829e-10	1.12733892221e-08
6.15209974243e-10	3.01278220149e-08
6.16413907656e-10	4.36419917982e-08
6.1761784107e-10	4.90365095196e-08
6.18821774483e-10	4.54057951238e-08
6.20025707896e-10	3.38023782298e-08
6.2122964131e-10	1.69168923314e-08
6.22433574723e-10	-1.52141645116e-09
6.23637508137e-10	-1.75416554615e-08
6.2484144155e-10	-2.78080494187e-08
6.26045374963e-10	-3.03876670493e-08
6.27249308377e-10	-2.52116774124e-08
6.2845324179e-10	-1.40499095691e-08
6.29657175204e-10	6.3981181464e-12
6.30861108617e-10	1.34233881788e-08
6.3206504203e-10	2.31382644156e-08
6.33268975444e-10	2.72123752421e-08
6.34472908857e-10	2.51088800862e-08
6.3567684227e-10	1.75604160102e-08
6.36880775684e-10	6.25080992522e-09
6.38084709097e-10	-6.61023213944e-09
6.39288642511e-10	-1.87254509676e-08
6.40492575924e-10	-2.80716694334e-08
6.41696509337e-10	-3.32292642291e-08
6.42900442751e-10	-3.35694303466e-08
6.44104376164e-10	-2.92294513038e-08
6.45308309578e-10	-2.09554400499e-08
6.46512242991e-10	-9.88477510955e-09
6.47716176404e-10	2.62685989627e-09
6.48920109818e-10	1.50761918505e-08
6.50124043231e-10	2.57945316218e-08
6.51327976645e-10	3.30806710913e-08
6.52531910058e-10	3.55503240179e-08
6.53735843471e-10	3.259894088e-08
6.54939776885e-10	2.48419165239e-08
6.56143710298e-10	1.41635133621e-08
6.57347643712e-10	3.28670635152e-09
6.58551577125e-10	-4.99536445542e-09
6.59755510538e-10	-8.68565697143e-09
6.60959443952e-10	-7.16981085613e-09
6.62163377365e-10	-1.33153178761e-09
6.63367310778e-10	6.76280448308e-09
6.64571244192e-10	1.44979239725e-08
6.65775177605e-10	1.94602471915e-08
6.66979111019e-10	2.00890755142e-08
6.68183044432e-10	1.61172382107e-08
6.69386977845e-10	8.6736403615e-09
6.70590911259e-10	-5.43979444823e-11
6.71794844672e-10	-7.51826867429e-09
6.72998778086e-10	-1.16916185622e-08
6.74202711499e-10	-1.18034297891e-08
6.75406644912e-10	-8.58494109135e-09
6.76610578326e-10	-3.94245092128e-09
6.77814511739e-10	-1.4282352731e-10
6.79018445153e-10	1.11382757184e-09
6.80222378566e-10	-6.46593500964e-10
6.81426311979e-10	-4.53308901527e-09
6.82630245393e-10	-8.65138816142e-09
6.83834178806e-10	-1.08106712471e-08
6.8503811222e-10	-9.30913179875e-09
6.86242045633e-10	-3.51593093528e-09
6.87445979046e-10	5.85076659343e-09
6.8864991246e-10	1.68276408363e-08
6.89853845873e-10	2.66949775618e-08
6.91057779286e-10	3.27077551709e-08
6.922617127e-10	3.29350116068e-08
6.93465646113e-10	2.68968594064e-08
6.94669579527e-10	1.57430493086e-08
6.9587351294e-10	1.93209442889e-09
6.97077446353e-10	-1.15494311892e-08
6.98281379767e-10	-2.21147471446e-08
6.9948531318e-10	-2.82675949315e-08
7.00689246594e-10	-2.98143123523e-08
7.01893180007e-10	-2.75890925661e-08
7.0309711342e-10	-2.28632357491e-08
7.04301046834e-10	-1.67429847764e-08
7.05504980247e-10	-9.82618608703e-09
7.06708913661e-10	-2.21104218268e-09
7.07912847074e-10	6.21051182703e-09
7.09116780487e-10	1.53324213326e-08
7.10320713901e-10	2.45000546517e-08
7.11524647314e-10	3.24247313443e-08
7.12728580728e-10	3.74390296543e-08
7.13932514141e-10	3.80292721758e-08
7.15136447554e-10	3.34614798092e-08
7.16340380968e-10	2.42360103098e-08
7.17544314381e-10	1.21510143059e-08
7.18748247794e-10	-1.23527688078e-10
7.19952181208e-10	-9.85648207497e-09
7.21156114621e-10	-1.51129120329e-08
7.22360048035e-10	-1.53461046093e-08
7.23563981448e-10	-1.1497061192e-08
7.24767914861e-10	-5.56028773024e-09
7.25971848275e-10	1.61691160461e-10
7.27175781688e-10	3.81324549714e-09
7.28379715102e-10	4.52247767013e-09
7.29583648515e-10	2.5640462531e-09
7.30787581928e-10	-8.38507041578e-10
7.31991515342e-10	-3.9660742468e-09
7.33195448755e-10	-5.18270221184e-09
7.34399382169e-10	-3.47691708757e-09
7.35603315582e-10	1.18169804497e-09
7.36807248995e-10	7.7805869525e-09
7.38011182409e-10	1.45572793819e-08
7.39215115822e-10	1.95573819362e-08
7.40419049236e-10	2.12732651494e-08
7.41622982649e-10	1.91615909806e-08
7.42826916062e-10	1.38221830648e-08
7.44030849476e-10	6.79861578146e-09
7.45234782889e-10	6.19426454573e-11
7.46438716302e-10	-4.63066057721e-09
7.47642649716e-10	-6.26843754681e-09
7.48846583129e-10	-4.87418733153e-09
7.50050516543e-10	-1.44460722551e-09
7.51254449956e-10	2.43232997632e-09
7.52458383369e-10	5.13333414665e-09
7.53662316783e-10	5.56319013079e-09
7.54866250196e-10	3.52875656473e-09
7.5607018361e-10	-2.09378694938e-10
7.57274117023e-10	-4.22553603219e-09
7.58478050436e-10	-6.97757107648e-09
7.5968198385e-10	-7.37019673069e-09
7.60885917263e-10	-5.13039360994e-09
7.62089850677e-10	-8.6139893829e-10
7.6329378409e-10	4.24552332179e-09
7.64497717503e-10	8.88881179772e-09
7.65701650917e-10	1.21102396999e-08
7.6690558433e-10	1.3552793221e-08
7.68109517743e-10	1.34355282455e-08
7.69313451157e-10	1.2309251729e-08
7.7051738457e-10	1.07327712273e-08
7.71721317984e-10	9.02225283372e-09
7.72925251397e-10	7.18997317239e-09
7.7412918481e-10	5.05790825889e-09
7.75333118224e-10	2.45492101647e-09
7.76537051637e-10	-5.99354808839e-10
7.77740985051e-10	-3.8256585122e-09
7.78944918464e-10	-6.77100453483e-09
7.80148851877e-10	-8.97815211065e-09
7.81352785291e-10	-1.01588656376e-08
7.82556718704e-10	-1.02899216925e-08
7.83760652118e-10	-9.59050683313e-09
7.84964585531e-10	-8.39254832297e-09
7.86168518944e-10	-6.97791957549e-09
7.87372452358e-10	-5.4654152315e-09
7.88576385771e-10	-3.77720160705e-09
7.89780319185e-10	-1.70088074181e-09
7.90984252598e-10	9.76806913133e-10
7.92188186011e-10	4.33943642131e-09
7.93392119425e-10	8.2368964982e-09
7.94596052838e-10	1.22554755233e-08
7.95799986251e-10	1.57732367168e-08
7.97003919665e-10	1.80847448128e-08
7.98207853078e-10	1.85802684349e-08
7.99411786492e-10	1.69294278596e-08
8.00615719905e-10	1.32122515151e-08
8.01819653318e-10	7.95047105928e-09
8.03023586732e-10	2.0213259122e-09
8.04227520145e-10	-3.53455376079e-09
8.05431453559e-10	-7.74103048329e-09
8.06635386972e-10	-9.88229564847e-09
8.07839320385e-10	-9.63785162789e-09
8.09043253799e-10	-7.11784398089e-09
8.10247187212e-10	-2.83269277479e-09
8.11451120626e-10	2.38021710675e-09
8.12655054039e-10	7.50223660972e-09
8.13858987452e-10	1.15070845075e-08
8.15062920866e-10	1.35816944358e-08
8.16266854279e-10	1.33430875238e-08
8.17470787693e-10	1.09581936858e-08
8.18674721106e-10	7.11691972022e-09
8.19878654519e-10	2.8379468775e-09
8.21082587933e-10	-8.36430619211e-10
8.22286521346e-10	-3.14483369901e-09
8.23490454759e-10	-3.79656833749e-09
8.24694388173e-10	-2.98829139211e-09
8.25898321586e-10	-1.26739700679e-09
8.27102255e-10	6.92789721424e-10
8.28306188413e-10	2.29977528687e-09
8.29510121826e-10	3.17554529894e-09
8.3071405524e-10	3.21131282677e-09
8.31917988653e-10	2.55285592665e-09
8.33121922067e-10	1.55118534684e-09
8.3432585548e-10	6.85384582422e-10
8.35529788893e-10	4.57272809895e-10
8.36733722307e-10	1.25763688352e-09
8.3793765572e-10	3.22302820543e-09
8.39141589134e-10	6.12363937336e-09
8.40345522547e-10	9.3485963415e-09
8.4154945596e-10	1.20059523434e-08
8.42753389374e-10	1.31345061494e-08
8.43957322787e-10	1.20005025916e-08
8.45161256201e-10	8.3635643966e-09
8.46365189614e-10	2.62497162895e-09
8.47569123027e-10	-4.19259144069e-09
8.48773056441e-10	-1.06773274666e-08
8.49976989854e-10	-1.53992769647e-08
8.51180923267e-10	-1.73115828339e-08
8.52384856681e-10	-1.60496314017e-08
8.53588790094e-10	-1.20148186955e-08
8.54792723508e-10	-6.21610563023e-09
8.55996656921e-10	7.9517420426e-11
8.57200590334e-10	5.73975755813e-09
8.58404523748e-10	1.00601567077e-08
8.59608457161e-10	1.28660826437e-08
8.60812390575e-10	1.44007460401e-08
8.62016323988e-10	1.50824832623e-08
8.63220257401e-10	1.52448274005e-08
8.64424190815e-10	1.49834455954e-08
8.65628124228e-10	1.41477316529e-08
8.66832057642e-10	1.24712301597e-08
8.68035991055e-10	9.76932412744e-09
8.69239924468e-10	6.09117928319e-09
8.70443857882e-10	1.77520953493e-09
8.71647791295e-10	-2.62158889042e-09
8.72851724709e-10	-6.48547132664e-09
8.74055658122e-10	-9.3189715944e-09
8.75259591535e-10	-1.08629490958e-08
8.76463524949e-10	-1.11143789727e-08
8.77667458362e-10	-1.02578090466e-08
8.78871391775e-10	-8.55216175655e-09
8.80075325189e-10	-6.21843659898e-09
8.81279258602e-10	-3.37869712763e-09
8.82483192016e-10	-6.619863685e-11
8.83687125429e-10	3.70411543105e-09
8.84891058842e-10	7.8426649619e-09
8.86094992256e-10	1.20880782051e-08
8.87298925669e-10	1.59670054956e-08
8.88502859083e-10	1.88318198813e-08
8.89706792496e-10	1.99778213972e-08
8.90910725909e-10	1.88429176706e-08
8.92114659323e-10	1.52189951752e-08
8.93318592736e-10	9.40043565212e-09
8.9452252615e-10	2.21846269133e-09
8.95726459563e-10	-5.09632730461e-09
8.96930392976e-10	-1.11891776955e-08
8.9813432639e-10	-1.49128300819e-08
8.99338259803e-10	-1.56365445036e-08
9.00542193217e-10	-1.34160874632e-08
9.0174612663e-10	-8.9707355988e-09
9.02950060043e-10	-3.47544823476e-09
9.04153993457e-10	1.78244591309e-09
9.0535792687e-10	5.76149700171e-09
9.06561860283e-10	7.93239429697e-09
9.07765793697e-10	8.37853608715e-09
9.0896972711e-10	7.68001873208e-09
9.10173660524e-10	6.65080607254e-09
9.11377593937e-10	6.02199201616e-09
9.1258152735e-10	6.17532330827e-09
9.13785460764e-10	7.02842994915e-09
9.14989394177e-10	8.1101488858e-09
9.16193327591e-10	8.77639128039e-09
9.17397261004e-10	8.46984460345e-09
9.18601194417e-10	6.93712215449e-09
9.19805127831e-10	4.31854235705e-09
9.21009061244e-10	1.08100081664e-09
9.22212994658e-10	-2.15157278105e-09
9.23416928071e-10	-4.80772521794e-09
9.24620861484e-10	-6.53746007329e-09
9.25824794898e-10	-7.27576787707e-09
9.27028728311e-10	-7.20006376742e-09
9.28232661725e-10	-6.59432225492e-09
9.29436595138e-10	-5.68879893192e-09
9.30640528551e-10	-4.55379473019e-09
9.31844461965e-10	-3.08133996096e-09
9.33048395378e-10	-1.07707111285e-09
9.34252328791e-10	1.57367643916e-09
9.35456262205e-10	4.76072187228e-09
9.36660195618e-10	8.09095634935e-09
9.37864129032e-10	1.09568443207e-08
9.39068062445e-10	1.27183712451e-08
9.40271995858e-10	1.29245537606e-08
9.41475929272e-10	1.14791610661e-08
9.42679862685e-10	8.68095628714e-09
9.43883796099e-10	5.13401104962e-09
9.45087729512e-10	1.56257859429e-09
9.46291662925e-10	-1.39392326848e-09
9.47495596339e-10	-3.33078958858e-09
9.48699529752e-10	-4.14426043482e-09
9.49903463166e-10	-4.00298566516e-09
9.51107396579e-10	-3.25431279147e-09
9.52311329992e-10	-2.29838301169e-09
9.53515263406e-10	-1.46169162885e-09
9.54719196819e-10	-9.11559348837e-10
9.55923130233e-10	-6.19966952775e-10
9.57127063646e-10	-3.90646653914e-10
9.58330997059e-10	4.81891436477e-11
9.59534930473e-10	9.21579743074e-10
9.60738863886e-10	2.29495925042e-09
9.61942797299e-10	4.01714667086e-09
9.63146730713e-10	5.74702535561e-09
9.64350664126e-10	7.0554260212e-09
9.6555459754e-10	7.5690814727e-09
9.66758530953e-10	7.1053442019e-09
9.67962464366e-10	5.73835218232e-09
9.6916639778e-10	3.77703662791e-09
9.70370331193e-10	1.66876359953e-09
9.71574264607e-10	-1.50470342783e-10
9.7277819802e-10	-1.39367928309e-09
9.73982131433e-10	-1.98457261735e-09
9.75186064847e-10	-2.0426786651e-09
9.7638999826e-10	-1.78365887338e-09
