% time-domain voltage integration by openEMS v0.37.0-rc1-2-g7b051bb @Tue Jul 14 00:16:42 2026
% start-coordinates: (0.00308805,0,-0.000889) m -> [95,43,13]
% stop-coordinates: (0.00336646,0,-0.000889) m -> [100,43,13]
% t/s	voltage
0	0
1.15462569568e-12	0
2.30925139136e-12	0
3.46387708705e-12	0
4.61850278273e-12	0
5.77312847841e-12	0
6.92775417409e-12	0
8.08237986977e-12	0
9.23700556545e-12	0
1.03916312611e-11	0
1.15462569568e-11	0
1.27008826525e-11	0
1.38555083482e-11	0
1.50101340439e-11	0
1.61647597395e-11	0
1.73193854352e-11	0
1.84740111309e-11	0
1.96286368266e-11	0
2.07832625223e-11	0
2.1937888218e-11	0
2.30925139136e-11	0
2.42471396093e-11	0
2.5401765305e-11	0
2.65563910007e-11	0
2.77110166964e-11	0
2.8865642392e-11	0
3.00202680877e-11	0
3.11748937834e-11	0
3.23295194791e-11	0
3.34841451748e-11	0
3.46387708705e-11	0
3.57933965661e-11	0
3.69480222618e-11	0
3.81026479575e-11	0
3.92572736532e-11	0
4.04118993489e-11	0
4.15665250445e-11	0
4.27211507402e-11	0
4.38757764359e-11	0
4.50304021316e-11	0
4.61850278273e-11	0
4.7339653523e-11	0
4.84942792186e-11	0
4.96489049143e-11	0
5.080353061e-11	0
5.19581563057e-11	0
5.31127820014e-11	0
5.4267407697e-11	0
5.54220333927e-11	0
5.65766590884e-11	0
5.77312847841e-11	0
5.88859104798e-11	0
6.00405361755e-11	0
6.11951618711e-11	0
6.23497875668e-11	0
6.35044132625e-11	0
6.46590389582e-11	0
6.58136646539e-11	0
6.69682903495e-11	0
6.81229160452e-11	0
6.92775417409e-11	0
7.04321674366e-11	0
7.15867931323e-11	0
7.2741418828e-11	0
7.38960445236e-11	0
7.50506702193e-11	0
7.6205295915e-11	0
7.73599216107e-11	0
7.85145473064e-11	0
7.9669173002e-11	0
8.08237986977e-11	0
8.19784243934e-11	0
8.31330500891e-11	0
8.42876757848e-11	0
8.54423014805e-11	0
8.65969271761e-11	0
8.77515528718e-11	0
8.89061785675e-11	0
9.00608042632e-11	0
9.12154299589e-11	0
9.23700556545e-11	0
9.35246813502e-11	0
9.46793070459e-11	0
9.58339327416e-11	0
9.69885584373e-11	0
9.8143184133e-11	0
9.92978098286e-11	0
1.00452435524e-10	0
1.0160706122e-10	0
1.02761686916e-10	0
1.03916312611e-10	0
1.05070938307e-10	0
1.06225564003e-10	0
1.07380189698e-10	0
1.08534815394e-10	2.03768161088e-35
1.0968944109e-10	1.10782699556e-33
1.10844066785e-10	2.76493602508e-32
1.11998692481e-10	5.93397247783e-31
1.13153318177e-10	1.09137409429e-29
1.14307943872e-10	1.72066845361e-28
1.15462569568e-10	2.32326575862e-27
1.16617195264e-10	2.67902398091e-26
1.1777182096e-10	2.62262804516e-25
1.18926446655e-10	2.15290199011e-24
1.20081072351e-10	1.44229671778e-23
1.21235698047e-10	7.34170014855e-23
1.22390323742e-10	2.10815595363e-22
1.23544949438e-10	-7.26016976472e-22
1.24699575134e-10	-1.64580424766e-20
1.25854200829e-10	-1.51124259708e-19
1.27008826525e-10	-1.03082698637e-18
1.28163452221e-10	-5.83609402291e-18
1.29318077916e-10	-2.85946849998e-17
1.30472703612e-10	-1.23641028734e-16
1.31627329308e-10	-4.76149982621e-16
1.32781955003e-10	-1.63808392531e-15
1.33936580699e-10	-5.0260856683e-15
1.35091206395e-10	-1.36650789883e-14
1.3624583209e-10	-3.24641047145e-14
1.37400457786e-10	-6.5372175819e-14
1.38555083482e-10	-1.03001949079e-13
1.39709709177e-10	-8.93223898505e-14
1.40864334873e-10	1.4688359883e-13
1.42018960569e-10	1.00412267477e-12
1.43173586265e-10	3.24872813655e-12
1.4432821196e-10	8.12215258158e-12
1.45482837656e-10	1.72870266279e-11
1.46637463352e-10	3.24147635816e-11
1.47792089047e-10	5.41791238609e-11
1.48946714743e-10	8.04687575254e-11
1.50101340439e-10	1.03847974491e-10
1.51255966134e-10	1.08759018284e-10
1.5241059183e-10	6.96667289829e-11
1.53565217526e-10	-4.79159220981e-11
1.54719843221e-10	-2.81302748456e-10
1.55874468917e-10	-6.57983723062e-10
1.57029094613e-10	-1.17727153026e-09
1.58183720308e-10	-1.79052518645e-09
1.59338346004e-10	-2.38786124207e-09
1.604929717e-10	-2.80137862907e-09
1.61647597395e-10	-2.83349466113e-09
1.62802223091e-10	-2.31231836456e-09
1.63956848787e-10	-1.16381633497e-09
1.65111474482e-10	5.2434052239e-10
1.66266100178e-10	2.48330567221e-09
1.67420725874e-10	4.32222924118e-09
1.6857535157e-10	5.67887453728e-09
1.69729977265e-10	6.43365072328e-09
1.70884602961e-10	6.91004958808e-09
1.72039228657e-10	7.94889976063e-09
1.73193854352e-10	1.07472790667e-08
1.74348480048e-10	1.64137503589e-08
1.75503105744e-10	2.53072318657e-08
1.76657731439e-10	3.63648062773e-08
1.77812357135e-10	4.67243146396e-08
1.78966982831e-10	5.19439300461e-08
1.80121608526e-10	4.69722087892e-08
1.81276234222e-10	2.77475447064e-08
1.82430859918e-10	-7.0043026934e-09
1.83585485613e-10	-5.44164553418e-08
1.84740111309e-10	-1.07199986665e-07
1.85894737005e-10	-1.54783514006e-07
1.870493627e-10	-1.85742514702e-07
1.88203988396e-10	-1.90886895624e-07
1.89358614092e-10	-1.66060081241e-07
1.90513239787e-10	-1.1372098907e-07
1.91667865483e-10	-4.27435224992e-08
1.92822491179e-10	3.35581487043e-08
1.93977116875e-10	1.00607171483e-07
1.9513174257e-10	1.4602705356e-07
1.96286368266e-10	1.62448182905e-07
1.97440993962e-10	1.48989487414e-07
1.98595619657e-10	1.11180067819e-07
1.99750245353e-10	5.95137423787e-08
2.00904871049e-10	7.10416014904e-09
2.02059496744e-10	-3.30174723118e-08
2.0321412244e-10	-5.0499568971e-08
2.04368748136e-10	-3.98168453764e-08
2.05523373831e-10	-1.68609676221e-09
2.06677999527e-10	5.65325688484e-08
2.07832625223e-10	1.21726470681e-07
2.08987250918e-10	1.77363832066e-07
2.10141876614e-10	2.07097954785e-07
2.1129650231e-10	1.99004345447e-07
2.12451128005e-10	1.49373114766e-07
2.13605753701e-10	6.48035234363e-08
2.14760379397e-10	-3.83921738845e-08
2.15915005092e-10	-1.37756257956e-07
2.17069630788e-10	-2.10527895561e-07
2.18224256484e-10	-2.40167201682e-07
2.1937888218e-10	-2.2152786805e-07
2.20533507875e-10	-1.62878629695e-07
2.21688133571e-10	-8.38645979329e-08
2.22842759267e-10	-9.78496428328e-09
2.23997384962e-10	3.61721781417e-08
2.25152010658e-10	4.03111037883e-08
2.26306636354e-10	2.99722574537e-09
2.27461262049e-10	-6.1184500133e-08
2.28615887745e-10	-1.27858463372e-07
2.29770513441e-10	-1.70521071041e-07
2.30925139136e-10	-1.68994406025e-07
2.32079764832e-10	-1.1596763283e-07
2.33234390528e-10	-1.95517948498e-08
2.34389016223e-10	9.89484663094e-08
2.35543641919e-10	2.11319466814e-07
2.36698267615e-10	2.90766848821e-07
2.3785289331e-10	3.19670999005e-07
2.39007519006e-10	2.94413965207e-07
2.40162144702e-10	2.2591321347e-07
2.41316770397e-10	1.35869971274e-07
2.42471396093e-10	5.00615469079e-08
2.43626021789e-10	-9.15196612938e-09
2.44780647485e-10	-2.88398263049e-08
2.4593527318e-10	-8.40482194953e-09
2.47089898876e-10	4.11654510479e-08
2.48244524572e-10	1.01119572271e-07
2.49399150267e-10	1.5047019275e-07
2.50553775963e-10	1.71607853261e-07
2.51708401659e-10	1.54621352166e-07
2.52863027354e-10	9.94881483862e-08
2.5401765305e-10	1.58760630198e-08
2.55172278746e-10	-7.92414942552e-08
2.56326904441e-10	-1.65624113535e-07
2.57481530137e-10	-2.2467825822e-07
2.58636155833e-10	-2.4423974132e-07
2.59790781528e-10	-2.22046942611e-07
2.60945407224e-10	-1.6677383563e-07
2.6210003292e-10	-9.59544363965e-08
2.63254658615e-10	-3.10288101879e-08
2.64409284311e-10	9.20514325875e-09
2.65563910007e-10	1.4652205893e-08
2.66718535702e-10	-1.27367836278e-08
2.67873161398e-10	-5.98064726631e-08
2.69027787094e-10	-1.0713996268e-07
2.7018241279e-10	-1.36337405365e-07
2.71337038485e-10	-1.36848905541e-07
2.72491664181e-10	-1.09659014313e-07
2.73646289877e-10	-6.63334009943e-08
2.74800915572e-10	-2.3858472975e-08
2.75955541268e-10	2.51988296895e-09
2.77110166964e-10	5.47848338917e-09
2.78264792659e-10	-1.16413381157e-08
2.79419418355e-10	-3.65276333625e-08
2.80574044051e-10	-5.31958499472e-08
2.81728669746e-10	-4.86256683807e-08
2.82883295442e-10	-1.80575787656e-08
2.84037921138e-10	3.2999582178e-08
2.85192546833e-10	9.05757566727e-08
2.86347172529e-10	1.36940453643e-07
2.87501798225e-10	1.56353967995e-07
2.8865642392e-10	1.39891469075e-07
2.89811049616e-10	8.79502852769e-08
2.90965675312e-10	1.00025264738e-08
2.92120301007e-10	-7.79660478401e-08
2.93274926703e-10	-1.57381203181e-07
2.94429552399e-10	-2.11312238818e-07
2.95584178095e-10	-2.28111442624e-07
2.9673880379e-10	-2.0384694821e-07
2.97893429486e-10	-1.4319128816e-07
2.99048055182e-10	-5.85855604029e-08
3.00202680877e-10	3.23045559192e-08
3.01357306573e-10	1.10452991642e-07
3.02511932269e-10	1.59864406157e-07
3.03666557964e-10	1.71466714605e-07
3.0482118366e-10	1.45431922505e-07
3.05975809356e-10	9.11288084993e-08
3.07130435051e-10	2.45850104719e-08
3.08285060747e-10	-3.58433700498e-08
3.09439686443e-10	-7.43344115151e-08
3.10594312138e-10	-8.15776708407e-08
3.11748937834e-10	-5.67510158866e-08
3.1290356353e-10	-7.09040004487e-09
3.14058189225e-10	5.45573226596e-08
3.15212814921e-10	1.13296734661e-07
3.16367440617e-10	1.55797025059e-07
3.17522066312e-10	1.73053722463e-07
3.18676692008e-10	1.6183965279e-07
3.19831317704e-10	1.24840418891e-07
3.209859434e-10	6.96710564796e-08
3.22140569095e-10	7.0469320379e-09
3.23295194791e-10	-5.15429294801e-08
3.24449820487e-10	-9.62433377438e-08
3.25604446182e-10	-1.20873426823e-07
3.26759071878e-10	-1.24140724367e-07
3.27913697574e-10	-1.0965915731e-07
3.29068323269e-10	-8.46793950515e-08
3.30222948965e-10	-5.78615551028e-08
3.31377574661e-10	-3.67364796361e-08
3.32532200356e-10	-2.56161754031e-08
3.33686826052e-10	-2.45962921142e-08
3.34841451748e-10	-2.99467544096e-08
3.35996077443e-10	-3.56958418379e-08
3.37150703139e-10	-3.58310812132e-08
3.38305328835e-10	-2.6387236618e-08
3.3945995453e-10	-6.75646383286e-09
3.40614580226e-10	2.01707393011e-08
3.41769205922e-10	4.89916907043e-08
3.42923831617e-10	7.35053529155e-08
3.44078457313e-10	8.85608777423e-08
3.45233083009e-10	9.14454583167e-08
3.46387708705e-10	8.24330745886e-08
3.475423344e-10	6.44290301111e-08
3.48696960096e-10	4.19014889452e-08
3.49851585792e-10	1.94850233726e-08
3.51006211487e-10	7.45562056537e-10
3.52160837183e-10	-1.25215359192e-08
3.53315462879e-10	-2.03355123851e-08
3.54470088574e-10	-2.3963802942e-08
3.5562471427e-10	-2.50008702629e-08
3.56779339966e-10	-2.45576929903e-08
3.57933965661e-10	-2.29433996246e-08
3.59088591357e-10	-1.99232035314e-08
3.60243217053e-10	-1.54138697361e-08
3.61397842748e-10	-1.02704673655e-08
3.62552468444e-10	-6.63888155561e-09
3.6370709414e-10	-7.4975591291e-09
3.64861719835e-10	-1.54687849196e-08
3.66016345531e-10	-3.13531232088e-08
3.67170971227e-10	-5.30041468494e-08
3.68325596922e-10	-7.51575246483e-08
3.69480222618e-10	-9.0534784114e-08
3.70634848314e-10	-9.19911045116e-08
3.7178947401e-10	-7.49905906261e-08
3.72944099705e-10	-3.95131030118e-08
3.74098725401e-10	9.37357369502e-09
3.75253351097e-10	6.25872207394e-08
3.76407976792e-10	1.09410457583e-07
3.77562602488e-10	1.40361210654e-07
3.78717228184e-10	1.49635098978e-07
3.79871853879e-10	1.36382720228e-07
3.81026479575e-10	1.0451261101e-07
3.82181105271e-10	6.12758626062e-08
3.83335730966e-10	1.52899626293e-08
3.84490356662e-10	-2.53216758672e-08
3.85644982358e-10	-5.42594835728e-08
3.86799608053e-10	-6.77146623218e-08
3.87954233749e-10	-6.45049427206e-08
3.89108859445e-10	-4.59696298805e-08
3.9026348514e-10	-1.57759842967e-08
3.91418110836e-10	2.04392396341e-08
3.92572736532e-10	5.5746610883e-08
3.93727362227e-10	8.30377695493e-08
3.94881987923e-10	9.65291846455e-08
3.96036613619e-10	9.32991319758e-08
3.97191239315e-10	7.42794599162e-08
3.9834586501e-10	4.42359682218e-08
3.99500490706e-10	1.06020627832e-08
4.00655116402e-10	-1.86082265152e-08
4.01809742097e-10	-3.71795381149e-08
4.02964367793e-10	-4.25244528479e-08
4.04118993489e-10	-3.63196197561e-08
4.05273619184e-10	-2.37460531238e-08
4.0642824488e-10	-1.15747312845e-08
4.07582870576e-10	-5.7412179455e-09
4.08737496271e-10	-9.26981247318e-09
4.09892121967e-10	-2.12355968365e-08
4.11046747663e-10	-3.70748969303e-08
4.12201373358e-10	-5.01408949916e-08
4.13355999054e-10	-5.39440132563e-08
4.1451062475e-10	-4.43007337481e-08
4.15665250445e-10	-2.07523875861e-08
4.16819876141e-10	1.31270235793e-08
4.17974501837e-10	5.05923281047e-08
4.19129127532e-10	8.34243572001e-08
4.20283753228e-10	1.03928044837e-07
4.21438378924e-10	1.06764282748e-07
4.2259300462e-10	9.02513779266e-08
4.23747630315e-10	5.68505602594e-08
4.24902256011e-10	1.2736107724e-08
4.26056881707e-10	-3.34559180359e-08
4.27211507402e-10	-7.2470498047e-08
4.28366133098e-10	-9.64984412377e-08
4.29520758794e-10	-1.0100422454e-07
4.30675384489e-10	-8.58499342726e-08
4.31830010185e-10	-5.53858807706e-08
4.32984635881e-10	-1.74556786803e-08
4.34139261576e-10	1.84619453059e-08
4.35293887272e-10	4.35190994352e-08
4.36448512968e-10	5.15947258251e-08
4.37603138663e-10	4.07033482475e-08
4.38757764359e-10	1.33781125067e-08
4.39912390055e-10	-2.40720294808e-08
4.4106701575e-10	-6.32376453424e-08
4.42221641446e-10	-9.57306349747e-08
4.43376267142e-10	-1.15176139737e-07
4.44530892837e-10	-1.18595988141e-07
4.45685518533e-10	-1.06849131321e-07
4.46840144229e-10	-8.40617175868e-08
4.47994769925e-10	-5.63054602942e-08
4.4914939562e-10	-2.99332654219e-08
4.50304021316e-10	-9.99670479729e-09
4.51458647012e-10	8.87164869345e-10
4.52613272707e-10	2.95789168159e-09
4.53767898403e-10	-1.02446447853e-09
4.54922524099e-10	-6.71334376978e-09
4.56077149794e-10	-9.47417855279e-09
4.5723177549e-10	-5.73708386353e-09
4.58386401186e-10	5.96187027524e-09
4.59541026881e-10	2.45066553717e-08
4.60695652577e-10	4.63869334055e-08
4.61850278273e-10	6.65168071734e-08
4.63004903968e-10	7.9532976649e-08
4.64159529664e-10	8.12469149736e-08
4.6531415536e-10	6.98807545163e-08
4.66468781055e-10	4.67747076627e-08
4.67623406751e-10	1.63153472954e-08
4.68778032447e-10	-1.49585419607e-08
4.69932658142e-10	-3.98760895415e-08
4.71087283838e-10	-5.24271057678e-08
4.72241909534e-10	-4.93189240558e-08
4.7339653523e-10	-3.08516412417e-08
4.74551160925e-10	-8.96339114043e-10
4.75705786621e-10	3.40207080285e-08
4.76860412317e-10	6.62786900918e-08
4.78015038012e-10	8.8931360942e-08
4.79169663708e-10	9.72200941973e-08
4.80324289404e-10	8.94942004948e-08
4.81478915099e-10	6.73727242884e-08
4.82633540795e-10	3.51588478331e-08
4.83788166491e-10	-1.26206989304e-09
4.84942792186e-10	-3.572191698e-08
4.86097417882e-10	-6.2964150338e-08
4.87252043578e-10	-7.94737644583e-08
4.88406669273e-10	-8.38399065728e-08
4.89561294969e-10	-7.66809087338e-08
4.90715920665e-10	-6.02455885179e-08
4.9187054636e-10	-3.78592619477e-08
4.93025172056e-10	-1.33466516727e-08
4.94179797752e-10	9.49381795401e-09
4.95334423447e-10	2.7356747756e-08
4.96489049143e-10	3.78541518131e-08
4.97643674839e-10	3.98626656128e-08
4.98798300535e-10	3.37299175257e-08
4.9995292623e-10	2.12700430602e-08
5.01107551926e-10	5.47915257609e-09
5.02262177622e-10	-1.00473999121e-08
5.03416803317e-10	-2.18723414935e-08
5.04571429013e-10	-2.74572562464e-08
5.05726054709e-10	-2.57240815316e-08
5.06880680404e-10	-1.72844210056e-08
5.080353061e-10	-4.27007507131e-09
5.09189931796e-10	1.01777867245e-08
5.10344557491e-10	2.26378389367e-08
5.11499183187e-10	3.01673113157e-08
5.12653808883e-10	3.09207406346e-08
5.13808434578e-10	2.45200804105e-08
5.14963060274e-10	1.21081267235e-08
5.1611768597e-10	-3.91615215256e-09
5.17272311665e-10	-2.04136583193e-08
5.18426937361e-10	-3.41366446222e-08
5.19581563057e-10	-4.23606820732e-08
5.20736188752e-10	-4.34195364107e-08
5.21890814448e-10	-3.70127763993e-08
5.23045440144e-10	-2.42415185703e-08
5.2420006584e-10	-7.38918143339e-09
5.25354691535e-10	1.05031973119e-08
5.26509317231e-10	2.61682595593e-08
5.27663942927e-10	3.66737653579e-08
5.28818568622e-10	3.99351440805e-08
5.29973194318e-10	3.51110336361e-08
5.31127820014e-10	2.28567018645e-08
5.32282445709e-10	5.37456246175e-09
5.33437071405e-10	-1.38145612727e-08
5.34591697101e-10	-3.0442060428e-08
5.35746322796e-10	-4.03869777621e-08
5.36900948492e-10	-4.07141591552e-08
5.38055574188e-10	-3.05798142364e-08
5.39210199883e-10	-1.16955010121e-08
5.40364825579e-10	1.18711239727e-08
5.41519451275e-10	3.4582052777e-08
5.4267407697e-10	5.08007120814e-08
5.43828702666e-10	5.62611139898e-08
5.44983328362e-10	4.92048530809e-08
5.46137954057e-10	3.08559702233e-08
5.47292579753e-10	5.09259584502e-09
5.48447205449e-10	-2.25686076494e-08
5.49601831145e-10	-4.63707974241e-08
5.5075645684e-10	-6.16922370966e-08
5.51911082536e-10	-6.60290151444e-08
5.53065708232e-10	-5.93654641001e-08
5.54220333927e-10	-4.39037473043e-08
5.55374959623e-10	-2.33074937128e-08
5.56529585319e-10	-1.73388134406e-09
5.57684211014e-10	1.70663463361e-08
5.5883883671e-10	3.04042249155e-08
5.59993462406e-10	3.7001300246e-08
5.61148088101e-10	3.70256292292e-08
5.62302713797e-10	3.18777195751e-08
5.63457339493e-10	2.37938799774e-08
5.64611965188e-10	1.53196131336e-08
5.65766590884e-10	8.73174366145e-09
5.6692121658e-10	5.51781514924e-09
5.68075842275e-10	6.04661676284e-09
5.69230467971e-10	9.5330870975e-09
5.70385093667e-10	1.43161779098e-08
5.71539719362e-10	1.83907982176e-08
5.72694345058e-10	2.00336176537e-08
5.73848970754e-10	1.83308341839e-08
5.7500359645e-10	1.34414998021e-08
5.76158222145e-10	6.51318904366e-09
5.77312847841e-10	-6.96309870873e-10
5.78467473537e-10	-6.35114727476e-09
5.79622099232e-10	-9.04664609891e-09
5.80776724928e-10	-8.13622047513e-09
5.81931350624e-10	-3.80512826803e-09
5.83085976319e-10	3.07602754379e-09
5.84240602015e-10	1.11978991635e-08
5.85395227711e-10	1.90550013546e-08
5.86549853406e-10	2.51518827987e-08
5.87704479102e-10	2.81802308155e-08
5.88859104798e-10	2.71993230161e-08
5.90013730493e-10	2.1846542575e-08
5.91168356189e-10	1.25396321105e-08
5.92322981885e-10	5.6492431566e-10
5.9347760758e-10	-1.20536505221e-08
5.94632233276e-10	-2.29361256654e-08
5.95786858972e-10	-2.99014386584e-08
5.96941484667e-10	-3.15201678092e-08
5.98096110363e-10	-2.7488630705e-08
5.99250736059e-10	-1.8708069538e-08
6.00405361755e-10	-7.03051644679e-09
6.0155998745e-10	5.23316795453e-09
6.02714613146e-10	1.58660535821e-08
6.03869238842e-10	2.31960843866e-08
6.05023864537e-10	2.63480814944e-08
6.06178490233e-10	2.52729313033e-08
6.07333115929e-10	2.05928953889e-08
6.08487741624e-10	1.33671259617e-08
6.0964236732e-10	4.86888546147e-09
6.10796993016e-10	-3.60274121647e-09
6.11951618711e-10	-1.08641916574e-08
6.13106244407e-10	-1.59682189693e-08
6.14260870103e-10	-1.83301933632e-08
6.15415495798e-10	-1.78409593765e-08
6.16570121494e-10	-1.49220720225e-08
6.1772474719e-10	-1.04655537569e-08
6.18879372885e-10	-5.62475926946e-09
6.20033998581e-10	-1.49034294628e-09
6.21188624277e-10	1.24562508919e-09
6.22343249972e-10	2.49645693007e-09
6.23497875668e-10	2.77659903403e-09
6.24652501364e-10	2.96259691779e-09
6.2580712706e-10	3.89268828282e-09
6.26961752755e-10	5.98057903201e-09
6.28116378451e-10	8.99678487265e-09
6.29271004147e-10	1.21009924303e-08
6.30425629842e-10	1.41289582256e-08
6.31580255538e-10	1.40181660724e-08
6.32734881234e-10	1.12052853662e-08
6.33889506929e-10	5.85750492554e-09
6.35044132625e-10	-1.13654231859e-09
6.36198758321e-10	-8.40451241935e-09
6.37353384016e-10	-1.44538830904e-08
6.38508009712e-10	-1.80342472067e-08
6.39662635408e-10	-1.84050208407e-08
6.40817261103e-10	-1.54418675624e-08
6.41971886799e-10	-9.58722778943e-09
6.43126512495e-10	-1.72601793968e-09
6.4428113819e-10	6.95374791082e-09
6.45435763886e-10	1.50968291202e-08
6.46590389582e-10	2.13100694868e-08
6.47745015277e-10	2.43079707474e-08
6.48899640973e-10	2.31188554967e-08
6.50054266669e-10	1.73357475042e-08
6.51208892365e-10	7.33589933244e-09
6.5236351806e-10	-5.61774071706e-09
6.53518143756e-10	-1.94879208326e-08
6.54672769452e-10	-3.18152277856e-08
6.55827395147e-10	-4.02345854411e-08
6.56982020843e-10	-4.30374269556e-08
6.58136646539e-10	-3.96206454312e-08
6.59291272234e-10	-3.06752017121e-08
6.6044589793e-10	-1.80526718019e-08
6.61600523626e-10	-4.33318786408e-09
6.62755149321e-10	7.79053710431e-09
6.63909775017e-10	1.61536570786e-08
6.65064400713e-10	1.96125031771e-08
6.66219026408e-10	1.82534867221e-08
6.67373652104e-10	1.32724911062e-08
6.685282778e-10	6.56378179587e-09
6.69682903495e-10	1.44201244695e-10
6.70837529191e-10	-4.40258013379e-09
6.71992154887e-10	-6.30616908692e-09
6.73146780582e-10	-5.70850411385e-09
6.74301406278e-10	-3.47929565714e-09
6.75456031974e-10	-8.3631331721e-10
6.7661065767e-10	1.09840396501e-09
6.77765283365e-10	1.64760180499e-09
6.78919909061e-10	7.41996436515e-10
6.80074534757e-10	-1.12633775917e-09
6.81229160452e-10	-3.1245720733e-09
6.82383786148e-10	-4.36778302415e-09
6.83538411844e-10	-4.18918272294e-09
6.84693037539e-10	-2.32836544489e-09
6.85847663235e-10	1.01566000055e-09
6.87002288931e-10	5.24502086208e-09
6.88156914626e-10	9.49887479784e-09
6.89311540322e-10	1.28375907682e-08
6.90466166018e-10	1.4433008122e-08
6.91620791713e-10	1.37369682296e-08
6.92775417409e-10	1.06100722652e-08
6.93930043105e-10	5.38317834753e-09
6.950846688e-10	-1.16337771361e-09
6.96239294496e-10	-7.90602450174e-09
6.97393920192e-10	-1.3567423629e-08
6.98548545887e-10	-1.69685101525e-08
6.99703171583e-10	-1.72857759217e-08
7.00857797279e-10	-1.42593652441e-08
7.02012422975e-10	-8.30911461858e-09
7.0316704867e-10	-5.12517847606e-10
7.04321674366e-10	7.56931051171e-09
7.05476300062e-10	1.4190901676e-08
7.06630925757e-10	1.77989933903e-08
7.07785551453e-10	1.7400749508e-08
7.08940177149e-10	1.28290530421e-08
7.10094802844e-10	4.84275652912e-09
7.1124942854e-10	-4.98661667514e-09
7.12404054236e-10	-1.46013932056e-08
7.13558679931e-10	-2.19143736491e-08
7.14713305627e-10	-2.52925467237e-08
7.15867931323e-10	-2.39551616321e-08
7.17022557018e-10	-1.81657227039e-08
7.18177182714e-10	-9.16935616324e-09
7.1933180841e-10	1.10561976241e-09
7.20486434105e-10	1.05089947855e-08
7.21641059801e-10	1.71647009939e-08
7.22795685497e-10	1.98748275615e-08
7.23950311192e-10	1.83387307562e-08
7.25104936888e-10	1.31519982682e-08
7.26259562584e-10	5.61098667529e-09
7.2741418828e-10	-2.6152204291e-09
7.28568813975e-10	-9.84734371823e-09
7.29723439671e-10	-1.4720424546e-08
7.30878065367e-10	-1.64203048936e-08
7.32032691062e-10	-1.47890978353e-08
7.33187316758e-10	-1.03050470379e-08
7.34341942454e-10	-3.95633492634e-09
7.35496568149e-10	2.97033950214e-09
7.36651193845e-10	9.13784992118e-09
7.37805819541e-10	1.34043743882e-08
7.38960445236e-10	1.5018663313e-08
7.40115070932e-10	1.37384804644e-08
7.41269696628e-10	9.86410764181e-09
7.42424322323e-10	4.16807466319e-09
7.43578948019e-10	-2.25735569126e-09
7.44733573715e-10	-8.20222945119e-09
7.4588819941e-10	-1.25675287954e-08
7.47042825106e-10	-1.45729748269e-08
7.48197450802e-10	-1.39083017325e-08
7.49352076497e-10	-1.08039427404e-08
7.50506702193e-10	-5.99530086687e-09
7.51661327889e-10	-5.81759418417e-10
7.52815953585e-10	4.19747714364e-09
7.5397057928e-10	7.24015891684e-09
7.55125204976e-10	7.85553944116e-09
7.56279830672e-10	5.96148053145e-09
7.57434456367e-10	2.13478498767e-09
7.58589082063e-10	-2.51746443136e-09
7.59743707759e-10	-6.6535129073e-09
7.60898333454e-10	-9.08545072509e-09
7.6205295915e-10	-9.13612741016e-09
7.63207584846e-10	-6.84939671647e-09
7.64362210541e-10	-2.97527910642e-09
7.65516836237e-10	1.2771047414e-09
7.66671461933e-10	4.62633692466e-09
7.67826087628e-10	6.1151804176e-09
7.68980713324e-10	5.39345096362e-09
7.7013533902e-10	2.79055789587e-09
7.71289964715e-10	-8.32209294532e-10
7.72444590411e-10	-4.37403380182e-09
7.73599216107e-10	-6.82912354444e-09
7.74753841802e-10	-7.55084050841e-09
7.75908467498e-10	-6.37153430016e-09
7.77063093194e-10	-3.56780827104e-09
7.7821771889e-10	2.83517601757e-10
7.79372344585e-10	4.48196557645e-09
7.80526970281e-10	8.34436342245e-09
7.81681595977e-10	1.12842301059e-08
7.82836221672e-10	1.28392390053e-08
7.83990847368e-10	1.26902240938e-08
7.85145473064e-10	1.07029620722e-08
7.86300098759e-10	6.99524344006e-09
7.87454724455e-10	2.00674304951e-09
7.88609350151e-10	-3.48805684336e-09
7.89763975846e-10	-8.47275016813e-09
7.90918601542e-10	-1.18888930922e-08
7.92073227238e-10	-1.29069688271e-08
7.93227852933e-10	-1.118815951e-08
7.94382478629e-10	-7.04567415521e-09
7.95537104325e-10	-1.43049205814e-09
7.9669173002e-10	4.279907595e-09
7.97846355716e-10	8.63649762817e-09
7.99000981412e-10	1.05274947648e-08
8.00155607107e-10	9.50781275932e-09
8.01310232803e-10	5.93401072724e-09
8.02464858499e-10	8.65844174136e-10
8.03619484195e-10	-4.24740054239e-09
8.0477410989e-10	-7.99638333326e-09
8.05928735586e-10	-9.41352384931e-09
8.07083361282e-10	-8.23031010011e-09
8.08237986977e-10	-4.91501767064e-09
8.09392612673e-10	-4.92855249667e-10
8.10547238369e-10	3.78006703716e-09
8.11701864064e-10	6.77852063369e-09
8.1285648976e-10	7.79340714185e-09
8.14011115456e-10	6.67391431008e-09
8.15165741151e-10	3.79948833507e-09
8.16320366847e-10	-8.31230848042e-11
8.17474992543e-10	-4.07905270672e-09
8.18629618238e-10	-7.35610328206e-09
8.19784243934e-10	-9.29174981401e-09
8.2093886963e-10	-9.53919021551e-09
8.22093495325e-10	-8.03760424883e-09
8.23248121021e-10	-4.99505065088e-09
8.24402746717e-10	-8.62731414086e-10
8.25557372412e-10	3.69800498556e-09
8.26711998108e-10	7.87858234208e-09
8.27866623804e-10	1.08378386265e-08
8.290212495e-10	1.18665766102e-08
8.30175875195e-10	1.05675932449e-08
8.31330500891e-10	6.9976117123e-09
8.32485126587e-10	1.71737372934e-09
8.33639752282e-10	-4.28460245061e-09
8.34794377978e-10	-9.79082781516e-09
8.35949003674e-10	-1.36296121056e-08
8.37103629369e-10	-1.49580944298e-08
8.38258255065e-10	-1.34776879657e-08
8.39412880761e-10	-9.51946044214e-09
8.40567506456e-10	-3.97168076205e-09
8.41722132152e-10	1.93677557325e-09
8.42876757848e-10	6.9417139259e-09
8.44031383543e-10	1.00507059342e-08
8.45186009239e-10	1.07712034847e-08
8.46340634935e-10	9.20019460615e-09
8.4749526063e-10	5.95851429308e-09
8.48649886326e-10	1.99922725597e-09
8.49804512022e-10	-1.65331419388e-09
8.50959137717e-10	-4.15900280881e-09
8.52113763413e-10	-5.0507140692e-09
8.53268389109e-10	-4.3209245626e-09
8.54423014805e-10	-2.38213310189e-09
8.555776405e-10	7.68593765021e-11
8.56732266196e-10	2.29461896706e-09
8.57886891892e-10	3.65028168803e-09
8.59041517587e-10	3.81835696395e-09
8.60196143283e-10	2.82793569117e-09
8.61350768979e-10	1.01992578272e-09
8.62505394674e-10	-1.07513495329e-09
8.6366002037e-10	-2.8900511706e-09
8.64814646066e-10	-3.96007215908e-09
8.65969271761e-10	-4.01765121172e-09
8.67123897457e-10	-3.03136629687e-09
8.68278523153e-10	-1.19757657957e-09
8.69433148848e-10	1.10905908068e-09
8.70587774544e-10	3.41017136751e-09
8.7174240024e-10	5.21447424129e-09
8.72897025935e-10	6.11453909727e-09
8.74051651631e-10	5.86801746083e-09
8.75206277327e-10	4.45339781718e-09
8.76360903022e-10	2.08736145035e-09
8.77515528718e-10	-8.05876712584e-10
8.78670154414e-10	-3.66361352366e-09
8.7982478011e-10	-5.89066340151e-09
8.80979405805e-10	-6.98578944691e-09
8.82134031501e-10	-6.66019739359e-09
8.83288657197e-10	-4.91978330297e-09
8.84443282892e-10	-2.08545739011e-09
8.85597908588e-10	1.2661041382e-09
8.86752534284e-10	4.43245046222e-09
8.87907159979e-10	6.75253081228e-09
8.89061785675e-10	7.76575359573e-09
8.90216411371e-10	7.32168980999e-09
8.91371037066e-10	5.60965801588e-09
8.92525662762e-10	3.10158393413e-09
8.93680288458e-10	4.26703776479e-10
8.94834914153e-10	-1.79039330583e-09
8.95989539849e-10	-3.08926448311e-09
8.97144165545e-10	-3.2872172484e-09
8.9829879124e-10	-2.51542114915e-09
8.99453416936e-10	-1.16894635638e-09
9.00608042632e-10	2.18950284986e-10
9.01762668327e-10	1.13938371238e-09
9.02917294023e-10	1.25593396794e-09
9.04071919719e-10	4.98663360604e-10
9.05226545415e-10	-9.26927069822e-10
9.0638117111e-10	-2.60996255164e-09
9.07535796806e-10	-4.05625438793e-09
9.08690422502e-10	-4.82706008498e-09
9.09845048197e-10	-4.65096466895e-09
9.10999673893e-10	-3.48696474473e-09
9.12154299589e-10	-1.52818670218e-09
9.13308925284e-10	8.51247461409e-10
9.1446355098e-10	3.18109441566e-09
9.15618176676e-10	4.99367058815e-09
9.16772802371e-10	5.91291976493e-09
9.17927428067e-10	5.71868163934e-09
9.19082053763e-10	4.38472530506e-09
9.20236679458e-10	2.08692507719e-09
9.21391305154e-10	-8.15872487625e-10
9.2254593085e-10	-3.82917633712e-09
9.23700556545e-10	-6.398643837e-09
9.24855182241e-10	-8.00869537354e-09
9.26009807937e-10	-8.29264701352e-09
9.27164433632e-10	-7.12523134938e-09
9.28319059328e-10	-4.6712000934e-09
9.29473685024e-10	-1.36993781596e-09
9.3062831072e-10	2.15112941349e-09
9.31782936415e-10	5.21089327243e-09
9.32937562111e-10	7.22763893179e-09
9.34092187807e-10	7.85228704281e-09
9.35246813502e-10	7.04024111231e-09
9.36401439198e-10	5.04980490756e-09
9.37556064894e-10	2.37100597489e-09
9.38710690589e-10	-4.01393557281e-10
9.39865316285e-10	-2.71240932492e-09
9.41019941981e-10	-4.16899331723e-09
9.42174567676e-10	-4.61325100343e-09
9.43329193372e-10	-4.13155659684e-09
9.44483819068e-10	-3.00207828041e-09
9.45638444763e-10	-1.60414760642e-09
9.46793070459e-10	-3.16410144613e-10
9.47947696155e-10	5.70905385466e-10
9.4910232185e-10	9.11586139907e-10
9.50256947546e-10	7.21874490739e-10
9.51411573242e-10	1.63247885696e-10
9.52566198937e-10	-5.04591889106e-10
9.53720824633e-10	-9.89828302655e-10
9.54875450329e-10	-1.04552605462e-09
9.56030076025e-10	-5.39748440387e-10
9.5718470172e-10	4.9750520717e-10
9.58339327416e-10	1.86506268762e-09
9.59493953112e-10	3.22785209672e-09
9.60648578807e-10	4.19439138977e-09
9.61803204503e-10	4.41981801158e-09
9.62957830199e-10	3.70838543207e-09
9.64112455894e-10	2.08344599906e-09
9.6526708159e-10	-1.93903533854e-10
9.66421707286e-10	-2.67039459989e-09
9.67576332981e-10	-4.80148293347e-09
9.68730958677e-10	-6.08434974625e-09
9.69885584373e-10	-6.18686946119e-09
9.71040210068e-10	-5.03351715864e-09
9.72194835764e-10	-2.8285122855e-09
9.7334946146e-10	-6.79581391161e-12
9.74504087155e-10	2.87337262317e-09
9.75658712851e-10	5.25689730635e-09
9.76813338547e-10	6.70893401944e-09
9.77967964242e-10	6.99578273089e-09
9.79122589938e-10	6.11391282046e-09
9.80277215634e-10	4.27137952785e-09
9.8143184133e-10	1.83433285228e-09
9.82586467025e-10	-7.46640756166e-10
9.83741092721e-10	-3.01797767333e-09
9.84895718417e-10	-4.59959725863e-09
9.86050344112e-10	-5.24858612128e-09
9.87204969808e-10	-4.90321822033e-09
9.88359595504e-10	-3.69346775386e-09
9.89514221199e-10	-1.91639683289e-09
9.90668846895e-10	2.22985727105e-11
9.91823472591e-10	1.69684444273e-09
9.92978098286e-10	2.75879530331e-09
9.94132723982e-10	3.01939673264e-09
9.95287349678e-10	2.49600001778e-09
9.96441975373e-10	1.4065727888e-09
9.97596601069e-10	1.11377513115e-10
9.98751226765e-10	-9.8718312691e-10
9.9990585246e-10	-1.55579973904e-09
1.00106047816e-09	-1.42417901083e-09
1.00221510385e-09	-6.34697919222e-10
1.00336972955e-09	5.69266155048e-10
1.00452435524e-09	1.81104346797e-09
1.00567898094e-09	2.68682667781e-09
1.00683360663e-09	2.88091112077e-09
1.00798823233e-09	2.25719279379e-09
1.00914285803e-09	9.03464400515e-10
1.01029748372e-09	-8.85563254671e-10
1.01145210942e-09	-2.67969343937e-09
1.01260673511e-09	-4.02134714417e-09
1.01376136081e-09	-4.54299686758e-09
1.0149159865e-09	-4.06044153856e-09
1.0160706122e-09	-2.6225172034e-09
1.0172252379e-09	-5.03181059319e-10
1.01837986359e-09	1.86235210586e-09
1.01953448929e-09	3.97679561503e-09
1.02068911498e-09	5.3937410649e-09
1.02184374068e-09	5.81655440479e-09
1.02299836637e-09	5.15944476032e-09
1.02415299207e-09	3.55845031219e-09
1.02530761777e-09	1.33616115394e-09
1.02646224346e-09	-1.071619668e-09
1.02761686916e-09	-3.20891022088e-09
1.02877149485e-09	-4.68736149895e-09
1.02992612055e-09	-5.25497534376e-09
1.03108074624e-09	-4.83644069238e-09
1.03223537194e-09	-3.53873372272e-09
1.03338999764e-09	-1.62610733212e-09
1.03454462333e-09	5.28002579159e-10
1.03569924903e-09	2.50765092025e-09
1.03685387472e-09	3.93040705537e-09
1.03800850042e-09	4.52105797244e-09
1.03916312611e-09	4.1710605525e-09
1.04031775181e-09	2.97101254709e-09
1.0414723775e-09	1.20143414661e-09
1.0426270032e-09	-7.21927274905e-10
1.0437816289e-09	-2.33861136012e-09
1.04493625459e-09	-3.25610102769e-09
1.04609088029e-09	-3.2518356341e-09
1.04724550598e-09	-2.33572042263e-09
1.04840013168e-09	-7.54765756839e-10
1.04955475737e-09	1.0669308631e-09
1.05070938307e-09	2.63890229113e-09
1.05186400877e-09	3.53646170681e-09
1.05301863446e-09	3.51711812452e-09
1.05417326016e-09	2.58612042892e-09
1.05532788585e-09	9.95590290764e-10
1.05648251155e-09	-8.26582816082e-10
1.05763713724e-09	-2.39592565232e-09
1.05879176294e-09	-3.30269700477e-09
1.05994638864e-09	-3.32004368442e-09
1.06110101433e-09	-2.4573252877e-09
1.06225564003e-09	-9.46332137652e-10
1.06341026572e-09	8.30241153604e-10
1.06456489142e-09	2.44365333524e-09
1.06571951711e-09	3.52587870012e-09
1.06687414281e-09	3.85057308261e-09
1.06802876851e-09	3.36992206362e-09
1.0691833942e-09	2.20760013048e-09
1.0703380199e-09	6.17849334195e-10
1.07149264559e-09	-1.07653284898e-09
1.07264727129e-09	-2.54705187497e-09
1.07380189698e-09	-3.51482531968e-09
1.07495652268e-09	-3.79567510755e-09
1.07611114838e-09	-3.32864577568e-09
1.07726577407e-09	-2.18817461373e-09
1.07842039977e-09	-5.79610963392e-10
1.07957502546e-09	1.18973705887e-09
1.08072965116e-09	2.76268538602e-09
1.08188427685e-09	3.80126291555e-09
1.08303890255e-09	4.06263372943e-09
1.08419352825e-09	3.46480130697e-09
1.08534815394e-09	2.1187272492e-09
1.08650277964e-09	3.16951003637e-10
1.08765740533e-09	-1.52655735275e-09
1.08881203103e-09	-2.97417923623e-09
1.08996665672e-09	-3.67559138681e-09
1.09112128242e-09	-3.46213774316e-09
1.09227590811e-09	-2.39648442757e-09
1.09343053381e-09	-7.60846399772e-10
1.09458515951e-09	1.0150153773e-09
1.0957397852e-09	2.46947456928e-09
1.0968944109e-09	3.23169174754e-09
1.09804903659e-09	3.11959472143e-09
1.09920366229e-09	2.18589185641e-09
1.10035828798e-09	6.97196134158e-10
1.10151291368e-09	-9.4358813818e-10
1.10266753938e-09	-2.30739841123e-09
1.10382216507e-09	-3.05197875305e-09
1.10497679077e-09	-3.0048198929e-09
1.10613141646e-09	-2.19649140543e-09
1.10728604216e-09	-8.39619380966e-10
1.10844066785e-09	7.33953377241e-10
1.10959529355e-09	2.15812268056e-09
1.11074991925e-09	3.1175655113e-09
1.11190454494e-09	3.40978970059e-09
1.11305917064e-09	2.97771746149e-09
1.11421379633e-09	1.91232429891e-09
1.11536842203e-09	4.27521743701e-10
1.11652304772e-09	-1.18136216087e-09
1.11767767342e-09	-2.59139001924e-09
1.11883229912e-09	-3.51062662274e-09
1.11998692481e-09	-3.73378855612e-09
1.12114155051e-09	-3.18649440167e-09
1.1222961762e-09	-1.9489674874e-09
1.1234508019e-09	-2.49962207183e-10
1.12460542759e-09	1.57170176873e-09
1.12576005329e-09	3.13446851807e-09
1.12691467899e-09	4.09729805639e-09
1.12806930468e-09	4.24136586963e-09
1.12922393038e-09	3.52648099611e-09
1.13037855607e-09	2.10766218367e-09
1.13153318177e-09	3.02961326165e-10
1.13268780746e-09	-1.48186014848e-09
1.13384243316e-09	-2.85381573928e-09
1.13499705886e-09	-3.52804763182e-09
1.13615168455e-09	-3.39480518696e-09
1.13730631025e-09	-2.53954018925e-09
1.13846093594e-09	-1.21132691377e-09
1.13961556164e-09	2.47533313291e-10
1.14077018733e-09	1.48902433439e-09
1.14192481303e-09	2.24307428187e-09
1.14307943872e-09	2.37504013678e-09
1.14423406442e-09	1.90753796092e-09
1.14538869012e-09	1.00500925637e-09
1.14654331581e-09	-7.44493416568e-11
1.14769794151e-09	-1.0450692256e-09
1.1488525672e-09	-1.66277856761e-09
1.1500071929e-09	-1.78243149407e-09
1.15116181859e-09	-1.38895586699e-09
1.15231644429e-09	-5.98136318253e-10
1.15347106999e-09	3.73710937196e-10
1.15462569568e-09	1.26349476715e-09
1.15578032138e-09	1.82404066851e-09
1.15693494707e-09	1.88538576418e-09
1.15808957277e-09	1.39884311079e-09
1.15924419846e-09	4.52736181877e-10
1.16039882416e-09	-7.43257434765e-10
1.16155344986e-09	-1.90418544821e-09
1.16270807555e-09	-2.73761471825e-09
1.16386270125e-09	-3.01624125676e-09
1.16501732694e-09	-2.63560287483e-09
1.16617195264e-09	-1.64332386587e-09
1.16732657833e-09	-2.31833049286e-10
1.16848120403e-09	1.30513315433e-09
1.16963582973e-09	2.6390591934e-09
1.17079045542e-09	3.4795762105e-09
1.17194508112e-09	3.63935762082e-09
1.17309970681e-09	3.07390818355e-09
1.17425433251e-09	1.89025739505e-09
1.1754089582e-09	3.24198400764e-10
1.1765635839e-09	-1.31124894276e-09
1.1777182096e-09	-2.6918432483e-09
1.17887283529e-09	-3.54924065138e-09
1.18002746099e-09	-3.72543751403e-09
1.18118208668e-09	-3.20353968353e-09
1.18233671238e-09	-2.10775216725e-09
1.18349133807e-09	-6.75584546639e-10
1.18464596377e-09	7.92139999428e-10
1.18580058947e-09	1.9946568286e-09
1.18695521516e-09	2.69436467581e-09
1.18810984086e-09	2.76745362737e-09
1.18926446655e-09	2.23199275728e-09
1.19041909225e-09	1.24385550471e-09
1.19157371794e-09	6.01652807436e-11
1.19272834364e-09	-1.02333928831e-09
1.19388296933e-09	-1.74611820836e-09
1.19503759503e-09	-1.94870222736e-09
1.19619222073e-09	-1.61256744069e-09
1.19734684642e-09	-8.62442700589e-10
1.19850147212e-09	6.94108485966e-11
1.19965609781e-09	9.07677349948e-10
1.20081072351e-09	1.40885940414e-09
1.2019653492e-09	1.42605957598e-09
1.2031199749e-09	9.47354875103e-10
1.2042746006e-09	9.75636498673e-11
1.20542922629e-09	-8.95977091131e-10
1.20658385199e-09	-1.76297346166e-09
1.20773847768e-09	-2.25980256729e-09
1.20889310338e-09	-2.23030835467e-09
1.21004772907e-09	-1.64385025037e-09
1.21120235477e-09	-6.02466222743e-10
1.21235698047e-09	6.837709704e-10
1.21351160616e-09	1.94394725317e-09
1.21466623186e-09	2.90537305325e-09
1.21582085755e-09	3.35164357379e-09
1.21697548325e-09	3.16795178978e-09
1.21813010894e-09	2.36455641178e-09
1.21928473464e-09	1.07651608461e-09
1.22043936034e-09	-4.6035586454e-10
1.22159398603e-09	-1.95391239299e-09
1.22274861173e-09	-3.11126580055e-09
1.22390323742e-09	-3.69692684798e-09
1.22505786312e-09	-3.58292973068e-09
1.22621248881e-09	-2.77865999654e-09
1.22736711451e-09	-1.43446222955e-09
1.22852174021e-09	1.84542089943e-10
1.2296763659e-09	1.75201250729e-09
1.2308309916e-09	2.95021890251e-09
1.23198561729e-09	3.53948420573e-09
1.23314024299e-09	3.41235026347e-09
1.23429486868e-09	2.61805982449e-09
1.23544949438e-09	1.34948671682e-09
1.23660412008e-09	-1.02864401025e-10
1.23775874577e-09	-1.41865989789e-09
1.23891337147e-09	-2.32249905419e-09
1.24006799716e-09	-2.64600288902e-09
1.24122262286e-09	-2.36210515037e-09
1.24237724855e-09	-1.58565825747e-09
1.24353187425e-09	-5.39076248918e-10
1.24468649994e-09	5.06599720507e-10
1.24584112564e-09	1.29978125485e-09
1.24699575134e-09	1.66820737779e-09
1.24815037703e-09	1.55603631369e-09
1.24930500273e-09	1.0300569564e-09
1.25045962842e-09	2.55597928239e-10
1.25161425412e-09	-5.49436947328e-10
1.25276887981e-09	-1.17007642464e-09
1.25392350551e-09	-1.44551810799e-09
1.25507813121e-09	-1.30548215294e-09
1.2562327569e-09	-7.83454613684e-10
1.2573873826e-09	-7.20215814071e-12
1.25854200829e-09	8.32558015584e-10
1.25969663399e-09	1.52679956178e-09
1.26085125968e-09	1.89684881691e-09
1.26200588538e-09	1.83534334952e-09
1.26316051108e-09	1.33261228441e-09
1.26431513677e-09	4.80691694782e-10
1.26546976247e-09	-5.45080210135e-10
1.26662438816e-09	-1.52260046238e-09
1.26777901386e-09	-2.23035634406e-09
1.26893363955e-09	-2.49713233424e-09
1.27008826525e-09	-2.24192880927e-09
1.27124289095e-09	-1.49565092256e-09
1.27239751664e-09	-3.9924883885e-10
1.27355214234e-09	8.23689269569e-10
1.27470676803e-09	1.91488919166e-09
1.27586139373e-09	2.63907370956e-09
1.27701601942e-09	2.83791340427e-09
1.27817064512e-09	2.46757114741e-09
1.27932527082e-09	1.60965278606e-09
1.28047989651e-09	4.52633069914e-10
1.28163452221e-09	-7.50949448458e-10
1.2827891479e-09	-1.74234132677e-09
1.2839437736e-09	-2.3154826112e-09
1.28509839929e-09	-2.36283451138e-09
1.28625302499e-09	-1.89786156235e-09
1.28740765069e-09	-1.0486908425e-09
1.28856227638e-09	-2.52527911776e-11
1.28971690208e-09	9.32615401572e-10
1.29087152777e-09	1.6118991697e-09
1.29202615347e-09	1.87484261449e-09
1.29318077916e-09	1.68787797628e-09
1.29433540486e-09	1.1247510423e-09
1.29549003055e-09	3.44343824288e-10
1.29664465625e-09	-4.49545942138e-10
1.29779928195e-09	-1.05828205921e-09
1.29895390764e-09	-1.33478271491e-09
1.30010853334e-09	-1.21720795943e-09
1.30126315903e-09	-7.417749609e-10
1.30241778473e-09	-3.26456995117e-11
1.30357241042e-09	7.29129194521e-10
1.30472703612e-09	1.34985911338e-09
1.30588166182e-09	1.66932005718e-09
1.30703628751e-09	1.59880837736e-09
1.30819091321e-09	1.14205381263e-09
1.3093455389e-09	3.94216097266e-10
1.3105001646e-09	-4.79416423227e-10
1.31165479029e-09	-1.28066704463e-09
1.31280941599e-09	-1.82339979227e-09
1.31396404169e-09	-1.97576968675e-09
1.31511866738e-09	-1.69063574251e-09
1.31627329308e-09	-1.01770754324e-09
1.31742791877e-09	-9.32915550367e-11
1.31858254447e-09	8.89239168411e-10
1.31973717016e-09	1.72182947067e-09
1.32089179586e-09	2.22712134845e-09
1.32204642156e-09	2.29775251603e-09
1.32320104725e-09	1.91989885101e-09
1.32435567295e-09	1.17620665985e-09
1.32551029864e-09	2.2824060697e-10
1.32666492434e-09	-7.18523643362e-10
1.32781955003e-09	-1.46066372886e-09
1.32897417573e-09	-1.84249750179e-09
1.33012880143e-09	-1.79112842613e-09
1.33128342712e-09	-1.33342020758e-09
1.33243805282e-09	-5.88778831245e-10
1.33359267851e-09	2.59864855329e-10
1.33474730421e-09	1.01002892161e-09
1.3359019299e-09	1.48792037025e-09
1.3370565556e-09	1.58949087226e-09
1.3382111813e-09	1.30389403441e-09
1.33936580699e-09	7.146567782e-10
1.34052043269e-09	-2.18674548955e-11
1.34167505838e-09	-7.16035473969e-10
1.34282968408e-09	-1.19169626944e-09
1.34398430977e-09	-1.32979779965e-09
1.34513893547e-09	-1.09677442128e-09
1.34629356116e-09	-5.51991688469e-10
1.34744818686e-09	1.68251983526e-10
1.34860281256e-09	8.85715348287e-10
1.34975743825e-09	1.42309272699e-09
1.35091206395e-09	1.64656573098e-09
1.35206668964e-09	1.49588368081e-09
1.35322131534e-09	9.96763602212e-10
1.35437594103e-09	2.5406497739e-10
1.35553056673e-09	-5.72220777706e-10
1.35668519243e-09	-1.30213184679e-09
1.35783981812e-09	-1.77465554752e-09
1.35899444382e-09	-1.88207774365e-09
1.36014906951e-09	-1.59294985536e-09
1.36130369521e-09	-9.59400822675e-10
1.3624583209e-09	-1.06933260857e-10
1.3636129466e-09	7.91826638979e-10
1.3647675723e-09	1.55240710564e-09
1.36592219799e-09	2.01776342856e-09
1.36707682369e-09	2.09185357924e-09
1.36823144938e-09	1.76106838834e-09
1.36938607508e-09	1.09809038251e-09
1.37054070077e-09	2.47428109251e-10
1.37169532647e-09	-6.06227110178e-10
1.37284995217e-09	-1.27918908799e-09
1.37400457786e-09	-1.63063731962e-09
1.37515920356e-09	-1.5947698162e-09
1.37631382925e-09	-1.19575771507e-09
1.37746845495e-09	-5.40356169532e-10
1.37862308064e-09	2.09379551891e-10
1.37977770634e-09	8.76096549474e-10
1.38093233204e-09	1.31024910366e-09
1.38208695773e-09	1.42504795464e-09
1.38324158343e-09	1.21456932012e-09
1.38439620912e-09	7.51635712004e-10
1.38555083482e-09	1.66685207303e-10
1.38670546051e-09	-3.86696830806e-10
1.38786008621e-09	-7.70393665528e-10
1.38901471191e-09	-8.93797216794e-10
1.3901693376e-09	-7.34471768127e-10
1.3913239633e-09	-3.40476601773e-10
1.39247858899e-09	1.82963285147e-10
1.39363321469e-09	7.00296043377e-10
1.39478784038e-09	1.07783441894e-09
1.39594246608e-09	1.21533579034e-09
1.39709709177e-09	1.06905267971e-09
1.39825171747e-09	6.62380469918e-10
1.39940634317e-09	8.13612423961e-11
1.40056096886e-09	-5.44041971196e-10
1.40171559456e-09	-1.06911063336e-09
1.40287022025e-09	-1.36739154721e-09
1.40402484595e-09	-1.360395116e-09
1.40517947164e-09	-1.03697012088e-09
1.40633409734e-09	-4.57395184228e-10
1.40748872304e-09	2.58593764457e-10
1.40864334873e-09	9.57956311498e-10
1.40979797443e-09	1.4886287758e-09
1.41095260012e-09	1.73376317469e-09
1.41210722582e-09	1.63880735371e-09
1.41326185151e-09	1.22397662838e-09
1.41441647721e-09	5.80009609785e-10
1.41557110291e-09	-1.52774987106e-10
1.4167257286e-09	-8.16375085588e-10
1.4178803543e-09	-1.27102839365e-09
1.41903497999e-09	-1.42577963325e-09
1.42018960569e-09	-1.25775996562e-09
1.42134423138e-09	-8.15609496607e-10
1.42249885708e-09	-2.06664732202e-10
1.42365348278e-09	4.28197789726e-10
1.42480810847e-09	9.46411018998e-10
1.42596273417e-09	1.23613173864e-09
1.42711735986e-09	1.24076167396e-09
1.42827198556e-09	9.71099770042e-10
1.42942661125e-09	5.0224018e-10
1.43058123695e-09	-4.51449043079e-11
1.43173586265e-09	-5.33849291162e-10
1.43289048834e-09	-8.43215559876e-10
1.43404511404e-09	-8.98116053749e-10
1.43519973973e-09	-6.86978564313e-10
1.43635436543e-09	-2.64291772495e-10
1.43750899112e-09	2.62621792368e-10
1.43866361682e-09	7.59600361777e-10
1.43981824252e-09	1.09853924568e-09
1.44097286821e-09	1.18895128465e-09
1.44212749391e-09	1.00056364583e-09
1.4432821196e-09	5.71442525243e-10
1.4444367453e-09	-9.30980986746e-13
1.44559137099e-09	-5.83256443143e-10
1.44674599669e-09	-1.03852255962e-09
1.44790062238e-09	-1.25855710575e-09
1.44905524808e-09	-1.18928450421e-09
1.45020987378e-09	-8.42293478021e-10
1.45136449947e-09	-2.91579753398e-10
1.45251912517e-09	3.44044060602e-10
1.45367375086e-09	9.27653356908e-10
1.45482837656e-09	1.33432366545e-09
1.45598300225e-09	1.47801230976e-09
1.45713762795e-09	1.32996016977e-09
1.45829225365e-09	9.24024308457e-10
1.45944687934e-09	3.49219778095e-10
1.46060150504e-09	-2.70161795712e-10
1.46175613073e-09	-8.01472652134e-10
1.46291075643e-09	-1.13229649268e-09
1.46406538212e-09	-1.19444167057e-09
1.46522000782e-09	-9.7887054018e-10
1.46637463352e-09	-5.37519702359e-10
1.46752925921e-09	2.80940574623e-11
