% time-domain current integration by openEMS v0.37.0-rc1-2-g7b051bb @Tue Jul 14 01:01:20 2026
% start-coordinates: (0.00116774,0.00116774,-0.000762) m -> [59,65,14]
% stop-coordinates: (0.00168337,0.00168337,-0.000762) m -> [68,74,14]
% t/s	current
7.21641059801e-14	0
1.22678980166e-12	0
2.38141549734e-12	0
3.53604119303e-12	0
4.69066688871e-12	0
5.84529258439e-12	0
6.99991828007e-12	0
8.15454397575e-12	0
9.30916967143e-12	0
1.04637953671e-11	0
1.16184210628e-11	0
1.27730467585e-11	0
1.39276724542e-11	0
1.50822981498e-11	0
1.62369238455e-11	0
1.73915495412e-11	0
1.85461752369e-11	0
1.97008009326e-11	0
2.08554266283e-11	0
2.20100523239e-11	0
2.31646780196e-11	0
2.43193037153e-11	0
2.5473929411e-11	0
2.66285551067e-11	0
2.77831808023e-11	0
2.8937806498e-11	0
3.00924321937e-11	0
3.12470578894e-11	0
3.24016835851e-11	0
3.35563092808e-11	0
3.47109349764e-11	0
3.58655606721e-11	0
3.70201863678e-11	0
3.81748120635e-11	0
3.93294377592e-11	0
4.04840634548e-11	0
4.16386891505e-11	0
4.27933148462e-11	0
4.39479405419e-11	0
4.51025662376e-11	0
4.62571919333e-11	0
4.74118176289e-11	0
4.85664433246e-11	0
4.97210690203e-11	0
5.0875694716e-11	0
5.20303204117e-11	0
5.31849461073e-11	0
5.4339571803e-11	0
5.54941974987e-11	0
5.66488231944e-11	0
5.78034488901e-11	0
5.89580745858e-11	0
6.01127002814e-11	0
6.12673259771e-11	0
6.24219516728e-11	0
6.35765773685e-11	0
6.47312030642e-11	0
6.58858287598e-11	0
6.70404544555e-11	0
6.81950801512e-11	0
6.93497058469e-11	0
7.05043315426e-11	0
7.16589572383e-11	0
7.28135829339e-11	0
7.39682086296e-11	0
7.51228343253e-11	0
7.6277460021e-11	0
7.74320857167e-11	0
7.85867114123e-11	0
7.9741337108e-11	0
8.08959628037e-11	0
8.20505884994e-11	0
8.32052141951e-11	0
8.43598398908e-11	0
8.55144655864e-11	0
8.66690912821e-11	0
8.78237169778e-11	0
8.89783426735e-11	0
9.01329683692e-11	0
9.12875940648e-11	0
9.24422197605e-11	0
9.35968454562e-11	0
9.47514711519e-11	7.37151402505e-36
9.59060968476e-11	2.22830107055e-34
9.70607225432e-11	5.31083462053e-33
9.82153482389e-11	1.11105974553e-31
9.93699739346e-11	2.05755521902e-30
1.0052459963e-10	3.38210120029e-29
1.01679225326e-10	4.94715791486e-28
1.02833851022e-10	6.45656150127e-27
1.03988476717e-10	7.53879238158e-26
1.05143102413e-10	7.89718150506e-25
1.06297728109e-10	7.4432166074e-24
1.07452353804e-10	6.33055070424e-23
1.086069795e-10	4.87307729661e-22
1.09761605196e-10	3.40514149816e-21
1.10916230891e-10	2.16624789158e-20
1.12070856587e-10	1.25821447774e-19
1.13225482283e-10	6.69027505143e-19
1.14380107978e-10	3.26478509762e-18
1.15534733674e-10	1.46535326755e-17
1.1668935937e-10	6.06041684372e-17
1.17843985066e-10	2.31270646605e-16
1.18998610761e-10	8.14905728719e-16
1.20153236457e-10	2.65097023821e-15
1.21307862153e-10	7.95122363675e-15
1.22462487848e-10	2.19194881159e-14
1.23617113544e-10	5.5199991984e-14
1.2477173924e-10	1.25523764018e-13
1.25926364935e-10	2.51806849027e-13
1.27080990631e-10	4.21915052808e-13
1.28235616327e-10	4.92427821609e-13
1.29390242022e-10	-5.58173062078e-14
1.30544867718e-10	-2.61921951142e-12
1.31699493414e-10	-1.03513187605e-11
1.32854119109e-10	-2.94651629484e-11
1.34008744805e-10	-7.07598771243e-11
1.35163370501e-10	-1.50697149204e-10
1.36317996196e-10	-2.90647533818e-10
1.37472621892e-10	-5.12146602905e-10
1.38627247588e-10	-8.25522428194e-10
1.39781873283e-10	-1.20966636707e-09
1.40936498979e-10	-1.58272683848e-09
1.42091124675e-10	-1.76762804394e-09
1.43245750371e-10	-1.46245660027e-09
1.44400376066e-10	-2.32623378893e-10
1.45555001762e-10	2.45368658724e-09
1.46709627458e-10	7.12729253394e-09
1.47864253153e-10	1.41506371065e-08
1.49018878849e-10	2.35005170879e-08
1.50173504545e-10	3.45535902113e-08
1.5132813024e-10	4.59560816068e-08
1.52482755936e-10	5.56657759887e-08
1.53637381632e-10	6.12244903664e-08
1.54792007327e-10	6.0251970524e-08
1.55946633023e-10	5.10623365813e-08
1.57101258719e-10	3.32278595749e-08
1.58255884414e-10	7.88731746582e-09
1.5941051011e-10	-2.23536265054e-08
1.60565135806e-10	-5.39567679425e-08
1.61719761501e-10	-8.32844762044e-08
1.62874387197e-10	-1.07462447829e-07
1.64029012893e-10	-1.24970213733e-07
1.65183638588e-10	-1.35754305575e-07
1.66338264284e-10	-1.40854155006e-07
1.6749288998e-10	-1.41734602721e-07
1.68647515676e-10	-1.39629420914e-07
1.69802141371e-10	-1.35175824312e-07
1.70956767067e-10	-1.28471342009e-07
1.72111392763e-10	-1.19486784911e-07
1.73266018458e-10	-1.08598598558e-07
1.74420644154e-10	-9.69261080286e-08
1.7557526985e-10	-8.62307558691e-08
1.76729895545e-10	-7.83437812402e-08
1.77884521241e-10	-7.43511279211e-08
1.79039146937e-10	-7.39283620987e-08
1.80193772632e-10	-7.51901225726e-08
1.81348398328e-10	-7.52177342633e-08
1.82503024024e-10	-7.11423453481e-08
1.83657649719e-10	-6.13828916585e-08
1.84812275415e-10	-4.64855673954e-08
1.85966901111e-10	-2.91106800887e-08
1.87121526806e-10	-1.30893225148e-08
1.88276152502e-10	-1.93974480922e-09
1.89430778198e-10	2.50137910385e-09
1.90585403893e-10	7.50989936904e-10
1.91740029589e-10	-4.60439286698e-09
1.92894655285e-10	-1.00137516057e-08
1.94049280981e-10	-1.2422322726e-08
1.95203906676e-10	-1.04728901107e-08
1.96358532372e-10	-4.95142993273e-09
1.97513158068e-10	1.66536184842e-09
1.98667783763e-10	6.31068175494e-09
1.99822409459e-10	6.5997367571e-09
2.00977035155e-10	1.78611681001e-09
2.0213166085e-10	-6.95149848795e-09
2.03286286546e-10	-1.70094676122e-08
2.04440912242e-10	-2.54368046626e-08
2.05595537937e-10	-3.00933358233e-08
2.06750163633e-10	-3.03613276742e-08
2.07904789329e-10	-2.71481397363e-08
2.09059415024e-10	-2.22559037866e-08
2.1021404072e-10	-1.74297252187e-08
2.11368666416e-10	-1.35341746699e-08
2.12523292111e-10	-1.02919708311e-08
2.13677917807e-10	-6.71111299866e-09
2.14832543503e-10	-1.88865434403e-09
2.15987169198e-10	4.2944723333e-09
2.17141794894e-10	1.0911247017e-08
2.1829642059e-10	1.6260651492e-08
2.19451046286e-10	1.85753261661e-08
2.20605671981e-10	1.68187686e-08
2.21760297677e-10	1.11383871015e-08
2.22914923373e-10	2.80446976753e-09
2.24069549068e-10	-6.21855011929e-09
2.25224174764e-10	-1.38656215398e-08
2.2637880046e-10	-1.85554043242e-08
2.27533426155e-10	-1.95535854175e-08
2.28688051851e-10	-1.70035239222e-08
2.29842677547e-10	-1.17503340391e-08
2.30997303242e-10	-5.12352960058e-09
2.32151928938e-10	1.30776434126e-09
2.33306554634e-10	6.02822725071e-09
2.34461180329e-10	7.87706788685e-09
2.35615806025e-10	6.33690566687e-09
2.36770431721e-10	1.77988124239e-09
2.37925057416e-10	-4.49574821815e-09
2.39079683112e-10	-1.05955564322e-08
2.40234308808e-10	-1.46423886349e-08
2.41388934503e-10	-1.54185837431e-08
2.42543560199e-10	-1.28191484094e-08
2.43698185895e-10	-7.94670462767e-09
2.44852811591e-10	-2.71848876743e-09
2.46007437286e-10	9.24376297728e-10
2.47162062982e-10	1.81870429827e-09
2.48316688678e-10	-4.06008516737e-12
2.49471314373e-10	-3.40712147384e-09
2.50625940069e-10	-6.66062760502e-09
2.51780565765e-10	-8.2088771336e-09
2.5293519146e-10	-7.37169747467e-09
2.54089817156e-10	-4.60802551672e-09
2.55244442852e-10	-1.23631671567e-09
2.56399068547e-10	1.20269350035e-09
2.57553694243e-10	1.68230074316e-09
2.58708319939e-10	2.02509162217e-10
2.59862945634e-10	-2.22786278314e-09
2.6101757133e-10	-4.11590672655e-09
2.62172197026e-10	-4.20043511085e-09
2.63326822721e-10	-2.09288697484e-09
2.64481448417e-10	1.41543476939e-09
2.65636074113e-10	4.6523029873e-09
2.66790699808e-10	5.84506576473e-09
2.67945325504e-10	3.88976983956e-09
2.690999512e-10	-1.17313758707e-09
2.70254576896e-10	-8.05319810837e-09
2.71409202591e-10	-1.46353329455e-08
2.72563828287e-10	-1.88315905092e-08
2.73718453983e-10	-1.9348298963e-08
2.74873079678e-10	-1.60591291376e-08
2.76027705374e-10	-1.00163974892e-08
2.7718233107e-10	-3.07182235204e-09
2.78336956765e-10	2.83204171225e-09
2.79491582461e-10	6.32625063446e-09
2.80646208157e-10	6.95259627648e-09
2.81800833852e-10	5.18293274965e-09
2.82955459548e-10	2.15317230712e-09
2.84110085244e-10	-8.16330891773e-10
2.85264710939e-10	-2.69190980617e-09
2.86419336635e-10	-3.01811708958e-09
2.87573962331e-10	-1.98910177218e-09
2.88728588026e-10	-2.99312991059e-10
2.89883213722e-10	1.1421156243e-09
2.91037839418e-10	1.51144396998e-09
2.92192465113e-10	3.4348229816e-10
2.93347090809e-10	-2.29192842482e-09
2.94501716505e-10	-5.81727199744e-09
2.95656342201e-10	-9.33711330475e-09
2.96810967896e-10	-1.18843761499e-08
2.97965593592e-10	-1.27181856158e-08
2.99120219288e-10	-1.16065494993e-08
3.00274844983e-10	-8.91103013601e-09
3.01429470679e-10	-5.43687805887e-09
3.02584096375e-10	-2.1763360003e-09
3.0373872207e-10	-1.47054417254e-12
3.04893347766e-10	6.5422445239e-10
3.06047973462e-10	-6.08019329329e-11
3.07202599157e-10	-1.56406110285e-09
3.08357224853e-10	-3.1312976656e-09
3.09511850549e-10	-4.17642409545e-09
3.10666476244e-10	-4.50129133966e-09
3.1182110194e-10	-4.38925695789e-09
3.12975727636e-10	-4.39814806796e-09
3.14130353331e-10	-5.01225549954e-09
3.15284979027e-10	-6.3928324856e-09
3.16439604723e-10	-8.24439627678e-09
3.17594230418e-10	-9.84692505313e-09
3.18748856114e-10	-1.03655359851e-08
3.1990348181e-10	-9.26115273359e-09
3.21058107506e-10	-6.532856478e-09
3.22212733201e-10	-2.77144751593e-09
3.23367358897e-10	9.79020864378e-10
3.24521984593e-10	3.6022296257e-09
3.25676610288e-10	4.35028679746e-09
3.26831235984e-10	3.09527270481e-09
3.2798586168e-10	3.65916796863e-10
3.29140487375e-10	-2.81387824153e-09
3.30295113071e-10	-5.29775334712e-09
3.31449738767e-10	-6.24688789586e-09
3.32604364462e-10	-5.39173239389e-09
3.33758990158e-10	-3.07148950718e-09
3.34913615854e-10	-1.01053658497e-10
3.36068241549e-10	2.52264942269e-09
3.37222867245e-10	3.99670252449e-09
3.38377492941e-10	3.97201027624e-09
3.39532118636e-10	2.60173660394e-09
3.40686744332e-10	4.59057125646e-10
3.41841370028e-10	-1.65516655937e-09
3.42995995723e-10	-3.02247560313e-09
3.44150621419e-10	-3.26132321149e-09
3.45305247115e-10	-2.40272668428e-09
3.46459872811e-10	-8.72884209357e-10
3.47614498506e-10	6.26674323545e-10
3.48769124202e-10	1.39331590709e-09
3.49923749898e-10	9.79322956063e-10
3.51078375593e-10	-6.91696033783e-10
3.52233001289e-10	-3.28005711481e-09
3.53387626985e-10	-6.11161388164e-09
3.5454225268e-10	-8.43458014543e-09
3.55696878376e-10	-9.66914370792e-09
3.56851504072e-10	-9.55254542134e-09
3.58006129767e-10	-8.22624546259e-09
3.59160755463e-10	-6.17796303004e-09
3.60315381159e-10	-4.00988264815e-09
3.61470006854e-10	-2.21781282228e-09
3.6262463255e-10	-1.06278275069e-09
3.63779258246e-10	-4.95735785755e-10
3.64933883941e-10	-2.18102702565e-10
3.66088509637e-10	1.08709805047e-10
3.67243135333e-10	6.83949896718e-10
3.68397761028e-10	1.48851841963e-09
3.69552386724e-10	2.26235608025e-09
3.7070701242e-10	2.60023580445e-09
3.71861638116e-10	2.16290452215e-09
3.73016263811e-10	8.31141044877e-10
3.74170889507e-10	-1.2424129503e-09
3.75325515203e-10	-3.62884389205e-09
3.76480140898e-10	-5.74453595803e-09
3.77634766594e-10	-7.07092651098e-09
3.7878939229e-10	-7.28966575991e-09
3.79944017985e-10	-6.35272900951e-09
3.81098643681e-10	-4.53099824327e-09
3.82253269377e-10	-2.31035568454e-09
3.83407895072e-10	-2.0755829e-10
3.84562520768e-10	1.3269593202e-09
3.85717146464e-10	2.01221150853e-09
3.86871772159e-10	1.83279891264e-09
3.88026397855e-10	9.72473990224e-10
3.89181023551e-10	-2.86900947444e-10
3.90335649246e-10	-1.61282520672e-09
3.91490274942e-10	-2.7440050232e-09
3.92644900638e-10	-3.58065022077e-09
3.93799526333e-10	-4.13536405119e-09
3.94954152029e-10	-4.5090851053e-09
3.96108777725e-10	-4.8566302091e-09
3.97263403421e-10	-5.25067367363e-09
3.98418029116e-10	-5.63848434609e-09
3.99572654812e-10	-5.89564130848e-09
4.00727280508e-10	-5.83239812002e-09
4.01881906203e-10	-5.27863130984e-09
4.03036531899e-10	-4.23181845122e-09
4.04191157595e-10	-2.86560974949e-09
4.0534578329e-10	-1.48301348979e-09
4.06500408986e-10	-4.74586536736e-10
4.07655034682e-10	-1.60564450624e-10
4.08809660377e-10	-6.41759312359e-10
4.09964286073e-10	-1.7893285742e-09
4.11118911769e-10	-3.26546256701e-09
4.12273537464e-10	-4.60656313095e-09
4.1342816316e-10	-5.4193236565e-09
4.14582788856e-10	-5.51375523017e-09
4.15737414551e-10	-4.93008478486e-09
4.16892040247e-10	-3.93501542462e-09
4.18046665943e-10	-2.91780799522e-09
4.19201291638e-10	-2.20778884064e-09
4.20355917334e-10	-1.96817628861e-09
4.2151054303e-10	-2.1643902226e-09
4.22665168726e-10	-2.57650145663e-09
4.23819794421e-10	-2.90427659699e-09
4.24974420117e-10	-2.9128204293e-09
4.26129045813e-10	-2.51460519074e-09
4.27283671508e-10	-1.79224590724e-09
4.28438297204e-10	-9.7516106301e-10
4.295929229e-10	-3.42543937659e-10
4.30747548595e-10	-1.02566004301e-10
4.31902174291e-10	-3.29018701173e-10
4.33056799987e-10	-9.43100597617e-10
4.34211425682e-10	-1.72690706179e-09
4.35366051378e-10	-2.40996489431e-09
4.36520677074e-10	-2.77617839828e-09
4.37675302769e-10	-2.71004374497e-09
4.38829928465e-10	-2.22783436143e-09
4.39984554161e-10	-1.48810419542e-09
4.41139179856e-10	-7.12728154273e-10
4.42293805552e-10	-1.00886098087e-10
4.43448431248e-10	2.05651495833e-10
4.44603056943e-10	1.76145639741e-10
4.45757682639e-10	-9.43752506699e-11
4.46912308335e-10	-4.58997617692e-10
4.48066934031e-10	-7.72353736522e-10
4.49221559726e-10	-9.31283938854e-10
4.50376185422e-10	-9.44882172504e-10
4.51530811118e-10	-9.25547471997e-10
4.52685436813e-10	-1.0190318589e-09
4.53840062509e-10	-1.36771238779e-09
4.54994688205e-10	-2.04154160244e-09
4.561493139e-10	-2.96497293384e-09
4.57303939596e-10	-3.95016064303e-09
4.58458565292e-10	-4.75628780805e-09
4.59613190987e-10	-5.14198861268e-09
4.60767816683e-10	-4.9741992747e-09
4.61922442379e-10	-4.29246949096e-09
4.63077068074e-10	-3.28028049168e-09
4.6423169377e-10	-2.22577223319e-09
4.65386319466e-10	-1.43656408991e-09
4.66540945161e-10	-1.11393527735e-09
4.67695570857e-10	-1.30013144695e-09
4.68850196553e-10	-1.88027415859e-09
4.70004822248e-10	-2.60930543838e-09
4.71159447944e-10	-3.2136053818e-09
4.7231407364e-10	-3.5007365895e-09
4.73468699336e-10	-3.40424999301e-09
4.74623325031e-10	-3.0030198328e-09
4.75777950727e-10	-2.49304199507e-09
4.76932576423e-10	-2.09272577045e-09
4.78087202118e-10	-1.96410776532e-09
4.79241827814e-10	-2.16810613907e-09
4.8039645351e-10	-2.63846922088e-09
4.81551079205e-10	-3.21659698876e-09
4.82705704901e-10	-3.72253272651e-09
4.83860330597e-10	-4.00936794875e-09
4.85014956292e-10	-4.00777233622e-09
4.86169581988e-10	-3.7476861614e-09
4.87324207684e-10	-3.32641114653e-09
4.88478833379e-10	-2.85854073745e-09
4.89633459075e-10	-2.4379727126e-09
4.90788084771e-10	-2.10311323912e-09
4.91942710466e-10	-1.82306136853e-09
4.93097336162e-10	-1.52989310109e-09
4.94251961858e-10	-1.16233200842e-09
4.95406587553e-10	-6.97101654179e-10
4.96561213249e-10	-1.78978790122e-10
4.97715838945e-10	2.74911732268e-10
4.98870464641e-10	5.18351472856e-10
5.00025090336e-10	4.26984891888e-10
5.01179716032e-10	-5.89572834997e-11
5.02334341728e-10	-8.88364326546e-10
5.03488967423e-10	-1.89345961132e-09
5.04643593119e-10	-2.84135293072e-09
5.05798218815e-10	-3.48648532267e-09
5.0695284451e-10	-3.63557339789e-09
5.08107470206e-10	-3.22628701532e-09
5.09262095902e-10	-2.34106023456e-09
5.10416721597e-10	-1.17196508054e-09
5.11571347293e-10	1.68405983603e-11
5.12725972989e-10	9.71327684951e-10
5.13880598684e-10	1.53604085007e-09
5.1503522438e-10	1.67308877863e-09
5.16189850076e-10	1.45731959833e-09
5.17344475771e-10	1.05335329348e-09
5.18499101467e-10	6.33287422502e-10
5.19653727163e-10	3.1127714295e-10
5.20808352858e-10	1.3068528204e-10
5.21962978554e-10	5.27020822816e-11
5.2311760425e-10	-1.5652163593e-11
5.24272229946e-10	-1.48038206693e-10
5.25426855641e-10	-3.66081942538e-10
5.26581481337e-10	-6.33071484124e-10
5.27736107033e-10	-8.51921921896e-10
5.28890732728e-10	-9.14523401452e-10
5.30045358424e-10	-7.62620688821e-10
5.3119998412e-10	-4.08016648246e-10
5.32354609815e-10	5.93682394912e-11
5.33509235511e-10	4.88331930448e-10
5.34663861207e-10	7.26715576604e-10
5.35818486902e-10	6.74744149443e-10
5.36973112598e-10	3.11315251356e-10
5.38127738294e-10	-2.91873664127e-10
5.39282363989e-10	-9.92626203455e-10
5.40436989685e-10	-1.63312663393e-09
5.41591615381e-10	-2.0865338346e-09
5.42746241076e-10	-2.29115926231e-09
5.43900866772e-10	-2.26766005973e-09
5.45055492468e-10	-2.10175010729e-09
5.46210118163e-10	-1.9043508992e-09
5.47364743859e-10	-1.77035019977e-09
5.48519369555e-10	-1.7482404413e-09
5.49673995251e-10	-1.82616954891e-09
5.50828620946e-10	-1.94199523129e-09
5.51983246642e-10	-2.01683558743e-09
5.53137872338e-10	-1.98640015547e-09
5.54292498033e-10	-1.82403059323e-09
5.55447123729e-10	-1.55557244863e-09
5.56601749425e-10	-1.24787979949e-09
5.5775637512e-10	-9.81171255354e-10
5.58911000816e-10	-8.27596102759e-10
5.60065626512e-10	-8.26160029277e-10
5.61220252207e-10	-9.64655133551e-10
5.62374877903e-10	-1.19205278981e-09
5.63529503599e-10	-1.43597489455e-09
5.64684129294e-10	-1.61930480136e-09
5.6583875499e-10	-1.69318870036e-09
5.66993380686e-10	-1.65407720853e-09
5.68148006381e-10	-1.53410240067e-09
5.69302632077e-10	-1.39552691625e-09
5.70457257773e-10	-1.30908506257e-09
5.71611883468e-10	-1.31646693546e-09
5.72766509164e-10	-1.41973299783e-09
5.7392113486e-10	-1.58122248628e-09
5.75075760556e-10	-1.72549563526e-09
5.76230386251e-10	-1.77228043352e-09
5.77385011947e-10	-1.67102187643e-09
5.78539637643e-10	-1.41221467853e-09
5.79694263338e-10	-1.03905173354e-09
5.80848889034e-10	-6.4084898499e-10
5.8200351473e-10	-3.14409637214e-10
5.83158140425e-10	-1.33486860454e-10
5.84312766121e-10	-1.29592905851e-10
5.85467391817e-10	-2.73191025357e-10
5.86622017512e-10	-4.87337226129e-10
5.87776643208e-10	-6.83011425195e-10
5.88931268904e-10	-7.8531631198e-10
5.90085894599e-10	-7.61543772487e-10
5.91240520295e-10	-6.35530517101e-10
5.92395145991e-10	-4.70188776802e-10
5.93549771686e-10	-3.391570913e-10
5.94704397382e-10	-2.9851790484e-10
5.95859023078e-10	-3.61104202096e-10
5.97013648773e-10	-4.8943094022e-10
5.98168274469e-10	-6.13125383797e-10
5.99322900165e-10	-6.57634890988e-10
6.00477525861e-10	-5.74132352771e-10
6.01632151556e-10	-3.61570384744e-10
6.02786777252e-10	-6.99376528912e-11
6.03941402948e-10	2.15896023281e-10
6.05096028643e-10	4.05809996717e-10
6.06250654339e-10	4.35504077245e-10
6.07405280035e-10	2.86579954212e-10
6.0855990573e-10	-6.89863877829e-12
6.09714531426e-10	-3.70887820456e-10
6.10869157122e-10	-7.18760606588e-10
6.12023782817e-10	-9.76502434469e-10
6.13178408513e-10	-1.10455178337e-09
6.14333034209e-10	-1.10803877185e-09
6.15487659904e-10	-1.02556241277e-09
6.166422856e-10	-9.09759045875e-10
6.17796911296e-10	-8.07101330214e-10
6.18951536991e-10	-7.37687411156e-10
6.20106162687e-10	-6.8904626449e-10
6.21260788383e-10	-6.27494389782e-10
6.22415414078e-10	-5.16597931099e-10
6.23570039774e-10	-3.36808997359e-10
6.2472466547e-10	-1.01632653682e-10
6.25879291166e-10	1.40953887451e-10
6.27033916861e-10	3.24483578895e-10
6.28188542557e-10	3.86173260036e-10
6.29343168253e-10	2.9168939486e-10
6.30497793948e-10	5.17770340491e-11
6.31652419644e-10	-2.77282447003e-10
6.3280704534e-10	-6.10561490255e-10
6.33961671035e-10	-8.61459015233e-10
6.35116296731e-10	-9.69376023896e-10
6.36270922427e-10	-9.20432174922e-10
6.37425548122e-10	-7.50913664582e-10
6.38580173818e-10	-5.2987936261e-10
6.39734799514e-10	-3.3528557708e-10
6.40889425209e-10	-2.27338869951e-10
6.42044050905e-10	-2.26073770815e-10
6.43198676601e-10	-3.09465425508e-10
6.44353302296e-10	-4.2938316791e-10
6.45507927992e-10	-5.29375210334e-10
6.46662553688e-10	-5.67332902879e-10
6.47817179383e-10	-5.34171595845e-10
6.48971805079e-10	-4.51517184752e-10
6.50126430775e-10	-3.59328594657e-10
6.51281056471e-10	-3.02721042678e-10
6.52435682166e-10	-3.11521752838e-10
6.53590307862e-10	-3.87475745933e-10
6.54744933558e-10	-5.09451481001e-10
6.55899559253e-10	-6.40004271801e-10
6.57054184949e-10	-7.37651939531e-10
6.58208810645e-10	-7.77183095657e-10
6.5936343634e-10	-7.56967044602e-10
6.60518062036e-10	-6.96169122349e-10
6.61672687732e-10	-6.30646868061e-10
6.62827313427e-10	-5.99223837217e-10
6.63981939123e-10	-6.24042151287e-10
6.65136564819e-10	-7.04198144241e-10
6.66291190514e-10	-8.15591150172e-10
6.6744581621e-10	-9.13282949266e-10
6.68600441906e-10	-9.49050060761e-10
6.69755067601e-10	-8.91105522705e-10
6.70909693297e-10	-7.31178728675e-10
6.72064318993e-10	-4.91650664625e-10
6.73218944688e-10	-2.23925919474e-10
6.74373570384e-10	1.15541890292e-11
6.7552819608e-10	1.64016952797e-10
6.76682821776e-10	2.02396030491e-10
6.77837447471e-10	1.28088289975e-10
6.78992073167e-10	-2.40279757896e-11
6.80146698863e-10	-2.04531461212e-10
6.81301324558e-10	-3.63091223754e-10
6.82455950254e-10	-4.59302568201e-10
6.8361057595e-10	-4.79036033063e-10
6.84765201645e-10	-4.33314079062e-10
6.85919827341e-10	-3.44349049275e-10
6.87074453037e-10	-2.41100112097e-10
6.88229078732e-10	-1.47584194865e-10
6.89383704428e-10	-7.01673372183e-11
6.90538330124e-10	-5.83605950025e-12
6.91692955819e-10	5.10260757258e-11
6.92847581515e-10	1.08695726031e-10
6.94002207211e-10	1.65018290699e-10
6.95156832906e-10	2.04227690315e-10
6.96311458602e-10	2.11520537197e-10
6.97466084298e-10	1.75008299519e-10
6.98620709993e-10	8.90880078042e-11
6.99775335689e-10	-3.14884299191e-11
7.00929961385e-10	-1.57179852467e-10
7.02084587081e-10	-2.57648763435e-10
7.03239212776e-10	-3.02962072096e-10
7.04393838472e-10	-2.75857253706e-10
7.05548464168e-10	-1.84761914102e-10
7.06703089863e-10	-5.5937199317e-11
7.07857715559e-10	7.25674451085e-11
7.09012341255e-10	1.54821197529e-10
7.1016696695e-10	1.55866861085e-10
7.11321592646e-10	6.35289390538e-11
7.12476218342e-10	-1.14027752518e-10
7.13630844037e-10	-3.45701661741e-10
7.14785469733e-10	-5.83096848583e-10
7.15940095429e-10	-7.7982947877e-10
7.17094721124e-10	-9.01571983736e-10
7.1824934682e-10	-9.3136665047e-10
7.19403972516e-10	-8.77154238133e-10
7.20558598211e-10	-7.66416763387e-10
7.21713223907e-10	-6.32064567352e-10
7.22867849603e-10	-5.04653818734e-10
7.24022475298e-10	-4.06199851533e-10
7.25177100994e-10	-3.41867090192e-10
7.2633172669e-10	-3.0523431005e-10
7.27486352386e-10	-2.88969015383e-10
7.28640978081e-10	-2.85961199165e-10
7.29795603777e-10	-2.94093943642e-10
7.30950229473e-10	-3.21397630731e-10
7.32104855168e-10	-3.76051439988e-10
7.33259480864e-10	-4.59029703137e-10
7.3441410656e-10	-5.66491131782e-10
7.35568732255e-10	-6.84804490891e-10
7.36723357951e-10	-7.90229659486e-10
7.37877983647e-10	-8.63390137162e-10
7.39032609342e-10	-8.92662832541e-10
7.40187235038e-10	-8.72565242283e-10
7.41341860734e-10	-8.1306200661e-10
7.42496486429e-10	-7.34201699437e-10
7.43651112125e-10	-6.51722287248e-10
7.44805737821e-10	-5.80864745192e-10
7.45960363516e-10	-5.32562438593e-10
7.47114989212e-10	-5.01952479581e-10
7.48269614908e-10	-4.79925155172e-10
7.49424240603e-10	-4.60125854085e-10
7.50578866299e-10	-4.30899427251e-10
7.51733491995e-10	-3.86965154364e-10
7.52888117691e-10	-3.36284888824e-10
7.54042743386e-10	-2.86851958853e-10
7.55197369082e-10	-2.49555293097e-10
7.56351994778e-10	-2.41551001423e-10
7.57506620473e-10	-2.69957778354e-10
7.58661246169e-10	-3.31648042362e-10
7.59815871865e-10	-4.20003892776e-10
7.6097049756e-10	-5.1636989129e-10
7.62125123256e-10	-5.95591465036e-10
7.63279748952e-10	-6.40347275205e-10
7.64434374647e-10	-6.39520492118e-10
7.65589000343e-10	-5.91319770926e-10
7.66743626039e-10	-5.10998465764e-10
7.67898251734e-10	-4.21343265833e-10
7.6905287743e-10	-3.43622463816e-10
7.70207503126e-10	-2.9691946124e-10
7.71362128821e-10	-2.88754575806e-10
7.72516754517e-10	-3.11472597714e-10
7.73671380213e-10	-3.51194601178e-10
7.74826005908e-10	-3.91469662242e-10
7.75980631604e-10	-4.1701525566e-10
7.771352573e-10	-4.22891166529e-10
7.78289882995e-10	-4.13846124037e-10
7.79444508691e-10	-3.97687299758e-10
7.80599134387e-10	-3.83165582596e-10
7.81753760083e-10	-3.76455810969e-10
7.82908385778e-10	-3.74979214346e-10
7.84063011474e-10	-3.70466518573e-10
7.8521763717e-10	-3.56751378439e-10
7.86372262865e-10	-3.29636651308e-10
7.87526888561e-10	-2.90019869231e-10
7.88681514257e-10	-2.49513187889e-10
7.89836139952e-10	-2.23169288605e-10
7.90990765648e-10	-2.21541424095e-10
7.92145391344e-10	-2.52960902225e-10
7.93300017039e-10	-3.17412901518e-10
7.94454642735e-10	-4.01611854883e-10
7.95609268431e-10	-4.89616958088e-10
7.96763894126e-10	-5.66661106927e-10
7.97918519822e-10	-6.1689192643e-10
7.99073145518e-10	-6.34712449266e-10
8.00227771213e-10	-6.26405594062e-10
8.01382396909e-10	-5.99521710054e-10
8.02537022605e-10	-5.66460267581e-10
8.036916483e-10	-5.42438871598e-10
8.04846273996e-10	-5.31893196154e-10
8.06000899692e-10	-5.33528832225e-10
8.07155525388e-10	-5.43772804562e-10
8.08310151083e-10	-5.50232359675e-10
8.09464776779e-10	-5.41879374705e-10
8.10619402475e-10	-5.1700976833e-10
8.1177402817e-10	-4.77388184539e-10
8.12928653866e-10	-4.32937768968e-10
8.14083279562e-10	-4.03808431138e-10
8.15237905257e-10	-4.05770389511e-10
8.16392530953e-10	-4.48069553682e-10
8.17547156649e-10	-5.34247146522e-10
8.18701782344e-10	-6.51963150133e-10
8.1985640804e-10	-7.78368203225e-10
8.21011033736e-10	-8.92151963416e-10
8.22165659431e-10	-9.72229297069e-10
8.23320285127e-10	-1.00515207269e-09
8.24474910823e-10	-9.93093829393e-10
8.25629536518e-10	-9.45161282573e-10
8.26784162214e-10	-8.72774630345e-10
8.2793878791e-10	-7.90545517937e-10
8.29093413605e-10	-7.06942393514e-10
8.30248039301e-10	-6.22902229797e-10
8.31402664997e-10	-5.40117783832e-10
8.32557290693e-10	-4.60810334335e-10
8.33711916388e-10	-3.87931936574e-10
8.34866542084e-10	-3.31087990357e-10
8.3602116778e-10	-3.01553892967e-10
8.37175793475e-10	-3.05080072316e-10
8.38330419171e-10	-3.41990574748e-10
8.39485044867e-10	-4.05786876323e-10
8.40639670562e-10	-4.80918249668e-10
8.41794296258e-10	-5.49287226814e-10
8.42948921954e-10	-5.97454197226e-10
8.44103547649e-10	-6.17273898662e-10
8.45258173345e-10	-6.07445982403e-10
8.46412799041e-10	-5.76426018029e-10
8.47567424736e-10	-5.34983557454e-10
8.48722050432e-10	-4.9110510103e-10
8.49876676128e-10	-4.51943787949e-10
8.51031301823e-10	-4.1968875597e-10
8.52185927519e-10	-3.89854815097e-10
8.53340553215e-10	-3.59525464955e-10
8.5449517891e-10	-3.27581073378e-10
8.55649804606e-10	-2.91633411864e-10
8.56804430302e-10	-2.54462034777e-10
8.57959055998e-10	-2.22306090203e-10
8.59113681693e-10	-1.97266536439e-10
8.60268307389e-10	-1.82429293893e-10
8.61422933085e-10	-1.81894027618e-10
8.6257755878e-10	-1.93174615193e-10
8.63732184476e-10	-2.14001885657e-10
8.64886810172e-10	-2.44135045513e-10
8.66041435867e-10	-2.77856182507e-10
8.67196061563e-10	-3.09777342666e-10
8.68350687259e-10	-3.38251204823e-10
8.69505312954e-10	-3.57797180772e-10
8.7065993865e-10	-3.6484451571e-10
8.71814564346e-10	-3.61871005383e-10
8.72969190041e-10	-3.49783813025e-10
8.74123815737e-10	-3.30920901792e-10
8.75278441433e-10	-3.12735226604e-10
8.76433067128e-10	-2.98861990711e-10
8.77587692824e-10	-2.90729690322e-10
8.7874231852e-10	-2.91810992037e-10
8.79896944215e-10	-3.01208835651e-10
8.81051569911e-10	-3.15007075979e-10
8.82206195607e-10	-3.32554761506e-10
8.83360821303e-10	-3.51327023029e-10
8.84515446998e-10	-3.6729619346e-10
8.85670072694e-10	-3.80338815997e-10
8.8682469839e-10	-3.8992850615e-10
8.87979324085e-10	-3.93443444491e-10
8.89133949781e-10	-3.90869087097e-10
8.90288575477e-10	-3.82856496506e-10
8.91443201172e-10	-3.68333391565e-10
8.92597826868e-10	-3.48690548657e-10
8.93752452564e-10	-3.27985555382e-10
8.94907078259e-10	-3.09595377113e-10
8.96061703955e-10	-2.97451480114e-10
8.97216329651e-10	-2.96727892257e-10
8.98370955346e-10	-3.09428482836e-10
8.99525581042e-10	-3.33678723541e-10
9.00680206738e-10	-3.66907615401e-10
9.01834832433e-10	-4.03747146827e-10
9.02989458129e-10	-4.35816965849e-10
9.04144083825e-10	-4.57781257346e-10
9.0529870952e-10	-4.67320904196e-10
9.06453335216e-10	-4.62130278489e-10
9.07607960912e-10	-4.4481585082e-10
9.08762586608e-10	-4.20893875308e-10
9.09917212303e-10	-3.92941318372e-10
9.11071837999e-10	-3.63272745219e-10
9.12226463695e-10	-3.33914312867e-10
9.1338108939e-10	-3.02209757219e-10
9.14535715086e-10	-2.65550970102e-10
9.15690340782e-10	-2.24801011139e-10
9.16844966477e-10	-1.80397821681e-10
9.17999592173e-10	-1.35773503551e-10
9.19154217869e-10	-9.85563852751e-11
9.20308843564e-10	-7.42318151392e-11
9.2146346926e-10	-6.67041491487e-11
9.22618094956e-10	-7.90519455451e-11
9.23772720651e-10	-1.09091888301e-10
9.24927346347e-10	-1.51304732632e-10
9.26081972043e-10	-1.99952540636e-10
9.27236597738e-10	-2.47146775267e-10
9.28391223434e-10	-2.85283907608e-10
9.2954584913e-10	-3.09733794168e-10
9.30700474825e-10	-3.16869114281e-10
9.31855100521e-10	-3.05519137767e-10
9.33009726217e-10	-2.77531886361e-10
9.34164351913e-10	-2.35923114378e-10
9.35318977608e-10	-1.85598453273e-10
9.36473603304e-10	-1.32067898284e-10
9.37628229e-10	-8.00412652824e-11
9.38782854695e-10	-3.40692092593e-11
9.39937480391e-10	2.42349608263e-12
9.41092106087e-10	2.85155475621e-11
9.42246731782e-10	4.28160493171e-11
9.43401357478e-10	4.48249146134e-11
9.44555983174e-10	3.54046722495e-11
9.45710608869e-10	1.45001224569e-11
9.46865234565e-10	-1.68722900235e-11
9.48019860261e-10	-5.45577021061e-11
9.49174485956e-10	-9.44900824251e-11
9.50329111652e-10	-1.31261571057e-10
9.51483737348e-10	-1.57823129565e-10
9.52638363043e-10	-1.70464392601e-10
9.53792988739e-10	-1.69131098016e-10
9.54947614435e-10	-1.55653476219e-10
9.5610224013e-10	-1.36401945294e-10
9.57256865826e-10	-1.1905185171e-10
9.58411491522e-10	-1.07940954786e-10
9.59566117218e-10	-1.05057774979e-10
9.60720742913e-10	-1.09019460126e-10
9.61875368609e-10	-1.13811085556e-10
9.63029994305e-10	-1.14062988221e-10
9.6418462e-10	-1.0744125728e-10
9.65339245696e-10	-9.42402059168e-11
9.66493871392e-10	-7.93047433278e-11
9.67648497087e-10	-7.0703456978e-11
9.68803122783e-10	-7.50396897398e-11
9.69957748479e-10	-9.57935467061e-11
9.71112374174e-10	-1.32092878302e-10
9.7226699987e-10	-1.77941203439e-10
9.73421625566e-10	-2.24321353159e-10
9.74576251261e-10	-2.6262084174e-10
9.75730876957e-10	-2.87114942932e-10
9.76885502653e-10	-2.96033725311e-10
9.78040128348e-10	-2.91994262103e-10
9.79194754044e-10	-2.81010853476e-10
9.8034937974e-10	-2.68923189273e-10
9.81504005435e-10	-2.59402083147e-10
9.82658631131e-10	-2.54246595999e-10
9.83813256827e-10	-2.51880766244e-10
9.84967882523e-10	-2.48449982809e-10
9.86122508218e-10	-2.42098424641e-10
9.87277133914e-10	-2.32650218535e-10
9.8843175961e-10	-2.2109322706e-10
9.89586385305e-10	-2.12388565068e-10
9.90741011001e-10	-2.11442183207e-10
9.91895636697e-10	-2.19647938726e-10
9.93050262392e-10	-2.37079939014e-10
9.94204888088e-10	-2.60413912656e-10
9.95359513784e-10	-2.81313861095e-10
9.96514139479e-10	-2.9299807025e-10
9.97668765175e-10	-2.9134078483e-10
9.98823390871e-10	-2.73649658489e-10
9.99978016566e-10	-2.43711634207e-10
1.00113264226e-09	-2.09853898148e-10
1.00228726796e-09	-1.79083997631e-10
1.00344189365e-09	-1.58617854962e-10
1.00459651935e-09	-1.53258919444e-10
1.00575114504e-09	-1.60966295848e-10
1.00690577074e-09	-1.76776662753e-10
1.00806039644e-09	-1.95843147255e-10
1.00921502213e-09	-2.11479653234e-10
1.01036964783e-09	-2.20453919009e-10
1.01152427352e-09	-2.24517862635e-10
1.01267889922e-09	-2.25724453018e-10
1.01383352491e-09	-2.26894794619e-10
1.01498815061e-09	-2.31302269005e-10
1.01614277631e-09	-2.37647873602e-10
1.017297402e-09	-2.41614922514e-10
1.0184520277e-09	-2.3965440743e-10
1.01960665339e-09	-2.27683621956e-10
1.02076127909e-09	-2.03863773085e-10
1.02191590478e-09	-1.71864744658e-10
1.02307053048e-09	-1.37800076905e-10
1.02422515618e-09	-1.08319311853e-10
1.02537978187e-09	-9.08991493187e-11
1.02653440757e-09	-8.98292759621e-11
1.02768903326e-09	-1.0389224897e-10
1.02884365896e-09	-1.29623450862e-10
1.02999828465e-09	-1.61301888513e-10
1.03115291035e-09	-1.91367907632e-10
1.03230753605e-09	-2.14816303634e-10
1.03346216174e-09	-2.3028740026e-10
1.03461678744e-09	-2.37544706128e-10
1.03577141313e-09	-2.39201686236e-10
1.03692603883e-09	-2.39772340871e-10
1.03808066452e-09	-2.40989256328e-10
1.03923529022e-09	-2.43229408836e-10
1.04038991592e-09	-2.46755421651e-10
1.04154454161e-09	-2.48482706633e-10
1.04269916731e-09	-2.452244241e-10
1.043853793e-09	-2.36831804168e-10
1.0450084187e-09	-2.23600207794e-10
1.04616304439e-09	-2.0704042647e-10
1.04731767009e-09	-1.92451485304e-10
1.04847229579e-09	-1.83830117795e-10
1.04962692148e-09	-1.8288130732e-10
1.05078154718e-09	-1.91215029921e-10
1.05193617287e-09	-2.07182659917e-10
1.05309079857e-09	-2.25816337851e-10
1.05424542426e-09	-2.44288617113e-10
1.05540004996e-09	-2.60286209253e-10
1.05655467565e-09	-2.71940886476e-10
1.05770930135e-09	-2.81327461327e-10
1.05886392705e-09	-2.91885127179e-10
1.06001855274e-09	-3.04199221368e-10
1.06117317844e-09	-3.19177656527e-10
1.06232780413e-09	-3.35756727976e-10
1.06348242983e-09	-3.48939654948e-10
1.06463705552e-09	-3.54431567429e-10
1.06579168122e-09	-3.50330903176e-10
1.06694630692e-09	-3.35390548667e-10
1.06810093261e-09	-3.12207926179e-10
1.06925555831e-09	-2.87346257899e-10
1.070410184e-09	-2.66483446421e-10
1.0715648097e-09	-2.53998932997e-10
1.07271943539e-09	-2.53313842125e-10
1.07387406109e-09	-2.62903171455e-10
1.07502868679e-09	-2.77865092047e-10
1.07618331248e-09	-2.9377991706e-10
1.07733793818e-09	-3.05741154616e-10
1.07849256387e-09	-3.09950731747e-10
1.07964718957e-09	-3.06968589436e-10
1.08080181526e-09	-2.99331226472e-10
1.08195644096e-09	-2.89461621339e-10
1.08311106666e-09	-2.80979572942e-10
1.08426569235e-09	-2.7649899037e-10
1.08542031805e-09	-2.75411582429e-10
1.08657494374e-09	-2.76742212479e-10
1.08772956944e-09	-2.79237327705e-10
1.08888419513e-09	-2.80490491944e-10
1.09003882083e-09	-2.79690215432e-10
1.09119344653e-09	-2.7761332122e-10
1.09234807222e-09	-2.74328892935e-10
1.09350269792e-09	-2.70404643121e-10
1.09465732361e-09	-2.66885985534e-10
1.09581194931e-09	-2.62484922686e-10
1.096966575e-09	-2.55264726023e-10
1.0981212007e-09	-2.4461008219e-10
1.0992758264e-09	-2.2934062982e-10
1.10043045209e-09	-2.09604403278e-10
1.10158507779e-09	-1.8871976204e-10
1.10273970348e-09	-1.70151406853e-10
1.10389432918e-09	-1.57081445074e-10
1.10504895487e-09	-1.53331458641e-10
1.10620358057e-09	-1.59427054891e-10
1.10735820626e-09	-1.72878961147e-10
1.10851283196e-09	-1.90437596248e-10
1.10966745766e-09	-2.07099837279e-10
1.11082208335e-09	-2.17513965173e-10
1.11197670905e-09	-2.19751022934e-10
1.11313133474e-09	-2.13735654175e-10
1.11428596044e-09	-2.00870320377e-10
1.11544058613e-09	-1.8566113924e-10
1.11659521183e-09	-1.72168668211e-10
1.11774983753e-09	-1.62202987153e-10
1.11890446322e-09	-1.57480528618e-10
1.12005908892e-09	-1.5761507377e-10
1.12121371461e-09	-1.59979654524e-10
1.12236834031e-09	-1.63235078232e-10
1.123522966e-09	-1.66599303797e-10
1.1246775917e-09	-1.6913082046e-10
1.1258322174e-09	-1.71512304359e-10
1.12698684309e-09	-1.74899678074e-10
1.12814146879e-09	-1.7878953873e-10
1.12929609448e-09	-1.82673959293e-10
1.13045072018e-09	-1.86028054072e-10
1.13160534587e-09	-1.87326543166e-10
1.13275997157e-09	-1.85856136037e-10
1.13391459727e-09	-1.8277378222e-10
1.13506922296e-09	-1.79199349803e-10
1.13622384866e-09	-1.7664587848e-10
1.13737847435e-09	-1.77102041365e-10
1.13853310005e-09	-1.81140297206e-10
1.13968772574e-09	-1.87529852758e-10
1.14084235144e-09	-1.95132091041e-10
1.14199697714e-09	-2.01949318379e-10
1.14315160283e-09	-2.0572371584e-10
1.14430622853e-09	-2.06166195227e-10
1.14546085422e-09	-2.04222277977e-10
1.14661547992e-09	-2.00421360064e-10
1.14777010561e-09	-1.96639676764e-10
1.14892473131e-09	-1.94743804416e-10
1.15007935701e-09	-1.9447496391e-10
1.1512339827e-09	-1.95187727092e-10
1.1523886084e-09	-1.96540575481e-10
1.15354323409e-09	-1.96457516921e-10
1.15469785979e-09	-1.93740468113e-10
1.15585248548e-09	-1.88809537449e-10
1.15700711118e-09	-1.81217471584e-10
1.15816173687e-09	-1.71496844503e-10
1.15931636257e-09	-1.61681210087e-10
1.16047098827e-09	-1.52362830685e-10
1.16162561396e-09	-1.44187800588e-10
1.16278023966e-09	-1.38881892098e-10
1.16393486535e-09	-1.36505820536e-10
1.16508949105e-09	-1.36772190795e-10
1.16624411674e-09	-1.4064104048e-10
1.16739874244e-09	-1.4708562146e-10
1.16855336814e-09	-1.54595086732e-10
1.16970799383e-09	-1.62495947253e-10
1.17086261953e-09	-1.69165681463e-10
1.17201724522e-09	-1.72218336814e-10
1.17317187092e-09	-1.71312936059e-10
1.17432649661e-09	-1.6593801333e-10
1.17548112231e-09	-1.55690252357e-10
1.17663574801e-09	-1.42140105241e-10
1.1777903737e-09	-1.27066593358e-10
1.1789449994e-09	-1.11537813707e-10
1.18009962509e-09	-9.78933947793e-11
1.18125425079e-09	-8.76822364715e-11
1.18240887648e-09	-8.09798339496e-11
1.18356350218e-09	-7.81724129872e-11
1.18471812788e-09	-7.92147250572e-11
1.18587275357e-09	-8.23638726666e-11
1.18702737927e-09	-8.65555613294e-11
1.18818200496e-09	-9.12223074856e-11
1.18933663066e-09	-9.5023183766e-11
1.19049125635e-09	-9.73516822711e-11
1.19164588205e-09	-9.86145956561e-11
1.19280050775e-09	-9.86996387398e-11
1.19395513344e-09	-9.77434730376e-11
1.19510975914e-09	-9.64507362866e-11
1.19626438483e-09	-9.47878858737e-11
1.19741901053e-09	-9.24813559067e-11
1.19857363622e-09	-9.00120256109e-11
1.19972826192e-09	-8.69670863102e-11
1.20088288762e-09	-8.31699709103e-11
1.20203751331e-09	-7.9141228293e-11
1.20319213901e-09	-7.52473985899e-11
1.2043467647e-09	-7.12623501875e-11
1.2055013904e-09	-6.7896535616e-11
1.20665601609e-09	-6.54145695944e-11
1.20781064179e-09	-6.32841487547e-11
1.20896526748e-09	-6.17589174245e-11
1.21011989318e-09	-6.1114092953e-11
1.21127451888e-09	-6.0948426861e-11
1.21242914457e-09	-6.18059492474e-11
1.21358377027e-09	-6.44184705578e-11
1.21473839596e-09	-6.85179274429e-11
1.21589302166e-09	-7.41441213981e-11
1.21704764735e-09	-8.16382655922e-11
1.21820227305e-09	-8.97566534985e-11
1.21935689875e-09	-9.77583083928e-11
1.22051152444e-09	-1.05571863751e-10
1.22166615014e-09	-1.12073995917e-10
1.22282077583e-09	-1.16647261295e-10
1.22397540153e-09	-1.20086357525e-10
1.22513002722e-09	-1.21921486795e-10
1.22628465292e-09	-1.2187409415e-10
1.22743927862e-09	-1.20744872434e-10
1.22859390431e-09	-1.18115739411e-10
1.22974853001e-09	-1.13446411987e-10
1.2309031557e-09	-1.07718889364e-10
1.2320577814e-09	-1.01223480986e-10
1.23321240709e-09	-9.43520192531e-11
1.23436703279e-09	-8.91738419218e-11
1.23552165849e-09	-8.68640853691e-11
1.23667628418e-09	-8.79312872515e-11
1.23783090988e-09	-9.33251670387e-11
1.23898553557e-09	-1.02670538737e-10
1.24014016127e-09	-1.14135020879e-10
1.24129478696e-09	-1.26624183361e-10
1.24244941266e-09	-1.38440356401e-10
1.24360403836e-09	-1.47456033495e-10
1.24475866405e-09	-1.53028367755e-10
1.24591328975e-09	-1.54969828636e-10
1.24706791544e-09	-1.52793597219e-10
1.24822254114e-09	-1.47129808337e-10
1.24937716683e-09	-1.39044428749e-10
1.25053179253e-09	-1.29093416512e-10
1.25168641823e-09	-1.1829046076e-10
1.25284104392e-09	-1.08323981729e-10
1.25399566962e-09	-9.9922833896e-11
1.25515029531e-09	-9.40167596553e-11
1.25630492101e-09	-9.1590818263e-11
1.2574595467e-09	-9.24692197812e-11
1.2586141724e-09	-9.58464349554e-11
1.25976879809e-09	-1.01075287029e-10
1.26092342379e-09	-1.06905366504e-10
1.26207804949e-09	-1.11823453275e-10
1.26323267518e-09	-1.15429214798e-10
1.26438730088e-09	-1.17483300865e-10
1.26554192657e-09	-1.17614529227e-10
1.26669655227e-09	-1.16708365194e-10
1.26785117796e-09	-1.15383536059e-10
1.26900580366e-09	-1.13507647725e-10
1.27016042936e-09	-1.11437331585e-10
1.27131505505e-09	-1.09532563575e-10
1.27246968075e-09	-1.07132656912e-10
1.27362430644e-09	-1.04378915233e-10
1.27477893214e-09	-1.01605800162e-10
1.27593355783e-09	-9.84693646067e-11
1.27708818353e-09	-9.52565040735e-11
1.27824280923e-09	-9.27372831305e-11
1.27939743492e-09	-9.04422509107e-11
1.28055206062e-09	-8.88586149106e-11
1.28170668631e-09	-8.86653528376e-11
1.28286131201e-09	-8.96489271707e-11
1.2840159377e-09	-9.20271636673e-11
1.2851705634e-09	-9.63718410629e-11
1.2863251891e-09	-1.01922463525e-10
1.28747981479e-09	-1.08273966182e-10
1.28863444049e-09	-1.15086579155e-10
1.28978906618e-09	-1.21230747663e-10
1.29094369188e-09	-1.25629645575e-10
1.29209831757e-09	-1.28402830035e-10
1.29325294327e-09	-1.28886651352e-10
1.29440756897e-09	-1.27097665725e-10
1.29556219466e-09	-1.23925994466e-10
1.29671682036e-09	-1.2023550211e-10
1.29787144605e-09	-1.16341269951e-10
1.29902607175e-09	-1.13603342011e-10
1.30018069744e-09	-1.12538679764e-10
1.30133532314e-09	-1.13160550375e-10
1.30248994884e-09	-1.15548376423e-10
1.30364457453e-09	-1.19561013867e-10
1.30479920023e-09	-1.24233151544e-10
1.30595382592e-09	-1.29258978521e-10
1.30710845162e-09	-1.34256758488e-10
1.30826307731e-09	-1.38585851128e-10
1.30941770301e-09	-1.42335546127e-10
1.3105723287e-09	-1.45933695683e-10
1.3117269544e-09	-1.49060541688e-10
1.3128815801e-09	-1.51675866311e-10
1.31403620579e-09	-1.53846074769e-10
1.31519083149e-09	-1.54972423783e-10
1.31634545718e-09	-1.54329785063e-10
1.31750008288e-09	-1.52173648682e-10
1.31865470857e-09	-1.48326406713e-10
1.31980933427e-09	-1.43151823728e-10
1.32096395997e-09	-1.37832842362e-10
1.32211858566e-09	-1.331356414e-10
1.32327321136e-09	-1.29649013747e-10
1.32442783705e-09	-1.28193178295e-10
1.32558246275e-09	-1.28957913792e-10
1.32673708844e-09	-1.3151123246e-10
1.32789171414e-09	-1.35799316237e-10
1.32904633984e-09	-1.41436612422e-10
1.33020096553e-09	-1.47546891371e-10
1.33135559123e-09	-1.53885751364e-10
1.33251021692e-09	-1.5989386204e-10
1.33366484262e-09	-1.64275745784e-10
1.33481946831e-09	-1.66423638759e-10
1.33597409401e-09	-1.65916905215e-10
1.33712871971e-09	-1.61859151082e-10
1.3382833454e-09	-1.54517773576e-10
1.3394379711e-09	-1.45032097443e-10
1.34059259679e-09	-1.34205466185e-10
1.34174722249e-09	-1.23778515215e-10
1.34290184818e-09	-1.15795893707e-10
1.34405647388e-09	-1.10943636222e-10
1.34521109958e-09	-1.09826411854e-10
1.34636572527e-09	-1.12692889742e-10
1.34752035097e-09	-1.18055953902e-10
1.34867497666e-09	-1.24617399733e-10
1.34982960236e-09	-1.31187810615e-10
1.35098422805e-09	-1.36182898292e-10
1.35213885375e-09	-1.3859631498e-10
1.35329347945e-09	-1.38699149388e-10
1.35444810514e-09	-1.36399419537e-10
1.35560273084e-09	-1.32183083923e-10
1.35675735653e-09	-1.27334504052e-10
1.35791198223e-09	-1.22405308112e-10
1.35906660792e-09	-1.17617499074e-10
1.36022123362e-09	-1.1350592688e-10
1.36137585931e-09	-1.09816392091e-10
1.36253048501e-09	-1.06266530298e-10
1.36368511071e-09	-1.02933959967e-10
1.3648397364e-09	-9.99515817335e-11
1.3659943621e-09	-9.73242111901e-11
1.36714898779e-09	-9.56469764501e-11
1.36830361349e-09	-9.51622877721e-11
1.36945823918e-09	-9.57727092077e-11
1.37061286488e-09	-9.73865640908e-11
1.37176749058e-09	-9.98171614808e-11
1.37292211627e-09	-1.02391393975e-10
1.37407674197e-09	-1.05097097691e-10
1.37523136766e-09	-1.07795480875e-10
1.37638599336e-09	-1.10406440934e-10
1.37754061905e-09	-1.12720915935e-10
1.37869524475e-09	-1.15051135285e-10
1.37984987045e-09	-1.16611262313e-10
1.38100449614e-09	-1.1682883827e-10
1.38215912184e-09	-1.15378415155e-10
1.38331374753e-09	-1.11992290441e-10
1.38446837323e-09	-1.06509509545e-10
1.38562299892e-09	-1.00053063057e-10
1.38677762462e-09	-9.3695391723e-11
1.38793225032e-09	-8.87149867457e-11
1.38908687601e-09	-8.64515681265e-11
1.39024150171e-09	-8.76791764193e-11
1.3913961274e-09	-9.2030778831e-11
1.3925507531e-09	-9.90940871026e-11
1.39370537879e-09	-1.07401615379e-10
1.39486000449e-09	-1.15226717057e-10
1.39601463019e-09	-1.21392965124e-10
1.39716925588e-09	-1.25164045794e-10
1.39832388158e-09	-1.25584875832e-10
1.39947850727e-09	-1.23391588613e-10
1.40063313297e-09	-1.19251830633e-10
1.40178775866e-09	-1.13674201996e-10
1.40294238436e-09	-1.07658632009e-10
1.40409701006e-09	-1.02314060002e-10
1.40525163575e-09	-9.7399630028e-11
1.40640626145e-09	-9.35054741968e-11
1.40756088714e-09	-9.07752970014e-11
1.40871551284e-09	-8.89102610979e-11
1.40987013853e-09	-8.79702630185e-11
1.41102476423e-09	-8.84358558606e-11
1.41217938992e-09	-8.99867957926e-11
1.41333401562e-09	-9.26381193977e-11
1.41448864132e-09	-9.63911450658e-11
1.41564326701e-09	-1.00513895818e-10
1.41679789271e-09	-1.04142902635e-10
1.4179525184e-09	-1.0693951974e-10
1.4191071441e-09	-1.08032659207e-10
1.42026176979e-09	-1.07040466768e-10
1.42141639549e-09	-1.0431908809e-10
1.42257102119e-09	-1.00256331015e-10
1.42372564688e-09	-9.5055227578e-11
1.42488027258e-09	-8.96124910388e-11
1.42603489827e-09	-8.4149777424e-11
1.42718952397e-09	-7.8566347872e-11
1.42834414966e-09	-7.31266089349e-11
1.42949877536e-09	-6.79844167073e-11
1.43065340106e-09	-6.307170064e-11
1.43180802675e-09	-5.92180818271e-11
1.43296265245e-09	-5.73470611276e-11
1.43411727814e-09	-5.7809521059e-11
1.43527190384e-09	-6.10022934944e-11
1.43642652953e-09	-6.69743149828e-11
1.43758115523e-09	-7.45440514871e-11
1.43873578093e-09	-8.22568818615e-11
1.43989040662e-09	-8.88059070725e-11
1.44104503232e-09	-9.27124904626e-11
1.44219965801e-09	-9.28902094133e-11
1.44335428371e-09	-8.97372731679e-11
1.4445089094e-09	-8.37729816072e-11
1.4456635351e-09	-7.58163462566e-11
1.4468181608e-09	-6.75843964126e-11
1.44797278649e-09	-5.99947175273e-11
1.44912741219e-09	-5.35104530131e-11
1.45028203788e-09	-4.8762729965e-11
1.45143666358e-09	-4.56678306282e-11
1.45259128927e-09	-4.36972923124e-11
1.45374591497e-09	-4.31774234422e-11
1.45490054067e-09	-4.40641828581e-11
1.45605516636e-09	-4.61728572043e-11
1.45720979206e-09	-4.98961358342e-11
1.45836441775e-09	-5.53819767823e-11
1.45951904345e-09	-6.18852052936e-11
1.46067366914e-09	-6.90809076609e-11
1.46182829484e-09	-7.62753471495e-11
1.46298292053e-09	-8.23303925035e-11
1.46413754623e-09	-8.65384847115e-11
1.46529217193e-09	-8.87221962564e-11
