% time-domain voltage integration by openEMS v0.37.0-rc1-2-g7b051bb @Wed Aug  5 23:20:31 2026
% start-coordinates: (0.00205582,0,0.00645761) m -> [81,50,115]
% stop-coordinates: (0.00257239,0,0.00645761) m -> [89,50,115]
% t/s	voltage
0	0
1.14537166239e-12	0
2.29074332477e-12	0
3.43611498716e-12	0
4.58148664955e-12	0
5.72685831193e-12	0
6.87222997432e-12	0
8.01760163671e-12	0
9.16297329909e-12	-2.3314683258e-33
1.03083449615e-11	-3.49450091529e-29
1.14537166239e-11	-7.8517429312e-26
1.25990882863e-11	-3.87122911627e-23
1.37444599486e-11	-4.3931757562e-21
1.4889831611e-11	9.21123010607e-20
1.60352032734e-11	2.6416342991e-17
1.71805749358e-11	9.40025563655e-16
1.83259465982e-11	9.71312341045e-15
1.94713182606e-11	-5.48526601948e-14
2.0616689923e-11	-1.91393624379e-12
2.17620615853e-11	-1.71287056601e-11
2.29074332477e-11	-8.35294677393e-11
2.40528049101e-11	-2.62625845116e-10
2.51981765725e-11	-5.75794394803e-10
2.63435482349e-11	-8.64663847466e-10
2.74889198973e-11	-5.458128359e-10
2.86342915597e-11	1.7396404213e-09
2.97796632221e-11	8.40161840099e-09
3.09250348844e-11	2.28302183825e-08
3.20704065468e-11	4.87667175531e-08
3.32157782092e-11	8.86139508438e-08
3.43611498716e-11	1.39861929149e-07
3.5506521534e-11	1.89961216535e-07
3.66518931964e-11	2.11234468139e-07
3.77972648588e-11	1.57920712951e-07
3.89426365211e-11	-3.08323488962e-08
4.00880081835e-11	-4.17225545668e-07
4.12333798459e-11	-1.03934524631e-06
4.23787515083e-11	-1.87827330933e-06
4.35241231707e-11	-2.82691739528e-06
4.46694948331e-11	-3.67574310189e-06
4.58148664955e-11	-4.13308100633e-06
4.69602381579e-11	-3.88734594026e-06
4.81056098202e-11	-2.70244603939e-06
4.92509814826e-11	-5.2312589105e-07
5.0396353145e-11	2.45208268268e-06
5.15417248074e-11	5.76624626092e-06
5.26870964698e-11	8.78874084265e-06
5.38324681322e-11	1.08756944428e-05
5.49778397946e-11	1.15567577836e-05
5.61232114569e-11	1.06830793811e-05
5.72685831193e-11	8.47555935479e-06
5.84139547817e-11	5.45196442658e-06
5.95593264441e-11	2.25503592333e-06
6.07046981065e-11	-5.52394119779e-07
6.18500697689e-11	-2.64699053787e-06
6.29954414313e-11	-4.00311208182e-06
6.41408130937e-11	-4.83306291699e-06
6.5286184756e-11	-5.44488597143e-06
6.64315564184e-11	-6.08147288972e-06
6.75769280808e-11	-6.80733541003e-06
6.87222997432e-11	-7.48018840113e-06
6.98676714056e-11	-7.81249775628e-06
7.1013043068e-11	-7.48796730932e-06
7.21584147304e-11	-6.285754381e-06
7.33037863927e-11	-4.1719384285e-06
7.44491580551e-11	-1.32969530142e-06
7.55945297175e-11	1.87178872579e-06
7.67399013799e-11	4.95733198136e-06
7.78852730423e-11	7.44978854073e-06
7.90306447047e-11	8.97353868368e-06
8.01760163671e-11	9.33117905788e-06
8.13213880295e-11	8.53858671235e-06
8.24667596918e-11	6.80757267446e-06
8.36121313542e-11	4.48343848802e-06
8.47575030166e-11	1.95702207861e-06
8.5902874679e-11	-4.24037178703e-07
8.70482463414e-11	-2.41580922022e-06
8.81936180038e-11	-3.89655255617e-06
8.93389896662e-11	-4.8466073963e-06
9.04843613285e-11	-5.30598657633e-06
9.16297329909e-11	-5.33185863105e-06
9.27751046533e-11	-4.97537601518e-06
9.39204763157e-11	-4.27975103889e-06
9.50658479781e-11	-3.29335873062e-06
9.62112196405e-11	-2.08555199777e-06
9.73565913029e-11	-7.54566581662e-07
9.85019629653e-11	5.75507321798e-07
9.96473346276e-11	1.76925270523e-06
1.0079270629e-10	2.6991315849e-06
1.01938077952e-10	3.26800284256e-06
1.03083449615e-10	3.42980865753e-06
1.04228821277e-10	3.20434253354e-06
1.0537419294e-10	2.67818873567e-06
1.06519564602e-10	1.98898001713e-06
1.07664936264e-10	1.28988369852e-06
1.08810307927e-10	7.04299115029e-07
1.09955679589e-10	2.85365373998e-07
1.11101051252e-10	-3.64424113108e-09
1.12246422914e-10	-2.71579292388e-07
1.13391794576e-10	-6.4973200864e-07
1.14537166239e-10	-1.22244922807e-06
1.15682537901e-10	-1.96960250776e-06
1.16827909563e-10	-2.7456292031e-06
1.17973281226e-10	-3.31227133188e-06
1.19118652888e-10	-3.41819409755e-06
1.20264024551e-10	-2.89687713462e-06
1.21409396213e-10	-1.74707599854e-06
1.22554767875e-10	-1.59425281865e-07
1.23700139538e-10	1.52520867402e-06
1.248455112e-10	2.91394344742e-06
1.25990882863e-10	3.68275280493e-06
1.27136254525e-10	3.67925744627e-06
1.28281626187e-10	2.96915445119e-06
1.2942699785e-10	1.81172556779e-06
1.30572369512e-10	5.74811615195e-07
1.31717741174e-10	-3.83660964332e-07
1.32863112837e-10	-8.256536006e-07
1.34008484499e-10	-7.01926772706e-07
1.35153856162e-10	-1.57645462906e-07
1.36299227824e-10	5.23554664511e-07
1.37444599486e-10	1.02039945205e-06
1.38589971149e-10	1.08434993251e-06
1.39735342811e-10	6.26064572629e-07
1.40880714474e-10	-2.51496693693e-07
1.42026086136e-10	-1.28587422665e-06
1.43171457798e-10	-2.14099458162e-06
1.44316829461e-10	-2.52106819687e-06
1.45462201123e-10	-2.271433587e-06
1.46607572785e-10	-1.43207625314e-06
1.47752944448e-10	-2.24705303253e-07
1.4889831611e-10	1.02191776108e-06
1.50043687773e-10	1.98200319801e-06
1.51189059435e-10	2.4370549454e-06
1.52334431097e-10	2.33750419909e-06
1.5347980276e-10	1.8024921502e-06
1.54625174422e-10	1.06037104075e-06
1.55770546085e-10	3.57979153875e-07
1.56915917747e-10	-1.26590300908e-07
1.58061289409e-10	-3.33743095382e-07
1.59206661072e-10	-3.23186894136e-07
1.60352032734e-10	-2.29255674888e-07
1.61497404397e-10	-1.96033248301e-07
1.62642776059e-10	-3.19557586614e-07
1.63788147721e-10	-6.16380155805e-07
1.64933519384e-10	-1.02651191725e-06
1.66078891046e-10	-1.44130643065e-06
1.67224262708e-10	-1.74341789716e-06
1.68369634371e-10	-1.84053807573e-06
1.69515006033e-10	-1.68808942647e-06
1.70660377696e-10	-1.29512373093e-06
1.71805749358e-10	-7.19459194443e-07
1.7295112102e-10	-5.33316182327e-08
1.74096492683e-10	5.95773073542e-07
1.75241864345e-10	1.12702892352e-06
1.76387236008e-10	1.46749685115e-06
1.7753260767e-10	1.58635353387e-06
1.78677979332e-10	1.49944352046e-06
1.79823350995e-10	1.25916329807e-06
1.80968722657e-10	9.34226406457e-07
1.82114094319e-10	5.85722915503e-07
1.83259465982e-10	2.49375593953e-07
1.84404837644e-10	-6.94066146778e-08
1.85550209307e-10	-3.85862168883e-07
1.86695580969e-10	-7.16669184442e-07
1.87840952631e-10	-1.06041288461e-06
1.88986324294e-10	-1.38723830645e-06
1.90131695956e-10	-1.64300602989e-06
1.91277067619e-10	-1.76546117814e-06
1.92422439281e-10	-1.70782473674e-06
1.93567810943e-10	-1.45795574014e-06
1.94713182606e-10	-1.04803622492e-06
1.95858554268e-10	-5.48694046643e-07
1.97003925931e-10	-4.97708534386e-08
1.98149297593e-10	3.65361465526e-07
1.99294669255e-10	6.44462286203e-07
2.00440040918e-10	7.80425924773e-07
2.0158541258e-10	8.09942584112e-07
2.02730784242e-10	7.95315362012e-07
2.03876155905e-10	7.9732679481e-07
2.05021527567e-10	8.47322688458e-07
2.0616689923e-10	9.30764372242e-07
2.07312270892e-10	9.90321908034e-07
2.08457642554e-10	9.47815266272e-07
2.09603014217e-10	7.3889360408e-07
2.10748385879e-10	3.45392187739e-07
2.11893757542e-10	-1.8770959187e-07
2.13039129204e-10	-7.59856263244e-07
2.14184500866e-10	-1.24516076028e-06
2.15329872529e-10	-1.53533042635e-06
2.16475244191e-10	-1.57724561234e-06
2.17620615853e-10	-1.39146187195e-06
2.18765987516e-10	-1.06278729817e-06
2.19911359178e-10	-7.07267005851e-07
2.21056730841e-10	-4.2865241312e-07
2.22202102503e-10	-2.8082220549e-07
2.23347474165e-10	-2.51829797904e-07
2.24492845828e-10	-2.7289516602e-07
2.2563821749e-10	-2.49735386149e-07
2.26783589153e-10	-1.01855121892e-07
2.27928960815e-10	2.03545915012e-07
2.29074332477e-10	6.36671202869e-07
2.3021970414e-10	1.11151766191e-06
2.31365075802e-10	1.51211941812e-06
2.32510447464e-10	1.72801557596e-06
2.33655819127e-10	1.68698973368e-06
2.34801190789e-10	1.37641053755e-06
2.35946562452e-10	8.45399917182e-07
2.37091934114e-10	1.90592947646e-07
2.38237305776e-10	-4.71025678905e-07
2.39382677439e-10	-1.03174225785e-06
2.40528049101e-10	-1.41847420565e-06
2.41673420764e-10	-1.60495773116e-06
2.42818792426e-10	-1.61012525979e-06
2.43964164088e-10	-1.48368500419e-06
2.45109535751e-10	-1.2847165678e-06
2.46254907413e-10	-1.06154354995e-06
2.47400279076e-10	-8.38695033423e-07
2.48545650738e-10	-6.15359144973e-07
2.496910224e-10	-3.73980446611e-07
2.50836394063e-10	-9.55960128834e-08
2.51981765725e-10	2.25742013527e-07
2.53127137387e-10	5.73971089324e-07
2.5427250905e-10	9.11258823066e-07
2.55417880712e-10	1.18690304873e-06
2.56563252375e-10	1.35117560518e-06
2.57708624037e-10	1.36927420868e-06
2.58853995699e-10	1.23098325133e-06
2.59999367362e-10	9.53861352571e-07
2.61144739024e-10	5.79289498148e-07
2.62290110687e-10	1.62820039229e-07
2.63435482349e-10	-2.37606666786e-07
2.64580854011e-10	-5.74140234022e-07
2.65726225674e-10	-8.17933461406e-07
2.66871597336e-10	-9.62455999343e-07
2.68016968998e-10	-1.02084486286e-06
2.69162340661e-10	-1.01726588042e-06
2.70307712323e-10	-9.75693950522e-07
2.71453083986e-10	-9.1035174421e-07
2.72598455648e-10	-8.21378577598e-07
2.7374382731e-10	-6.97130595029e-07
2.74889198973e-10	-5.22840657879e-07
2.76034570635e-10	-2.91584571599e-07
2.77179942298e-10	-1.25109880234e-08
2.7832531396e-10	2.87051905801e-07
2.79470685622e-10	5.66869335472e-07
2.80616057285e-10	7.84798132258e-07
2.81761428947e-10	9.08921911957e-07
2.82906800609e-10	9.26506238841e-07
2.84052172272e-10	8.46658323894e-07
2.85197543934e-10	6.96125809441e-07
2.86342915597e-10	5.0987670619e-07
2.87488287259e-10	3.20130052245e-07
2.88633658921e-10	1.4801918935e-07
2.89779030584e-10	-5.77820347125e-10
2.90924402246e-10	-1.32796253993e-07
2.92069773909e-10	-2.62396664397e-07
2.93215145571e-10	-4.00985944893e-07
2.94360517233e-10	-5.50325484738e-07
2.95505888896e-10	-6.98543185962e-07
2.96651260558e-10	-8.2124992673e-07
2.97796632221e-10	-8.88027166468e-07
2.98942003883e-10	-8.71792614987e-07
3.00087375545e-10	-7.58247015398e-07
3.01232747208e-10	-5.52260669195e-07
3.0237811887e-10	-2.79037051243e-07
3.03523490532e-10	2.10879671503e-08
3.04668862195e-10	3.01978964501e-07
3.05814233857e-10	5.22534801206e-07
3.0695960552e-10	6.56420521494e-07
3.08104977182e-10	6.96388713806e-07
3.09250348844e-10	6.54135167366e-07
3.10395720507e-10	5.54464119062e-07
3.11541092169e-10	4.27195995911e-07
3.12686463832e-10	2.98937980148e-07
3.13831835494e-10	1.87082733305e-07
3.14977207156e-10	9.75447989049e-08
3.16122578819e-10	2.60366964655e-08
3.17267950481e-10	-3.81014577666e-08
3.18413322143e-10	-1.07038694352e-07
3.19558693806e-10	-1.89300991771e-07
3.20704065468e-10	-2.86882702483e-07
3.21849437131e-10	-3.93400965137e-07
3.22994808793e-10	-4.95037994597e-07
3.24140180455e-10	-5.73599535869e-07
3.25285552118e-10	-6.1068219992e-07
3.2643092378e-10	-5.9265479635e-07
3.27576295443e-10	-5.14553732955e-07
3.28721667105e-10	-3.81980203912e-07
3.29867038767e-10	-2.10132046874e-07
3.3101241043e-10	-2.08979968885e-08
3.32157782092e-10	1.61957887101e-07
3.33303153755e-10	3.16969488878e-07
3.34448525417e-10	4.28632986882e-07
3.35593897079e-10	4.88785850905e-07
3.36739268742e-10	4.97058405102e-07
3.37884640404e-10	4.59898430449e-07
3.39030012066e-10	3.88797023021e-07
3.40175383729e-10	2.98092379225e-07
3.41320755391e-10	2.02029702301e-07
3.42466127054e-10	1.11801519154e-07
3.43611498716e-10	3.29868967697e-08
3.44756870378e-10	-3.49943549693e-08
3.45902242041e-10	-9.81617822582e-08
3.47047613703e-10	-1.64449590834e-07
3.48192985366e-10	-2.39829679671e-07
3.49338357028e-10	-3.24462058998e-07
3.5048372869e-10	-4.10927647465e-07
3.51629100353e-10	-4.85062585653e-07
3.52774472015e-10	-5.29058645782e-07
3.53919843677e-10	-5.26448815208e-07
3.5506521534e-10	-4.66745653682e-07
3.56210587002e-10	-3.49134207767e-07
3.57355958665e-10	-1.83932590048e-07
3.58501330327e-10	8.46813508204e-09
3.59646701989e-10	2.01164946034e-07
3.60792073652e-10	3.65645615119e-07
3.61937445314e-10	4.77830493395e-07
3.63082816977e-10	5.23127280161e-07
3.64228188639e-10	4.99495811823e-07
3.65373560301e-10	4.17916666606e-07
3.66518931964e-10	2.992027337e-07
3.67664303626e-10	1.68500477571e-07
3.68809675288e-10	4.88968385781e-08
3.69955046951e-10	-4.43001075823e-08
3.71100418613e-10	-1.06360864116e-07
3.72245790276e-10	-1.42617274435e-07
3.73391161938e-10	-1.64834180971e-07
3.745365336e-10	-1.85665111729e-07
3.75681905263e-10	-2.13711420116e-07
3.76827276925e-10	-2.5012375815e-07
3.77972648588e-10	-2.88441137641e-07
3.7911802025e-10	-3.16872112549e-07
3.80263391912e-10	-3.22487087701e-07
3.81408763575e-10	-2.95735715028e-07
3.82554135237e-10	-2.33830791174e-07
3.836995069e-10	-1.42157813521e-07
3.84844878562e-10	-3.32329541664e-08
3.85990250224e-10	7.62760881123e-08
3.87135621887e-10	1.69779446502e-07
3.88280993549e-10	2.3466341581e-07
3.89426365211e-10	2.65134209698e-07
3.90571736874e-10	2.6291165689e-07
3.91717108536e-10	2.35811832283e-07
3.92862480199e-10	1.94568364975e-07
3.94007851861e-10	1.49199581578e-07
3.95153223523e-10	1.0610092005e-07
3.96298595186e-10	6.67534068022e-08
3.97443966848e-10	2.86307590969e-08
3.98589338511e-10	-1.23539712904e-08
3.99734710173e-10	-5.90455129235e-08
4.00880081835e-10	-1.1092090979e-07
4.02025453498e-10	-1.63519612073e-07
4.0317082516e-10	-2.09868206369e-07
4.04316196822e-10	-2.42652545168e-07
4.05461568485e-10	-2.56604373305e-07
4.06606940147e-10	-2.49927063933e-07
4.0775231181e-10	-2.24346448974e-07
4.08897683472e-10	-1.83844461432e-07
4.10043055134e-10	-1.33216099485e-07
4.11188426797e-10	-7.67542283064e-08
4.12333798459e-10	-1.77402057489e-08
4.13479170122e-10	4.11471328121e-08
4.14624541784e-10	9.72253921816e-08
4.15769913446e-10	1.47142114493e-07
4.16915285109e-10	1.86876462749e-07
4.18060656771e-10	2.12121623377e-07
4.19206028434e-10	2.19238192045e-07
4.20351400096e-10	2.06194096464e-07
4.21496771758e-10	1.73266941239e-07
4.22642143421e-10	1.23174853428e-07
4.23787515083e-10	6.07721939438e-08
4.24932886745e-10	-7.72407035554e-09
4.26078258408e-10	-7.57880744828e-08
4.2722363007e-10	-1.3729611581e-07
4.28369001733e-10	-1.87261115947e-07
4.29514373395e-10	-2.22066692146e-07
4.30659745057e-10	-2.39447404127e-07
4.3180511672e-10	-2.38463355728e-07
4.32950488382e-10	-2.1939239403e-07
4.34095860045e-10	-1.83831126321e-07
4.35241231707e-10	-1.34832004228e-07
4.36386603369e-10	-7.70392500904e-08
4.37531975032e-10	-1.64339153397e-08
4.38677346694e-10	4.03900888291e-08
4.39822718356e-10	8.73050609584e-08
4.40968090019e-10	1.19967023871e-07
4.42113461681e-10	1.3673567878e-07
4.43258833344e-10	1.38995562615e-07
4.44404205006e-10	1.30357596717e-07
4.45549576668e-10	1.15265803124e-07
4.46694948331e-10	9.73204503651e-08
4.47840319993e-10	7.80534090694e-08
4.48985691656e-10	5.67504927496e-08
4.50131063318e-10	3.14208905561e-08
4.5127643498e-10	2.43708553338e-10
4.52421806643e-10	-3.69016697199e-08
4.53567178305e-10	-7.76222557342e-08
4.54712549967e-10	-1.1728794469e-07
4.5585792163e-10	-1.50140273547e-07
4.57003293292e-10	-1.70665620303e-07
4.58148664955e-10	-1.75176816164e-07
4.59294036617e-10	-1.62556254679e-07
4.60439408279e-10	-1.34535336649e-07
4.61584779942e-10	-9.52952188271e-08
4.62730151604e-10	-5.05707524745e-08
4.63875523267e-10	-6.62459995193e-09
4.65020894929e-10	3.10611245613e-08
4.66166266591e-10	5.86890025467e-08
4.67311638254e-10	7.48697277508e-08
4.68457009916e-10	8.08005040653e-08
4.69602381579e-10	7.96386960822e-08
4.70747753241e-10	7.5386084486e-08
4.71893124903e-10	7.14883841013e-08
4.73038496566e-10	6.9528771629e-08
4.74183868228e-10	6.85756993413e-08
4.7532923989e-10	6.56391812015e-08
4.76474611553e-10	5.65850122314e-08
4.77619983215e-10	3.80918265819e-08
4.78765354878e-10	8.9778312562e-09
4.7991072654e-10	-2.87057744242e-08
4.81056098202e-10	-6.99719748809e-08
4.82201469865e-10	-1.07925803405e-07
4.83346841527e-10	-1.35649242061e-07
4.8449221319e-10	-1.48080743223e-07
4.85637584852e-10	-1.43408580122e-07
4.86782956514e-10	-1.23535189189e-07
4.87928328177e-10	-9.34757546922e-08
4.89073699839e-10	-5.98565170762e-08
4.90219071501e-10	-2.88747910027e-08
4.91364443164e-10	-4.67348158784e-09
4.92509814826e-10	1.18748486599e-08
4.93655186489e-10	2.29064156532e-08
4.94800558151e-10	3.24168323296e-08
4.95945929813e-10	4.43104442027e-08
4.97091301476e-10	6.05938850207e-08
4.98236673138e-10	8.0112942058e-08
4.99382044801e-10	9.86943335946e-08
5.00527416463e-10	1.10352892158e-07
5.01672788125e-10	1.09307370266e-07
5.02818159788e-10	9.20637823754e-08
5.0396353145e-10	5.88320769879e-08
5.05108903113e-10	1.38743198042e-08
5.06254274775e-10	-3.56197367157e-08
5.07399646437e-10	-8.11794413913e-08
5.085450181e-10	-1.15356897368e-07
5.09690389762e-10	-1.33438231131e-07
5.10835761424e-10	-1.34421328291e-07
5.11981133087e-10	-1.20917953872e-07
5.13126504749e-10	-9.81497909613e-08
5.14271876412e-10	-7.22535795639e-08
5.15417248074e-10	-4.84997171313e-08
5.16562619736e-10	-3.00106455242e-08
5.17707991399e-10	-1.69259427585e-08
5.18853363061e-10	-6.91447038514e-09
5.19998734724e-10	3.76911377109e-09
5.21144106386e-10	1.8565677995e-08
5.22289478048e-10	3.89774945653e-08
5.23434849711e-10	6.35853916187e-08
5.24580221373e-10	8.81785258144e-08
5.25725593035e-10	1.06797489963e-07
5.26870964698e-10	1.13676934532e-07
5.2801633636e-10	1.05043463705e-07
5.29161708023e-10	8.04478710315e-08
5.30307079685e-10	4.30883051461e-08
5.31452451347e-10	-1.03917613403e-09
5.3259782301e-10	-4.46281320787e-08
5.33743194672e-10	-8.08478888281e-08
5.34888566335e-10	-1.04976280113e-07
5.36033937997e-10	-1.15170639248e-07
5.37179309659e-10	-1.12565754051e-07
5.38324681322e-10	-1.00564650385e-07
5.39470052984e-10	-8.35017361922e-08
5.40615424646e-10	-6.54124905353e-08
5.41760796309e-10	-4.88783751251e-08
5.42906167971e-10	-3.46052988487e-08
5.44051539634e-10	-2.1634130376e-08
5.45196911296e-10	-8.06946715004e-09
5.46342282958e-10	7.77126196727e-09
5.47487654621e-10	2.64641208947e-08
5.48633026283e-10	4.69031298245e-08
5.49778397946e-10	6.64796373506e-08
5.50923769608e-10	8.17513017282e-08
5.5206914127e-10	8.94806722052e-08
5.53214512933e-10	8.76962205076e-08
5.54359884595e-10	7.61667831028e-08
5.55505256258e-10	5.65191053958e-08
5.5665062792e-10	3.16641390885e-08
5.57795999582e-10	4.90130171171e-09
5.58941371245e-10	-2.08616390829e-08
5.60086742907e-10	-4.35906435392e-08
5.61232114569e-10	-6.22888567392e-08
5.62377486232e-10	-7.66361503146e-08
5.63522857894e-10	-8.65786962123e-08
5.64668229557e-10	-9.20022089623e-08
5.65813601219e-10	-9.25434937571e-08
5.66958972881e-10	-8.77275834199e-08
5.68104344544e-10	-7.71935479982e-08
5.69249716206e-10	-6.09733974422e-08
5.70395087869e-10	-3.97057213775e-08
5.71540459531e-10	-1.47370842196e-08
5.72685831193e-10	1.19485306094e-08
5.73831202856e-10	3.79224929237e-08
5.74976574518e-10	6.06115917456e-08
5.7612194618e-10	7.77556552478e-08
5.77267317843e-10	8.77073738081e-08
5.78412689505e-10	8.97492684615e-08
5.79558061168e-10	8.41194731649e-08
5.8070343283e-10	7.18087305174e-08
5.81848804492e-10	5.42592337727e-08
5.82994176155e-10	3.29657345866e-08
5.84139547817e-10	9.25699328302e-09
5.8528491948e-10	-1.5658051522e-08
5.86430291142e-10	-4.05834144068e-08
5.87575662804e-10	-6.40619375325e-08
5.88721034467e-10	-8.42473029117e-08
5.89866406129e-10	-9.90305464299e-08
5.91011777792e-10	-1.06364963948e-07
5.92157149454e-10	-1.04757286401e-07
5.93302521116e-10	-9.37726776229e-08
5.94447892779e-10	-7.43214219057e-08
5.95593264441e-10	-4.8584496426e-08
5.96738636103e-10	-1.96844325284e-08
5.97884007766e-10	9.00847141327e-09
5.99029379428e-10	3.44954065312e-08
6.00174751091e-10	5.47511453952e-08
6.01320122753e-10	6.88924028935e-08
6.02465494415e-10	7.70991195331e-08
6.03610866078e-10	8.01910955417e-08
6.0475623774e-10	7.9075899162e-08
6.05901609403e-10	7.42866403947e-08
6.07046981065e-10	6.57015495342e-08
6.08192352727e-10	5.266292602e-08
6.0933772439e-10	3.44030868238e-08
6.10483096052e-10	1.0650751614e-08
6.11628467714e-10	-1.77070238472e-08
6.12773839377e-10	-4.83123232531e-08
6.13919211039e-10	-7.74765136491e-08
6.15064582702e-10	-1.00759251165e-07
6.16209954364e-10	-1.14090275005e-07
6.17355326026e-10	-1.1483411555e-07
6.18500697689e-10	-1.02612720099e-07
6.19646069351e-10	-7.96056305319e-08
6.20791441014e-10	-4.99461889625e-08
6.21936812676e-10	-1.87264228568e-08
6.23082184338e-10	9.3295559056e-09
6.24227556001e-10	3.1009983914e-08
6.25372927663e-10	4.52050237243e-08
6.26518299325e-10	5.27600101385e-08
6.27663670988e-10	5.59222121943e-08
6.2880904265e-10	5.72000296017e-08
6.29954414313e-10	5.84856381103e-08
6.31099785975e-10	6.02743885914e-08
6.32245157637e-10	6.15149984284e-08
6.333905293e-10	5.9911732464e-08
6.34535900962e-10	5.27297501218e-08
6.35681272625e-10	3.78411970647e-08
6.36826644287e-10	1.46832257464e-08
6.37972015949e-10	-1.50914659103e-08
6.39117387612e-10	-4.76847430431e-08
6.40262759274e-10	-7.7829226619e-08
6.41408130937e-10	-1.00077741205e-07
6.42553502599e-10	-1.10210985227e-07
6.43698874261e-10	-1.06388848842e-07
6.44844245924e-10	-8.96336649348e-08
6.45989617586e-10	-6.35558281559e-08
6.47134989248e-10	-3.33207503811e-08
6.48280360911e-10	-4.31156768621e-09
6.49425732573e-10	1.9215689484e-08
6.50571104236e-10	3.50500048985e-08
6.51716475898e-10	4.32781248616e-08
6.5286184756e-10	4.58744855436e-08
6.54007219223e-10	4.57715094715e-08
6.55152590885e-10	4.57097306672e-08
6.56297962548e-10	4.72280188291e-08
6.5744333421e-10	5.01419605836e-08
6.58588705872e-10	5.25758312442e-08
6.59734077535e-10	5.16612745916e-08
6.60879449197e-10	4.46224788231e-08
6.62024820859e-10	2.98645028707e-08
6.63170192522e-10	7.77818986997e-09
6.64315564184e-10	-1.9058871259e-08
6.65460935847e-10	-4.64439040559e-08
6.66606307509e-10	-6.95352500024e-08
6.67751679171e-10	-8.41889828962e-08
6.68897050834e-10	-8.80308395068e-08
6.70042422496e-10	-8.10170326382e-08
6.71187794159e-10	-6.53810392492e-08
6.72333165821e-10	-4.48675625542e-08
6.73478537483e-10	-2.36049053637e-08
6.74623909146e-10	-5.03894917459e-09
6.75769280808e-10	8.89099399659e-09
6.76914652471e-10	1.80303990627e-08
6.78060024133e-10	2.36193664627e-08
6.79205395795e-10	2.76552130085e-08
6.80350767458e-10	3.19767341495e-08
6.8149613912e-10	3.75629793936e-08
6.82641510782e-10	4.41126073447e-08
6.83786882445e-10	5.01653978358e-08
6.84932254107e-10	5.3464751737e-08
6.8607762577e-10	5.1765357556e-08
6.87222997432e-10	4.34921545445e-08
6.88368369094e-10	2.83977643623e-08
6.89513740757e-10	7.76574449191e-09
6.90659112419e-10	-1.57330096728e-08
6.91804484082e-10	-3.85853353713e-08
6.92949855744e-10	-5.72308493929e-08
6.94095227406e-10	-6.88489460998e-08
6.95240599069e-10	-7.20217241401e-08
6.96385970731e-10	-6.69450876956e-08
6.97531342393e-10	-5.5315149794e-08
6.98676714056e-10	-3.97941264385e-08
6.99822085718e-10	-2.33305936792e-08
7.00967457381e-10	-8.42184472161e-09
7.02112829043e-10	3.34051189488e-09
7.03258200705e-10	1.15600617967e-08
7.04403572368e-10	1.68416729451e-08
7.0554894403e-10	2.0474647533e-08
7.06694315693e-10	2.38682800191e-08
7.07839687355e-10	2.80258571905e-08
7.08985059017e-10	3.31722846969e-08
7.1013043068e-10	3.86033769395e-08
7.11275802342e-10	4.28162190147e-08
7.12421174004e-10	4.39122813667e-08
7.13566545667e-10	4.01906417036e-08
7.14711917329e-10	3.06689542651e-08
7.15857288992e-10	1.56118182826e-08
7.17002660654e-10	-3.45847597782e-09
7.18148032316e-10	-2.38645698758e-08
7.19293403979e-10	-4.24207604599e-08
7.20438775641e-10	-5.60724124909e-08
7.21584147304e-10	-6.26373943824e-08
7.22729518966e-10	-6.12859865079e-08
7.23874890628e-10	-5.27140486817e-08
7.25020262291e-10	-3.89158911762e-08
7.26165633953e-10	-2.26908131173e-08
7.27311005616e-10	-6.99015129113e-09
7.28456377278e-10	5.81077080897e-09
7.2960174894e-10	1.42941438686e-08
7.30747120603e-10	1.83232724549e-08
7.31892492265e-10	1.88229982712e-08
7.33037863927e-10	1.7501002092e-08
7.3418323559e-10	1.62036671858e-08
7.35328607252e-10	1.6422221305e-08
7.36473978915e-10	1.87673743213e-08
7.37619350577e-10	2.28381000777e-08
7.38764722239e-10	2.72603259965e-08
7.39910093902e-10	3.01311284812e-08
7.41055465564e-10	2.95518864935e-08
7.42200837227e-10	2.42482314228e-08
7.43346208889e-10	1.40139848614e-08
7.44491580551e-10	-1.68561678504e-10
7.45636952214e-10	-1.62146378546e-08
7.46782323876e-10	-3.1496351971e-08
7.47927695538e-10	-4.33427775892e-08
7.49073067201e-10	-4.9724928175e-08
7.50218438863e-10	-4.96147438689e-08
7.51363810526e-10	-4.32970910236e-08
7.52509182188e-10	-3.21756925548e-08
7.5365455385e-10	-1.85390361951e-08
7.54799925513e-10	-4.96403880501e-09
7.55945297175e-10	6.25916057873e-09
7.57090668838e-10	1.36355750024e-08
7.582360405e-10	1.67813170027e-08
7.59381412162e-10	1.64145357306e-08
7.60526783825e-10	1.40567651963e-08
7.61672155487e-10	1.15079353824e-08
7.6281752715e-10	1.02998705953e-08
7.63962898812e-10	1.12057511048e-08
7.65108270474e-10	1.40668904858e-08
7.66253642137e-10	1.78254916383e-08
7.67399013799e-10	2.09194898071e-08
7.68544385461e-10	2.17094987542e-08
7.69689757124e-10	1.90367883679e-08
7.70835128786e-10	1.25291733655e-08
7.71980500449e-10	2.77769370005e-09
7.73125872111e-10	-8.7927441994e-09
7.74271243773e-10	-2.02284715645e-08
7.75416615436e-10	-2.95244200199e-08
7.76561987098e-10	-3.5055856884e-08
7.77707358761e-10	-3.59515426318e-08
7.78852730423e-10	-3.23000417524e-08
7.79998102085e-10	-2.50250798972e-08
7.81143473748e-10	-1.57236975662e-08
7.8228884541e-10	-6.17529813396e-09
7.83434217072e-10	1.97720198547e-09
7.84579588735e-10	7.66409330444e-09
7.85724960397e-10	1.04953518099e-08
7.8687033206e-10	1.08115196795e-08
7.88015703722e-10	9.45315858925e-09
7.89161075384e-10	7.53847070878e-09
7.90306447047e-10	6.08179572675e-09
7.91451818709e-10	5.79623600505e-09
7.92597190372e-10	6.89833468126e-09
7.93742562034e-10	9.08226793772e-09
7.94887933696e-10	1.16474310197e-08
7.96033305359e-10	1.36518333305e-08
7.97178677021e-10	1.41935995179e-08
7.98324048683e-10	1.26180454973e-08
7.99469420346e-10	8.71385896772e-09
8.00614792008e-10	2.75191841537e-09
8.01760163671e-10	-4.47630840728e-09
8.02905535333e-10	-1.19044849534e-08
8.04050906995e-10	-1.83165667078e-08
8.05196278658e-10	-2.26827363559e-08
8.0634165032e-10	-2.43346746087e-08
8.07487021983e-10	-2.31474670542e-08
8.08632393645e-10	-1.95142384474e-08
8.09777765307e-10	-1.4261679393e-08
8.1092313697e-10	-8.43872735579e-09
8.12068508632e-10	-3.04991933792e-09
8.13213880295e-10	1.11727736785e-09
8.14359251957e-10	3.69133644484e-09
8.15504623619e-10	4.74312614185e-09
8.16649995282e-10	4.7516822213e-09
8.17795366944e-10	4.45522718023e-09
8.18940738606e-10	4.65855019838e-09
8.20086110269e-10	5.94972629497e-09
8.21231481931e-10	8.54570092468e-09
8.22376853594e-10	1.2130246918e-08
8.23522225256e-10	1.58964119645e-08
8.24667596918e-10	1.87200612789e-08
8.25812968581e-10	1.94491313055e-08
8.26958340243e-10	1.72330325565e-08
8.28103711906e-10	1.17906671648e-08
8.29249083568e-10	3.58300156211e-09
8.3039445523e-10	-6.27315291379e-09
8.31539826893e-10	-1.61612366822e-08
8.32685198555e-10	-2.43762235952e-08
8.33830570217e-10	-2.94551589786e-08
8.3497594188e-10	-3.05844056747e-08
8.36121313542e-10	-2.77508089841e-08
8.37266685205e-10	-2.17820939064e-08
8.38412056867e-10	-1.40878524402e-08
8.39557428529e-10	-6.33838376229e-09
8.40702800192e-10	4.02198274685e-11
8.41848171854e-10	4.18703052785e-09
8.42993543517e-10	6.03962127532e-09
8.44138915179e-10	6.31319627131e-09
8.45284286841e-10	6.18282194886e-09
8.46429658504e-10	6.91009849341e-09
8.47575030166e-10	9.33593469199e-09
8.48720401828e-10	1.35601493367e-08
8.49865773491e-10	1.88098324694e-08
8.51011145153e-10	2.36335024884e-08
8.52156516816e-10	2.62636710158e-08
8.53301888478e-10	2.51937226636e-08
8.5444726014e-10	1.96425846699e-08
8.55592631803e-10	9.88546355885e-09
8.56738003465e-10	-2.73118544447e-09
8.57883375128e-10	-1.60465746246e-08
8.5902874679e-10	-2.76184293213e-08
8.60174118452e-10	-3.52927898017e-08
8.61319490115e-10	-3.77444591138e-08
8.62464861777e-10	-3.48023265762e-08
8.6361023344e-10	-2.74501434916e-08
8.64755605102e-10	-1.75590436635e-08
8.65900976764e-10	-7.36444760729e-09
8.67046348427e-10	1.13350678843e-09
8.68191720089e-10	6.68689170702e-09
8.69337091751e-10	9.07289776642e-09
8.70482463414e-10	9.09370528879e-09
8.71627835076e-10	8.20476242502e-09
8.72773206739e-10	8.00081118024e-09
8.73918578401e-10	9.64338414677e-09
8.75063950063e-10	1.34086064474e-08
8.76209321726e-10	1.8556667869e-08
8.77354693388e-10	2.35061053955e-08
8.78500065051e-10	2.63015189628e-08
8.79645436713e-10	2.52287555291e-08
8.80790808375e-10	1.94144291754e-08
8.81936180038e-10	9.13896180954e-09
8.830815517e-10	-4.08885954262e-09
8.84226923362e-10	-1.78959510544e-08
8.85372295025e-10	-2.95971080977e-08
8.86517666687e-10	-3.68921442284e-08
8.8766303835e-10	-3.84276570564e-08
8.88808410012e-10	-3.41639425638e-08
8.89953781674e-10	-2.53195087119e-08
8.91099153337e-10	-1.40635360024e-08
8.92244524999e-10	-2.88027959816e-09
8.93389896662e-10	6.07023886712e-09
8.94535268324e-10	1.15042579352e-08
8.95680639986e-10	1.32810052955e-08
8.96826011649e-10	1.2325504839e-08
8.97971383311e-10	1.02248834399e-08
8.99116754974e-10	8.65050869825e-09
9.00262126636e-10	8.79688960564e-09
9.01407498298e-10	1.09472770293e-08
9.02552869961e-10	1.44334897367e-08
9.03698241623e-10	1.7798245322e-08
9.04843613285e-10	1.93250284664e-08
9.05988984948e-10	1.7564128818e-08
9.0713435661e-10	1.18775102531e-08
9.08279728273e-10	2.67606828364e-09
9.09425099935e-10	-8.58604981557e-09
9.10570471597e-10	-1.97586538242e-08
9.1171584326e-10	-2.8538775565e-08
9.12861214922e-10	-3.30633882495e-08
9.14006586585e-10	-3.23881053088e-08
9.15151958247e-10	-2.67260251707e-08
9.16297329909e-10	-1.73760843492e-08
9.17442701572e-10	-6.37231012401e-09
9.18588073234e-10	4.039353102e-09
9.19733444896e-10	1.19884930871e-08
9.20878816559e-10	1.63865350178e-08
9.22024188221e-10	1.71697752682e-08
9.23169559884e-10	1.51885116706e-08
9.24314931546e-10	1.18580415487e-08
9.25460303208e-10	8.68693433853e-09
9.26605674871e-10	6.78124911779e-09
9.27751046533e-10	6.50440745709e-09
9.28896418196e-10	7.42650502206e-09
9.30041789858e-10	8.49423487104e-09
9.3118716152e-10	8.42167607873e-09
9.32332533183e-10	6.17628836963e-09
9.33477904845e-10	1.34755842596e-09
9.34623276507e-10	-5.63115903907e-09
9.3576864817e-10	-1.35545263902e-08
9.36914019832e-10	-2.06975849792e-08
9.38059391495e-10	-2.53275278528e-08
9.39204763157e-10	-2.61113821676e-08
9.40350134819e-10	-2.2576968961e-08
9.41495506482e-10	-1.52190449132e-08
9.42640878144e-10	-5.44461831176e-09
9.43786249807e-10	4.80668888025e-09
9.44931621469e-10	1.3533324128e-08
9.46076993131e-10	1.92048337233e-08
9.47222364794e-10	2.10955377611e-08
9.48367736456e-10	1.94246989604e-08
9.49513108119e-10	1.52014770771e-08
9.50658479781e-10	9.86288223315e-09
9.51803851443e-10	4.85254525451e-09
9.52949223106e-10	1.17680498679e-09
9.54094594768e-10	-7.97304534894e-10
9.5523996643e-10	-1.41582637975e-09
9.56385338093e-10	-1.51019335232e-09
9.57530709755e-10	-2.10402443385e-09
9.58676081418e-10	-3.97481642045e-09
9.5982145308e-10	-7.38825389757e-09
9.60966824742e-10	-1.1913309339e-08
9.62112196405e-10	-1.65226257121e-08
9.63257568067e-10	-1.9858038991e-08
9.6440293973e-10	-2.0648699417e-08
9.65548311392e-10	-1.80870471933e-08
9.66693683054e-10	-1.21280476773e-08
9.67839054717e-10	-3.56300688953e-09
9.68984426379e-10	6.15917794544e-09
9.70129798041e-10	1.52322247038e-08
9.71275169704e-10	2.19607524388e-08
9.72420541366e-10	2.51557694675e-08
9.73565913029e-10	2.44162157159e-08
9.74711284691e-10	2.01944513334e-08
9.75856656353e-10	1.36548511387e-08
9.77002028016e-10	6.30514318534e-09
9.78147399678e-10	-3.76044299866e-10
9.79292771341e-10	-5.35725011575e-09
9.80438143003e-10	-8.2570465465e-09
9.81583514665e-10	-9.36387456463e-09
9.82728886328e-10	-9.47006395524e-09
9.8387425799e-10	-9.52261319798e-09
9.85019629653e-10	-1.02887909859e-08
9.86165001315e-10	-1.20473572229e-08
9.87310372977e-10	-1.44899986454e-08
9.8845574464e-10	-1.67616277524e-08
9.89601116302e-10	-1.77513135302e-08
9.90746487964e-10	-1.64037777806e-08
9.91891859627e-10	-1.21351773075e-08
9.93037231289e-10	-5.03360791937e-09
9.94182602952e-10	4.01501881742e-09
9.95327974614e-10	1.35393030121e-08
9.96473346276e-10	2.17715777628e-08
9.97618717939e-10	2.71209303904e-08
9.98764089601e-10	2.85608168227e-08
9.99909461264e-10	2.58821319932e-08
1.00105483293e-09	1.97459754103e-08
1.00220020459e-09	1.14888785707e-08
1.00334557625e-09	2.76526931908e-09
1.00449094791e-09	-4.86813261924e-09
1.00563631958e-09	-1.03284455433e-08
1.00678169124e-09	-1.32461520641e-08
1.0079270629e-09	-1.39431730606e-08
1.00907243456e-09	-1.33031188287e-08
1.01021780623e-09	-1.23751745518e-08
1.01136317789e-09	-1.2044967912e-08
1.01250854955e-09	-1.27004926576e-08
1.01365392121e-09	-1.41121936359e-08
1.01479929287e-09	-1.54771017113e-08
1.01594466454e-09	-1.57135409129e-08
1.0170900362e-09	-1.38037236086e-08
1.01823540786e-09	-9.17507447795e-09
1.01938077952e-09	-1.96674575237e-09
1.02052615119e-09	6.94071611296e-09
1.02167152285e-09	1.60657770421e-08
1.02281689451e-09	2.36882994331e-08
1.02396226617e-09	2.82732643964e-08
1.02510763784e-09	2.88821477845e-08
1.0262530095e-09	2.53986838228e-08
1.02739838116e-09	1.85892825577e-08
1.02854375282e-09	9.87193565782e-09
1.02968912449e-09	9.65259171204e-10
1.03083449615e-09	-6.56368520646e-09
1.03197986781e-09	-1.16691524221e-08
1.03312523947e-09	-1.40540481475e-08
1.03427061114e-09	-1.41599958425e-08
1.0354159828e-09	-1.29546015026e-08
1.03656135446e-09	-1.15830315339e-08
1.03770672612e-09	-1.09600358233e-08
1.03885209778e-09	-1.15028362391e-08
1.03999746945e-09	-1.29536213977e-08
1.04114284111e-09	-1.45161352938e-08
1.04228821277e-09	-1.507996783e-08
1.04343358443e-09	-1.36224105329e-08
1.0445789561e-09	-9.54715539958e-09
1.04572432776e-09	-2.95919699855e-09
1.04686969942e-09	5.32740607184e-09
1.04801507108e-09	1.39152978029e-08
1.04916044275e-09	2.11894951585e-08
1.05030581441e-09	2.57221306477e-08
1.05145118607e-09	2.66440114416e-08
1.05259655773e-09	2.38661931329e-08
1.0537419294e-09	1.80850130427e-08
1.05488730106e-09	1.05926932226e-08
1.05603267272e-09	2.89719184754e-09
1.05717804438e-09	-3.61868082721e-09
1.05832341605e-09	-8.08542022224e-09
1.05946878771e-09	-1.02749045383e-08
1.06061415937e-09	-1.06052918114e-08
1.06175953103e-09	-9.94097265616e-09
1.06290490269e-09	-9.27166893261e-09
1.06405027436e-09	-9.37000960155e-09
1.06519564602e-09	-1.0554317198e-08
1.06634101768e-09	-1.25501391501e-08
1.06748638934e-09	-1.46077385743e-08
1.06863176101e-09	-1.57283226443e-08
1.06977713267e-09	-1.4987336372e-08
1.07092250433e-09	-1.18654376324e-08
1.07206787599e-09	-6.4166777447e-09
1.07321324766e-09	6.84954856722e-10
1.07435861932e-09	8.30488139369e-09
1.07550399098e-09	1.51277059768e-08
1.07664936264e-09	1.99781897692e-08
1.07779473431e-09	2.21058003014e-08
1.07894010597e-09	2.13482161948e-08
1.08008547763e-09	1.81405259703e-08
1.08123084929e-09	1.3360755724e-08
1.08237622096e-09	8.07657213331e-09
1.08352159262e-09	3.25788793165e-09
1.08466696428e-09	-4.69727673424e-10
1.08581233594e-09	-2.94332302975e-09
1.0869577076e-09	-4.42618877661e-09
1.08810307927e-09	-5.47744077872e-09
1.08924845093e-09	-6.68703556417e-09
1.09039382259e-09	-8.47089626221e-09
1.09153919425e-09	-1.0898261682e-08
1.09268456592e-09	-1.36520901806e-08
1.09382993758e-09	-1.61058192338e-08
1.09497530924e-09	-1.75190643104e-08
1.0961206809e-09	-1.72312007996e-08
1.09726605257e-09	-1.48889370832e-08
1.09841142423e-09	-1.05509114223e-08
1.09955679589e-09	-4.69737782005e-09
1.10070216755e-09	1.86161439042e-09
1.10184753922e-09	8.19526962959e-09
1.10299291088e-09	1.34492528225e-08
1.10413828254e-09	1.70290990198e-08
1.1052836542e-09	1.86985409378e-08
1.10642902587e-09	1.85768486149e-08
1.10757439753e-09	1.70323101178e-08
1.10871976919e-09	1.4562994588e-08
1.10986514085e-09	1.16250236659e-08
1.11101051252e-09	8.54174608822e-09
1.11215588418e-09	5.44066527941e-09
1.11330125584e-09	2.28698653071e-09
1.1144466275e-09	-1.04583660482e-09
1.11559199916e-09	-4.65678362538e-09
1.11673737083e-09	-8.51907594468e-09
1.11788274249e-09	-1.24261967938e-08
1.11902811415e-09	-1.59869081306e-08
1.12017348581e-09	-1.87105063665e-08
1.12131885748e-09	-2.01180408999e-08
1.12246422914e-09	-1.98559347853e-08
1.1236096008e-09	-1.77982922844e-08
1.12475497246e-09	-1.40740551435e-08
1.12590034413e-09	-9.04607427854e-09
1.12704571579e-09	-3.24651122652e-09
1.12819108745e-09	2.73240688409e-09
1.12933645911e-09	8.32154462005e-09
1.13048183078e-09	1.30615457339e-08
1.13162720244e-09	1.66544407154e-08
1.1327725741e-09	1.89452209476e-08
1.13391794576e-09	1.99215546282e-08
1.13506331743e-09	1.96349591031e-08
1.13620868909e-09	1.81809874933e-08
1.13735406075e-09	1.56452811817e-08
1.13849943241e-09	1.21306705791e-08
1.13964480407e-09	7.75940078857e-09
1.14079017574e-09	2.71591241163e-09
1.1419355474e-09	-2.72592604045e-09
1.14308091906e-09	-8.20305556815e-09
1.14422629072e-09	-1.32926120666e-08
1.14537166239e-09	-1.75413958914e-08
1.14651703405e-09	-2.05485151117e-08
1.14766240571e-09	-2.20156955999e-08
1.14880777737e-09	-2.17869029484e-08
1.14995314904e-09	-1.98906411342e-08
1.1510985207e-09	-1.65063528401e-08
1.15224389236e-09	-1.19482326255e-08
1.15338926402e-09	-6.60496479732e-09
1.15453463569e-09	-8.90418377919e-10
1.15568000735e-09	4.79951864363e-09
1.15682537901e-09	1.010818379e-08
1.15797075067e-09	1.4726791453e-08
1.15911612234e-09	1.83822844724e-08
1.160261494e-09	2.08422473724e-08
1.16140686566e-09	2.19114665301e-08
1.16255223732e-09	2.14543666166e-08
1.16369760898e-09	1.94252000041e-08
1.16484298065e-09	1.58927020433e-08
1.16598835231e-09	1.10650377194e-08
1.16713372397e-09	5.28615187734e-09
1.16827909563e-09	-9.77940985136e-10
1.1694244673e-09	-7.19616832789e-09
1.17056983896e-09	-1.28250259301e-08
1.17171521062e-09	-1.73830929651e-08
1.17286058228e-09	-2.05100499917e-08
1.17400595395e-09	-2.20070812684e-08
1.17515132561e-09	-2.184175385e-08
1.17629669727e-09	-2.013235334e-08
1.17744206893e-09	-1.71042998653e-08
1.1785874406e-09	-1.3034152202e-08
1.17973281226e-09	-8.22547147061e-09
1.18087818392e-09	-2.96958990731e-09
1.18202355558e-09	2.44420403361e-09
1.18316892725e-09	7.73007630128e-09
1.18431429891e-09	1.25839083598e-08
1.18545967057e-09	1.66925531175e-08
1.18660504223e-09	1.97331671004e-08
1.18775041389e-09	2.14159712186e-08
1.18889578556e-09	2.15111248814e-08
1.19004115722e-09	1.99148840752e-08
1.19118652888e-09	1.66731689566e-08
1.19233190054e-09	1.20164777573e-08
1.19347727221e-09	6.34166616442e-09
1.19462264387e-09	1.73404342968e-10
1.19576801553e-09	-5.90343929296e-09
1.19691338719e-09	-1.13315401506e-08
1.19805875886e-09	-1.56463950685e-08
1.19920413052e-09	-1.85466708658e-08
1.20034950218e-09	-1.98998488798e-08
1.20149487384e-09	-1.97427644233e-08
1.20264024551e-09	-1.82391597381e-08
1.20378561717e-09	-1.56285125952e-08
1.20493098883e-09	-1.217143486e-08
1.20607636049e-09	-8.126540052e-09
1.20722173216e-09	-3.71312483538e-09
1.20836710382e-09	8.6380964881e-10
1.20951247548e-09	5.4029730967e-09
1.21065784714e-09	9.68432362081e-09
1.21180321881e-09	1.34456352718e-08
1.21294859047e-09	1.63968101319e-08
1.21409396213e-09	1.82424909623e-08
1.21523933379e-09	1.87346406166e-08
1.21638470545e-09	1.77253178801e-08
1.21753007712e-09	1.52188425195e-08
1.21867544878e-09	1.13924426559e-08
1.21982082044e-09	6.59179827389e-09
1.2209661921e-09	1.28908184127e-09
1.22211156377e-09	-3.97695010257e-09
1.22325693543e-09	-8.68985933211e-09
1.22440230709e-09	-1.24192225393e-08
1.22554767875e-09	-1.48908159137e-08
1.22669305042e-09	-1.60056566889e-08
1.22783842208e-09	-1.58304162001e-08
1.22898379374e-09	-1.45653122896e-08
1.2301291654e-09	-1.2467891386e-08
1.23127453707e-09	-9.80624637048e-09
1.23241990873e-09	-6.80407830078e-09
1.23356528039e-09	-3.62909166607e-09
1.23471065205e-09	-3.91666902036e-10
1.23585602372e-09	2.81095859089e-09
1.23700139538e-09	5.88697474102e-09
1.23814676704e-09	8.6965860624e-09
1.2392921387e-09	1.1062919969e-08
1.24043751036e-09	1.276907724e-08
