% time-domain voltage integration by openEMS v0.37.0-rc1-2-g7b051bb @Sat Aug  8 13:54:00 2026
% start-coordinates: (0.00192742,0,-0.000635) m -> [85,52,15]
% stop-coordinates: (0.00243429,0,-0.000635) m -> [93,52,15]
% t/s	voltage
0	0
1.21457510697e-12	0
2.42915021394e-12	0
3.6437253209e-12	0
4.85830042787e-12	0
6.07287553484e-12	0
7.28745064181e-12	0
8.50202574878e-12	0
9.71660085574e-12	0
1.09311759627e-11	0
1.21457510697e-11	0
1.33603261766e-11	0
1.45749012836e-11	0
1.57894763906e-11	0
1.70040514976e-11	0
1.82186266045e-11	1.22103054215e-36
1.94332017115e-11	2.42790966438e-32
2.06477768185e-11	1.89825524797e-29
2.18623519254e-11	-4.1650507404e-27
2.30769270324e-11	-6.28530272e-24
2.42915021394e-11	-1.62110678734e-21
2.55060772463e-11	-1.76287037396e-19
2.67206523533e-11	-9.77338771188e-18
2.79352274603e-11	-3.05229308542e-16
2.91498025672e-11	-5.75257857444e-15
3.03643776742e-11	-6.90573391927e-14
3.15789527812e-11	-5.5293833409e-13
3.27935278881e-11	-3.07665375923e-12
3.40081029951e-11	-1.23154975801e-11
3.52226781021e-11	-3.6220888051e-11
3.6437253209e-11	-7.73785996215e-11
3.7651828316e-11	-1.06077227731e-10
3.8866403423e-11	-1.15754027457e-11
4.00809785299e-11	4.59536908526e-10
4.12955536369e-11	1.75378724043e-09
4.25101287439e-11	4.50262244156e-09
4.37247038508e-11	9.3622247177e-09
4.49392789578e-11	1.65718022638e-08
4.61538540648e-11	2.51651266492e-08
4.73684291718e-11	3.190905562e-08
4.85830042787e-11	3.0269019291e-08
4.97975793857e-11	1.01497715788e-08
5.10121544927e-11	-4.06070601588e-08
5.22267295996e-11	-1.32275734366e-07
5.34413047066e-11	-2.66892419276e-07
5.46558798136e-11	-4.30982360911e-07
5.58704549205e-11	-5.90325754501e-07
5.70850300275e-11	-6.90428016981e-07
5.82996051345e-11	-6.66002833327e-07
5.95141802414e-11	-4.59794975427e-07
6.07287553484e-11	-4.65197178556e-08
6.19433304554e-11	5.45831738918e-07
6.31579055623e-11	1.22722561002e-06
6.43724806693e-11	1.85658745977e-06
6.55870557763e-11	2.27308640888e-06
6.68016308832e-11	2.34100134833e-06
6.80162059902e-11	1.99409294055e-06
6.92307810972e-11	1.26345870655e-06
7.04453562041e-11	2.78069858695e-07
7.16599313111e-11	-7.64978594248e-07
7.28745064181e-11	-1.65175002564e-06
7.4089081525e-11	-2.20766625603e-06
7.5303656632e-11	-2.34141114674e-06
7.6518231739e-11	-2.06165769612e-06
7.77328068459e-11	-1.46368729048e-06
7.89473819529e-11	-6.93092871984e-07
8.01619570599e-11	9.90011921331e-08
8.13765321669e-11	7.91806115785e-07
8.25911072738e-11	1.31064544462e-06
8.38056823808e-11	1.62123401992e-06
8.50202574878e-11	1.70968858981e-06
8.62348325947e-11	1.5634219821e-06
8.74494077017e-11	1.16593655264e-06
8.86639828087e-11	5.11342378218e-07
8.98785579156e-11	-3.66864806978e-07
9.10931330226e-11	-1.3693739831e-06
9.23077081296e-11	-2.32562354086e-06
9.35222832365e-11	-3.02182341727e-06
9.47368583435e-11	-3.25870148288e-06
9.59514334505e-11	-2.91982675549e-06
9.71660085574e-11	-2.02159807827e-06
9.83805836644e-11	-7.21647936075e-07
9.95951587714e-11	7.2120871053e-07
1.00809733878e-10	2.02061775667e-06
1.02024308985e-10	2.94200089002e-06
1.03238884092e-10	3.35859549239e-06
1.04453459199e-10	3.26834471309e-06
1.05668034306e-10	2.77280008731e-06
1.06882609413e-10	2.03194494475e-06
1.0809718452e-10	1.21389120977e-06
1.09311759627e-10	4.53673045797e-07
1.10526334734e-10	-1.7016787357e-07
1.11740909841e-10	-6.38959836152e-07
1.12955484948e-10	-9.80229884817e-07
1.14170060055e-10	-1.24170431803e-06
1.15384635162e-10	-1.46187615258e-06
1.16599210269e-10	-1.64760556487e-06
1.17813785376e-10	-1.76654720008e-06
1.19028360483e-10	-1.75892729715e-06
1.2024293559e-10	-1.56292469455e-06
1.21457510697e-10	-1.14535011164e-06
1.22672085804e-10	-5.25070028345e-07
1.23886660911e-10	2.19882443808e-07
1.25101236018e-10	9.6424446383e-07
1.26315811125e-10	1.56536803786e-06
1.27530386232e-10	1.90151510537e-06
1.28744961339e-10	1.90700745861e-06
1.29959536446e-10	1.59220452645e-06
1.31174111553e-10	1.03962574372e-06
1.3238868666e-10	3.77422882281e-07
1.33603261766e-10	-2.61103114241e-07
1.34817836873e-10	-7.75946787712e-07
1.3603241198e-10	-1.12181810863e-06
1.37246987087e-10	-1.30636806261e-06
1.38461562194e-10	-1.36775545911e-06
1.39676137301e-10	-1.34497744853e-06
1.40890712408e-10	-1.25558840125e-06
1.42105287515e-10	-1.09030544593e-06
1.43319862622e-10	-8.26010698063e-07
1.44534437729e-10	-4.48525586449e-07
1.45749012836e-10	2.67222559636e-08
1.46963587943e-10	5.46781787847e-07
1.4817816305e-10	1.03122778228e-06
1.49392738157e-10	1.39520850695e-06
1.50607313264e-10	1.57706116255e-06
1.51821888371e-10	1.5575331318e-06
1.53036463478e-10	1.36367044945e-06
1.54251038585e-10	1.05623130509e-06
1.55465613692e-10	7.06171313425e-07
1.56680188799e-10	3.71042494507e-07
1.57894763906e-10	7.98210497699e-08
1.59109339013e-10	-1.68666261402e-07
1.6032391412e-10	-3.94635987888e-07
1.61538489227e-10	-6.19649032529e-07
1.62753064334e-10	-8.49242034917e-07
1.63967639441e-10	-1.0626514495e-06
1.65182214548e-10	-1.21370947426e-06
1.66396789655e-10	-1.24293961079e-06
1.67611364762e-10	-1.09786353164e-06
1.68825939869e-10	-7.558932964e-07
1.70040514976e-10	-2.40535289464e-07
1.71255090082e-10	3.75234357364e-07
1.72469665189e-10	9.8227997114e-07
1.73684240296e-10	1.4634270471e-06
1.74898815403e-10	1.72593384207e-06
1.7611339051e-10	1.72847400393e-06
1.77327965617e-10	1.49044454645e-06
1.78542540724e-10	1.08189033909e-06
1.79757115831e-10	5.98350563763e-07
1.80971690938e-10	1.30710133828e-07
1.82186266045e-10	-2.56971469881e-07
1.83400841152e-10	-5.36902255988e-07
1.84615416259e-10	-7.13028850186e-07
1.85829991366e-10	-8.08140168118e-07
1.87044566473e-10	-8.49503713596e-07
1.8825914158e-10	-8.5754029655e-07
1.89473716687e-10	-8.39898351757e-07
1.90688291794e-10	-7.90905421155e-07
1.91902866901e-10	-6.96029953673e-07
1.93117442008e-10	-5.39874477568e-07
1.94332017115e-10	-3.16293402136e-07
1.95546592222e-10	-3.72699013873e-08
1.96761167329e-10	2.64290962448e-07
1.97975742436e-10	5.40252276693e-07
1.99190317543e-10	7.41253288083e-07
2.0040489265e-10	8.33512338261e-07
2.01619467757e-10	8.11167517156e-07
2.02834042864e-10	6.97667303484e-07
2.04048617971e-10	5.35654518075e-07
2.05263193078e-10	3.68905725523e-07
2.06477768185e-10	2.2544965006e-07
2.07692343292e-10	1.08807749921e-07
2.08906918398e-10	1.43622491677e-09
2.10121493505e-10	-1.21725673985e-07
2.11336068612e-10	-2.7713721984e-07
2.12550643719e-10	-4.60425599869e-07
2.13765218826e-10	-6.44498964419e-07
2.14979793933e-10	-7.87571913463e-07
2.1619436904e-10	-8.47686571603e-07
2.17408944147e-10	-7.97758676896e-07
2.18623519254e-10	-6.35166578888e-07
2.19838094361e-10	-3.83779930502e-07
2.21052669468e-10	-8.76271180061e-08
2.22267244575e-10	2.00187642463e-07
2.23481819682e-10	4.30478216629e-07
2.24696394789e-10	5.68620194485e-07
2.25910969896e-10	6.0087863929e-07
2.27125545003e-10	5.35387442824e-07
2.2834012011e-10	3.97848367584e-07
2.29554695217e-10	2.24443601482e-07
2.30769270324e-10	5.29484212031e-08
2.31983845431e-10	-8.49122803182e-08
2.33198420538e-10	-1.69401862316e-07
2.34412995645e-10	-1.95859722218e-07
2.35627570752e-10	-1.74741046521e-07
2.36842145859e-10	-1.28643483421e-07
2.38056720966e-10	-8.60223803301e-08
2.39271296073e-10	-7.3422356639e-08
2.4048587118e-10	-1.06864583849e-07
2.41700446287e-10	-1.85959601495e-07
2.42915021394e-10	-2.92262946289e-07
2.44129596501e-10	-3.93239163898e-07
2.45344171608e-10	-4.51504746479e-07
2.46558746714e-10	-4.36220243927e-07
2.47773321821e-10	-3.34162820081e-07
2.48987896928e-10	-1.55880574226e-07
2.50202472035e-10	6.47332432102e-08
2.51417047142e-10	2.78647869223e-07
2.52631622249e-10	4.35652310671e-07
2.53846197356e-10	4.99490145245e-07
2.55060772463e-10	4.59494964744e-07
2.5627534757e-10	3.33705465039e-07
2.57489922677e-10	1.62948367688e-07
2.58704497784e-10	-3.00935054653e-09
2.59919072891e-10	-1.21397566666e-07
2.61133647998e-10	-1.69450546039e-07
2.62348223105e-10	-1.50104694896e-07
2.63562798212e-10	-8.86686792878e-08
2.64777373319e-10	-2.27310378298e-08
2.65991948426e-10	1.15533148604e-08
2.67206523533e-10	-8.21317230892e-09
2.6842109864e-10	-8.28905322159e-08
2.69635673747e-10	-1.91371523073e-07
2.70850248854e-10	-2.9729308082e-07
2.72064823961e-10	-3.61002459925e-07
2.73279399068e-10	-3.53083038362e-07
2.74493974175e-10	-2.64640856784e-07
2.75708549282e-10	-1.10940286291e-07
2.76923124389e-10	7.3614169871e-08
2.78137699496e-10	2.46370719381e-07
2.79352274603e-10	3.70001307815e-07
2.8056684971e-10	4.2301039116e-07
2.81781424817e-10	4.03852935094e-07
2.82995999924e-10	3.28508882319e-07
2.84210575031e-10	2.2267064459e-07
2.85425150137e-10	1.1301101388e-07
2.86639725244e-10	2.00163615682e-08
2.87854300351e-10	-4.55959137113e-08
2.89068875458e-10	-8.31564412884e-08
2.90283450565e-10	-9.99899141263e-08
2.91498025672e-10	-1.07913316505e-07
2.92712600779e-10	-1.19349591543e-07
2.93927175886e-10	-1.4328903486e-07
2.95141750993e-10	-1.82193353737e-07
2.963563261e-10	-2.30550645242e-07
2.97570901207e-10	-2.76030018398e-07
2.98785476314e-10	-3.02919431761e-07
3.00000051421e-10	-2.96966309321e-07
3.01214626528e-10	-2.49767088789e-07
3.02429201635e-10	-1.61056335379e-07
3.03643776742e-10	-3.88218419634e-08
3.04858351849e-10	1.02917543821e-07
3.06072926956e-10	2.4680783639e-07
3.07287502063e-10	3.74603157383e-07
3.0850207717e-10	4.69060022823e-07
3.09716652277e-10	5.1541161028e-07
3.10931227384e-10	5.0335825108e-07
3.12145802491e-10	4.29343110397e-07
3.13360377598e-10	2.98871711379e-07
3.14574952705e-10	1.274600816e-07
3.15789527812e-10	-6.07190207003e-08
3.17004102919e-10	-2.36698543432e-07
3.18218678026e-10	-3.72940252902e-07
3.19433253133e-10	-4.49813967407e-07
3.2064782824e-10	-4.6076963045e-07
3.21862403347e-10	-4.14182583341e-07
3.23076978453e-10	-3.30918616953e-07
3.2429155356e-10	-2.3789482384e-07
3.25506128667e-10	-1.59609540695e-07
3.26720703774e-10	-1.09988989472e-07
3.27935278881e-10	-8.76159047536e-08
3.29149853988e-10	-7.64195262626e-08
3.30364429095e-10	-5.18130964799e-08
3.31579004202e-10	9.1059458307e-09
3.32793579309e-10	1.17190355642e-07
3.34008154416e-10	2.64117710813e-07
3.35222729523e-10	4.22096370301e-07
3.3643730463e-10	5.50614835504e-07
3.37651879737e-10	6.08598984542e-07
3.38866454844e-10	5.67990067424e-07
3.40081029951e-10	4.23918507408e-07
3.41295605058e-10	1.98016758546e-07
3.42510180165e-10	-6.6213105665e-08
3.43724755272e-10	-3.14986030148e-07
3.44939330379e-10	-4.98683565553e-07
3.46153905486e-10	-5.85156850974e-07
3.47368480593e-10	-5.67781910377e-07
3.485830557e-10	-4.66155714918e-07
3.49797630807e-10	-3.1912050602e-07
3.51012205914e-10	-1.72293852962e-07
3.52226781021e-10	-6.37201253983e-08
3.53441356128e-10	-1.21290464894e-08
3.54655931235e-10	-1.17994596316e-08
3.55870506342e-10	-3.59217737778e-08
3.57085081449e-10	-4.75131307631e-08
3.58299656556e-10	-1.42330388031e-08
3.59514231663e-10	7.83213183198e-08
3.60728806769e-10	2.19860099904e-07
3.61943381876e-10	3.77611986124e-07
3.63157956983e-10	5.06786516752e-07
3.6437253209e-10	5.6540958937e-07
3.65587107197e-10	5.28152664714e-07
3.66801682304e-10	3.9431915333e-07
3.68016257411e-10	1.87924549699e-07
3.69230832518e-10	-4.98352714651e-08
3.70445407625e-10	-2.72485312536e-07
3.71659982732e-10	-4.4059563109e-07
3.72874557839e-10	-5.30705765556e-07
3.74089132946e-10	-5.38954701312e-07
3.75303708053e-10	-4.78801378989e-07
3.7651828316e-10	-3.74721588869e-07
3.77732858267e-10	-2.5401696746e-07
3.78947433374e-10	-1.39410426314e-07
3.80162008481e-10	-4.43277948792e-08
3.81376583588e-10	2.81812619907e-08
3.82591158695e-10	8.32757303115e-08
3.83805733802e-10	1.29911244429e-07
3.85020308909e-10	1.75870936481e-07
3.86234884016e-10	2.24088260836e-07
3.87449459123e-10	2.71135563779e-07
3.8866403423e-10	3.08235273749e-07
3.89878609337e-10	3.24190256862e-07
3.91093184444e-10	3.09095712581e-07
3.92307759551e-10	2.57556285632e-07
3.93522334658e-10	1.70770199759e-07
3.94736909765e-10	5.68163303072e-08
3.95951484872e-10	-7.0414975184e-08
3.97166059979e-10	-1.93754607025e-07
3.98380635085e-10	-2.9579653571e-07
3.99595210192e-10	-3.62189648939e-07
4.00809785299e-10	-3.84292857092e-07
4.02024360406e-10	-3.60661470467e-07
4.03238935513e-10	-2.96919663967e-07
4.0445351062e-10	-2.04355011135e-07
4.05668085727e-10	-9.73568705653e-08
4.06882660834e-10	9.12994868596e-09
4.08097235941e-10	1.01847373202e-07
4.09311811048e-10	1.70914565167e-07
4.10526386155e-10	2.10729579564e-07
4.11740961262e-10	2.20519472904e-07
4.12955536369e-10	2.04206013876e-07
4.14170111476e-10	1.69507630154e-07
4.15384686583e-10	1.26176462611e-07
4.1659926169e-10	8.35376399166e-08
4.17813836797e-10	4.806152476e-08
4.19028411904e-10	2.17308868955e-08
4.20242987011e-10	1.97811386715e-09
4.21457562118e-10	-1.6649570167e-08
4.22672137225e-10	-3.97354871229e-08
4.23886712332e-10	-7.0007175168e-08
4.25101287439e-10	-1.05549574858e-07
4.26315862546e-10	-1.39809106514e-07
4.27530437653e-10	-1.6352062282e-07
4.2874501276e-10	-1.67866596179e-07
4.29959587867e-10	-1.47804557038e-07
4.31174162974e-10	-1.04138626611e-07
4.32388738081e-10	-4.39541525399e-08
4.33603313188e-10	2.11247800364e-08
4.34817888295e-10	7.79427624664e-08
4.36032463401e-10	1.154186684e-07
4.37247038508e-10	1.2749906908e-07
4.38461613615e-10	1.14590622324e-07
4.39676188722e-10	8.31616806529e-08
4.40890763829e-10	4.34133753391e-08
4.42105338936e-10	6.08013500658e-09
4.43319914043e-10	-2.07970182742e-08
4.4453448915e-10	-3.38480850015e-08
4.45749064257e-10	-3.45134938406e-08
4.46963639364e-10	-2.75378153614e-08
4.48178214471e-10	-1.85466142444e-08
4.49392789578e-10	-1.18420673823e-08
4.50607364685e-10	-9.21671805543e-09
4.51821939792e-10	-1.00984024476e-08
4.53036514899e-10	-1.26177973625e-08
4.54251090006e-10	-1.48692336222e-08
4.55465665113e-10	-1.5749039961e-08
4.5668024022e-10	-1.51082880651e-08
4.57894815327e-10	-1.32774600758e-08
4.59109390434e-10	-1.04742871043e-08
4.60323965541e-10	-6.58774382961e-09
4.61538540648e-10	-1.20050386299e-09
4.62753115755e-10	5.79384035193e-09
4.63967690862e-10	1.37185520721e-08
4.65182265969e-10	2.08783313971e-08
4.66396841076e-10	2.47509377438e-08
4.67611416183e-10	2.2769170549e-08
4.6882599129e-10	1.32738055547e-08
4.70040566397e-10	-3.50748416422e-09
4.71255141504e-10	-2.50186660278e-08
4.72469716611e-10	-4.65374450087e-08
4.73684291718e-10	-6.22783566939e-08
4.74898866824e-10	-6.70455619911e-08
4.76113441931e-10	-5.79709724668e-08
4.77328017038e-10	-3.57407718976e-08
4.78542592145e-10	-4.6865160086e-09
4.79757167252e-10	2.82757657288e-08
4.80971742359e-10	5.57519335143e-08
4.82186317466e-10	7.19448038922e-08
4.83400892573e-10	7.42715600133e-08
4.8461546768e-10	6.37798942549e-08
4.85830042787e-10	4.44086247775e-08
4.87044617894e-10	2.15311002361e-08
4.88259193001e-10	2.44148062878e-10
4.89473768108e-10	-1.59366997377e-08
4.90688343215e-10	-2.58025467659e-08
4.91902918322e-10	-3.03256595391e-08
4.93117493429e-10	-3.20408919396e-08
4.94332068536e-10	-3.39551933237e-08
4.95546643643e-10	-3.83280358562e-08
4.9676121875e-10	-4.58224180822e-08
4.97975793857e-10	-5.49947136719e-08
4.99190368964e-10	-6.27051077728e-08
5.00404944071e-10	-6.50213989317e-08
5.01619519178e-10	-5.86275326064e-08
5.02834094285e-10	-4.20096966103e-08
5.04048669392e-10	-1.6139919623e-08
5.05263244499e-10	1.55930886814e-08
5.06477819606e-10	4.82887403397e-08
5.07692394713e-10	7.6686818673e-08
5.0890696982e-10	9.64540904924e-08
5.10121544927e-10	1.04950176549e-07
5.11336120034e-10	1.01552596554e-07
5.1255069514e-10	8.73140209023e-08
5.13765270247e-10	6.44227546864e-08
5.14979845354e-10	3.55319182965e-08
5.16194420461e-10	3.29204252747e-09
5.17408995568e-10	-2.97431219654e-08
5.18623570675e-10	-6.11241728343e-08
5.19838145782e-10	-8.82987691853e-08
5.21052720889e-10	-1.08680818123e-07
5.22267295996e-10	-1.1988768378e-07
5.23481871103e-10	-1.20230182254e-07
5.2469644621e-10	-1.09245147151e-07
5.25911021317e-10	-8.78928090309e-08
5.27125596424e-10	-5.85952295573e-08
5.28340171531e-10	-2.46219815647e-08
5.29554746638e-10	1.0463209188e-08
5.30769321745e-10	4.35109406283e-08
5.31983896852e-10	7.2143326868e-08
5.33198471959e-10	9.47362490678e-08
5.34413047066e-10	1.10214569027e-07
5.35627622173e-10	1.17682256828e-07
5.3684219728e-10	1.16321138499e-07
5.38056772387e-10	1.05449598387e-07
5.39271347494e-10	8.49580081841e-08
5.40485922601e-10	5.56698611653e-08
5.41700497708e-10	1.96324132506e-08
5.42915072815e-10	-2.00130469974e-08
5.44129647922e-10	-5.94391513786e-08
5.45344223029e-10	-9.47071421287e-08
5.46558798136e-10	-1.22405960923e-07
5.47773373243e-10	-1.39918625131e-07
5.4898794835e-10	-1.45610709268e-07
5.50202523456e-10	-1.38720404053e-07
5.51417098563e-10	-1.19290295864e-07
5.5263167367e-10	-8.8264847431e-08
5.53846248777e-10	-4.75938615185e-08
5.55060823884e-10	-4.88000084786e-10
5.56275398991e-10	4.86392188748e-08
5.57489974098e-10	9.44226226096e-08
5.58704549205e-10	1.31264054737e-07
5.59919124312e-10	1.54205022973e-07
5.61133699419e-10	1.59920837461e-07
5.62348274526e-10	1.47496014513e-07
5.63562849633e-10	1.18734823751e-07
5.6477742474e-10	7.79766184955e-08
5.65991999847e-10	3.12197552255e-08
5.67206574954e-10	-1.50434404933e-08
5.68421150061e-10	-5.52775998308e-08
5.69635725168e-10	-8.59304178924e-08
5.70850300275e-10	-1.05958104513e-07
5.72064875382e-10	-1.16520279647e-07
5.73279450489e-10	-1.19970779977e-07
5.74494025596e-10	-1.18558102891e-07
5.75708600703e-10	-1.13219845055e-07
5.7692317581e-10	-1.03122478556e-07
5.78137750917e-10	-8.59617581561e-08
5.79352326024e-10	-5.91681703632e-08
5.80566901131e-10	-2.14550823774e-08
5.81781476238e-10	2.58207089043e-08
5.82996051345e-10	7.79541973195e-08
5.84210626452e-10	1.27390362259e-07
5.85425201559e-10	1.65163814181e-07
5.86639776666e-10	1.83167692569e-07
5.87854351772e-10	1.76388697426e-07
5.89068926879e-10	1.44548814696e-07
5.90283501986e-10	9.25282122033e-08
5.91498077093e-10	2.93089237324e-08
5.927126522e-10	-3.41327095477e-08
5.93927227307e-10	-8.75896555286e-08
5.95141802414e-10	-1.23970972155e-07
5.96356377521e-10	-1.40725203934e-07
5.97570952628e-10	-1.39752747152e-07
5.98785527735e-10	-1.26149219071e-07
6.00000102842e-10	-1.06057082228e-07
6.01214677949e-10	-8.45799394966e-08
6.02429253056e-10	-6.43613842222e-08
6.03643828163e-10	-4.51884734076e-08
6.0485840327e-10	-2.47989601077e-08
6.06072978377e-10	-3.76880970876e-10
6.07287553484e-10	2.97320188469e-08
6.08502128591e-10	6.4750829587e-08
6.09716703698e-10	1.01048344359e-07
6.10931278805e-10	1.32716558632e-07
6.12145853912e-10	1.5301828693e-07
6.13360429019e-10	1.56163115328e-07
6.14575004126e-10	1.39056274051e-07
6.15789579233e-10	1.02330748319e-07
6.1700415434e-10	5.04994908113e-08
6.18218729447e-10	-8.91693116567e-09
6.19433304554e-10	-6.69982198609e-08
6.20647879661e-10	-1.15311273419e-07
6.21862454768e-10	-1.47624980684e-07
6.23077029875e-10	-1.60894267687e-07
6.24291604982e-10	-1.55488059761e-07
6.25506180088e-10	-1.34532066376e-07
6.26720755195e-10	-1.02810721714e-07
6.27935330302e-10	-6.54832428282e-08
6.29149905409e-10	-2.70707909422e-08
6.30364480516e-10	9.16658873806e-09
6.31579055623e-10	4.13187963844e-08
6.3279363073e-10	6.85177989901e-08
6.34008205837e-10	9.04422519099e-08
6.35222780944e-10	1.06746402828e-07
6.36437356051e-10	1.16723681387e-07
6.37651931158e-10	1.19237336449e-07
6.38866506265e-10	1.12984609224e-07
6.40081081372e-10	9.69944600193e-08
6.41295656479e-10	7.11868817227e-08
6.42510231586e-10	3.68149773999e-08
6.43724806693e-10	-3.42716277579e-09
6.449393818e-10	-4.55766648866e-08
6.46153956907e-10	-8.49553272175e-08
6.47368532014e-10	-1.16855836119e-07
6.48583107121e-10	-1.37241911169e-07
6.49797682228e-10	-1.43406722053e-07
6.51012257335e-10	-1.34385397921e-07
6.52226832442e-10	-1.11161201133e-07
6.53441407549e-10	-7.6580632058e-08
6.54655982656e-10	-3.49702689029e-08
6.55870557763e-10	8.56228871138e-09
6.5708513287e-10	4.89203053622e-08
6.58299707977e-10	8.18699397165e-08
6.59514283084e-10	1.04609373608e-07
6.60728858191e-10	1.16007434769e-07
6.61943433298e-10	1.16447378851e-07
6.63158008405e-10	1.0736591971e-07
6.64372583511e-10	9.07190180754e-08
6.65587158618e-10	6.8453577029e-08
6.66801733725e-10	4.2261583566e-08
6.68016308832e-10	1.3551141459e-08
6.69230883939e-10	-1.63896167749e-08
6.70445459046e-10	-4.60765012811e-08
6.71660034153e-10	-7.35835170573e-08
6.7287460926e-10	-9.6497063673e-08
6.74089184367e-10	-1.1207255568e-07
6.75303759474e-10	-1.17707057434e-07
6.76518334581e-10	-1.11595749974e-07
6.77732909688e-10	-9.33339996401e-08
6.78947484795e-10	-6.43528403899e-08
6.80162059902e-10	-2.79288340232e-08
6.81376635009e-10	1.12809724895e-08
6.82591210116e-10	4.80606341391e-08
6.83805785223e-10	7.76649793366e-08
6.8502036033e-10	9.67061444257e-08
6.86234935437e-10	1.03765038784e-07
6.87449510544e-10	9.94353381856e-08
6.88664085651e-10	8.59631055228e-08
6.89878660758e-10	6.6498964113e-08
6.91093235865e-10	4.42504570763e-08
6.92307810972e-10	2.17404001468e-08
6.93522386079e-10	4.16869760933e-10
6.94736961186e-10	-1.93337342802e-08
6.95951536293e-10	-3.77695172915e-08
6.971661114e-10	-5.50989280867e-08
6.98380686507e-10	-7.08550715878e-08
6.99595261614e-10	-8.35342421901e-08
7.00809836721e-10	-9.07218660195e-08
7.02024411827e-10	-8.97482994588e-08
7.03238986934e-10	-7.86147182907e-08
7.04453562041e-10	-5.69414044804e-08
7.05668137148e-10	-2.65158424106e-08
7.06882712255e-10	8.73447142391e-09
7.08097287362e-10	4.34860700782e-08
7.09311862469e-10	7.21449757712e-08
7.10526437576e-10	9.01889611882e-08
7.11741012683e-10	9.52052672254e-08
7.1295558779e-10	8.73721748285e-08
7.14170162897e-10	6.93010595576e-08
7.15384738004e-10	4.52096240444e-08
7.16599313111e-10	1.97913581079e-08
7.17813888218e-10	-2.97566926655e-09
7.19028463325e-10	-2.06591771468e-08
7.20243038432e-10	-3.26863864863e-08
7.21457613539e-10	-4.00415254287e-08
7.22672188646e-10	-4.45182095632e-08
7.23886763753e-10	-4.77966171086e-08
7.2510133886e-10	-5.0672615437e-08
7.26315913967e-10	-5.27059640376e-08
7.27530489074e-10	-5.2369411474e-08
7.28745064181e-10	-4.77002948251e-08
7.29959639288e-10	-3.70973869401e-08
7.31174214395e-10	-2.01149022994e-08
7.32388789502e-10	2.07151415466e-09
7.33603364609e-10	2.67307338486e-08
7.34817939716e-10	5.00152879113e-08
7.36032514823e-10	6.78209706173e-08
7.3724708993e-10	7.67207168906e-08
7.38461665037e-10	7.48091042446e-08
7.39676240143e-10	6.21603608586e-08
7.4089081525e-10	4.08955895814e-08
7.42105390357e-10	1.47093918157e-08
7.43319965464e-10	-1.19308251056e-08
7.44534540571e-10	-3.47388522393e-08
7.45749115678e-10	-5.05138830764e-08
7.46963690785e-10	-5.77019663162e-08
7.48178265892e-10	-5.65726674395e-08
7.49392840999e-10	-4.88934881471e-08
7.50607416106e-10	-3.73160493616e-08
7.51821991213e-10	-2.4594185688e-08
7.5303656632e-10	-1.28591159942e-08
7.54251141427e-10	-3.22911589135e-09
7.55465716534e-10	4.28715592193e-09
7.56680291641e-10	1.04729733774e-08
7.57894866748e-10	1.63870654823e-08
7.59109441855e-10	2.27852947621e-08
7.60324016962e-10	2.96791364818e-08
7.61538592069e-10	3.61817300565e-08
7.62753167176e-10	4.06627118643e-08
7.63967742283e-10	4.12325211752e-08
7.6518231739e-10	3.63373944268e-08
7.66396892497e-10	2.53913942094e-08
7.67611467604e-10	9.12723419066e-09
7.68826042711e-10	-1.03334727442e-08
7.70040617818e-10	-2.98756031025e-08
7.71255192925e-10	-4.60324263152e-08
7.72469768032e-10	-5.58002826168e-08
7.73684343139e-10	-5.73544327587e-08
7.74898918246e-10	-5.04487820407e-08
7.76113493353e-10	-3.64800036845e-08
7.77328068459e-10	-1.81009371936e-08
7.78542643566e-10	1.40401772153e-09
7.79757218673e-10	1.88484681196e-08
7.8097179378e-10	3.18082697959e-08
7.82186368887e-10	3.90053076504e-08
7.83400943994e-10	4.0418144831e-08
7.84615519101e-10	3.70465782495e-08
7.85830094208e-10	3.0486723146e-08
7.87044669315e-10	2.24066577514e-08
7.88259244422e-10	1.41244687057e-08
7.89473819529e-10	6.35758837242e-09
7.90688394636e-10	-7.48126338657e-10
7.91902969743e-10	-7.40877675875e-09
7.9311754485e-10	-1.38798451621e-08
7.94332119957e-10	-2.01488777885e-08
7.95546695064e-10	-2.58386539942e-08
7.96761270171e-10	-3.01926703639e-08
7.97975845278e-10	-3.23228521726e-08
7.99190420385e-10	-3.14440191662e-08
8.00404995492e-10	-2.71283850939e-08
8.01619570599e-10	-1.94658911212e-08
8.02834145706e-10	-9.09414582528e-09
8.04048720813e-10	2.85607471007e-09
8.0526329592e-10	1.49394722704e-08
8.06477871027e-10	2.55944746508e-08
8.07692446134e-10	3.33986815981e-08
8.08907021241e-10	3.72941217908e-08
8.10121596348e-10	3.67416006508e-08
8.11336171455e-10	3.18140056521e-08
8.12550746562e-10	2.31671586359e-08
8.13765321669e-10	1.1948349421e-08
8.14979896775e-10	-3.7588204771e-10
8.16194471882e-10	-1.22080692222e-08
8.17409046989e-10	-2.20517610838e-08
8.18623622096e-10	-2.87105514918e-08
8.19838197203e-10	-3.14885120201e-08
8.2105277231e-10	-3.03012064329e-08
8.22267347417e-10	-2.56964489687e-08
8.23481922524e-10	-1.87436122179e-08
8.24696497631e-10	-1.07863663001e-08
8.25911072738e-10	-3.17208213862e-09
8.27125647845e-10	3.07871880767e-09
8.28340222952e-10	7.43623507216e-09
8.29554798059e-10	9.93430182561e-09
8.30769373166e-10	1.10615340776e-08
8.31983948273e-10	1.15230133213e-08
8.3319852338e-10	1.19785448782e-08
8.34413098487e-10	1.27822935569e-08
8.35627673594e-10	1.38489000268e-08
8.36842248701e-10	1.46621143005e-08
8.38056823808e-10	1.44433631721e-08
8.39271398915e-10	1.24279522229e-08
8.40485974022e-10	8.19422263376e-09
8.41700549129e-10	1.90089360919e-09
8.42915124236e-10	-5.6323076203e-09
8.44129699343e-10	-1.30558710509e-08
8.4534427445e-10	-1.88391067191e-08
8.46558849557e-10	-2.16792918062e-08
8.47773424664e-10	-2.09185838651e-08
8.48987999771e-10	-1.67559163211e-08
8.50202574878e-10	-1.02288386095e-08
8.51417149985e-10	-2.95303501097e-09
8.52631725092e-10	3.33205940617e-09
8.53846300198e-10	7.23229276467e-09
8.55060875305e-10	8.09168543281e-09
8.56275450412e-10	6.15316020358e-09
8.57490025519e-10	2.47769768591e-09
8.58704600626e-10	-1.40338703505e-09
8.59919175733e-10	-3.94153473748e-09
8.6113375084e-10	-4.05556607741e-09
8.62348325947e-10	-1.45547016106e-09
8.63562901054e-10	3.26758443914e-09
8.64777476161e-10	8.81319550672e-09
8.65992051268e-10	1.35726396788e-08
8.67206626375e-10	1.61061753934e-08
8.68421201482e-10	1.55807586832e-08
8.69635776589e-10	1.20044829632e-08
8.70850351696e-10	6.20335005586e-09
8.72064926803e-10	-4.50204463986e-10
8.7327950191e-10	-6.47620057581e-09
8.74494077017e-10	-1.07269824134e-08
8.75708652124e-10	-1.27155173058e-08
8.76923227231e-10	-1.26798865852e-08
8.78137802338e-10	-1.144047862e-08
8.79352377445e-10	-1.00302146588e-08
8.80566952552e-10	-9.29650945114e-09
8.81781527659e-10	-9.56871948343e-09
8.82996102766e-10	-1.05217431989e-08
8.84210677873e-10	-1.12843011602e-08
8.8542525298e-10	-1.0741598222e-08
8.86639828087e-10	-7.95801557985e-09
8.87854403194e-10	-2.54811707845e-09
8.89068978301e-10	5.08491782014e-09
8.90283553408e-10	1.37770260755e-08
8.91498128514e-10	2.18615825442e-08
8.92712703621e-10	2.75979138431e-08
8.93927278728e-10	2.96541318168e-08
8.95141853835e-10	2.74621292373e-08
8.96356428942e-10	2.13676298877e-08
8.97571004049e-10	1.25039610888e-08
8.98785579156e-10	2.46314210695e-09
9.00000154263e-10	-7.13430731158e-09
9.0121472937e-10	-1.50319459102e-08
9.02429304477e-10	-2.05689860699e-08
9.03643879584e-10	-2.37098689571e-08
9.04858454691e-10	-2.48747631382e-08
9.06073029798e-10	-2.46604308085e-08
9.07287604905e-10	-2.35231744083e-08
9.08502180012e-10	-2.15930310299e-08
9.09716755119e-10	-1.8601171492e-08
9.10931330226e-10	-1.40480018174e-08
9.12145905333e-10	-7.46872597102e-09
9.1336048044e-10	1.2328197907e-09
9.14575055547e-10	1.15402398193e-08
9.15789630654e-10	2.22728837596e-08
9.17004205761e-10	3.17475490341e-08
9.18218780868e-10	3.81537146321e-08
9.19433355975e-10	4.00099970932e-08
9.20647931082e-10	3.65845918004e-08
9.21862506189e-10	2.81406984382e-08
9.23077081296e-10	1.59190371996e-08
9.24291656403e-10	1.88011800573e-09
9.2550623151e-10	-1.17595604365e-08
9.26720806617e-10	-2.30187624517e-08
9.27935381724e-10	-3.05785146093e-08
9.2914995683e-10	-3.39830141804e-08
9.30364531937e-10	-3.36197609752e-08
9.31579107044e-10	-3.04487228764e-08
9.32793682151e-10	-2.56257712827e-08
9.34008257258e-10	-2.01161404201e-08
9.35222832365e-10	-1.44202310093e-08
9.36437407472e-10	-8.52899817438e-09
9.37651982579e-10	-2.0735316103e-09
9.38866557686e-10	5.34237670768e-09
9.40081132793e-10	1.38010589623e-08
9.412957079e-10	2.27987535517e-08
9.42510283007e-10	3.12128860536e-08
9.43724858114e-10	3.74922379809e-08
9.44939433221e-10	4.00343973528e-08
9.46154008328e-10	3.76662183665e-08
9.47368583435e-10	3.00285498689e-08
9.48583158542e-10	1.7792953888e-08
9.49797733649e-10	2.61290077075e-09
9.51012308756e-10	-1.31811428439e-08
9.52226883863e-10	-2.70754696441e-08
9.5344145897e-10	-3.69141344159e-08
9.54656034077e-10	-4.13592393667e-08
9.55870609184e-10	-4.0156136194e-08
9.57085184291e-10	-3.41061690001e-08
9.58299759398e-10	-2.48072659081e-08
9.59514334505e-10	-1.41918938823e-08
9.60728909612e-10	-4.04443648017e-09
9.61943484719e-10	4.4092462459e-09
9.63158059826e-10	1.06884395223e-08
9.64372634933e-10	1.50021118861e-08
9.6558721004e-10	1.7999327917e-08
9.66801785146e-10	2.03750151195e-08
9.68016360253e-10	2.25398081311e-08
9.6923093536e-10	2.439421809e-08
9.70445510467e-10	2.53320685539e-08
9.71660085574e-10	2.44359952273e-08
9.72874660681e-10	2.082294559e-08
9.74089235788e-10	1.40192881748e-08
9.75303810895e-10	4.24669549526e-09
9.76518386002e-10	-7.46183198563e-09
9.77732961109e-10	-1.94026766875e-08
9.78947536216e-10	-2.95314959153e-08
9.80162111323e-10	-3.59466132416e-08
9.8137668643e-10	-3.73590500757e-08
9.82591261537e-10	-3.34288856596e-08
9.83805836644e-10	-2.48720221085e-08
9.85020411751e-10	-1.32929082186e-08
9.86234986858e-10	-8.09520672718e-10
9.87449561965e-10	1.04495521125e-08
9.88664137072e-10	1.88046416216e-08
9.89878712179e-10	2.33707281305e-08
9.91093287286e-10	2.41573649973e-08
9.92307862393e-10	2.1946108375e-08
9.935224375e-10	1.79751553642e-08
9.94737012607e-10	1.35271406299e-08
9.95951587714e-10	9.56640622274e-09
9.97166162821e-10	6.48893627719e-09
9.98380737928e-10	4.11563028102e-09
9.99595313035e-10	1.84869222014e-09
1.00080988814e-09	-1.00664107605e-09
1.00202446325e-09	-4.90322238367e-09
1.00323903836e-09	-9.80245362658e-09
1.00445361346e-09	-1.50887770056e-08
1.00566818857e-09	-1.9695302278e-08
1.00688276368e-09	-2.23907467012e-08
1.00809733878e-09	-2.21587609373e-08
1.00931191389e-09	-1.85260523589e-08
1.010526489e-09	-1.17714737957e-08
1.0117410641e-09	-2.91930202234e-09
1.01295563921e-09	6.47594963765e-09
1.01417021432e-09	1.4687057015e-08
1.01538478943e-09	2.02394284665e-08
1.01659936453e-09	2.22530677219e-08
1.01781393964e-09	2.06472590136e-08
1.01902851475e-09	1.61025923706e-08
1.02024308985e-09	9.85314052571e-09
1.02145766496e-09	3.32987426521e-09
1.02267224007e-09	-2.2155865198e-09
1.02388681517e-09	-5.99192948036e-09
1.02510139028e-09	-7.81328080013e-09
1.02631596539e-09	-8.03742911115e-09
1.02753054049e-09	-7.37403854645e-09
1.0287451156e-09	-6.59096266453e-09
1.02995969071e-09	-6.24702914398e-09
1.03117426582e-09	-6.50346854147e-09
1.03238884092e-09	-7.09334671556e-09
1.03360341603e-09	-7.44318201518e-09
1.03481799114e-09	-6.90501222866e-09
1.03603256624e-09	-5.02327229812e-09
1.03724714135e-09	-1.73422899652e-09
1.03846171646e-09	2.55315794201e-09
1.03967629156e-09	7.0458254231e-09
1.04089086667e-09	1.07690880657e-08
1.04210544178e-09	1.28404775701e-08
1.04332001689e-09	1.27222753998e-08
1.04453459199e-09	1.03725093514e-08
1.0457491671e-09	6.27645069251e-09
1.04696374221e-09	1.30876919024e-09
1.04817831731e-09	-3.47993413252e-09
1.04939289242e-09	-7.14620879139e-09
1.05060746753e-09	-9.08050956649e-09
1.05182204263e-09	-9.14325781753e-09
1.05303661774e-09	-7.65600238761e-09
1.05425119285e-09	-5.26300639181e-09
1.05546576796e-09	-2.71653682882e-09
1.05668034306e-09	-6.38748349352e-10
1.05789491817e-09	6.34853985354e-10
1.05910949328e-09	1.11927164759e-09
1.06032406838e-09	1.1108699724e-09
1.06153864349e-09	1.03705755441e-09
1.0627532186e-09	1.27694735341e-09
1.0639677937e-09	2.00804259332e-09
1.06518236881e-09	3.13909140348e-09
1.06639694392e-09	4.33333427474e-09
1.06761151902e-09	5.1234111953e-09
1.06882609413e-09	5.0678521657e-09
1.07004066924e-09	3.91833004931e-09
1.07125524435e-09	1.72283094735e-09
1.07246981945e-09	-1.15209818075e-09
1.07368439456e-09	-4.10116907101e-09
1.07489896967e-09	-6.44772024661e-09
1.07611354477e-09	-7.62860957737e-09
1.07732811988e-09	-7.36315441952e-09
1.07854269499e-09	-5.72476133165e-09
1.07975727009e-09	-3.12047970796e-09
1.0809718452e-09	-1.62028626627e-10
1.08218642031e-09	2.49981431388e-09
1.08340099542e-09	4.35066946358e-09
1.08461557052e-09	5.13289127868e-09
1.08583014563e-09	4.88432880252e-09
1.08704472074e-09	3.89807630619e-09
1.08825929584e-09	2.60469756874e-09
1.08947387095e-09	1.43540822284e-09
1.09068844606e-09	6.79680221827e-10
1.09190302116e-09	4.07023014251e-10
1.09311759627e-09	4.6169402329e-10
1.09433217138e-09	5.2834832516e-10
1.09554674649e-09	2.71101535318e-10
1.09676132159e-09	-5.36881143709e-10
1.0979758967e-09	-1.9049166966e-09
1.09919047181e-09	-3.59846666353e-09
1.10040504691e-09	-5.19183113168e-09
1.10161962202e-09	-6.19635198706e-09
1.10283419713e-09	-6.20490403502e-09
1.10404877223e-09	-5.02655655987e-09
1.10526334734e-09	-2.76058198523e-09
1.10647792245e-09	2.14548391206e-10
1.10769249755e-09	3.32135034753e-09
1.10890707266e-09	5.92618093487e-09
1.11012164777e-09	7.49437500946e-09
1.11133622288e-09	7.7308405233e-09
1.11255079798e-09	6.64816196538e-09
1.11376537309e-09	4.55859600068e-09
1.1149799482e-09	1.9851293942e-09
1.1161945233e-09	-4.94348997501e-10
1.11740909841e-09	-2.39778603917e-09
1.11862367352e-09	-3.46600020906e-09
1.11983824862e-09	-3.70553937534e-09
1.12105282373e-09	-3.3577098324e-09
1.12226739884e-09	-2.78640460705e-09
1.12348197395e-09	-2.35002532711e-09
1.12469654905e-09	-2.27314689294e-09
1.12591112416e-09	-2.57229956779e-09
1.12712569927e-09	-3.05984323989e-09
1.12834027437e-09	-3.40446752733e-09
1.12955484948e-09	-3.25140994684e-09
1.13076942459e-09	-2.34890419615e-09
1.13198399969e-09	-6.50319879544e-10
1.1331985748e-09	1.64694463622e-09
1.13441314991e-09	4.12921746795e-09
1.13562772502e-09	6.26653573477e-09
1.13684230012e-09	7.55685014564e-09
1.13805687523e-09	7.65382957013e-09
1.13927145034e-09	6.47746173366e-09
1.14048602544e-09	4.23069526634e-09
1.14170060055e-09	1.35240972587e-09
1.14291517566e-09	-1.59637662811e-09
1.14412975076e-09	-4.07372569011e-09
1.14534432587e-09	-5.68155955616e-09
1.14655890098e-09	-6.25108328989e-09
1.14777347608e-09	-5.85247766915e-09
1.14898805119e-09	-4.75581105053e-09
1.1502026263e-09	-3.33319766233e-09
1.15141720141e-09	-1.95060327612e-09
1.15263177651e-09	-8.66483947093e-10
1.15384635162e-09	-1.78873324572e-10
