% time-domain voltage integration by openEMS v0.37.0-rc1-2-g7b051bb @Sat Aug  8 16:17:17 2026
% start-coordinates: (0.00438832,0.00139515,-0.000635) m -> [123,68,15]
% stop-coordinates: (0.00469409,0.00139515,-0.000635) m -> [129,68,15]
% t/s	voltage
0	0
1.23345930257e-12	0
2.46691860514e-12	0
3.70037790771e-12	0
4.93383721028e-12	0
6.16729651285e-12	0
7.40075581542e-12	0
8.63421511799e-12	0
9.86767442056e-12	0
1.11011337231e-11	0
1.23345930257e-11	-2.91530371372e-33
1.35680523283e-11	6.067477004e-28
1.48015116308e-11	3.10442829429e-24
1.60349709334e-11	2.35680992812e-21
1.7268430236e-11	3.4531700279e-19
1.85018895385e-11	-3.59037579443e-18
1.97353488411e-11	-1.93584224113e-15
2.09688081437e-11	-7.8534579399e-14
2.22022674463e-11	-1.30837878306e-12
2.34357267488e-11	-1.12737591615e-11
2.46691860514e-11	-5.62734676565e-11
2.5902645354e-11	-1.75541190958e-10
2.71361046565e-11	-3.54769085636e-10
2.83695639591e-11	-3.96858535617e-10
2.96030232617e-11	2.69543193321e-10
3.08364825642e-11	2.76507380881e-09
3.20699418668e-11	8.83863382484e-09
3.33034011694e-11	2.07035570909e-08
3.4536860472e-11	3.97856418921e-08
3.57703197745e-11	6.45989355341e-08
3.70037790771e-11	8.78175079322e-08
3.82372383797e-11	9.21972285184e-08
3.94706976822e-11	4.95943037748e-08
4.07041569848e-11	-7.53383333496e-08
4.19376162874e-11	-3.14446491956e-07
4.31710755899e-11	-6.75770323255e-07
4.44045348925e-11	-1.12149248821e-06
4.56379941951e-11	-1.55180249806e-06
4.68714534977e-11	-1.80817883688e-06
4.81049128002e-11	-1.70645159869e-06
4.93383721028e-11	-1.09775620416e-06
5.05718314054e-11	5.68133149415e-08
5.18052907079e-11	1.62858233921e-06
5.30387500105e-11	3.31118141617e-06
5.42722093131e-11	4.67711643637e-06
5.55056686156e-11	5.29654170123e-06
5.67391279182e-11	4.88163789214e-06
5.79725872208e-11	3.40771759966e-06
5.92060465234e-11	1.1597926175e-06
6.04395058259e-11	-1.32083380322e-06
6.16729651285e-11	-3.37859555088e-06
6.29064244311e-11	-4.43717803478e-06
6.41398837336e-11	-4.17896535509e-06
6.53733430362e-11	-2.65875314653e-06
6.66068023388e-11	-3.05688718782e-07
6.78402616413e-11	2.19069238483e-06
6.90737209439e-11	4.08526204865e-06
7.03071802465e-11	4.8141263278e-06
7.15406395491e-11	4.18259114099e-06
7.27740988516e-11	2.43914698217e-06
7.40075581542e-11	1.89993732747e-07
7.52410174568e-11	-1.81443331826e-06
7.64744767593e-11	-2.95714340837e-06
7.77079360619e-11	-2.9794932459e-06
7.89413953645e-11	-2.06885390241e-06
8.0174854667e-11	-7.65147028403e-07
8.14083139696e-11	2.70784411782e-07
8.26417732722e-11	5.31151787442e-07
8.38752325748e-11	-1.37896865482e-07
8.51086918773e-11	-1.48849055392e-06
8.63421511799e-11	-2.98767162121e-06
8.75756104825e-11	-4.04015256095e-06
8.8809069785e-11	-4.21594069167e-06
9.00425290876e-11	-3.39456136089e-06
9.12759883902e-11	-1.77502619181e-06
9.25094476927e-11	2.280650655e-07
9.37429069953e-11	2.14711292301e-06
9.49763662979e-11	3.60843998237e-06
9.62098256005e-11	4.41520154482e-06
9.7443284903e-11	4.5492298284e-06
9.86767442056e-11	4.1187020372e-06
9.99102035082e-11	3.28229469915e-06
1.01143662811e-10	2.18978985345e-06
1.02377122113e-10	9.56204345925e-07
1.03610581416e-10	-3.30847747421e-07
1.04844040718e-10	-1.58191733135e-06
1.06077500021e-10	-2.67892775696e-06
1.07310959324e-10	-3.46778850258e-06
1.08544418626e-10	-3.78539638746e-06
1.09777877929e-10	-3.51172985802e-06
1.11011337231e-10	-2.62950578644e-06
1.12244796534e-10	-1.26059275374e-06
1.13478255836e-10	3.40735063276e-07
1.14711715139e-10	1.84518016511e-06
1.15945174442e-10	2.93474838031e-06
1.17178633744e-10	3.39294507512e-06
1.18412093047e-10	3.16107383469e-06
1.19645552349e-10	2.34977605373e-06
1.20879011652e-10	1.19931783615e-06
1.22112470954e-10	8.22992518579e-09
1.23345930257e-10	-9.495282427e-07
1.2457938956e-10	-1.49579101105e-06
1.25812848862e-10	-1.58628330382e-06
1.27046308165e-10	-1.31019490368e-06
1.28279767467e-10	-8.46567516533e-07
1.2951322677e-10	-3.9852869449e-07
1.30746686072e-10	-1.2167690322e-07
1.31980145375e-10	-8.05089784839e-08
1.33213604678e-10	-2.42828273045e-07
1.3444706398e-10	-5.13471615449e-07
1.35680523283e-10	-7.86605191649e-07
1.36913982585e-10	-9.88611795094e-07
1.38147441888e-10	-1.09427291051e-06
1.3938090119e-10	-1.10949239485e-06
1.40614360493e-10	-1.04230696962e-06
1.41847819796e-10	-8.799071054e-07
1.43081279098e-10	-5.90212053453e-07
1.44314738401e-10	-1.44529124668e-07
1.45548197703e-10	4.50377548589e-07
1.46781657006e-10	1.13350886011e-06
1.48015116308e-10	1.79090281449e-06
1.49248575611e-10	2.28144747894e-06
1.50482034914e-10	2.47418563504e-06
1.51715494216e-10	2.28868765362e-06
1.52948953519e-10	1.72589449221e-06
1.54182412821e-10	8.83431205523e-07
1.55415872124e-10	-5.56009887021e-08
1.56649331426e-10	-8.6312596892e-07
1.57882790729e-10	-1.33127163338e-06
1.59116250032e-10	-1.34419087772e-06
1.60349709334e-10	-9.24580469075e-07
1.61583168637e-10	-2.32094787833e-07
1.62816627939e-10	4.94928382722e-07
1.64050087242e-10	1.02914783895e-06
1.65283546544e-10	1.2403449432e-06
1.66517005847e-10	1.13537400637e-06
1.6775046515e-10	8.38393390268e-07
1.68983924452e-10	5.23152198895e-07
1.70217383755e-10	3.31318879887e-07
1.71450843057e-10	3.13518143003e-07
1.7268430236e-10	4.14724112829e-07
1.73917761662e-10	5.0483125591e-07
1.75151220965e-10	4.39400452024e-07
1.76384680268e-10	1.23620466752e-07
1.7761813957e-10	-4.41765251935e-07
1.78851598873e-10	-1.15122380606e-06
1.80085058175e-10	-1.82467866239e-06
1.81318517478e-10	-2.26875793885e-06
1.8255197678e-10	-2.3458900813e-06
1.83785436083e-10	-2.02408244832e-06
1.85018895385e-10	-1.38684049489e-06
1.86252354688e-10	-5.98213986791e-07
1.87485813991e-10	1.59022896185e-07
1.88719273293e-10	7.47221022834e-07
1.89952732596e-10	1.10895155103e-06
1.91186191898e-10	1.26515583077e-06
1.92419651201e-10	1.28081451578e-06
1.93653110503e-10	1.22198907349e-06
1.94886569806e-10	1.12653045647e-06
1.96120029109e-10	9.99201553498e-07
1.97353488411e-10	8.27798999126e-07
1.98586947714e-10	6.03948912214e-07
1.99820407016e-10	3.35147976926e-07
2.01053866319e-10	4.04937008369e-08
2.02287325621e-10	-2.59973354844e-07
2.03520784924e-10	-5.56312450328e-07
2.04754244227e-10	-8.44698554658e-07
2.05987703529e-10	-1.11700342842e-06
2.07221162832e-10	-1.34528470142e-06
2.08454622134e-10	-1.48009989687e-06
2.09688081437e-10	-1.46148036606e-06
2.10921540739e-10	-1.24452550665e-06
2.12155000042e-10	-8.22901135678e-07
2.13388459345e-10	-2.41851672911e-07
2.14621918647e-10	4.0874899554e-07
2.1585537795e-10	1.01728019786e-06
2.17088837252e-10	1.48102493824e-06
2.18322296555e-10	1.73125329184e-06
2.19555755857e-10	1.74432973665e-06
2.2078921516e-10	1.53761008903e-06
2.22022674463e-10	1.15446120219e-06
2.23256133765e-10	6.48242021839e-07
2.24489593068e-10	7.26354962843e-08
2.2572305237e-10	-5.182855638e-07
2.26956511673e-10	-1.0649998643e-06
2.28189970975e-10	-1.49887877399e-06
2.29423430278e-10	-1.74927848207e-06
2.30656889581e-10	-1.76020667197e-06
2.31890348883e-10	-1.51401131632e-06
2.33123808186e-10	-1.04797175027e-06
2.34357267488e-10	-4.54596822408e-07
2.35590726791e-10	1.39125909016e-07
2.36824186093e-10	6.08614371345e-07
2.38057645396e-10	8.69538652637e-07
2.39291104699e-10	9.03308233546e-07
2.40524564001e-10	7.57582512279e-07
2.41758023304e-10	5.24953225778e-07
2.42991482606e-10	3.05899266806e-07
2.44224941909e-10	1.73822044758e-07
2.45458401211e-10	1.51211319022e-07
2.46691860514e-10	2.07497450333e-07
2.47925319817e-10	2.74486252394e-07
2.49158779119e-10	2.75367460389e-07
2.50392238422e-10	1.55521316714e-07
2.51625697724e-10	-9.44096383293e-08
2.52859157027e-10	-4.30485094682e-07
2.54092616329e-10	-7.66130440866e-07
2.55326075632e-10	-9.97874678887e-07
2.56559534935e-10	-1.03950743835e-06
2.57792994237e-10	-8.51657553369e-07
2.5902645354e-10	-4.57500004103e-07
2.60259912842e-10	6.30478380614e-08
2.61493372145e-10	5.97559132842e-07
2.62726831447e-10	1.03605304957e-06
2.6396029075e-10	1.30208388782e-06
2.65193750053e-10	1.37011110724e-06
2.66427209355e-10	1.26318386151e-06
2.67660668658e-10	1.03575910515e-06
2.6889412796e-10	7.49846975623e-07
2.70127587263e-10	4.5550046579e-07
2.71361046565e-10	1.82148108152e-07
2.72594505868e-10	-5.84756065791e-08
2.73827965171e-10	-2.62498121018e-07
2.75061424473e-10	-4.23990631049e-07
2.76294883776e-10	-5.29741910782e-07
2.77528343078e-10	-5.6224960332e-07
2.78761802381e-10	-5.08029550872e-07
2.79995261683e-10	-3.68455140176e-07
2.81228720986e-10	-1.66249764177e-07
2.82462180289e-10	5.50391749954e-08
2.83695639591e-10	2.40708358135e-07
2.84929098894e-10	3.40622385409e-07
2.86162558196e-10	3.26029912401e-07
2.87396017499e-10	2.0081490959e-07
2.88629476801e-10	1.7769751226e-09
2.89862936104e-10	-2.11597932065e-07
2.91096395407e-10	-3.76751145836e-07
2.92329854709e-10	-4.47579445506e-07
2.93563314012e-10	-4.10121451466e-07
2.94796773314e-10	-2.86019549378e-07
2.96030232617e-10	-1.25935294193e-07
2.97263691919e-10	7.88610965419e-09
2.98497151222e-10	6.19897972953e-08
2.99730610524e-10	1.11667017855e-08
3.00964069827e-10	-1.31666078929e-07
3.0219752913e-10	-3.17201063638e-07
3.03430988432e-10	-4.75268361555e-07
3.04664447735e-10	-5.38490574797e-07
3.05897907037e-10	-4.67031622264e-07
3.0713136634e-10	-2.64313266385e-07
3.08364825642e-10	2.27155865229e-08
3.09598284945e-10	3.19006598914e-07
3.10831744248e-10	5.47024203712e-07
3.1206520355e-10	6.52341853424e-07
3.13298662853e-10	6.1961075204e-07
3.14532122155e-10	4.73018921809e-07
3.15765581458e-10	2.63407530454e-07
3.1699904076e-10	4.72441232802e-08
3.18232500063e-10	-1.31893894917e-07
3.19465959366e-10	-2.54136271138e-07
3.20699418668e-10	-3.21982032148e-07
3.21932877971e-10	-3.50890431378e-07
3.23166337273e-10	-3.56162569659e-07
3.24399796576e-10	-3.4358668799e-07
3.25633255878e-10	-3.06970154185e-07
3.26866715181e-10	-2.33854985154e-07
3.28100174484e-10	-1.1601364136e-07
3.29333633786e-10	4.09335267904e-08
3.30567093089e-10	2.12954036627e-07
3.31800552391e-10	3.62775239182e-07
3.33034011694e-10	4.5118294878e-07
3.34267470996e-10	4.52609455692e-07
3.35500930299e-10	3.65133569602e-07
3.36734389602e-10	2.13288039674e-07
3.37967848904e-10	3.8997360452e-08
3.39201308207e-10	-1.12473827585e-07
3.40434767509e-10	-2.08548103231e-07
3.41668226812e-10	-2.38086485638e-07
3.42901686114e-10	-2.13006776661e-07
3.44135145417e-10	-1.60297985552e-07
3.4536860472e-10	-1.10936329456e-07
3.46602064022e-10	-8.76017676177e-08
3.47835523325e-10	-9.69386291239e-08
3.49068982627e-10	-1.27181580822e-07
3.5030244193e-10	-1.52840403445e-07
3.51535901232e-10	-1.44661222556e-07
3.52769360535e-10	-8.17543988063e-08
3.54002819838e-10	3.80724054505e-08
3.5523627914e-10	1.94948556853e-07
3.56469738443e-10	3.51392007047e-07
3.57703197745e-10	4.64925726362e-07
3.58936657048e-10	5.02278219017e-07
3.6017011635e-10	4.50978223654e-07
3.61403575653e-10	3.22229606553e-07
3.62637034956e-10	1.46183094962e-07
3.63870494258e-10	-3.93583956537e-08
3.65103953561e-10	-2.00354568491e-07
3.66337412863e-10	-3.14715588701e-07
3.67570872166e-10	-3.74981265594e-07
3.68804331468e-10	-3.86102875893e-07
3.70037790771e-10	-3.60764165208e-07
3.71271250074e-10	-3.13508998318e-07
3.72504709376e-10	-2.56422996614e-07
3.73738168679e-10	-1.95810800463e-07
3.74971627981e-10	-1.32199217795e-07
3.76205087284e-10	-6.22275777573e-08
3.77438546586e-10	1.67457792077e-08
3.78672005889e-10	1.02902362187e-07
3.79905465192e-10	1.87915080829e-07
3.81138924494e-10	2.59358076349e-07
3.82372383797e-10	3.05266288692e-07
3.83605843099e-10	3.19162285933e-07
3.84839302402e-10	3.01833900096e-07
3.86072761704e-10	2.59237710409e-07
3.87306221007e-10	1.97907485955e-07
3.8853968031e-10	1.21098233663e-07
3.89773139612e-10	2.83858230254e-08
3.91006598915e-10	-8.12389586713e-08
3.92240058217e-10	-2.04383914237e-07
3.9347351752e-10	-3.30049942932e-07
3.94706976822e-10	-4.39432898958e-07
3.95940436125e-10	-5.09897304823e-07
3.97173895428e-10	-5.20806619164e-07
3.9840735473e-10	-4.60154389259e-07
3.99640814033e-10	-3.29053108317e-07
4.00874273335e-10	-1.43912919803e-07
4.02107732638e-10	6.59885679433e-08
4.0334119194e-10	2.64250342497e-07
4.04574651243e-10	4.16065518039e-07
4.05808110546e-10	4.97195117077e-07
4.07041569848e-10	4.9982724093e-07
4.08275029151e-10	4.33761076835e-07
4.09508488453e-10	3.21502671596e-07
4.10741947756e-10	1.90537740252e-07
4.11975407058e-10	6.50038503025e-08
4.13208866361e-10	-3.94631243239e-08
4.14442325663e-10	-1.17045471981e-07
4.15675784966e-10	-1.69362690983e-07
4.16909244269e-10	-2.0177335891e-07
4.18142703571e-10	-2.20107375881e-07
4.19376162874e-10	-2.28367587951e-07
4.20609622176e-10	-2.28452037732e-07
4.21843081479e-10	-2.19813493629e-07
4.23076540781e-10	-2.00737698464e-07
4.24310000084e-10	-1.68722412042e-07
4.25543459387e-10	-1.22345892528e-07
4.26776918689e-10	-6.17382940327e-08
4.28010377992e-10	1.02794791568e-08
4.29243837294e-10	8.90165114953e-08
4.30477296597e-10	1.68026767611e-07
4.31710755899e-10	2.40210647817e-07
4.32944215202e-10	2.97281799178e-07
4.34177674505e-10	3.30182690078e-07
4.35411133807e-10	3.29446617542e-07
4.3664459311e-10	2.87915895569e-07
4.37878052412e-10	2.0408885959e-07
4.39111511715e-10	8.53861825689e-08
4.40344971017e-10	-5.15008782287e-08
4.4157843032e-10	-1.83942365339e-07
4.42811889623e-10	-2.89596076897e-07
4.44045348925e-10	-3.53226212724e-07
4.45278808228e-10	-3.70498497659e-07
4.4651226753e-10	-3.48210786427e-07
4.47745726833e-10	-3.00049054047e-07
4.48979186135e-10	-2.41522135624e-07
4.50212645438e-10	-1.8485123654e-07
4.51446104741e-10	-1.36779539694e-07
4.52679564043e-10	-9.79813199464e-08
4.53913023346e-10	-6.47831237544e-08
4.55146482648e-10	-3.12287851134e-08
4.56379941951e-10	8.16252787583e-09
4.57613401253e-10	5.59802670885e-08
4.58846860556e-10	1.10257202479e-07
4.60080319859e-10	1.64091009225e-07
4.61313779161e-10	2.07675686426e-07
4.62547238464e-10	2.31249231319e-07
4.63780697766e-10	2.28759448717e-07
4.65014157069e-10	1.99543464419e-07
4.66247616371e-10	1.48469535333e-07
4.67481075674e-10	8.3443128851e-08
4.68714534977e-10	1.29780677316e-08
4.69947994279e-10	-5.61330493198e-08
4.71181453582e-10	-1.18923145997e-07
4.72414912884e-10	-1.72157179179e-07
4.73648372187e-10	-2.13165778362e-07
4.74881831489e-10	-2.39804522906e-07
4.76115290792e-10	-2.50569046401e-07
4.77348750095e-10	-2.45141185573e-07
4.78582209397e-10	-2.2451344428e-07
4.798156687e-10	-1.90969183578e-07
4.81049128002e-10	-1.47905502956e-07
4.82282587305e-10	-9.95932207815e-08
4.83516046607e-10	-5.09452027231e-08
4.8474950591e-10	-6.39327280005e-09
4.85982965213e-10	3.12236743127e-08
4.87216424515e-10	6.19770714749e-08
4.88449883818e-10	8.82740041064e-08
4.8968334312e-10	1.13287230263e-07
4.90916802423e-10	1.377942489e-07
4.92150261725e-10	1.58256820981e-07
4.93383721028e-10	1.66859511097e-07
4.94617180331e-10	1.5439249168e-07
4.95850639633e-10	1.1443975545e-07
4.97084098936e-10	4.69560350602e-08
4.98317558238e-10	-4.04556894651e-08
4.99551017541e-10	-1.34236166183e-07
5.00784476843e-10	-2.18308457534e-07
5.02017936146e-10	-2.78352143113e-07
5.03251395449e-10	-3.0501028192e-07
5.04484854751e-10	-2.95947852891e-07
5.05718314054e-10	-2.55957077755e-07
5.06951773356e-10	-1.95385920776e-07
5.08185232659e-10	-1.27105491465e-07
5.09418691961e-10	-6.27735707859e-08
5.10652151264e-10	-9.59548329682e-09
5.11885610567e-10	3.1183273741e-08
5.13119069869e-10	6.30864791518e-08
5.14352529172e-10	9.12854511981e-08
5.15585988474e-10	1.18766134705e-07
5.16819447777e-10	1.43882082249e-07
5.18052907079e-10	1.60261093285e-07
5.19286366382e-10	1.5930689834e-07
5.20519825685e-10	1.33723120577e-07
5.21753284987e-10	8.08585367551e-08
5.2298674429e-10	4.31384405974e-09
5.24220203592e-10	-8.62704396809e-08
5.25453662895e-10	-1.77081741271e-07
5.26687122197e-10	-2.52977455872e-07
5.279205815e-10	-3.00758127736e-07
5.29154040803e-10	-3.12280139525e-07
5.30387500105e-10	-2.86609633804e-07
5.31620959408e-10	-2.30589943584e-07
5.3285441871e-10	-1.56850171962e-07
5.34087878013e-10	-8.02164388247e-08
5.35321337315e-10	-1.30815618893e-08
5.36554796618e-10	3.76268318725e-08
5.3778825592e-10	7.13998176138e-08
5.39021715223e-10	9.20787961434e-08
5.40255174526e-10	1.04751324059e-07
5.41488633828e-10	1.12691419751e-07
5.42722093131e-10	1.16202301115e-07
5.43955552433e-10	1.13267735635e-07
5.45189011736e-10	1.01295904109e-07
5.46422471038e-10	7.89476928276e-08
5.47655930341e-10	4.69227474653e-08
5.48889389644e-10	8.08264963292e-09
5.50122848946e-10	-3.36451166927e-08
5.51356308249e-10	-7.38834184943e-08
5.52589767551e-10	-1.09149741689e-07
5.53823226854e-10	-1.37197650574e-07
5.55056686156e-10	-1.57541650836e-07
5.56290145459e-10	-1.70642831421e-07
5.57523604762e-10	-1.77217009067e-07
5.58757064064e-10	-1.76552468645e-07
5.59990523367e-10	-1.66275491154e-07
5.61223982669e-10	-1.42702973882e-07
5.62457441972e-10	-1.03162215659e-07
5.63690901274e-10	-4.82495066123e-08
5.64924360577e-10	1.64428004545e-08
5.6615781988e-10	8.0953606485e-08
5.67391279182e-10	1.33432919824e-07
5.68624738485e-10	1.63686419086e-07
5.69858197787e-10	1.66191583162e-07
5.7109165709e-10	1.41187022962e-07
5.72325116392e-10	9.40480049394e-08
5.73558575695e-10	3.31862479719e-08
5.74792034998e-10	-3.18639981067e-08
5.760254943e-10	-9.24711196504e-08
5.77258953603e-10	-1.41810666321e-07
5.78492412905e-10	-1.75958515314e-07
5.79725872208e-10	-1.94095418848e-07
5.8095933151e-10	-1.98340135427e-07
5.82192790813e-10	-1.92440527513e-07
5.83426250116e-10	-1.80066013655e-07
5.84659709418e-10	-1.63147035437e-07
5.85893168721e-10	-1.41285592115e-07
5.87126628023e-10	-1.12516405082e-07
5.88360087326e-10	-7.48437405385e-08
5.89593546628e-10	-2.8041853728e-08
5.90827005931e-10	2.57551540095e-08
5.92060465234e-10	8.20272125779e-08
5.93293924536e-10	1.34962317766e-07
5.94527383839e-10	1.7818832454e-07
5.95760843141e-10	2.0570442949e-07
5.96994302444e-10	2.12323218562e-07
5.98227761746e-10	1.9475364077e-07
5.99461221049e-10	1.52522266816e-07
6.00694680352e-10	8.91162494909e-08
6.01928139654e-10	1.18545843697e-08
6.03161598957e-10	-6.8985290369e-08
6.04395058259e-10	-1.42452720731e-07
6.05628517562e-10	-1.99001860324e-07
6.06861976864e-10	-2.32316649473e-07
6.08095436167e-10	-2.39873591212e-07
6.0932889547e-10	-2.22806210814e-07
6.10562354772e-10	-1.85046529211e-07
6.11795814075e-10	-1.32528044539e-07
6.13029273377e-10	-7.21311850249e-08
6.1426273268e-10	-1.05523133009e-08
6.15496191982e-10	4.67907308455e-08
6.16729651285e-10	9.65852322565e-08
6.17963110588e-10	1.37536289913e-07
6.1919656989e-10	1.69636784619e-07
6.20430029193e-10	1.92793827125e-07
6.21663488495e-10	2.0591316563e-07
6.22896947798e-10	2.06834833705e-07
6.241304071e-10	1.93237852386e-07
6.25363866403e-10	1.63996814351e-07
6.26597325706e-10	1.20161490536e-07
6.27830785008e-10	6.51644076477e-08
6.29064244311e-10	4.11774259135e-09
6.30297703613e-10	-5.72291964929e-08
6.31531162916e-10	-1.13415765668e-07
6.32764622218e-10	-1.5978301704e-07
6.33998081521e-10	-1.92657367393e-07
6.35231540824e-10	-2.0945090462e-07
6.36465000126e-10	-2.08660319245e-07
6.37698459429e-10	-1.90028789149e-07
6.38931918731e-10	-1.54447663547e-07
6.40165378034e-10	-1.0398431094e-07
6.41398837336e-10	-4.18057855001e-08
6.42632296639e-10	2.75474005829e-08
6.43865755942e-10	9.79667280632e-08
6.45099215244e-10	1.61921461128e-07
6.46332674547e-10	2.11312736198e-07
6.47566133849e-10	2.39069590791e-07
6.48799593152e-10	2.41079373353e-07
6.50033052454e-10	2.1743756129e-07
6.51266511757e-10	1.72529393438e-07
6.52499971059e-10	1.13788854783e-07
6.53733430362e-10	4.96314798148e-08
6.54966889665e-10	-1.24475367791e-08
6.56200348967e-10	-6.69637936213e-08
6.5743380827e-10	-1.10638636919e-07
6.58667267572e-10	-1.4182546515e-07
6.59900726875e-10	-1.59898807084e-07
6.61134186177e-10	-1.64801491565e-07
6.6236764548e-10	-1.56862906664e-07
6.63601104783e-10	-1.36828717245e-07
6.64834564085e-10	-1.05850670451e-07
6.66068023388e-10	-6.57770344858e-08
6.6730148269e-10	-1.92972389179e-08
6.68534941993e-10	2.97463853549e-08
6.69768401295e-10	7.65551275705e-08
6.71001860598e-10	1.15972764725e-07
6.72235319901e-10	1.43641850414e-07
6.73468779203e-10	1.57093483111e-07
6.74702238506e-10	1.56335689283e-07
6.75935697808e-10	1.43549594434e-07
6.77169157111e-10	1.22025888061e-07
6.78402616413e-10	9.50973291225e-08
6.79636075716e-10	6.52514136057e-08
6.80869535019e-10	3.42445864998e-08
6.82102994321e-10	3.37036965004e-09
6.83336453624e-10	-2.58972103762e-08
6.84569912926e-10	-5.19321115e-08
6.85803372229e-10	-7.29686004952e-08
6.87036831531e-10	-8.75629320163e-08
6.88270290834e-10	-9.45804146113e-08
6.89503750137e-10	-9.34031065825e-08
6.90737209439e-10	-8.37456690661e-08
6.91970668742e-10	-6.59540728698e-08
6.93204128044e-10	-4.10574600984e-08
6.94437587347e-10	-1.09866267195e-08
6.95671046649e-10	2.18243538797e-08
6.96904505952e-10	5.47988534549e-08
6.98137965255e-10	8.57114379471e-08
6.99371424557e-10	1.12660124785e-07
7.0060488386e-10	1.33772881661e-07
7.01838343162e-10	1.46763897035e-07
7.03071802465e-10	1.48890825002e-07
7.04305261767e-10	1.37765291619e-07
7.0553872107e-10	1.12312666722e-07
7.06772180373e-10	7.40263370602e-08
7.08005639675e-10	2.71338522762e-08
7.09239098978e-10	-2.19580447158e-08
7.1047255828e-10	-6.62384769257e-08
7.11706017583e-10	-9.96369884376e-08
7.12939476885e-10	-1.18428170381e-07
7.14172936188e-10	-1.21649240903e-07
7.15406395491e-10	-1.10902687034e-07
7.16639854793e-10	-8.95736187445e-08
7.17873314096e-10	-6.18358959592e-08
7.19106773398e-10	-3.17058332922e-08
7.20340232701e-10	-2.31785576843e-09
7.21573692003e-10	2.4267487575e-08
7.22807151306e-10	4.69952277093e-08
7.24040610609e-10	6.50913225542e-08
7.25274069911e-10	7.75574022782e-08
7.26507529214e-10	8.27579675899e-08
7.27740988516e-10	7.8916587043e-08
7.28974447819e-10	6.49258531382e-08
7.30207907121e-10	4.16154737337e-08
7.31441366424e-10	1.21394718722e-08
7.32674825727e-10	-1.82147132932e-08
7.33908285029e-10	-4.36198814846e-08
7.35141744332e-10	-5.93802496063e-08
7.36375203634e-10	-6.35503645263e-08
7.37608662937e-10	-5.73723322184e-08
7.38842122239e-10	-4.46762138395e-08
7.40075581542e-10	-3.03452909467e-08
7.41309040845e-10	-1.86384263579e-08
7.42542500147e-10	-1.19262537623e-08
7.4377595945e-10	-1.02108512756e-08
7.45009418752e-10	-1.15675978796e-08
7.46242878055e-10	-1.30897699346e-08
7.47476337357e-10	-1.22631694799e-08
7.4870979666e-10	-7.95124466269e-09
7.49943255963e-10	-1.03407352819e-09
7.51176715265e-10	5.92567356295e-09
7.52410174568e-10	9.68241331556e-09
7.5364363387e-10	7.74777247914e-09
7.54877093173e-10	-2.90088661425e-10
7.56110552475e-10	-1.22999651575e-08
7.57344011778e-10	-2.42285471685e-08
7.58577471081e-10	-3.16070092321e-08
7.59810930383e-10	-3.14036976423e-08
7.61044389686e-10	-2.33562007512e-08
7.62277848988e-10	-1.01597459334e-08
7.63511308291e-10	3.47018136448e-09
7.64744767593e-10	1.25607938495e-08
7.65978226896e-10	1.36682952734e-08
7.67211686198e-10	6.08262085144e-09
7.68445145501e-10	-8.02415589529e-09
7.69678604804e-10	-2.44111642012e-08
7.70912064106e-10	-3.82547598043e-08
7.72145523409e-10	-4.57621380789e-08
7.73378982711e-10	-4.54245467907e-08
7.74612442014e-10	-3.84388543218e-08
7.75845901316e-10	-2.8195456192e-08
7.77079360619e-10	-1.8992653672e-08
7.78312819922e-10	-1.42690975702e-08
7.79546279224e-10	-1.53481555243e-08
7.80779738527e-10	-2.08115273903e-08
7.82013197829e-10	-2.72203308782e-08
7.83246657132e-10	-3.05760252672e-08
7.84480116434e-10	-2.81241971933e-08
7.85713575737e-10	-1.95114500112e-08
7.8694703504e-10	-6.99638191826e-09
7.88180494342e-10	5.52368961682e-09
7.89413953645e-10	1.40801685866e-08
7.90647412947e-10	1.6135504155e-08
7.9188087225e-10	1.15104978882e-08
7.93114331552e-10	2.15793759251e-09
7.94347790855e-10	-8.61147031461e-09
7.95581250158e-10	-1.76379213457e-08
7.9681470946e-10	-2.30107515264e-08
7.98048168763e-10	-2.48624443255e-08
7.99281628065e-10	-2.51502718651e-08
8.00515087368e-10	-2.68681021875e-08
8.0174854667e-10	-3.26666862449e-08
8.02982005973e-10	-4.36152705063e-08
8.04215465276e-10	-5.84073291954e-08
8.05448924578e-10	-7.34785756684e-08
8.06682383881e-10	-8.40688612058e-08
8.07915843183e-10	-8.57290487488e-08
8.09149302486e-10	-7.60262928168e-08
8.10382761788e-10	-5.5375184882e-08
8.11616221091e-10	-2.71729423407e-08
8.12849680394e-10	3.34509850375e-09
8.14083139696e-10	3.05122700439e-08
8.15316598999e-10	4.99309757984e-08
8.16550058301e-10	5.92842432923e-08
8.17783517604e-10	5.8751329135e-08
8.19016976906e-10	5.02486638965e-08
8.20250436209e-10	3.66723029721e-08
8.21483895512e-10	2.06729198204e-08
8.22717354814e-10	4.08741401836e-09
8.23950814117e-10	-1.24522332445e-08
8.25184273419e-10	-2.9141441038e-08
8.26417732722e-10	-4.63656837368e-08
8.27651192024e-10	-6.38823767218e-08
8.28884651327e-10	-8.02675508282e-08
8.3011811063e-10	-9.2907307625e-08
8.31351569932e-10	-9.85819523791e-08
8.32585029235e-10	-9.45759488502e-08
8.33818488537e-10	-7.9669270292e-08
8.3505194784e-10	-5.49226895075e-08
8.36285407142e-10	-2.35087869171e-08
8.37518866445e-10	9.86317283402e-09
8.38752325748e-10	4.02573832048e-08
8.3998578505e-10	6.35371408819e-08
8.41219244353e-10	7.73230066642e-08
8.42452703655e-10	8.11689950808e-08
8.43686162958e-10	7.6311574837e-08
8.4491962226e-10	6.49544880105e-08
8.46153081563e-10	4.94318084243e-08
8.47386540866e-10	3.14890127306e-08
8.48620000168e-10	1.19768368556e-08
8.49853459471e-10	-8.93344853647e-09
8.51086918773e-10	-3.12476884368e-08
8.52320378076e-10	-5.42709233109e-08
8.53553837378e-10	-7.6228008794e-08
8.54787296681e-10	-9.41395397192e-08
8.56020755984e-10	-1.04538319334e-07
8.57254215286e-10	-1.0439621434e-07
8.58487674589e-10	-9.2275112884e-08
8.59721133891e-10	-6.88909729263e-08
8.60954593194e-10	-3.72583977004e-08
8.62188052496e-10	-1.9797961881e-09
8.63421511799e-10	3.17087289758e-08
8.64654971102e-10	5.91776139203e-08
8.65888430404e-10	7.73207826654e-08
8.67121889707e-10	8.5094828961e-08
8.68355349009e-10	8.34773068448e-08
8.69588808312e-10	7.48208837109e-08
8.70822267614e-10	6.19335409624e-08
8.72055726917e-10	4.70759804472e-08
8.7328918622e-10	3.13488799364e-08
8.74522645522e-10	1.46885961172e-08
8.75756104825e-10	-3.5432768386e-09
8.76989564127e-10	-2.36734787329e-08
8.7822302343e-10	-4.4902377816e-08
8.79456482732e-10	-6.50469247354e-08
8.80689942035e-10	-8.09280287228e-08
8.81923401338e-10	-8.92319818036e-08
8.8315686064e-10	-8.7627231693e-08
8.84390319943e-10	-7.55427871368e-08
8.85623779245e-10	-5.45025828913e-08
8.86857238548e-10	-2.77978216001e-08
8.8809069785e-10	3.23138432679e-10
8.89324157153e-10	2.57234020751e-08
8.90557616455e-10	4.53543367307e-08
8.91791075758e-10	5.7852476143e-08
8.93024535061e-10	6.35535890581e-08
8.94257994363e-10	6.39505883804e-08
8.95491453666e-10	6.0823980963e-08
8.96724912968e-10	5.53706129836e-08
8.97958372271e-10	4.78064658971e-08
8.99191831573e-10	3.74723128083e-08
9.00425290876e-10	2.35876740362e-08
9.01658750179e-10	6.05708261325e-09
9.02892209481e-10	-1.383943804e-08
9.04125668784e-10	-3.34367187271e-08
9.05359128086e-10	-4.92612319825e-08
9.06592587389e-10	-5.81154981916e-08
9.07826046691e-10	-5.8090614985e-08
9.09059505994e-10	-4.93270926327e-08
9.10292965297e-10	-3.39997210386e-08
9.11526424599e-10	-1.56962012277e-08
9.12759883902e-10	1.63858038249e-09
9.13993343204e-10	1.48822483226e-08
9.15226802507e-10	2.25422691624e-08
9.16460261809e-10	2.50397564905e-08
9.17693721112e-10	2.42836355469e-08
9.18927180415e-10	2.28456451534e-08
9.20160639717e-10	2.28240069067e-08
9.2139409902e-10	2.51014335984e-08
9.22627558322e-10	2.89413890631e-08
9.23861017625e-10	3.24137239271e-08
9.25094476927e-10	3.31346388105e-08
9.2632793623e-10	2.93771278415e-08
9.27561395533e-10	2.07440493671e-08
9.28794854835e-10	8.48239078977e-09
9.30028314138e-10	-4.92870488866e-09
9.3126177344e-10	-1.66059391793e-08
9.32495232743e-10	-2.41933064693e-08
9.33728692045e-10	-2.66201605204e-08
9.34962151348e-10	-2.42847992826e-08
9.36195610651e-10	-1.88129074541e-08
9.37429069953e-10	-1.22848624606e-08
9.38662529256e-10	-6.56986826053e-09
9.39895988558e-10	-2.61796390122e-09
9.41129447861e-10	-3.97940652652e-10
9.42362907163e-10	9.81572802206e-10
9.43596366466e-10	2.6280662091e-09
9.44829825769e-10	5.36951505481e-09
9.46063285071e-10	9.22353005084e-09
9.47296744374e-10	1.34077604574e-08
9.48530203676e-10	1.65684173048e-08
9.49763662979e-10	1.74309676693e-08
9.50997122281e-10	1.53273552739e-08
9.52230581584e-10	1.06411284229e-08
9.53464040887e-10	4.71158378978e-09
9.54697500189e-10	-5.8134723771e-10
9.55930959492e-10	-3.53478107895e-09
9.57164418794e-10	-3.29343871619e-09
9.58397878097e-10	-2.05314057422e-10
9.59631337399e-10	4.25052446018e-09
9.60864796702e-10	8.00888777519e-09
9.62098256005e-10	9.14921066686e-09
9.63331715307e-10	6.63838783943e-09
9.6456517461e-10	7.00211506832e-10
9.65798633912e-10	-7.16758180586e-09
9.67032093215e-10	-1.47381883364e-08
9.68265552517e-10	-1.97486025311e-08
9.6949901182e-10	-2.07228947335e-08
9.70732471123e-10	-1.74518252072e-08
9.71965930425e-10	-1.10931429598e-08
9.73199389728e-10	-3.76334480245e-09
9.7443284903e-10	2.1942538897e-09
9.75666308333e-10	5.02496344534e-09
9.76899767635e-10	4.15130907427e-09
9.78133226938e-10	3.59708526854e-10
9.79366686241e-10	-4.50230089322e-09
9.80600145543e-10	-8.20026890835e-09
9.81833604846e-10	-8.87080159329e-09
9.83067064148e-10	-5.70460223503e-09
9.84300523451e-10	8.00761013053e-10
9.85533982753e-10	8.9540721504e-09
9.86767442056e-10	1.64145198545e-08
9.88000901359e-10	2.08941777213e-08
9.89234360661e-10	2.09096697734e-08
9.90467819964e-10	1.61527174969e-08
9.91701279266e-10	7.61466234511e-09
9.92934738569e-10	-2.88718710051e-09
9.94168197871e-10	-1.32607483883e-08
9.95401657174e-10	-2.18497162585e-08
9.96635116477e-10	-2.77721918795e-08
9.97868575779e-10	-3.09894334638e-08
9.99102035082e-10	-3.19411577188e-08
1.00033549438e-09	-3.11748720172e-08
1.00156895369e-09	-2.89123953667e-08
1.00280241299e-09	-2.50170186789e-08
1.00403587229e-09	-1.91006713779e-08
1.00526933159e-09	-1.09242340729e-08
1.0065027909e-09	-7.37508429327e-10
1.0077362502e-09	1.04609675367e-08
1.0089697095e-09	2.09814492447e-08
1.0102031688e-09	2.87426773493e-08
1.01143662811e-09	3.18514103981e-08
1.01267008741e-09	2.92105248878e-08
1.01390354671e-09	2.10059738492e-08
1.01513700602e-09	8.81723671853e-09
1.01637046532e-09	-4.75590966609e-09
1.01760392462e-09	-1.68337395134e-08
1.01883738392e-09	-2.51925351691e-08
1.02007084323e-09	-2.89157793265e-08
1.02130430253e-09	-2.86446641962e-08
1.02253776183e-09	-2.615250283e-08
1.02377122113e-09	-2.36037165369e-08
1.02500468044e-09	-2.2615802342e-08
1.02623813974e-09	-2.36830879352e-08
1.02747159904e-09	-2.59704531214e-08
1.02870505834e-09	-2.77026745987e-08
1.02993851765e-09	-2.68295583528e-08
1.03117197695e-09	-2.18463600543e-08
1.03240543625e-09	-1.24340441277e-08
1.03363889555e-09	2.91072888015e-10
1.03487235486e-09	1.39642237773e-08
1.03610581416e-09	2.56059229375e-08
1.03733927346e-09	3.25205811169e-08
1.03857273276e-09	3.31120069141e-08
1.03980619207e-09	2.73788338667e-08
1.04103965137e-09	1.68625682306e-08
1.04227311067e-09	4.069663051e-09
1.04350656997e-09	-8.3629356773e-09
1.04474002928e-09	-1.84883071075e-08
1.04597348858e-09	-2.54553320644e-08
1.04720694788e-09	-2.94992477112e-08
1.04844040718e-09	-3.14587009775e-08
1.04967386649e-09	-3.22278226328e-08
1.05090732579e-09	-3.22369506645e-08
1.05214078509e-09	-3.13321775192e-08
1.05337424439e-09	-2.88947537008e-08
1.0546077037e-09	-2.43095155117e-08
1.055841163e-09	-1.73505850798e-08
1.0570746223e-09	-8.52221887504e-09
1.05830808161e-09	9.62958560113e-10
1.05954154091e-09	9.45289047039e-09
1.06077500021e-09	1.53703431094e-08
1.06200845951e-09	1.77384041899e-08
1.06324191882e-09	1.65418914122e-08
1.06447537812e-09	1.27459837129e-08
1.06570883742e-09	7.93977689151e-09
1.06694229672e-09	3.72433386908e-09
1.06817575603e-09	1.06625128345e-09
1.06940921533e-09	-6.43038278875e-11
1.07064267463e-09	-6.96925510357e-10
1.07187613393e-09	-2.34677630107e-09
1.07310959324e-09	-6.36425478984e-09
1.07434305254e-09	-1.32185756785e-08
1.07557651184e-09	-2.21968701197e-08
1.07680997114e-09	-3.14445387506e-08
1.07804343045e-09	-3.85704832517e-08
1.07927688975e-09	-4.13134193522e-08
1.08051034905e-09	-3.83822111871e-08
1.08174380835e-09	-2.98007816202e-08
1.08297726766e-09	-1.70393769094e-08
1.08421072696e-09	-2.55441617858e-09
1.08544418626e-09	1.08384916597e-08
1.08667764556e-09	2.07507313554e-08
1.08791110487e-09	2.57793675296e-08
1.08914456417e-09	2.58053143298e-08
1.09037802347e-09	2.18370077576e-08
1.09161148277e-09	1.55793341561e-08
1.09284494208e-09	8.85131751227e-09
1.09407840138e-09	3.00966049305e-09
1.09531186068e-09	-1.31112255775e-09
1.09654531998e-09	-4.24909557539e-09
1.09777877929e-09	-6.39692437909e-09
1.09901223859e-09	-8.45924919002e-09
1.10024569789e-09	-1.08434383694e-08
1.10147915719e-09	-1.35308596549e-08
1.1027126165e-09	-1.60771731483e-08
1.1039460758e-09	-1.78630498171e-08
1.1051795351e-09	-1.8334453844e-08
1.10641299441e-09	-1.72693286338e-08
1.10764645371e-09	-1.4826501249e-08
1.10887991301e-09	-1.15036529191e-08
1.11011337231e-09	-7.91464893624e-09
1.11134683162e-09	-4.52884835189e-09
1.11258029092e-09	-1.50425995965e-09
1.11381375022e-09	1.38837953634e-09
1.11504720952e-09	4.59663479502e-09
1.11628066883e-09	8.54355192148e-09
1.11751412813e-09	1.32755904048e-08
1.11874758743e-09	1.83220265626e-08
1.11998104673e-09	2.26354759381e-08
1.12121450604e-09	2.49126062002e-08
1.12244796534e-09	2.39458020079e-08
1.12368142464e-09	1.91395430615e-08
1.12491488394e-09	1.07742378352e-08
1.12614834325e-09	1.08067971238e-10
1.12738180255e-09	-1.09217346278e-08
1.12861526185e-09	-2.01556271673e-08
1.12984872115e-09	-2.5844532292e-08
1.13108218046e-09	-2.71049100942e-08
1.13231563976e-09	-2.4186390668e-08
1.13354909906e-09	-1.83147211841e-08
1.13478255836e-09	-1.1284559176e-08
1.13601601767e-09	-4.84265780254e-09
1.13724947697e-09	-1.30565114276e-10
1.13848293627e-09	2.62835439524e-09
1.13971639557e-09	4.08880795888e-09
1.14094985488e-09	5.42048794738e-09
1.14218331418e-09	7.7425358902e-09
1.14341677348e-09	1.16237309777e-08
1.14465023278e-09	1.67784047767e-08
1.14588369209e-09	2.21199780714e-08
1.14711715139e-09	2.61048187511e-08
1.14835061069e-09	2.72564473214e-08
1.14958407e-09	2.46784475078e-08
1.1508175293e-09	1.83768512629e-08
1.1520509886e-09	9.28678800527e-09
1.1532844479e-09	-9.96447868662e-10
1.15451790721e-09	-1.0693004926e-08
1.15575136651e-09	-1.83412554033e-08
1.15698482581e-09	-2.31361203529e-08
1.15821828511e-09	-2.50292699899e-08
1.15945174442e-09	-2.44939415417e-08
1.16068520372e-09	-2.2201386729e-08
1.16191866302e-09	-1.86253471535e-08
1.16315212232e-09	-1.39115076125e-08
1.16438558163e-09	-7.90575616083e-09
1.16561904093e-09	-4.72421345099e-10
1.16685250023e-09	8.2194853146e-09
1.16808595953e-09	1.74258698582e-08
1.16931941884e-09	2.58912802309e-08
1.17055287814e-09	3.20747624016e-08
1.17178633744e-09	3.46160402565e-08
1.17301979674e-09	3.27855858018e-08
1.17425325605e-09	2.67744200144e-08
1.17548671535e-09	1.77430669046e-08
1.17672017465e-09	7.51602402538e-09
1.17795363395e-09	-1.88703233595e-09
1.17918709326e-09	-8.86736017947e-09
1.18042055256e-09	-1.26530425026e-08
1.18165401186e-09	-1.35254273337e-08
1.18288747116e-09	-1.25584339594e-08
1.18412093047e-09	-1.12095135396e-08
1.18535438977e-09	-1.06439287384e-08
1.18658784907e-09	-1.13165010696e-08
1.18782130837e-09	-1.27334631728e-08
1.18905476768e-09	-1.36964951603e-08
1.19028822698e-09	-1.2765313695e-08
1.19152168628e-09	-8.88242868147e-09
1.19275514559e-09	-1.83826179279e-09
1.19398860489e-09	7.5403084332e-09
1.19522206419e-09	1.7569106725e-08
1.19645552349e-09	2.61912365129e-08
1.1976889828e-09	3.15533388306e-08
1.1989224421e-09	3.25742277596e-08
1.2001559014e-09	2.91600916746e-08
1.2013893607e-09	2.22404228367e-08
1.20262282001e-09	1.33485822396e-08
1.20385627931e-09	4.19574280874e-09
1.20508973861e-09	-3.88368628923e-09
1.20632319791e-09	-1.0164517561e-08
1.20755665722e-09	-1.46383639654e-08
1.20879011652e-09	-1.76824123121e-08
1.21002357582e-09	-1.97760028353e-08
1.21125703512e-09	-2.10661601496e-08
1.21249049443e-09	-2.1286698404e-08
1.21372395373e-09	-1.9825213915e-08
1.21495741303e-09	-1.60909648939e-08
1.21619087233e-09	-9.89196102807e-09
1.21742433164e-09	-1.7260827212e-09
1.21865779094e-09	7.21286286254e-09
1.21989125024e-09	1.53128389968e-08
1.22112470954e-09	2.09989032829e-08
1.22235816885e-09	2.32541275125e-08
1.22359162815e-09	2.19105953381e-08
1.22482508745e-09	1.77222003739e-08
1.22605854675e-09	1.20588196095e-08
1.22729200606e-09	6.46200259968e-09
1.22852546536e-09	2.08861850037e-09
1.22975892466e-09	-6.36619059552e-10
1.23099238396e-09	-2.12595818727e-09
1.23222584327e-09	-3.38157180035e-09
1.23345930257e-09	-5.52102963347e-09
1.23469276187e-09	-9.22579329599e-09
1.23592622118e-09	-1.43532836727e-08
1.23715968048e-09	-1.98529526152e-08
1.23839313978e-09	-2.4068675275e-08
1.23962659908e-09	-2.53139602613e-08
1.24086005839e-09	-2.25135241561e-08
1.24209351769e-09	-1.56624038183e-08
1.24332697699e-09	-5.92540339017e-09
1.24456043629e-09	4.67814426086e-09
1.2457938956e-09	1.38785195558e-08
1.2470273549e-09	1.98388279138e-08
1.2482608142e-09	2.16570832379e-08
1.2494942735e-09	1.95575982076e-08
1.25072773281e-09	1.46941077084e-08
1.25196119211e-09	8.67275895544e-09
1.25319465141e-09	2.9959293657e-09
1.25442811071e-09	-1.42274864112e-09
1.25566157002e-09	-4.43345876677e-09
1.25689502932e-09	-6.54498188979e-09
1.25812848862e-09	-8.53615228502e-09
1.25936194792e-09	-1.1000990785e-08
1.26059540723e-09	-1.39685655265e-08
1.26182886653e-09	-1.68478021534e-08
1.26306232583e-09	-1.86005315594e-08
1.26429578513e-09	-1.82276362892e-08
1.26552924444e-09	-1.52042067825e-08
1.26676270374e-09	-9.83056480663e-09
1.26799616304e-09	-3.17894191526e-09
1.26922962234e-09	3.17478954237e-09
1.27046308165e-09	7.74380809476e-09
1.27169654095e-09	9.58718426869e-09
1.27293000025e-09	8.67847643748e-09
1.27416345955e-09	5.83923309705e-09
1.27539691886e-09	2.42372144577e-09
1.27663037816e-09	-2.3588768959e-10
1.27786383746e-09	-1.33752231513e-09
1.27909729677e-09	-9.04659944179e-10
1.28033075607e-09	2.39638000415e-10
1.28156421537e-09	8.55960510804e-10
1.28279767467e-09	-1.92364424736e-10
1.28403113398e-09	-3.39559066975e-09
1.28526459328e-09	-8.35030250501e-09
1.28649805258e-09	-1.37938387379e-08
1.28773151188e-09	-1.8071688368e-08
1.28896497119e-09	-1.96774780914e-08
1.29019843049e-09	-1.78777391779e-08
1.29143188979e-09	-1.29728836562e-08
1.29266534909e-09	-6.27937191133e-09
1.2938988084e-09	3.33575288919e-10
1.2951322677e-09	5.03825292597e-09
1.296365727e-09	6.7014204741e-09
1.2975991863e-09	5.21260318243e-09
1.29883264561e-09	1.49984716313e-09
1.30006610491e-09	-2.87290385925e-09
1.30129956421e-09	-6.30442587024e-09
1.30253302351e-09	-7.72978508978e-09
1.30376648282e-09	-6.98690655332e-09
1.30499994212e-09	-4.76470157773e-09
1.30623340142e-09	-2.2903410557e-09
1.30746686072e-09	-7.53732042058e-10
1.30870032003e-09	-8.6115283654e-10
1.30993377933e-09	-2.53657264637e-09
1.31116723863e-09	-5.0299487353e-09
1.31240069793e-09	-7.21479981314e-09
1.31363415724e-09	-8.1129067353e-09
1.31486761654e-09	-7.26616011804e-09
1.31610107584e-09	-4.96791746629e-09
1.31733453514e-09	-2.14191024639e-09
1.31856799445e-09	1.96162946997e-11
1.31980145375e-09	5.3991315585e-10
1.32103491305e-09	-9.22206165599e-10
1.32226837235e-09	-3.89492890718e-09
1.32350183166e-09	-7.24841159316e-09
1.32473529096e-09	-9.62745039246e-09
1.32596875026e-09	-9.98736660041e-09
1.32720220957e-09	-8.02985261616e-09
1.32843566887e-09	-4.32558205921e-09
1.32966912817e-09	-1.16674028078e-10
1.33090258747e-09	3.18719364789e-09
1.33213604678e-09	4.52665482875e-09
1.33336950608e-09	3.61086890943e-09
1.33460296538e-09	9.89292897602e-10
1.33583642468e-09	-2.15552602156e-09
1.33706988399e-09	-4.49384573997e-09
1.33830334329e-09	-5.02544827974e-09
1.33953680259e-09	-3.49164971936e-09
1.34077026189e-09	-4.42719003818e-10
1.3420037212e-09	2.92499002796e-09
1.3432371805e-09	5.24104226685e-09
1.3444706398e-09	5.44850103923e-09
1.3457040991e-09	3.23024409998e-09
1.34693755841e-09	-8.69317742791e-10
1.34817101771e-09	-5.62171609264e-09
1.34940447701e-09	-9.57478674124e-09
1.35063793631e-09	-1.15598844941e-08
1.35187139562e-09	-1.1118004295e-08
1.35310485492e-09	-8.59559323718e-09
1.35433831422e-09	-4.97093227692e-09
1.35557177352e-09	-1.42653698576e-09
1.35680523283e-09	1.09591215269e-09
1.35803869213e-09	2.22103666014e-09
1.35927215143e-09	2.20311294208e-09
1.36050561073e-09	1.73935159331e-09
1.36173907004e-09	1.63186188173e-09
1.36297252934e-09	2.40261829876e-09
1.36420598864e-09	4.07108755041e-09
1.36543944794e-09	6.09577477384e-09
1.36667290725e-09	7.60655283205e-09
1.36790636655e-09	7.72459174403e-09
1.36913982585e-09	5.96657945273e-09
1.37037328516e-09	2.45497017159e-09
1.37160674446e-09	-2.05082573146e-09
1.37284020376e-09	-6.41970965276e-09
1.37407366306e-09	-9.52218348615e-09
1.37530712237e-09	-1.0641875936e-08
1.37654058167e-09	-9.69516011917e-09
1.37777404097e-09	-7.23550058757e-09
1.37900750027e-09	-4.20564491566e-09
1.38024095958e-09	-1.56933541162e-09
1.38147441888e-09	3.26720143995e-11
1.38270787818e-09	5.06453982918e-10
1.38394133748e-09	2.65827349716e-10
1.38517479679e-09	4.98078366745e-11
1.38640825609e-09	5.6960478001e-10
1.38764171539e-09	2.21423437918e-09
1.38887517469e-09	4.83029516385e-09
1.390108634e-09	7.78054420891e-09
1.3913420933e-09	1.01117043627e-08
1.3925755526e-09	1.09510719382e-08
1.3938090119e-09	9.79652758915e-09
1.39504247121e-09	6.76154504609e-09
1.39627593051e-09	2.51968926279e-09
1.39750938981e-09	-1.88717141913e-09
1.39874284911e-09	-5.42408407078e-09
1.39997630842e-09	-7.36893412956e-09
1.40120976772e-09	-7.52681383887e-09
1.40244322702e-09	-6.21768803111e-09
1.40367668632e-09	-4.11358824781e-09
1.40491014563e-09	-1.96252356033e-09
1.40614360493e-09	-3.22663980604e-10
1.40737706423e-09	6.00221261582e-10
1.40861052353e-09	9.8474839394e-10
1.40984398284e-09	1.25774227144e-09
1.41107744214e-09	1.88231998044e-09
1.41231090144e-09	3.12080777887e-09
1.41354436075e-09	4.89323986885e-09
1.41477782005e-09	6.77180966857e-09
1.41601127935e-09	8.15086587114e-09
1.41724473865e-09	8.46897035833e-09
1.41847819796e-09	7.47423989367e-09
1.41971165726e-09	5.31958366246e-09
1.42094511656e-09	2.54646267961e-09
1.42217857586e-09	-1.22290929987e-10
1.42341203517e-09	-2.02103546398e-09
1.42464549447e-09	-2.78306708235e-09
1.42587895377e-09	-2.42819223062e-09
1.42711241307e-09	-1.34217797987e-09
1.42834587238e-09	-9.8123279467e-11
1.42957933168e-09	7.4381880516e-10
1.43081279098e-09	8.51992060236e-10
1.43204625028e-09	2.17592908969e-10
1.43327970959e-09	-8.43826661323e-10
1.43451316889e-09	-1.81716987291e-09
1.43574662819e-09	-2.19021728531e-09
1.43698008749e-09	-1.656225046e-09
1.4382135468e-09	-2.43421373336e-10
1.4394470061e-09	1.67771249671e-09
1.4406804654e-09	3.52098444845e-09
1.4419139247e-09	4.71167604932e-09
1.44314738401e-09	4.88160961654e-09
1.44438084331e-09	4.02480263006e-09
1.44561430261e-09	2.46245801527e-09
1.44684776191e-09	7.37706506992e-10
1.44808122122e-09	-6.14030826185e-10
1.44931468052e-09	-1.22276139908e-09
1.45054813982e-09	-1.02692074982e-09
1.45178159912e-09	-2.38579456538e-10
1.45301505843e-09	7.25123079637e-10
1.45424851773e-09	1.42499534395e-09
1.45548197703e-09	1.53364965172e-09
1.45671543634e-09	9.61395602017e-10
1.45794889564e-09	-1.36061589079e-10
1.45918235494e-09	-1.41404504772e-09
1.46041581424e-09	-2.46979994789e-09
1.46164927355e-09	-2.99933458625e-09
1.46288273285e-09	-2.89059731706e-09
1.46411619215e-09	-2.27593216495e-09
1.46534965145e-09	-1.44349188158e-09
1.46658311076e-09	-7.36764795006e-10
1.46781657006e-09	-3.7722579227e-10
1.46905002936e-09	-4.11640051906e-10
1.47028348866e-09	-6.56728525728e-10
1.47151694797e-09	-8.27797969061e-10
1.47275040727e-09	-6.28566046434e-10
1.47398386657e-09	8.02450337081e-11
1.47521732587e-09	1.2410290573e-09
1.47645078518e-09	2.57463789177e-09
1.47768424448e-09	3.69739713846e-09
1.47891770378e-09	4.2218466223e-09
1.48015116308e-09	3.91424093138e-09
1.48138462239e-09	2.75776126935e-09
1.48261808169e-09	9.77678833725e-10
1.48385154099e-09	-1.03217674685e-09
1.48508500029e-09	-2.83518727939e-09
1.4863184596e-09	-4.08155731435e-09
1.4875519189e-09	-4.62108690202e-09
1.4887853782e-09	-4.52484749669e-09
1.4900188375e-09	-4.04334007942e-09
1.49125229681e-09	-3.49033624225e-09
1.49248575611e-09	-3.12229814226e-09
1.49371921541e-09	-3.02652869433e-09
1.49495267471e-09	-3.10603798237e-09
1.49618613402e-09	-3.11186126867e-09
1.49741959332e-09	-2.76461681326e-09
1.49865305262e-09	-1.86954535186e-09
1.49988651193e-09	-4.22195112204e-10
1.50111997123e-09	1.37421533875e-09
1.50235343053e-09	3.15405201956e-09
1.50358688983e-09	4.50306675281e-09
1.50482034914e-09	5.08408176669e-09
1.50605380844e-09	4.73629507836e-09
1.50728726774e-09	3.51430828882e-09
1.50852072704e-09	1.6557259036e-09
1.50975418635e-09	-5.00129201941e-10
1.51098764565e-09	-2.62023680531e-09
1.51222110495e-09	-4.45641745728e-09
1.51345456425e-09	-5.89316057065e-09
1.51468802356e-09	-6.92811752412e-09
1.51592148286e-09	-7.62043617097e-09
1.51715494216e-09	-8.02153565793e-09
1.51838840146e-09	-8.12274902895e-09
1.51962186077e-09	-7.83980602659e-09
1.52085532007e-09	-7.05111202759e-09
1.52208877937e-09	-5.65553087695e-09
1.52332223867e-09	-3.65684502124e-09
1.52455569798e-09	-1.20359489042e-09
1.52578915728e-09	1.40006801985e-09
1.52702261658e-09	3.76681130732e-09
1.52825607588e-09	5.50118717246e-09
1.52948953519e-09	6.33114388693e-09
1.53072299449e-09	6.14548412159e-09
1.53195645379e-09	5.04260111445e-09
1.53318991309e-09	3.24968210674e-09
1.5344233724e-09	1.07842720865e-09
1.5356568317e-09	-1.19167302415e-09
1.536890291e-09	-3.34320757189e-09
1.5381237503e-09	-5.26016336044e-09
1.53935720961e-09	-6.88753892808e-09
1.54059066891e-09	-8.20579337812e-09
1.54182412821e-09	-9.17192755079e-09
1.54305758751e-09	-9.70269387057e-09
1.54429104682e-09	-9.67778868155e-09
1.54552450612e-09	-8.96620466762e-09
1.54675796542e-09	-7.49123385546e-09
1.54799142473e-09	-5.26535848255e-09
1.54922488403e-09	-2.44720557707e-09
1.55045834333e-09	6.85854206761e-10
1.55169180263e-09	3.74777986423e-09
1.55292526194e-09	6.34611024841e-09
1.55415872124e-09	8.13075318185e-09
1.55539218054e-09	8.89245321822e-09
1.55662563984e-09	8.55825310619e-09
1.55785909915e-09	7.21860721198e-09
1.55909255845e-09	5.05384956107e-09
1.56032601775e-09	2.31957641983e-09
1.56155947705e-09	-7.14235719179e-10
1.56279293636e-09	-3.77136152863e-09
1.56402639566e-09	-6.58545418197e-09
1.56525985496e-09	-8.91078477672e-09
1.56649331426e-09	-1.05316332322e-08
1.56772677357e-09	-1.12914656514e-08
1.56896023287e-09	-1.11019633486e-08
1.57019369217e-09	-9.9712168522e-09
1.57142715147e-09	-7.98750388054e-09
1.57266061078e-09	-5.33776600697e-09
1.57389407008e-09	-2.26194871167e-09
1.57512752938e-09	9.42411940152e-10
1.57636098868e-09	3.97545091291e-09
1.57759444799e-09	6.54874715567e-09
1.57882790729e-09	8.43483194402e-09
1.58006136659e-09	9.47374190208e-09
1.58129482589e-09	9.5977252812e-09
1.5825282852e-09	8.81366113425e-09
1.5837617445e-09	7.19946841032e-09
1.5849952038e-09	4.88697843304e-09
1.5862286631e-09	2.053542697e-09
1.58746212241e-09	-1.07450472131e-09
1.58869558171e-09	-4.23813584227e-09
1.58992904101e-09	-7.14636738675e-09
1.59116250032e-09	-9.52517820174e-09
1.59239595962e-09	-1.1133197475e-08
1.59362941892e-09	-1.18146834538e-08
1.59486287822e-09	-1.14956099084e-08
1.59609633753e-09	-1.02044467321e-08
1.59732979683e-09	-8.03781335934e-09
1.59856325613e-09	-5.16813952744e-09
1.59979671543e-09	-1.81232734375e-09
1.60103017474e-09	1.75847229833e-09
1.60226363404e-09	5.24383925171e-09
1.60349709334e-09	8.32073004942e-09
1.60473055264e-09	1.06806408162e-08
1.60596401195e-09	1.20601912901e-08
1.60719747125e-09	1.22820525972e-08
1.60843093055e-09	1.12835001342e-08
1.60966438985e-09	9.13897241217e-09
1.61089784916e-09	6.05341415882e-09
1.61213130846e-09	2.3526331161e-09
1.61336476776e-09	-1.56944837681e-09
1.61459822706e-09	-5.29301219521e-09
1.61583168637e-09	-8.44445824377e-09
1.61706514567e-09	-1.0733322009e-08
1.61829860497e-09	-1.19973445623e-08
1.61953206427e-09	-1.21822296695e-08
1.62076552358e-09	-1.13375079325e-08
1.62199898288e-09	-9.56834977917e-09
1.62323244218e-09	-7.01393781943e-09
1.62446590148e-09	-3.83839920959e-09
1.62569936079e-09	-2.3614900313e-10
1.62693282009e-09	3.55068205393e-09
1.62816627939e-09	7.22739096348e-09
1.62939973869e-09	1.045708653e-08
1.630633198e-09	1.29035423457e-08
1.6318666573e-09	1.42727443198e-08
1.6331001166e-09	1.43774242511e-08
1.63433357591e-09	1.31624303679e-08
1.63556703521e-09	1.07344807487e-08
1.63680049451e-09	7.33251370733e-09
1.63803395381e-09	3.31069877069e-09
1.63926741312e-09	-9.31426519246e-10
1.64050087242e-09	-4.98736835164e-09
1.64173433172e-09	-8.50001163899e-09
1.64296779102e-09	-1.11814699721e-08
1.64420125033e-09	-1.28328914162e-08
1.64543470963e-09	-1.33325778195e-08
1.64666816893e-09	-1.26386662247e-08
1.64790162823e-09	-1.07842106356e-08
1.64913508754e-09	-7.87868520424e-09
1.65036854684e-09	-4.13410755629e-09
1.65160200614e-09	1.52435470496e-10
1.65283546544e-09	4.58326337993e-09
1.65406892475e-09	8.72478500558e-09
1.65530238405e-09	1.2135463634e-08
1.65653584335e-09	1.44618067521e-08
1.65776930265e-09	1.54624967275e-08
1.65900276196e-09	1.50723328263e-08
1.66023622126e-09	1.33691221427e-08
1.66146968056e-09	1.05762471003e-08
1.66270313986e-09	6.98795810106e-09
1.66393659917e-09	2.94693192071e-09
1.66517005847e-09	-1.21435451972e-09
1.66640351777e-09	-5.1832665382e-09
1.66763697707e-09	-8.68293736911e-09
1.66887043638e-09	-1.1469667216e-08
1.67010389568e-09	-1.3333854687e-08
1.67133735498e-09	-1.41105110929e-08
1.67257081428e-09	-1.36911803006e-08
1.67380427359e-09	-1.2056492027e-08
1.67503773289e-09	-9.28594828808e-09
1.67627119219e-09	-5.58711626963e-09
1.6775046515e-09	-1.27044802456e-09
1.6787381108e-09	3.25847410165e-09
1.6799715701e-09	7.56617057895e-09
1.6812050294e-09	1.12282666498e-08
1.68243848871e-09	1.39012608091e-08
1.68367194801e-09	1.53447209383e-08
1.68490540731e-09	1.54513216666e-08
1.68613886661e-09	1.42325261576e-08
1.68737232592e-09	1.18132326143e-08
1.68860578522e-09	8.40215819142e-09
1.68983924452e-09	4.28284879783e-09
1.69107270382e-09	-2.04966797007e-10
1.69230616313e-09	-4.68263600117e-09
1.69353962243e-09	-8.7537781468e-09
1.69477308173e-09	-1.204359934e-08
1.69600654103e-09	-1.42394714908e-08
1.69724000034e-09	-1.51299409668e-08
1.69847345964e-09	-1.46385750188e-08
1.69970691894e-09	-1.28283526024e-08
1.70094037824e-09	-9.89496429238e-09
1.70217383755e-09	-6.1356127401e-09
1.70340729685e-09	-1.9090120873e-09
1.70464075615e-09	2.40491032644e-09
1.70587421545e-09	6.44510400605e-09
1.70710767476e-09	9.8966633777e-09
1.70834113406e-09	1.25072716628e-08
1.70957459336e-09	1.40942248983e-08
1.71080805266e-09	1.45478966651e-08
1.71204151197e-09	1.38253278825e-08
1.71327497127e-09	1.19624729011e-08
1.71450843057e-09	9.07533864725e-09
1.71574188987e-09	5.37393829436e-09
1.71697534918e-09	1.1558832641e-09
1.71820880848e-09	-3.20569015777e-09
1.71944226778e-09	-7.3077578433e-09
1.72067572709e-09	-1.07616913159e-08
1.72190918639e-09	-1.32500308503e-08
1.72314264569e-09	-1.45620405734e-08
1.72437610499e-09	-1.46137461021e-08
1.7256095643e-09	-1.34401547669e-08
1.7268430236e-09	-1.11803052372e-08
1.7280764829e-09	-8.05198019371e-09
1.7293099422e-09	-4.32657867866e-09
1.73054340151e-09	-3.17951952961e-10
1.73177686081e-09	3.64579499923e-09
1.73301032011e-09	7.23107301814e-09
1.73424377941e-09	1.01342302328e-08
1.73547723872e-09	1.20954145588e-08
1.73671069802e-09	1.29400538063e-08
1.73794415732e-09	1.25834994646e-08
1.73917761662e-09	1.10673520348e-08
1.74041107593e-09	8.53738629791e-09
1.74164453523e-09	5.25592291911e-09
1.74287799453e-09	1.54620334591e-09
1.74411145383e-09	-2.23274498889e-09
1.74534491314e-09	-5.74614383853e-09
1.74657837244e-09	-8.71535382752e-09
1.74781183174e-09	-1.09464578513e-08
1.74904529104e-09	-1.23234653593e-08
1.75027875035e-09	-1.28017673129e-08
1.75151220965e-09	-1.23854546619e-08
1.75274566895e-09	-1.11150070259e-08
1.75397912825e-09	-9.07452740728e-09
1.75521258756e-09	-6.3912270476e-09
1.75644604686e-09	-3.25543483837e-09
1.75767950616e-09	9.07623004531e-11
1.75891296546e-09	3.3589342141e-09
1.76014642477e-09	6.25585450109e-09
1.76137988407e-09	8.51007653235e-09
1.76261334337e-09	9.91651583071e-09
1.76384680268e-09	1.03557017406e-08
1.76508026198e-09	9.8138245308e-09
1.76631372128e-09	8.37238017803e-09
1.76754718058e-09	6.19924506173e-09
1.76878063989e-09	3.51788592701e-09
1.77001409919e-09	5.7738476153e-10
1.77124755849e-09	-2.37108138679e-09
1.77248101779e-09	-5.10053432823e-09
1.7737144771e-09	-7.41323391562e-09
1.7749479364e-09	-9.15186809669e-09
1.7761813957e-09	-1.01963963939e-08
1.777414855e-09	-1.04770516707e-08
1.77864831431e-09	-9.97665161595e-09
1.77988177361e-09	-8.74687777763e-09
1.78111523291e-09	-6.90396351199e-09
1.78234869221e-09	-4.62845647919e-09
1.78358215152e-09	-2.1344602058e-09
1.78481561082e-09	3.52866250108e-10
1.78604907012e-09	2.63358321262e-09
1.78728252942e-09	4.54928003601e-09
1.78851598873e-09	5.99506422283e-09
1.78974944803e-09	6.90801604808e-09
1.79098290733e-09	7.26549104213e-09
1.79221636663e-09	7.06633557224e-09
1.79344982594e-09	6.33431279651e-09
1.79468328524e-09	5.11614284271e-09
1.79591674454e-09	3.48758413815e-09
1.79715020384e-09	1.55562417115e-09
1.79838366315e-09	-5.4109680625e-10
1.79961712245e-09	-2.64240293535e-09
1.80085058175e-09	-4.57564006129e-09
1.80208404105e-09	-6.18019707632e-09
1.80331750036e-09	-7.32228705447e-09
1.80455095966e-09	-7.9169953926e-09
1.80578441896e-09	-7.93558119216e-09
1.80701787826e-09	-7.40622280171e-09
1.80825133757e-09	-6.40252889594e-09
1.80948479687e-09	-5.0244967631e-09
1.81071825617e-09	-3.38547090362e-09
1.81195171548e-09	-1.59636483199e-09
1.81318517478e-09	2.29475240893e-10
1.81441863408e-09	1.98039010191e-09
1.81565209338e-09	3.53619794558e-09
1.81688555269e-09	4.78353656685e-09
1.81811901199e-09	5.61771063001e-09
1.81935247129e-09	5.97608174058e-09
1.82058593059e-09	5.83484760508e-09
1.8218193899e-09	5.22952331439e-09
1.8230528492e-09	4.2321038618e-09
1.8242863085e-09	2.9455397843e-09
1.8255197678e-09	1.47519627069e-09
1.82675322711e-09	-7.76779144479e-11
1.82798668641e-09	-1.63116674334e-09
1.82922014571e-09	-3.11523096208e-09
1.83045360501e-09	-4.46658962594e-09
1.83168706432e-09	-5.61911284169e-09
1.83292052362e-09	-6.49018155885e-09
1.83415398292e-09	-6.9907594713e-09
1.83538744222e-09	-7.02694991084e-09
1.83662090153e-09	-6.53456527777e-09
1.83785436083e-09	-5.49299095098e-09
1.83908782013e-09	-3.95624602523e-09
1.84032127943e-09	-2.04525762992e-09
1.84155473874e-09	5.57459720746e-11
1.84278819804e-09	2.14123643816e-09
1.84402165734e-09	4.01004282558e-09
1.84525511664e-09	5.50796669385e-09
1.84648857595e-09	6.53564746766e-09
1.84772203525e-09	7.05447483762e-09
1.84895549455e-09	7.06941799544e-09
1.85018895385e-09	6.60854793111e-09
1.85142241316e-09	5.71084030065e-09
1.85265587246e-09	4.41517650218e-09
1.85388933176e-09	2.77454872966e-09
1.85512279107e-09	8.5900328517e-10
1.85635625037e-09	-1.2185327608e-09
1.85758970967e-09	-3.30984431529e-09
1.85882316897e-09	-5.22600246411e-09
1.86005662828e-09	-6.77322620213e-09
1.86129008758e-09	-7.77245801054e-09
1.86252354688e-09	-8.10501826765e-09
1.86375700618e-09	-7.72368846658e-09
1.86499046549e-09	-6.66881594391e-09
1.86622392479e-09	-5.04798147727e-09
1.86745738409e-09	-3.01789257473e-09
1.86869084339e-09	-7.5005925082e-10
1.8699243027e-09	1.58344909407e-09
1.871157762e-09	3.82985126945e-09
1.8723912213e-09	5.84982967622e-09
1.8736246806e-09	7.514093181e-09
1.87485813991e-09	8.69704708251e-09
1.87609159921e-09	9.27761145686e-09
1.87732505851e-09	9.1524585133e-09
1.87855851781e-09	8.26083296213e-09
1.87979197712e-09	6.61036264615e-09
1.88102543642e-09	4.2993348881e-09
1.88225889572e-09	1.52046802926e-09
1.88349235502e-09	-1.45688960895e-09
1.88472581433e-09	-4.32318197907e-09
1.88595927363e-09	-6.77637745916e-09
1.88719273293e-09	-8.57106197127e-09
1.88842619223e-09	-9.54802736874e-09
1.88965965154e-09	-9.65330304581e-09
1.89089311084e-09	-8.92383472673e-09
1.89212657014e-09	-7.46973471966e-09
1.89336002944e-09	-5.44251910206e-09
1.89459348875e-09	-3.01208702425e-09
1.89582694805e-09	-3.52237648771e-10
1.89706040735e-09	2.36535668829e-09
1.89829386666e-09	4.96421553864e-09
1.89952732596e-09	7.26495369419e-09
1.90076078526e-09	9.08011721368e-09
1.90199424456e-09	1.02321723316e-08
1.90322770387e-09	1.05711485121e-08
1.90446116317e-09	1.00092277799e-08
1.90569462247e-09	8.54286374974e-09
1.90692808177e-09	6.27626073335e-09
1.90816154108e-09	3.41100492296e-09
1.90939500038e-09	2.2692703619e-10
1.91062845968e-09	-2.95746571677e-09
1.91186191898e-09	-5.83420561862e-09
1.91309537829e-09	-8.13821310341e-09
1.91432883759e-09	-9.68245372768e-09
1.91556229689e-09	-1.03586174083e-08
1.91679575619e-09	-1.01438877298e-08
1.9180292155e-09	-9.07703173736e-09
1.9192626748e-09	-7.25919735434e-09
1.9204961341e-09	-4.82744577646e-09
1.9217295934e-09	-1.96468960545e-09
1.92296305271e-09	1.12027369326e-09
1.92419651201e-09	4.18216869469e-09
1.92542997131e-09	6.96540775058e-09
1.92666343061e-09	9.21009446486e-09
1.92789688992e-09	1.0689834018e-08
1.92913034922e-09	1.12342721792e-08
1.93036380852e-09	1.07662876392e-08
1.93159726782e-09	9.31559890338e-09
1.93283072713e-09	7.02498426097e-09
1.93406418643e-09	4.13321793458e-09
1.93529764573e-09	9.37316405047e-10
1.93653110503e-09	-2.24482818445e-09
1.93776456434e-09	-5.12552933429e-09
1.93899802364e-09	-7.46666262152e-09
1.94023148294e-09	-9.10839348389e-09
1.94146494225e-09	-9.95448623531e-09
1.94269840155e-09	-9.97901228317e-09
1.94393186085e-09	-9.20080450717e-09
1.94516532015e-09	-7.68717600685e-09
1.94639877946e-09	-5.54094792271e-09
1.94763223876e-09	-2.91149249154e-09
1.94886569806e-09	1.27056386245e-11
1.95009915736e-09	2.99811611648e-09
1.95133261667e-09	5.78388270611e-09
1.95256607597e-09	8.10111849825e-09
1.95379953527e-09	9.70494073993e-09
1.95503299457e-09	1.04123293321e-08
1.95626645388e-09	1.01310380085e-08
1.95749991318e-09	8.8835553913e-09
1.95873337248e-09	6.80283562815e-09
1.95996683178e-09	4.11927478239e-09
1.96120029109e-09	1.11700771549e-09
1.96243375039e-09	-1.90124060939e-09
1.96366720969e-09	-4.6606093429e-09
1.96490066899e-09	-6.93448437561e-09
1.9661341283e-09	-8.56253390413e-09
1.9673675876e-09	-9.44706513017e-09
1.9686010469e-09	-9.5481784701e-09
1.9698345062e-09	-8.877849067e-09
1.97106796551e-09	-7.49476308792e-09
1.97230142481e-09	-5.50509055008e-09
1.97353488411e-09	-3.06187167287e-09
1.97476834341e-09	-3.64596984548e-10
1.97600180272e-09	2.35480496213e-09
1.97723526202e-09	4.84265005873e-09
1.97846872132e-09	6.85752582497e-09
1.97970218062e-09	8.19613443781e-09
1.98093563993e-09	8.72573208133e-09
1.98216909923e-09	8.40395653068e-09
1.98340255853e-09	7.28565807684e-09
1.98463601784e-09	5.51104206714e-09
1.98586947714e-09	3.28034038821e-09
1.98710293644e-09	8.22619319885e-10
1.98833639574e-09	-1.63659037711e-09
1.98956985505e-09	-3.89645946064e-09
1.99080331435e-09	-5.79197567685e-09
1.99203677365e-09	-7.19678494576e-09
1.99327023295e-09	-8.01802635397e-09
1.99450369226e-09	-8.19783757544e-09
1.99573715156e-09	-7.71385427756e-09
1.99697061086e-09	-6.59193527541e-09
1.99820407016e-09	-4.90774859641e-09
1.99943752947e-09	-2.79917652946e-09
2.00067098877e-09	-4.52213457652e-10
2.00190444807e-09	1.90519307275e-09
2.00313790737e-09	4.03782698943e-09
2.00437136668e-09	5.72431824164e-09
2.00560482598e-09	6.79762196532e-09
2.00683828528e-09	7.1593110329e-09
2.00807174458e-09	6.80113482199e-09
2.00930520389e-09	5.791202351e-09
2.01053866319e-09	4.26718699265e-09
2.01177212249e-09	2.40222924885e-09
2.01300558179e-09	3.85444558215e-10
2.0142390411e-09	-1.60374237501e-09
2.0154725004e-09	-3.40816355693e-09
2.0167059597e-09	-4.89693607886e-09
2.017939419e-09	-5.96935278985e-09
2.01917287831e-09	-6.55074128275e-09
2.02040633761e-09	-6.60034743527e-09
2.02163979691e-09	-6.11035194664e-09
2.02287325621e-09	-5.12029851851e-09
2.02410671552e-09	-3.71106045893e-09
2.02534017482e-09	-2.0119622357e-09
2.02657363412e-09	-1.79651465579e-10
2.02780709342e-09	1.60797752891e-09
2.02904055273e-09	3.18109988351e-09
2.03027401203e-09	4.3907678049e-09
2.03150747133e-09	5.12997511137e-09
2.03274093064e-09	5.34276767272e-09
2.03397438994e-09	5.02798919166e-09
2.03520784924e-09	4.2368160369e-09
2.03644130854e-09	3.0592944289e-09
2.03767476785e-09	1.6173751366e-09
2.03890822715e-09	4.24015562245e-11
2.04014168645e-09	-1.52535602205e-09
2.04137514575e-09	-2.95803281869e-09
2.04260860506e-09	-4.13333134386e-09
2.04384206436e-09	-4.95649332688e-09
2.04507552366e-09	-5.35285932246e-09
2.04630898296e-09	-5.29074650757e-09
2.04754244227e-09	-4.77431660872e-09
2.04877590157e-09	-3.85770673739e-09
2.05000936087e-09	-2.63046495697e-09
2.05124282017e-09	-1.21758821081e-09
2.05247627948e-09	2.4373583013e-10
2.05370973878e-09	1.61239506469e-09
2.05494319808e-09	2.76200484706e-09
2.05617665738e-09	3.59199617272e-09
2.05741011669e-09	4.03460143072e-09
2.05864357599e-09	4.06313277468e-09
2.05987703529e-09	3.6902314815e-09
2.06111049459e-09	2.96819666068e-09
2.0623439539e-09	1.97808341929e-09
2.0635774132e-09	8.22996983063e-10
2.0648108725e-09	-3.87833948984e-10
2.0660443318e-09	-1.54420475018e-09
2.06727779111e-09	-2.54850138215e-09
2.06851125041e-09	-3.31806013221e-09
2.06974470971e-09	-3.79311082543e-09
2.07097816901e-09	-3.93905458251e-09
2.07221162832e-09	-3.75079742265e-09
2.07344508762e-09	-3.24995219625e-09
2.07467854692e-09	-2.48590137364e-09
2.07591200623e-09	-1.52661072672e-09
2.07714546553e-09	-4.57522630892e-10
2.07837892483e-09	6.29330441926e-10
2.07961238413e-09	1.63748596627e-09
2.08084584344e-09	2.47646991802e-09
2.08207930274e-09	3.06631020575e-09
2.08331276204e-09	3.34984318062e-09
2.08454622134e-09	3.29793597986e-09
2.08577968065e-09	2.91914850625e-09
2.08701313995e-09	2.2560651125e-09
2.08824659925e-09	1.38432307284e-09
2.08948005855e-09	3.97491851933e-10
2.09071351786e-09	-6.01313929205e-10
2.09194697716e-09	-1.51576275143e-09
2.09318043646e-09	-2.26254270874e-09
2.09441389576e-09	-2.78033901457e-09
2.09564735507e-09	-3.03180222594e-09
2.09688081437e-09	-3.00481434179e-09
2.09811427367e-09	-2.71102909566e-09
2.09934773297e-09	-2.18209926517e-09
2.10058119228e-09	-1.46889153618e-09
2.10181465158e-09	-6.3261826333e-10
2.10304811088e-09	2.51715862563e-10
2.10428157018e-09	1.10809670467e-09
2.10551502949e-09	1.85607230974e-09
2.10674848879e-09	2.42605982526e-09
2.10798194809e-09	2.75931488769e-09
2.10921540739e-09	2.82399972851e-09
2.1104488667e-09	2.6133394615e-09
2.111682326e-09	2.15435221051e-09
2.1129157853e-09	1.49837259267e-09
2.1141492446e-09	7.17722367649e-10
2.11538270391e-09	-1.07181106004e-10
2.11661616321e-09	-8.98287229323e-10
2.11784962251e-09	-1.58451468613e-09
2.11908308182e-09	-2.11140187278e-09
2.12031654112e-09	-2.4361588441e-09
2.12155000042e-09	-2.53652593374e-09
2.12278345972e-09	-2.40180242361e-09
2.12401691903e-09	-2.04464779829e-09
2.12525037833e-09	-1.49029634466e-09
2.12648383763e-09	-7.88908820215e-10
2.12771729693e-09	-2.92521215584e-13
2.12895075624e-09	7.98255066214e-10
2.13018421554e-09	1.53164607386e-09
2.13141767484e-09	2.12317838311e-09
2.13265113414e-09	2.51468348922e-09
2.13388459345e-09	2.66403257787e-09
2.13511805275e-09	2.55786961056e-09
2.13635151205e-09	2.20805597417e-09
2.13758497135e-09	1.65389156537e-09
2.13881843066e-09	9.54349155258e-10
2.14005188996e-09	1.81345953879e-10
2.14128534926e-09	-5.89009820084e-10
2.14251880856e-09	-1.28533062665e-09
2.14375226787e-09	-1.84396836689e-09
2.14498572717e-09	-2.21694151925e-09
2.14621918647e-09	-2.36936470444e-09
2.14745264577e-09	-2.28708847694e-09
2.14868610508e-09	-1.97531610513e-09
2.14991956438e-09	-1.46204592877e-09
2.15115302368e-09	-7.95674935661e-10
2.15238648298e-09	-4.13276635136e-11
2.15361994229e-09	7.28250633408e-10
2.15485340159e-09	1.43892509019e-09
2.15608686089e-09	2.02543257166e-09
2.15732032019e-09	2.43596705307e-09
2.1585537795e-09	2.63541216627e-09
2.1597872388e-09	2.60691879195e-09
2.1610206981e-09	2.35183050812e-09
2.16225415741e-09	1.88996045203e-09
2.16348761671e-09	1.25865950995e-09
2.16472107601e-09	5.12090151533e-10
2.16595453531e-09	-2.8391223747e-10
2.16718799462e-09	-1.05586643595e-09
2.16842145392e-09	-1.72964759182e-09
2.16965491322e-09	-2.23726177861e-09
2.17088837252e-09	-2.52519569144e-09
2.17212183183e-09	-2.55874998967e-09
2.17335529113e-09	-2.33084193613e-09
