% time-domain current integration by openEMS v0.37.0-rc1-2-g7b051bb @Sat Aug  8 16:17:17 2026
% start-coordinates: (0.00388064,0.00667094,-0.000762) m -> [115,167,14]
% stop-coordinates: (0.00443929,0.00722958,-0.000762) m -> [124,176,14]
% t/s	current
6.85255168094e-14	0
1.30198481938e-12	0
2.53544412195e-12	0
3.76890342452e-12	0
5.00236272709e-12	0
6.23582202966e-12	0
7.46928133223e-12	0
8.7027406348e-12	0
9.93619993737e-12	0
1.11696592399e-11	0
1.24031185425e-11	0
1.36365778451e-11	0
1.48700371476e-11	0
1.61034964502e-11	0
1.73369557528e-11	0
1.85704150554e-11	0
1.98038743579e-11	0
2.10373336605e-11	0
2.22707929631e-11	0
2.35042522656e-11	2.34395539408e-35
2.47377115682e-11	4.91626003174e-32
2.59711708708e-11	4.2030234224e-29
2.72046301733e-11	1.63214643363e-26
2.84380894759e-11	3.12806600595e-24
2.96715487785e-11	3.17006670393e-22
3.09050080811e-11	1.80154816003e-20
3.21384673836e-11	6.04141028052e-19
3.33719266862e-11	1.25037547836e-17
3.46053859888e-11	1.66289044984e-16
3.58388452913e-11	1.47525536726e-15
3.70723045939e-11	9.05258754378e-15
3.83057638965e-11	3.97871602472e-14
3.9539223199e-11	1.28804275188e-13
4.07726825016e-11	3.08054444583e-13
4.20061418042e-11	5.03374143583e-13
4.32396011068e-11	2.9585323991e-13
4.44730604093e-11	-1.42853112152e-12
4.57065197119e-11	-6.78025300835e-12
4.69399790145e-11	-1.88108330995e-11
4.8173438317e-11	-4.06296003785e-11
4.94068976196e-11	-7.31392724163e-11
5.06403569222e-11	-1.10946883625e-10
5.18738162247e-11	-1.36803873785e-10
5.31072755273e-11	-1.16708476217e-10
5.43407348299e-11	2.9086759043e-14
5.55741941325e-11	2.69895661376e-10
5.6807653435e-11	7.29368010433e-10
5.80411127376e-11	1.3563680179e-09
5.92745720402e-11	2.03139194355e-09
6.05080313427e-11	2.52156118208e-09
6.17414906453e-11	2.5135307169e-09
6.29749499479e-11	1.71050773545e-09
6.42084092504e-11	-1.93470725551e-11
6.5441868553e-11	-2.4942403698e-09
6.66753278556e-11	-5.14843545574e-09
6.79087871582e-11	-7.11634395856e-09
6.91422464607e-11	-7.49521866794e-09
7.03757057633e-11	-5.72406744226e-09
7.16091650659e-11	-1.93198457232e-09
7.28426243684e-11	2.92536994628e-09
7.4076083671e-11	7.26705096099e-09
7.53095429736e-11	9.4151779706e-09
7.65430022761e-11	8.27597190778e-09
7.77764615787e-11	3.87661502899e-09
7.90099208813e-11	-2.50405984836e-09
8.02433801839e-11	-8.74477112944e-09
8.14768394864e-11	-1.26870434158e-08
8.2710298789e-11	-1.30115305197e-08
8.39437580916e-11	-9.78110126226e-09
8.51772173941e-11	-4.38178204831e-09
8.64106766967e-11	1.10442455181e-09
8.76441359993e-11	4.8083164117e-09
8.88775953018e-11	5.8094662414e-09
9.01110546044e-11	4.3737404809e-09
9.1344513907e-11	1.6354796406e-09
9.25779732096e-11	-1.04062403139e-09
9.38114325121e-11	-2.63112664989e-09
9.50448918147e-11	-2.69594768731e-09
9.62783511173e-11	-1.26093591124e-09
9.75118104198e-11	1.44480560849e-09
9.87452697224e-11	5.12501774352e-09
9.9978729025e-11	9.31882393473e-09
1.01212188328e-10	1.31789050783e-08
1.0244564763e-10	1.5409309384e-08
1.03679106933e-10	1.4556976069e-08
1.04912566235e-10	9.63971480417e-09
1.06146025538e-10	8.14133482852e-10
1.0737948484e-10	-1.0303459419e-08
1.08612944143e-10	-2.09178505628e-08
1.09846403446e-10	-2.79058820496e-08
1.11079862748e-10	-2.88935968484e-08
1.12313322051e-10	-2.31056986877e-08
1.13546781353e-10	-1.16337313116e-08
1.14780240656e-10	2.94324120631e-09
1.16013699958e-10	1.73671192982e-08
1.17247159261e-10	2.85783077203e-08
1.18480618564e-10	3.43548371973e-08
1.19714077866e-10	3.36014593927e-08
1.20947537169e-10	2.63709623027e-08
1.22180996471e-10	1.37714319948e-08
1.23414455774e-10	-2.13932538351e-09
1.24647915076e-10	-1.85208790526e-08
1.25881374379e-10	-3.20995958702e-08
1.27114833682e-10	-3.97898709537e-08
1.28348292984e-10	-3.94994330577e-08
1.29581752287e-10	-3.08634611201e-08
1.30815211589e-10	-1.55720822903e-08
1.32048670892e-10	2.93238366922e-09
1.33282130194e-10	2.03646237651e-08
1.34515589497e-10	3.28293445762e-08
1.357490488e-10	3.79150328911e-08
1.36982508102e-10	3.52612374854e-08
1.38215967405e-10	2.63998192196e-08
1.39449426707e-10	1.40092026868e-08
1.4068288601e-10	9.25976073596e-10
1.41916345312e-10	-1.06609734374e-08
1.43149804615e-10	-1.95511002943e-08
1.44383263917e-10	-2.53756695656e-08
1.4561672322e-10	-2.81446794759e-08
1.46850182523e-10	-2.78162950451e-08
1.48083641825e-10	-2.41485853536e-08
1.49317101128e-10	-1.69099649838e-08
1.5055056043e-10	-6.31895336056e-09
1.51784019733e-10	6.55567022889e-09
1.53017479035e-10	1.96860217017e-08
1.54250938338e-10	3.03952027991e-08
1.55484397641e-10	3.6025596728e-08
1.56717856943e-10	3.47410384904e-08
1.57951316246e-10	2.61938026824e-08
1.59184775548e-10	1.1798665156e-08
1.60418234851e-10	-5.48405409972e-09
1.61651694153e-10	-2.18283062736e-08
1.62885153456e-10	-3.34858967221e-08
1.64118612759e-10	-3.77332192159e-08
1.65352072061e-10	-3.35506946669e-08
1.66585531364e-10	-2.18510045613e-08
1.67818990666e-10	-5.21332843562e-09
1.69052449969e-10	1.27724550936e-08
1.70285909271e-10	2.83503762688e-08
1.71519368574e-10	3.84066929371e-08
1.72752827877e-10	4.10682616803e-08
1.73986287179e-10	3.5992393066e-08
1.75219746482e-10	2.43332891614e-08
1.76453205784e-10	8.42332603668e-09
1.77686665087e-10	-8.74764793934e-09
1.78920124389e-10	-2.41453381733e-08
1.80153583692e-10	-3.52683642291e-08
1.81387042995e-10	-4.05630018463e-08
1.82620502297e-10	-3.95979640189e-08
1.838539616e-10	-3.29879803473e-08
1.85087420902e-10	-2.21392593147e-08
1.86320880205e-10	-8.92321860846e-09
1.87554339507e-10	4.64199256811e-09
1.8878779881e-10	1.66474460883e-08
1.90021258113e-10	2.55045300435e-08
1.91254717415e-10	3.00994571489e-08
1.92488176718e-10	2.99021536421e-08
1.9372163602e-10	2.49999079216e-08
1.94955095323e-10	1.60642361635e-08
1.96188554625e-10	4.27445012718e-09
1.97422013928e-10	-8.76541683681e-09
1.98655473231e-10	-2.11220569923e-08
1.99888932533e-10	-3.0690593178e-08
2.01122391836e-10	-3.54982283568e-08
2.02355851138e-10	-3.41561090522e-08
2.03589310441e-10	-2.63599932993e-08
2.04822769743e-10	-1.32171056322e-08
2.06056229046e-10	2.80954104426e-09
2.07289688349e-10	1.84195005914e-08
2.08523147651e-10	3.033153817e-08
2.09756606954e-10	3.61813619065e-08
2.10990066256e-10	3.51436213464e-08
2.12223525559e-10	2.80586043289e-08
2.13456984861e-10	1.70607865613e-08
2.14690444164e-10	4.8665080854e-09
2.15923903467e-10	-6.00493388347e-09
2.17157362769e-10	-1.38376803349e-08
2.18390822072e-10	-1.79889134699e-08
2.19624281374e-10	-1.88008222324e-08
2.20857740677e-10	-1.72393104236e-08
2.22091199979e-10	-1.44260603463e-08
2.23324659282e-10	-1.12399201058e-08
2.24558118585e-10	-8.11229039499e-09
2.25791577887e-10	-5.0576161037e-09
2.2702503719e-10	-1.87277149344e-09
2.28258496492e-10	1.60208712963e-09
2.29491955795e-10	5.29533350502e-09
2.30725415097e-10	8.85232065428e-09
2.319588744e-10	1.17324496784e-08
2.33192333703e-10	1.33916397971e-08
2.34425793005e-10	1.34749820191e-08
2.35659252308e-10	1.19419922839e-08
2.3689271161e-10	9.08638675412e-09
2.38126170913e-10	5.44846123773e-09
2.39359630215e-10	1.65550062547e-09
2.40593089518e-10	-1.75143621828e-09
2.41826548821e-10	-4.44003944722e-09
2.43060008123e-10	-6.31850261001e-09
2.44293467426e-10	-7.47307815629e-09
2.45526926728e-10	-8.05450817154e-09
2.46760386031e-10	-8.17009748744e-09
2.47993845333e-10	-7.82750753103e-09
2.49227304636e-10	-6.94884461083e-09
2.50460763939e-10	-5.4339381883e-09
2.51694223241e-10	-3.25037863291e-09
2.52927682544e-10	-5.09579989316e-10
2.54161141846e-10	2.48612996856e-09
2.55394601149e-10	5.25560306386e-09
2.56628060451e-10	7.21680359916e-09
2.57861519754e-10	7.83821629824e-09
2.59094979056e-10	6.82506540173e-09
2.60328438359e-10	4.27694857308e-09
2.61561897662e-10	7.35368321791e-10
2.62795356964e-10	-2.92686297421e-09
2.64028816267e-10	-5.75587444374e-09
2.65262275569e-10	-7.01997926456e-09
2.66495734872e-10	-6.44406750183e-09
2.67729194174e-10	-4.27979074402e-09
2.68962653477e-10	-1.18670928639e-09
2.7019611278e-10	2.01236871611e-09
2.71429572082e-10	4.59839721856e-09
2.72663031385e-10	6.14025585932e-09
2.73896490687e-10	6.55423715301e-09
2.7512994999e-10	6.04533711979e-09
2.76363409292e-10	4.98599161958e-09
2.77596868595e-10	3.78427511549e-09
2.78830327898e-10	2.78417311428e-09
2.800637872e-10	2.20478169055e-09
2.81297246503e-10	2.1191011168e-09
2.82530705805e-10	2.46197240372e-09
2.83764165108e-10	3.06459035926e-09
2.8499762441e-10	3.70643826741e-09
2.86231083713e-10	4.17079659698e-09
2.87464543016e-10	4.29669944069e-09
2.88698002318e-10	4.00582811366e-09
2.89931461621e-10	3.30731331211e-09
2.91164920923e-10	2.26542185011e-09
2.92398380226e-10	9.58763624048e-10
2.93631839528e-10	-5.58828150421e-10
2.94865298831e-10	-2.26178475948e-09
2.96098758134e-10	-4.11829415015e-09
2.97332217436e-10	-6.02752558976e-09
2.98565676739e-10	-7.76715047834e-09
2.99799136041e-10	-8.9984721896e-09
3.01032595344e-10	-9.34524457818e-09
3.02266054646e-10	-8.53409165558e-09
3.03499513949e-10	-6.53106502213e-09
3.04732973252e-10	-3.6154039762e-09
3.05966432554e-10	-3.40640349261e-10
3.07199891857e-10	2.61068122676e-09
3.08433351159e-10	4.62943550161e-09
3.09666810462e-10	5.36508970583e-09
3.10900269764e-10	4.82257833667e-09
3.12133729067e-10	3.34256422541e-09
3.1336718837e-10	1.47203804701e-09
3.14600647672e-10	-2.23373583519e-10
3.15834106975e-10	-1.34577560207e-09
3.17067566277e-10	-1.78207948398e-09
3.1830102558e-10	-1.71393654824e-09
3.19534484882e-10	-1.51068535459e-09
3.20767944185e-10	-1.54533508212e-09
3.22001403488e-10	-2.00455785304e-09
3.2323486279e-10	-2.77808087645e-09
3.24468322093e-10	-3.48848794296e-09
3.25701781395e-10	-3.657093961e-09
3.26935240698e-10	-2.93925217498e-09
3.281687e-10	-1.31492916555e-09
3.29402159303e-10	8.57607651561e-10
3.30635618606e-10	2.95868529676e-09
3.31869077908e-10	4.34385549752e-09
3.33102537211e-10	4.59228299832e-09
3.34335996513e-10	3.65812558023e-09
3.35569455816e-10	1.86395010537e-09
3.36802915118e-10	-2.46774572998e-10
3.38036374421e-10	-2.12569317704e-09
3.39269833724e-10	-3.41401951154e-09
3.40503293026e-10	-4.0402832191e-09
3.41736752329e-10	-4.197354464e-09
3.42970211631e-10	-4.2108703191e-09
3.44203670934e-10	-4.3642538472e-09
3.45437130236e-10	-4.74957806418e-09
3.46670589539e-10	-5.2134319084e-09
3.47904048842e-10	-5.42126699088e-09
3.49137508144e-10	-5.01596009173e-09
3.50370967447e-10	-3.79644315984e-09
3.51604426749e-10	-1.83190962399e-09
3.52837886052e-10	5.44821909809e-10
3.54071345354e-10	2.85816370571e-09
3.55304804657e-10	4.66249705511e-09
3.5653826396e-10	5.68369307175e-09
3.57771723262e-10	5.86948356585e-09
3.59005182565e-10	5.34905053584e-09
3.60238641867e-10	4.34117586323e-09
3.6147210117e-10	3.075884214e-09
3.62705560472e-10	1.75578085404e-09
3.63939019775e-10	5.59689627977e-10
3.65172479078e-10	-3.48545137197e-10
3.6640593838e-10	-8.30850888089e-10
3.67639397683e-10	-8.11237410581e-10
3.68872856985e-10	-3.16205284179e-10
3.70106316288e-10	5.12458020463e-10
3.7133977559e-10	1.44612877229e-09
3.72573234893e-10	2.23460117077e-09
3.73806694195e-10	2.68006461468e-09
3.75040153498e-10	2.69231525962e-09
3.76273612801e-10	2.30391683509e-09
3.77507072103e-10	1.64423619164e-09
3.78740531406e-10	8.82503181643e-10
3.79973990708e-10	1.64794622393e-10
3.81207450011e-10	-4.33672125988e-10
3.82440909313e-10	-9.20743314925e-10
3.83674368616e-10	-1.35955424696e-09
3.84907827919e-10	-1.81401227373e-09
3.86141287221e-10	-2.2955120027e-09
3.87374746524e-10	-2.7444764239e-09
3.88608205826e-10	-3.05658653943e-09
3.89841665129e-10	-3.14250336864e-09
3.91075124431e-10	-2.98104807506e-09
3.92308583734e-10	-2.63195887307e-09
3.93542043037e-10	-2.19767026799e-09
3.94775502339e-10	-1.75706016403e-09
3.96008961642e-10	-1.31647004409e-09
3.97242420944e-10	-8.10904121629e-10
3.98475880247e-10	-1.57095128572e-10
3.99709339549e-10	6.73205102775e-10
4.00942798852e-10	1.60675917016e-09
4.02176258155e-10	2.47756193339e-09
4.03409717457e-10	3.08988412634e-09
4.0464317676e-10	3.29859961568e-09
4.05876636062e-10	3.06645175918e-09
4.07110095365e-10	2.46848697039e-09
4.08343554667e-10	1.64842473005e-09
4.0957701397e-10	7.49992123961e-10
4.10810473273e-10	-1.39897704532e-10
4.12043932575e-10	-1.01085828597e-09
4.13277391878e-10	-1.90283300228e-09
4.1451085118e-10	-2.84767476266e-09
4.15744310483e-10	-3.80655862386e-09
4.16977769785e-10	-4.63360283476e-09
4.18211229088e-10	-5.09254016734e-09
4.19444688391e-10	-4.9245763023e-09
4.20678147693e-10	-3.95302146572e-09
4.21911606996e-10	-2.17965556715e-09
4.23145066298e-10	1.65045796474e-10
4.24378525601e-10	2.65200172933e-09
4.25611984903e-10	4.75973793712e-09
4.26845444206e-10	6.02428418262e-09
4.28078903509e-10	6.1790719208e-09
4.29312362811e-10	5.23174392697e-09
4.30545822114e-10	3.45249207001e-09
4.31779281416e-10	1.2776842917e-09
4.33012740719e-10	-8.28158541744e-10
4.34246200021e-10	-2.50227794041e-09
4.35479659324e-10	-3.56053009298e-09
4.36713118627e-10	-4.00374755571e-09
4.37946577929e-10	-3.96107990852e-09
4.39180037232e-10	-3.60071461536e-09
4.40413496534e-10	-3.04725800149e-09
4.41646955837e-10	-2.33871544353e-09
4.42880415139e-10	-1.43880152237e-09
4.44113874442e-10	-2.9513388955e-10
4.45347333745e-10	1.08308262359e-09
4.46580793047e-10	2.5693045469e-09
4.4781425235e-10	3.91750010209e-09
4.49047711652e-10	4.82629891607e-09
4.50281170955e-10	5.04542851942e-09
4.51514630257e-10	4.48288339783e-09
4.5274808956e-10	3.26058868794e-09
4.53981548863e-10	1.69037961406e-09
4.55215008165e-10	1.72033207124e-10
4.56448467468e-10	-9.4692498287e-10
4.5768192677e-10	-1.49153034368e-09
4.58915386073e-10	-1.50876267035e-09
4.60148845375e-10	-1.22479115738e-09
4.61382304678e-10	-9.30277244127e-10
4.62615763981e-10	-8.45232606128e-10
4.63849223283e-10	-1.02319097639e-09
4.65082682586e-10	-1.33625588372e-09
4.66316141888e-10	-1.54352508552e-09
4.67549601191e-10	-1.41014511179e-09
4.68783060493e-10	-8.22886536689e-10
4.70016519796e-10	1.46545067747e-10
4.71249979099e-10	1.25511467886e-09
4.72483438401e-10	2.17156115312e-09
4.73716897704e-10	2.59419441484e-09
4.74950357006e-10	2.35907560153e-09
4.76183816309e-10	1.49720347231e-09
4.77417275611e-10	2.24151461281e-10
4.78650734914e-10	-1.13452292005e-09
4.79884194217e-10	-2.24973795149e-09
4.81117653519e-10	-2.88922374914e-09
4.82351112822e-10	-2.97363533797e-09
4.83584572124e-10	-2.5750641619e-09
4.84818031427e-10	-1.86457227436e-09
4.86051490729e-10	-1.03858988076e-09
4.87284950032e-10	-2.53952914253e-10
4.88518409335e-10	4.05382977187e-10
4.89751868637e-10	9.24484155895e-10
4.9098532794e-10	1.32964339539e-09
4.92218787242e-10	1.65156688325e-09
4.93452246545e-10	1.89903381909e-09
4.94685705847e-10	2.04774330825e-09
4.9591916515e-10	2.04865346909e-09
4.97152624452e-10	1.84802595449e-09
4.98386083755e-10	1.41404654652e-09
4.99619543058e-10	7.60713714243e-10
5.0085300236e-10	-3.97621727211e-11
5.02086461663e-10	-8.59959270461e-10
5.03319920965e-10	-1.54019985654e-09
5.04553380268e-10	-1.92488558426e-09
5.0578683957e-10	-1.9055277356e-09
5.07020298873e-10	-1.4545655791e-09
5.08253758176e-10	-6.4012667389e-10
5.09487217478e-10	3.86193271806e-10
5.10720676781e-10	1.42526501712e-09
5.11954136083e-10	2.28022956072e-09
5.13187595386e-10	2.80577761025e-09
5.14421054688e-10	2.94043167592e-09
5.15654513991e-10	2.71201106017e-09
5.16887973294e-10	2.21398321898e-09
5.18121432596e-10	1.56320756339e-09
5.19354891899e-10	8.56150539352e-10
5.20588351201e-10	1.43628942073e-10
5.21821810504e-10	-5.65559432619e-10
5.23055269806e-10	-1.27517618687e-09
5.24288729109e-10	-1.9631578585e-09
5.25522188412e-10	-2.55841237085e-09
5.26755647714e-10	-2.94664181943e-09
5.27989107017e-10	-3.00772184936e-09
5.29222566319e-10	-2.66514543767e-09
5.30456025622e-10	-1.9270487428e-09
5.31689484924e-10	-8.95081397889e-10
5.32922944227e-10	2.60266336261e-10
5.3415640353e-10	1.34965627563e-09
5.35389862832e-10	2.21673879253e-09
5.36623322135e-10	2.77289147199e-09
5.37856781437e-10	3.00264479947e-09
5.3909024074e-10	2.94061019979e-09
5.40323700042e-10	2.63477639706e-09
5.41557159345e-10	2.11430251085e-09
5.42790618648e-10	1.38074696121e-09
5.4402407795e-10	4.2632680719e-10
5.45257537253e-10	-7.26152860064e-10
5.46490996555e-10	-1.98530147877e-09
5.47724455858e-10	-3.17762349766e-09
5.4895791516e-10	-4.07571265626e-09
5.50191374463e-10	-4.4626888851e-09
5.51424833766e-10	-4.20780921218e-09
5.52658293068e-10	-3.32138672121e-09
5.53891752371e-10	-1.9598385137e-09
5.55125211673e-10	-3.7973549305e-10
5.56358670976e-10	1.14250686689e-09
5.57592130278e-10	2.38830177857e-09
5.58825589581e-10	3.24326632217e-09
5.60059048884e-10	3.69774544318e-09
5.61292508186e-10	3.81025344609e-09
5.62525967489e-10	3.65673424874e-09
5.63759426791e-10	3.29015903411e-09
5.64992886094e-10	2.72591260675e-09
5.66226345396e-10	1.95488225607e-09
5.67459804699e-10	9.7499419649e-10
5.68693264002e-10	-1.74077058324e-10
5.69926723304e-10	-1.38924138859e-09
5.71160182607e-10	-2.50752907327e-09
5.72393641909e-10	-3.33824057286e-09
5.73627101212e-10	-3.71718567038e-09
5.74860560514e-10	-3.56379659117e-09
5.76094019817e-10	-2.91789437057e-09
5.7732747912e-10	-1.93719129626e-09
5.78560938422e-10	-8.51096970678e-10
5.79794397725e-10	1.12908508931e-10
5.81027857027e-10	8.03137223393e-10
5.8226131633e-10	1.18634202462e-09
5.83494775632e-10	1.34394817497e-09
5.84728234935e-10	1.4248696667e-09
5.85961694238e-10	1.57628021746e-09
5.8719515354e-10	1.88016180402e-09
5.88428612843e-10	2.31769048398e-09
5.89662072145e-10	2.77284972761e-09
5.90895531448e-10	3.07064373928e-09
5.9212899075e-10	3.03777447641e-09
5.93362450053e-10	2.56540499954e-09
5.94595909356e-10	1.65438773791e-09
5.95829368658e-10	4.27511970269e-10
5.97062827961e-10	-8.98711494113e-10
5.98296287263e-10	-2.07438977107e-09
5.99529746566e-10	-2.89093726735e-09
6.00763205868e-10	-3.24101812055e-09
6.01996665171e-10	-3.14182635464e-09
6.03230124474e-10	-2.71157918341e-09
6.04463583776e-10	-2.11102579861e-09
6.05697043079e-10	-1.47523693261e-09
6.06930502381e-10	-8.65365723524e-10
6.08163961684e-10	-2.60386573414e-10
6.09397420986e-10	4.10276784768e-10
6.10630880289e-10	1.20890730759e-09
6.11864339591e-10	2.1331256761e-09
6.13097798894e-10	3.08474557009e-09
6.14331258197e-10	3.87848464456e-09
6.15564717499e-10	4.2899697128e-09
6.16798176802e-10	4.12825018614e-09
6.18031636104e-10	3.30932481418e-09
6.19265095407e-10	1.90300153413e-09
6.20498554709e-10	1.34121061479e-10
6.21732014012e-10	-1.66822711201e-09
6.22965473315e-10	-3.15969539422e-09
6.24198932617e-10	-4.07839273464e-09
6.2543239192e-10	-4.31533253575e-09
6.26665851222e-10	-3.9330037005e-09
6.27899310525e-10	-3.12597547847e-09
6.29132769827e-10	-2.14216688832e-09
6.3036622913e-10	-1.19629339768e-09
6.31599688433e-10	-4.08943517938e-10
6.32833147735e-10	2.10211889562e-10
6.34066607038e-10	7.34747762632e-10
6.3530006634e-10	1.26513843846e-09
6.36533525643e-10	1.86770421351e-09
6.37766984945e-10	2.53088106028e-09
6.39000444248e-10	3.15397996609e-09
6.40233903551e-10	3.57245544258e-09
6.41467362853e-10	3.61265817261e-09
6.42700822156e-10	3.15889292501e-09
6.43934281458e-10	2.20853424437e-09
6.45167740761e-10	8.93632112753e-10
6.46401200063e-10	-5.44853995255e-10
6.47634659366e-10	-1.82335013754e-09
6.48868118669e-10	-2.70191535812e-09
6.50101577971e-10	-3.05562575242e-09
6.51335037274e-10	-2.90501334099e-09
6.52568496576e-10	-2.39334307928e-09
6.53801955879e-10	-1.7230760152e-09
6.55035415181e-10	-1.0784685367e-09
6.56268874484e-10	-5.65183955192e-10
6.57502333787e-10	-1.87822160602e-10
6.58735793089e-10	1.30112254304e-10
6.59969252392e-10	4.94944307761e-10
6.61202711694e-10	9.82358083768e-10
6.62436170997e-10	1.58976576348e-09
6.63669630299e-10	2.21996843131e-09
6.64903089602e-10	2.70337841002e-09
6.66136548905e-10	2.8540627639e-09
6.67370008207e-10	2.54137177969e-09
6.6860346751e-10	1.7511585515e-09
6.69836926812e-10	6.10118844335e-10
6.71070386115e-10	-6.40384301143e-10
6.72303845417e-10	-1.71618075306e-09
6.7353730472e-10	-2.38199504565e-09
6.74770764023e-10	-2.52816456658e-09
6.76004223325e-10	-2.20094653614e-09
6.77237682628e-10	-1.57582003002e-09
6.7847114193e-10	-8.85656714633e-10
6.79704601233e-10	-3.33979899292e-10
6.80938060535e-10	-2.73194973588e-11
6.82171519838e-10	4.91993251694e-11
6.83404979141e-10	8.52847913818e-12
6.84638438443e-10	3.48147487401e-12
6.85871897746e-10	1.58593749244e-10
6.87105357048e-10	5.16352183233e-10
6.88338816351e-10	1.01750274872e-09
6.89572275653e-10	1.51956636163e-09
6.90805734956e-10	1.84762571909e-09
6.92039194259e-10	1.85882331749e-09
6.93272653561e-10	1.49799206373e-09
6.94506112864e-10	8.2401396817e-10
6.95739572166e-10	-4.83162902049e-12
6.96973031469e-10	-7.81946896122e-10
6.98206490771e-10	-1.32261901431e-09
6.99439950074e-10	-1.52625911909e-09
7.00673409377e-10	-1.40668532378e-09
7.01906868679e-10	-1.07885800293e-09
7.03140327982e-10	-7.07775893449e-10
7.04373787284e-10	-4.41342212776e-10
7.05607246587e-10	-3.53750667648e-10
7.06840705889e-10	-4.21789825289e-10
7.08074165192e-10	-5.41413580635e-10
7.09307624495e-10	-5.76135139596e-10
7.10541083797e-10	-4.17143208864e-10
7.117745431e-10	-3.14164423643e-11
7.13008002402e-10	5.1883292107e-10
7.14241461705e-10	1.0927878602e-09
7.15474921007e-10	1.5172618717e-09
7.1670838031e-10	1.64723279461e-09
7.17941839613e-10	1.41944267451e-09
7.19175298915e-10	8.80084505273e-10
7.20408758218e-10	1.74729578029e-10
7.2164221752e-10	-4.98307450858e-10
7.22875676823e-10	-9.55715173667e-10
7.24109136125e-10	-1.09293385453e-09
7.25342595428e-10	-9.19055553883e-10
7.26576054731e-10	-5.48258716204e-10
7.27809514033e-10	-1.50821535816e-10
7.29042973336e-10	1.15481506302e-10
7.30276432638e-10	1.65726737889e-10
7.31509891941e-10	1.53706890965e-11
7.32743351243e-10	-2.33733116195e-10
7.33976810546e-10	-4.40935010726e-10
7.35210269848e-10	-4.85737006173e-10
7.36443729151e-10	-3.15291737163e-10
7.37677188454e-10	3.67477541452e-11
7.38910647756e-10	4.64386945564e-10
7.40144107059e-10	8.28832558142e-10
7.41377566361e-10	1.00883812415e-09
7.42611025664e-10	9.43431222034e-10
7.43844484966e-10	6.53215814772e-10
7.45077944269e-10	2.31911947979e-10
7.46311403572e-10	-1.88446105942e-10
7.47544862874e-10	-4.86628681795e-10
7.48778322177e-10	-5.96557470089e-10
7.50011781479e-10	-5.28692478685e-10
7.51245240782e-10	-3.59730828459e-10
7.52478700084e-10	-1.95114008283e-10
7.53712159387e-10	-1.20989204766e-10
7.5494561869e-10	-1.67358280012e-10
7.56179077992e-10	-2.98418956213e-10
7.57412537295e-10	-4.32855806753e-10
7.58645996597e-10	-4.83080075941e-10
7.598794559e-10	-3.95264598829e-10
7.61112915202e-10	-1.73014616522e-10
7.62346374505e-10	1.23651214268e-10
7.63579833808e-10	4.01209399037e-10
7.6481329311e-10	5.67436597709e-10
7.66046752413e-10	5.64495006294e-10
7.67280211715e-10	3.89966253733e-10
7.68513671018e-10	9.898124681e-11
7.6974713032e-10	-2.12745585038e-10
7.70980589623e-10	-4.40283448588e-10
7.72214048926e-10	-5.05210373536e-10
7.73447508228e-10	-3.83359261003e-10
7.74680967531e-10	-1.13643830457e-10
7.75914426833e-10	2.15626544398e-10
7.77147886136e-10	4.9914461453e-10
7.78381345438e-10	6.52195020212e-10
7.79614804741e-10	6.38841368694e-10
7.80848264044e-10	4.79262296516e-10
7.82081723346e-10	2.35745895028e-10
7.83315182649e-10	-1.5498994449e-11
7.84548641951e-10	-2.12549533529e-10
7.85782101254e-10	-3.25393212375e-10
7.87015560556e-10	-3.57431639841e-10
7.88249019859e-10	-3.33944760733e-10
7.89482479162e-10	-2.84715750976e-10
7.90715938464e-10	-2.292047524e-10
7.91949397767e-10	-1.69934843974e-10
7.93182857069e-10	-9.49669440309e-11
7.94416316372e-10	1.2177127362e-11
7.95649775674e-10	1.60023702622e-10
7.96883234977e-10	3.38980066239e-10
7.9811669428e-10	5.1794135647e-10
7.99350153582e-10	6.50283160653e-10
8.00583612885e-10	6.88398338333e-10
8.01817072187e-10	6.02667915572e-10
8.0305053149e-10	3.96876698172e-10
8.04283990792e-10	1.12604356395e-10
8.05517450095e-10	-1.80797668503e-10
8.06750909398e-10	-4.08584027722e-10
8.079843687e-10	-5.15945008939e-10
8.09217828003e-10	-4.861134828e-10
8.10451287305e-10	-3.43265721403e-10
8.11684746608e-10	-1.40101152901e-10
8.1291820591e-10	6.3613427026e-11
8.14151665213e-10	2.21640497622e-10
8.15385124516e-10	3.12482872911e-10
8.16618583818e-10	3.39076211553e-10
8.17852043121e-10	3.19229004342e-10
8.19085502423e-10	2.73308431442e-10
8.20318961726e-10	2.15190129604e-10
8.21552421028e-10	1.49334877797e-10
8.22785880331e-10	7.37673949702e-11
8.24019339634e-10	-1.3834726767e-11
8.25252798936e-10	-1.0993220223e-10
8.26486258239e-10	-2.01936023458e-10
8.27719717541e-10	-2.69249150753e-10
8.28953176844e-10	-2.89181595337e-10
8.30186636146e-10	-2.46058867726e-10
8.31420095449e-10	-1.40121136916e-10
8.32653554752e-10	8.12586022775e-12
8.33887014054e-10	1.6153151039e-10
8.35120473357e-10	2.77936867965e-10
8.36353932659e-10	3.25807242296e-10
8.37587391962e-10	2.96805774402e-10
8.38820851264e-10	2.09376321836e-10
8.40054310567e-10	1.00513222745e-10
8.4128776987e-10	9.82354909224e-12
8.42521229172e-10	-3.71307637415e-11
8.43754688475e-10	-3.80251490018e-11
8.44988147777e-10	-1.18723121612e-11
8.4622160708e-10	1.2382958374e-11
8.47455066382e-10	1.05818227444e-11
8.48688525685e-10	-2.54245687004e-11
8.49921984987e-10	-8.46065231763e-11
8.5115544429e-10	-1.41991488012e-10
8.52388903593e-10	-1.6937334868e-10
8.53622362895e-10	-1.46716305771e-10
8.54855822198e-10	-7.03713337602e-11
8.560892815e-10	4.47357290101e-11
8.57322740803e-10	1.69234751213e-10
8.58556200105e-10	2.68502053924e-10
8.59789659408e-10	3.14337195162e-10
8.61023118711e-10	2.95019481067e-10
8.62256578013e-10	2.20404069995e-10
8.63490037316e-10	1.19083076733e-10
8.64723496618e-10	2.83439608589e-11
8.65956955921e-10	-1.99673385465e-11
8.67190415223e-10	-1.15984210083e-11
8.68423874526e-10	4.50466192126e-11
8.69657333829e-10	1.23644497418e-10
8.70890793131e-10	1.9179688393e-10
8.72124252434e-10	2.24916474334e-10
8.73357711736e-10	2.1501789238e-10
8.74591171039e-10	1.71629863099e-10
8.75824630341e-10	1.14676781959e-10
8.77058089644e-10	6.3894591007e-11
8.78291548947e-10	2.96841370928e-11
8.79525008249e-10	9.6674942357e-12
8.80758467552e-10	-8.38073707654e-12
8.81991926854e-10	-3.91004589817e-11
8.83225386157e-10	-9.10953118494e-11
8.84458845459e-10	-1.61001045829e-10
8.85692304762e-10	-2.32346183959e-10
8.86925764065e-10	-2.79829798222e-10
8.88159223367e-10	-2.77669526261e-10
8.8939268267e-10	-2.09760125935e-10
8.90626141972e-10	-7.77196640378e-11
8.91859601275e-10	9.62129195758e-11
8.93093060577e-10	2.73629535696e-10
8.9432651988e-10	4.10914441362e-10
8.95559979183e-10	4.731526837e-10
8.96793438485e-10	4.45915332437e-10
8.98026897788e-10	3.39977046515e-10
8.9926035709e-10	1.87058091239e-10
9.00493816393e-10	2.83430466597e-11
9.01727275695e-10	-9.98107083094e-11
9.02960734998e-10	-1.76990838652e-10
9.04194194301e-10	-2.02945410477e-10
9.05427653603e-10	-1.93692006878e-10
9.06661112906e-10	-1.72338351923e-10
9.07894572208e-10	-1.58413185347e-10
9.09128031511e-10	-1.60243138203e-10
9.10361490813e-10	-1.7295967436e-10
9.11594950116e-10	-1.82257986481e-10
9.12828409419e-10	-1.71717001729e-10
9.14061868721e-10	-1.30545019239e-10
9.15295328024e-10	-5.85122436614e-11
9.16528787326e-10	3.37586902877e-11
9.17762246629e-10	1.28786786791e-10
9.18995705931e-10	2.08805195356e-10
9.20229165234e-10	2.61734051099e-10
9.21462624537e-10	2.84570450537e-10
9.22696083839e-10	2.8268618002e-10
9.23929543142e-10	2.65844846137e-10
9.25163002444e-10	2.4264351639e-10
9.26396461747e-10	2.15913634194e-10
9.27629921049e-10	1.81074072403e-10
9.28863380352e-10	1.28375962638e-10
9.30096839655e-10	4.85026047103e-11
9.31330298957e-10	-6.06446837192e-11
9.3256375826e-10	-1.88940460499e-10
9.33797217562e-10	-3.136063631e-10
9.35030676865e-10	-4.04491273809e-10
9.36264136167e-10	-4.33632019181e-10
9.3749759547e-10	-3.85763282429e-10
9.38731054773e-10	-2.64883892598e-10
9.39964514075e-10	-9.41052791248e-11
9.41197973378e-10	9.15702583204e-11
9.4243143268e-10	2.56399068643e-10
9.43664891983e-10	3.74235920031e-10
9.44898351285e-10	4.33979435721e-10
9.46131810588e-10	4.38954150805e-10
9.47365269891e-10	4.01728955657e-10
9.48598729193e-10	3.37454314492e-10
9.49832188496e-10	2.58795124219e-10
9.51065647798e-10	1.73584216445e-10
9.52299107101e-10	8.53466602946e-11
9.53532566403e-10	-4.90176736007e-12
9.54766025706e-10	-9.57396384393e-11
9.55999485009e-10	-1.82849999031e-10
9.57232944311e-10	-2.57415144755e-10
9.58466403614e-10	-3.06639158509e-10
9.59699862916e-10	-3.16999509975e-10
9.60933322219e-10	-2.7967875238e-10
9.62166781521e-10	-1.95925400903e-10
9.63400240824e-10	-7.93205293115e-11
9.64633700126e-10	4.67297207873e-11
9.65867159429e-10	1.56092888615e-10
9.67100618732e-10	2.28397578628e-10
9.68334078034e-10	2.55248100434e-10
9.69567537337e-10	2.41187847472e-10
9.70800996639e-10	1.9974348564e-10
9.72034455942e-10	1.46620271479e-10
9.73267915244e-10	9.39298014369e-11
9.74501374547e-10	4.73971903392e-11
9.7573483385e-10	7.36436606141e-12
9.76968293152e-10	-2.85131068062e-11
9.78201752455e-10	-6.21367957088e-11
9.79435211757e-10	-9.30097734941e-11
9.8066867106e-10	-1.17719153869e-10
9.81902130362e-10	-1.30400815146e-10
9.83135589665e-10	-1.24321164474e-10
9.84369048968e-10	-9.45544337272e-11
9.8560250827e-10	-4.09806355517e-11
9.86835967573e-10	2.91395484131e-11
9.88069426875e-10	1.01067765268e-10
9.89302886178e-10	1.55590873518e-10
9.9053634548e-10	1.75117684242e-10
9.91769804783e-10	1.50371409768e-10
9.93003264086e-10	8.49875447795e-11
9.94236723388e-10	-4.3228840646e-12
9.95470182691e-10	-9.25720541889e-11
9.96703641993e-10	-1.542277972e-10
9.97937101296e-10	-1.71284000872e-10
9.99170560598e-10	-1.38179967468e-10
1.0004040199e-09	-6.27210436366e-11
1.0016374792e-09	3.74680945991e-11
1.00287093851e-09	1.40733813492e-10
1.00410439781e-09	2.27488458626e-10
1.00533785711e-09	2.8470148461e-10
1.00657131641e-09	3.07666364607e-10
1.00780477572e-09	2.98968849677e-10
1.00903823502e-09	2.65519023435e-10
1.01027169432e-09	2.15039736018e-10
1.01150515362e-09	1.53199924968e-10
1.01273861293e-09	8.25953541672e-11
1.01397207223e-09	3.75575525541e-12
1.01520553153e-09	-8.23853416043e-11
1.01643899083e-09	-1.71493069745e-10
1.01767245014e-09	-2.54042287207e-10
1.01890590944e-09	-3.15593634559e-10
1.02013936874e-09	-3.39874128841e-10
1.02137282804e-09	-3.13569503696e-10
1.02260628735e-09	-2.31515556726e-10
1.02383974665e-09	-1.00136017533e-10
1.02507320595e-09	6.24535631544e-11
1.02630666525e-09	2.30175226101e-10
1.02754012456e-09	3.75211889336e-10
1.02877358386e-09	4.75017469803e-10
1.03000704316e-09	5.17283271773e-10
1.03124050247e-09	5.01458263802e-10
1.03247396177e-09	4.366249029e-10
1.03370742107e-09	3.37207650691e-10
1.03494088037e-09	2.18435464161e-10
1.03617433968e-09	9.29216634193e-11
1.03740779898e-09	-3.04730338185e-11
1.03864125828e-09	-1.46338691165e-10
1.03987471758e-09	-2.51084764091e-10
1.04110817689e-09	-3.41099010148e-10
1.04234163619e-09	-4.11039008386e-10
1.04357509549e-09	-4.52973075715e-10
1.04480855479e-09	-4.56946841476e-10
1.0460420141e-09	-4.13265338617e-10
1.0472754734e-09	-3.16418530266e-10
1.0485089327e-09	-1.69132374772e-10
1.049742392e-09	1.51007921445e-11
1.05097585131e-09	2.12658113341e-10
1.05220931061e-09	3.94401983295e-10
1.05344276991e-09	5.3245235998e-10
1.05467622921e-09	6.07200345559e-10
1.05590968852e-09	6.11495964975e-10
1.05714314782e-09	5.50900214336e-10
1.05837660712e-09	4.40319225525e-10
1.05961006642e-09	2.98709251778e-10
1.06084352573e-09	1.44215445141e-10
1.06207698503e-09	-9.06773961473e-12
1.06331044433e-09	-1.51816642591e-10
1.06454390363e-09	-2.78539857845e-10
1.06577736294e-09	-3.85350473753e-10
1.06701082224e-09	-4.67874128329e-10
1.06824428154e-09	-5.19673803989e-10
1.06947774084e-09	-5.32144051046e-10
1.07071120015e-09	-4.96191143728e-10
1.07194465945e-09	-4.05349587229e-10
1.07317811875e-09	-2.59724464158e-10
1.07441157806e-09	-6.89919163466e-11
1.07564503736e-09	1.46958958891e-10
1.07687849666e-09	3.6083874777e-10
1.07811195596e-09	5.43381006857e-10
1.07934541527e-09	6.70061173214e-10
1.08057887457e-09	7.2625006009e-10
1.08181233387e-09	7.09496961182e-10
1.08304579317e-09	6.28022522875e-10
1.08427925248e-09	4.96889474011e-10
1.08551271178e-09	3.3324493165e-10
1.08674617108e-09	1.5297940692e-10
1.08797963038e-09	-3.08243153224e-11
1.08921308969e-09	-2.07228151305e-10
1.09044654899e-09	-3.6614761223e-10
1.09168000829e-09	-4.97085372864e-10
1.09291346759e-09	-5.88946003077e-10
1.0941469269e-09	-6.31058372225e-10
1.0953803862e-09	-6.14907902374e-10
1.0966138455e-09	-5.36395594608e-10
1.0978473048e-09	-3.97875343783e-10
1.09908076411e-09	-2.09531322848e-10
1.10031422341e-09	1.05116158833e-11
1.10154768271e-09	2.3781651648e-10
1.10278114201e-09	4.4506226482e-10
1.10401460132e-09	6.06850125706e-10
1.10524806062e-09	7.04509839355e-10
1.10648151992e-09	7.29377447328e-10
1.10771497922e-09	6.83788137223e-10
1.10894843853e-09	5.78941450335e-10
1.11018189783e-09	4.31207125562e-10
1.11141535713e-09	2.57845134133e-10
1.11264881643e-09	7.41249006619e-11
1.11388227574e-09	-1.07851935716e-10
1.11511573504e-09	-2.78394862718e-10
1.11634919434e-09	-4.28795138285e-10
1.11758265365e-09	-5.50172685188e-10
1.11881611295e-09	-6.33180174958e-10
1.12004957225e-09	-6.68806898751e-10
1.12128303155e-09	-6.49824027921e-10
1.12251649086e-09	-5.72495717499e-10
1.12374995016e-09	-4.38272612646e-10
1.12498340946e-09	-2.55070076172e-10
1.12621686876e-09	-3.78281780899e-11
1.12745032807e-09	1.9208991342e-10
1.12868378737e-09	4.09223072095e-10
1.12991724667e-09	5.87782045258e-10
1.13115070597e-09	7.06316283239e-10
1.13238416528e-09	7.51789630549e-10
1.13361762458e-09	7.21711912455e-10
1.13485108388e-09	6.23625318052e-10
1.13608454318e-09	4.72293537612e-10
1.13731800249e-09	2.85847540082e-10
1.13855146179e-09	8.24862886328e-11
1.13978492109e-09	-1.21356799609e-10
1.14101838039e-09	-3.11416614718e-10
1.1422518397e-09	-4.75113726139e-10
1.143485299e-09	-6.01350746976e-10
1.1447187583e-09	-6.80841161227e-10
1.1459522176e-09	-7.06727676381e-10
1.14718567691e-09	-6.7529226655e-10
1.14841913621e-09	-5.86219406351e-10
1.14965259551e-09	-4.43048098209e-10
1.15088605481e-09	-2.53674553585e-10
1.15211951412e-09	-3.15778410365e-11
1.15335297342e-09	2.03745353922e-10
1.15458643272e-09	4.27663043867e-10
1.15581989202e-09	6.1379334948e-10
1.15705335133e-09	7.39066585709e-10
1.15828681063e-09	7.88909659821e-10
1.15952026993e-09	7.60372098618e-10
1.16075372924e-09	6.61799226531e-10
1.16198718854e-09	5.0947407404e-10
1.16322064784e-09	3.22855409074e-10
1.16445410714e-09	1.20354406996e-10
1.16568756645e-09	-8.27247020885e-11
1.16692102575e-09	-2.74403111344e-10
1.16815448505e-09	-4.44852710224e-10
1.16938794435e-09	-5.85198667302e-10
1.17062140366e-09	-6.86574908038e-10
1.17185486296e-09	-7.39785843695e-10
1.17308832226e-09	-7.35718708178e-10
1.17432178156e-09	-6.66557475881e-10
1.17555524087e-09	-5.28697308155e-10
1.17678870017e-09	-3.26438182041e-10
1.17802215947e-09	-7.53725276637e-11
1.17925561877e-09	1.96957034015e-10
1.18048907808e-09	4.54541237982e-10
1.18172253738e-09	6.60544230424e-10
1.18295599668e-09	7.86464282587e-10
1.18418945598e-09	8.1920120687e-10
1.18542291529e-09	7.63241247981e-10
1.18665637459e-09	6.37061292608e-10
1.18788983389e-09	4.65808502881e-10
1.18912329319e-09	2.73532418937e-10
1.1903567525e-09	7.80401160361e-11
1.1915902118e-09	-1.10362101402e-10
1.1928236711e-09	-2.86695195362e-10
1.1940571304e-09	-4.47578141216e-10
1.19529058971e-09	-5.87534021435e-10
1.19652404901e-09	-6.96948221357e-10
1.19775750831e-09	-7.61974650043e-10
1.19899096761e-09	-7.67025332138e-10
1.20022442692e-09	-6.99191093911e-10
1.20145788622e-09	-5.53930123992e-10
1.20269134552e-09	-3.39752864731e-10
1.20392480483e-09	-7.99070531965e-11
1.20515826413e-09	1.90905277697e-10
1.20639172343e-09	4.34227626078e-10
1.20762518273e-09	6.17612350151e-10
1.20885864204e-09	7.22575943524e-10
1.21009210134e-09	7.47548190017e-10
1.21132556064e-09	7.04758085224e-10
1.21255901994e-09	6.13059991661e-10
1.21379247925e-09	4.90043117196e-10
1.21502593855e-09	3.47018136448e-10
1.21625939785e-09	1.88421764302e-10
1.21749285715e-09	1.51253350122e-11
1.21872631646e-09	-1.70574457337e-10
1.21995977576e-09	-3.60735857852e-10
1.22119323506e-09	-5.39881583883e-10
1.22242669436e-09	-6.86326828703e-10
1.22366015367e-09	-7.76100073097e-10
1.22489361297e-09	-7.88709042521e-10
1.22612707227e-09	-7.13191727897e-10
1.22736053157e-09	-5.52761225681e-10
1.22859399088e-09	-3.26210614077e-10
1.22982745018e-09	-6.49590659041e-11
1.23106090948e-09	1.93786806046e-10
1.23229436878e-09	4.15912693175e-10
1.23352782809e-09	5.78196546197e-10
1.23476128739e-09	6.7196326281e-10
1.23599474669e-09	7.01713409601e-10
1.23722820599e-09	6.79514278179e-10
1.2384616653e-09	6.18124273988e-10
1.2396951246e-09	5.25986088018e-10
1.2409285839e-09	4.0594178019e-10
1.2421620432e-09	2.57716820107e-10
1.24339550251e-09	8.23554904827e-11
1.24462896181e-09	-1.13475076557e-10
1.24586242111e-09	-3.15405007667e-10
1.24709588042e-09	-5.02134334113e-10
1.24832933972e-09	-6.48787412683e-10
1.24956279902e-09	-7.32094385114e-10
1.25079625832e-09	-7.35901839466e-10
1.25202971763e-09	-6.55750287404e-10
1.25326317693e-09	-5.01021557575e-10
1.25449663623e-09	-2.93790436423e-10
1.25573009553e-09	-6.41883143859e-11
1.25696355484e-09	1.56543070173e-10
1.25819701414e-09	3.43064271435e-10
1.25943047344e-09	4.80720074858e-10
1.26066393274e-09	5.66247715383e-10
1.26189739205e-09	6.04596595011e-10
1.26313085135e-09	6.03561700618e-10
1.26436431065e-09	5.68944891199e-10
1.26559776995e-09	5.02311803263e-10
1.26683122926e-09	4.02234912045e-10
1.26806468856e-09	2.67811356425e-10
1.26929814786e-09	1.02585495654e-10
1.27053160716e-09	-8.30300619925e-11
1.27176506647e-09	-2.71757449877e-10
1.27299852577e-09	-4.4180314962e-10
1.27423198507e-09	-5.70783698084e-10
1.27546544437e-09	-6.4015703849e-10
1.27669890368e-09	-6.39294617244e-10
1.27793236298e-09	-5.68272928714e-10
1.27916582228e-09	-4.38294567306e-10
1.28039928158e-09	-2.69546968079e-10
1.28163274089e-09	-8.64290167213e-11
1.28286620019e-09	8.82578940486e-11
1.28409965949e-09	2.38230046801e-10
1.28533311879e-09	3.55838386534e-10
1.2865665781e-09	4.40664116308e-10
1.2878000374e-09	4.95708474268e-10
1.2890334967e-09	5.23023846455e-10
1.290266956e-09	5.21318932467e-10
1.29150041531e-09	4.8629233973e-10
1.29273387461e-09	4.13412387656e-10
1.29396733391e-09	3.01519698098e-10
1.29520079322e-09	1.55512505651e-10
1.29643425252e-09	-1.27567184247e-11
1.29766771182e-09	-1.85593818092e-10
1.29890117112e-09	-3.4201766419e-10
1.30013463043e-09	-4.61273796937e-10
1.30136808973e-09	-5.26780730148e-10
1.30260154903e-09	-5.29756627454e-10
1.30383500833e-09	-4.71479855157e-10
1.30506846764e-09	-3.63351515542e-10
1.30630192694e-09	-2.23950358258e-10
1.30753538624e-09	-7.41990149877e-11
1.30876884554e-09	6.7933360326e-11
1.31000230485e-09	1.9085406866e-10
1.31123576415e-09	2.89939933173e-10
1.31246922345e-09	3.65171226591e-10
1.31370268275e-09	4.17699153044e-10
1.31493614206e-09	4.46961634371e-10
1.31616960136e-09	4.49870696251e-10
1.31740306066e-09	4.21982004895e-10
1.31863651996e-09	3.60014518197e-10
1.31986997927e-09	2.64273103401e-10
1.32110343857e-09	1.40355380096e-10
1.32233689787e-09	-5.68897576617e-13
1.32357035717e-09	-1.4278532523e-10
1.32480381648e-09	-2.68433303363e-10
1.32603727578e-09	-3.60831642343e-10
1.32727073508e-09	-4.08098194127e-10
1.32850419438e-09	-4.06085221005e-10
1.32973765369e-09	-3.59278745643e-10
1.33097111299e-09	-2.79275547133e-10
1.33220457229e-09	-1.81135009769e-10
1.33343803159e-09	-7.90117554716e-11
1.3346714909e-09	1.71601413634e-11
1.3359049502e-09	1.02695477122e-10
1.3371384095e-09	1.76925626927e-10
1.33837186881e-09	2.40446190736e-10
1.33960532811e-09	2.92535801139e-10
1.34083878741e-09	3.29700156065e-10
1.34207224671e-09	3.46106393545e-10
1.34330570602e-09	3.35327515755e-10
1.34453916532e-09	2.92992574646e-10
1.34577262462e-09	2.19155943393e-10
1.34700608392e-09	1.19711407454e-10
1.34823954323e-09	6.17326936098e-12
1.34947300253e-09	-1.06180550463e-10
1.35070646183e-09	-2.01555300228e-10
1.35193992113e-09	-2.67299460344e-10
1.35317338044e-09	-2.96748320361e-10
1.35440683974e-09	-2.90437202066e-10
1.35564029904e-09	-2.55094390056e-10
1.35687375834e-09	-2.00985561527e-10
1.35810721765e-09	-1.38519418158e-10
1.35934067695e-09	-7.55307830169e-11
1.36057413625e-09	-1.59233789349e-11
1.36180759555e-09	3.97819381603e-11
1.36304105486e-09	9.26870802331e-11
1.36427451416e-09	1.43194650581e-10
1.36550797346e-09	1.89283630436e-10
1.36674143276e-09	2.25982066393e-10
1.36797489207e-09	2.46422382499e-10
1.36920835137e-09	2.44067044353e-10
1.37044181067e-09	2.15402751191e-10
1.37167526997e-09	1.61842553248e-10
1.37290872928e-09	9.0201027203e-11
1.37414218858e-09	1.12797627141e-11
1.37537564788e-09	-6.28818108694e-11
1.37660910718e-09	-1.2202321098e-10
1.37784256649e-09	-1.59952134871e-10
1.37907602579e-09	-1.75295333804e-10
1.38030948509e-09	-1.70752981199e-10
1.3815429444e-09	-1.51336693177e-10
1.3827764037e-09	-1.22460194762e-10
1.384009863e-09	-8.84469095186e-11
1.3852433223e-09	-5.1943786078e-11
1.38647678161e-09	-1.4120115667e-11
1.38771024091e-09	2.44483339823e-11
1.38894370021e-09	6.26837609596e-11
1.39017715951e-09	9.81330225414e-11
1.39141061882e-09	1.26782945253e-10
1.39264407812e-09	1.43772216354e-10
1.39387753742e-09	1.44923531509e-10
1.39511099672e-09	1.2848429265e-10
1.39634445603e-09	9.63432320034e-11
1.39757791533e-09	5.40511420344e-11
1.39881137463e-09	9.4458503519e-12
1.40004483393e-09	-2.95613256096e-11
1.40127829324e-09	-5.71256306148e-11
1.40251175254e-09	-7.0775135752e-11
1.40374521184e-09	-7.13354306181e-11
1.40497867114e-09	-6.18964185461e-11
1.40621213045e-09	-4.63714344701e-11
1.40744558975e-09	-2.83809711843e-11
1.40867904905e-09	-1.07515003844e-11
1.40991250835e-09	4.48872276154e-12
1.41114596766e-09	1.586635337e-11
1.41237942696e-09	2.2361133778e-11
1.41361288626e-09	2.33427843027e-11
1.41484634556e-09	1.86528258117e-11
1.41607980487e-09	8.61396544372e-12
1.41731326417e-09	-5.9227627143e-12
1.41854672347e-09	-2.35528922754e-11
1.41978018277e-09	-4.21008575224e-11
1.42101364208e-09	-5.86528950408e-11
1.42224710138e-09	-6.97730068167e-11
1.42348056068e-09	-7.21726151065e-11
1.42471401999e-09	-6.36247166064e-11
1.42594747929e-09	-4.38006714232e-11
1.42718093859e-09	-1.45703709514e-11
1.42841439789e-09	2.03744972282e-11
1.4296478572e-09	5.64541365045e-11
1.4308813165e-09	8.91894474941e-11
1.4321147758e-09	1.14847374666e-10
1.4333482351e-09	1.30502067486e-10
1.43458169441e-09	1.33814653802e-10
1.43581515371e-09	1.2291019591e-10
1.43704861301e-09	9.67263630303e-11
1.43828207231e-09	5.56872048474e-11
1.43951553162e-09	2.45070023303e-12
1.44074899092e-09	-5.78264450213e-11
1.44198245022e-09	-1.18054122034e-10
1.44321590952e-09	-1.70315497816e-10
1.44444936883e-09	-2.07303535449e-10
1.44568282813e-09	-2.23535440158e-10
1.44691628743e-09	-2.16092740923e-10
1.44814974673e-09	-1.84864651365e-10
1.44938320604e-09	-1.32473546022e-10
1.45061666534e-09	-6.38981575984e-11
1.45185012464e-09	1.39697775917e-11
1.45308358394e-09	9.31944313387e-11
1.45431704325e-09	1.65685715148e-10
1.45555050255e-09	2.24350177325e-10
1.45678396185e-09	2.63792099275e-10
1.45801742115e-09	2.80614753656e-10
1.45925088046e-09	2.73170319698e-10
1.46048433976e-09	2.41245190491e-10
1.46171779906e-09	1.85960177812e-10
1.46295125836e-09	1.10164523337e-10
1.46418471767e-09	1.90689616875e-11
1.46541817697e-09	-7.94421889383e-11
1.46665163627e-09	-1.75231676391e-10
1.46788509558e-09	-2.57219717748e-10
1.46911855488e-09	-3.15263731787e-10
1.47035201418e-09	-3.41945499693e-10
1.47158547348e-09	-3.33736815961e-10
1.47281893279e-09	-2.91330209956e-10
1.47405239209e-09	-2.19165297022e-10
1.47528585139e-09	-1.24614818464e-10
1.47651931069e-09	-1.69667804112e-11
1.47775277e-09	9.34679833531e-11
1.4789862293e-09	1.96378538431e-10
1.4802196886e-09	2.82355500092e-10
1.4814531479e-09	3.43804235081e-10
1.48268660721e-09	3.75477954284e-10
1.48392006651e-09	3.74678621462e-10
1.48515352581e-09	3.41025208073e-10
1.48638698511e-09	2.76302536406e-10
1.48762044442e-09	1.84467899289e-10
1.48885390372e-09	7.19697287876e-11
1.49008736302e-09	-5.1932996098e-11
1.49132082232e-09	-1.75399403335e-10
1.49255428163e-09	-2.85105244968e-10
1.49378774093e-09	-3.68119867922e-10
1.49502120023e-09	-4.14148826344e-10
1.49625465953e-09	-4.17421652799e-10
1.49748811884e-09	-3.7759478877e-10
1.49872157814e-09	-2.99612362697e-10
1.49995503744e-09	-1.92541579902e-10
1.50118849674e-09	-6.81095041477e-11
1.50242195605e-09	6.0957516812e-11
1.50365541535e-09	1.82210871391e-10
1.50488887465e-09	2.84645751414e-10
1.50612233395e-09	3.59576174391e-10
1.50735579326e-09	4.01277844286e-10
1.50858925256e-09	4.07239436617e-10
1.50982271186e-09	3.77996384193e-10
1.51105617116e-09	3.16629555908e-10
1.51228963047e-09	2.2820748069e-10
1.51352308977e-09	1.19495330297e-10
1.51475654907e-09	-1.049305174e-12
1.51599000838e-09	-1.23225443738e-10
1.51722346768e-09	-2.35387431768e-10
1.51845692698e-09	-3.25536791967e-10
1.51969038628e-09	-3.83064829856e-10
1.52092384559e-09	-4.00748545459e-10
1.52215730489e-09	-3.76296382942e-10
1.52339076419e-09	-3.12827208582e-10
1.52462422349e-09	-2.18264697982e-10
1.5258576828e-09	-1.03756482572e-10
1.5270911421e-09	1.80716622222e-11
1.5283246014e-09	1.34829897247e-10
1.5295580607e-09	2.35604591392e-10
1.53079152001e-09	3.11876802161e-10
1.53202497931e-09	3.58073543039e-10
1.53325843861e-09	3.71822433953e-10
1.53449189791e-09	3.5374525531e-10
1.53572535722e-09	3.06905750813e-10
1.53695881652e-09	2.36059061187e-10
1.53819227582e-09	1.4702640494e-10
1.53942573512e-09	4.64986417426e-11
1.54065919443e-09	-5.77595783702e-11
1.54189265373e-09	-1.56736831847e-10
1.54312611303e-09	-2.40513803318e-10
1.54435957233e-09	-2.99409996796e-10
1.54559303164e-09	-3.25845128657e-10
1.54682649094e-09	-3.16178278004e-10
1.54805995024e-09	-2.71858341394e-10
1.54929340954e-09	-1.99297522929e-10
1.55052686885e-09	-1.08577494218e-10
1.55176032815e-09	-1.13844810315e-11
1.55299378745e-09	8.10624553593e-11
1.55422724675e-09	1.59591284632e-10
1.55546070606e-09	2.17925774648e-10
1.55669416536e-09	2.52860704597e-10
1.55792762466e-09	2.63923716215e-10
1.55916108397e-09	2.52754928098e-10
1.56039454327e-09	2.22366416947e-10
1.56162800257e-09	1.76402642493e-10
1.56286146187e-09	1.18661386272e-10
1.56409492118e-09	5.30521945818e-11
1.56532838048e-09	-1.61244195079e-11
1.56656183978e-09	-8.36703623053e-11
1.56779529908e-09	-1.43364042859e-10
1.56902875839e-09	-1.88418475267e-10
1.57026221769e-09	-2.12718787029e-10
1.57149567699e-09	-2.12407300082e-10
1.57272913629e-09	-1.87210247304e-10
1.5739625956e-09	-1.40940190074e-10
1.5751960549e-09	-8.07984651408e-11
1.5764295142e-09	-1.57854042337e-11
1.5776629735e-09	4.52934079131e-11
1.57889643281e-09	9.54953477406e-11
1.58012989211e-09	1.30627744732e-10
1.58136335141e-09	1.49267806449e-10
1.58259681071e-09	1.52155121835e-10
1.58383027002e-09	1.41378353469e-10
1.58506372932e-09	1.19662002529e-10
1.58629718862e-09	8.98867438814e-11
1.58753064792e-09	5.48792435107e-11
1.58876410723e-09	1.73473388432e-11
1.58999756653e-09	-2.00090066044e-11
1.59123102583e-09	-5.4328343907e-11
1.59246448513e-09	-8.24780937991e-11
1.59369794444e-09	-1.01140339159e-10
1.59493140374e-09	-1.07314906961e-10
1.59616486304e-09	-9.91316126409e-11
1.59739832234e-09	-7.67876803809e-11
1.59863178165e-09	-4.31162189285e-11
1.59986524095e-09	-3.40475369252e-12
1.60109870025e-09	3.56387107325e-11
1.60233215956e-09	6.74941907919e-11
1.60356561886e-09	8.73996083839e-11
1.60479907816e-09	9.32932620046e-11
1.60603253746e-09	8.58704288231e-11
1.60726599677e-09	6.78339051596e-11
1.60849945607e-09	4.28934422703e-11
1.60973291537e-09	1.48364827368e-11
1.61096637467e-09	-1.29167874313e-11
1.61219983398e-09	-3.75372684325e-11
1.61343329328e-09	-5.67500837989e-11
1.61466675258e-09	-6.89443849233e-11
1.61590021188e-09	-7.31722113456e-11
1.61713367119e-09	-6.9152253368e-11
1.61836713049e-09	-5.70851560466e-11
1.61960058979e-09	-3.75438187483e-11
1.62083404909e-09	-1.1502701569e-11
1.6220675084e-09	1.93619252575e-11
1.6233009677e-09	5.2286622948e-11
1.624534427e-09	8.33130994748e-11
1.6257678863e-09	1.07671351002e-10
1.62700134561e-09	1.20747953303e-10
1.62823480491e-09	1.19265777809e-10
1.62946826421e-09	1.02223077225e-10
1.63070172351e-09	7.11966874345e-11
1.63193518282e-09	2.99290731087e-11
1.63316864212e-09	-1.65461169072e-11
1.63440210142e-09	-6.2802311962e-11
1.63563556072e-09	-1.03728615974e-10
1.63686902003e-09	-1.34888197834e-10
1.63810247933e-09	-1.52839421674e-10
1.63933593863e-09	-1.55401205792e-10
1.64056939793e-09	-1.42031358896e-10
1.64180285724e-09	-1.13955921088e-10
1.64303631654e-09	-7.40327382731e-11
1.64426977584e-09	-2.62088632047e-11
1.64550323515e-09	2.50986609968e-11
1.64673669445e-09	7.55101883798e-11
1.64797015375e-09	1.20841892048e-10
1.64920361305e-09	1.57100624176e-10
1.65043707236e-09	1.80484696632e-10
1.65167053166e-09	1.87710375021e-10
1.65290399096e-09	1.76614903258e-10
1.65413745026e-09	1.46870834938e-10
1.65537090957e-09	1.00454013163e-10
1.65660436887e-09	4.16026449401e-11
1.65783782817e-09	-2.37081430876e-11
1.65907128747e-09	-8.8660877251e-11
1.66030474678e-09	-1.46435863435e-10
1.66153820608e-09	-1.90997384575e-10
1.66277166538e-09	-2.17612650122e-10
1.66400512468e-09	-2.23345147932e-10
1.66523858399e-09	-2.07405773112e-10
1.66647204329e-09	-1.71381353553e-10
1.66770550259e-09	-1.19043302993e-10
1.66893896189e-09	-5.58057905442e-11
1.6701724212e-09	1.21811796761e-11
1.6714058805e-09	7.88879309099e-11
1.6726393398e-09	1.39013731082e-10
1.6738727991e-09	1.8808220259e-10
1.67510625841e-09	2.22345919454e-10
1.67633971771e-09	2.38634140226e-10
1.67757317701e-09	2.34591124304e-10
1.67880663631e-09	2.09188666389e-10
1.68004009562e-09	1.63391036812e-10
1.68127355492e-09	1.00543663673e-10
1.68250701422e-09	2.62718215238e-11
1.68374047352e-09	-5.21557901034e-11
1.68497393283e-09	-1.26771274034e-10
1.68620739213e-09	-1.89914112214e-10
1.68744085143e-09	-2.35108377211e-10
1.68867431074e-09	-2.5773141954e-10
1.68990777004e-09	-2.55526044768e-10
1.69114122934e-09	-2.28876334551e-10
1.69237468864e-09	-1.80813405914e-10
1.69360814795e-09	-1.16576304166e-10
1.69484160725e-09	-4.27767821165e-11
1.69607506655e-09	3.36206514018e-11
1.69730852585e-09	1.06170010283e-10
1.69854198516e-09	1.69427624708e-10
1.69977544446e-09	2.18913012717e-10
1.70100890376e-09	2.5094412659e-10
1.70224236306e-09	2.62558447206e-10
1.70347582237e-09	2.51838105925e-10
1.70470928167e-09	2.18519438655e-10
1.70594274097e-09	1.64576824391e-10
1.70717620027e-09	9.44256409174e-11
1.70840965958e-09	1.45513063404e-11
1.70964311888e-09	-6.72599892448e-11
1.71087657818e-09	-1.42946585124e-10
1.71211003748e-09	-2.05103461992e-10
1.71334349679e-09	-2.47747961035e-10
1.71457695609e-09	-2.66917155045e-10
1.71581041539e-09	-2.61059257545e-10
1.71704387469e-09	-2.31229535519e-10
1.718277334e-09	-1.809160044e-10
1.7195107933e-09	-1.15481881002e-10
1.7207442526e-09	-4.13125436638e-11
1.7219777119e-09	3.50943510363e-11
1.72321117121e-09	1.07692368911e-10
1.72444463051e-09	1.71142253147e-10
1.72567808981e-09	2.20718318622e-10
1.72691154911e-09	2.52300125236e-10
1.72814500842e-09	2.62621063785e-10
1.72937846772e-09	2.49873122193e-10
1.73061192702e-09	2.1435078712e-10
1.73184538632e-09	1.58832322295e-10
1.73307884563e-09	8.8450281821e-11
1.73431230493e-09	1.00723865012e-11
1.73554576423e-09	-6.86184997711e-11
1.73677922354e-09	-1.40027420215e-10
1.73801268284e-09	-1.9744594848e-10
1.73924614214e-09	-2.3565799312e-10
1.74047960144e-09	-2.51430737341e-10
1.74171306075e-09	-2.43827874558e-10
1.74294652005e-09	-2.14279802235e-10
1.74417997935e-09	-1.66292465908e-10
1.74541343865e-09	-1.04848969784e-10
1.74664689796e-09	-3.56869950258e-11
1.74788035726e-09	3.53596492364e-11
1.74911381656e-09	1.02723371476e-10
1.75034727586e-09	1.61262891929e-10
1.75158073517e-09	2.06354336396e-10
1.75281419447e-09	2.34135100197e-10
1.75404765377e-09	2.41941744417e-10
1.75528111307e-09	2.28832133797e-10
1.75651457238e-09	1.95889582333e-10
1.75774803168e-09	1.46219758523e-10
1.75898149098e-09	8.4529765132e-11
1.76021495028e-09	1.65449529077e-11
1.76144840959e-09	-5.16278894636e-11
1.76268186889e-09	-1.1400873301e-10
1.76391532819e-09	-1.65191180179e-10
1.76514878749e-09	-2.00752151014e-10
1.7663822468e-09	-2.17699025473e-10
1.7676157061e-09	-2.14814499522e-10
1.7688491654e-09	-1.92798749188e-10
1.7700826247e-09	-1.54133275587e-10
1.77131608401e-09	-1.02663016976e-10
1.77254954331e-09	-4.31274078949e-11
1.77378300261e-09	1.93336041621e-11
1.77501646191e-09	7.95184126878e-11
1.77624992122e-09	1.32487229521e-10
1.77748338052e-09	1.73869210696e-10
1.77871683982e-09	2.00256436433e-10
1.77995029913e-09	2.09551875852e-10
1.78118375843e-09	2.01222066787e-10
1.78241721773e-09	1.76281655939e-10
1.78365067703e-09	1.37116193399e-10
1.78488413634e-09	8.71248281853e-11
1.78611759564e-09	3.04492785153e-11
1.78735105494e-09	-2.82926217177e-11
1.78858451424e-09	-8.42065930873e-11
1.78981797355e-09	-1.32444971657e-10
1.79105143285e-09	-1.68655117649e-10
1.79228489215e-09	-1.89506729753e-10
1.79351835145e-09	-1.93174518048e-10
1.79475181076e-09	-1.79564751956e-10
1.79598527006e-09	-1.50299994672e-10
1.79721872936e-09	-1.08418662936e-10
1.79845218866e-09	-5.79684390767e-11
1.79968564797e-09	-3.54975640895e-12
1.80091910727e-09	5.01212786552e-11
1.80215256657e-09	9.86255938029e-11
1.80338602587e-09	1.38180258902e-10
1.80461948518e-09	1.65927799278e-10
1.80585294448e-09	1.80054152144e-10
1.80708640378e-09	1.79794637511e-10
1.80831986308e-09	1.65325780843e-10
1.80955332239e-09	1.37679742607e-10
1.81078678169e-09	9.87021436805e-11
1.81202024099e-09	5.11271233683e-11
1.81325370029e-09	-1.38936453488e-12
1.8144871596e-09	-5.43607658887e-11
1.8157206189e-09	-1.02841492267e-10
1.8169540782e-09	-1.42011832849e-10
1.8181875375e-09	-1.67885538804e-10
1.81942099681e-09	-1.77931058776e-10
1.82065445611e-09	-1.71411690397e-10
1.82188791541e-09	-1.49432757834e-10
1.82312137472e-09	-1.14679647722e-10
1.82435483402e-09	-7.093530624e-11
1.82558829332e-09	-2.25061150272e-11
1.82682175262e-09	2.63233965875e-11
1.82805521193e-09	7.17627554603e-11
1.82928867123e-09	1.10733776315e-10
1.83052213053e-09	1.40902359225e-10
1.83175558983e-09	1.60533641935e-10
1.83298904914e-09	1.68332139894e-10
1.83422250844e-09	1.63384764051e-10
1.83545596774e-09	1.45335632418e-10
1.83668942704e-09	1.14705078769e-10
1.83792288635e-09	7.3244195431e-11
1.83915634565e-09	2.41140839935e-11
1.84038980495e-09	-2.824436518e-11
1.84162326425e-09	-7.85888298882e-11
1.84285672356e-09	-1.21635923556e-10
1.84409018286e-09	-1.52871423853e-10
1.84532364216e-09	-1.69242286852e-10
1.84655710146e-09	-1.69572134112e-10
1.84779056077e-09	-1.54580154232e-10
1.84902402007e-09	-1.26584548399e-10
1.85025747937e-09	-8.89440326945e-11
1.85149093867e-09	-4.53909826392e-11
1.85272439798e-09	5.05978071941e-13
1.85395785728e-09	4.56445437003e-11
1.85519131658e-09	8.73709715687e-11
1.85642477588e-09	1.23249840889e-10
1.85765823519e-09	1.50795417819e-10
1.85889169449e-09	1.67449262789e-10
1.86012515379e-09	1.70853928227e-10
1.86135861309e-09	1.59394358823e-10
1.8625920724e-09	1.3282944189e-10
1.8638255317e-09	9.27279156238e-11
1.865058991e-09	4.25442424346e-11
1.86629245031e-09	-1.26976562945e-11
1.86752590961e-09	-6.70939553915e-11
1.86875936891e-09	-1.14755725755e-10
1.86999282821e-09	-1.50726056636e-10
1.87122628752e-09	-1.71691383333e-10
1.87245974682e-09	-1.76391068418e-10
1.87369320612e-09	-1.65543370678e-10
1.87492666542e-09	-1.4138229476e-10
1.87616012473e-09	-1.0695645758e-10
1.87739358403e-09	-6.54252069188e-11
1.87862704333e-09	-1.96383048712e-11
1.87986050263e-09	2.78588957459e-11
1.88109396194e-09	7.45066924823e-11
1.88232742124e-09	1.17323761817e-10
1.88356088054e-09	1.52733131698e-10
1.88479433984e-09	1.76827566478e-10
1.88602779915e-09	1.86036769323e-10
1.88726125845e-09	1.77988096484e-10
1.88849471775e-09	1.5222767491e-10
1.88972817705e-09	1.10604442272e-10
1.89096163636e-09	5.7178262125e-11
1.89219509566e-09	-2.31991379232e-12
1.89342855496e-09	-6.13355824464e-11
1.89466201426e-09	-1.13486116338e-10
1.89589547357e-09	-1.53548229687e-10
1.89712893287e-09	-1.78155559749e-10
1.89836239217e-09	-1.86091086984e-10
1.89959585147e-09	-1.78058623401e-10
1.90082931078e-09	-1.56053323042e-10
1.90206277008e-09	-1.22599472241e-10
1.90329622938e-09	-8.02089367147e-11
1.90452968868e-09	-3.12695598581e-11
1.90576314799e-09	2.16572870748e-11
1.90699660729e-09	7.53309498114e-11
1.90823006659e-09	1.25567556353e-10
1.9094635259e-09	1.67393224282e-10
1.9106969852e-09	1.95734498054e-10
1.9119304445e-09	2.06400146974e-10
1.9131639038e-09	1.9704043952e-10
1.91439736311e-09	1.67773392401e-10
1.91563082241e-09	1.213287526e-10
1.91686428171e-09	6.26766208378e-11
1.91809774101e-09	-1.69314605739e-12
1.91933120032e-09	-6.47854686564e-11
1.92056465962e-09	-1.20104676204e-10
1.92179811892e-09	-1.62577576401e-10
1.92303157822e-09	-1.89089022218e-10
1.92426503753e-09	-1.98566732501e-10
1.92549849683e-09	-1.91572827046e-10
1.92673195613e-09	-1.69654373883e-10
1.92796541543e-09	-1.34745936631e-10
1.92919887474e-09	-8.89274279214e-11
1.93043233404e-09	-3.46195017098e-11
1.93166579334e-09	2.49534524988e-11
1.93289925264e-09	8.53933451728e-11
1.93413271195e-09	1.41156225597e-10
1.93536617125e-09	1.86127682711e-10
1.93659963055e-09	2.14643205987e-10
1.93783308985e-09	2.22573764974e-10
1.93906654916e-09	2.08225631182e-10
1.94030000846e-09	1.72716008162e-10
1.94153346776e-09	1.19868365234e-10
1.94276692706e-09	5.55786562606e-11
1.94400038637e-09	-1.30550292798e-11
1.94523384567e-09	-7.88054829726e-11
1.94646730497e-09	-1.35290348369e-10
1.94770076427e-09	-1.77730163919e-10
1.94893422358e-09	-2.03298586299e-10
1.95016768288e-09	-2.11034509312e-10
1.95140114218e-09	-2.01397537536e-10
1.95263460149e-09	-1.75724657048e-10
1.95386806079e-09	-1.35861141781e-10
1.95510152009e-09	-8.41463357326e-11
1.95633497939e-09	-2.3702770649e-11
1.9575684387e-09	4.12033671071e-11
1.958801898e-09	1.05054936972e-10
1.9600353573e-09	1.61463245552e-10
1.9612688166e-09	2.04018857364e-10
1.96250227591e-09	2.27396018682e-10
1.96373573521e-09	2.28369614885e-10
1.96496919451e-09	2.0645757326e-10
1.96620265381e-09	1.64013802539e-10
1.96743611312e-09	1.05847691723e-10
1.96866957242e-09	3.84308106172e-11
1.96990303172e-09	-3.10457493047e-11
1.97113649102e-09	-9.56603685154e-11
1.97236995033e-09	-1.4955950367e-10
1.97360340963e-09	-1.885107348e-10
1.97483686893e-09	-2.10056375072e-10
1.97607032823e-09	-2.13373235747e-10
1.97730378754e-09	-1.98909180793e-10
1.97853724684e-09	-1.68029520853e-10
1.97977070614e-09	-1.22834936667e-10
1.98100416544e-09	-6.6256715392e-11
1.98223762475e-09	-2.24767231737e-12
1.98347108405e-09	6.40364219984e-11
1.98470454335e-09	1.26451821236e-10
1.98593800265e-09	1.78451850519e-10
1.98717146196e-09	2.14057077619e-10
1.98840492126e-09	2.28892016452e-10
1.98963838056e-09	2.20998414013e-10
1.99087183986e-09	1.91206370181e-10
1.99210529917e-09	1.42955078331e-10
1.99333875847e-09	8.17070994197e-11
1.99457221777e-09	1.40903868434e-11
1.99580567707e-09	-5.30100720264e-11
1.99703913638e-09	-1.13254870759e-10
1.99827259568e-09	-1.61479399297e-10
1.99950605498e-09	-1.94048679902e-10
2.00073951429e-09	-2.0895654651e-10
2.00197297359e-09	-2.05705077971e-10
2.00320643289e-09	-1.85036388989e-10
2.00443989219e-09	-1.48722853477e-10
2.0056733515e-09	-9.94144419564e-11
2.0069068108e-09	-4.06929247243e-11
2.0081402701e-09	2.28755590859e-11
2.0093737294e-09	8.57845044999e-11
2.01060718871e-09	1.4194175002e-10
2.01184064801e-09	1.85350249038e-10
2.01307410731e-09	2.11025794061e-10
2.01430756661e-09	2.15870099574e-10
2.01554102592e-09	1.99255764666e-10
2.01677448522e-09	1.63130786657e-10
2.01800794452e-09	1.11656198176e-10
2.01924140382e-09	5.05106304005e-11
2.02047486313e-09	-1.39221177989e-11
2.02170832243e-09	-7.53316090063e-11
2.02294178173e-09	-1.28128840871e-10
2.02417524103e-09	-1.67892380554e-10
2.02540870034e-09	-1.91667473559e-10
2.02664215964e-09	-1.98038974109e-10
2.02787561894e-09	-1.87058118994e-10
2.02910907824e-09	-1.6003494363e-10
2.03034253755e-09	-1.19330254011e-10
2.03157599685e-09	-6.81863940311e-11
2.03280945615e-09	-1.06617189036e-11
2.03404291545e-09	4.84451229132e-11
2.03527637476e-09	1.03783641403e-10
2.03650983406e-09	1.4988578434e-10
2.03774329336e-09	1.81825873802e-10
2.03897675266e-09	1.96004365516e-10
2.04021021197e-09	1.9079453295e-10
2.04144367127e-09	1.6685260118e-10
2.04267713057e-09	1.26996538286e-10
2.04391058988e-09	7.57235871229e-11
2.04514404918e-09	1.85083198767e-11
2.04637750848e-09	-3.88961085562e-11
2.04761096778e-09	-9.10736625004e-11
2.04884442709e-09	-1.33419567061e-10
2.05007788639e-09	-1.62482735599e-10
2.05131134569e-09	-1.76180736666e-10
2.05254480499e-09	-1.73865907782e-10
2.0537782643e-09	-1.56256868555e-10
2.0550117236e-09	-1.25222970881e-10
2.0562451829e-09	-8.35514990527e-11
2.0574786422e-09	-3.47404154055e-11
2.05871210151e-09	1.71720363623e-11
2.05994556081e-09	6.77306197239e-11
2.06117902011e-09	1.12317023737e-10
2.06241247941e-09	1.46543097101e-10
2.06364593872e-09	1.66809413504e-10
2.06487939802e-09	1.70872219152e-10
2.06611285732e-09	1.58275975659e-10
2.06734631662e-09	1.30465444004e-10
2.06857977593e-09	9.05593239287e-11
2.06981323523e-09	4.28751582848e-11
2.07104669453e-09	-7.67507932209e-12
2.07228015383e-09	-5.61558403944e-11
2.07351361314e-09	-9.80752631885e-11
2.07474707244e-09	-1.29768390478e-10
2.07598053174e-09	-1.48669035416e-10
2.07721399104e-09	-1.53501239497e-10
2.07844745035e-09	-1.44326384177e-10
2.07968090965e-09	-1.22444984707e-10
2.08091436895e-09	-9.0162183275e-11
2.08214782825e-09	-5.04813101043e-11
2.08338128756e-09	-6.84248794777e-12
2.08461474686e-09	3.70786387704e-11
2.08584820616e-09	7.75351796656e-11
2.08708166547e-09	1.10894127214e-10
2.08831512477e-09	1.33949115688e-10
2.08954858407e-09	1.44314088457e-10
2.09078204337e-09	1.40832359663e-10
2.09201550268e-09	1.23817150977e-10
2.09324896198e-09	9.50876252737e-11
2.09448242128e-09	5.77087197473e-11
2.09571588058e-09	1.55691206455e-11
2.09694933989e-09	-2.71029917259e-11
2.09818279919e-09	-6.61941126912e-11
2.09941625849e-09	-9.80832914887e-11
2.10064971779e-09	-1.19947954347e-10
2.1018831771e-09	-1.30012015043e-10
2.1031166364e-09	-1.27714838705e-10
2.1043500957e-09	-1.13722219142e-10
2.105583555e-09	-8.9780037571e-11
2.10681701431e-09	-5.84164661088e-11
2.10805047361e-09	-2.25989383457e-11
2.10928393291e-09	1.45590119821e-11
2.11051739221e-09	4.99761412809e-11
2.11175085152e-09	8.07159547533e-11
2.11298431082e-09	1.04103746457e-10
2.11421777012e-09	1.17931192589e-10
2.11545122942e-09	1.20738266607e-10
2.11668468873e-09	1.12103173966e-10
2.11791814803e-09	9.27998650146e-11
2.11915160733e-09	6.47739431536e-11
2.12038506663e-09	3.09039530078e-11
2.12161852594e-09	-5.35083262421e-12
2.12285198524e-09	-4.03548930383e-11
2.12408544454e-09	-7.06767214198e-11
2.12531890384e-09	-9.34190780288e-11
2.12655236315e-09	-1.0652159016e-10
2.12778582245e-09	-1.08978111257e-10
2.12901928175e-09	-1.00944051729e-10
2.13025274106e-09	-8.36710006835e-11
2.13148620036e-09	-5.92536852917e-11
2.13271965966e-09	-3.02633924865e-11
2.13395311896e-09	5.91241899189e-13
2.13518657827e-09	3.07295335011e-11
2.13642003757e-09	5.77841038907e-11
2.13765349687e-09	7.96419527549e-11
2.13888695617e-09	9.44693281935e-11
2.14012041548e-09	1.00860028662e-10
2.14135387478e-09	9.80243247684e-11
2.14258733408e-09	8.60187962526e-11
2.14382079338e-09	6.5851678277e-11
2.14505425269e-09	3.94405792747e-11
2.14628771199e-09	9.42366931017e-12
2.14752117129e-09	-2.11497399455e-11
2.14875463059e-09	-4.9158770804e-11
2.1499880899e-09	-7.17593137689e-11
2.1512215492e-09	-8.67120195092e-11
2.1524550085e-09	-9.26491244835e-11
2.1536884678e-09	-8.92510856887e-11
2.15492192711e-09	-7.7257256148e-11
2.15615538641e-09	-5.82983869513e-11
2.15738884571e-09	-3.45852547989e-11
2.15862230501e-09	-8.54386960486e-12
2.15985576432e-09	1.74928613261e-11
2.16108922362e-09	4.14490386458e-11
2.16232268292e-09	6.1539398577e-11
2.16355614222e-09	7.62576043978e-11
2.16478960153e-09	8.43728698019e-11
2.16602306083e-09	8.50428269472e-11
2.16725652013e-09	7.79650441429e-11
2.16848997943e-09	6.3536446937e-11
2.16972343874e-09	4.29292053294e-11
2.17095689804e-09	1.80466926125e-11
2.17219035734e-09	-8.65189690724e-12
2.17342381665e-09	-3.44217952752e-11
