% time-domain current integration by openEMS v0.37.0-rc1-2-g7b051bb @Sat Aug  8 19:57:47 2026
% start-coordinates: (0.00417626,0.00263824,-0.000889) m -> [96,76,13]
% stop-coordinates: (0.00497213,0.00343411,-0.000889) m -> [107,87,13]
% t/s	current
6.70218128343e-14	0
1.27341444385e-12	0
2.47980707487e-12	0
3.68619970589e-12	0
4.8925923369e-12	0
6.09898496792e-12	0
7.30537759894e-12	0
8.51177022996e-12	0
9.71816286097e-12	0
1.0924555492e-11	0
1.2130948123e-11	0
1.3337340754e-11	0
1.4543733385e-11	0
1.57501260161e-11	0
1.69565186471e-11	0
1.81629112781e-11	0
1.93693039091e-11	0
2.05756965401e-11	0
2.17820891711e-11	0
2.29884818022e-11	0
2.41948744332e-11	0
2.54012670642e-11	0
2.66076596952e-11	0
2.78140523262e-11	0
2.90204449573e-11	0
3.02268375883e-11	0
3.14332302193e-11	0
3.26396228503e-11	0
3.38460154813e-11	0
3.50524081123e-11	0
3.62588007434e-11	0
3.74651933744e-11	0
3.86715860054e-11	0
3.98779786364e-11	0
4.10843712674e-11	0
4.22907638984e-11	0
4.34971565295e-11	-1.31557612711e-36
4.47035491605e-11	-3.47078321693e-34
4.59099417915e-11	-5.17041013885e-32
4.71163344225e-11	-5.66398542904e-30
4.83227270535e-11	-4.62291557166e-28
4.95291196845e-11	-2.84053681864e-26
5.07355123156e-11	-1.32624606867e-24
5.19419049466e-11	-4.74543600493e-23
5.31482975776e-11	-1.31150839175e-21
5.43546902086e-11	-2.82055664184e-20
5.55610828396e-11	-4.75442426387e-19
5.67674754706e-11	-6.32685469687e-18
5.79738681017e-11	-6.69593639962e-17
5.91802607327e-11	-5.67942526216e-16
6.03866533637e-11	-3.891457401e-15
6.15930459947e-11	-2.17092951959e-14
6.27994386257e-11	-9.92981670739e-14
6.40058312568e-11	-3.74125562344e-13
6.52122238878e-11	-1.16051981393e-12
6.64186165188e-11	-2.92870458787e-12
6.76250091498e-11	-5.767183172e-12
6.88314017808e-11	-7.57170628279e-12
7.00377944118e-11	-1.4855666339e-13
7.12441870429e-11	3.68518618399e-11
7.24505796739e-11	1.42500386491e-10
7.36569723049e-11	3.77388564843e-10
7.48633649359e-11	8.15286949063e-10
7.60697575669e-11	1.51326007281e-09
7.72761501979e-11	2.44931408488e-09
7.8482542829e-11	3.4240470459e-09
7.968893546e-11	3.94344334964e-09
8.0895328091e-11	3.13227710436e-09
8.2101720722e-11	-2.41036746118e-10
8.3308113353e-11	-7.53755546867e-09
8.4514505984e-11	-1.97631120358e-08
8.57208986151e-11	-3.68667656403e-08
8.69272912461e-11	-5.70149474299e-08
8.81336838771e-11	-7.61819336503e-08
8.93400765081e-11	-8.8438959267e-08
9.05464691391e-11	-8.71694894045e-08
9.17528617702e-11	-6.70876332265e-08
9.29592544012e-11	-2.6502627648e-08
9.41656470322e-11	3.10515027024e-08
9.53720396632e-11	9.67019602172e-08
9.65784322942e-11	1.58071358669e-07
9.77848249252e-11	2.02691168738e-07
9.89912175563e-11	2.21831626845e-07
1.00197610187e-10	2.13233633417e-07
1.01404002818e-10	1.81577391345e-07
1.02610395449e-10	1.36468926826e-07
1.0381678808e-10	8.88428033363e-08
1.05023180711e-10	4.73821906155e-08
1.06229573342e-10	1.64452647056e-08
1.07435965973e-10	-3.87853482664e-09
1.08642358604e-10	-1.60551891781e-08
1.09848751235e-10	-2.29419203635e-08
1.11055143866e-10	-2.63750177254e-08
1.12261536497e-10	-2.70625282184e-08
1.13467929128e-10	-2.54421035351e-08
1.14674321759e-10	-2.26430145744e-08
1.1588071439e-10	-2.07709227595e-08
1.17087107022e-10	-2.22958878027e-08
1.18293499653e-10	-2.89055890335e-08
1.19499892284e-10	-4.05286932903e-08
1.20706284915e-10	-5.51003047633e-08
1.21912677546e-10	-6.92007375847e-08
1.23119070177e-10	-7.92102881064e-08
1.24325462808e-10	-8.24360384399e-08
1.25531855439e-10	-7.77631257165e-08
1.2673824807e-10	-6.56729781667e-08
1.27944640701e-10	-4.78172985652e-08
1.29151033332e-10	-2.65054076465e-08
1.30357425963e-10	-4.37003189191e-09
1.31563818594e-10	1.58023105712e-08
1.32770211225e-10	3.12447632211e-08
1.33976603856e-10	3.95900414674e-08
1.35182996487e-10	3.94739068099e-08
1.36389389118e-10	3.11394856567e-08
1.37595781749e-10	1.66525762069e-08
1.3880217438e-10	-5.08198094717e-10
1.40008567011e-10	-1.64227795807e-08
1.41214959642e-10	-2.79140941473e-08
1.42421352273e-10	-3.34669429947e-08
1.43627744904e-10	-3.35031558052e-08
1.44834137535e-10	-2.99435676254e-08
1.46040530166e-10	-2.53035867814e-08
1.47246922797e-10	-2.16943121245e-08
1.48453315428e-10	-2.01002539058e-08
1.49659708059e-10	-2.01609005046e-08
1.5086610069e-10	-2.04652561564e-08
1.52072493321e-10	-1.91916491588e-08
1.53278885952e-10	-1.48822936197e-08
1.54485278583e-10	-7.11619074778e-09
1.55691671214e-10	3.16088488717e-09
1.56898063845e-10	1.37855789006e-08
1.58104456476e-10	2.19920899269e-08
1.59310849107e-10	2.53340992629e-08
1.60517241738e-10	2.26203251685e-08
1.61723634369e-10	1.44816292291e-08
1.62930027e-10	3.30688698646e-09
1.64136419631e-10	-7.48137374273e-09
1.65342812262e-10	-1.45798519924e-08
1.66549204893e-10	-1.59630832997e-08
1.67755597524e-10	-1.1572483416e-08
1.68961990155e-10	-3.25881854835e-09
1.70168382786e-10	5.96958082966e-09
1.71374775417e-10	1.30663533326e-08
1.72581168048e-10	1.59841082592e-08
1.73787560679e-10	1.42562130989e-08
1.7499395331e-10	8.95553942115e-09
1.76200345941e-10	2.1420896168e-09
1.77406738572e-10	-3.929188086e-09
1.78613131203e-10	-7.51774287266e-09
1.79819523834e-10	-7.83791165304e-09
1.81025916465e-10	-5.15084153108e-09
1.82232309096e-10	-5.63844915202e-10
1.83438701727e-10	4.35591784864e-09
1.84645094358e-10	8.01606692136e-09
1.8585148699e-10	9.2062695245e-09
1.87057879621e-10	7.40504946251e-09
1.88264272252e-10	2.91249846462e-09
1.89470664883e-10	-3.23167603788e-09
1.90677057514e-10	-9.52079304284e-09
1.91883450145e-10	-1.43772771466e-08
1.93089842776e-10	-1.65586726553e-08
1.94296235407e-10	-1.54490891191e-08
1.95502628038e-10	-1.11685345416e-08
1.96709020669e-10	-4.50567450017e-09
1.979154133e-10	3.27364957364e-09
1.99121805931e-10	1.06760795759e-08
2.00328198562e-10	1.62391700087e-08
2.01534591193e-10	1.87925373041e-08
2.02740983824e-10	1.77082188912e-08
2.03947376455e-10	1.30921602448e-08
2.05153769086e-10	5.84046810914e-09
2.06360161717e-10	-2.50099541077e-09
2.07566554348e-10	-1.00841548445e-08
2.08772946979e-10	-1.52471208992e-08
2.0997933961e-10	-1.69943863426e-08
2.11185732241e-10	-1.52930237363e-08
2.12392124872e-10	-1.10620890226e-08
2.13598517503e-10	-5.85183812518e-09
2.14804910134e-10	-1.30845989599e-09
2.16011302765e-10	1.38868272437e-09
2.17217695396e-10	1.9097794457e-09
2.18424088027e-10	8.2903356402e-10
2.19630480658e-10	-6.576364453e-10
2.20836873289e-10	-1.25129440143e-09
2.2204326592e-10	-9.985599847e-11
2.23249658551e-10	2.84731371814e-09
2.24456051182e-10	6.81004763692e-09
2.25662443813e-10	1.0474763279e-08
2.26868836444e-10	1.25029044895e-08
2.28075229075e-10	1.20504255463e-08
2.29281621706e-10	9.08834074664e-09
2.30488014337e-10	4.41419611974e-09
2.31694406968e-10	-6.38738506531e-10
2.32900799599e-10	-4.68469130155e-09
2.3410719223e-10	-6.76624756224e-09
2.35313584861e-10	-6.65376997944e-09
2.36519977492e-10	-4.86308238123e-09
2.37726370123e-10	-2.40342079572e-09
2.38932762754e-10	-3.5681266275e-10
2.40139155385e-10	5.27580479304e-10
2.41345548016e-10	7.73356517714e-11
2.42551940647e-10	-1.29614974309e-09
2.43758333278e-10	-2.81098211374e-09
2.44964725909e-10	-3.65269436919e-09
2.4617111854e-10	-3.29359139961e-09
2.47377511171e-10	-1.67594482736e-09
2.48583903802e-10	7.92457155452e-10
2.49790296433e-10	3.41225470102e-09
2.50996689064e-10	5.45436895649e-09
2.52203081695e-10	6.39972341787e-09
2.53409474326e-10	6.06916694679e-09
2.54615866957e-10	4.60511673239e-09
2.55822259589e-10	2.34954145029e-09
2.5702865222e-10	-3.0510752258e-10
2.58235044851e-10	-3.0161035891e-09
2.59441437482e-10	-5.50582868186e-09
2.60647830113e-10	-7.50913820013e-09
2.61854222744e-10	-8.72843575195e-09
2.63060615375e-10	-8.85615936141e-09
2.64267008006e-10	-7.66892505055e-09
2.65473400637e-10	-5.16096232417e-09
2.66679793268e-10	-1.64115465662e-09
2.67886185899e-10	2.27734542335e-09
2.6909257853e-10	5.81228665197e-09
2.70298971161e-10	8.22161183578e-09
2.71505363792e-10	9.01527741348e-09
2.72711756423e-10	8.08956368559e-09
2.73918149054e-10	5.73319391961e-09
2.75124541685e-10	2.51808507379e-09
2.76330934316e-10	-8.83665474127e-10
2.77537326947e-10	-3.8885170639e-09
2.78743719578e-10	-6.14315132097e-09
2.79950112209e-10	-7.57309948085e-09
2.8115650484e-10	-8.34245117431e-09
2.82362897471e-10	-8.7329237175e-09
2.83569290102e-10	-8.98880703204e-09
2.84775682733e-10	-9.18359344126e-09
2.85982075364e-10	-9.1698124649e-09
2.87188467995e-10	-8.64170690562e-09
2.88394860626e-10	-7.29601090654e-09
2.89601253257e-10	-5.0268225138e-09
2.90807645888e-10	-2.06159778138e-09
2.92014038519e-10	1.03630881654e-09
2.9322043115e-10	3.52213702648e-09
2.94426823781e-10	4.72570871324e-09
2.95633216412e-10	4.29994795326e-09
2.96839609043e-10	2.35404096216e-09
2.98046001674e-10	-5.8641413947e-10
2.99252394305e-10	-3.7661083141e-09
3.00458786936e-10	-6.45044551106e-09
3.01665179567e-10	-8.13494871466e-09
3.02871572198e-10	-8.64436877634e-09
3.04077964829e-10	-8.10337663637e-09
3.0528435746e-10	-6.81915457434e-09
3.06490750091e-10	-5.14320408485e-09
3.07697142722e-10	-3.36412164792e-09
3.08903535353e-10	-1.66336211471e-09
3.10109927984e-10	-1.30028765533e-10
3.11316320615e-10	1.19348297911e-09
3.12522713246e-10	2.26731988739e-09
3.13729105877e-10	3.03286684655e-09
3.14935498508e-10	3.41925798786e-09
3.16141891139e-10	3.37279315588e-09
3.1734828377e-10	2.88448775976e-09
3.18554676401e-10	1.99994132366e-09
3.19761069032e-10	8.05343847166e-10
3.20967461663e-10	-5.98383398387e-10
3.22173854294e-10	-2.12028172797e-09
3.23380246925e-10	-3.68255781424e-09
3.24586639556e-10	-5.19548226663e-09
3.25793032188e-10	-6.52140519364e-09
3.26999424819e-10	-7.45783612643e-09
3.2820581745e-10	-7.76309594386e-09
3.29412210081e-10	-7.22657178542e-09
3.30618602712e-10	-5.76562753096e-09
3.31824995343e-10	-3.49736639649e-09
3.33031387974e-10	-7.44013017862e-10
3.34237780605e-10	2.03720662562e-09
3.35444173236e-10	4.37908775908e-09
3.36650565867e-10	5.93842397478e-09
3.37856958498e-10	6.57829746231e-09
3.39063351129e-10	6.36883035199e-09
3.4026974376e-10	5.52080070548e-09
3.41476136391e-10	4.28371604855e-09
3.42682529022e-10	2.85539547562e-09
3.43888921653e-10	1.34428357335e-09
3.45095314284e-10	-2.09371062154e-10
3.46301706915e-10	-1.77901271492e-09
3.47508099546e-10	-3.28840243924e-09
3.48714492177e-10	-4.57326265746e-09
3.49920884808e-10	-5.3918185472e-09
3.51127277439e-10	-5.48529266453e-09
3.5233367007e-10	-4.66942795541e-09
3.53540062701e-10	-2.9299767057e-09
3.54746455332e-10	-4.83348305824e-10
3.55952847963e-10	2.2297208524e-09
3.57159240594e-10	4.63224258951e-09
3.58365633225e-10	6.16704820544e-09
3.59572025856e-10	6.47149356325e-09
3.60778418487e-10	5.50427747825e-09
3.61984811118e-10	3.57297103015e-09
3.63191203749e-10	1.23835031118e-09
3.6439759638e-10	-8.76252237436e-10
3.65603989011e-10	-2.29273799945e-09
3.66810381642e-10	-2.82541101626e-09
3.68016774273e-10	-2.61536947654e-09
3.69223166904e-10	-2.0376436094e-09
3.70429559535e-10	-1.52701962186e-09
3.71635952166e-10	-1.40062184073e-09
3.72842344797e-10	-1.7420218601e-09
3.74048737428e-10	-2.37950703585e-09
3.75255130059e-10	-2.96823254864e-09
3.7646152269e-10	-3.13193271317e-09
3.77667915321e-10	-2.60717136769e-09
3.78874307952e-10	-1.34257649442e-09
3.80080700583e-10	4.74978500975e-10
3.81287093214e-10	2.47556286581e-09
3.82493485845e-10	4.21042489762e-09
3.83699878476e-10	5.26979837545e-09
3.84906271107e-10	5.38646904857e-09
3.86112663738e-10	4.49798109869e-09
3.87319056369e-10	2.75807621186e-09
3.88525449e-10	5.02368147082e-10
3.89731841631e-10	-1.82060200249e-09
3.90938234262e-10	-3.74412501003e-09
3.92144626893e-10	-4.88341012073e-09
3.93351019524e-10	-5.02348074249e-09
3.94557412156e-10	-4.1724215194e-09
3.95763804787e-10	-2.55894017087e-09
3.96970197418e-10	-5.7390231456e-10
3.98176590049e-10	1.33432465077e-09
3.9938298268e-10	2.78087286532e-09
4.00589375311e-10	3.54277029935e-09
4.01795767942e-10	3.60131346966e-09
4.03002160573e-10	3.1198685857e-09
4.04208553204e-10	2.36374564366e-09
4.05414945835e-10	1.59403512612e-09
4.06621338466e-10	9.79429537473e-10
4.07827731097e-10	5.5497445528e-10
4.09034123728e-10	2.3663349058e-10
4.10240516359e-10	-1.1667947164e-10
4.1144690899e-10	-6.24574114649e-10
4.12653301621e-10	-1.3243542929e-09
4.13859694252e-10	-2.14840190083e-09
4.15066086883e-10	-2.94651703037e-09
4.16272479514e-10	-3.53889983984e-09
4.17478872145e-10	-3.77670472673e-09
4.18685264776e-10	-3.58513640997e-09
4.19891657407e-10	-2.97862778886e-09
4.21098050038e-10	-2.04341499277e-09
4.22304442669e-10	-9.05716390776e-10
4.235108353e-10	3.01026314986e-10
4.24717227931e-10	1.45316347844e-09
4.25923620562e-10	2.43698727864e-09
4.27130013193e-10	3.14177794891e-09
4.28336405824e-10	3.46257955641e-09
4.29542798455e-10	3.31720784175e-09
4.30749191086e-10	2.67507194174e-09
4.31955583717e-10	1.59006530165e-09
4.33161976348e-10	2.14068582305e-10
4.34368368979e-10	-1.22067655983e-09
4.3557476161e-10	-2.44796383164e-09
4.36781154241e-10	-3.23080051601e-09
4.37987546872e-10	-3.42376349494e-09
4.39193939503e-10	-3.01200486774e-09
4.40400332134e-10	-2.11415507323e-09
4.41606724765e-10	-9.52194989523e-10
4.42813117396e-10	2.05957667587e-10
4.44019510027e-10	1.11383580137e-09
4.45225902658e-10	1.60524848969e-09
4.46432295289e-10	1.62819002725e-09
4.4763868792e-10	1.24767907117e-09
4.48845080551e-10	6.15660800118e-10
4.50051473182e-10	-8.08333122659e-11
4.51257865813e-10	-6.77410738614e-10
4.52464258444e-10	-1.07874265076e-09
4.53670651075e-10	-1.27707178166e-09
4.54877043706e-10	-1.34189681589e-09
4.56083436337e-10	-1.38329325772e-09
4.57289828968e-10	-1.50133228072e-09
4.58496221599e-10	-1.74203496073e-09
4.5970261423e-10	-2.07538985997e-09
4.60909006861e-10	-2.40145725527e-09
4.62115399492e-10	-2.58347232496e-09
4.63321792123e-10	-2.4986603897e-09
4.64528184755e-10	-2.08348338582e-09
4.65734577386e-10	-1.35961086833e-09
4.66940970017e-10	-4.32203273171e-10
4.68147362648e-10	5.38668110117e-10
4.69353755279e-10	1.38170430652e-09
4.7056014791e-10	1.95534410885e-09
4.71766540541e-10	2.17566920035e-09
4.72972933172e-10	2.02802685756e-09
4.74179325803e-10	1.56095369963e-09
4.75385718434e-10	8.71724969986e-10
4.76592111065e-10	8.64340404805e-11
4.77798503696e-10	-6.6389477249e-10
4.79004896327e-10	-1.26659738253e-09
4.80211288958e-10	-1.64658764401e-09
4.81417681589e-10	-1.77751835473e-09
4.8262407422e-10	-1.68087932462e-09
4.83830466851e-10	-1.4140733029e-09
4.85036859482e-10	-1.05283703977e-09
4.86243252113e-10	-6.72900901666e-10
4.87449644744e-10	-3.34736294239e-10
4.88656037375e-10	-7.91077828244e-11
4.89862430006e-10	7.5847259029e-11
4.91068822637e-10	1.33869137997e-10
4.92275215268e-10	1.17877180239e-10
4.93481607899e-10	6.37175173734e-11
4.9468800053e-10	1.33210664721e-11
4.95894393161e-10	1.71256411829e-12
4.97100785792e-10	4.41655392813e-11
4.98307178423e-10	1.31028909944e-10
4.99513571054e-10	2.28130833668e-10
5.00719963685e-10	2.8945634778e-10
5.01926356316e-10	2.76378309128e-10
5.03132748947e-10	1.74280506693e-10
5.04339141578e-10	-1.34459630929e-12
5.05545534209e-10	-2.07070180447e-10
5.0675192684e-10	-3.8612016362e-10
5.07958319471e-10	-4.88488471895e-10
5.09164712102e-10	-4.85678608442e-10
5.10371104733e-10	-3.80887321683e-10
5.11577497364e-10	-2.07500780447e-10
5.12783889995e-10	-1.74587878876e-11
5.13990282626e-10	1.36683692142e-10
5.15196675257e-10	2.20199136702e-10
5.16403067888e-10	2.30071836582e-10
5.17609460519e-10	1.9637873272e-10
5.1881585315e-10	1.6688886384e-10
5.20022245781e-10	1.83545803556e-10
5.21228638412e-10	2.56928339715e-10
5.22435031043e-10	3.56362744869e-10
5.23641423674e-10	4.19487694581e-10
5.24847816305e-10	3.81402576188e-10
5.26054208936e-10	2.09837813792e-10
5.27260601567e-10	-6.94005686253e-11
5.28466994198e-10	-3.74196063024e-10
5.29673386829e-10	-5.94498339446e-10
5.3087977946e-10	-6.3598465383e-10
5.32086172091e-10	-4.63297455955e-10
5.33292564722e-10	-1.20793472447e-10
5.34498957354e-10	2.80329065516e-10
5.35705349985e-10	6.00912875015e-10
5.36911742616e-10	7.2503975046e-10
5.38118135247e-10	6.03836980417e-10
5.39324527878e-10	2.75217071355e-10
5.40530920509e-10	-1.49670401073e-10
5.4173731314e-10	-5.26033550052e-10
5.42943705771e-10	-7.27942650602e-10
5.44150098402e-10	-6.91553314613e-10
5.45356491033e-10	-4.34520835979e-10
5.46562883664e-10	-4.54659920823e-11
5.47769276295e-10	3.50976109287e-10
5.48975668926e-10	6.39243991074e-10
5.50182061557e-10	7.51018025547e-10
5.51388454188e-10	6.80848655232e-10
5.52594846819e-10	4.78345640875e-10
5.5380123945e-10	2.22437943065e-10
5.55007632081e-10	-8.17161963096e-12
5.56214024712e-10	-1.57326152106e-10
5.57420417343e-10	-2.02030850383e-10
5.58626809974e-10	-1.50343959504e-10
5.59833202605e-10	-3.16988726934e-11
5.61039595236e-10	1.14340141522e-10
5.62245987867e-10	2.45884645977e-10
5.63452380498e-10	3.24990312439e-10
5.64658773129e-10	3.21810328385e-10
5.6586516576e-10	2.17661708102e-10
5.67071558391e-10	1.02139824376e-11
5.68277951022e-10	-2.83469331341e-10
5.69484343653e-10	-6.24725660092e-10
5.70690736284e-10	-9.56677959074e-10
5.71897128915e-10	-1.2113197112e-09
5.73103521546e-10	-1.32406241526e-09
5.74309914177e-10	-1.24911869737e-09
5.75516306808e-10	-9.74904601492e-10
5.76722699439e-10	-5.32024424515e-10
5.7792909207e-10	9.80253378469e-12
5.79135484701e-10	5.55045953643e-10
5.80341877332e-10	1.00547226101e-09
5.81548269963e-10	1.28671895361e-09
5.82754662594e-10	1.36814748419e-09
5.83961055225e-10	1.26762456087e-09
5.85167447856e-10	1.04383079957e-09
5.86373840487e-10	7.7328521364e-10
5.87580233118e-10	5.21492071748e-10
5.88786625749e-10	3.21962734251e-10
5.8999301838e-10	1.69102454262e-10
5.91199411011e-10	2.71229566584e-11
5.92405803642e-10	-1.4750850541e-10
5.93612196273e-10	-3.78822528901e-10
5.94818588904e-10	-6.55349552403e-10
5.96024981535e-10	-9.30423071921e-10
5.97231374166e-10	-1.13945664015e-09
5.98437766797e-10	-1.22653875945e-09
5.99644159428e-10	-1.16784448778e-09
6.00850552059e-10	-9.80880487944e-10
6.0205694469e-10	-7.14382830669e-10
6.03263337321e-10	-4.25810026128e-10
6.04469729953e-10	-1.58320856425e-10
6.05676122584e-10	7.06577088505e-11
6.06882515215e-10	2.64770427805e-10
6.08088907846e-10	4.32237745596e-10
6.09295300477e-10	5.69419622565e-10
6.10501693108e-10	6.55091481061e-10
6.11708085739e-10	6.57337906329e-10
6.1291447837e-10	5.50886780637e-10
6.14120871001e-10	3.36539768275e-10
6.15327263632e-10	4.85792239768e-11
6.16533656263e-10	-2.52022430702e-10
6.17740048894e-10	-4.97451468906e-10
6.18946441525e-10	-6.36744157401e-10
6.20152834156e-10	-6.54766352248e-10
6.21359226787e-10	-5.75452019369e-10
6.22565619418e-10	-4.48931058994e-10
6.23772012049e-10	-3.27183724558e-10
6.2497840468e-10	-2.37953656779e-10
6.26184797311e-10	-1.71634664814e-10
6.27391189942e-10	-8.73083827457e-11
6.28597582573e-10	6.14064146753e-11
6.29803975204e-10	2.93380875149e-10
6.31010367835e-10	5.75797576285e-10
6.32216760466e-10	8.24772805608e-10
6.33423153097e-10	9.32883992277e-10
6.34629545728e-10	8.15230660756e-10
6.35835938359e-10	4.5415199379e-10
6.3704233099e-10	-8.22296189473e-11
6.38248723621e-10	-6.57333298903e-10
6.39455116252e-10	-1.11326303731e-09
6.40661508883e-10	-1.32852318036e-09
6.41867901514e-10	-1.26269616985e-09
6.43074294145e-10	-9.66253965728e-10
6.44280686776e-10	-5.54613632797e-10
6.45487079407e-10	-1.60399374338e-10
6.46693472038e-10	1.15340174911e-10
6.47899864669e-10	2.33110808434e-10
6.491062573e-10	2.16904605388e-10
6.50312649931e-10	1.30887495287e-10
6.51519042562e-10	4.61258461981e-11
6.52725435193e-10	1.01968867378e-11
6.53931827824e-10	3.27944373046e-11
6.55138220455e-10	8.9063298403e-11
6.56344613086e-10	1.37912486986e-10
6.57551005717e-10	1.44973866245e-10
6.58757398348e-10	9.89164167242e-11
6.59963790979e-10	1.48358530322e-11
6.6117018361e-10	-7.50256662352e-11
6.62376576241e-10	-1.38998410004e-10
6.63582968872e-10	-1.62622929012e-10
6.64789361503e-10	-1.5461693037e-10
6.65995754134e-10	-1.39275910249e-10
6.67202146765e-10	-1.39968939217e-10
6.68408539396e-10	-1.6112863821e-10
6.69614932027e-10	-1.81445650171e-10
6.70821324658e-10	-1.62308291807e-10
6.72027717289e-10	-6.82460754575e-11
6.73234109921e-10	1.10860293168e-10
6.74440502552e-10	3.47260747935e-10
6.75646895183e-10	5.80553438656e-10
6.76853287814e-10	7.39499128599e-10
6.78059680445e-10	7.68514585303e-10
6.79266073076e-10	6.47989051306e-10
6.80472465707e-10	3.99167671139e-10
6.81678858338e-10	7.26130405804e-11
6.82885250969e-10	-2.70527128476e-10
6.840916436e-10	-5.77039471761e-10
6.85298036231e-10	-8.10465916601e-10
6.86504428862e-10	-9.50199474659e-10
6.87710821493e-10	-9.85063475234e-10
6.88917214124e-10	-9.09278263794e-10
6.90123606755e-10	-7.22466919623e-10
6.91329999386e-10	-4.35737612658e-10
6.92536392017e-10	-8.04427774392e-11
6.93742784648e-10	2.89190560387e-10
6.94949177279e-10	6.02165206587e-10
6.9615556991e-10	7.8717904417e-10
6.97361962541e-10	7.95052967906e-10
6.98568355172e-10	6.20847095956e-10
6.99774747803e-10	3.12832898475e-10
7.00981140434e-10	-3.5754049027e-11
7.02187533065e-10	-3.12447845374e-10
7.03393925696e-10	-4.22928359001e-10
7.04600318327e-10	-3.25374560628e-10
7.05806710958e-10	-4.9283327419e-11
7.07013103589e-10	3.11489611882e-10
7.0821949622e-10	6.29708285516e-10
7.09425888851e-10	7.9081374782e-10
7.10632281482e-10	7.3432432357e-10
7.11838674113e-10	4.76283956719e-10
7.13045066744e-10	1.02292917192e-10
7.14251459375e-10	-2.66461214204e-10
7.15457852006e-10	-5.18244225312e-10
7.16664244637e-10	-5.90443194337e-10
7.17870637268e-10	-4.87296203389e-10
7.19077029899e-10	-2.70505617905e-10
7.2028342253e-10	-2.82873065249e-11
7.21489815161e-10	1.59665738964e-10
7.22696207792e-10	2.48145587411e-10
7.23902600423e-10	2.34147840006e-10
7.25108993054e-10	1.45304129839e-10
7.26315385685e-10	1.91109680164e-11
7.27521778316e-10	-1.15552206692e-10
7.28728170947e-10	-2.45981984781e-10
7.29934563578e-10	-3.70529162907e-10
7.31140956209e-10	-4.85396056682e-10
7.3234734884e-10	-5.73373959423e-10
7.33553741471e-10	-6.03615213368e-10
7.34760134102e-10	-5.42094091838e-10
7.35966526733e-10	-3.69343278184e-10
7.37172919364e-10	-9.59724869021e-11
7.38379311995e-10	2.32071570294e-10
7.39585704626e-10	5.44609579656e-10
7.40792097257e-10	7.70154273688e-10
7.41998489888e-10	8.60749582721e-10
7.4320488252e-10	8.0925266488e-10
7.44411275151e-10	6.50933418278e-10
7.45617667782e-10	4.49557030491e-10
7.46824060413e-10	2.72166955639e-10
7.48030453044e-10	1.63937280417e-10
7.49236845675e-10	1.3330740678e-10
7.50443238306e-10	1.5258098951e-10
7.51649630937e-10	1.73303982276e-10
7.52856023568e-10	1.47988135635e-10
7.54062416199e-10	4.99880623006e-11
7.5526880883e-10	-1.19460358272e-10
7.56475201461e-10	-3.34803434976e-10
7.57681594092e-10	-5.59819413049e-10
7.58887986723e-10	-7.61853358178e-10
7.60094379354e-10	-9.1938040514e-10
7.61300771985e-10	-1.01990293988e-09
7.62507164616e-10	-1.0516743032e-09
7.63713557247e-10	-9.97986027151e-10
7.64919949878e-10	-8.37502900364e-10
7.66126342509e-10	-5.55793300272e-10
7.6733273514e-10	-1.59902618924e-10
7.68539127771e-10	3.09343967109e-10
7.69745520402e-10	7.78998643369e-10
7.70951913033e-10	1.16050735688e-09
7.72158305664e-10	1.37648326071e-09
7.73364698295e-10	1.38755562595e-09
7.74571090926e-10	1.20620846644e-09
7.75777483557e-10	8.91465845587e-10
7.76983876188e-10	5.25740895263e-10
7.78190268819e-10	1.8642987154e-10
7.7939666145e-10	-7.81313416742e-11
7.80603054081e-10	-2.586305059e-10
7.81809446712e-10	-3.76688014114e-10
7.83015839343e-10	-4.66780225583e-10
7.84222231974e-10	-5.55639589894e-10
7.85428624605e-10	-6.49584608325e-10
7.86635017236e-10	-7.32356064681e-10
7.87841409867e-10	-7.75040143175e-10
7.89047802498e-10	-7.49709905268e-10
7.90254195129e-10	-6.41926012346e-10
7.9146058776e-10	-4.57277382626e-10
7.92666980391e-10	-2.20258533634e-10
7.93873373022e-10	3.34107255751e-11
7.95079765653e-10	2.67683875066e-10
7.96286158284e-10	4.53718090876e-10
7.97492550915e-10	5.73141589744e-10
7.98698943546e-10	6.16889705984e-10
7.99905336177e-10	5.81792281018e-10
8.01111728808e-10	4.68309058199e-10
8.02318121439e-10	2.81701134641e-10
8.0352451407e-10	3.75154456111e-11
8.04730906701e-10	-2.33775138136e-10
8.05937299332e-10	-4.86035101055e-10
8.07143691963e-10	-6.65602351013e-10
8.08350084594e-10	-7.26260440675e-10
8.09556477225e-10	-6.45970776869e-10
8.10762869856e-10	-4.37804237308e-10
8.11969262487e-10	-1.4785686564e-10
8.13175655119e-10	1.58032698039e-10
8.1438204775e-10	4.16597562003e-10
8.15588440381e-10	5.86822368476e-10
8.16794833012e-10	6.60807963904e-10
8.18001225643e-10	6.58690268995e-10
8.19207618274e-10	6.13977257924e-10
8.20414010905e-10	5.54944423747e-10
8.21620403536e-10	4.90624207927e-10
8.22826796167e-10	4.07925526691e-10
8.24033188798e-10	2.79881812171e-10
8.25239581429e-10	8.1753513681e-11
8.2644597406e-10	-1.93794605363e-10
8.27652366691e-10	-5.26625798525e-10
8.28858759322e-10	-8.69761707101e-10
8.30065151953e-10	-1.16017562224e-09
8.31271544584e-10	-1.33544908465e-09
8.32477937215e-10	-1.35176181359e-09
8.33684329846e-10	-1.19619469885e-09
8.34890722477e-10	-8.9084445376e-10
8.36097115108e-10	-4.85529005889e-10
8.37303507739e-10	-4.41449342359e-11
8.3850990037e-10	3.72329972409e-10
8.39716293001e-10	7.18641757214e-10
8.40922685632e-10	9.70501790043e-10
8.42129078263e-10	1.1223727503e-09
8.43335470894e-10	1.17926401977e-09
8.44541863525e-10	1.1487613083e-09
8.45748256156e-10	1.03674757668e-09
8.46954648787e-10	8.49195880281e-10
8.48161041418e-10	5.9615051784e-10
8.49367434049e-10	2.97216334877e-10
8.5057382668e-10	-1.76517984257e-11
8.51780219311e-10	-3.13573833566e-10
8.52986611942e-10	-5.58358859148e-10
8.54193004573e-10	-7.30282889716e-10
8.55399397204e-10	-8.22527157496e-10
8.56605789835e-10	-8.41377356675e-10
8.57812182466e-10	-7.99565857967e-10
8.59018575097e-10	-7.09551473133e-10
8.60224967728e-10	-5.79151060442e-10
8.61431360359e-10	-4.11318562543e-10
8.6263775299e-10	-2.09846237609e-10
8.63844145621e-10	1.45494267675e-11
8.65050538252e-10	2.40018088737e-10
8.66256930883e-10	4.35147889943e-10
8.67463323514e-10	5.65946733921e-10
8.68669716145e-10	6.06850958373e-10
8.69876108776e-10	5.50450351966e-10
8.71082501407e-10	4.11732814509e-10
8.72288894038e-10	2.25352389527e-10
8.73495286669e-10	3.46444400945e-11
8.747016793e-10	-1.21494814209e-10
8.75908071931e-10	-2.20020793251e-10
8.77114464562e-10	-2.58404214692e-10
8.78320857193e-10	-2.510509578e-10
8.79527249824e-10	-2.19113574507e-10
8.80733642455e-10	-1.78778977733e-10
8.81940035087e-10	-1.34205160873e-10
8.83146427718e-10	-7.64679847221e-11
8.84352820349e-10	8.58164320855e-12
8.8555921298e-10	1.28893257179e-10
8.86765605611e-10	2.7599775243e-10
8.87971998242e-10	4.22137991229e-10
8.89178390873e-10	5.26467314188e-10
8.90384783504e-10	5.49283840634e-10
8.91591176135e-10	4.6847692392e-10
8.92797568766e-10	2.89885865312e-10
8.94003961397e-10	4.84542163337e-11
8.95210354028e-10	-2.03377981123e-10
8.96416746659e-10	-4.13647976982e-10
8.9762313929e-10	-5.48248002552e-10
8.98829531921e-10	-6.00062888267e-10
9.00035924552e-10	-5.86362292054e-10
9.01242317183e-10	-5.3574183978e-10
9.02448709814e-10	-4.71926109302e-10
9.03655102445e-10	-4.02722272197e-10
9.04861495076e-10	-3.1693511704e-10
9.06067887707e-10	-1.93047827723e-10
9.07274280338e-10	-1.40001786206e-11
9.08480672969e-10	2.19339602037e-10
9.096870656e-10	4.81563899868e-10
9.10893458231e-10	7.26313897914e-10
9.12099850862e-10	8.99297802892e-10
9.13306243493e-10	9.56115298045e-10
9.14512636124e-10	8.76756445223e-10
9.15719028755e-10	6.73467226431e-10
9.16925421386e-10	3.87101961596e-10
9.18131814017e-10	7.40092778728e-11
9.19338206648e-10	-2.11028833297e-10
9.20544599279e-10	-4.30129987183e-10
9.2175099191e-10	-5.6979548857e-10
9.22957384541e-10	-6.38828934196e-10
9.24163777172e-10	-6.58308629831e-10
9.25370169803e-10	-6.49013676135e-10
9.26576562434e-10	-6.21307283399e-10
9.27782955065e-10	-5.72899228057e-10
9.28989347696e-10	-4.93835972115e-10
9.30195740327e-10	-3.74170805451e-10
9.31402132958e-10	-2.11747314127e-10
9.32608525589e-10	-1.50894227668e-11
9.3381491822e-10	1.98885338754e-10
9.35021310851e-10	4.09568795545e-10
9.36227703482e-10	5.96735993952e-10
9.37434096113e-10	7.42735817294e-10
9.38640488744e-10	8.32119706473e-10
9.39846881375e-10	8.50507664296e-10
9.41053274006e-10	7.86367915229e-10
9.42259666637e-10	6.34582830727e-10
9.43466059268e-10	4.01738059486e-10
9.44672451899e-10	1.09616891952e-10
9.4587884453e-10	-2.05305397682e-10
9.47085237161e-10	-4.97399010868e-10
9.48291629792e-10	-7.21147808136e-10
9.49498022423e-10	-8.42055258854e-10
9.50704415054e-10	-8.45620073964e-10
9.51910807686e-10	-7.39892980217e-10
9.53117200317e-10	-5.53004808612e-10
9.54323592948e-10	-3.24909654736e-10
9.55529985579e-10	-9.62095611512e-11
9.5673637821e-10	1.01151913234e-10
9.57942770841e-10	2.49019277421e-10
9.59149163472e-10	3.42891826044e-10
9.60355556103e-10	3.87755078046e-10
9.61561948734e-10	3.91000148925e-10
9.62768341365e-10	3.58771512499e-10
9.63974733996e-10	2.95003299566e-10
9.65181126627e-10	2.03797576037e-10
9.66387519258e-10	9.31845572927e-11
9.67593911889e-10	-2.31504572457e-11
9.6880030452e-10	-1.27659063875e-10
9.70006697151e-10	-2.03992364667e-10
9.71213089782e-10	-2.41955372404e-10
9.72419482413e-10	-2.41470871076e-10
9.73625875044e-10	-2.10856540561e-10
9.74832267675e-10	-1.62012570026e-10
9.76038660306e-10	-1.04551770019e-10
9.77245052937e-10	-4.1343695828e-11
9.78451445568e-10	3.11592557312e-11
9.79657838199e-10	1.18456439102e-10
9.8086423083e-10	2.21656026866e-10
9.82070623461e-10	3.32659483293e-10
9.83277016092e-10	4.32274993578e-10
9.84483408723e-10	4.94722374178e-10
9.85689801354e-10	4.95397889377e-10
9.86896193985e-10	4.1842876386e-10
9.88102586616e-10	2.62920130112e-10
9.89308979247e-10	4.42119743593e-11
9.90515371878e-10	-2.1013016327e-10
9.91721764509e-10	-4.6677767207e-10
9.9292815714e-10	-6.93001878105e-10
9.94134549771e-10	-8.62118154643e-10
9.95340942402e-10	-9.55036494332e-10
9.96547335033e-10	-9.59467283401e-10
9.97753727664e-10	-8.69765315326e-10
9.98960120295e-10	-6.86772028136e-10
1.00016651293e-09	-4.1972514353e-10
1.00137290556e-09	-8.85384404681e-11
1.00257929819e-09	2.7527638502e-10
1.00378569082e-09	6.309019418e-10
1.00499208345e-09	9.33207622289e-10
1.00619847608e-09	1.14112563843e-09
1.00740486871e-09	1.22630039456e-09
1.00861126134e-09	1.17842313685e-09
1.00981765397e-09	1.00786923252e-09
1.01102404661e-09	7.42985062363e-10
1.01223043924e-09	4.23500567948e-10
1.01343683187e-09	9.19075718309e-11
1.0146432245e-09	-2.14424755729e-10
1.01584961713e-09	-4.6922910002e-10
1.01705600976e-09	-6.59637677813e-10
1.01826240239e-09	-7.83981102259e-10
1.01946879502e-09	-8.48442593959e-10
1.02067518765e-09	-8.61592630574e-10
1.02188158028e-09	-8.30522817186e-10
1.02308797292e-09	-7.58805629442e-10
1.02429436555e-09	-6.47138453935e-10
1.02550075818e-09	-4.95354590679e-10
1.02670715081e-09	-3.05382247268e-10
1.02791354344e-09	-8.45824868478e-11
1.02911993607e-09	1.53370732781e-10
1.0303263287e-09	3.87530840751e-10
1.03153272133e-09	5.91853899223e-10
1.03273911396e-09	7.39037275821e-10
1.03394550659e-09	8.05975119977e-10
1.03515189923e-09	7.79710018772e-10
1.03635829186e-09	6.62044863375e-10
1.03756468449e-09	4.7105563894e-10
1.03877107712e-09	2.37917935353e-10
1.03997746975e-09	1.21043539775e-12
1.04118386238e-09	-2.01960267954e-10
1.04239025501e-09	-3.43524597657e-10
1.04359664764e-09	-4.09055622708e-10
1.04480304027e-09	-3.99194455269e-10
1.0460094329e-09	-3.27099514141e-10
1.04721582554e-09	-2.13791692683e-10
1.04842221817e-09	-8.28339064007e-11
1.0496286108e-09	4.33026045576e-11
1.05083500343e-09	1.4703882556e-10
1.05204139606e-09	2.16291332067e-10
1.05324778869e-09	2.44618408862e-10
1.05445418132e-09	2.30663765866e-10
1.05566057395e-09	1.76791553619e-10
1.05686696658e-09	8.83932926854e-11
1.05807335922e-09	-2.64167542008e-11
1.05927975185e-09	-1.56588464417e-10
1.06048614448e-09	-2.88514934166e-10
1.06169253711e-09	-4.05555894423e-10
1.06289892974e-09	-4.89883078547e-10
1.06410532237e-09	-5.2480098045e-10
1.065311715e-09	-4.97737628891e-10
1.06651810763e-09	-4.03794386816e-10
1.06772450026e-09	-2.48192078001e-10
1.06893089289e-09	-4.72899046311e-11
1.07013728553e-09	1.73503544865e-10
1.07134367816e-09	3.83423792716e-10
1.07255007079e-09	5.52791201702e-10
1.07375646342e-09	6.5934868676e-10
1.07496285605e-09	6.9299149752e-10
1.07616924868e-09	6.5766103674e-10
1.07737564131e-09	5.68289415526e-10
1.07858203394e-09	4.45197712029e-10
1.07978842657e-09	3.06725894683e-10
1.0809948192e-09	1.64191105156e-10
1.08220121184e-09	2.02035714547e-11
1.08340760447e-09	-1.2790300763e-10
1.0846139971e-09	-2.81954515291e-10
1.08582038973e-09	-4.3695450036e-10
1.08702678236e-09	-5.77578262995e-10
1.08823317499e-09	-6.80555112265e-10
1.08943956762e-09	-7.21036341744e-10
1.09064596025e-09	-6.8130423525e-10
1.09185235288e-09	-5.58101231896e-10
1.09305874551e-09	-3.65865865382e-10
1.09426513815e-09	-1.34004696228e-10
1.09547153078e-09	1.00633903988e-10
1.09667792341e-09	3.02725650103e-10
1.09788431604e-09	4.47362702438e-10
1.09909070867e-09	5.24060017604e-10
1.1002971013e-09	5.36466482348e-10
1.10150349393e-09	4.97740570982e-10
1.10270988656e-09	4.23953733231e-10
1.10391627919e-09	3.2830707597e-10
1.10512267182e-09	2.18990825473e-10
1.10632906446e-09	1.00665545344e-10
1.10753545709e-09	-2.23148183959e-11
1.10874184972e-09	-1.41505626661e-10
1.10994824235e-09	-2.43810666101e-10
1.11115463498e-09	-3.13378600847e-10
1.11236102761e-09	-3.36662309142e-10
1.11356742024e-09	-3.07776609754e-10
1.11477381287e-09	-2.31773711334e-10
1.1159802055e-09	-1.23859394963e-10
1.11718659813e-09	-5.12665691149e-12
1.11839299077e-09	1.02693208104e-10
1.1195993834e-09	1.83048631808e-10
1.12080577603e-09	2.26905744194e-10
1.12201216866e-09	2.32796254496e-10
1.12321856129e-09	2.04422798133e-10
1.12442495392e-09	1.47862333488e-10
1.12563134655e-09	6.98149316136e-11
1.12683773918e-09	-2.30085291097e-11
1.12804413181e-09	-1.22276522241e-10
1.12925052445e-09	-2.1744799017e-10
1.13045691708e-09	-2.95446694887e-10
1.13166330971e-09	-3.42640305018e-10
1.13286970234e-09	-3.4785022085e-10
1.13407609497e-09	-3.05675734724e-10
1.1352824876e-09	-2.18880011338e-10
1.13648888023e-09	-9.83623113515e-11
1.13769527286e-09	3.85288190241e-11
1.13890166549e-09	1.72351008465e-10
1.14010805812e-09	2.85287293789e-10
1.14131445076e-09	3.64633850891e-10
1.14252084339e-09	4.04401429011e-10
1.14372723602e-09	4.04741712368e-10
1.14493362865e-09	3.7047093171e-10
1.14614002128e-09	3.08632341905e-10
1.14734641391e-09	2.2651858167e-10
1.14855280654e-09	1.30293664746e-10
1.14975919917e-09	2.53482217855e-11
1.1509655918e-09	-8.37728358904e-11
1.15217198443e-09	-1.92421883982e-10
1.15337837707e-09	-2.94603008655e-10
1.1545847697e-09	-3.82943454724e-10
1.15579116233e-09	-4.48308334899e-10
1.15699755496e-09	-4.80822492932e-10
1.15820394759e-09	-4.71712224837e-10
1.15941034022e-09	-4.15945639043e-10
1.16061673285e-09	-3.14047288175e-10
1.16182312548e-09	-1.74095446392e-10
1.16302951811e-09	-1.14693992151e-11
1.16423591074e-09	1.53505930189e-10
1.16544230338e-09	2.98950253441e-10
1.16664869601e-09	4.0627615161e-10
1.16785508864e-09	4.63712429566e-10
1.16906148127e-09	4.68584948621e-10
1.1702678739e-09	4.26769314332e-10
1.17147426653e-09	3.50119599979e-10
1.17268065916e-09	2.5222871014e-10
1.17388705179e-09	1.4510682933e-10
1.17509344442e-09	3.75780552508e-11
1.17629983705e-09	-6.4582485193e-11
1.17750622969e-09	-1.56243407101e-10
1.17871262232e-09	-2.31384827964e-10
1.17991901495e-09	-2.82520257189e-10
1.18112540758e-09	-3.02346037095e-10
1.18233180021e-09	-2.86784762604e-10
1.18353819284e-09	-2.38120356766e-10
1.18474458547e-09	-1.6626021393e-10
1.1859509781e-09	-8.68611016447e-11
1.18715737073e-09	-1.72673732951e-11
1.18836376336e-09	2.91540853958e-11
1.189570156e-09	4.69203287334e-11
1.19077654863e-09	3.99927382877e-11
1.19198294126e-09	1.96588405277e-11
1.19318933389e-09	-2.48569611075e-13
1.19439572652e-09	-8.50784026563e-12
1.19560211915e-09	-8.32644825484e-13
1.19680851178e-09	1.9370623161e-11
1.19801490441e-09	4.3057685889e-11
1.19922129704e-09	5.99327462658e-11
1.20042768968e-09	6.29436294752e-11
1.20163408231e-09	5.15615466989e-11
1.20284047494e-09	3.21944727821e-11
1.20404686757e-09	1.56648652383e-11
1.2052532602e-09	1.29267343357e-11
1.20645965283e-09	3.02965950938e-11
1.20766604546e-09	6.71585773104e-11
1.20887243809e-09	1.15818299395e-10
1.21007883072e-09	1.64097777033e-10
1.21128522335e-09	1.99330565942e-10
1.21249161599e-09	2.11590300836e-10
1.21369800862e-09	1.95671506775e-10
1.21490440125e-09	1.50986931291e-10
1.21611079388e-09	8.07628824928e-11
1.21731718651e-09	-9.55403985092e-12
1.21852357914e-09	-1.12194337154e-10
1.21972997177e-09	-2.17197565489e-10
1.2209363644e-09	-3.12395775914e-10
1.22214275703e-09	-3.84207970994e-10
1.22334914966e-09	-4.20199458562e-10
1.2245555423e-09	-4.11932987721e-10
1.22576193493e-09	-3.58010343593e-10
1.22696832756e-09	-2.65097305219e-10
1.22817472019e-09	-1.46922737865e-10
1.22938111282e-09	-2.06229634064e-11
1.23058750545e-09	9.73886526978e-11
1.23179389808e-09	1.95269994618e-10
1.23300029071e-09	2.67874500359e-10
1.23420668334e-09	3.15802384243e-10
1.23541307597e-09	3.43429173988e-10
1.23661946861e-09	3.55357465676e-10
1.23782586124e-09	3.53876122849e-10
1.23903225387e-09	3.37999378486e-10
1.2402386465e-09	3.04598429812e-10
1.24144503913e-09	2.50723247719e-10
1.24265143176e-09	1.76253095452e-10
1.24385782439e-09	8.5770043845e-11
1.24506421702e-09	-1.22028403007e-11
1.24627060965e-09	-1.06851541504e-10
1.24747700228e-09	-1.88522447653e-10
1.24868339492e-09	-2.51249077099e-10
1.24988978755e-09	-2.93570667775e-10
1.25109618018e-09	-3.17108728165e-10
1.25230257281e-09	-3.24035936972e-10
1.25350896544e-09	-3.14867659723e-10
1.25471535807e-09	-2.87586593428e-10
1.2559217507e-09	-2.39517544687e-10
1.25712814333e-09	-1.70156472246e-10
1.25833453596e-09	-8.41829592146e-11
1.25954092859e-09	7.69497226355e-12
1.26074732123e-09	9.07203687173e-11
1.26195371386e-09	1.50484957828e-10
1.26316010649e-09	1.78007969476e-10
1.26436649912e-09	1.728610588e-10
1.26557289175e-09	1.43725864543e-10
1.26677928438e-09	1.05098124648e-10
1.26798567701e-09	7.24097518057e-11
1.26919206964e-09	5.69453234567e-11
1.27039846227e-09	6.25439769419e-11
1.27160485491e-09	8.56809137528e-11
1.27281124754e-09	1.17829232482e-10
1.27401764017e-09	1.49176559994e-10
1.2752240328e-09	1.71547095973e-10
1.27643042543e-09	1.80460799082e-10
1.27763681806e-09	1.74598613345e-10
1.27884321069e-09	1.54402199359e-10
1.28004960332e-09	1.20934470771e-10
1.28125599595e-09	7.47236716947e-11
1.28246238858e-09	1.64969583133e-11
1.28366878122e-09	-5.16357512304e-11
1.28487517385e-09	-1.25074298141e-10
1.28608156648e-09	-1.96965665999e-10
1.28728795911e-09	-2.59058330343e-10
1.28849435174e-09	-3.04084701863e-10
1.28970074437e-09	-3.28027854879e-10
1.290907137e-09	-3.3057312443e-10
1.29211352963e-09	-3.14801906764e-10
1.29331992226e-09	-2.84674783746e-10
1.29452631489e-09	-2.4287713507e-10
1.29573270753e-09	-1.89228174796e-10
1.29693910016e-09	-1.21393103902e-10
1.29814549279e-09	-3.68792288374e-11
1.29935188542e-09	6.37093502953e-11
1.30055827805e-09	1.74387712604e-10
1.30176467068e-09	2.84008899731e-10
1.30297106331e-09	3.77910674976e-10
1.30417745594e-09	4.42245073895e-10
1.30538384857e-09	4.67747396371e-10
1.3065902412e-09	4.52277687524e-10
1.30779663384e-09	4.00278865609e-10
1.30900302647e-09	3.20767884476e-10
1.3102094191e-09	2.23749199724e-10
1.31141581173e-09	1.17206647166e-10
1.31262220436e-09	6.6646150404e-12
1.31382859699e-09	-1.03932216999e-10
1.31503498962e-09	-2.09803674434e-10
1.31624138225e-09	-3.03942454538e-10
1.31744777488e-09	-3.76928765977e-10
1.31865416751e-09	-4.19481338554e-10
1.31986056015e-09	-4.25575991114e-10
1.32106695278e-09	-3.94981741758e-10
1.32227334541e-09	-3.34032634886e-10
1.32347973804e-09	-2.53406989836e-10
1.32468613067e-09	-1.64911376221e-10
1.3258925233e-09	-7.77305511623e-11
1.32709891593e-09	3.17053935189e-12
1.32830530856e-09	7.64049101765e-11
1.32951170119e-09	1.41803055409e-10
1.33071809382e-09	1.97704880245e-10
1.33192448646e-09	2.39881808861e-10
1.33313087909e-09	2.61977967098e-10
1.33433727172e-09	2.5880020349e-10
1.33554366435e-09	2.29144578312e-10
1.33675005698e-09	1.77768522125e-10
1.33795644961e-09	1.15197441863e-10
1.33916284224e-09	5.48883057061e-11
1.34036923487e-09	9.09832972851e-12
1.3415756275e-09	-1.51704655782e-11
1.34278202014e-09	-1.79466753958e-11
1.34398841277e-09	-6.07188604951e-12
1.3451948054e-09	1.01325545177e-11
1.34640119803e-09	2.09207495078e-11
1.34760759066e-09	2.05556544008e-11
1.34881398329e-09	8.85118801169e-12
1.35002037592e-09	-1.00571495576e-11
1.35122676855e-09	-3.03872968455e-11
1.35243316118e-09	-4.8395107366e-11
1.35363955381e-09	-6.38778821505e-11
1.35484594645e-09	-7.99892097003e-11
1.35605233908e-09	-1.00548937232e-10
1.35725873171e-09	-1.27049176735e-10
1.35846512434e-09	-1.56656021488e-10
1.35967151697e-09	-1.82202322674e-10
1.3608779096e-09	-1.94815760746e-10
1.36208430223e-09	-1.87211579572e-10
1.36329069486e-09	-1.56941987184e-10
1.36449708749e-09	-1.06984393566e-10
1.36570348012e-09	-4.47941128634e-11
1.36690987276e-09	2.08017787023e-11
1.36811626539e-09	8.25315649156e-11
1.36932265802e-09	1.36503669479e-10
1.37052905065e-09	1.8222430509e-10
1.37173544328e-09	2.20899867842e-10
1.37294183591e-09	2.53474685685e-10
1.37414822854e-09	2.78455009051e-10
1.37535462117e-09	2.91719481904e-10
1.3765610138e-09	2.87240758956e-10
1.37776740643e-09	2.59185062301e-10
1.37897379907e-09	2.04393391101e-10
1.3801801917e-09	1.23821036757e-10
1.38138658433e-09	2.34618244971e-11
1.38259297696e-09	-8.66938049127e-11
1.38379936959e-09	-1.94193675029e-10
1.38500576222e-09	-2.86703688568e-10
1.38621215485e-09	-3.53849505252e-10
1.38741854748e-09	-3.88826110198e-10
1.38862494011e-09	-3.88975379684e-10
1.38983133274e-09	-3.55359019988e-10
1.39103772538e-09	-2.92490781595e-10
1.39224411801e-09	-2.07128522667e-10
1.39345051064e-09	-1.07711423114e-10
1.39465690327e-09	-3.21244528374e-12
1.3958632959e-09	9.74676936383e-11
1.39706968853e-09	1.86269596969e-10
1.39827608116e-09	2.5661300862e-10
1.39948247379e-09	3.03733871387e-10
1.40068886642e-09	3.24965582221e-10
1.40189525905e-09	3.19616749733e-10
1.40310165169e-09	2.89442053658e-10
1.40430804432e-09	2.38409347819e-10
1.40551443695e-09	1.72680994504e-10
1.40672082958e-09	9.9811589549e-11
1.40792722221e-09	2.74990585858e-11
1.40913361484e-09	-3.76493350385e-11
1.41034000747e-09	-9.14759656911e-11
1.4115464001e-09	-1.32506103312e-10
1.41275279273e-09	-1.61711158353e-10
1.41395918537e-09	-1.80928189097e-10
1.415165578e-09	-1.91739721322e-10
1.41637197063e-09	-1.94179686219e-10
1.41757836326e-09	-1.86812010305e-10
1.41878475589e-09	-1.67659677808e-10
1.41999114852e-09	-1.35377237198e-10
1.42119754115e-09	-9.10431383061e-11
1.42240393378e-09	-3.86877335723e-11
1.42361032641e-09	1.50822340728e-11
1.42481671904e-09	6.28239543721e-11
1.42602311168e-09	9.80167405573e-11
1.42722950431e-09	1.17115941944e-10
1.42843589694e-09	1.20249282753e-10
1.42964228957e-09	1.10412144705e-10
1.4308486822e-09	9.23532639252e-11
1.43205507483e-09	7.05168770598e-11
1.43326146746e-09	4.8238173872e-11
1.43446786009e-09	2.74554511071e-11
1.43567425272e-09	9.60555419927e-12
1.43688064535e-09	-3.52456822408e-12
1.43808703799e-09	-9.59641133919e-12
1.43929343062e-09	-6.22191794614e-12
1.44049982325e-09	7.42486280791e-12
1.44170621588e-09	2.96298992286e-11
1.44291260851e-09	5.53942065828e-11
1.44411900114e-09	7.75406752695e-11
1.44532539377e-09	8.85694712016e-11
1.4465317864e-09	8.29551635717e-11
1.44773817903e-09	5.88725249107e-11
1.44894457166e-09	1.85697741906e-11
1.4501509643e-09	-3.2231599334e-11
1.45135735693e-09	-8.6227074092e-11
1.45256374956e-09	-1.36166036779e-10
1.45377014219e-09	-1.76241965466e-10
1.45497653482e-09	-2.02578134822e-10
1.45618292745e-09	-2.1308903253e-10
1.45738932008e-09	-2.06902717181e-10
1.45859571271e-09	-1.83824108713e-10
1.45980210534e-09	-1.44513817579e-10
1.46100849797e-09	-9.05947053487e-11
1.46221489061e-09	-2.56256960096e-11
1.46342128324e-09	4.47638072443e-11
1.46462767587e-09	1.13301187876e-10
1.4658340685e-09	1.72352312977e-10
1.46704046113e-09	2.15779366597e-10
1.46824685376e-09	2.40494263393e-10
1.46945324639e-09	2.47078107973e-10
1.47065963902e-09	2.38654040974e-10
1.47186603165e-09	2.19293638803e-10
1.47307242428e-09	1.91644644598e-10
1.47427881692e-09	1.56067200829e-10
1.47548520955e-09	1.10987483093e-10
1.47669160218e-09	5.45367397076e-11
1.47789799481e-09	-1.31037333762e-11
1.47910438744e-09	-8.83748005331e-11
1.48031078007e-09	-1.64179142503e-10
1.4815171727e-09	-2.31490965286e-10
1.48272356533e-09	-2.81308226713e-10
1.48392995796e-09	-3.07158631863e-10
1.4851363506e-09	-3.06064257272e-10
1.48634274323e-09	-2.78617601213e-10
1.48754913586e-09	-2.28476140784e-10
1.48875552849e-09	-1.61046675995e-10
1.48996192112e-09	-8.2893338027e-11
1.49116831375e-09	-1.06147707811e-12
1.49237470638e-09	7.69933214406e-11
1.49358109901e-09	1.44112513589e-10
1.49478749164e-09	1.93966093187e-10
1.49599388427e-09	2.22074220124e-10
1.49720027691e-09	2.26815288773e-10
1.49840666954e-09	2.09780623428e-10
1.49961306217e-09	1.75762168708e-10
1.5008194548e-09	1.31626876065e-10
1.50202584743e-09	8.50622697279e-11
1.50323224006e-09	4.2798101868e-11
1.50443863269e-09	9.40109622094e-12
1.50564502532e-09	-1.32921668464e-11
1.50685141795e-09	-2.5945469731e-11
1.50805781058e-09	-3.07313653691e-11
1.50926420322e-09	-3.0343148133e-11
1.51047059585e-09	-2.69516544499e-11
1.51167698848e-09	-2.21523320521e-11
1.51288338111e-09	-1.71055791059e-11
1.51408977374e-09	-1.30421715094e-11
1.51529616637e-09	-1.15416513152e-11
1.516502559e-09	-1.43595742935e-11
1.51770895163e-09	-2.29933780349e-11
1.51891534426e-09	-3.77373896021e-11
1.52012173689e-09	-5.74927466745e-11
1.52132812953e-09	-7.98061408624e-11
1.52253452216e-09	-1.01507593997e-10
1.52374091479e-09	-1.1945892886e-10
1.52494730742e-09	-1.31342131615e-10
1.52615370005e-09	-1.35749078645e-10
1.52736009268e-09	-1.31736593856e-10
1.52856648531e-09	-1.18657375592e-10
1.52977287794e-09	-9.5445158721e-11
1.53097927057e-09	-6.09757244696e-11
1.5321856632e-09	-1.47487282803e-11
1.53339205584e-09	4.21098746151e-11
1.53459844847e-09	1.06105048359e-10
1.5358048411e-09	1.71382699699e-10
1.53701123373e-09	2.3042347197e-10
1.53821762636e-09	2.75691858231e-10
1.53942401899e-09	3.00871327852e-10
1.54063041162e-09	3.02373875938e-10
1.54183680425e-09	2.79373774115e-10
1.54304319688e-09	2.33390862192e-10
1.54424958952e-09	1.67667407736e-10
1.54545598215e-09	8.6418830425e-11
1.54666237478e-09	-5.18046716635e-12
1.54786876741e-09	-1.00930382108e-10
1.54907516004e-09	-1.93167329354e-10
1.55028155267e-09	-2.73355532654e-10
1.5514879453e-09	-3.32730482056e-10
1.55269433793e-09	-3.64058949653e-10
1.55390073056e-09	-3.63309993201e-10
1.55510712319e-09	-3.30594523978e-10
1.55631351583e-09	-2.70411831815e-10
1.55751990846e-09	-1.90558041568e-10
1.55872630109e-09	-1.00632682742e-10
1.55993269372e-09	-1.00102912071e-11
1.56113908635e-09	7.34083072107e-11
1.56234547898e-09	1.44147443981e-10
1.56355187161e-09	1.99097044407e-10
1.56475826424e-09	2.36955205457e-10
1.56596465687e-09	2.57592697173e-10
1.5671710495e-09	2.61253768619e-10
1.56837744214e-09	2.48459419705e-10
1.56958383477e-09	2.1998711186e-10
1.5707902274e-09	1.77575634752e-10
1.57199662003e-09	1.24241575361e-10
1.57320301266e-09	6.45253295239e-11
1.57440940529e-09	4.1912133486e-12
1.57561579792e-09	-5.08281611244e-11
1.57682219055e-09	-9.5338029138e-11
1.57802858318e-09	-1.25850621591e-10
1.57923497581e-09	-1.40780886948e-10
1.58044136845e-09	-1.40642886226e-10
1.58164776108e-09	-1.27290220031e-10
1.58285415371e-09	-1.03661385031e-10
1.58406054634e-09	-7.35083799386e-11
1.58526693897e-09	-4.09280491442e-11
1.5864733316e-09	-1.04378589105e-11
1.58767972423e-09	1.36285357999e-11
1.58888611686e-09	2.76962532769e-11
1.59009250949e-09	2.98060881532e-11
1.59129890212e-09	1.99123773026e-11
1.59250529476e-09	1.39804942796e-13
1.59371168739e-09	-2.57069122933e-11
1.59491808002e-09	-5.30292060263e-11
1.59612447265e-09	-7.68660135542e-11
1.59733086528e-09	-9.30069146698e-11
1.59853725791e-09	-9.8122648895e-11
1.59974365054e-09	-9.00136423732e-11
1.60095004317e-09	-6.7838720752e-11
1.6021564358e-09	-3.25400401069e-11
1.60336282843e-09	1.31277176629e-11
1.60456922107e-09	6.45480127681e-11
1.6057756137e-09	1.15533319023e-10
1.60698200633e-09	1.59563681712e-10
1.60818839896e-09	1.90535892619e-10
1.60939479159e-09	2.04151556771e-10
1.61060118422e-09	1.98651262107e-10
1.61180757685e-09	1.75003844749e-10
1.61301396948e-09	1.36495967307e-10
1.61422036211e-09	8.77939318467e-11
1.61542675475e-09	3.38649594478e-11
1.61663314738e-09	-2.09916025534e-11
1.61783954001e-09	-7.33376831485e-11
1.61904593264e-09	-1.20793680614e-10
1.62025232527e-09	-1.6129594882e-10
1.6214587179e-09	-1.92601976035e-10
1.62266511053e-09	-2.12174305902e-10
1.62387150316e-09	-2.17403775538e-10
1.62507789579e-09	-2.06456282625e-10
1.62628428842e-09	-1.78990738897e-10
1.62749068106e-09	-1.36971128883e-10
1.62869707369e-09	-8.42873756901e-11
1.62990346632e-09	-2.63063598682e-11
1.63110985895e-09	3.12791771651e-11
1.63231625158e-09	8.34584693021e-11
1.63352264421e-09	1.2654953474e-10
1.63472903684e-09	1.58293836372e-10
1.63593542947e-09	1.77231437859e-10
1.6371418221e-09	1.826080398e-10
1.63834821473e-09	1.73892802935e-10
1.63955460737e-09	1.51273743532e-10
1.640761e-09	1.1618858653e-10
1.64196739263e-09	7.180083611e-11
1.64317378526e-09	2.3110914224e-11
1.64438017789e-09	-2.37975680828e-11
1.64558657052e-09	-6.27823903976e-11
1.64679296315e-09	-8.92902488059e-11
1.64799935578e-09	-1.01066217895e-10
1.64920574841e-09	-9.87953954756e-11
1.65041214104e-09	-8.53384099497e-11
1.65161853368e-09	-6.48326253794e-11
1.65282492631e-09	-4.16547178694e-11
1.65403131894e-09	-1.92772048324e-11
1.65523771157e-09	-1.47165862396e-13
1.6564441042e-09	1.42371418474e-11
1.65765049683e-09	2.28183600487e-11
1.65885688946e-09	2.50048679679e-11
1.66006328209e-09	2.04091500644e-11
1.66126967472e-09	9.46987280259e-12
1.66247606735e-09	-6.15632805151e-12
1.66368245999e-09	-2.36577736568e-11
1.66488885262e-09	-3.92328947108e-11
1.66609524525e-09	-4.91703379402e-11
1.66730163788e-09	-5.07748253165e-11
1.66850803051e-09	-4.33768923558e-11
1.66971442314e-09	-2.8355333706e-11
1.67092081577e-09	-8.78165422324e-12
1.6721272084e-09	1.17650689538e-11
1.67333360103e-09	3.03269839796e-11
1.67453999366e-09	4.52232626347e-11
1.6757463863e-09	5.64160003436e-11
1.67695277893e-09	6.46113024194e-11
1.67815917156e-09	7.04464403478e-11
1.67936556419e-09	7.35685470876e-11
1.68057195682e-09	7.26286808472e-11
1.68177834945e-09	6.57065166165e-11
1.68298474208e-09	5.14323063305e-11
1.68419113471e-09	3.00948849175e-11
1.68539752734e-09	3.76481268036e-12
1.68660391998e-09	-2.39128959689e-11
1.68781031261e-09	-4.89705533069e-11
1.68901670524e-09	-6.82521678064e-11
1.69022309787e-09	-8.0313623807e-11
1.6914294905e-09	-8.53710782622e-11
1.69263588313e-09	-8.45377726155e-11
1.69384227576e-09	-7.89249637867e-11
1.69504866839e-09	-6.86276868667e-11
1.69625506102e-09	-5.30163725421e-11
1.69746145365e-09	-3.12036611827e-11
1.69866784629e-09	-3.22137845912e-12
1.69987423892e-09	2.9087329767e-11
1.70108063155e-09	6.18637710503e-11
1.70228702418e-09	8.98655871939e-11
1.70349341681e-09	1.078761247e-10
1.70469980944e-09	1.12055420498e-10
1.70590620207e-09	1.01278735398e-10
1.7071125947e-09	7.71161814961e-11
1.70831898733e-09	4.36309044449e-11
1.70952537996e-09	6.21703600059e-12
1.7107317726e-09	-2.97541331851e-11
1.71193816523e-09	-5.9850457923e-11
1.71314455786e-09	-8.12412775941e-11
1.71435095049e-09	-9.26452664585e-11
1.71555734312e-09	-9.40548333661e-11
1.71676373575e-09	-8.6080968742e-11
1.71797012838e-09	-6.98957211553e-11
1.71917652101e-09	-4.69795626012e-11
1.72038291364e-09	-1.94722866304e-11
1.72158930627e-09	9.67415991066e-12
1.72279569891e-09	3.70022831819e-11
1.72400209154e-09	5.8891926058e-11
1.72520848417e-09	7.25899063081e-11
1.7264148768e-09	7.68262953255e-11
1.72762126943e-09	7.23302390204e-11
1.72882766206e-09	6.12861983385e-11
1.73003405469e-09	4.66880076266e-11
1.73124044732e-09	3.12078869691e-11
1.73244683995e-09	1.64345186765e-11
1.73365323258e-09	2.85116028009e-12
1.73485962522e-09	-9.94554872485e-12
1.73606601785e-09	-2.23062020244e-11
1.73727241048e-09	-3.41748400412e-11
1.73847880311e-09	-4.47075224064e-11
1.73968519574e-09	-5.25357118919e-11
1.74089158837e-09	-5.62620436351e-11
1.742097981e-09	-5.48777689957e-11
1.74330437363e-09	-4.80556011651e-11
1.74451076626e-09	-3.60612546768e-11
1.74571715889e-09	-1.98920550171e-11
1.74692355153e-09	-9.91563276799e-13
1.74812994416e-09	1.8562111917e-11
1.74933633679e-09	3.62511999585e-11
1.75054272942e-09	4.93156210313e-11
1.75174912205e-09	5.51207968158e-11
1.75295551468e-09	5.20183028596e-11
1.75416190731e-09	3.97406968444e-11
1.75536829994e-09	1.98193492867e-11
1.75657469257e-09	-4.62903673726e-12
1.75778108521e-09	-2.94077956431e-11
1.75898747784e-09	-5.02221181309e-11
1.76019387047e-09	-6.34887212247e-11
1.7614002631e-09	-6.70571584371e-11
1.76260665573e-09	-6.06314581875e-11
1.76381304836e-09	-4.53780381326e-11
1.76501944099e-09	-2.37285018023e-11
1.76622583362e-09	1.39452642142e-12
1.76743222625e-09	2.70751528836e-11
1.76863861888e-09	5.07586160603e-11
1.76984501152e-09	7.03578237338e-11
1.77105140415e-09	8.41935618445e-11
1.77225779678e-09	9.08973313285e-11
1.77346418941e-09	8.93821752723e-11
1.77467058204e-09	7.92609380906e-11
1.77587697467e-09	6.08853453765e-11
1.7770833673e-09	3.58332634398e-11
1.77828975993e-09	6.65627102048e-12
1.77949615256e-09	-2.35264984577e-11
1.78070254519e-09	-5.1502777737e-11
1.78190893783e-09	-7.473555802e-11
1.78311533046e-09	-9.16965878228e-11
1.78432172309e-09	-1.01988383017e-10
1.78552811572e-09	-1.05793186711e-10
1.78673450835e-09	-1.03607976365e-10
1.78794090098e-09	-9.56975332311e-11
1.78914729361e-09	-8.20938247936e-11
1.79035368624e-09	-6.28525287372e-11
1.79156007887e-09	-3.83317509678e-11
1.7927664715e-09	-9.7961725537e-12
1.79397286414e-09	2.07446195638e-11
1.79517925677e-09	5.05745792467e-11
1.7963856494e-09	7.68081154234e-11
1.79759204203e-09	9.690584446e-11
1.79879843466e-09	1.09134791482e-10
1.80000482729e-09	1.12642853378e-10
1.80121121992e-09	1.07470830846e-10
1.80241761255e-09	9.45523798146e-11
1.80362400518e-09	7.53715007074e-11
1.80483039781e-09	5.20682004457e-11
1.80603679045e-09	2.70818072828e-11
1.80724318308e-09	2.94334955714e-12
1.80844957571e-09	-1.80088687018e-11
1.80965596834e-09	-3.4202977256e-11
1.81086236097e-09	-4.50103392058e-11
1.8120687536e-09	-5.08272174349e-11
1.81327514623e-09	-5.27604071543e-11
1.81448153886e-09	-5.22673120062e-11
1.81568793149e-09	-5.04858967132e-11
1.81689432412e-09	-4.81165211841e-11
1.81810071676e-09	-4.53726674288e-11
1.81930710939e-09	-4.21772131109e-11
1.82051350202e-09	-3.86388560036e-11
1.82171989465e-09	-3.50717961617e-11
1.82292628728e-09	-3.2016455459e-11
1.82413267991e-09	-2.98476139637e-11
1.82533907254e-09	-2.84712114995e-11
1.82654546517e-09	-2.69828586558e-11
1.8277518578e-09	-2.38900253746e-11
1.82895825044e-09	-1.74946845205e-11
1.83016464307e-09	-6.50971854546e-12
1.8313710357e-09	9.20045116481e-12
1.83257742833e-09	2.85474942296e-11
1.83378382096e-09	4.91922197421e-11
1.83499021359e-09	6.83953518821e-11
1.83619660622e-09	8.36678643035e-11
1.83740299885e-09	9.34266969344e-11
1.83860939148e-09	9.72468841565e-11
1.83981578411e-09	9.55122508861e-11
1.84102217675e-09	8.8908880258e-11
1.84222856938e-09	7.77176101252e-11
1.84343496201e-09	6.18487275283e-11
1.84464135464e-09	4.08599334922e-11
1.84584774727e-09	1.48997064686e-11
1.8470541399e-09	-1.48748895146e-11
1.84826053253e-09	-4.6034488721e-11
1.84946692516e-09	-7.50745368649e-11
1.85067331779e-09	-9.84605036392e-11
1.85187971042e-09	-1.13481342379e-10
1.85308610306e-09	-1.19054349712e-10
1.85429249569e-09	-1.15748272078e-10
1.85549888832e-09	-1.05389801053e-10
1.85670528095e-09	-9.00206367782e-11
1.85791167358e-09	-7.12362044353e-11
1.85911806621e-09	-4.9889932463e-11
1.86032445884e-09	-2.61995737605e-11
1.86153085147e-09	-6.10452660643e-13
1.8627372441e-09	2.58048461071e-11
1.86394363673e-09	5.09762856926e-11
1.86515002937e-09	7.21520135305e-11
1.866356422e-09	8.67056981768e-11
1.86756281463e-09	9.30498317286e-11
1.86876920726e-09	9.11586847674e-11
1.86997559989e-09	8.25277762795e-11
1.87118199252e-09	6.97688018469e-11
1.87238838515e-09	5.54698023625e-11
1.87359477778e-09	4.15290371536e-11
1.87480117041e-09	2.86998255022e-11
1.87600756304e-09	1.68643935622e-11
1.87721395568e-09	5.67918889e-12
1.87842034831e-09	-4.81382858922e-12
1.87962674094e-09	-1.37636959122e-11
1.88083313357e-09	-1.98886480202e-11
1.8820395262e-09	-2.21158300007e-11
1.88324591883e-09	-2.05532015018e-11
1.88445231146e-09	-1.67068320983e-11
1.88565870409e-09	-1.33150374407e-11
1.88686509672e-09	-1.33923237083e-11
1.88807148935e-09	-1.8935179813e-11
1.88927788199e-09	-3.01355086718e-11
1.89048427462e-09	-4.49445688999e-11
1.89169066725e-09	-5.99679889079e-11
1.89289705988e-09	-7.14231937482e-11
1.89410345251e-09	-7.66142843611e-11
1.89530984514e-09	-7.45845329941e-11
1.89651623777e-09	-6.61167093297e-11
1.8977226304e-09	-5.30047082614e-11
1.89892902303e-09	-3.69973530978e-11
1.90013541567e-09	-1.91742819539e-11
1.9013418083e-09	4.25423585249e-13
1.90254820093e-09	2.2001929792e-11
1.90375459356e-09	4.54023416085e-11
1.90496098619e-09	6.93488183545e-11
1.90616737882e-09	9.13392764201e-11
1.90737377145e-09	1.08241075825e-10
1.90858016408e-09	1.17188619919e-10
1.90978655671e-09	1.1662909527e-10
1.91099294934e-09	1.06666904476e-10
1.91219934198e-09	8.9059370989e-11
1.91340573461e-09	6.62812305041e-11
1.91461212724e-09	4.07665602664e-11
1.91581851987e-09	1.41444373575e-11
1.9170249125e-09	-1.28764351612e-11
1.91823130513e-09	-3.99776878268e-11
1.91943769776e-09	-6.66407762306e-11
1.92064409039e-09	-9.14417985776e-11
1.92185048302e-09	-1.12020302756e-10
1.92305687565e-09	-1.25425905773e-10
1.92426326829e-09	-1.29170452112e-10
1.92546966092e-09	-1.2198224375e-10
1.92667605355e-09	-1.04399100476e-10
1.92788244618e-09	-7.87506726496e-11
1.92908883881e-09	-4.84087908648e-11
1.93029523144e-09	-1.70051386167e-11
1.93150162407e-09	1.25464968276e-11
1.9327080167e-09	3.83176684826e-11
1.93391440933e-09	5.93879390109e-11
1.93512080196e-09	7.53107853857e-11
1.9363271946e-09	8.56682433326e-11
1.93753358723e-09	8.98932248083e-11
1.93873997986e-09	8.74242067628e-11
1.93994637249e-09	7.83486400757e-11
1.94115276512e-09	6.3622579427e-11
1.94235915775e-09	4.53717723115e-11
1.94356555038e-09	2.63299815978e-11
1.94477194301e-09	9.23186353752e-12
1.94597833564e-09	-4.06735886291e-12
1.94718472827e-09	-1.30868493126e-11
1.94839112091e-09	-1.84849843765e-11
1.94959751354e-09	-2.16873741188e-11
1.95080390617e-09	-2.39654199263e-11
1.9520102988e-09	-2.60558623288e-11
1.95321669143e-09	-2.7837301908e-11
1.95442308406e-09	-2.87720298975e-11
1.95562947669e-09	-2.83440770854e-11
1.95683586932e-09	-2.64433995534e-11
1.95804226195e-09	-2.36086601657e-11
1.95924865458e-09	-2.05883053661e-11
1.96045504722e-09	-1.80829032304e-11
1.96166143985e-09	-1.62208198262e-11
1.96286783248e-09	-1.46259063888e-11
1.96407422511e-09	-1.2602401761e-11
1.96528061774e-09	-9.64305198192e-12
1.96648701037e-09	-5.73721061978e-12
1.967693403e-09	-1.41555538992e-12
1.96889979563e-09	2.3672968967e-12
1.97010618826e-09	4.96170552561e-12
1.9713125809e-09	6.24772542729e-12
1.97251897353e-09	6.93297199164e-12
1.97372536616e-09	8.2356586828e-12
1.97493175879e-09	1.13625888212e-11
1.97613815142e-09	1.68659704258e-11
1.97734454405e-09	2.4224974457e-11
1.97855093668e-09	3.1970873865e-11
1.97975732931e-09	3.79694990726e-11
1.98096372194e-09	4.03383958181e-11
1.98217011457e-09	3.79641422465e-11
1.98337650721e-09	3.09539234522e-11
1.98458289984e-09	2.04549138044e-11
1.98578929247e-09	8.17551755461e-12
1.9869956851e-09	-4.17567716515e-12
1.98820207773e-09	-1.54359389853e-11
1.98940847036e-09	-2.50142007802e-11
1.99061486299e-09	-3.27970289815e-11
1.99182125562e-09	-3.85505273537e-11
1.99302764825e-09	-4.18088758058e-11
1.99423404088e-09	-4.17632456395e-11
1.99544043352e-09	-3.75996109248e-11
1.99664682615e-09	-2.91138987918e-11
1.99785321878e-09	-1.69944579242e-11
1.99905961141e-09	-2.98688894798e-12
2.00026600404e-09	1.06320733467e-11
2.00147239667e-09	2.15648505997e-11
2.0026787893e-09	2.83702280418e-11
2.00388518193e-09	3.07776235053e-11
2.00509157456e-09	2.95617072488e-11
2.00629796719e-09	2.6112735238e-11
2.00750435983e-09	2.17196018115e-11
2.00871075246e-09	1.71998491838e-11
2.00991714509e-09	1.25969313106e-11
2.01112353772e-09	7.624112279e-12
2.01232993035e-09	1.94676501482e-12
2.01353632298e-09	-4.38183907561e-12
2.01474271561e-09	-1.08249928119e-11
2.01594910824e-09	-1.65881024194e-11
2.01715550087e-09	-2.08977991162e-11
2.0183618935e-09	-2.33946681472e-11
2.01956828614e-09	-2.40873657825e-11
2.02077467877e-09	-2.32787972926e-11
2.0219810714e-09	-2.11281842716e-11
2.02318746403e-09	-1.76016371617e-11
2.02439385666e-09	-1.23639891728e-11
2.02560024929e-09	-5.01228442432e-12
2.02680664192e-09	4.40844669797e-12
2.02801303455e-09	1.52365030315e-11
2.02921942718e-09	2.60282385922e-11
2.03042581982e-09	3.49091935914e-11
2.03163221245e-09	3.99939352469e-11
2.03283860508e-09	4.0121628242e-11
2.03404499771e-09	3.5098982748e-11
2.03525139034e-09	2.58414522419e-11
2.03645778297e-09	1.41441736795e-11
2.0376641756e-09	2.02494488191e-12
2.03887056823e-09	-8.66028949942e-12
2.04007696086e-09	-1.67626502956e-11
2.04128335349e-09	-2.18466945923e-11
2.04248974613e-09	-2.40898134773e-11
2.04369613876e-09	-2.39290028764e-11
2.04490253139e-09	-2.19118907047e-11
2.04610892402e-09	-1.85554627219e-11
2.04731531665e-09	-1.43323226551e-11
2.04852170928e-09	-9.97149064708e-12
2.04972810191e-09	-6.28312029141e-12
2.05093449454e-09	-4.19115480169e-12
2.05214088717e-09	-4.37662926733e-12
2.0533472798e-09	-6.93567642554e-12
2.05455367244e-09	-1.12646081699e-11
2.05576006507e-09	-1.60891404366e-11
2.0569664577e-09	-1.98825227116e-11
2.05817285033e-09	-2.12036898456e-11
2.05937924296e-09	-1.92859356957e-11
2.06058563559e-09	-1.40726727146e-11
2.06179202822e-09	-6.22521175234e-12
2.06299842085e-09	3.1879501209e-12
2.06420481348e-09	1.30968170337e-11
2.06541120611e-09	2.26072598142e-11
2.06661759875e-09	3.11872194736e-11
2.06782399138e-09	3.84802745224e-11
2.06903038401e-09	4.42894748653e-11
2.07023677664e-09	4.83149562025e-11
2.07144316927e-09	5.0224858994e-11
2.0726495619e-09	4.9656188883e-11
2.07385595453e-09	4.62832931702e-11
2.07506234716e-09	3.99277937102e-11
2.07626873979e-09	3.05248812338e-11
2.07747513242e-09	1.81761671686e-11
2.07868152506e-09	3.00143677273e-12
2.07988791769e-09	-1.46028363013e-11
2.08109431032e-09	-3.39678597749e-11
2.08230070295e-09	-5.39842719138e-11
2.08350709558e-09	-7.30004182103e-11
2.08471348821e-09	-8.89795043202e-11
2.08591988084e-09	-9.97123356106e-11
2.08712627347e-09	-1.03306391219e-10
2.0883326661e-09	-9.85220655059e-11
2.08953905873e-09	-8.52271239693e-11
2.09074545137e-09	-6.42808167806e-11
2.091951844e-09	-3.75119622864e-11
2.09315823663e-09	-7.31046560093e-12
2.09436462926e-09	2.37920707441e-11
2.09557102189e-09	5.32956040411e-11
2.09677741452e-09	7.90336684986e-11
2.09798380715e-09	9.91331114419e-11
2.09919019978e-09	1.12073246517e-10
2.10039659241e-09	1.16703799402e-10
2.10160298505e-09	1.12595800739e-10
2.10280937768e-09	1.00153600691e-10
2.10401577031e-09	8.07186886775e-11
2.10522216294e-09	5.65807331543e-11
2.10642855557e-09	3.0451814681e-11
2.1076349482e-09	5.06148898835e-12
2.10884134083e-09	-1.75095892646e-11
2.11004773346e-09	-3.61101946955e-11
2.11125412609e-09	-5.05253720806e-11
2.11246051872e-09	-6.11971306963e-11
2.11366691136e-09	-6.87152487688e-11
2.11487330399e-09	-7.34229621546e-11
2.11607969662e-09	-7.51695233836e-11
2.11728608925e-09	-7.35640229288e-11
2.11849248188e-09	-6.81728840046e-11
2.11969887451e-09	-5.90344578777e-11
2.12090526714e-09	-4.68471234027e-11
2.12211165977e-09	-3.29048246983e-11
2.1233180524e-09	-1.88215467517e-11
2.12452444503e-09	-6.01320555849e-12
2.12573083767e-09	4.5812563812e-12
2.1269372303e-09	1.27671753378e-11
2.12814362293e-09	1.88817295133e-11
2.12935001556e-09	2.36031593576e-11
2.13055640819e-09	2.75394013149e-11
2.13176280082e-09	3.10978742757e-11
2.13296919345e-09	3.44139126918e-11
2.13417558608e-09	3.74306453887e-11
2.13538197871e-09	4.02359916218e-11
2.13658837134e-09	4.29792521017e-11
2.13779476398e-09	4.59406193642e-11
2.13900115661e-09	4.92865297186e-11
2.14020754924e-09	5.28267395106e-11
2.14141394187e-09	5.57684107227e-11
2.1426203345e-09	5.67884871072e-11
2.14382672713e-09	5.42977260376e-11
2.14503311976e-09	4.68108572738e-11
2.14623951239e-09	3.36056286965e-11
2.14744590502e-09	1.48494619379e-11
2.14865229765e-09	-8.13398480515e-12
2.14985869029e-09	-3.323610831e-11
2.15106508292e-09	-5.79746181617e-11
2.15227147555e-09	-7.99258506601e-11
2.15347786818e-09	-9.71653937865e-11
2.15468426081e-09	-1.08347539274e-10
2.15589065344e-09	-1.1271636402e-10
2.15709704607e-09	-1.09882762611e-10
2.1583034387e-09	-9.99326177364e-11
2.15950983133e-09	-8.32856561495e-11
2.16071622396e-09	-6.08684630476e-11
2.1619226166e-09	-3.41970167461e-11
2.16312900923e-09	-5.20256233927e-12
2.16433540186e-09	2.386289083e-11
2.16554179449e-09	5.08980774194e-11
2.16674818712e-09	7.41634254009e-11
2.16795457975e-09	9.24871498831e-11
2.16916097238e-09	1.05197496547e-10
2.17036736501e-09	1.12029739652e-10
2.17157375764e-09	1.1293793678e-10
2.17278015028e-09	1.07966788288e-10
2.17398654291e-09	9.74052921654e-11
2.17519293554e-09	8.17024503608e-11
2.17639932817e-09	6.17445469753e-11
2.1776057208e-09	3.87218729303e-11
2.17881211343e-09	1.41052967917e-11
2.18001850606e-09	-1.051634127e-11
2.18122489869e-09	-3.36687830393e-11
2.18243129132e-09	-5.41066462467e-11
2.18363768395e-09	-7.08797326388e-11
2.18484407659e-09	-8.32920121763e-11
2.18605046922e-09	-9.10117467501e-11
2.18725686185e-09	-9.38272792794e-11
2.18846325448e-09	-9.18183792886e-11
2.18966964711e-09	-8.52939385787e-11
2.19087603974e-09	-7.48246464788e-11
2.19208243237e-09	-6.13348954959e-11
2.193288825e-09	-4.59438806444e-11
2.19449521763e-09	-2.99242366997e-11
2.19570161026e-09	-1.43830346938e-11
2.1969080029e-09	-1.51974285478e-13
2.19811439553e-09	1.2504503509e-11
2.19932078816e-09	2.37330502473e-11
2.20052718079e-09	3.40174173552e-11
2.20173357342e-09	4.38794764412e-11
2.20293996605e-09	5.34703080424e-11
2.20414635868e-09	6.25859780667e-11
2.20535275131e-09	7.05045466454e-11
2.20655914394e-09	7.63274235482e-11
2.20776553657e-09	7.9157513877e-11
2.20897192921e-09	7.838374394e-11
2.21017832184e-09	7.36961325298e-11
2.21138471447e-09	6.50873036023e-11
2.2125911071e-09	5.27408637596e-11
2.21379749973e-09	3.68877636769e-11
2.21500389236e-09	1.79751560858e-11
2.21621028499e-09	-3.3508428237e-12
2.21741667762e-09	-2.59869400304e-11
2.21862307025e-09	-4.84267764778e-11
2.21982946288e-09	-6.88911774849e-11
2.22103585552e-09	-8.55586088089e-11
2.22224224815e-09	-9.6982824549e-11
2.22344864078e-09	-1.02301521421e-10
2.22465503341e-09	-1.01378183626e-10
2.22586142604e-09	-9.46063435925e-11
2.22706781867e-09	-8.28289312138e-11
2.2282742113e-09	-6.69665919939e-11
2.22948060393e-09	-4.79443082457e-11
2.23068699656e-09	-2.66652498693e-11
2.23189338919e-09	-4.03008529326e-12
2.23309978183e-09	1.88577140015e-11
2.23430617446e-09	4.07975875305e-11
2.23551256709e-09	6.04601854692e-11
2.23671895972e-09	7.65891725041e-11
2.23792535235e-09	8.81635806027e-11
2.23913174498e-09	9.45761524651e-11
2.24033813761e-09	9.5573604586e-11
2.24154453024e-09	9.1246413203e-11
2.24275092287e-09	8.20140622082e-11
2.24395731551e-09	6.83568202042e-11
2.24516370814e-09	5.10125275355e-11
2.24637010077e-09	3.08486812484e-11
2.2475764934e-09	9.01433788725e-12
2.24878288603e-09	-1.30597112985e-11
2.24998927866e-09	-3.37709027409e-11
2.25119567129e-09	-5.14991660427e-11
2.25240206392e-09	-6.4921859555e-11
2.25360845655e-09	-7.31539065435e-11
2.25481484918e-09	-7.60660631705e-11
2.25602124182e-09	-7.40596403648e-11
2.25722763445e-09	-6.80828865507e-11
2.25843402708e-09	-5.92494317497e-11
2.25964041971e-09	-4.85569293107e-11
2.26084681234e-09	-3.68358121783e-11
2.26205320497e-09	-2.46135195558e-11
2.2632595976e-09	-1.2311128679e-11
2.26446599023e-09	-3.03697496838e-13
2.26567238286e-09	1.09084564298e-11
2.26687877549e-09	2.08754125097e-11
2.26808516813e-09	2.91642994477e-11
2.26929156076e-09	3.55896284665e-11
2.27049795339e-09	4.02618285933e-11
2.27170434602e-09	4.34145011607e-11
2.27291073865e-09	4.53500050013e-11
2.27411713128e-09	4.61433981302e-11
2.27532352391e-09	4.56647150648e-11
2.27652991654e-09	4.35526822939e-11
2.27773630917e-09	3.94750239441e-11
2.2789427018e-09	3.32850309814e-11
2.28014909444e-09	2.517699417e-11
2.28135548707e-09	1.56686920383e-11
2.2825618797e-09	5.42562089006e-12
2.28376827233e-09	-4.83777124263e-12
2.28497466496e-09	-1.46434340348e-11
2.28618105759e-09	-2.36708187773e-11
2.28738745022e-09	-3.17653230109e-11
2.28859384285e-09	-3.87733248286e-11
2.28980023548e-09	-4.44230451035e-11
2.29100662811e-09	-4.83253263794e-11
2.29221302075e-09	-4.99856371572e-11
2.29341941338e-09	-4.89855551955e-11
2.29462580601e-09	-4.50644799255e-11
2.29583219864e-09	-3.83176615437e-11
2.29703859127e-09	-2.90705359091e-11
2.2982449839e-09	-1.78743339574e-11
2.29945137653e-09	-5.38131258304e-12
2.30065776916e-09	7.81528834704e-12
2.30186416179e-09	2.1078565976e-11
2.30307055442e-09	3.3808147254e-11
2.30427694706e-09	4.5220362177e-11
2.30548333969e-09	5.4422782253e-11
2.30668973232e-09	6.04362948575e-11
2.30789612495e-09	6.24270218852e-11
2.30910251758e-09	5.99105140497e-11
2.31030891021e-09	5.29095378621e-11
2.31151530284e-09	4.20672593981e-11
2.31272169547e-09	2.83503689275e-11
2.3139280881e-09	1.29635746582e-11
2.31513448074e-09	-3.02361217661e-12
2.31634087337e-09	-1.87274275948e-11
2.317547266e-09	-3.34489796971e-11
2.31875365863e-09	-4.65285830697e-11
2.31996005126e-09	-5.71616885769e-11
2.32116644389e-09	-6.44377190495e-11
2.32237283652e-09	-6.73929939632e-11
2.32357922915e-09	-6.53707851739e-11
2.32478562178e-09	-5.8174923212e-11
2.32599201441e-09	-4.63303700959e-11
2.32719840705e-09	-3.09387584996e-11
2.32840479968e-09	-1.34887379044e-11
2.32961119231e-09	4.43652276375e-12
2.33081758494e-09	2.14923912001e-11
2.33202397757e-09	3.66250571537e-11
2.3332303702e-09	4.91199997343e-11
2.33443676283e-09	5.84190959496e-11
2.33564315546e-09	6.40573913357e-11
2.33684954809e-09	6.55852386289e-11
2.33805594072e-09	6.27069368653e-11
2.33926233336e-09	5.5416726763e-11
2.34046872599e-09	4.41699211928e-11
2.34167511862e-09	2.99918666291e-11
2.34288151125e-09	1.42278836282e-11
2.34408790388e-09	-1.58861107862e-12
2.34529429651e-09	-1.61716126601e-11
2.34650068914e-09	-2.86923783344e-11
2.34770708177e-09	-3.88265045115e-11
2.3489134744e-09	-4.66222581375e-11
2.35011986703e-09	-5.22575767381e-11
2.35132625967e-09	-5.57900149689e-11
2.3525326523e-09	-5.69424368768e-11
2.35373904493e-09	-5.5327489118e-11
2.35494543756e-09	-5.05482600222e-11
2.35615183019e-09	-4.25595114706e-11
2.35735822282e-09	-3.18169622593e-11
2.35856461545e-09	-1.92037705182e-11
2.35977100808e-09	-5.89688324212e-12
2.36097740071e-09	7.0539325249e-12
2.36218379334e-09	1.88892391312e-11
2.36339018598e-09	2.9287103992e-11
2.36459657861e-09	3.81739952149e-11
2.36580297124e-09	4.55733922822e-11
2.36700936387e-09	5.13144630954e-11
2.3682157565e-09	5.49701915931e-11
2.36942214913e-09	5.60803348204e-11
2.37062854176e-09	5.42334684106e-11
2.37183493439e-09	4.9421685494e-11
2.37304132702e-09	4.20263962519e-11
2.37424771965e-09	3.27675872547e-11
2.37545411229e-09	2.24011711958e-11
2.37666050492e-09	1.14816879962e-11
2.37786689755e-09	2.21745771701e-13
2.37907329018e-09	-1.14468356668e-11
2.38027968281e-09	-2.36031090506e-11
2.38148607544e-09	-3.61234271662e-11
2.38269246807e-09	-4.83835402298e-11
2.3838988607e-09	-5.94032878443e-11
2.38510525333e-09	-6.79767561684e-11
2.38631164597e-09	-7.30006888272e-11
2.3875180386e-09	-7.37857344668e-11
2.38872443123e-09	-7.01333435771e-11
2.38993082386e-09	-6.23053067472e-11
2.39113721649e-09	-5.08122918741e-11
2.39234360912e-09	-3.62863836201e-11
2.39355000175e-09	-1.92976155888e-11
2.39475639438e-09	-5.05550462604e-13
2.39596278701e-09	1.93243459429e-11
2.39716917964e-09	3.91402223132e-11
2.39837557228e-09	5.75565706207e-11
2.39958196491e-09	7.30850172048e-11
2.40078835754e-09	8.42920663824e-11
2.40199475017e-09	9.01708985257e-11
2.4032011428e-09	9.03320057644e-11
2.40440753543e-09	8.5070700484e-11
2.40561392806e-09	7.51491646689e-11
2.40682032069e-09	6.15959991346e-11
2.40802671332e-09	4.53929324684e-11
2.40923310595e-09	2.72640451882e-11
2.41043949859e-09	7.83204577581e-12
2.41164589122e-09	-1.23363732424e-11
2.41285228385e-09	-3.2430776814e-11
2.41405867648e-09	-5.13100083255e-11
2.41526506911e-09	-6.76294714674e-11
2.41647146174e-09	-8.00583557781e-11
2.41767785437e-09	-8.76337474809e-11
2.418884247e-09	-8.99856161807e-11
2.42009063963e-09	-8.74416511421e-11
2.42129703226e-09	-8.06927857866e-11
2.4225034249e-09	-7.06247282878e-11
2.42370981753e-09	-5.7926562852e-11
2.42491621016e-09	-4.29951664549e-11
2.42612260279e-09	-2.61080896485e-11
2.42732899542e-09	-7.59307287185e-12
2.42853538805e-09	1.18495890183e-11
2.42974178068e-09	3.11553768895e-11
2.43094817331e-09	4.89645789192e-11
2.43215456594e-09	6.40019356957e-11
2.43336095857e-09	7.53281742538e-11
2.43456735121e-09	8.25789436831e-11
2.43577374384e-09	8.5876653011e-11
2.43698013647e-09	8.5592546939e-11
2.4381865291e-09	8.21396978212e-11
2.43939292173e-09	7.56542190006e-11
2.44059931436e-09	6.61035323701e-11
2.44180570699e-09	5.33590012453e-11
2.44301209962e-09	3.75409703324e-11
2.44421849225e-09	1.91590753679e-11
2.44542488488e-09	-7.86613341738e-13
2.44663127752e-09	-2.09725813105e-11
2.44783767015e-09	-4.0060801898e-11
2.44904406278e-09	-5.69354979829e-11
2.45025045541e-09	-7.095832949e-11
2.45145684804e-09	-8.18113424228e-11
2.45266324067e-09	-8.94506343996e-11
2.4538696333e-09	-9.37626989939e-11
2.45507602593e-09	-9.43990094426e-11
2.45628241856e-09	-9.08178948711e-11
2.4574888112e-09	-8.2450761496e-11
2.45869520383e-09	-6.90171947371e-11
2.45990159646e-09	-5.07692984875e-11
2.46110798909e-09	-2.86852260695e-11
2.46231438172e-09	-4.25590248807e-12
2.46352077435e-09	2.0707605769e-11
2.46472716698e-09	4.44895301155e-11
2.46593355961e-09	6.57231283285e-11
2.46713995224e-09	8.34205413081e-11
2.46834634487e-09	9.69792163241e-11
2.46955273751e-09	1.05873712575e-10
2.47075913014e-09	1.0957845048e-10
2.47196552277e-09	1.07552279582e-10
2.4731719154e-09	9.94338847371e-11
2.47437830803e-09	8.52570514187e-11
2.47558470066e-09	6.57053370046e-11
2.47679109329e-09	4.21620828528e-11
2.47799748592e-09	1.64382552709e-11
2.47920387855e-09	-9.42824724542e-12
2.48041027118e-09	-3.36819565294e-11
2.48161666382e-09	-5.50282423795e-11
2.48282305645e-09	-7.27107055121e-11
2.48402944908e-09	-8.63915952665e-11
2.48523584171e-09	-9.58868609513e-11
2.48644223434e-09	-1.01003934383e-10
2.48764862697e-09	-1.0144634438e-10
2.4888550196e-09	-9.69596347655e-11
2.49006141223e-09	-8.74348995983e-11
2.49126780486e-09	-7.32446672758e-11
2.49247419749e-09	-5.51706944019e-11
2.49368059013e-09	-3.4390060244e-11
2.49488698276e-09	-1.23045401992e-11
2.49609337539e-09	9.76879948461e-12
2.49729976802e-09	3.06844272213e-11
2.49850616065e-09	4.95767836506e-11
2.49971255328e-09	6.57374085722e-11
2.50091894591e-09	7.86109649598e-11
2.50212533854e-09	8.75936823075e-11
2.50333173117e-09	9.21609039084e-11
2.5045381238e-09	9.19143025579e-11
2.50574451644e-09	8.67176816466e-11
2.50695090907e-09	7.68924576788e-11
2.5081573017e-09	6.31261570794e-11
2.50936369433e-09	4.65126444305e-11
2.51057008696e-09	2.8272061775e-11
2.51177647959e-09	9.59399747147e-12
2.51298287222e-09	-8.54547942825e-12
2.51418926485e-09	-2.54240031805e-11
2.51539565748e-09	-4.05551113525e-11
2.51660205011e-09	-5.3606109135e-11
2.51780844275e-09	-6.42406614015e-11
2.51901483538e-09	-7.2177160082e-11
2.52022122801e-09	-7.70767755176e-11
2.52142762064e-09	-7.87232917743e-11
2.52263401327e-09	-7.70037297815e-11
2.5238404059e-09	-7.19367690416e-11
2.52504679853e-09	-6.37216945876e-11
2.52625319116e-09	-5.26120778888e-11
2.52745958379e-09	-3.89320832517e-11
2.52866597643e-09	-2.30748736091e-11
2.52987236906e-09	-5.60222137777e-12
2.53107876169e-09	1.27730326316e-11
2.53228515432e-09	3.10731093633e-11
2.53349154695e-09	4.81669704122e-11
2.53469793958e-09	6.28946478232e-11
2.53590433221e-09	7.41649588964e-11
2.53711072484e-09	8.12293773911e-11
2.53831711747e-09	8.36562832895e-11
2.5395235101e-09	8.13852318871e-11
2.54072990274e-09	7.46637474069e-11
2.54193629537e-09	6.39894109922e-11
2.543142688e-09	4.99902896856e-11
2.54434908063e-09	3.34676904246e-11
2.54555547326e-09	1.5355793026e-11
2.54676186589e-09	-3.36706509028e-12
2.54796825852e-09	-2.15828119265e-11
2.54917465115e-09	-3.82750810213e-11
2.55038104378e-09	-5.25330404177e-11
2.55158743641e-09	-6.36950978072e-11
2.55279382905e-09	-7.13744965908e-11
2.55400022168e-09	-7.54240142564e-11
2.55520661431e-09	-7.58715382188e-11
2.55641300694e-09	-7.28039434295e-11
2.55761939957e-09	-6.63436250381e-11
2.5588257922e-09	-5.65448105005e-11
2.56003218483e-09	-4.36271678506e-11
2.56123857746e-09	-2.79460898867e-11
2.56244497009e-09	-1.01908542369e-11
2.56365136272e-09	8.59198909936e-12
2.56485775536e-09	2.71411434993e-11
2.56606414799e-09	4.40598633966e-11
2.56727054062e-09	5.80965275887e-11
2.56847693325e-09	6.82821993392e-11
2.56968332588e-09	7.40758773765e-11
2.57088971851e-09	7.52825163319e-11
2.57209611114e-09	7.20578388624e-11
2.57330250377e-09	6.47524811548e-11
2.5745088964e-09	5.38820515983e-11
2.57571528903e-09	4.0170679283e-11
2.57692168167e-09	2.44622603424e-11
2.5781280743e-09	7.84694011158e-12
2.57933446693e-09	-8.50202287045e-12
2.58054085956e-09	-2.34552204048e-11
2.58174725219e-09	-3.608877433e-11
2.58295364482e-09	-4.58146055815e-11
2.58416003745e-09	-5.24732549079e-11
2.58536643008e-09	-5.62206080301e-11
2.58657282271e-09	-5.73472345999e-11
2.58777921535e-09	-5.62046416352e-11
2.58898560798e-09	-5.29732889498e-11
2.59019200061e-09	-4.77204421812e-11
2.59139839324e-09	-4.04211560057e-11
2.59260478587e-09	-3.10766794243e-11
2.5938111785e-09	-1.98809215618e-11
2.59501757113e-09	-7.23298330951e-12
2.59622396376e-09	6.23328645644e-12
2.59743035639e-09	1.97424784854e-11
2.59863674902e-09	3.24348777003e-11
2.59984314166e-09	4.35504757257e-11
2.60104953429e-09	5.23985438372e-11
2.60225592692e-09	5.84377823909e-11
2.60346231955e-09	6.12952674728e-11
2.60466871218e-09	6.06980785078e-11
2.60587510481e-09	5.65900139249e-11
2.60708149744e-09	4.90675763909e-11
2.60828789007e-09	3.85258665248e-11
2.6094942827e-09	2.55957390699e-11
2.61070067533e-09	1.11454005747e-11
2.61190706797e-09	-3.82775582064e-12
2.6131134606e-09	-1.83169278356e-11
2.61431985323e-09	-3.14488608766e-11
2.61552624586e-09	-4.26253476959e-11
2.61673263849e-09	-5.14155523712e-11
2.61793903112e-09	-5.76443753841e-11
2.61914542375e-09	-6.11591402522e-11
2.62035181638e-09	-6.1815261243e-11
2.62155820901e-09	-5.94461910253e-11
2.62276460164e-09	-5.38812466866e-11
2.62397099428e-09	-4.50931965379e-11
2.62517738691e-09	-3.32830221716e-11
2.62638377954e-09	-1.89666182066e-11
2.62759017217e-09	-2.89957229234e-12
2.6287965648e-09	1.39149273701e-11
2.63000295743e-09	3.04288087782e-11
2.63120935006e-09	4.55756092588e-11
2.63241574269e-09	5.83492698603e-11
2.63362213532e-09	6.7873838494e-11
2.63482852795e-09	7.3376762999e-11
2.63603492059e-09	7.43019604177e-11
2.63724131322e-09	7.03604813301e-11
2.63844770585e-09	6.16605100312e-11
2.63965409848e-09	4.87188171749e-11
2.64086049111e-09	3.24968593701e-11
2.64206688374e-09	1.42446323834e-11
2.64327327637e-09	-4.63839036624e-12
2.644479669e-09	-2.27853413221e-11
2.64568606163e-09	-3.9040628369e-11
2.64689245426e-09	-5.2483222629e-11
2.6480988469e-09	-6.25107188235e-11
2.64930523953e-09	-6.87661316778e-11
2.65051163216e-09	-7.11145239918e-11
2.65171802479e-09	-6.96168261927e-11
2.65292441742e-09	-6.44977682374e-11
2.65413081005e-09	-5.61536026011e-11
2.65533720268e-09	-4.51064741114e-11
2.65654359531e-09	-3.20065675352e-11
2.65774998794e-09	-1.75580834594e-11
2.65895638058e-09	-2.52356816e-12
2.66016277321e-09	1.24013195546e-11
2.66136916584e-09	2.6565725314e-11
2.66257555847e-09	3.9356816417e-11
2.6637819511e-09	5.02958785731e-11
2.66498834373e-09	5.88926268863e-11
2.66619473636e-09	6.47265366305e-11
2.66740112899e-09	6.74260577926e-11
2.66860752162e-09	6.67412652922e-11
2.66981391425e-09	6.25816967692e-11
2.67102030689e-09	5.51160644902e-11
2.67222669952e-09	4.47731851594e-11
2.67343309215e-09	3.21690243887e-11
2.67463948478e-09	1.81047347253e-11
2.67584587741e-09	3.31947186752e-12
2.67705227004e-09	-1.14734471923e-11
2.67825866267e-09	-2.57020550676e-11
2.6794650553e-09	-3.89032382697e-11
2.68067144793e-09	-5.06156783153e-11
2.68187784056e-09	-6.03568930946e-11
2.6830842332e-09	-6.76180431092e-11
2.68429062583e-09	-7.19165074714e-11
2.68549701846e-09	-7.28359803026e-11
2.68670341109e-09	-7.02101501937e-11
2.68790980372e-09	-6.40497377358e-11
2.68911619635e-09	-5.46034259474e-11
2.69032258898e-09	-4.2261902311e-11
2.69152898161e-09	-2.74860689764e-11
2.69273537424e-09	-1.08331477469e-11
2.69394176687e-09	7.08783465947e-12
2.69514815951e-09	2.55219994444e-11
2.69635455214e-09	4.35527239273e-11
2.69756094477e-09	6.00977184684e-11
2.6987673374e-09	7.40347227968e-11
2.69997373003e-09	8.42515640587e-11
2.70118012266e-09	8.98726648657e-11
2.70238651529e-09	9.03700170252e-11
2.70359290792e-09	8.55698290003e-11
2.70479930055e-09	7.57555129738e-11
2.70600569318e-09	6.15162643047e-11
2.70721208582e-09	4.36957380001e-11
2.70841847845e-09	2.33118160192e-11
2.70962487108e-09	1.46931891567e-12
2.71083126371e-09	-2.06699674737e-11
2.71203765634e-09	-4.19042994748e-11
2.71324404897e-09	-6.10379385924e-11
2.7144504416e-09	-7.69656144373e-11
2.71565683423e-09	-8.86645618037e-11
2.71686322686e-09	-9.54249387841e-11
2.71806961949e-09	-9.68374755383e-11
2.71927601213e-09	-9.28344762174e-11
2.72048240476e-09	-8.37783661889e-11
2.72168879739e-09	-7.02867902769e-11
2.72289519002e-09	-5.32083786753e-11
2.72410158265e-09	-3.35114713756e-11
2.72530797528e-09	-1.22410631978e-11
2.72651436791e-09	9.56309857691e-12
2.72772076054e-09	3.07885245077e-11
2.72892715317e-09	5.03537524177e-11
2.73013354581e-09	6.72237057686e-11
2.73133993844e-09	8.04315294922e-11
2.73254633107e-09	8.92949603148e-11
2.7337527237e-09	9.33645105672e-11
2.73495911633e-09	9.25368254245e-11
2.73616550896e-09	8.70233538008e-11
2.73737190159e-09	7.72803349092e-11
2.73857829422e-09	6.39219233101e-11
2.73978468685e-09	4.76993965159e-11
2.74099107948e-09	2.94162472159e-11
2.74219747212e-09	9.90710465054e-12
2.74340386475e-09	-9.91059404681e-12
2.74461025738e-09	-2.91524304696e-11
2.74581665001e-09	-4.68957511712e-11
2.74702304264e-09	-6.23071316763e-11
2.74822943527e-09	-7.46715606015e-11
2.7494358279e-09	-8.34179669784e-11
2.75064222053e-09	-8.81615960791e-11
2.75184861316e-09	-8.87072360012e-11
2.75305500579e-09	-8.50328488178e-11
2.75426139843e-09	-7.72640701419e-11
2.75546779106e-09	-6.57354171096e-11
2.75667418369e-09	-5.0893820408e-11
2.75788057632e-09	-3.33997066115e-11
2.75908696895e-09	-1.40623467731e-11
2.76029336158e-09	6.19573316263e-12
2.76149975421e-09	2.63207719509e-11
2.76270614684e-09	4.52740796242e-11
2.76391253947e-09	6.20539036822e-11
2.7651189321e-09	7.57711671184e-11
2.76632532474e-09	8.57071844051e-11
2.76753171737e-09	9.13637290822e-11
2.76873811e-09	9.24215010079e-11
2.76994450263e-09	8.87897741442e-11
2.77115089526e-09	8.06313002477e-11
2.77235728789e-09	6.82712428257e-11
2.77356368052e-09	5.23308965605e-11
2.77477007315e-09	3.36018261826e-11
2.77597646578e-09	1.30482118166e-11
2.77718285841e-09	-8.24471827615e-12
2.77838925105e-09	-2.91728134705e-11
2.77959564368e-09	-4.86564191715e-11
2.78080203631e-09	-6.56974544211e-11
2.78200842894e-09	-7.93892451778e-11
2.78321482157e-09	-8.90104795426e-11
2.7844212142e-09	-9.39476066386e-11
2.78562760683e-09	-9.38656929961e-11
2.78683399946e-09	-8.86903606112e-11
2.78804039209e-09	-7.86445353285e-11
2.78924678472e-09	-6.43206529705e-11
2.79045317736e-09	-4.65677357786e-11
2.79165956999e-09	-2.64697101043e-11
2.79286596262e-09	-5.20426974085e-12
2.79407235525e-09	1.6003306319e-11
2.79527874788e-09	3.60331972593e-11
2.79648514051e-09	5.38395161787e-11
2.79769153314e-09	6.85379877852e-11
2.79889792577e-09	7.94209351063e-11
2.8001043184e-09	8.59698215394e-11
2.80131071104e-09	8.79372338836e-11
2.80251710367e-09	8.5287180096e-11
2.8037234963e-09	7.82983539116e-11
2.80492988893e-09	6.74502051434e-11
2.80613628156e-09	5.34313947254e-11
2.80734267419e-09	3.70325749233e-11
2.80854906682e-09	1.91249845821e-11
2.80975545945e-09	5.85029854422e-13
2.81096185208e-09	-1.77414194447e-11
2.81216824471e-09	-3.50108171621e-11
2.81337463735e-09	-5.04580058291e-11
2.81458102998e-09	-6.33312707832e-11
2.81578742261e-09	-7.29958316015e-11
2.81699381524e-09	-7.89257756373e-11
2.81820020787e-09	-8.07695854643e-11
2.8194066005e-09	-7.84328366144e-11
2.82061299313e-09	-7.20558057665e-11
2.82181938576e-09	-6.20392279216e-11
2.82302577839e-09	-4.89917204027e-11
2.82423217102e-09	-3.36936381573e-11
2.82543856366e-09	-1.69578413811e-11
2.82664495629e-09	3.52628354034e-13
2.82785134892e-09	1.73968860151e-11
2.82905774155e-09	3.33993041557e-11
2.83026413418e-09	4.75880411466e-11
2.83147052681e-09	5.92923557474e-11
2.83267691944e-09	6.79278161497e-11
2.83388331207e-09	7.30751778533e-11
2.8350897047e-09	7.45098913124e-11
2.83629609733e-09	7.22340867676e-11
2.83750248997e-09	6.64438851161e-11
2.8387088826e-09	5.74852214441e-11
2.83991527523e-09	4.58266896652e-11
2.84112166786e-09	3.19647641689e-11
2.84232806049e-09	1.64990382467e-11
2.84353445312e-09	7.88339391596e-14
2.84474084575e-09	-1.65465471186e-11
2.84594723838e-09	-3.25487276021e-11
2.84715363101e-09	-4.70642587402e-11
2.84836002364e-09	-5.92541363198e-11
2.84956641628e-09	-6.84092574255e-11
2.85077280891e-09	-7.39616839995e-11
2.85197920154e-09	-7.55898468818e-11
2.85318559417e-09	-7.3150277502e-11
2.8543919868e-09	-6.6747295191e-11
2.85559837943e-09	-5.66700089633e-11
2.85680477206e-09	-4.34352241674e-11
2.85801116469e-09	-2.77476253779e-11
2.85921755732e-09	-1.04635761861e-11
2.86042394995e-09	7.40633162438e-12
2.86163034259e-09	2.48456099444e-11
2.86283673522e-09	4.0835387155e-11
2.86404312785e-09	5.449249732e-11
2.86524952048e-09	6.50640860633e-11
2.86645591311e-09	7.2014963437e-11
2.86766230574e-09	7.49985143433e-11
2.86886869837e-09	7.3877418072e-11
2.870075091e-09	6.87451137682e-11
2.87128148363e-09	5.9862621804e-11
2.87248787627e-09	4.77394131171e-11
2.8736942689e-09	3.3027733326e-11
2.87490066153e-09	1.65509914801e-11
2.87610705416e-09	-7.48611892962e-13
2.87731344679e-09	-1.78780480004e-11
2.87851983942e-09	-3.38570733949e-11
2.87972623205e-09	-4.77936336341e-11
2.88093262468e-09	-5.89137211238e-11
2.88213901731e-09	-6.66701902019e-11
2.88334540994e-09	-7.06908906412e-11
2.88455180258e-09	-7.0827850529e-11
2.88575819521e-09	-6.7112038149e-11
2.88696458784e-09	-5.974941375e-11
2.88817098047e-09	-4.91378535084e-11
2.8893773731e-09	-3.5838255974e-11
2.89058376573e-09	-2.06087091836e-11
2.89179015836e-09	-4.34296609092e-12
2.89299655099e-09	1.19551391356e-11
2.89420294362e-09	2.73049065996e-11
2.89540933625e-09	4.08152400766e-11
2.89661572889e-09	5.17634685115e-11
2.89782212152e-09	5.96630037042e-11
2.89902851415e-09	6.4219116136e-11
2.90023490678e-09	6.53444937049e-11
2.90144129941e-09	6.30712496119e-11
2.90264769204e-09	5.75969931471e-11
2.90385408467e-09	4.92294920107e-11
2.9050604773e-09	3.8423823151e-11
2.90626686993e-09	2.57824109284e-11
2.90747326256e-09	1.20145508126e-11
2.9086796552e-09	-2.10213378822e-12
2.90988604783e-09	-1.5831166239e-11
2.91109244046e-09	-2.8476327199e-11
2.91229883309e-09	-3.95018358301e-11
2.91350522572e-09	-4.84652595834e-11
2.91471161835e-09	-5.5048809261e-11
2.91591801098e-09	-5.90082635532e-11
2.91712440361e-09	-6.01630759101e-11
2.91833079624e-09	-5.84203657672e-11
2.91953718887e-09	-5.37622030228e-11
2.92074358151e-09	-4.63316468524e-11
2.92194997414e-09	-3.63977528672e-11
2.92315636677e-09	-2.4425432163e-11
2.9243627594e-09	-1.10001495759e-11
2.92556915203e-09	3.17173023956e-12
2.92677554466e-09	1.73155552396e-11
2.92798193729e-09	3.06726276322e-11
2.92918832992e-09	4.25028241768e-11
2.93039472255e-09	5.21640369788e-11
2.93160111518e-09	5.91158857977e-11
2.93280750782e-09	6.29694976717e-11
2.93401390045e-09	6.34685221046e-11
2.93522029308e-09	6.05520425467e-11
2.93642668571e-09	5.4349302836e-11
2.93763307834e-09	4.51555182135e-11
2.93883947097e-09	3.3465799576e-11
2.9400458636e-09	1.99155223563e-11
2.94125225623e-09	5.25455200184e-12
2.94245864886e-09	-9.73064424176e-12
2.9436650415e-09	-2.42368052711e-11
2.94487143413e-09	-3.75130586316e-11
2.94607782676e-09	-4.88768747697e-11
2.94728421939e-09	-5.77334222096e-11
2.94849061202e-09	-6.36134825371e-11
2.94969700465e-09	-6.61518825829e-11
2.95090339728e-09	-6.51664971985e-11
2.95210978991e-09	-6.06446004525e-11
2.95331618254e-09	-5.27686470908e-11
2.95452257517e-09	-4.19273574193e-11
2.95572896781e-09	-2.86903643204e-11
2.95693536044e-09	-1.37794047006e-11
2.95814175307e-09	1.99193678045e-12
2.9593481457e-09	1.7712930081e-11
2.96055453833e-09	3.24853755007e-11
2.96176093096e-09	4.5428962675e-11
2.96296732359e-09	5.57846199789e-11
2.96417371622e-09	6.29412563735e-11
2.96538010885e-09	6.64961558039e-11
2.96658650148e-09	6.63157445624e-11
2.96779289412e-09	6.24804583071e-11
2.96899928675e-09	5.53208798215e-11
2.97020567938e-09	4.5315459718e-11
2.97141207201e-09	3.30910021606e-11
2.97261846464e-09	1.93216970201e-11
2.97382485727e-09	4.74416339546e-12
2.9750312499e-09	-9.90362913206e-12
2.97623764253e-09	-2.39030201882e-11
2.97744403516e-09	-3.65474213393e-11
2.97865042779e-09	-4.72416099295e-11
2.97985682043e-09	-5.54539782149e-11
2.98106321306e-09	-6.08150405035e-11
2.98226960569e-09	-6.31007884833e-11
2.98347599832e-09	-6.22458334876e-11
2.98468239095e-09	-5.83266698828e-11
2.98588878358e-09	-5.15529702261e-11
2.98709517621e-09	-4.22470010364e-11
2.98830156884e-09	-3.08085432166e-11
2.98950796147e-09	-1.77635215565e-11
2.9907143541e-09	-3.69102838571e-12
2.99192074674e-09	1.07112426567e-11
2.99312713937e-09	2.46809309101e-11
2.994333532e-09	3.74459352415e-11
2.99553992463e-09	4.82657872003e-11
2.99674631726e-09	5.65120346352e-11
2.99795270989e-09	6.17375733869e-11
2.99915910252e-09	6.37047151142e-11
3.00036549515e-09	6.23606583039e-11
3.00157188778e-09	5.78559422593e-11
3.00277828041e-09	5.04460188899e-11
3.00398467305e-09	4.04982679336e-11
3.00519106568e-09	2.84875213696e-11
3.00639745831e-09	1.4952625943e-11
3.00760385094e-09	5.45290266933e-13
3.00881024357e-09	-1.40041086366e-11
3.0100166362e-09	-2.79185251306e-11
3.01122302883e-09	-4.04304333068e-11
3.01242942146e-09	-5.08398843857e-11
3.01363581409e-09	-5.85848175527e-11
3.01484220673e-09	-6.32734767358e-11
3.01604859936e-09	-6.46671396987e-11
3.01725499199e-09	-6.27227783601e-11
3.01846138462e-09	-5.75063330288e-11
3.01966777725e-09	-4.92587914902e-11
3.02087416988e-09	-3.83359975709e-11
3.02208056251e-09	-2.52333761525e-11
3.02328695514e-09	-1.06110667128e-11
3.02449334777e-09	4.74798325656e-12
3.0256997404e-09	1.99578721605e-11
3.02690613304e-09	3.4118506631e-11
3.02811252567e-09	4.63428150022e-11
3.0293189183e-09	5.59108523368e-11
3.03052531093e-09	6.2270202883e-11
3.03173170356e-09	6.51214568381e-11
3.03293809619e-09	6.43936223788e-11
3.03414448882e-09	6.02119742954e-11
3.03535088145e-09	5.29051559506e-11
3.03655727408e-09	4.28885017778e-11
3.03776366671e-09	3.07109546127e-11
3.03897005935e-09	1.70081934647e-11
3.04017645198e-09	2.50743436431e-12
3.04138284461e-09	-1.20230683048e-11
3.04258923724e-09	-2.57624026279e-11
3.04379562987e-09	-3.79440888432e-11
3.0450020225e-09	-4.79163445033e-11
3.04620841513e-09	-5.51574827479e-11
3.04741480776e-09	-5.93710497432e-11
3.04862120039e-09	-6.04157765483e-11
3.04982759302e-09	-5.83285433842e-11
3.05103398566e-09	-5.32755436988e-11
3.05224037829e-09	-4.55387463849e-11
3.05344677092e-09	-3.54956723736e-11
3.05465316355e-09	-2.36541307375e-11
3.05585955618e-09	-1.06227032379e-11
3.05706594881e-09	2.90558484391e-12
3.05827234144e-09	1.61554242206e-11
3.05947873407e-09	2.83985387289e-11
3.0606851267e-09	3.89494790587e-11
3.06189151933e-09	4.72500927273e-11
3.06309791197e-09	5.29189712883e-11
3.0643043046e-09	5.57240781296e-11
3.06551069723e-09	5.56070606228e-11
3.06671708986e-09	5.26559837399e-11
3.06792348249e-09	4.70994770962e-11
3.06912987512e-09	3.92590786269e-11
3.07033626775e-09	2.95723480426e-11
3.07154266038e-09	1.85285883858e-11
3.07274905301e-09	6.67608720042e-12
3.07395544564e-09	-5.39147849629e-12
3.07516183828e-09	-1.71114771658e-11
3.07636823091e-09	-2.78878829751e-11
3.07757462354e-09	-3.72057246123e-11
3.07878101617e-09	-4.46106693253e-11
3.0799874088e-09	-4.97390809095e-11
3.08119380143e-09	-5.23357607252e-11
3.08240019406e-09	-5.22779076972e-11
3.08360658669e-09	-4.95573547477e-11
3.08481297932e-09	-4.42775469067e-11
3.08601937196e-09	-3.66931346418e-11
3.08722576459e-09	-2.71386073336e-11
3.08843215722e-09	-1.61126788994e-11
3.08963854985e-09	-4.19032733859e-12
3.09084494248e-09	7.98643356309e-12
3.09205133511e-09	1.9722374775e-11
3.09325772774e-09	3.03763680876e-11
3.09446412037e-09	3.93703646073e-11
3.095670513e-09	4.62285001945e-11
3.09687690563e-09	5.05921034233e-11
3.09808329827e-09	5.22694283689e-11
3.0992896909e-09	5.11522456337e-11
3.10049608353e-09	4.73117482691e-11
3.10170247616e-09	4.09513915833e-11
3.10290886879e-09	3.23960823445e-11
3.10411526142e-09	2.21214400964e-11
3.10532165405e-09	1.06699597074e-11
3.10652804668e-09	-1.3531638917e-12
3.10773443931e-09	-1.33205963621e-11
3.10894083194e-09	-2.46088791706e-11
3.11014722458e-09	-3.46465529877e-11
3.11135361721e-09	-4.28691526722e-11
3.11256000984e-09	-4.88096126017e-11
3.11376640247e-09	-5.21060902758e-11
3.1149727951e-09	-5.25041017607e-11
3.11617918773e-09	-4.99582354652e-11
3.11738558036e-09	-4.45833717166e-11
3.11859197299e-09	-3.66875661795e-11
3.11979836562e-09	-2.67411318783e-11
3.12100475825e-09	-1.53306672912e-11
3.12221115089e-09	-3.12078661524e-12
3.12341754352e-09	9.17694913116e-12
3.12462393615e-09	2.08533103979e-11
3.12583032878e-09	3.12622427945e-11
3.12703672141e-09	3.98028172921e-11
3.12824311404e-09	4.6032261336e-11
3.12944950667e-09	4.96325203159e-11
3.1306558993e-09	5.04451827532e-11
3.13186229193e-09	4.85025977714e-11
3.13306868456e-09	4.39633295046e-11
3.1342750772e-09	3.71360754647e-11
3.13548146983e-09	2.84244260074e-11
3.13668786246e-09	1.83211831123e-11
3.13789425509e-09	7.35692496506e-12
3.13910064772e-09	-3.89131305303e-12
3.14030704035e-09	-1.48674701023e-11
3.14151343298e-09	-2.50225864334e-11
3.14271982561e-09	-3.38319615378e-11
3.14392621824e-09	-4.08696132492e-11
3.14513261088e-09	-4.57369871143e-11
3.14633900351e-09	-4.81716819212e-11
3.14754539614e-09	-4.80324495455e-11
3.14875178877e-09	-4.5310880048e-11
3.1499581814e-09	-4.01553686136e-11
3.15116457403e-09	-3.28695647089e-11
3.15237096666e-09	-2.38629359328e-11
3.15357735929e-09	-1.36270916426e-11
3.15478375192e-09	-2.73491407472e-12
3.15599014455e-09	8.26554623357e-12
3.15719653719e-09	1.87858981843e-11
3.15840292982e-09	2.82966618886e-11
3.15960932245e-09	3.63049486307e-11
3.16081571508e-09	4.23861640231e-11
3.16202210771e-09	4.62261999512e-11
3.16322850034e-09	4.76424837081e-11
3.16443489297e-09	4.65736199606e-11
3.1656412856e-09	4.30935218065e-11
3.16684767823e-09	3.74239493561e-11
3.16805407086e-09	2.98332955562e-11
3.1692604635e-09	2.07033609007e-11
3.17046685613e-09	1.04648442689e-11
3.17167324876e-09	-4.12413430229e-13
3.17287964139e-09	-1.13945953367e-11
3.17408603402e-09	-2.19285613973e-11
3.17529242665e-09	-3.14410233959e-11
3.17649881928e-09	-3.9392003548e-11
3.17770521191e-09	-4.52968149101e-11
3.17891160454e-09	-4.87876197774e-11
3.18011799717e-09	-4.96138824468e-11
3.18132438981e-09	-4.76990218157e-11
3.18253078244e-09	-4.31335904494e-11
3.18373717507e-09	-3.61438934338e-11
3.1849435677e-09	-2.7130801078e-11
3.18614996033e-09	-1.65846416461e-11
3.18735635296e-09	-5.09064622053e-12
3.18856274559e-09	6.70611613116e-12
3.18976913822e-09	1.81525176834e-11
3.19097553085e-09	2.86057063453e-11
3.19218192348e-09	3.74832595518e-11
3.19338831612e-09	4.42899709963e-11
3.19459470875e-09	4.86584453285e-11
3.19580110138e-09	5.03505917515e-11
3.19700749401e-09	4.93170226878e-11
3.19821388664e-09	4.56390064629e-11
3.19942027927e-09	3.95426712207e-11
3.2006266719e-09	3.14019539538e-11
3.20183306453e-09	2.16514531998e-11
3.20303945716e-09	1.08257326714e-11
3.20424584979e-09	-5.05994985495e-13
3.20545224243e-09	-1.17511868292e-11
3.20665863506e-09	-2.23251261228e-11
3.20786502769e-09	-3.16551333757e-11
3.20907142032e-09	-3.92611013145e-11
3.21027781295e-09	-4.47427962735e-11
3.21148420558e-09	-4.78133470316e-11
3.21269059821e-09	-4.83542164642e-11
3.21389699084e-09	-4.63467215994e-11
3.21510338347e-09	-4.19405066232e-11
3.21630977611e-09	-3.53951624954e-11
3.21751616874e-09	-2.70806970598e-11
3.21872256137e-09	-1.74438814088e-11
3.219928954e-09	-7.0106529089e-12
3.22113534663e-09	3.68331927458e-12
3.22234173926e-09	1.40972806345e-11
3.22354813189e-09	2.36972871881e-11
3.22475452452e-09	3.20371854046e-11
3.22596091715e-09	3.87096465992e-11
3.22716730978e-09	4.34152852558e-11
3.22837370242e-09	4.59473119274e-11
3.22958009505e-09	4.61987531564e-11
3.23078648768e-09	4.41770023341e-11
3.23199288031e-09	3.99831626141e-11
3.23319927294e-09	3.38188713145e-11
3.23440566557e-09	2.59698651472e-11
3.2356120582e-09	1.68156339547e-11
3.23681845083e-09	6.77796360704e-12
3.23802484346e-09	-3.64531972316e-12
