% time-domain voltage integration by openEMS v0.37.0-rc1-2-g7b051bb @Tue Jul 14 02:21:40 2026
% start-coordinates: (0.00742736,0.00578575,-0.000762) m -> [176,152,14]
% stop-coordinates: (0.00770577,0.00578575,-0.000762) m -> [181,152,14]
% t/s	voltage
0	0
1.15462569568e-12	0
2.30925139136e-12	0
3.46387708705e-12	0
4.61850278273e-12	0
5.77312847841e-12	0
6.92775417409e-12	0
8.08237986977e-12	0
9.23700556545e-12	0
1.03916312611e-11	0
1.15462569568e-11	0
1.27008826525e-11	0
1.38555083482e-11	0
1.50101340439e-11	0
1.61647597395e-11	0
1.73193854352e-11	0
1.84740111309e-11	0
1.96286368266e-11	0
2.07832625223e-11	0
2.1937888218e-11	0
2.30925139136e-11	0
2.42471396093e-11	0
2.5401765305e-11	0
2.65563910007e-11	0
2.77110166964e-11	0
2.8865642392e-11	0
3.00202680877e-11	0
3.11748937834e-11	0
3.23295194791e-11	0
3.34841451748e-11	0
3.46387708705e-11	0
3.57933965661e-11	0
3.69480222618e-11	0
3.81026479575e-11	0
3.92572736532e-11	0
4.04118993489e-11	0
4.15665250445e-11	0
4.27211507402e-11	0
4.38757764359e-11	0
4.50304021316e-11	0
4.61850278273e-11	0
4.7339653523e-11	0
4.84942792186e-11	0
4.96489049143e-11	0
5.080353061e-11	0
5.19581563057e-11	0
5.31127820014e-11	0
5.4267407697e-11	0
5.54220333927e-11	0
5.65766590884e-11	0
5.77312847841e-11	0
5.88859104798e-11	0
6.00405361755e-11	0
6.11951618711e-11	0
6.23497875668e-11	0
6.35044132625e-11	0
6.46590389582e-11	0
6.58136646539e-11	0
6.69682903495e-11	0
6.81229160452e-11	0
6.92775417409e-11	0
7.04321674366e-11	0
7.15867931323e-11	0
7.2741418828e-11	0
7.38960445236e-11	0
7.50506702193e-11	0
7.6205295915e-11	0
7.73599216107e-11	0
7.85145473064e-11	0
7.9669173002e-11	0
8.08237986977e-11	0
8.19784243934e-11	0
8.31330500891e-11	0
8.42876757848e-11	0
8.54423014805e-11	0
8.65969271761e-11	0
8.77515528718e-11	0
8.89061785675e-11	0
9.00608042632e-11	0
9.12154299589e-11	0
9.23700556545e-11	0
9.35246813502e-11	0
9.46793070459e-11	0
9.58339327416e-11	0
9.69885584373e-11	0
9.8143184133e-11	0
9.92978098286e-11	0
1.00452435524e-10	0
1.0160706122e-10	0
1.02761686916e-10	0
1.03916312611e-10	0
1.05070938307e-10	0
1.06225564003e-10	0
1.07380189698e-10	0
1.08534815394e-10	0
1.0968944109e-10	2.76721504374e-35
1.10844066785e-10	1.14042991683e-33
1.11998692481e-10	1.88846367008e-32
1.13153318177e-10	1.99913047554e-31
1.14307943872e-10	-2.71685779185e-32
1.15462569568e-10	-6.00395569858e-29
1.16617195264e-10	-1.66946090741e-27
1.1777182096e-10	-3.03550294396e-26
1.18926446655e-10	-4.26597316053e-25
1.20081072351e-10	-4.87517745338e-24
1.21235698047e-10	-4.61942218064e-23
1.22390323742e-10	-3.64616716875e-22
1.23544949438e-10	-2.37791070777e-21
1.24699575134e-10	-1.24393369318e-20
1.25854200829e-10	-4.76116711065e-20
1.27008826525e-10	-8.16711809874e-20
1.28163452221e-10	5.73911221427e-19
1.29318077916e-10	7.19331594537e-18
1.30472703612e-10	4.83006401655e-17
1.31627329308e-10	2.47316818906e-16
1.32781955003e-10	1.04953554917e-15
1.33936580699e-10	3.81402509003e-15
1.35091206395e-10	1.20418189072e-14
1.3624583209e-10	3.31636294151e-14
1.37400457786e-10	7.91681275386e-14
1.38555083482e-10	1.59951099674e-13
1.39709709177e-10	2.54713225745e-13
1.40864334873e-10	2.34681614826e-13
1.42018960569e-10	-2.99053909755e-13
1.43173586265e-10	-2.29080521371e-12
1.4432821196e-10	-7.59742008888e-12
1.45482837656e-10	-1.93095539558e-11
1.46637463352e-10	-4.16969063444e-11
1.47792089047e-10	-7.92141725478e-11
1.48946714743e-10	-1.33838589517e-10
1.50101340439e-10	-2.00101730324e-10
1.51255966134e-10	-2.5777457599e-10
1.5241059183e-10	-2.63479432716e-10
1.53565217526e-10	-1.44550541675e-10
1.54719843221e-10	1.99162679404e-10
1.55874468917e-10	8.78226789902e-10
1.57029094613e-10	1.974805236e-09
1.58183720308e-10	3.48085077428e-09
1.59338346004e-10	5.2227313585e-09
1.604929717e-10	6.79633038736e-09
1.61647597395e-10	7.55018381149e-09
1.62802223091e-10	6.65856625393e-09
1.63956848787e-10	3.31296523548e-09
1.65111474482e-10	-2.97503940927e-09
1.66266100178e-10	-1.20196181896e-08
1.67420725874e-10	-2.2670152422e-08
1.6857535157e-10	-3.27310916148e-08
1.69729977265e-10	-3.9221939474e-08
1.70884602961e-10	-3.90266716721e-08
1.72039228657e-10	-2.98470212989e-08
1.73193854352e-10	-1.12225058135e-08
1.74348480048e-10	1.47293597319e-08
1.75503105744e-10	4.32067377432e-08
1.76657731439e-10	6.74762228314e-08
1.77812357135e-10	8.04581272718e-08
1.78966982831e-10	7.68083179281e-08
1.80121608526e-10	5.48989609328e-08
1.81276234222e-10	1.79976484826e-08
1.82430859918e-10	-2.59209387288e-08
1.83585485613e-10	-6.592324997e-08
1.84740111309e-10	-9.10906390317e-08
1.85894737005e-10	-9.38802502404e-08
1.870493627e-10	-7.27545454993e-08
1.88203988396e-10	-3.30628120437e-08
1.89358614092e-10	1.43255289853e-08
1.90513239787e-10	5.63463946612e-08
1.91667865483e-10	8.19555676657e-08
1.92822491179e-10	8.57233786178e-08
1.93977116875e-10	6.94354698183e-08
1.9513174257e-10	4.1045391086e-08
1.96286368266e-10	1.13722844475e-08
1.97440993962e-10	-1.01262938035e-08
1.98595619657e-10	-1.87773243621e-08
1.99750245353e-10	-1.59301614122e-08
2.00904871049e-10	-7.58983131899e-09
2.02059496744e-10	-1.17577170222e-09
2.0321412244e-10	-1.94246838059e-09
2.04368748136e-10	-1.06860020832e-08
2.05523373831e-10	-2.36942896414e-08
2.06677999527e-10	-3.48079352008e-08
2.07832625223e-10	-3.84722427249e-08
2.08987250918e-10	-3.22595190561e-08
2.10141876614e-10	-1.76973697918e-08
2.1129650231e-10	8.48876663406e-10
2.12451128005e-10	1.85063147029e-08
2.13605753701e-10	3.2145099027e-08
2.14760379397e-10	4.13882697003e-08
2.15915005092e-10	4.79378949869e-08
2.17069630788e-10	5.36969877452e-08
2.18224256484e-10	5.88118935774e-08
2.1937888218e-10	6.07963692723e-08
2.20533507875e-10	5.53114181123e-08
2.21688133571e-10	3.82862954673e-08
2.22842759267e-10	8.35860136661e-09
2.23997384962e-10	-3.15611354829e-08
2.25152010658e-10	-7.4378765369e-08
2.26306636354e-10	-1.10583735058e-07
2.27461262049e-10	-1.31007602988e-07
2.28615887745e-10	-1.29540232763e-07
2.29770513441e-10	-1.04902869502e-07
2.30925139136e-10	-6.10510486609e-08
2.32079764832e-10	-6.2980348714e-09
2.33234390528e-10	4.84392197464e-08
2.34389016223e-10	9.18166005448e-08
2.35543641919e-10	1.1429155844e-07
2.36698267615e-10	1.1010260792e-07
2.3785289331e-10	7.8687563132e-08
2.39007519006e-10	2.51974159315e-08
2.40162144702e-10	-4.01665145588e-08
2.41316770397e-10	-1.04036012694e-07
2.42471396093e-10	-1.52692726019e-07
2.43626021789e-10	-1.75220089105e-07
2.44780647485e-10	-1.66221219899e-07
2.4593527318e-10	-1.27379886194e-07
2.47089898876e-10	-6.73954136943e-08
2.48244524572e-10	-1.9250401273e-10
2.49399150267e-10	5.82985535402e-08
2.50553775963e-10	9.41319813208e-08
2.51708401659e-10	9.91546560414e-08
2.52863027354e-10	7.35446397115e-08
2.5401765305e-10	2.6153547994e-08
2.55172278746e-10	-2.77323910503e-08
2.56326904441e-10	-7.07690919199e-08
2.57481530137e-10	-8.88124063181e-08
2.58636155833e-10	-7.53681659305e-08
2.59790781528e-10	-3.37112160409e-08
2.60945407224e-10	2.40970814414e-08
2.6210003292e-10	8.09848517136e-08
2.63254658615e-10	1.20158517802e-07
2.64409284311e-10	1.30143952504e-07
2.65563910007e-10	1.08007391475e-07
2.66718535702e-10	5.98943001862e-08
2.67873161398e-10	-1.05710407095e-09
2.69027787094e-10	-5.85897335093e-08
2.7018241279e-10	-9.77515224321e-08
2.71337038485e-10	-1.08661873277e-07
2.72491664181e-10	-8.87511193426e-08
2.73646289877e-10	-4.3084655843e-08
2.74800915572e-10	1.71227474421e-08
2.75955541268e-10	7.73150272693e-08
2.77110166964e-10	1.23045051481e-07
2.78264792659e-10	1.43351780224e-07
2.79419418355e-10	1.33373028177e-07
2.80574044051e-10	9.55867269781e-08
2.81728669746e-10	3.93013483979e-08
2.82883295442e-10	-2.15945346049e-08
2.84037921138e-10	-7.21667978709e-08
2.85192546833e-10	-1.00392599123e-07
2.86347172529e-10	-1.00445221918e-07
2.87501798225e-10	-7.42927044328e-08
2.8865642392e-10	-3.10585845931e-08
2.89811049616e-10	1.57003288148e-08
2.90965675312e-10	5.19761802487e-08
2.92120301007e-10	6.73402569262e-08
2.93274926703e-10	5.781382173e-08
2.94429552399e-10	2.6773810502e-08
2.95584178095e-10	-1.62735969145e-08
2.9673880379e-10	-5.85681849685e-08
2.97893429486e-10	-8.77149188838e-08
2.99048055182e-10	-9.5037226977e-08
3.00202680877e-10	-7.78202933205e-08
3.01357306573e-10	-3.99352626523e-08
3.02511932269e-10	9.23707099698e-09
3.03666557964e-10	5.72562219858e-08
3.0482118366e-10	9.18187952337e-08
3.05975809356e-10	1.03921676597e-07
3.07130435051e-10	9.01933292496e-08
3.08285060747e-10	5.3766674224e-08
3.09439686443e-10	3.44629480509e-09
3.10594312138e-10	-4.85991873411e-08
3.11748937834e-10	-8.99929544218e-08
3.1290356353e-10	-1.1128854549e-07
3.14058189225e-10	-1.08221362538e-07
3.15212814921e-10	-8.24908186203e-08
3.16367440617e-10	-4.09585312333e-08
3.17522066312e-10	6.39865183061e-09
3.18676692008e-10	4.91313931761e-08
3.19831317704e-10	7.87965825921e-08
3.209859434e-10	9.06426764757e-08
3.22140569095e-10	8.42117042765e-08
3.23295194791e-10	6.29219334414e-08
3.24449820487e-10	3.29105684926e-08
3.25604446182e-10	1.48506729136e-09
3.26759071878e-10	-2.4479989591e-08
3.27913697574e-10	-3.99317401367e-08
3.29068323269e-10	-4.2640516007e-08
3.30222948965e-10	-3.36865810802e-08
3.31377574661e-10	-1.72686323019e-08
3.32532200356e-10	2.98310889879e-10
3.33686826052e-10	1.23101738803e-08
3.34841451748e-10	1.37456726002e-08
3.35996077443e-10	3.08598852028e-09
3.37150703139e-10	-1.67799329986e-08
3.38305328835e-10	-3.90571237574e-08
3.3945995453e-10	-5.49941940875e-08
3.40614580226e-10	-5.67643279048e-08
3.41769205922e-10	-4.03422624196e-08
3.42923831617e-10	-7.34736871344e-09
3.44078457313e-10	3.48866788791e-08
3.45233083009e-10	7.51613145056e-08
3.46387708705e-10	1.0165671771e-07
3.475423344e-10	1.05540979511e-07
3.48696960096e-10	8.37565519163e-08
3.49851585792e-10	4.00635529196e-08
3.51006211487e-10	-1.59677577827e-08
3.52160837183e-10	-7.16198185202e-08
3.53315462879e-10	-1.14450076083e-07
3.54470088574e-10	-1.3542151045e-07
3.5562471427e-10	-1.30853853975e-07
3.56779339966e-10	-1.02758352938e-07
3.57933965661e-10	-5.77189389617e-08
3.59088591357e-10	-4.91473028941e-09
3.60243217053e-10	4.6035705914e-08
3.61397842748e-10	8.68570921853e-08
3.62552468444e-10	1.11715282358e-07
3.6370709414e-10	1.17659610055e-07
3.64861719835e-10	1.04658538724e-07
3.66016345531e-10	7.54102602585e-08
3.67170971227e-10	3.49746342998e-08
3.68325596922e-10	-9.7896944995e-09
3.69480222618e-10	-5.10886528637e-08
3.70634848314e-10	-8.14426277529e-08
3.7178947401e-10	-9.5162220326e-08
3.72944099705e-10	-8.96846170662e-08
3.74098725401e-10	-6.6383040398e-08
3.75253351097e-10	-3.05157672464e-08
3.76407976792e-10	9.84197601195e-09
3.77562602488e-10	4.57211619675e-08
3.78717228184e-10	6.95604729373e-08
3.79871853879e-10	7.72106938385e-08
3.81026479575e-10	6.89679486854e-08
3.82181105271e-10	4.92602478808e-08
3.83335730966e-10	2.50809899516e-08
3.84490356662e-10	3.66274943708e-09
3.85644982358e-10	-9.82007519745e-09
3.86799608053e-10	-1.36793433247e-08
3.87954233749e-10	-9.80153180841e-09
3.89108859445e-10	-2.48977993778e-09
3.9026348514e-10	3.43695791272e-09
3.91418110836e-10	4.55893101048e-09
3.92572736532e-10	5.41628616957e-11
3.93727362227e-10	-8.20974110916e-09
3.94881987923e-10	-1.65901803406e-08
3.96036613619e-10	-2.11537094508e-08
3.97191239315e-10	-1.91723241727e-08
3.9834586501e-10	-1.01079516979e-08
3.99500490706e-10	4.22603679828e-09
4.00655116402e-10	2.03029497658e-08
4.01809742097e-10	3.40126318221e-08
4.02964367793e-10	4.1874118839e-08
4.04118993489e-10	4.19541388297e-08
4.05273619184e-10	3.42384889329e-08
4.0642824488e-10	2.04286827454e-08
4.07582870576e-10	3.367518292e-09
4.08737496271e-10	-1.36620326163e-08
4.09892121967e-10	-2.76052731785e-08
4.11046747663e-10	-3.61578003094e-08
4.12201373358e-10	-3.81031877161e-08
4.13355999054e-10	-3.35090630799e-08
4.1451062475e-10	-2.37511124102e-08
4.15665250445e-10	-1.12623648185e-08
4.16819876141e-10	1.00614233611e-09
4.17974501837e-10	1.03185212597e-08
4.19129127532e-10	1.49121008874e-08
4.20283753228e-10	1.45110892191e-08
4.21438378924e-10	1.03470714219e-08
4.2259300462e-10	4.65381749803e-09
4.23747630315e-10	-1.82704813084e-10
4.24902256011e-10	-2.5268735715e-09
4.26056881707e-10	-2.09969633347e-09
4.27211507402e-10	-1.6976028222e-11
4.28366133098e-10	1.7518665546e-09
4.29520758794e-10	1.26666907518e-09
4.30675384489e-10	-2.4953454858e-09
4.31830010185e-10	-9.10910480378e-09
4.32984635881e-10	-1.67641716065e-08
4.34139261576e-10	-2.28802417013e-08
4.35293887272e-10	-2.50342491181e-08
4.36448512968e-10	-2.18551226006e-08
4.37603138663e-10	-1.35257511857e-08
4.38757764359e-10	-1.71484013101e-09
4.39912390055e-10	1.09709772378e-08
4.4106701575e-10	2.17734323904e-08
4.42221641446e-10	2.85333165984e-08
4.43376267142e-10	3.01600162622e-08
4.44530892837e-10	2.67081146088e-08
4.45685518533e-10	1.91580840081e-08
4.46840144229e-10	9.06590613692e-09
4.47994769925e-10	-1.79570827652e-09
4.4914939562e-10	-1.17063174709e-08
4.50304021316e-10	-1.91562812279e-08
4.51458647012e-10	-2.29674561592e-08
4.52613272707e-10	-2.24256049286e-08
4.53767898403e-10	-1.74261014507e-08
4.54922524099e-10	-8.59981541534e-09
4.56077149794e-10	2.65575617053e-09
4.5723177549e-10	1.4323994324e-08
4.58386401186e-10	2.41257567257e-08
4.59541026881e-10	3.00254836549e-08
4.60695652577e-10	3.07594714144e-08
4.61850278273e-10	2.6218491822e-08
4.63004903968e-10	1.75270982172e-08
4.64159529664e-10	6.75375338988e-09
4.6531415536e-10	-3.68751901236e-09
4.66468781055e-10	-1.17500765784e-08
4.67623406751e-10	-1.63176061552e-08
4.68778032447e-10	-1.74204906056e-08
4.69932658142e-10	-1.60211390821e-08
4.71087283838e-10	-1.34482208702e-08
4.72241909534e-10	-1.0740948575e-08
4.7339653523e-10	-8.18446554973e-09
4.74551160925e-10	-5.24116439138e-09
4.75705786621e-10	-9.46183839612e-10
4.76860412317e-10	5.40368200186e-09
4.78015038012e-10	1.35811862867e-08
4.79169663708e-10	2.20953082497e-08
4.80324289404e-10	2.84309460419e-08
4.81478915099e-10	2.98643780816e-08
4.82633540795e-10	2.45683222655e-08
4.83788166491e-10	1.25693202513e-08
4.84942792186e-10	-3.86704723798e-09
4.86097417882e-10	-2.06685129012e-08
4.87252043578e-10	-3.31370708651e-08
4.88406669273e-10	-3.74838142747e-08
4.89561294969e-10	-3.2153197882e-08
4.90715920665e-10	-1.84403174952e-08
4.9187054636e-10	-1.485856993e-10
4.93025172056e-10	1.76048255973e-08
4.94179797752e-10	2.99937634729e-08
4.95334423447e-10	3.39373844582e-08
4.96489049143e-10	2.89255830399e-08
4.97643674839e-10	1.69647942361e-08
4.98798300535e-10	1.7390265894e-09
4.9995292623e-10	-1.26434233083e-08
5.01107551926e-10	-2.28651604317e-08
5.02262177622e-10	-2.71857798495e-08
5.03416803317e-10	-2.56171428514e-08
5.04571429013e-10	-1.95598510722e-08
5.05726054709e-10	-1.11340870967e-08
5.06880680404e-10	-2.50071885421e-09
5.080353061e-10	4.60340476849e-09
5.09189931796e-10	9.0526172114e-09
5.10344557491e-10	1.0307835252e-08
5.11499183187e-10	8.32250668381e-09
5.12653808883e-10	3.48974477093e-09
5.13808434578e-10	-3.36156910641e-09
5.14963060274e-10	-1.09763091949e-08
5.1611768597e-10	-1.77676482416e-08
5.17272311665e-10	-2.20686033892e-08
5.18426937361e-10	-2.2528243937e-08
5.19581563057e-10	-1.85370054862e-08
5.20736188752e-10	-1.05245113735e-08
5.21890814448e-10	-9.98937044194e-13
5.23045440144e-10	1.07277587924e-08
5.2420006584e-10	1.91232121249e-08
5.25354691535e-10	2.30949170898e-08
5.26509317231e-10	2.16029960587e-08
5.27663942927e-10	1.49897242396e-08
5.28818568622e-10	4.92284779607e-09
5.29973194318e-10	-6.04256328307e-09
5.31127820014e-10	-1.51504173651e-08
5.32282445709e-10	-2.01664802635e-08
5.33437071405e-10	-1.99382896859e-08
5.34591697101e-10	-1.46542292745e-08
5.35746322796e-10	-5.74383945962e-09
5.36900948492e-10	4.53612497564e-09
5.38055574188e-10	1.37086443308e-08
5.39210199883e-10	1.97073255492e-08
5.40364825579e-10	2.13772686219e-08
5.41519451275e-10	1.87328086376e-08
5.4267407697e-10	1.28902705177e-08
5.43828702666e-10	5.68700236903e-09
5.44983328362e-10	-8.82562328774e-10
5.46137954057e-10	-5.23976856348e-09
5.47292579753e-10	-6.64305482845e-09
5.48447205449e-10	-5.32716087909e-09
5.49601831145e-10	-2.31683527918e-09
5.5075645684e-10	9.85570861034e-10
5.51911082536e-10	3.28223467849e-09
5.53065708232e-10	3.78565157e-09
5.54220333927e-10	2.42171760423e-09
5.55374959623e-10	-2.2697552865e-10
5.56529585319e-10	-3.19512208358e-09
5.57684211014e-10	-5.50661766185e-09
5.5883883671e-10	-6.50520554091e-09
5.59993462406e-10	-6.03980415681e-09
5.61148088101e-10	-4.43486236623e-09
5.62302713797e-10	-2.27487104154e-09
5.63457339493e-10	-1.27053888244e-10
5.64611965188e-10	1.67455857514e-09
5.65766590884e-10	3.08570849428e-09
5.6692121658e-10	4.22310847403e-09
5.68075842275e-10	5.14266995655e-09
5.69230467971e-10	5.66532060153e-09
5.70385093667e-10	5.36187227951e-09
5.71539719362e-10	3.73008685051e-09
5.72694345058e-10	5.01545194265e-10
5.73848970754e-10	-4.06667866049e-09
5.7500359645e-10	-9.08893671436e-09
5.76158222145e-10	-1.3215994632e-08
5.77312847841e-10	-1.50322938541e-08
5.78467473537e-10	-1.35713097427e-08
5.79622099232e-10	-8.74516126181e-09
5.80776724928e-10	-1.48269846401e-09
5.81931350624e-10	6.50174913908e-09
5.83085976319e-10	1.32366424488e-08
5.84240602015e-10	1.71347174227e-08
5.85395227711e-10	1.75057082163e-08
5.86549853406e-10	1.47361745029e-08
5.87704479102e-10	1.00653639867e-08
5.88859104798e-10	5.05814490293e-09
5.90013730493e-10	1.00164034011e-09
5.91168356189e-10	-1.52741898296e-09
5.92322981885e-10	-2.75763603619e-09
5.9347760758e-10	-3.46317591271e-09
5.94632233276e-10	-4.48324405378e-09
5.95786858972e-10	-6.23380397302e-09
5.96941484667e-10	-8.42359582087e-09
5.98096110363e-10	-1.01180323009e-08
5.99250736059e-10	-1.0135595363e-08
6.00405361755e-10	-7.60538837463e-09
6.0155998745e-10	-2.46158737838e-09
6.02714613146e-10	4.33959346235e-09
6.03869238842e-10	1.10219705585e-08
6.05023864537e-10	1.55688675285e-08
6.06178490233e-10	1.64537250491e-08
6.07333115929e-10	1.32362396599e-08
6.08487741624e-10	6.77827566298e-09
6.0964236732e-10	-1.0382750909e-09
6.10796993016e-10	-7.98329147234e-09
6.11951618711e-10	-1.22578099893e-08
6.13106244407e-10	-1.30869030057e-08
6.14260870103e-10	-1.09021953687e-08
6.15415495798e-10	-7.05115893451e-09
6.16570121494e-10	-3.18599763238e-09
6.1772474719e-10	-6.02938449168e-10
6.18879372885e-10	2.13040814157e-10
6.20033998581e-10	-3.25916477834e-10
6.21188624277e-10	-1.20545080862e-09
6.22343249972e-10	-1.33807771807e-09
6.23497875668e-10	-8.92495036209e-11
6.24652501364e-10	2.42548386931e-09
6.2580712706e-10	5.39101924213e-09
6.26961752755e-10	7.65405405723e-09
6.28116378451e-10	8.23233003988e-09
6.29271004147e-10	6.74383648924e-09
6.30425629842e-10	3.5654253161e-09
6.31580255538e-10	-3.37198595435e-10
6.32734881234e-10	-3.81290093943e-09
6.33889506929e-10	-5.97688687431e-09
6.35044132625e-10	-6.51075360292e-09
6.36198758321e-10	-5.69022257091e-09
6.37353384016e-10	-4.15915935026e-09
6.38508009712e-10	-2.58584745283e-09
6.39662635408e-10	-1.36504453574e-09
6.40817261103e-10	-4.9259463869e-10
6.41971886799e-10	3.45808531116e-10
6.43126512495e-10	1.52997038649e-09
6.4428113819e-10	3.23286045156e-09
6.45435763886e-10	5.25514692873e-09
6.46590389582e-10	7.04499186766e-09
6.47745015277e-10	7.89405485424e-09
6.48899640973e-10	7.23414056436e-09
6.50054266669e-10	4.91270635283e-09
6.51208892365e-10	1.32018382337e-09
6.5236351806e-10	-2.68769617673e-09
6.53518143756e-10	-6.04289718265e-09
6.54672769452e-10	-7.80536602019e-09
6.55827395147e-10	-7.46750766778e-09
6.56982020843e-10	-5.11799308489e-09
6.58136646539e-10	-1.4206023996e-09
6.59291272234e-10	2.58211615978e-09
6.6044589793e-10	5.76965725196e-09
6.61600523626e-10	7.26147436625e-09
6.62755149321e-10	6.67007393762e-09
6.63909775017e-10	4.21238222081e-09
6.65064400713e-10	6.50388451429e-10
6.66219026408e-10	-2.92432139615e-09
6.67373652104e-10	-5.41499761697e-09
6.685282778e-10	-6.06029032513e-09
6.69682903495e-10	-4.67702476747e-09
6.70837529191e-10	-1.71459334231e-09
6.71992154887e-10	1.88770032938e-09
6.73146780582e-10	5.00182251173e-09
6.74301406278e-10	6.68236582735e-09
6.75456031974e-10	6.46221515188e-09
6.7661065767e-10	4.47725806429e-09
6.77765283365e-10	1.39157756152e-09
6.78919909061e-10	-1.85490914295e-09
6.80074534757e-10	-4.37150649013e-09
6.81229160452e-10	-5.59424895297e-09
6.82383786148e-10	-5.42919487145e-09
6.83538411844e-10	-4.2129874589e-09
6.84693037539e-10	-2.51764062376e-09
6.85847663235e-10	-8.91456602981e-10
6.87002288931e-10	3.4757218631e-10
6.88156914626e-10	1.18804271976e-09
6.89311540322e-10	1.85294313226e-09
6.90466166018e-10	2.6148669896e-09
6.91620791713e-10	3.59770202518e-09
6.92775417409e-10	4.66480276629e-09
6.93930043105e-10	5.44291073323e-09
6.950846688e-10	5.47780826254e-09
6.96239294496e-10	4.4584172465e-09
6.97393920192e-10	2.40229292015e-09
6.98548545887e-10	-2.8596549087e-10
6.99703171583e-10	-2.91627674787e-09
7.00857797279e-10	-4.74454031618e-09
7.02012422975e-10	-5.24995447115e-09
7.0316704867e-10	-4.34553776296e-09
7.04321674366e-10	-2.42513284454e-09
7.05476300062e-10	-2.19148452857e-10
7.06630925757e-10	1.48677511969e-09
7.07785551453e-10	2.16380138807e-09
7.08940177149e-10	1.75487163689e-09
7.10094802844e-10	6.91901341776e-10
7.1124942854e-10	-2.97254040826e-10
7.12404054236e-10	-5.14161144216e-10
7.13558679931e-10	3.85493983956e-10
7.14713305627e-10	2.21000412415e-09
7.15867931323e-10	4.27839164097e-09
7.17022557018e-10	5.67733254853e-09
7.18177182714e-10	5.62561347506e-09
7.1933180841e-10	3.80045628301e-09
7.20486434105e-10	4.961898184e-10
7.21641059801e-10	-3.45257974987e-09
7.22795685497e-10	-6.95116064708e-09
7.23950311192e-10	-9.01107810591e-09
7.25104936888e-10	-9.06680686086e-09
7.26259562584e-10	-7.13684611409e-09
7.2741418828e-10	-3.77797115814e-09
7.28568813975e-10	1.31138436915e-10
7.29723439671e-10	3.68453975663e-09
7.30878065367e-10	6.20960527442e-09
7.32032691062e-10	7.40674982458e-09
7.33187316758e-10	7.34214566922e-09
7.34341942454e-10	6.32203961404e-09
7.35496568149e-10	4.72312844391e-09
7.36651193845e-10	2.85751133866e-09
7.37805819541e-10	9.16298342757e-10
7.38960445236e-10	-1.00316212281e-09
7.40115070932e-10	-2.82130785401e-09
7.41269696628e-10	-4.40840325355e-09
7.42424322323e-10	-5.56591395195e-09
7.43578948019e-10	-6.06647371226e-09
7.44733573715e-10	-5.73041142315e-09
7.4588819941e-10	-4.50837589483e-09
7.47042825106e-10	-2.53458787292e-09
7.48197450802e-10	-1.2539022945e-10
7.49352076497e-10	2.27907090422e-09
7.50506702193e-10	4.2138287859e-09
7.51661327889e-10	5.30624755246e-09
7.52815953585e-10	5.37647798504e-09
7.5397057928e-10	4.48831616318e-09
7.55125204976e-10	2.93398413898e-09
7.56279830672e-10	1.15086373764e-09
7.57434456367e-10	-4.08631260773e-10
7.58589082063e-10	-1.40914410696e-09
7.59743707759e-10	-1.72612715788e-09
7.60898333454e-10	-1.47183223942e-09
7.6205295915e-10	-9.42433617257e-10
7.63207584846e-10	-5.06588354598e-10
7.64362210541e-10	-4.7052384558e-10
7.65516836237e-10	-9.58656057315e-10
7.66671461933e-10	-1.85545688536e-09
7.67826087628e-10	-2.83024642611e-09
7.68980713324e-10	-3.43946707226e-09
7.7013533902e-10	-3.27970631209e-09
7.71289964715e-10	-2.14083348271e-09
7.72444590411e-10	-1.06690111606e-10
7.73599216107e-10	2.43880338147e-09
7.74753841802e-10	4.91248391965e-09
7.75908467498e-10	6.6998315229e-09
7.77063093194e-10	7.33430771671e-09
7.7821771889e-10	6.63589394545e-09
7.79372344585e-10	4.75867856231e-09
7.80526970281e-10	2.13507928004e-09
7.81681595977e-10	-6.59416118931e-10
7.82836221672e-10	-3.07358530294e-09
7.83990847368e-10	-4.72425015774e-09
7.85145473064e-10	-5.47324963129e-09
7.86300098759e-10	-5.41472006121e-09
7.87454724455e-10	-4.78479778021e-09
7.88609350151e-10	-3.83601794773e-09
7.89763975846e-10	-2.72864669748e-09
7.90918601542e-10	-1.49142312389e-09
7.92073227238e-10	-6.51187940376e-11
7.93227852933e-10	1.59568634694e-09
7.94382478629e-10	3.41128131298e-09
7.95537104325e-10	5.12287123833e-09
7.9669173002e-10	6.3330015676e-09
7.97846355716e-10	6.6310525404e-09
7.99000981412e-10	5.76178482703e-09
8.00155607107e-10	3.76469994068e-09
8.01310232803e-10	1.01474938174e-09
8.02464858499e-10	-1.86419751858e-09
8.03619484195e-10	-4.18879658737e-09
8.0477410989e-10	-5.44034667316e-09
8.05928735586e-10	-5.43783590379e-09
8.07083361282e-10	-4.38945541026e-09
8.08237986977e-10	-2.79703121775e-09
8.09392612673e-10	-1.24952503899e-09
8.10547238369e-10	-1.893349557e-10
8.11701864064e-10	2.51132652868e-10
8.1285648976e-10	2.75828044433e-10
8.14011115456e-10	3.05961568581e-10
8.15165741151e-10	7.65078257692e-10
8.16320366847e-10	1.86141048408e-09
8.17474992543e-10	3.46527770367e-09
8.18629618238e-10	5.13202658148e-09
8.19784243934e-10	6.26045132401e-09
8.2093886963e-10	6.32627999986e-09
8.22093495325e-10	5.09278680338e-09
8.23248121021e-10	2.71490613324e-09
8.24402746717e-10	-2.98806403232e-10
8.25557372412e-10	-3.2506125569e-09
8.26711998108e-10	-5.48019912783e-09
8.27866623804e-10	-6.56287307832e-09
8.290212495e-10	-6.40974873178e-09
8.30175875195e-10	-5.24501542198e-09
8.31330500891e-10	-3.48011289231e-09
8.32485126587e-10	-1.54490528703e-09
8.33639752282e-10	2.50114142938e-10
8.34794377978e-10	1.77146000646e-09
8.35949003674e-10	3.02785507778e-09
8.37103629369e-10	4.07255040802e-09
8.38258255065e-10	4.90107465723e-09
8.39412880761e-10	5.39932387689e-09
8.40567506456e-10	5.36906330506e-09
8.41722132152e-10	4.61877303071e-09
8.42876757848e-10	3.08056344323e-09
8.44031383543e-10	8.95498897258e-10
8.45186009239e-10	-1.57896447306e-09
8.46340634935e-10	-3.84777865126e-09
8.4749526063e-10	-5.41791866926e-09
8.48649886326e-10	-5.94981469648e-09
8.49804512022e-10	-5.36464472845e-09
8.50959137717e-10	-3.86778431505e-09
8.52113763413e-10	-1.88081911157e-09
8.53268389109e-10	9.37531129119e-11
8.54423014805e-10	1.63187066637e-09
8.555776405e-10	2.51182144528e-09
8.56732266196e-10	2.75980804876e-09
8.57886891892e-10	2.60808122321e-09
8.59041517587e-10	2.37913355683e-09
8.60196143283e-10	2.34020566814e-09
8.61350768979e-10	2.58779028761e-09
8.62505394674e-10	3.0054236877e-09
8.6366002037e-10	3.31117114283e-09
8.64814646066e-10	3.17725815102e-09
8.65969271761e-10	2.37344432996e-09
8.67123897457e-10	8.7853294084e-10
8.68278523153e-10	-1.08424712264e-09
8.69433148848e-10	-3.09981335045e-09
8.70587774544e-10	-4.68297850498e-09
8.7174240024e-10	-5.42785710822e-09
8.72897025935e-10	-5.13357001353e-09
8.74051651631e-10	-3.86250831319e-09
8.75206277327e-10	-1.91386884119e-09
8.76360903022e-10	2.75016832224e-10
8.77515528718e-10	2.26213026089e-09
8.78670154414e-10	3.72304231888e-09
8.7982478011e-10	4.51668091817e-09
8.80979405805e-10	4.67683158867e-09
8.82134031501e-10	4.34377533942e-09
8.83288657197e-10	3.672222193e-09
8.84443282892e-10	2.76219164208e-09
8.85597908588e-10	1.64111706169e-09
8.86752534284e-10	3.02673313496e-10
8.87907159979e-10	-1.22201167241e-09
8.89061785675e-10	-2.80335790692e-09
8.90216411371e-10	-4.19625867387e-09
8.91371037066e-10	-5.08536623922e-09
8.92525662762e-10	-5.18302328834e-09
8.93680288458e-10	-4.34322200427e-09
8.94834914153e-10	-2.64813279638e-09
8.95989539849e-10	-4.23877447031e-10
8.97144165545e-10	1.83065722303e-09
8.9829879124e-10	3.58380161658e-09
8.99453416936e-10	4.43726277943e-09
9.00608042632e-10	4.25690888095e-09
9.01762668327e-10	3.21461662844e-09
9.02917294023e-10	1.72388048281e-09
9.04071919719e-10	2.89912958223e-10
9.05226545415e-10	-6.69153780997e-10
9.0638117111e-10	-9.60553872553e-10
9.07535796806e-10	-6.64465552025e-10
9.08690422502e-10	-7.58161823253e-11
9.09845048197e-10	4.32124593053e-10
9.10999673893e-10	5.63957082422e-10
9.12154299589e-10	2.17350692999e-10
9.13308925284e-10	-4.85580534115e-10
9.1446355098e-10	-1.25913708626e-09
9.15618176676e-10	-1.78075627855e-09
9.16772802371e-10	-1.82461755427e-09
9.17927428067e-10	-1.34943034524e-09
9.19082053763e-10	-5.06003176859e-10
9.20236679458e-10	4.36535616682e-10
9.21391305154e-10	1.21048930601e-09
9.2254593085e-10	1.65940686192e-09
9.23700556545e-10	1.7884561887e-09
9.24855182241e-10	1.73613318166e-09
9.26009807937e-10	1.68424676983e-09
9.27164433632e-10	1.74816376652e-09
9.28319059328e-10	1.9030969578e-09
9.29473685024e-10	1.98427313469e-09
9.3062831072e-10	1.7631385657e-09
9.31782936415e-10	1.06618464057e-09
9.32937562111e-10	-1.15985301224e-10
9.34092187807e-10	-1.57948143453e-09
9.35246813502e-10	-2.9493653908e-09
9.36401439198e-10	-3.80143450052e-09
9.37556064894e-10	-3.81662518256e-09
9.38710690589e-10	-2.91056126422e-09
9.39865316285e-10	-1.28268259902e-09
9.41019941981e-10	6.40085123793e-10
9.42174567676e-10	2.34292776846e-09
9.43329193372e-10	3.39718261855e-09
9.44483819068e-10	3.60069224437e-09
9.45638444763e-10	3.03047756334e-09
9.46793070459e-10	1.99337463203e-09
9.47947696155e-10	8.96136380379e-10
9.4910232185e-10	8.66271273464e-11
9.50256947546e-10	-2.6767425082e-10
9.51411573242e-10	-2.21104298065e-10
9.52566198937e-10	2.17868474997e-13
9.53720824633e-10	1.14402902082e-10
9.54875450329e-10	-8.42638537071e-11
9.56030076025e-10	-6.31579157029e-10
9.5718470172e-10	-1.37821187796e-09
9.58339327416e-10	-2.05317177149e-09
9.59493953112e-10	-2.37646546886e-09
9.60648578807e-10	-2.1744926415e-09
9.61803204503e-10	-1.44832015825e-09
9.62957830199e-10	-3.69438847569e-10
9.64112455894e-10	7.90075040114e-10
9.6526708159e-10	1.76173363398e-09
9.66421707286e-10	2.37165329042e-09
9.67576332981e-10	2.58325386082e-09
9.68730958677e-10	2.47756401506e-09
9.69885584373e-10	2.18624371384e-09
9.71040210068e-10	1.81382990572e-09
9.72194835764e-10	1.38639989766e-09
9.7334946146e-10	8.5068410649e-10
9.74504087155e-10	1.24049643821e-10
9.75658712851e-10	-8.30119674389e-10
9.76813338547e-10	-1.93875024368e-09
9.77967964242e-10	-3.0008932006e-09
9.79122589938e-10	-3.72987168928e-09
9.80277215634e-10	-3.84634396555e-09
9.8143184133e-10	-3.18531456767e-09
9.82586467025e-10	-1.77765289988e-09
9.83741092721e-10	1.29514234407e-10
9.84895718417e-10	2.12685366541e-09
9.86050344112e-10	3.75532124841e-09
9.87204969808e-10	4.63836308251e-09
9.88359595504e-10	4.59001353592e-09
9.89514221199e-10	3.66345426217e-09
9.90668846895e-10	2.12440862124e-09
9.91823472591e-10	3.63520605978e-10
9.92978098286e-10	-1.22022320026e-09
9.94132723982e-10	-2.32721547588e-09
9.95287349678e-10	-2.82138537533e-09
9.96441975373e-10	-2.73607334011e-09
9.97596601069e-10	-2.23012869283e-09
9.98751226765e-10	-1.51434480233e-09
9.9990585246e-10	-7.76523727264e-10
1.00106047816e-09	-1.34171260907e-10
1.00221510385e-09	3.76251085843e-10
1.00336972955e-09	7.75969802302e-10
1.00452435524e-09	1.10149761534e-09
1.00567898094e-09	1.36803375572e-09
1.00683360663e-09	1.55313280292e-09
1.00798823233e-09	1.60642867064e-09
1.00914285803e-09	1.48076584328e-09
1.01029748372e-09	1.16429096919e-09
1.01145210942e-09	6.992064705e-10
1.01260673511e-09	1.77281815963e-10
1.01376136081e-09	-2.89002544118e-10
1.0149159865e-09	-6.04427237427e-10
1.0160706122e-09	-7.24625685844e-10
1.0172252379e-09	-6.70367462929e-10
1.01837986359e-09	-5.16768218495e-10
1.01953448929e-09	-3.60852021875e-10
1.02068911498e-09	-2.79813731213e-10
1.02184374068e-09	-2.9738588328e-10
1.02299836637e-09	-3.72116393255e-10
1.02415299207e-09	-4.12322929272e-10
1.02530761777e-09	-3.15371666282e-10
1.02646224346e-09	-1.4433354685e-11
1.02761686916e-09	4.84908710408e-10
1.02877149485e-09	1.09253966984e-09
1.02992612055e-09	1.65553952491e-09
1.03108074624e-09	2.00395391947e-09
1.03223537194e-09	2.0056060146e-09
1.03338999764e-09	1.61275470756e-09
1.03454462333e-09	8.82276446346e-10
1.03569924903e-09	-3.60175162264e-11
1.03685387472e-09	-9.37038266424e-10
1.03800850042e-09	-1.61614489846e-09
1.03916312611e-09	-1.92366245155e-09
1.04031775181e-09	-1.80321556298e-09
1.0414723775e-09	-1.30489080652e-09
1.0426270032e-09	-5.67571947774e-10
1.0437816289e-09	2.23416431189e-10
1.04493625459e-09	8.88146861611e-10
1.04609088029e-09	1.2997204285e-09
1.04724550598e-09	1.41098374651e-09
1.04840013168e-09	1.2545644662e-09
1.04955475737e-09	9.19576650937e-10
1.05070938307e-09	5.15862200179e-10
1.05186400877e-09	1.38798380775e-10
1.05301863446e-09	-1.52569639214e-10
1.05417326016e-09	-3.39484895057e-10
1.05532788585e-09	-4.32705829501e-10
1.05648251155e-09	-4.54056358484e-10
1.05763713724e-09	-4.20933361084e-10
1.05879176294e-09	-3.39096379448e-10
1.05994638864e-09	-2.07968860882e-10
1.06110101433e-09	-3.36041259923e-11
1.06225564003e-09	1.59135751451e-10
1.06341026572e-09	3.22652501938e-10
1.06456489142e-09	3.97588680728e-10
1.06571951711e-09	3.37523765881e-10
1.06687414281e-09	1.34833567922e-10
1.06802876851e-09	-1.62242393131e-10
1.0691833942e-09	-4.55143568667e-10
1.0703380199e-09	-6.24847944219e-10
1.07149264559e-09	-5.76161410248e-10
1.07264727129e-09	-2.79428848116e-10
1.07380189698e-09	2.08036057131e-10
1.07495652268e-09	7.53664033959e-10
1.07611114838e-09	1.18973599028e-09
1.07726577407e-09	1.36958389074e-09
1.07842039977e-09	1.21808030329e-09
1.07957502546e-09	7.58629124797e-10
1.08072965116e-09	1.07637468383e-10
1.08188427685e-09	-5.61458504689e-10
1.08303890255e-09	-1.07227821067e-09
1.08419352825e-09	-1.29760209522e-09
1.08534815394e-09	-1.19424682643e-09
1.08650277964e-09	-8.0890725368e-10
1.08765740533e-09	-2.56678005239e-10
1.08881203103e-09	3.19342736282e-10
1.08996665672e-09	7.912629163e-10
1.09112128242e-09	1.07744359268e-09
1.09227590811e-09	1.15343957996e-09
1.09343053381e-09	1.04319726468e-09
1.09458515951e-09	7.98647023514e-10
1.0957397852e-09	4.80087632843e-10
1.0968944109e-09	1.43032719349e-10
1.09804903659e-09	-1.65918277381e-10
1.09920366229e-09	-4.07136810376e-10
1.10035828798e-09	-5.48310473414e-10
1.10151291368e-09	-5.67993700684e-10
1.10266753938e-09	-4.63095936598e-10
1.10382216507e-09	-2.5542741533e-10
1.10497679077e-09	8.41946781391e-12
1.10613141646e-09	2.65095691926e-10
1.10728604216e-09	4.50334776414e-10
1.10844066785e-09	5.18088856538e-10
1.10959529355e-09	4.55311875008e-10
1.11074991925e-09	2.87846562558e-10
1.11190454494e-09	7.38249452889e-11
1.11305917064e-09	-1.13913560876e-10
1.11421379633e-09	-2.111786232e-10
1.11536842203e-09	-1.82753537997e-10
1.11652304772e-09	-3.43844557861e-11
1.11767767342e-09	1.89713380422e-10
1.11883229912e-09	4.21813476509e-10
1.11998692481e-09	5.91542294315e-10
1.12114155051e-09	6.4684019252e-10
1.1222961762e-09	5.66088280418e-10
1.1234508019e-09	3.60629637264e-10
1.12460542759e-09	7.06272661882e-11
1.12576005329e-09	-2.45658018233e-10
1.12691467899e-09	-5.22297059768e-10
1.12806930468e-09	-6.97012982054e-10
1.12922393038e-09	-7.22542012332e-10
1.13037855607e-09	-5.76408955288e-10
1.13153318177e-09	-2.70986354883e-10
1.13268780746e-09	1.43737051775e-10
1.13384243316e-09	5.86257188628e-10
1.13499705886e-09	9.58551474306e-10
1.13615168455e-09	1.16972891095e-09
1.13730631025e-09	1.16113654802e-09
1.13846093594e-09	9.24477758235e-10
1.13961556164e-09	5.08869266169e-10
1.14077018733e-09	1.10861849215e-11
1.14192481303e-09	-4.48483736259e-10
1.14307943872e-09	-7.58603305173e-10
1.14423406442e-09	-8.48537337617e-10
1.14538869012e-09	-7.08717619313e-10
1.14654331581e-09	-3.92074595013e-10
1.14769794151e-09	2.87639183305e-12
1.1488525672e-09	3.64155119253e-10
1.1500071929e-09	6.00423016861e-10
1.15116181859e-09	6.66334973309e-10
1.15231644429e-09	5.70485873819e-10
1.15347106999e-09	3.64518592394e-10
1.15462569568e-09	1.20660909216e-10
1.15578032138e-09	-9.28323078131e-11
1.15693494707e-09	-2.2979644923e-10
1.15808957277e-09	-2.71327696422e-10
1.15924419846e-09	-2.21547388074e-10
1.16039882416e-09	-9.8475002458e-11
1.16155344986e-09	7.36252109626e-11
1.16270807555e-09	2.67566930418e-10
1.16386270125e-09	4.5217420086e-10
1.16501732694e-09	5.90425756897e-10
1.16617195264e-09	6.4178941328e-10
1.16732657833e-09	5.71482625111e-10
1.16848120403e-09	3.63744506737e-10
1.16963582973e-09	3.54434029869e-11
1.17079045542e-09	-3.57394065731e-10
1.17194508112e-09	-7.25777375699e-10
1.17309970681e-09	-9.68589292105e-10
1.17425433251e-09	-1.00175827356e-09
1.1754089582e-09	-7.87675910607e-10
1.1765635839e-09	-3.53412507592e-10
1.1777182096e-09	2.11044043352e-10
1.17887283529e-09	7.75373501516e-10
1.18002746099e-09	1.20560668393e-09
1.18118208668e-09	1.40268013871e-09
1.18233671238e-09	1.32966032629e-09
1.18349133807e-09	1.01863927016e-09
1.18464596377e-09	5.56392452944e-10
1.18580058947e-09	5.51119080927e-11
1.18695521516e-09	-3.80583339149e-10
1.18810984086e-09	-6.78861383774e-10
1.18926446655e-09	-8.11033858128e-10
1.19041909225e-09	-7.87992213147e-10
1.19157371794e-09	-6.45941626576e-10
1.19272834364e-09	-4.29082623599e-10
1.19388296933e-09	-1.78650020125e-10
1.19503759503e-09	7.2026861038e-11
1.19619222073e-09	2.9661062495e-10
1.19734684642e-09	4.72031698451e-10
1.19850147212e-09	5.78480256752e-10
1.19965609781e-09	6.03583183434e-10
1.20081072351e-09	5.48945867929e-10
1.2019653492e-09	4.34478265865e-10
1.2031199749e-09	2.96907068376e-10
1.2042746006e-09	1.79537790884e-10
1.20542922629e-09	1.17202192396e-10
1.20658385199e-09	1.21821072327e-10
1.20773847768e-09	1.75084126017e-10
1.20889310338e-09	2.32374942205e-10
1.21004772907e-09	2.38934719232e-10
1.21120235477e-09	1.51501930792e-10
1.21235698047e-09	-4.17869781746e-11
1.21351160616e-09	-3.11205686221e-10
1.21466623186e-09	-5.902229816e-10
1.21582085755e-09	-7.94393058279e-10
1.21697548325e-09	-8.48204936843e-10
1.21813010894e-09	-7.10157259387e-10
1.21928473464e-09	-3.87722583206e-10
1.22043936034e-09	6.23286921207e-11
1.22159398603e-09	5.49535771055e-10
1.22274861173e-09	9.74255995323e-10
1.22390323742e-09	1.25158407249e-09
1.22505786312e-09	1.33031317906e-09
1.22621248881e-09	1.2008879724e-09
1.22736711451e-09	8.91927011415e-10
1.22852174021e-09	4.60609786423e-10
1.2296763659e-09	-2.0649525926e-11
1.2308309916e-09	-4.76964093221e-10
1.23198561729e-09	-8.41421848863e-10
1.23314024299e-09	-1.06248020104e-09
1.23429486868e-09	-1.1090162122e-09
1.23544949438e-09	-9.74732697334e-10
1.23660412008e-09	-6.79592049302e-10
1.23775874577e-09	-2.7016808235e-10
1.23891337147e-09	1.84991929761e-10
1.24006799716e-09	6.05662041353e-10
1.24122262286e-09	9.15001026336e-10
1.24237724855e-09	1.0571604564e-09
1.24353187425e-09	1.01250242912e-09
1.24468649994e-09	8.03609782885e-10
1.24584112564e-09	4.9046051942e-10
1.24699575134e-09	1.5441289393e-10
1.24815037703e-09	-1.24285510703e-10
1.24930500273e-09	-2.88025867046e-10
1.25045962842e-09	-3.16248228993e-10
1.25161425412e-09	-2.27998567942e-10
1.25276887981e-09	-7.36800542453e-11
1.25392350551e-09	8.16423985708e-11
1.25507813121e-09	1.78802013126e-10
1.2562327569e-09	1.81520019502e-10
1.2573873826e-09	8.60238512368e-11
1.25854200829e-09	-7.80519251661e-11
1.25969663399e-09	-2.57997016112e-10
1.26085125968e-09	-3.94146822819e-10
1.26200588538e-09	-4.36816964544e-10
1.26316051108e-09	-3.60342040928e-10
1.26431513677e-09	-1.69107417305e-10
1.26546976247e-09	1.04944885247e-10
1.26662438816e-09	4.10097875797e-10
1.26777901386e-09	6.86607437572e-10
1.26893363955e-09	8.78774178426e-10
1.27008826525e-09	9.45424558085e-10
1.27124289095e-09	8.67424625184e-10
1.27239751664e-09	6.52316665961e-10
1.27355214234e-09	3.34008827541e-10
1.27470676803e-09	-3.32102372946e-11
1.27586139373e-09	-3.85453530205e-10
1.27701601942e-09	-6.61418177172e-10
1.27817064512e-09	-8.15225539852e-10
1.27932527082e-09	-8.2524391487e-10
1.28047989651e-09	-6.96163328373e-10
1.28163452221e-09	-4.56462222187e-10
1.2827891479e-09	-1.51615907329e-10
1.2839437736e-09	1.65583644018e-10
1.28509839929e-09	4.44674505551e-10
1.28625302499e-09	6.44968391195e-10
1.28740765069e-09	7.41726867426e-10
1.28856227638e-09	7.28942177453e-10
1.28971690208e-09	6.19322586271e-10
1.29087152777e-09	4.41501255694e-10
1.29202615347e-09	2.34625178661e-10
1.29318077916e-09	4.13673706835e-11
1.29433540486e-09	-1.00831471644e-10
1.29549003055e-09	-1.67948648044e-10
1.29664465625e-09	-1.56111588934e-10
1.29779928195e-09	-8.4604568143e-11
1.29895390764e-09	8.74480674505e-12
1.30010853334e-09	7.77146081862e-11
1.30126315903e-09	8.32285082866e-11
1.30241778473e-09	8.99246172317e-12
1.30357241042e-09	-1.29699818593e-10
1.30472703612e-09	-2.8744994926e-10
1.30588166182e-09	-4.02142322914e-10
1.30703628751e-09	-4.1605255699e-10
1.30819091321e-09	-2.9727189807e-10
1.3093455389e-09	-5.38458609298e-11
1.3105001646e-09	2.65933945004e-10
1.31165479029e-09	5.8683991e-10
1.31280941599e-09	8.28424787103e-10
1.31396404169e-09	9.29816348916e-10
1.31511866738e-09	8.66537175348e-10
1.31627329308e-09	6.55835913355e-10
1.31742791877e-09	3.4914610092e-10
1.31858254447e-09	1.50084649569e-11
1.31973717016e-09	-2.81417909809e-10
1.32089179586e-09	-4.9439771721e-10
1.32204642156e-09	-6.04886717104e-10
1.32320104725e-09	-6.17762847821e-10
1.32435567295e-09	-5.51693059292e-10
1.32551029864e-09	-4.27802515635e-10
1.32666492434e-09	-2.62627624509e-10
1.32781955003e-09	-6.81498668262e-11
1.32897417573e-09	1.42831572958e-10
1.33012880143e-09	3.50228891027e-10
1.33128342712e-09	5.24477919428e-10
1.33243805282e-09	6.31966520781e-10
1.33359267851e-09	6.4637659114e-10
1.33474730421e-09	5.60110631487e-10
1.3359019299e-09	3.9219762854e-10
1.3370565556e-09	1.85575934827e-10
1.3382111813e-09	-5.12115848859e-12
1.33936580699e-09	-1.30972127241e-10
1.34052043269e-09	-1.65776658026e-10
1.34167505838e-09	-1.16171654761e-10
1.34282968408e-09	-1.95162553653e-11
1.34398430977e-09	6.95862135275e-11
1.34513893547e-09	9.95823840055e-11
1.34629356116e-09	4.23336279226e-11
1.34744818686e-09	-9.34654315748e-11
1.34860281256e-09	-2.63713797327e-10
1.34975743825e-09	-4.03091962586e-10
1.35091206395e-09	-4.48159554606e-10
1.35206668964e-09	-3.60866923149e-10
1.35322131534e-09	-1.436202407e-10
1.35437594103e-09	1.60398871268e-10
1.35553056673e-09	4.8072853337e-10
1.35668519243e-09	7.40861483273e-10
1.35783981812e-09	8.80563309769e-10
