% time-domain current integration by openEMS v0.37.0-rc1-2-g7b051bb @Sat Aug  8 13:52:13 2026
% start-coordinates: (-0.000364661,-0.000364661,-0.000889) m -> [46,46,13]
% stop-coordinates: (0.000301303,0.000301303,-0.000889) m -> [57,57,13]
% t/s	current
8.67553647834e-14	0
1.30133047175e-12	0
2.51590557872e-12	0
3.73048068569e-12	0
4.94505579266e-12	0
6.15963089962e-12	0
7.37420600659e-12	0
8.58878111356e-12	0
9.80335622053e-12	0
1.10179313275e-11	0
1.22325064345e-11	0
1.34470815414e-11	0
1.46616566484e-11	0
1.58762317554e-11	0
1.70908068623e-11	0
1.83053819693e-11	0
1.95199570763e-11	0
2.07345321832e-11	0
2.19491072902e-11	0
2.31636823972e-11	0
2.43782575041e-11	0
2.55928326111e-11	0
2.68074077181e-11	0
2.8021982825e-11	0
2.9236557932e-11	0
3.0451133039e-11	0
3.1665708146e-11	0
3.28802832529e-11	0
3.40948583599e-11	0
3.53094334669e-11	0
3.65240085738e-11	0
3.77385836808e-11	0
3.89531587878e-11	0
4.01677338947e-11	-1.05081575487e-35
4.13823090017e-11	-5.48774174488e-33
4.25968841087e-11	-1.63032320781e-30
4.38114592156e-11	-2.94117669233e-28
4.50260343226e-11	-3.34150663429e-26
4.62406094296e-11	-2.46439121272e-24
4.74551845365e-11	-1.21002314023e-22
4.86697596435e-11	-4.03915079997e-21
4.98843347505e-11	-9.32584425225e-20
5.10989098574e-11	-1.51039323123e-18
5.23134849644e-11	-1.73525833096e-17
5.35280600714e-11	-1.42609127213e-16
5.47426351783e-11	-8.42212270993e-16
5.59572102853e-11	-3.56236816033e-15
5.71717853923e-11	-1.05062053485e-14
5.83863604992e-11	-1.90323034703e-14
5.96009356062e-11	-3.48177466947e-15
6.08155107132e-11	1.18540675323e-13
6.20300858201e-11	5.21993201701e-13
6.32446609271e-11	1.45805871717e-12
6.44592360341e-11	3.05258769651e-12
6.56738111411e-11	4.69849116211e-12
6.6888386248e-11	3.81254403048e-12
6.8102961355e-11	-6.08996447021e-12
6.9317536462e-11	-3.75328761126e-11
7.05321115689e-11	-1.09992084885e-10
7.17466866759e-11	-2.46907716495e-10
7.29612617829e-11	-4.65191191124e-10
7.41758368898e-11	-7.54019069404e-10
7.53904119968e-11	-1.04257324995e-09
7.66049871038e-11	-1.1628381591e-09
7.78195622107e-11	-8.23837609243e-10
7.90341373177e-11	3.7586517232e-10
8.02487124247e-11	2.86676415939e-09
8.14632875316e-11	6.93822066467e-09
8.26778626386e-11	1.24922197031e-08
8.38924377456e-11	1.87829041209e-08
8.51070128525e-11	2.42553852559e-08
8.63215879595e-11	2.66247042191e-08
8.75361630665e-11	2.32981687276e-08
8.87507381734e-11	1.21432401912e-08
8.99653132804e-11	-7.55788320816e-09
9.11798883874e-11	-3.42809016729e-08
9.23944634943e-11	-6.39353459064e-08
9.36090386013e-11	-9.03421266685e-08
9.48236137083e-11	-1.06553116552e-07
9.60381888153e-11	-1.06729267202e-07
9.72527639222e-11	-8.800505924e-08
9.84673390292e-11	-5.16819831375e-08
9.96819141362e-11	-3.27079030527e-09
1.00896489243e-10	4.87084754752e-08
1.0211106435e-10	9.4801407613e-08
1.03325639457e-10	1.26904041053e-07
1.04540214564e-10	1.40043866281e-07
1.05754789671e-10	1.33190496854e-07
1.06969364778e-10	1.09010194649e-07
1.08183939885e-10	7.28307583131e-08
1.09398514992e-10	3.1265635414e-08
1.10613090099e-10	-9.09232067414e-09
1.11827665206e-10	-4.26596074021e-08
1.13042240313e-10	-6.54778560261e-08
1.1425681542e-10	-7.55135900476e-08
1.15471390527e-10	-7.27139664036e-08
1.16685965634e-10	-5.8853473206e-08
1.17900540741e-10	-3.71624722106e-08
1.19115115848e-10	-1.1748108264e-08
1.20329690955e-10	1.31342590137e-08
1.21544266062e-10	3.3829852697e-08
1.22758841169e-10	4.78799151438e-08
1.23973416276e-10	5.43211982063e-08
1.25187991382e-10	5.36171036458e-08
1.26402566489e-10	4.72688306274e-08
1.27617141596e-10	3.72564770146e-08
1.28831716703e-10	2.55012295725e-08
1.3004629181e-10	1.35163462645e-08
1.31260866917e-10	2.30982011296e-09
1.32475442024e-10	-7.50510498193e-09
1.33690017131e-10	-1.55216923758e-08
1.34904592238e-10	-2.14060502657e-08
1.36119167345e-10	-2.48984637352e-08
1.37333742452e-10	-2.59218868592e-08
1.38548317559e-10	-2.47079725568e-08
1.39762892666e-10	-2.18284359477e-08
1.40977467773e-10	-1.80738020106e-08
1.4219204288e-10	-1.42167611017e-08
1.43406617987e-10	-1.07648112646e-08
1.44621193094e-10	-7.83374343172e-09
1.45835768201e-10	-5.21285370425e-09
1.47050343308e-10	-2.59667598534e-09
1.48264918415e-10	1.44733836027e-10
1.49479493522e-10	2.80617706849e-09
1.50694068629e-10	4.90247309415e-09
1.51908643736e-10	5.90913362686e-09
1.53123218843e-10	5.55883339359e-09
1.5433779395e-10	4.01701250041e-09
1.55552369057e-10	1.82355419653e-09
1.56766944164e-10	-3.70903252556e-10
1.57981519271e-10	-2.13560436002e-09
1.59196094378e-10	-3.45649442401e-09
1.60410669485e-10	-4.688302635e-09
1.61625244592e-10	-6.2822440583e-09
1.62839819698e-10	-8.44005754175e-09
1.64054394805e-10	-1.08975832802e-08
1.65268969912e-10	-1.29590134179e-08
1.66483545019e-10	-1.37799789357e-08
1.67698120126e-10	-1.27570984887e-08
1.68912695233e-10	-9.83211467798e-09
1.7012727034e-10	-5.56263657359e-09
1.71341845447e-10	-9.28448207205e-10
1.72556420554e-10	3.03426173076e-09
1.73770995661e-10	5.60546231654e-09
1.74985570768e-10	6.60302212907e-09
1.76200145875e-10	6.37193098285e-09
1.77414720982e-10	5.56617063552e-09
1.78629296089e-10	4.82868633966e-09
1.79843871196e-10	4.52070736401e-09
1.81058446303e-10	4.60531479618e-09
1.8227302141e-10	4.725199787e-09
1.83487596517e-10	4.41909575599e-09
1.84702171624e-10	3.36205152607e-09
1.85916746731e-10	1.52057100244e-09
1.87131321838e-10	-8.41560598985e-10
1.88345896945e-10	-3.28765570323e-09
1.89560472052e-10	-5.38252731275e-09
1.90775047159e-10	-6.82777434591e-09
1.91989622266e-10	-7.50063211541e-09
1.93204197373e-10	-7.40314698433e-09
1.9441877248e-10	-6.58176668722e-09
1.95633347587e-10	-5.08070607808e-09
1.96847922694e-10	-2.95965429942e-09
1.98062497801e-10	-3.57314428046e-10
1.99277072908e-10	2.45852138647e-09
2.00491648014e-10	5.10022024613e-09
2.01706223121e-10	7.1455059647e-09
2.02920798228e-10	8.26423018907e-09
2.04135373335e-10	8.32669577733e-09
2.05349948442e-10	7.43995132169e-09
2.06564523549e-10	5.89595883227e-09
2.07779098656e-10	4.05712086149e-09
2.08993673763e-10	2.23529861287e-09
2.1020824887e-10	6.1813210106e-10
2.11422823977e-10	-7.35385918826e-10
2.12637399084e-10	-1.8354550102e-09
2.13851974191e-10	-2.69009858833e-09
2.15066549298e-10	-3.25477289564e-09
2.16281124405e-10	-3.44155548504e-09
2.17495699512e-10	-3.17599213595e-09
2.18710274619e-10	-2.46782372315e-09
2.19924849726e-10	-1.45744127877e-09
2.21139424833e-10	-3.97705535171e-10
2.2235399994e-10	4.21037094078e-10
2.23568575047e-10	7.80938091971e-10
2.24783150154e-10	6.28405771863e-10
2.25997725261e-10	1.05884107038e-10
2.27212300368e-10	-4.9667342461e-10
2.28426875475e-10	-8.56906268165e-10
2.29641450582e-10	-7.50410178441e-10
2.30856025689e-10	-1.47140105655e-10
2.32070600796e-10	7.76449682327e-10
2.33285175903e-10	1.71340075461e-09
2.3449975101e-10	2.35920150082e-09
2.35714326117e-10	2.54455323478e-09
2.36928901224e-10	2.30065100304e-09
2.38143476331e-10	1.83282899968e-09
2.39358051437e-10	1.41024136813e-09
2.40572626544e-10	1.22897159116e-09
2.41787201651e-10	1.31311306273e-09
2.43001776758e-10	1.50096124418e-09
2.44216351865e-10	1.52323642588e-09
2.45430926972e-10	1.13415110636e-09
2.46645502079e-10	2.35098190915e-10
2.47860077186e-10	-1.06476294448e-09
2.49074652293e-10	-2.47524889474e-09
2.502892274e-10	-3.62528229658e-09
2.51503802507e-10	-4.18957624149e-09
2.52718377614e-10	-3.99467969814e-09
2.53932952721e-10	-3.0642595128e-09
2.55147527828e-10	-1.6007917214e-09
2.56362102935e-10	8.42289502034e-11
2.57576678042e-10	1.65753455406e-09
2.58791253149e-10	2.84410739404e-09
2.60005828256e-10	3.48137985107e-09
2.61220403363e-10	3.54263729463e-09
2.6243497847e-10	3.12953774007e-09
2.63649553577e-10	2.43709474823e-09
2.64864128684e-10	1.69475111722e-09
2.66078703791e-10	1.09577980023e-09
2.67293278898e-10	7.33185179236e-10
2.68507854005e-10	5.68816549418e-10
2.69722429112e-10	4.50209536318e-10
2.70937004219e-10	1.80047227127e-10
2.72151579326e-10	-3.91446985937e-10
2.73366154433e-10	-1.28505783792e-09
2.7458072954e-10	-2.36222152949e-09
2.75795304647e-10	-3.36354766262e-09
2.77009879753e-10	-3.9997023471e-09
2.7822445486e-10	-4.06358013905e-09
2.79439029967e-10	-3.50926399051e-09
2.80653605074e-10	-2.473731886e-09
2.81868180181e-10	-1.22654764123e-09
2.83082755288e-10	-7.39777822334e-11
2.84297330395e-10	7.42439443258e-10
2.85511905502e-10	1.11963383009e-09
2.86726480609e-10	1.10579356782e-09
2.87941055716e-10	8.66619109807e-10
2.89155630823e-10	6.12384531973e-10
2.9037020593e-10	5.24148391357e-10
2.91584781037e-10	7.00756064287e-10
2.92799356144e-10	1.13596343443e-09
2.94013931251e-10	1.73174974361e-09
2.95228506358e-10	2.32735897221e-09
2.96443081465e-10	2.73875455647e-09
2.97657656572e-10	2.79512635259e-09
2.98872231679e-10	2.3725703624e-09
3.00086806786e-10	1.42603440167e-09
3.01301381893e-10	1.37684360441e-11
3.02515957e-10	-1.69119929172e-09
3.03730532107e-10	-3.41873462872e-09
3.04945107214e-10	-4.8533088659e-09
3.06159682321e-10	-5.71455949228e-09
3.07374257428e-10	-5.84213166732e-09
3.08588832535e-10	-5.25275556384e-09
3.09803407642e-10	-4.14000522753e-09
3.11017982749e-10	-2.81106848909e-09
3.12232557856e-10	-1.58128865557e-09
3.13447132963e-10	-6.67493615936e-10
3.14661708069e-10	-1.25906202131e-10
3.15876283176e-10	1.42126366232e-10
3.17090858283e-10	3.19845511187e-10
3.1830543339e-10	5.7565507916e-10
3.19520008497e-10	9.80097447645e-10
3.20734583604e-10	1.47493806057e-09
3.21949158711e-10	1.90548776757e-09
3.23163733818e-10	2.09672101903e-09
3.24378308925e-10	1.93571225715e-09
3.25592884032e-10	1.42417144744e-09
3.26807459139e-10	6.78537948051e-10
3.28022034246e-10	-1.17445275727e-10
3.29236609353e-10	-7.853910855e-10
3.3045118446e-10	-1.21569698752e-09
3.31665759567e-10	-1.39784028796e-09
3.32880334674e-10	-1.40639366819e-09
3.34094909781e-10	-1.35556488257e-09
3.35309484888e-10	-1.34370181648e-09
3.36524059995e-10	-1.41467260129e-09
3.37738635102e-10	-1.54756041315e-09
3.38953210209e-10	-1.67591773792e-09
3.40167785316e-10	-1.72233693974e-09
3.41382360423e-10	-1.63081481652e-09
3.4259693553e-10	-1.38591582655e-09
3.43811510637e-10	-1.01283925691e-09
3.45026085744e-10	-5.65790359008e-10
3.46240660851e-10	-1.09562359185e-10
3.47455235958e-10	2.96332847149e-10
3.48669811065e-10	6.09288508535e-10
3.49884386172e-10	8.11056499739e-10
3.51098961279e-10	9.09436526086e-10
3.52313536385e-10	9.3525120981e-10
3.53528111492e-10	9.31959731609e-10
3.54742686599e-10	9.3856045158e-10
3.55957261706e-10	9.71299041197e-10
3.57171836813e-10	1.00969566041e-09
3.5838641192e-10	9.96807081322e-10
3.59600987027e-10	8.55429949098e-10
3.60815562134e-10	5.17221765417e-10
3.62030137241e-10	-4.50670681329e-11
3.63244712348e-10	-7.95945864773e-10
3.64459287455e-10	-1.63536928444e-09
3.65673862562e-10	-2.42030973041e-09
3.66888437669e-10	-3.0030959941e-09
3.68103012776e-10	-3.2739639888e-09
3.69317587883e-10	-3.19217385858e-09
3.7053216299e-10	-2.79309864126e-09
3.71746738097e-10	-2.17063478303e-09
3.72961313204e-10	-1.43909828498e-09
3.74175888311e-10	-6.94008406299e-10
3.75390463418e-10	1.50919103603e-11
3.76605038525e-10	6.86347145784e-10
3.77819613632e-10	1.34315891742e-09
3.79034188739e-10	1.99983318794e-09
3.80248763846e-10	2.63099830811e-09
3.81463338953e-10	3.16250026167e-09
3.8267791406e-10	3.48691564511e-09
3.83892489167e-10	3.49940521005e-09
3.85107064274e-10	3.13719894507e-09
3.86321639381e-10	2.40701791832e-09
3.87536214488e-10	1.38928712978e-09
3.88750789595e-10	2.18493112492e-10
3.89965364701e-10	-9.50796663624e-10
3.91179939808e-10	-1.9801493778e-09
3.92394514915e-10	-2.77256417824e-09
3.93609090022e-10	-3.28165494778e-09
3.94823665129e-10	-3.50507867175e-09
3.96038240236e-10	-3.46901485315e-09
3.97252815343e-10	-3.21187121344e-09
3.9846739045e-10	-2.7734963215e-09
3.99681965557e-10	-2.19242624055e-09
4.00896540664e-10	-1.50817114353e-09
4.02111115771e-10	-7.648512379e-10
4.03325690878e-10	-1.10936780595e-11
4.04540265985e-10	7.04650726657e-10
4.05754841092e-10	1.34145428099e-09
4.06969416199e-10	1.87113524674e-09
4.08183991306e-10	2.27811436382e-09
4.09398566413e-10	2.55350873779e-09
4.1061314152e-10	2.68608180143e-09
4.11827716627e-10	2.65628652407e-09
4.13042291734e-10	2.43660869259e-09
4.14256866841e-10	2.0007135948e-09
4.15471441948e-10	1.33787048107e-09
4.16686017055e-10	4.68250105357e-10
4.17900592162e-10	-5.47221767899e-10
4.19115167269e-10	-1.60755619927e-09
4.20329742376e-10	-2.58337329306e-09
4.21544317483e-10	-3.33982042022e-09
4.2275889259e-10	-3.76366982024e-09
4.23973467697e-10	-3.78927733635e-09
4.25188042804e-10	-3.41488415323e-09
4.26402617911e-10	-2.70419064918e-09
4.27617193018e-10	-1.7734153035e-09
4.28831768124e-10	-7.6504702573e-10
4.30046343231e-10	1.8215944031e-10
4.31260918338e-10	9.61359214458e-10
4.32475493445e-10	1.516108461e-09
4.33690068552e-10	1.84507864542e-09
4.34904643659e-10	1.99333993756e-09
4.36119218766e-10	2.03077066274e-09
4.37333793873e-10	2.02561434293e-09
4.3854836898e-10	2.01806016342e-09
4.39762944087e-10	2.00400118722e-09
4.40977519194e-10	1.93378957292e-09
4.42192094301e-10	1.72764857975e-09
4.43406669408e-10	1.30526089936e-09
4.44621244515e-10	6.19215900777e-10
4.45835819622e-10	-3.16786014087e-10
4.47050394729e-10	-1.41646150364e-09
4.48264969836e-10	-2.53052467869e-09
4.49479544943e-10	-3.47646755827e-09
4.5069412005e-10	-4.08118872031e-09
4.51908695157e-10	-4.22416235324e-09
4.53123270264e-10	-3.86904819294e-09
4.54337845371e-10	-3.07422531876e-09
4.55552420478e-10	-1.97895455578e-09
4.56766995585e-10	-7.69135921619e-10
4.57981570692e-10	3.67826047398e-10
4.59196145799e-10	1.2857571674e-09
4.60410720906e-10	1.90850402149e-09
4.61625296013e-10	2.23682983247e-09
4.6283987112e-10	2.33271668648e-09
4.64054446227e-10	2.28741581232e-09
4.65269021334e-10	2.18365525662e-09
4.6648359644e-10	2.06528349977e-09
4.67698171547e-10	1.9231798376e-09
4.68912746654e-10	1.70311020842e-09
4.70127321761e-10	1.3314938041e-09
4.71341896868e-10	7.51266326926e-10
4.72556471975e-10	-4.50695661347e-11
4.73771047082e-10	-9.97419480342e-10
4.74985622189e-10	-1.98171234977e-09
4.76200197296e-10	-2.83635426257e-09
4.77414772403e-10	-3.40307382274e-09
4.7862934751e-10	-3.56954865666e-09
4.79843922617e-10	-3.3007039324e-09
4.81058497724e-10	-2.6475437398e-09
4.82273072831e-10	-1.73261127667e-09
4.83487647938e-10	-7.16545933699e-10
4.84702223045e-10	2.42445674647e-10
4.85916798152e-10	1.02377584188e-09
4.87131373259e-10	1.56455948197e-09
4.88345948366e-10	1.86075044262e-09
4.89560523473e-10	1.95199634234e-09
4.9077509858e-10	1.89750348767e-09
4.91989673687e-10	1.75217917953e-09
4.93204248794e-10	1.55035873028e-09
4.94418823901e-10	1.30168131829e-09
4.95633399008e-10	9.97588789353e-10
4.96847974115e-10	6.25227092321e-10
4.98062549222e-10	1.8095470955e-10
4.99277124329e-10	-3.20491327921e-10
5.00491699436e-10	-8.44604108874e-10
5.01706274543e-10	-1.34276112451e-09
5.0292084965e-10	-1.76078718273e-09
5.04135424756e-10	-2.04889816224e-09
5.05349999863e-10	-2.16882090065e-09
5.0656457497e-10	-2.09992934153e-09
5.07779150077e-10	-1.84326642838e-09
5.08993725184e-10	-1.42363010269e-09
5.10208300291e-10	-8.88868034732e-10
5.11422875398e-10	-3.03471248131e-10
5.12637450505e-10	2.61592386641e-10
5.13852025612e-10	7.43071548737e-10
5.15066600719e-10	1.09666786763e-09
5.16281175826e-10	1.30430266587e-09
5.17495750933e-10	1.37278644008e-09
5.1871032604e-10	1.326888599e-09
5.19924901147e-10	1.19853227343e-09
5.21139476254e-10	1.01665542651e-09
5.22354051361e-10	8.00946198254e-10
5.23568626468e-10	5.59897961327e-10
5.24783201575e-10	2.94545915436e-10
5.25997776682e-10	4.30171523402e-12
5.27212351789e-10	-3.05856756588e-10
5.28426926896e-10	-6.2042010418e-10
5.29641502003e-10	-9.13150444148e-10
5.3085607711e-10	-1.15069687112e-09
5.32070652217e-10	-1.301376229e-09
5.33285227324e-10	-1.34341016089e-09
5.34499802431e-10	-1.27181709608e-09
5.35714377538e-10	-1.09950237803e-09
5.36928952645e-10	-8.53246528987e-10
5.38143527752e-10	-5.66505620192e-10
5.39358102859e-10	-2.71364347659e-10
5.40572677966e-10	6.96877798523e-12
5.41787253072e-10	2.52465992556e-10
5.43001828179e-10	4.57245297181e-10
5.44216403286e-10	6.18923468032e-10
5.45430978393e-10	7.36780136901e-10
5.466455535e-10	8.08767774974e-10
5.47860128607e-10	8.29265600633e-10
5.49074703714e-10	7.89590393069e-10
5.50289278821e-10	6.81301071115e-10
5.51503853928e-10	5.01879982018e-10
5.52718429035e-10	2.61192650841e-10
5.53933004142e-10	-1.55250465261e-11
5.55147579249e-10	-2.8983682121e-10
5.56362154356e-10	-5.18834586405e-10
5.57576729463e-10	-6.67929822562e-10
5.5879130457e-10	-7.21910697887e-10
5.60005879677e-10	-6.91069867997e-10
5.61220454784e-10	-6.07447703249e-10
5.62435029891e-10	-5.14372322513e-10
5.63649604998e-10	-4.505994744e-10
5.64864180105e-10	-4.36841757212e-10
5.66078755212e-10	-4.67634431178e-10
5.67293330319e-10	-5.12521247664e-10
5.68507905426e-10	-5.26012511326e-10
5.69722480533e-10	-4.63446170329e-10
5.7093705564e-10	-2.98358227013e-10
5.72151630747e-10	-3.46542274043e-11
5.73366205854e-10	2.89936019637e-10
5.74580780961e-10	6.12316364279e-10
5.75795356068e-10	8.61583082656e-10
5.77009931175e-10	9.80453274124e-10
5.78224506282e-10	9.4322127886e-10
5.79439081388e-10	7.63061502873e-10
5.80653656495e-10	4.87593021514e-10
5.81868231602e-10	1.82560258577e-10
5.83082806709e-10	-8.80119171986e-11
5.84297381816e-10	-2.80360734628e-10
5.85511956923e-10	-3.81231685109e-10
5.8672653203e-10	-4.07489264553e-10
5.87941107137e-10	-3.97391092255e-10
5.89155682244e-10	-3.9499847837e-10
5.90370257351e-10	-4.34810465411e-10
5.91584832458e-10	-5.28845023329e-10
5.92799407565e-10	-6.61858179374e-10
5.94013982672e-10	-7.94429411144e-10
5.95228557779e-10	-8.74713856902e-10
5.96443132886e-10	-8.54355419744e-10
5.97657707993e-10	-7.04836577992e-10
5.988722831e-10	-4.28106494699e-10
6.00086858207e-10	-5.88136345181e-11
6.01301433314e-10	3.42859240998e-10
6.02516008421e-10	7.05829394931e-10
6.03730583528e-10	9.6524432891e-10
6.04945158635e-10	1.0781708859e-09
6.06159733742e-10	1.03296082798e-09
6.07374308849e-10	8.50520931461e-10
6.08588883956e-10	5.7761467831e-10
6.09803459063e-10	2.7322658025e-10
6.1101803417e-10	-6.81129631863e-12
6.12232609277e-10	-2.2430415858e-10
6.13447184384e-10	-3.6632602507e-10
6.14661759491e-10	-4.45159825668e-10
6.15876334598e-10	-4.89589147001e-10
6.17090909705e-10	-5.3138093925e-10
6.18305484811e-10	-5.91516502446e-10
6.19520059918e-10	-6.70970112804e-10
6.20734635025e-10	-7.49885764595e-10
6.21949210132e-10	-7.9397305397e-10
6.23163785239e-10	-7.67135910351e-10
6.24378360346e-10	-6.44380326875e-10
6.25592935453e-10	-4.2201891981e-10
6.2680751056e-10	-1.21101906281e-10
6.28022085667e-10	2.16136192277e-10
6.29236660774e-10	5.35814004277e-10
6.30451235881e-10	7.8540407511e-10
6.31665810988e-10	9.26004550816e-10
6.32880386095e-10	9.41025923851e-10
6.34094961202e-10	8.38557001615e-10
6.35309536309e-10	6.47219722261e-10
6.36524111416e-10	4.07278155645e-10
6.37738686523e-10	1.59239538222e-10
6.3895326163e-10	-6.5135327687e-11
6.40167836737e-10	-2.4865831616e-10
6.41382411844e-10	-3.8869912844e-10
6.42596986951e-10	-4.9337428587e-10
6.43811562058e-10	-5.74890968164e-10
6.45026137165e-10	-6.42698338993e-10
6.46240712272e-10	-6.98311131142e-10
6.47455287379e-10	-7.33215987925e-10
6.48669862486e-10	-7.30968507945e-10
6.49884437593e-10	-6.72595978912e-10
6.510990127e-10	-5.44611356013e-10
6.52313587807e-10	-3.46135259344e-10
6.53528162914e-10	-9.33386284929e-11
6.54742738021e-10	1.82000359228e-10
6.55957313127e-10	4.38859837359e-10
6.57171888234e-10	6.37312869145e-10
6.58386463341e-10	7.49003248313e-10
6.59601038448e-10	7.64044161272e-10
6.60815613555e-10	6.92580937045e-10
6.62030188662e-10	5.59947199719e-10
6.63244763769e-10	3.97986532619e-10
6.64459338876e-10	2.3499044377e-10
6.65673913983e-10	8.80305273121e-11
6.6688848909e-10	-3.99505740989e-11
6.68103064197e-10	-1.5770378059e-10
6.69317639304e-10	-2.78414430399e-10
6.70532214411e-10	-4.10998901579e-10
6.71746789518e-10	-5.52534185072e-10
6.72961364625e-10	-6.85805801037e-10
6.74175939732e-10	-7.8244632995e-10
6.75390514839e-10	-8.11667566492e-10
6.76605089946e-10	-7.51045947656e-10
6.77819665053e-10	-5.95580806895e-10
6.7903424016e-10	-3.61764285195e-10
6.80248815267e-10	-8.45342268407e-11
6.81463390374e-10	1.91099580604e-10
6.82677965481e-10	4.21814805307e-10
6.83892540588e-10	5.7642896012e-10
6.85107115695e-10	6.42524256023e-10
6.86321690802e-10	6.27410567944e-10
6.87536265909e-10	5.53423973315e-10
6.88750841016e-10	4.49678266845e-10
6.89965416123e-10	3.42585515511e-10
6.9117999123e-10	2.48116083235e-10
6.92394566337e-10	1.68087849195e-10
6.93609141443e-10	9.15588854733e-11
6.9482371655e-10	1.12082738923e-12
6.96038291657e-10	-1.18278400962e-10
6.97252866764e-10	-2.70815730952e-10
6.98467441871e-10	-4.44979664227e-10
6.99682016978e-10	-6.14230499796e-10
7.00896592085e-10	-7.43438199891e-10
7.02111167192e-10	-7.98587973527e-10
7.03325742299e-10	-7.57131746187e-10
7.04540317406e-10	-6.15269168946e-10
7.05754892513e-10	-3.90392190797e-10
7.0696946762e-10	-1.17795800891e-10
7.08184042727e-10	1.57200197304e-10
7.09398617834e-10	3.89766496856e-10
7.10613192941e-10	5.46021949877e-10
7.11827768048e-10	6.10403949608e-10
7.13042343155e-10	5.88137372137e-10
7.14256918262e-10	5.01828634203e-10
7.15471493369e-10	3.83233333956e-10
7.16686068476e-10	2.63073784978e-10
7.17900643583e-10	1.61971089319e-10
7.1911521869e-10	8.58728782527e-11
7.20329793797e-10	2.67414024951e-11
7.21544368904e-10	-3.15587000976e-11
7.22758944011e-10	-1.05248615379e-10
7.23973519118e-10	-2.02763347779e-10
7.25188094225e-10	-3.2027044905e-10
7.26402669332e-10	-4.41250064265e-10
7.27617244439e-10	-5.40564371043e-10
7.28831819546e-10	-5.91534432548e-10
7.30046394653e-10	-5.73731229192e-10
7.31260969759e-10	-4.79902506623e-10
7.32475544866e-10	-3.19127779758e-10
7.33690119973e-10	-1.15945537893e-10
7.3490469508e-10	9.52604939375e-11
7.36119270187e-10	2.78616657523e-10
7.37333845294e-10	4.05630390388e-10
7.38548420401e-10	4.61817195596e-10
7.39762995508e-10	4.48884790449e-10
7.40977570615e-10	3.82316789338e-10
7.42192145722e-10	2.85437701253e-10
7.43406720829e-10	1.82120263315e-10
7.44621295936e-10	9.05958086328e-11
7.45835871043e-10	1.99134840562e-11
7.4705044615e-10	-3.05207664697e-11
7.48265021257e-10	-6.85157347524e-11
7.49479596364e-10	-1.04745247198e-10
7.50694171471e-10	-1.4801576631e-10
7.51908746578e-10	-2.01038061198e-10
7.53123321685e-10	-2.5877924803e-10
7.54337896792e-10	-3.09279740707e-10
7.55552471899e-10	-3.37577382714e-10
7.56767047006e-10	-3.30923455305e-10
7.57981622113e-10	-2.8353702719e-10
7.5919619722e-10	-1.993492732e-10
7.60410772327e-10	-9.1287422066e-11
7.61625347434e-10	2.19987084105e-11
7.62839922541e-10	1.21169019263e-10
7.64054497648e-10	1.9092627479e-10
7.65269072755e-10	2.23400214994e-10
7.66483647862e-10	2.19273821322e-10
7.67698222969e-10	1.86718362993e-10
7.68912798075e-10	1.38633576841e-10
7.70127373182e-10	8.87910231451e-11
7.71341948289e-10	4.80813930337e-11
7.72556523396e-10	2.16531601677e-11
7.73771098503e-10	8.11223137276e-12
7.7498567361e-10	8.70794322066e-13
7.76200248717e-10	-8.65767874059e-12
7.77414823824e-10	-2.72114518418e-11
7.78629398931e-10	-5.68862214279e-11
7.79843974038e-10	-9.41007965993e-11
7.81058549145e-10	-1.31071500875e-10
7.82273124252e-10	-1.58495119806e-10
7.83487699359e-10	-1.68838804049e-10
7.84702274466e-10	-1.5869346115e-10
7.85916849573e-10	-1.29752042444e-10
7.8713142468e-10	-8.84234838128e-11
7.88345999787e-10	-4.39949535136e-11
7.89560574894e-10	-6.23020732227e-12
7.90775150001e-10	1.74725511837e-11
7.91989725108e-10	2.43257202576e-11
7.93204300215e-10	1.7109794484e-11
7.94418875322e-10	3.36231389952e-12
7.95633450429e-10	-7.29679337785e-12
7.96848025536e-10	-6.70904477806e-12
7.98062600643e-10	8.70454923418e-12
7.9927717575e-10	3.64594812674e-11
8.00491750857e-10	6.87259277266e-11
8.01706325964e-10	9.51054859866e-11
8.02920901071e-10	1.06031405878e-10
8.04135476178e-10	9.60293719543e-11
8.05350051285e-10	6.53945439466e-11
8.06564626392e-10	2.01921691173e-11
8.07779201498e-10	-2.95177077225e-11
8.08993776605e-10	-7.26100152226e-11
8.10208351712e-10	-1.00140076786e-10
8.11422926819e-10	-1.08084569073e-10
8.12637501926e-10	-9.85773615514e-11
8.13852077033e-10	-7.91456969407e-11
8.1506665214e-10	-6.00340263612e-11
8.16281227247e-10	-5.03838533394e-11
8.17495802354e-10	-5.47091330572e-11
8.18710377461e-10	-7.10327005549e-11
8.19924952568e-10	-9.14483141989e-11
8.21139527675e-10	-1.04988615024e-10
8.22354102782e-10	-1.01602608271e-10
8.23568677889e-10	-7.58332910356e-11
8.24783252996e-10	-2.8949266595e-11
8.25997828103e-10	3.11730606606e-11
8.2721240321e-10	9.20476195265e-11
8.28426978317e-10	1.39990671832e-10
8.29641553424e-10	1.63881838655e-10
8.30856128531e-10	1.5825940558e-10
8.32070703638e-10	1.24970894744e-10
8.33285278745e-10	7.27286356139e-11
8.34499853852e-10	1.45920324435e-11
8.35714428959e-10	-3.59636730118e-11
8.36929004066e-10	-6.90803039771e-11
8.38143579173e-10	-8.13529660304e-11
8.3935815428e-10	-7.635601873e-11
8.40572729387e-10	-6.2932853373e-11
8.41787304494e-10	-5.16225361069e-11
8.43001879601e-10	-5.09462957932e-11
8.44216454708e-10	-6.4311070358e-11
8.45431029814e-10	-8.88755735673e-11
8.46645604921e-10	-1.16341894452e-10
8.47860180028e-10	-1.35534555801e-10
8.49074755135e-10	-1.35995881223e-10
8.50289330242e-10	-1.11506387457e-10
8.51503905349e-10	-6.24998386378e-11
8.52718480456e-10	3.37404670175e-12
8.53933055563e-10	7.3024183922e-11
8.5514763067e-10	1.3138080901e-10
8.56362205777e-10	1.65767427562e-10
8.57576780884e-10	1.69528668881e-10
8.58791355991e-10	1.43893452709e-10
8.60005931098e-10	9.73015626404e-11
8.61220506205e-10	4.25732608889e-11
8.62435081312e-10	-7.16084786953e-12
8.63649656419e-10	-4.23150195439e-11
8.64864231526e-10	-5.92792759324e-11
8.66078806633e-10	-6.08211189745e-11
8.6729338174e-10	-5.43627330651e-11
8.68507956847e-10	-4.90037906087e-11
8.69722531954e-10	-5.20257274761e-11
8.70937107061e-10	-6.62567847809e-11
8.72151682168e-10	-8.89264425985e-11
8.73366257275e-10	-1.12443047928e-10
8.74580832382e-10	-1.2703302299e-10
8.75795407489e-10	-1.24109472699e-10
8.77009982596e-10	-9.95549892524e-11
8.78224557703e-10	-5.5369080848e-11
8.7943913281e-10	6.01658479982e-13
8.80653707917e-10	5.6927348252e-11
8.81868283024e-10	1.02035768723e-10
8.8308285813e-10	1.27392693616e-10
8.84297433237e-10	1.29816449257e-10
8.85512008344e-10	1.11811657155e-10
8.86726583451e-10	8.04401822929e-11
8.87941158558e-10	4.48062247027e-11
8.89155733665e-10	1.32851767781e-11
8.90370308772e-10	-8.93760586373e-12
8.91584883879e-10	-2.1034715636e-11
8.92799458986e-10	-2.62532235534e-11
8.94014034093e-10	-3.02216376924e-11
8.952286092e-10	-3.83524809133e-11
8.96443184307e-10	-5.35162955617e-11
8.97657759414e-10	-7.4481795731e-11
8.98872334521e-10	-9.62440127594e-11
9.00086909628e-10	-1.11538681069e-10
9.01301484735e-10	-1.13514031508e-10
9.02516059842e-10	-9.82889603041e-11
9.03730634949e-10	-6.64919785898e-11
9.04945210056e-10	-2.34851270375e-11
9.06159785163e-10	2.21379546639e-11
9.0737436027e-10	6.08838257588e-11
9.08588935377e-10	8.51235401611e-11
9.09803510484e-10	9.11523911906e-11
9.11018085591e-10	8.01553823315e-11
9.12232660698e-10	5.7597589892e-11
9.13447235805e-10	3.13121993611e-11
9.14661810912e-10	8.95948419621e-12
9.15876386019e-10	-4.56582861796e-12
9.17090961126e-10	-8.4695280303e-12
9.18305536233e-10	-6.10469140516e-12
9.1952011134e-10	-3.25040450284e-12
9.20734686446e-10	-5.71416264999e-12
9.21949261553e-10	-1.68310365645e-11
9.2316383666e-10	-3.60239060804e-11
9.24378411767e-10	-5.88785756261e-11
9.25592986874e-10	-7.84889375716e-11
9.26807561981e-10	-8.78496789203e-11
9.28022137088e-10	-8.20889328734e-11
9.29236712195e-10	-6.02371208469e-11
9.30451287302e-10	-2.57486670874e-11
9.31665862409e-10	1.42093602509e-11
9.32880437516e-10	5.05682301588e-11
9.34095012623e-10	7.48838421827e-11
9.3530958773e-10	8.16334291831e-11
9.36524162837e-10	6.99092589374e-11
9.37738737944e-10	4.35323860293e-11
9.38953313051e-10	9.8541235935e-12
9.40167888158e-10	-2.25550828015e-11
9.41382463265e-10	-4.64314316162e-11
9.42597038372e-10	-5.77173864258e-11
9.43811613479e-10	-5.63448628033e-11
9.45026188586e-10	-4.56197371546e-11
9.46240763693e-10	-3.08883855993e-11
9.474553388e-10	-1.75192655522e-11
9.48669913907e-10	-9.38499711972e-12
9.49884489014e-10	-7.65205780684e-12
9.51099064121e-10	-1.06295944269e-11
9.52313639228e-10	-1.44405841451e-11
9.53528214335e-10	-1.44486323947e-11
9.54742789442e-10	-7.15802460707e-12
9.55957364549e-10	8.36334126952e-12
9.57171939656e-10	2.96130793498e-11
9.58386514762e-10	5.12936984554e-11
9.59601089869e-10	6.6832185619e-11
9.60815664976e-10	7.05311364868e-11
9.62030240083e-10	5.94248539265e-11
9.6324481519e-10	3.41769876289e-11
9.64459390297e-10	-1.04039444161e-12
9.65673965404e-10	-3.98477882635e-11
9.66888540511e-10	-7.51092799067e-11
9.68103115618e-10	-1.00705284389e-10
9.69317690725e-10	-1.12621217907e-10
9.70532265832e-10	-1.09673735371e-10
9.71746840939e-10	-9.35116289957e-11
9.72961416046e-10	-6.78821859834e-11
9.74175991153e-10	-3.76035244609e-11
9.7539056626e-10	-7.04610068208e-12
9.76605141367e-10	2.06957610771e-11
9.77819716474e-10	4.4337863242e-11
9.79034291581e-10	6.38374630935e-11
9.80248866688e-10	7.95288418454e-11
9.81463441795e-10	9.12074651915e-11
9.82678016902e-10	9.76967257094e-11
9.83892592009e-10	9.71485947243e-11
9.85107167116e-10	8.76941297356e-11
9.86321742223e-10	6.83602410789e-11
9.8753631733e-10	3.95663987685e-11
9.88750892437e-10	3.40161514407e-12
9.89965467544e-10	-3.65999210106e-11
9.91180042651e-10	-7.5906378405e-11
9.92394617758e-10	-1.09624420652e-10
9.93609192865e-10	-1.33422453641e-10
9.94823767972e-10	-1.44264059032e-10
9.96038343079e-10	-1.41166078826e-10
9.97252918185e-10	-1.25193161393e-10
9.98467493292e-10	-9.90999782235e-11
9.99682068399e-10	-6.62882040925e-11
1.00089664351e-09	-2.9865779988e-11
1.00211121861e-09	7.91347889995e-12
1.00332579372e-09	4.56414316063e-11
1.00454036883e-09	8.20109674615e-11
1.00575494393e-09	1.15192348715e-10
1.00696951904e-09	1.42299630412e-10
1.00818409415e-09	1.59668611666e-10
1.00939866926e-09	1.63496785555e-10
1.01061324436e-09	1.5088079397e-10
1.01182781947e-09	1.20755919153e-10
1.01304239458e-09	7.45156436555e-11
1.01425696968e-09	1.63845777224e-11
1.01547154479e-09	-4.69783170698e-11
1.0166861199e-09	-1.07249896464e-10
1.017900695e-09	-1.56035573351e-10
1.01911527011e-09	-1.8660126222e-10
1.02032984522e-09	-1.95469723741e-10
1.02154442032e-09	-1.83223033967e-10
1.02275899543e-09	-1.54001159047e-10
1.02397357054e-09	-1.14227155512e-10
1.02518814565e-09	-7.04967265119e-11
1.02640272075e-09	-2.80866406521e-11
1.02761729586e-09	1.01677711389e-11
1.02883187097e-09	4.37293500022e-11
1.03004644607e-09	7.36483929398e-11
1.03126102118e-09	1.0137771872e-10
1.03247559629e-09	1.27491378565e-10
1.03369017139e-09	1.50875853477e-10
1.0349047465e-09	1.68299651992e-10
1.03611932161e-09	1.74950623433e-10
1.03733389672e-09	1.65589347789e-10
1.03854847182e-09	1.36383127014e-10
1.03976304693e-09	8.66565916247e-11
1.04097762204e-09	2.00517918242e-11
1.04219219714e-09	-5.54568370392e-11
1.04340677225e-09	-1.29004293359e-10
1.04462134736e-09	-1.89077392632e-10
1.04583592246e-09	-2.26291069216e-10
1.04705049757e-09	-2.35376246271e-10
1.04826507268e-09	-2.16315146351e-10
1.04947964779e-09	-1.73986991481e-10
1.05069422289e-09	-1.16797668759e-10
1.051908798e-09	-5.46346162755e-11
1.05312337311e-09	3.41557229548e-12
1.05433794821e-09	5.08551672995e-11
1.05555252332e-09	8.49698922334e-11
1.05676709843e-09	1.06725579763e-10
1.05798167353e-09	1.19744963945e-10
1.05919624864e-09	1.28351579365e-10
1.06041082375e-09	1.35545338842e-10
1.06162539885e-09	1.41586395386e-10
1.06283997396e-09	1.43704187439e-10
1.06405454907e-09	1.3716204561e-10
1.06526912418e-09	1.17068826855e-10
1.06648369928e-09	8.05115141223e-11
1.06769827439e-09	2.799907875e-11
1.0689128495e-09	-3.59253286841e-11
1.0701274246e-09	-1.03252413564e-10
1.07134199971e-09	-1.63993166269e-10
1.07255657482e-09	-2.08188549733e-10
1.07377114992e-09	-2.28163987703e-10
1.07498572503e-09	-2.20251941685e-10
1.07620030014e-09	-1.85839746369e-10
1.07741487525e-09	-1.31029340156e-10
1.07862945035e-09	-6.52763468278e-11
1.07984402546e-09	9.04483302491e-13
1.08105860057e-09	5.83492559825e-11
1.08227317567e-09	1.01057710811e-10
1.08348775078e-09	1.27048357945e-10
1.08470232589e-09	1.3786215225e-10
1.08591690099e-09	1.37369990383e-10
1.0871314761e-09	1.30024338518e-10
1.08834605121e-09	1.1939807476e-10
1.08956062632e-09	1.07177884623e-10
1.09077520142e-09	9.29332236166e-11
1.09198977653e-09	7.46278941421e-11
1.09320435164e-09	4.96398269711e-11
1.09441892674e-09	1.62217080046e-11
1.09563350185e-09	-2.53480448437e-11
1.09684807696e-09	-7.19564755003e-11
1.09806265206e-09	-1.17933704469e-10
1.09927722717e-09	-1.56092361259e-10
1.10049180228e-09	-1.79487674723e-10
1.10170637738e-09	-1.83209128424e-10
1.10292095249e-09	-1.65625124726e-10
1.1041355276e-09	-1.28882779449e-10
1.10535010271e-09	-7.83154999184e-11
1.10656467781e-09	-2.13512783842e-11
1.10777925292e-09	3.40643936669e-11
1.10899382803e-09	8.0923302781e-11
1.11020840313e-09	1.14357807945e-10
1.11142297824e-09	1.32307012568e-10
1.11263755335e-09	1.35488523179e-10
1.11385212845e-09	1.26816501744e-10
1.11506670356e-09	1.10212616811e-10
1.11628127867e-09	8.94417734321e-11
1.11749585378e-09	6.70957664428e-11
1.11871042888e-09	4.42797291889e-11
1.11992500399e-09	2.08696445542e-11
1.1211395791e-09	-3.74663841618e-12
1.1223541542e-09	-2.9806622448e-11
1.12356872931e-09	-5.66228765264e-11
1.12478330442e-09	-8.23289561525e-11
1.12599787952e-09	-1.04201328122e-10
1.12721245463e-09	-1.19114204611e-10
1.12842702974e-09	-1.24282389935e-10
1.12964160484e-09	-1.17899801033e-10
1.13085617995e-09	-9.96913177009e-11
1.13207075506e-09	-7.12034597949e-11
1.13328533017e-09	-3.56458369766e-11
1.13449990527e-09	2.59469962877e-12
1.13571448038e-09	3.88626977821e-11
1.13692905549e-09	6.90780072032e-11
1.13814363059e-09	9.04622071696e-11
1.1393582057e-09	1.01763042437e-10
1.14057278081e-09	1.03122316242e-10
1.14178735591e-09	9.57279464031e-11
1.14300193102e-09	8.13488443274e-11
1.14421650613e-09	6.20690443487e-11
1.14543108124e-09	3.99697358544e-11
1.14664565634e-09	1.70138521327e-11
1.14786023145e-09	-5.18901067947e-12
1.14907480656e-09	-2.54238973624e-11
1.15028938166e-09	-4.28503725558e-11
1.15150395677e-09	-5.68844867044e-11
1.15271853188e-09	-6.70016750415e-11
1.15393310698e-09	-7.27426452407e-11
1.15514768209e-09	-7.37283081809e-11
1.1563622572e-09	-6.99003771532e-11
1.15757683231e-09	-6.15700476714e-11
1.15879140741e-09	-4.94422211506e-11
1.16000598252e-09	-3.44601742974e-11
1.16122055763e-09	-1.76225371101e-11
1.16243513273e-09	5.87665766744e-14
1.16364970784e-09	1.75781108419e-11
1.16486428295e-09	3.38112628173e-11
1.16607885805e-09	4.75664681254e-11
1.16729343316e-09	5.76360209559e-11
1.16850800827e-09	6.30485039177e-11
1.16972258337e-09	6.32422308966e-11
1.17093715848e-09	5.81737782945e-11
1.17215173359e-09	4.83500184334e-11
1.1733663087e-09	3.47234879738e-11
1.1745808838e-09	1.86676282071e-11
1.17579545891e-09	1.8064091889e-12
1.17701003402e-09	-1.40923271316e-11
1.17822460912e-09	-2.74388255173e-11
1.17943918423e-09	-3.71014365064e-11
1.18065375934e-09	-4.26728444247e-11
1.18186833444e-09	-4.45193951149e-11
1.18308290955e-09	-4.35458405446e-11
1.18429748466e-09	-4.08560650589e-11
1.18551205977e-09	-3.73123823505e-11
1.18672663487e-09	-3.33558389243e-11
1.18794120998e-09	-2.89413180921e-11
1.18915578509e-09	-2.37126689812e-11
1.19037036019e-09	-1.71832305329e-11
1.1915849353e-09	-8.93067043928e-12
1.19279951041e-09	1.19779663618e-12
1.19401408551e-09	1.29544977176e-11
1.19522866062e-09	2.55026139095e-11
1.19644323573e-09	3.74633865596e-11
1.19765781084e-09	4.70857797197e-11
1.19887238594e-09	5.26775845167e-11
1.20008696105e-09	5.30661348197e-11
1.20130153616e-09	4.79592719704e-11
1.20251611126e-09	3.80284519153e-11
1.20373068637e-09	2.46845321961e-11
1.20494526148e-09	9.73314397829e-12
1.20615983658e-09	-5.05330152722e-12
1.20737441169e-09	-1.82070348381e-11
1.2085889868e-09	-2.87625132045e-11
1.2098035619e-09	-3.63096150369e-11
1.21101813701e-09	-4.09744876917e-11
1.21223271212e-09	-4.32830299379e-11
1.21344728723e-09	-4.38904225464e-11
1.21466186233e-09	-4.32876200163e-11
1.21587643744e-09	-4.15101460149e-11
1.21709101255e-09	-3.80939169098e-11
1.21830558765e-09	-3.22453071189e-11
1.21952016276e-09	-2.32489322932e-11
1.22073473787e-09	-1.08748851937e-11
1.22194931297e-09	4.3344815584e-12
1.22316388808e-09	2.10522276695e-11
1.22437846319e-09	3.74025879712e-11
1.2255930383e-09	5.13168292582e-11
1.2268076134e-09	6.09186173728e-11
1.22802218851e-09	6.48324727237e-11
1.22923676362e-09	6.24003210214e-11
1.23045133872e-09	5.37964776892e-11
1.23166591383e-09	4.0020646519e-11
1.23288048894e-09	2.27455155405e-11
1.23409506404e-09	3.98338220048e-12
1.23530963915e-09	-1.4285925741e-11
1.23652421426e-09	-3.05178174398e-11
1.23773878937e-09	-4.37258909636e-11
1.23895336447e-09	-5.34711233624e-11
1.24016793958e-09	-5.96053276181e-11
1.24138251469e-09	-6.20567486287e-11
1.24259708979e-09	-6.07037961564e-11
1.2438116649e-09	-5.54127854713e-11
1.24502624001e-09	-4.61989856093e-11
1.24624081511e-09	-3.33404831521e-11
1.24745539022e-09	-1.74773008565e-11
1.24866996533e-09	4.0715846493e-13
1.24988454043e-09	1.90144896356e-11
1.25109911554e-09	3.6801003217e-11
1.25231369065e-09	5.2087965885e-11
1.25352826576e-09	6.32610908102e-11
1.25474284086e-09	6.90526524849e-11
1.25595741597e-09	6.87867471316e-11
1.25717199108e-09	6.25549542721e-11
