% time-domain voltage integration by openEMS v0.37.0-rc1-2-g7b051bb @Sat Aug  8 13:52:13 2026
% start-coordinates: (0.000237945,0.00168948,-0.000889) m -> [56,81,13]
% stop-coordinates: (0.00074481,0.00168948,-0.000889) m -> [64,81,13]
% t/s	voltage
0	0
1.21457510697e-12	0
2.42915021394e-12	0
3.6437253209e-12	0
4.85830042787e-12	0
6.07287553484e-12	0
7.28745064181e-12	0
8.50202574878e-12	0
9.71660085574e-12	0
1.09311759627e-11	0
1.21457510697e-11	0
1.33603261766e-11	0
1.45749012836e-11	0
1.57894763906e-11	0
1.70040514976e-11	0
1.82186266045e-11	0
1.94332017115e-11	0
2.06477768185e-11	0
2.18623519254e-11	0
2.30769270324e-11	0
2.42915021394e-11	0
2.55060772463e-11	0
2.67206523533e-11	0
2.79352274603e-11	0
2.91498025672e-11	0
3.03643776742e-11	0
3.15789527812e-11	0
3.27935278881e-11	0
3.40081029951e-11	0
3.52226781021e-11	2.31584023494e-36
3.6437253209e-11	2.59971680892e-33
3.7651828316e-11	6.1755203451e-31
3.8866403423e-11	9.32057208341e-29
4.00809785299e-11	9.1575497406e-27
4.12955536369e-11	5.89490116492e-25
4.25101287439e-11	2.44494559419e-23
4.37247038508e-11	6.02316558177e-22
4.49392789578e-11	5.42478080219e-21
4.61538540648e-11	-1.6834130603e-19
4.73684291718e-11	-7.59523715658e-18
4.85830042787e-11	-1.53155337363e-16
4.97975793857e-11	-1.96277822634e-15
5.10121544927e-11	-1.73552173041e-14
5.22267295996e-11	-1.08901747432e-13
5.34413047066e-11	-4.85663900995e-13
5.46558798136e-11	-1.485212154e-12
5.58704549205e-11	-2.61908432496e-12
5.70850300275e-11	7.75503508524e-13
5.82996051345e-11	2.33231528708e-11
5.95141802414e-11	9.23398683905e-11
6.07287553484e-11	2.33250961948e-10
6.19433304554e-11	4.17701852273e-10
6.31579055623e-11	4.59922853274e-10
6.43724806693e-11	-1.3474374394e-10
6.55870557763e-11	-2.3271767291e-09
6.68016308832e-11	-7.59227669622e-09
6.80162059902e-11	-1.76544758812e-08
6.92307810972e-11	-3.36502135045e-08
7.04453562041e-11	-5.44877098996e-08
7.16599313111e-11	-7.44707318034e-08
7.28745064181e-11	-8.08839311084e-08
7.4089081525e-11	-5.29537333982e-08
7.5303656632e-11	3.58424530056e-08
7.6518231739e-11	2.10345204366e-07
7.77328068459e-11	4.81041531941e-07
7.89473819529e-11	8.28848797596e-07
8.01619570599e-11	1.19342580263e-06
8.13765321669e-11	1.47312763943e-06
8.25911072738e-11	1.54276237652e-06
8.38056823808e-11	1.28931997523e-06
8.50202574878e-11	6.56872199301e-07
8.62348325947e-11	-3.16399010103e-07
8.74494077017e-11	-1.48764781471e-06
8.86639828087e-11	-2.63674536427e-06
8.98785579156e-11	-3.52764639899e-06
9.10931330226e-11	-3.98220751663e-06
9.23077081296e-11	-3.93580683067e-06
9.35222832365e-11	-3.44914035111e-06
9.47368583435e-11	-2.67004338639e-06
9.59514334505e-11	-1.76360583737e-06
9.71660085574e-11	-8.45913824321e-07
9.83805836644e-11	4.46487282701e-08
9.95951587714e-11	9.25563647058e-07
1.00809733878e-10	1.81147361644e-06
1.02024308985e-10	2.65493530094e-06
1.03238884092e-10	3.3231494001e-06
1.04453459199e-10	3.62781443641e-06
1.05668034306e-10	3.39892190482e-06
1.06882609413e-10	2.56755600958e-06
1.0809718452e-10	1.21896793814e-06
1.09311759627e-10	-4.09371525123e-07
1.10526334734e-10	-1.98703789067e-06
1.11740909841e-10	-3.18400617516e-06
1.12955484948e-10	-3.76478507746e-06
1.14170060055e-10	-3.6502053149e-06
1.15384635162e-10	-2.92732522666e-06
1.16599210269e-10	-1.80894456037e-06
1.17813785376e-10	-5.58577223586e-07
1.19028360483e-10	5.89605317458e-07
1.2024293559e-10	1.48949740719e-06
1.21457510697e-10	2.10149987367e-06
1.22672085804e-10	2.46846104801e-06
1.23886660911e-10	2.66442373231e-06
1.25101236018e-10	2.73906927362e-06
1.26315811125e-10	2.68466004627e-06
1.27530386232e-10	2.43920783305e-06
1.28744961339e-10	1.92504488439e-06
1.29959536446e-10	1.1044959578e-06
1.31174111553e-10	2.58749164317e-08
1.3238868666e-10	-1.16357049507e-06
1.33603261766e-10	-2.24803585525e-06
1.34817836873e-10	-3.00569358558e-06
1.3603241198e-10	-3.2791986655e-06
1.37246987087e-10	-3.02465137736e-06
1.38461562194e-10	-2.32017796975e-06
1.39676137301e-10	-1.33411678149e-06
1.40890712408e-10	-2.67585585689e-07
1.42105287515e-10	7.01485706855e-07
1.43319862622e-10	1.45493535797e-06
1.44534437729e-10	1.94248370633e-06
1.45749012836e-10	2.16770146722e-06
1.46963587943e-10	2.16577456058e-06
1.4817816305e-10	1.98391909123e-06
1.49392738157e-10	1.67080481361e-06
1.50607313264e-10	1.27236626213e-06
1.51821888371e-10	8.29819128967e-07
1.53036463478e-10	3.76346898534e-07
1.54251038585e-10	-6.62298331733e-08
1.55465613692e-10	-4.8732310276e-07
1.56680188799e-10	-8.81386689855e-07
1.57894763906e-10	-1.2364536488e-06
1.59109339013e-10	-1.52358086325e-06
1.6032391412e-10	-1.69418312623e-06
1.61538489227e-10	-1.68990913352e-06
1.62753064334e-10	-1.4639924899e-06
1.63967639441e-10	-1.00580607665e-06
1.65182214548e-10	-3.57430455011e-07
1.66396789655e-10	3.86012199982e-07
1.67611364762e-10	1.09592345865e-06
1.68825939869e-10	1.6431651062e-06
1.70040514976e-10	1.93289670847e-06
1.71255090082e-10	1.92976308711e-06
1.72469665189e-10	1.66255507139e-06
1.73684240296e-10	1.21059555624e-06
1.74898815403e-10	6.75570213104e-07
1.7611339051e-10	1.52022699318e-07
1.77327965617e-10	-2.94443097459e-07
1.78542540724e-10	-6.35231646839e-07
1.79757115831e-10	-8.71903672817e-07
1.80971690938e-10	-1.02206631425e-06
1.82186266045e-10	-1.10236764073e-06
1.83400841152e-10	-1.11756801857e-06
1.84615416259e-10	-1.05833574082e-06
1.85829991366e-10	-9.07778684223e-07
1.87044566473e-10	-6.54859103832e-07
1.8825914158e-10	-3.07446262227e-07
1.89473716687e-10	9.85711614554e-08
1.90688291794e-10	5.01939037889e-07
1.91902866901e-10	8.28501391936e-07
1.93117442008e-10	1.01219060866e-06
1.94332017115e-10	1.01663075469e-06
1.95546592222e-10	8.47609761934e-07
1.96761167329e-10	5.53748929377e-07
1.97975742436e-10	2.10381838173e-07
1.99190317543e-10	-1.0311812737e-07
2.0040489265e-10	-3.27619547491e-07
2.01619467757e-10	-4.39397595642e-07
2.02834042864e-10	-4.51163680637e-07
2.04048617971e-10	-4.00990712635e-07
2.05263193078e-10	-3.324175335e-07
2.06477768185e-10	-2.76189680903e-07
2.07692343292e-10	-2.39251983558e-07
2.08906918398e-10	-2.06214870957e-07
2.10121493505e-10	-1.51667755688e-07
2.11336068612e-10	-5.71559443108e-08
2.12550643719e-10	7.52382955937e-08
2.13765218826e-10	2.20007212448e-07
2.14979793933e-10	3.37437816356e-07
2.1619436904e-10	3.91488459428e-07
2.17408944147e-10	3.66626718318e-07
2.18623519254e-10	2.76359441997e-07
2.19838094361e-10	1.57547856539e-07
2.21052669468e-10	5.36836389786e-08
2.22267244575e-10	-4.71411765179e-09
2.23481819682e-10	-1.35663378309e-08
2.24696394789e-10	5.20757281741e-09
2.25910969896e-10	1.61326470793e-08
2.27125545003e-10	-9.91396531536e-09
2.2834012011e-10	-8.06264379705e-08
2.29554695217e-10	-1.77382910138e-07
2.30769270324e-10	-2.63746859019e-07
2.31983845431e-10	-3.01924726998e-07
2.33198420538e-10	-2.69035792755e-07
2.34412995645e-10	-1.66354753972e-07
2.35627570752e-10	-1.75323831009e-08
2.36842145859e-10	1.40468512377e-07
2.38056720966e-10	2.70231804933e-07
2.39271296073e-10	3.44048881828e-07
2.4048587118e-10	3.49084212203e-07
2.41700446287e-10	2.8820594089e-07
2.42915021394e-10	1.76703947474e-07
2.44129596501e-10	3.85311369477e-08
2.45344171608e-10	-9.91915767301e-08
2.46558746714e-10	-2.10897749042e-07
2.47773321821e-10	-2.77992722175e-07
2.48987896928e-10	-2.92582045702e-07
2.50202472035e-10	-2.5846251539e-07
2.51417047142e-10	-1.89603475143e-07
2.52631622249e-10	-1.04306852933e-07
2.53846197356e-10	-1.99847735027e-08
2.55060772463e-10	5.25851389099e-08
2.5627534757e-10	1.10562188738e-07
2.57489922677e-10	1.57044584448e-07
2.58704497784e-10	1.96632197635e-07
2.59919072891e-10	2.29994427059e-07
2.61133647998e-10	2.515675952e-07
2.62348223105e-10	2.50350220554e-07
2.63562798212e-10	2.1496517455e-07
2.64777373319e-10	1.40215550282e-07
2.65991948426e-10	3.2269793504e-08
2.67206523533e-10	-8.99115724096e-08
2.6842109864e-10	-1.99316128047e-07
2.69635673747e-10	-2.69755703997e-07
2.70850248854e-10	-2.86101744962e-07
2.72064823961e-10	-2.50781672761e-07
2.73279399068e-10	-1.83506399409e-07
2.74493974175e-10	-1.13268046054e-07
2.75708549282e-10	-6.61215726616e-08
2.76923124389e-10	-5.38133132499e-08
2.78137699496e-10	-6.86013836848e-08
2.79352274603e-10	-8.68882219507e-08
2.8056684971e-10	-7.98305563876e-08
2.81781424817e-10	-2.67014029776e-08
2.82995999924e-10	7.54563289629e-08
2.84210575031e-10	2.09238177895e-07
2.85425150137e-10	3.42593731162e-07
2.86639725244e-10	4.3986613818e-07
2.87854300351e-10	4.73291329683e-07
2.89068875458e-10	4.31222503039e-07
2.90283450565e-10	3.20200244985e-07
2.91498025672e-10	1.61766088524e-07
2.92712600779e-10	-1.44473601971e-08
2.93927175886e-10	-1.77967867998e-07
2.95141750993e-10	-3.03748219466e-07
2.963563261e-10	-3.76077000652e-07
2.97570901207e-10	-3.90042625753e-07
2.98785476314e-10	-3.51355955885e-07
3.00000051421e-10	-2.73865735423e-07
3.01214626528e-10	-1.76115847239e-07
3.02429201635e-10	-7.64929666275e-08
3.03643776742e-10	1.09771688406e-08
3.04858351849e-10	7.9410034548e-08
3.06072926956e-10	1.29406857674e-07
3.07287502063e-10	1.66516769262e-07
3.0850207717e-10	1.97430911619e-07
3.09716652277e-10	2.25872502924e-07
3.10931227384e-10	2.505459058e-07
3.12145802491e-10	2.65546855616e-07
3.13360377598e-10	2.62826766573e-07
3.14574952705e-10	2.36020685662e-07
3.15789527812e-10	1.82899342782e-07
3.17004102919e-10	1.06660398735e-07
3.18218678026e-10	1.4950887417e-08
3.19433253133e-10	-8.1773054994e-08
3.2064782824e-10	-1.71847894137e-07
3.21862403347e-10	-2.43601141037e-07
3.23076978453e-10	-2.8596658197e-07
3.2429155356e-10	-2.90040150119e-07
3.25506128667e-10	-2.51106213156e-07
3.26720703774e-10	-1.71257823922e-07
3.27935278881e-10	-6.12644210918e-08
3.29149853988e-10	5.99294471826e-08
3.30364429095e-10	1.68644866072e-07
3.31579004202e-10	2.42328672684e-07
3.32793579309e-10	2.66143985073e-07
3.34008154416e-10	2.37773090106e-07
3.35222729523e-10	1.6876597364e-07
3.3643730463e-10	8.11481433161e-08
3.37651879737e-10	7.4629369351e-10
3.38866454844e-10	-5.13139326586e-08
3.40081029951e-10	-6.53373124493e-08
3.41295605058e-10	-4.60879294728e-08
3.42510180165e-10	-1.03740240287e-08
3.43724755272e-10	1.97259482082e-08
3.44939330379e-10	2.57936052517e-08
3.46153905486e-10	5.80101522374e-10
3.47368480593e-10	-4.87878928368e-08
3.485830557e-10	-1.03369590221e-07
3.49797630807e-10	-1.39660514265e-07
3.51012205914e-10	-1.38875897449e-07
3.52226781021e-10	-9.43765341432e-08
3.53441356128e-10	-1.45315092182e-08
3.54655931235e-10	7.99381121297e-08
3.55870506342e-10	1.63109710627e-07
3.57085081449e-10	2.12292148305e-07
3.58299656556e-10	2.15068238774e-07
3.59514231663e-10	1.72320563152e-07
3.60728806769e-10	9.69362181635e-08
3.61943381876e-10	8.92283080756e-09
3.63157956983e-10	-7.10070948706e-08
3.6437253209e-10	-1.27119208493e-07
3.65587107197e-10	-1.52022497701e-07
3.66801682304e-10	-1.46993548888e-07
3.68016257411e-10	-1.19543210886e-07
3.69230832518e-10	-7.98382733258e-08
3.70445407625e-10	-3.69755510654e-08
3.71659982732e-10	2.88346163613e-09
3.72874557839e-10	3.6789689517e-08
3.74089132946e-10	6.35788419689e-08
3.75303708053e-10	8.2313808214e-08
3.7651828316e-10	9.15062221551e-08
3.77732858267e-10	8.9558577443e-08
3.78947433374e-10	7.62601826132e-08
3.80162008481e-10	5.39430744517e-08
3.81376583588e-10	2.76734624105e-08
3.82591158695e-10	3.75820069509e-09
3.83805733802e-10	-1.26760706931e-08
3.85020308909e-10	-1.98486054814e-08
3.86234884016e-10	-2.01286946e-08
3.87449459123e-10	-1.89224773073e-08
3.8866403423e-10	-2.20641728776e-08
3.89878609337e-10	-3.30570624207e-08
3.91093184444e-10	-5.12271203235e-08
3.92307759551e-10	-7.17558430452e-08
3.93522334658e-10	-8.71438317063e-08
3.94736909765e-10	-8.98023908569e-08
3.95951484872e-10	-7.44678629871e-08
3.97166059979e-10	-4.00594251104e-08
3.98380635085e-10	9.71649705139e-09
3.99595210192e-10	6.68312432062e-08
4.00809785299e-10	1.20475696974e-07
4.02024360406e-10	1.59362409491e-07
4.03238935513e-10	1.74436581624e-07
4.0445351062e-10	1.61263443488e-07
4.05668085727e-10	1.21617946824e-07
4.06882660834e-10	6.33922150328e-08
4.08097235941e-10	-1.18531107152e-09
4.09311811048e-10	-5.87235504668e-08
4.10526386155e-10	-9.83636598839e-08
4.11740961262e-10	-1.14644138627e-07
4.12955536369e-10	-1.08703249069e-07
4.14170111476e-10	-8.73049263994e-08
4.15384686583e-10	-6.00500709158e-08
4.1659926169e-10	-3.5933578002e-08
4.17813836797e-10	-2.03900843987e-08
4.19028411904e-10	-1.39021750778e-08
4.20242987011e-10	-1.25366445558e-08
4.21457562118e-10	-1.00863639385e-08
4.22672137225e-10	-9.70140412448e-10
4.23886712332e-10	1.72349018668e-08
4.25101287439e-10	4.24294213097e-08
4.26315862546e-10	6.85050909333e-08
4.27530437653e-10	8.74224892478e-08
4.2874501276e-10	9.23610494752e-08
4.29959587867e-10	8.05366373591e-08
4.31174162974e-10	5.4614865963e-08
4.32388738081e-10	2.20430783626e-08
4.33603313188e-10	-7.68452912414e-09
4.34817888295e-10	-2.65338757632e-08
4.36032463401e-10	-3.09545271637e-08
4.37247038508e-10	-2.30200207785e-08
4.38461613615e-10	-9.17736560357e-09
4.39676188722e-10	2.66208437238e-09
4.40890763829e-10	6.48312944995e-09
4.42105338936e-10	4.23282520146e-10
4.43319914043e-10	-1.28247437392e-08
4.4453448915e-10	-2.76094764828e-08
4.45749064257e-10	-3.79013347374e-08
4.46963639364e-10	-3.97065267332e-08
4.48178214471e-10	-3.24101014915e-08
4.49392789578e-10	-1.85396613617e-08
4.50607364685e-10	-2.45026821055e-09
4.51821939792e-10	1.15212848151e-08
4.53036514899e-10	2.05685476429e-08
4.54251090006e-10	2.41007169777e-08
4.55465665113e-10	2.36459621883e-08
4.5668024022e-10	2.19520043254e-08
4.57894815327e-10	2.19043618799e-08
4.59109390434e-10	2.54132720423e-08
4.60323965541e-10	3.27173264036e-08
4.61538540648e-10	4.2288375024e-08
4.62753115755e-10	5.12923148399e-08
4.63967690862e-10	5.64686741811e-08
4.65182265969e-10	5.50750569595e-08
4.66396841076e-10	4.55638002883e-08
4.67611416183e-10	2.78637621864e-08
4.6882599129e-10	3.33646643647e-09
4.70040566397e-10	-2.54403840216e-08
4.71255141504e-10	-5.48790195509e-08
4.72469716611e-10	-8.06467199688e-08
4.73684291718e-10	-9.81472023653e-08
4.74898866824e-10	-1.03397088225e-07
4.76113441931e-10	-9.41358457851e-08
4.77328017038e-10	-7.08194236587e-08
4.78542592145e-10	-3.69157298064e-08
4.79757167252e-10	1.77845227434e-09
4.80971742359e-10	3.86941700903e-08
4.82186317466e-10	6.83311149885e-08
4.83400892573e-10	8.76365517932e-08
4.8461546768e-10	9.63561714862e-08
4.85830042787e-10	9.63261137521e-08
4.87044617894e-10	9.01531009845e-08
4.88259193001e-10	8.00000163892e-08
4.89473768108e-10	6.68725781416e-08
4.90688343215e-10	5.07430804042e-08
4.91902918322e-10	3.11301446843e-08
4.93117493429e-10	7.83377479552e-09
4.94332068536e-10	-1.85177242984e-08
4.95546643643e-10	-4.63209723911e-08
4.9676121875e-10	-7.30210243383e-08
4.97975793857e-10	-9.54478469595e-08
4.99190368964e-10	-1.10115949248e-07
5.00404944071e-10	-1.1379746212e-07
5.01619519178e-10	-1.04145517099e-07
5.02834094285e-10	-8.04723874204e-08
5.04048669392e-10	-4.44453509552e-08
5.05263244499e-10	-3.12032899519e-10
5.06477819606e-10	4.54797917104e-08
5.07692394713e-10	8.54293529251e-08
5.0890696982e-10	1.12677590813e-07
5.10121544927e-10	1.22690474669e-07
5.11336120034e-10	1.14594353562e-07
5.1255069514e-10	9.14662439122e-08
5.13765270247e-10	5.96380815843e-08
5.14979845354e-10	2.69527781205e-08
5.16194420461e-10	5.49692680263e-10
5.17408995568e-10	-1.52609629378e-08
5.18623570675e-10	-2.02104607494e-08
5.19838145782e-10	-1.79718752658e-08
5.21052720889e-10	-1.458009459e-08
5.22267295996e-10	-1.58873227213e-08
5.23481871103e-10	-2.50792906997e-08
5.2469644621e-10	-4.11635889819e-08
5.25911021317e-10	-5.92338720296e-08
5.27125596424e-10	-7.23338597908e-08
5.28340171531e-10	-7.42544363774e-08
5.29554746638e-10	-6.20595246303e-08
5.30769321745e-10	-3.73299631207e-08
5.31983896852e-10	-5.6765127876e-09
5.33198471959e-10	2.52248644195e-08
5.34413047066e-10	4.82499997734e-08
5.35627622173e-10	5.91010249629e-08
5.3684219728e-10	5.74557388333e-08
5.38056772387e-10	4.66713065972e-08
5.39271347494e-10	3.23527244994e-08
5.40485922601e-10	2.03079507377e-08
5.41700497708e-10	1.4730566128e-08
5.42915072815e-10	1.69955800544e-08
5.44129647922e-10	2.55029471985e-08
5.45344223029e-10	3.63428405148e-08
5.46558798136e-10	4.46392700582e-08
5.47773373243e-10	4.60772442423e-08
5.4898794835e-10	3.81913543013e-08
5.50202523456e-10	2.10767518993e-08
5.51417098563e-10	-2.77087723599e-09
5.5263167367e-10	-2.92397657198e-08
5.53846248777e-10	-5.39059483717e-08
5.55060823884e-10	-7.31193678938e-08
5.56275398991e-10	-8.46827452605e-08
5.57489974098e-10	-8.78980053187e-08
5.58704549205e-10	-8.30966446763e-08
5.59919124312e-10	-7.11113470331e-08
5.61133699419e-10	-5.28592312143e-08
5.62348274526e-10	-2.92699813276e-08
5.63562849633e-10	-1.48929765742e-09
5.6477742474e-10	2.88936187198e-08
5.65991999847e-10	5.95694125138e-08
5.67206574954e-10	8.75647607756e-08
5.68421150061e-10	1.09422543471e-07
5.69635725168e-10	1.21753252813e-07
5.70850300275e-10	1.21929621066e-07
5.72064875382e-10	1.08854174563e-07
5.73279450489e-10	8.34882998291e-08
5.74494025596e-10	4.89314309071e-08
5.75708600703e-10	9.87985215861e-09
5.7692317581e-10	-2.84386338922e-08
5.78137750917e-10	-6.14967334833e-08
5.79352326024e-10	-8.64831952718e-08
5.80566901131e-10	-1.02619970743e-07
5.81781476238e-10	-1.10729754699e-07
5.82996051345e-10	-1.12229447069e-07
5.84210626452e-10	-1.08025237644e-07
5.85425201559e-10	-9.78544574259e-08
5.86639776666e-10	-8.03897379775e-08
5.87854351772e-10	-5.40979860908e-08
5.89068926879e-10	-1.84907925638e-08
5.90283501986e-10	2.47797748987e-08
5.91498077093e-10	7.14872596674e-08
5.927126522e-10	1.15303299353e-07
5.93927227307e-10	1.49070405797e-07
5.95141802414e-10	1.66510515598e-07
5.96356377521e-10	1.63809533049e-07
5.97570952628e-10	1.40665425974e-07
5.98785527735e-10	1.00417258952e-07
6.00000102842e-10	4.93187373163e-08
6.01214677949e-10	-4.89939652737e-09
6.02429253056e-10	-5.47178791166e-08
6.03643828163e-10	-9.42842408591e-08
6.0485840327e-10	-1.20274713744e-07
6.06072978377e-10	-1.31975416373e-07
6.07287553484e-10	-1.3070189997e-07
6.08502128591e-10	-1.1886719431e-07
6.09716703698e-10	-9.9132407172e-08
6.10931278805e-10	-7.38322771809e-08
6.12145853912e-10	-4.48781092288e-08
6.13360429019e-10	-1.3918857289e-08
6.14575004126e-10	1.74158653055e-08
6.15789579233e-10	4.73646617483e-08
6.1700415434e-10	7.40595451632e-08
6.18218729447e-10	9.56484376147e-08
6.19433304554e-10	1.10420891097e-07
6.20647879661e-10	1.16924539384e-07
6.21862454768e-10	1.14041482036e-07
6.23077029875e-10	1.0116473792e-07
6.24291604982e-10	7.84308920032e-08
6.25506180088e-10	4.70203846969e-08
6.26720755195e-10	9.40555164308e-09
6.27935330302e-10	-3.06488316948e-08
6.29149905409e-10	-6.83849674665e-08
6.30364480516e-10	-9.87281407738e-08
6.31579055623e-10	-1.17221184759e-07
6.3279363073e-10	-1.2095799562e-07
6.34008205837e-10	-1.09339096444e-07
6.35222780944e-10	-8.4329422112e-08
6.36437356051e-10	-5.01925179197e-08
6.37651931158e-10	-1.26481969343e-08
6.38866506265e-10	2.22879114053e-08
6.40081081372e-10	4.95881837814e-08
6.41295656479e-10	6.62348123015e-08
6.42510231586e-10	7.17265802308e-08
6.43724806693e-10	6.79435347983e-08
6.449393818e-10	5.83184580627e-08
6.46153956907e-10	4.66767104967e-08
6.47368532014e-10	3.60189327253e-08
6.48583107121e-10	2.77113435532e-08
6.49797682228e-10	2.13305582086e-08
6.51012257335e-10	1.5155188493e-08
6.52226832442e-10	7.13435908961e-09
6.53441407549e-10	-4.0930549644e-09
6.54655982656e-10	-1.84140592774e-08
6.55870557763e-10	-3.40089514328e-08
6.5708513287e-10	-4.77078150318e-08
6.58299707977e-10	-5.58796298122e-08
6.59514283084e-10	-5.56031505283e-08
6.60728858191e-10	-4.5717858832e-08
6.61943433298e-10	-2.74817946178e-08
6.63158008405e-10	-4.4309008268e-09
6.64372583511e-10	1.8413241154e-08
6.65587158618e-10	3.5950821875e-08
6.66801733725e-10	4.44228933638e-08
6.68016308832e-10	4.2493659036e-08
6.69230883939e-10	3.15746075952e-08
6.70445459046e-10	1.5316080515e-08
6.71660034153e-10	-1.55406654212e-09
6.7287460926e-10	-1.46510584775e-08
6.74089184367e-10	-2.11407928941e-08
6.75303759474e-10	-2.03869153781e-08
6.76518334581e-10	-1.38355129575e-08
6.77732909688e-10	-4.26462154479e-09
6.78947484795e-10	5.2614422541e-09
6.80162059902e-10	1.24139006297e-08
6.81376635009e-10	1.61250028885e-08
6.82591210116e-10	1.66845721683e-08
6.83805785223e-10	1.5237965556e-08
6.8502036033e-10	1.31692452499e-08
6.86234935437e-10	1.14515208427e-08
6.87449510544e-10	1.02729882379e-08
6.88664085651e-10	9.06274194579e-09
6.89878660758e-10	6.79860567843e-09
6.91093235865e-10	2.56610428045e-09
6.92307810972e-10	-3.96853194751e-09
6.93522386079e-10	-1.22642219713e-08
6.94736961186e-10	-2.10034101222e-08
6.95951536293e-10	-2.84408805395e-08
6.971661114e-10	-3.29392662035e-08
6.98380686507e-10	-3.34329934848e-08
6.99595261614e-10	-2.96469084837e-08
7.00809836721e-10	-2.2104205244e-08
7.02024411827e-10	-1.18355439893e-08
7.03238986934e-10	-9.86415393811e-11
7.04453562041e-10	1.19375444529e-08
7.05668137148e-10	2.33241451708e-08
7.06882712255e-10	3.33268348474e-08
7.08097287362e-10	4.13301630697e-08
7.09311862469e-10	4.66710061708e-08
7.10526437576e-10	4.85992222021e-08
7.11741012683e-10	4.62959235392e-08
7.1295558779e-10	3.91225465357e-08
7.14170162897e-10	2.69083297866e-08
7.15384738004e-10	1.02505096633e-08
7.16599313111e-10	-9.30672899857e-09
7.17813888218e-10	-2.93757710379e-08
7.19028463325e-10	-4.70407612863e-08
7.20243038432e-10	-5.9440253608e-08
7.21457613539e-10	-6.4385293097e-08
7.22672188646e-10	-6.094902405e-08
7.23886763753e-10	-4.97306653635e-08
7.2510133886e-10	-3.28001912298e-08
7.26315913967e-10	-1.31940357528e-08
7.27530489074e-10	5.80928097293e-09
7.28745064181e-10	2.14898751016e-08
7.29959639288e-10	3.23070323827e-08
7.31174214395e-10	3.80921878484e-08
7.32388789502e-10	3.98845410032e-08
7.33603364609e-10	3.93384640418e-08
7.34817939716e-10	3.80288025514e-08
7.36032514823e-10	3.68329720057e-08
7.3724708993e-10	3.55719294021e-08
7.38461665037e-10	3.31270975096e-08
7.39676240143e-10	2.78656155928e-08
7.4089081525e-10	1.83973517531e-08
7.42105390357e-10	4.25814744576e-09
7.43319965464e-10	-1.36045659183e-08
7.44534540571e-10	-3.28134297511e-08
7.45749115678e-10	-5.0012135322e-08
7.46963690785e-10	-6.16901743022e-08
7.48178265892e-10	-6.51221214731e-08
7.49392840999e-10	-5.91475548539e-08
7.50607416106e-10	-4.45794399173e-08
7.51821991213e-10	-2.40526674133e-08
7.5303656632e-10	-1.44304922178e-09
7.54251141427e-10	1.91064012389e-08
7.55465716534e-10	3.41760444389e-08
7.56680291641e-10	4.18758094867e-08
7.57894866748e-10	4.22207022677e-08
7.59109441855e-10	3.69258281729e-08
7.60324016962e-10	2.88022460326e-08
7.61538592069e-10	2.08045823902e-08
7.62753167176e-10	1.51649543478e-08
7.63967742283e-10	1.27632618918e-08
7.6518231739e-10	1.29723609077e-08
7.66396892497e-10	1.39937516019e-08
7.67611467604e-10	1.35432195458e-08
7.68826042711e-10	9.72112507158e-09
7.70040617818e-10	1.7149834608e-09
7.71255192925e-10	-9.81294429048e-09
7.72469768032e-10	-2.28636659605e-08
7.73684343139e-10	-3.46502033732e-08
7.74898918246e-10	-4.2439294079e-08
7.76113493353e-10	-4.433616696e-08
7.77328068459e-10	-3.98291268855e-08
7.78542643566e-10	-2.98868885196e-08
7.79757218673e-10	-1.66121612022e-08
7.8097179378e-10	-2.64773887537e-09
7.82186368887e-10	9.58768853199e-09
7.83400943994e-10	1.84599291408e-08
7.84615519101e-10	2.34607709926e-08
7.85830094208e-10	2.51494788328e-08
7.87044669315e-10	2.478406258e-08
7.88259244422e-10	2.37957560323e-08
7.89473819529e-10	2.32277790335e-08
7.90688394636e-10	2.34169952318e-08
7.91902969743e-10	2.39059102514e-08
7.9311754485e-10	2.36835033807e-08
7.94332119957e-10	2.1568803632e-08
7.95546695064e-10	1.66534868118e-08
7.96761270171e-10	8.63516158578e-09
7.97975845278e-10	-2.03175671426e-09
7.99190420385e-10	-1.41815851284e-08
8.00404995492e-10	-2.62006938367e-08
8.01619570599e-10	-3.63406833515e-08
8.02834145706e-10	-4.31119060451e-08
8.04048720813e-10	-4.55230710905e-08
8.0526329592e-10	-4.32422098129e-08
8.06477871027e-10	-3.65576895422e-08
8.07692446134e-10	-2.62545305496e-08
8.08907021241e-10	-1.34381654693e-08
8.10121596348e-10	6.6047581293e-10
8.11336171455e-10	1.47911723425e-08
8.12550746562e-10	2.77897014289e-08
8.13765321669e-10	3.86002507735e-08
8.14979896775e-10	4.63127758366e-08
8.16194471882e-10	5.02019510407e-08
8.17409046989e-10	4.97863466009e-08
8.18623622096e-10	4.49289647708e-08
8.19838197203e-10	3.58958229807e-08
8.2105277231e-10	2.34136885435e-08
8.22267347417e-10	8.60160764837e-09
8.23481922524e-10	-7.12226194688e-09
8.24696497631e-10	-2.22393803373e-08
8.25911072738e-10	-3.530477799e-08
8.27125647845e-10	-4.51168766791e-08
8.28340222952e-10	-5.08399480292e-08
8.29554798059e-10	-5.20348077959e-08
8.30769373166e-10	-4.86932061339e-08
8.31983948273e-10	-4.11513465526e-08
8.3319852338e-10	-3.00655398355e-08
8.34413098487e-10	-1.63147036991e-08
8.35627673594e-10	-9.6706785635e-10
8.36842248701e-10	1.47607454037e-08
8.38056823808e-10	2.95621702673e-08
8.39271398915e-10	4.20981427496e-08
8.40485974022e-10	5.11278945847e-08
8.41700549129e-10	5.56404433638e-08
8.42915124236e-10	5.50064340743e-08
8.44129699343e-10	4.90825171617e-08
8.4534427445e-10	3.82729370418e-08
8.46558849557e-10	2.35256361059e-08
8.47773424664e-10	6.25277843391e-09
8.48987999771e-10	-1.17783517384e-08
8.50202574878e-10	-2.86616208545e-08
8.51417149985e-10	-4.25386765812e-08
8.52631725092e-10	-5.18831007046e-08
8.53846300198e-10	-5.56731376555e-08
8.55060875305e-10	-5.35644386623e-08
8.56275450412e-10	-4.59224716032e-08
8.57490025519e-10	-3.37644225912e-08
8.58704600626e-10	-1.86229125454e-08
8.59919175733e-10	-2.30722310701e-09
8.6113375084e-10	1.33321245155e-08
8.62348325947e-10	2.66827639983e-08
8.63562901054e-10	3.65609558184e-08
8.64777476161e-10	4.23390698057e-08
8.65992051268e-10	4.39474241443e-08
8.67206626375e-10	4.1758329461e-08
8.68421201482e-10	3.64323229363e-08
8.69635776589e-10	2.87163235413e-08
8.70850351696e-10	1.93343938637e-08
8.72064926803e-10	8.89998724718e-09
8.7327950191e-10	-2.02807384775e-09
8.74494077017e-10	-1.28967667101e-08
8.75708652124e-10	-2.30425336589e-08
8.76923227231e-10	-3.16508428355e-08
8.78137802338e-10	-3.77850399857e-08
8.79352377445e-10	-4.05036133522e-08
8.80566952552e-10	-3.90944179252e-08
8.81781527659e-10	-3.32842369222e-08
8.82996102766e-10	-2.34426087431e-08
8.84210677873e-10	-1.06311494052e-08
8.8542525298e-10	3.5091168582e-09
8.86639828087e-10	1.69995145738e-08
8.87854403194e-10	2.79171912254e-08
8.89068978301e-10	3.47495450193e-08
8.90283553408e-10	3.67323864658e-08
8.91498128514e-10	3.39669721239e-08
8.92712703621e-10	2.73776264992e-08
8.93927278728e-10	1.84368572631e-08
8.95141853835e-10	8.81115713725e-09
8.96356428942e-10	-3.11941028563e-11
8.97571004049e-10	-7.09164144075e-09
8.98785579156e-10	-1.1957887458e-08
9.00000154263e-10	-1.47650793814e-08
9.0121472937e-10	-1.59895985341e-08
9.02429304477e-10	-1.62327078446e-08
9.03643879584e-10	-1.59572831615e-08
9.04858454691e-10	-1.53537386138e-08
9.06073029798e-10	-1.43020678633e-08
9.07287604905e-10	-1.2456852716e-08
9.08502180012e-10	-9.46019146353e-09
9.09716755119e-10	-5.1218886632e-09
9.10931330226e-10	3.93909987961e-10
9.12145905333e-10	6.54581611137e-09
9.1336048044e-10	1.24813381852e-08
9.14575055547e-10	1.7218937054e-08
9.15789630654e-10	1.98761268555e-08
9.17004205761e-10	1.9872206658e-08
9.18218780868e-10	1.70995160254e-08
9.19433355975e-10	1.19579263713e-08
9.20647931082e-10	5.3218182916e-09
9.21862506189e-10	-1.65387571693e-09
9.23077081296e-10	-7.75076269832e-09
9.24291656403e-10	-1.19667630805e-08
9.2550623151e-10	-1.37123697952e-08
9.26720806617e-10	-1.29293049045e-08
9.27935381724e-10	-1.00918042256e-08
9.2914995683e-10	-6.05620301131e-09
9.30364531937e-10	-1.87207223334e-09
9.31579107044e-10	1.50572958268e-09
9.32793682151e-10	3.41904159151e-09
9.34008257258e-10	3.67321188743e-09
9.35222832365e-10	2.54873597227e-09
9.36437407472e-10	6.89995054148e-10
9.37651982579e-10	-1.08149861289e-09
9.38866557686e-10	-2.02637976537e-09
9.40081132793e-10	-1.6806818437e-09
9.412957079e-10	-8.37110242236e-12
9.42510283007e-10	2.59239806011e-09
9.43724858114e-10	5.37792926858e-09
9.44939433221e-10	7.47606859752e-09
9.46154008328e-10	8.1387198092e-09
9.47368583435e-10	6.97953442264e-09
9.48583158542e-10	4.12843041697e-09
9.49797733649e-10	2.0038023324e-10
9.51012308756e-10	-3.83621534539e-09
9.52226883863e-10	-6.95968965791e-09
9.5344145897e-10	-8.35858621206e-09
9.54656034077e-10	-7.68125857364e-09
9.55870609184e-10	-5.14262085693e-09
9.57085184291e-10	-1.46422456104e-09
9.58299759398e-10	2.29151013442e-09
9.59514334505e-10	5.0483898173e-09
9.60728909612e-10	5.99938571044e-09
9.61943484719e-10	4.88282064781e-09
9.63158059826e-10	2.06038928974e-09
9.64372634933e-10	-1.56602706497e-09
9.6558721004e-10	-4.8210830883e-09
9.66801785146e-10	-6.61645166433e-09
9.68016360253e-10	-6.27939766851e-09
9.6923093536e-10	-3.77931863582e-09
9.70445510467e-10	2.71547364455e-10
9.71660085574e-10	4.76818301509e-09
9.72874660681e-10	8.45086428614e-09
9.74089235788e-10	1.02508797561e-08
9.75303810895e-10	9.60464757727e-09
9.76518386002e-10	6.61970173121e-09
9.77732961109e-10	2.03122469539e-09
9.78947536216e-10	-2.97781174718e-09
9.80162111323e-10	-7.14224979159e-09
9.8137668643e-10	-9.436403825e-09
9.82591261537e-10	-9.37917499222e-09
9.83805836644e-10	-7.13848763434e-09
9.85020411751e-10	-3.46550707575e-09
9.86234986858e-10	5.35358434667e-10
9.87449561965e-10	3.75400771579e-09
9.88664137072e-10	5.37898534048e-09
9.89878712179e-10	5.1442148874e-09
9.91093287286e-10	3.3574392988e-09
9.92307862393e-10	7.9827429042e-10
9.935224375e-10	-1.55973756133e-09
9.94737012607e-10	-2.85303014547e-09
9.95951587714e-10	-2.59849619599e-09
9.97166162821e-10	-8.49143925313e-10
9.98380737928e-10	1.84384454927e-09
9.99595313035e-10	4.57316162716e-09
1.00080988814e-09	6.38725319857e-09
1.00202446325e-09	6.55351850565e-09
1.00323903836e-09	4.81936626717e-09
1.00445361346e-09	1.49559575835e-09
1.00566818857e-09	-2.6169475198e-09
1.00688276368e-09	-6.43613823348e-09
1.00809733878e-09	-8.93344725972e-09
1.00931191389e-09	-9.40718947184e-09
1.010526489e-09	-7.70848107567e-09
1.0117410641e-09	-4.25663609915e-09
1.01295563921e-09	7.66873994862e-11
1.01417021432e-09	4.22273338518e-09
1.01538478943e-09	7.21231752099e-09
1.01659936453e-09	8.41615782621e-09
1.01781393964e-09	7.70577285314e-09
1.01902851475e-09	5.43713823964e-09
1.02024308985e-09	2.34146138589e-09
1.02145766496e-09	-7.2127506745e-10
1.02267224007e-09	-2.99101603207e-09
1.02388681517e-09	-4.02369557118e-09
1.02510139028e-09	-3.78578382532e-09
1.02631596539e-09	-2.61411070568e-09
1.02753054049e-09	-1.09343007565e-09
1.0287451156e-09	1.76028872034e-10
1.02995969071e-09	7.44768691163e-10
1.03117426582e-09	4.76606119154e-10
1.03238884092e-09	-4.43640697095e-10
1.03360341603e-09	-1.57669818868e-09
1.03481799114e-09	-2.38444419765e-09
1.03603256624e-09	-2.4244119351e-09
1.03724714135e-09	-1.48330614458e-09
1.03846171646e-09	3.26291006367e-10
1.03967629156e-09	2.60926875939e-09
1.04089086667e-09	4.77514752739e-09
1.04210544178e-09	6.21534224088e-09
1.04332001689e-09	6.45678466249e-09
1.04453459199e-09	5.30452751168e-09
1.0457491671e-09	2.90360210875e-09
1.04696374221e-09	-2.89241790241e-10
1.04817831731e-09	-3.60192584092e-09
1.04939289242e-09	-6.33475338851e-09
1.05060746753e-09	-7.9152023269e-09
1.05182204263e-09	-8.04969468859e-09
1.05303661774e-09	-6.77006573024e-09
1.05425119285e-09	-4.3927672333e-09
1.05546576796e-09	-1.43605292935e-09
1.05668034306e-09	1.53922211088e-09
1.05789491817e-09	4.02450392456e-09
1.05910949328e-09	5.68953925639e-09
1.06032406838e-09	6.40233699389e-09
1.06153864349e-09	6.24791240966e-09
1.0627532186e-09	5.45749126446e-09
1.0639677937e-09	4.32807009676e-09
1.06518236881e-09	3.1179363813e-09
1.06639694392e-09	1.97366603616e-09
1.06761151902e-09	9.11375412638e-10
1.06882609413e-09	-1.60571499673e-10
1.07004066924e-09	-1.3613982025e-09
1.07125524435e-09	-2.76539960375e-09
1.07246981945e-09	-4.335171222e-09
1.07368439456e-09	-5.89809923124e-09
1.07489896967e-09	-7.17078268986e-09
1.07611354477e-09	-7.81059905641e-09
1.07732811988e-09	-7.51766482399e-09
1.07854269499e-09	-6.10962624936e-09
1.07975727009e-09	-3.61496990675e-09
1.0809718452e-09	-2.82762160908e-10
1.08218642031e-09	3.43002672099e-09
1.08340099542e-09	6.94785246003e-09
1.08461557052e-09	9.6920559356e-09
1.08583014563e-09	1.11982985662e-08
1.08704472074e-09	1.12260672425e-08
1.08825929584e-09	9.79295006198e-09
1.08947387095e-09	7.17538034545e-09
1.09068844606e-09	3.82244585984e-09
1.09190302116e-09	2.57268747972e-10
1.09311759627e-09	-3.04721158029e-09
1.09433217138e-09	-5.74899508554e-09
1.09554674649e-09	-7.67562147175e-09
1.09676132159e-09	-8.81042916401e-09
1.0979758967e-09	-9.23053566915e-09
1.09919047181e-09	-9.04712987859e-09
1.10040504691e-09	-8.33602847861e-09
1.10161962202e-09	-7.11918302088e-09
1.10283419713e-09	-5.36488978242e-09
1.10404877223e-09	-3.03749334019e-09
1.10526334734e-09	-1.65223765225e-10
1.10647792245e-09	3.10551689919e-09
1.10769249755e-09	6.4690167112e-09
1.10890707266e-09	9.49659384464e-09
1.11012164777e-09	1.17035629521e-08
1.11133622288e-09	1.26706408143e-08
1.11255079798e-09	1.21488105687e-08
1.11376537309e-09	1.01372802375e-08
1.1149799482e-09	6.89455131875e-09
1.1161945233e-09	2.88890961153e-09
1.11740909841e-09	-1.30007213675e-09
1.11862367352e-09	-5.10635667084e-09
1.11983824862e-09	-8.08234168481e-09
1.12105282373e-09	-9.98065546876e-09
1.12226739884e-09	-1.0763073488e-08
1.12348197395e-09	-1.05694771824e-08
1.12469654905e-09	-9.63093643724e-09
1.12591112416e-09	-8.17931045116e-09
1.12712569927e-09	-6.37792019198e-09
1.12834027437e-09	-4.28996066448e-09
1.12955484948e-09	-1.9135368845e-09
1.13076942459e-09	7.65846962236e-10
1.13198399969e-09	3.68873116774e-09
1.1331985748e-09	6.67468455506e-09
1.13441314991e-09	9.40546679429e-09
1.13562772502e-09	1.14716073862e-08
1.13684230012e-09	1.24657023037e-08
1.13805687523e-09	1.20908641987e-08
1.13927145034e-09	1.02663427759e-08
1.14048602544e-09	7.16862802452e-09
1.14170060055e-09	3.22127693964e-09
1.14291517566e-09	-9.95955169031e-10
1.14412975076e-09	-4.86806631117e-09
1.14534432587e-09	-7.88161796939e-09
1.14655890098e-09	-9.72700103796e-09
1.14777347608e-09	-1.03430681797e-08
1.14898805119e-09	-9.90375753629e-09
1.1502026263e-09	-8.7280770944e-09
1.15141720141e-09	-7.17706227782e-09
1.15263177651e-09	-5.53131049297e-09
1.15384635162e-09	-3.92642185432e-09
1.15506092673e-09	-2.33658102589e-09
1.15627550183e-09	-6.32758356128e-10
1.15749007694e-09	1.3221688553e-09
1.15870465205e-09	3.57660356887e-09
1.15991922715e-09	6.0184349171e-09
1.16113380226e-09	8.37313207658e-09
1.16234837737e-09	1.0246722193e-08
1.16356295248e-09	1.12285701848e-08
1.16477752758e-09	1.10013861909e-08
1.16599210269e-09	9.44063210939e-09
1.1672066778e-09	6.67241883967e-09
1.1684212529e-09	3.05882172369e-09
1.16963582801e-09	-8.66425552831e-10
1.17085040312e-09	-4.5267488924e-09
1.17206497822e-09	-7.42139005805e-09
1.17327955333e-09	-9.24261134294e-09
1.17449412844e-09	-9.91115206572e-09
1.17570870354e-09	-9.56957618703e-09
1.17692327865e-09	-8.50402281927e-09
1.17813785376e-09	-7.04237240745e-09
1.17935242887e-09	-5.46053754991e-09
1.18056700397e-09	-3.90611609724e-09
1.18178157908e-09	-2.38878983261e-09
1.18299615419e-09	-8.07138625034e-10
1.18421072929e-09	9.73804734766e-10
1.1854253044e-09	3.03384108807e-09
1.18663987951e-09	5.3296447533e-09
1.18785445461e-09	7.65900337596e-09
1.18906902972e-09	9.68979446681e-09
1.19028360483e-09	1.10252576513e-08
1.19149817994e-09	1.13106567445e-08
1.19271275504e-09	1.03229221837e-08
1.19392733015e-09	8.05223210332e-09
1.19514190526e-09	4.7175497675e-09
1.19635648036e-09	7.38501426678e-10
1.19757105547e-09	-3.34627539567e-09
1.19878563058e-09	-6.99135171978e-09
1.20000020568e-09	-9.7446264391e-09
1.20121478079e-09	-1.13336650065e-08
1.2024293559e-09	-1.16868086875e-08
1.20364393101e-09	-1.09237254242e-08
1.20485850611e-09	-9.29224414081e-09
1.20607308122e-09	-7.09532688159e-09
1.20728765633e-09	-4.61872171065e-09
1.20850223143e-09	-2.07358240301e-09
1.20971680654e-09	4.18251582673e-10
1.21093138165e-09	2.81475025232e-09
1.21214595675e-09	5.10207026627e-09
1.21336053186e-09	7.24545454189e-09
1.21457510697e-09	9.1390631729e-09
1.21578968207e-09	1.05965222708e-08
1.21700425718e-09	1.13744289543e-08
1.21821883229e-09	1.12261981933e-08
1.2194334074e-09	9.97833549121e-09
1.2206479825e-09	7.58839058257e-09
1.22186255761e-09	4.19617440794e-09
1.22307713272e-09	1.21023652905e-10
1.22429170782e-09	-4.16689185934e-09
1.22550628293e-09	-8.12541772754e-09
1.22672085804e-09	-1.12357269044e-08
1.22793543314e-09	-1.30965376322e-08
1.22915000825e-09	-1.35027673487e-08
1.23036458336e-09	-1.24632107967e-08
1.23157915847e-09	-1.01937133734e-08
1.23279373357e-09	-7.04816316421e-09
1.23400830868e-09	-3.45020340076e-09
1.23522288379e-09	1.89459559152e-10
1.23643745889e-09	3.53205489856e-09
1.237652034e-09	6.3423791774e-09
1.23886660911e-09	8.49254444546e-09
1.24008118421e-09	9.93505483438e-09
1.24129575932e-09	1.06671017019e-08
1.24251033443e-09	1.06915827858e-08
1.24372490954e-09	1.00043798246e-08
1.24493948464e-09	8.59791787766e-09
1.24615405975e-09	6.49092418703e-09
1.24736863486e-09	3.76070113939e-09
1.24858320996e-09	5.65295581179e-10
1.24979778507e-09	-2.84171827736e-09
1.25101236018e-09	-6.13954856399e-09
1.25222693528e-09	-8.96445506715e-09
1.25344151039e-09	-1.0977175835e-08
1.2546560855e-09	-1.19109491159e-08
1.2558706606e-09	-1.16299893049e-08
1.25708523571e-09	-1.01544326836e-08
