% time-domain voltage integration by openEMS v0.37.0-rc1-2-g7b051bb @Tue Jul 14 02:31:50 2026
% start-coordinates: (0.00141727,0.00269374,-0.000889) m -> [54,73,13]
% stop-coordinates: (0.00181464,0.00269374,-0.000889) m -> [60,73,13]
% t/s	voltage
0	0
1.05474700932e-12	-2.04967605388e-10
2.10949401864e-12	-8.25894108658e-09
3.16424102796e-12	-2.10507975495e-08
4.21898803729e-12	-1.73836790518e-08
5.27373504661e-12	-6.35144656314e-09
6.32848205593e-12	4.3425571139e-08
7.38322906525e-12	1.55423835579e-07
8.43797607457e-12	3.70050525333e-07
9.49272308389e-12	7.19671362504e-07
1.05474700932e-11	1.20094908596e-06
1.16022171025e-11	1.75623343068e-06
1.26569641119e-11	2.19134449253e-06
1.37117111212e-11	2.19183266381e-06
1.47664581305e-11	1.27695663821e-06
1.58212051398e-11	-1.07998009469e-06
1.68759521491e-11	-5.32195696223e-06
1.79306991585e-11	-1.15524388775e-05
1.89854461678e-11	-1.92941771502e-05
2.00401931771e-11	-2.73138316516e-05
2.10949401864e-11	-3.36431014603e-05
2.21496871958e-11	-3.59003186077e-05
2.32044342051e-11	-3.18518386848e-05
2.42591812144e-11	-2.01860755169e-05
2.53139282237e-11	-1.14878250201e-06
2.6368675233e-11	2.30791890772e-05
2.74234222424e-11	4.8614890602e-05
2.84781692517e-11	7.06357718627e-05
2.9532916261e-11	8.45570953061e-05
3.05876632703e-11	8.72753471413e-05
3.16424102796e-11	7.80484278948e-05
3.2697157289e-11	5.87379813624e-05
3.37519042983e-11	3.33108002906e-05
3.48066513076e-11	6.79038197404e-06
3.58613983169e-11	-1.60385988011e-05
3.69161453263e-11	-3.1709258792e-05
3.79708923356e-11	-3.8713992808e-05
3.90256393449e-11	-3.75213462576e-05
4.00803863542e-11	-3.01310492432e-05
4.11351333635e-11	-1.9311217784e-05
4.21898803729e-11	-7.84674949728e-06
4.32446273822e-11	2.05767182138e-06
4.42993743915e-11	9.08673064259e-06
4.53541214008e-11	1.28244922735e-05
4.64088684101e-11	1.35944191015e-05
4.74636154195e-11	1.2143593608e-05
4.85183624288e-11	9.38355816515e-06
4.95731094381e-11	6.13177093101e-06
5.06278564474e-11	3.01386933188e-06
5.16826034568e-11	4.06658521968e-07
5.27373504661e-11	-1.52571725209e-06
5.37920974754e-11	-2.77237610646e-06
5.48468444847e-11	-3.43725533014e-06
5.5901591494e-11	-3.67766145359e-06
5.69563385034e-11	-3.70336380229e-06
5.80110855127e-11	-3.70729480892e-06
5.9065832522e-11	-3.8566522278e-06
6.01205795313e-11	-4.21182036803e-06
6.11753265406e-11	-4.73480614005e-06
6.223007355e-11	-5.22582621443e-06
6.32848205593e-11	-5.42751337207e-06
6.43395675686e-11	-5.10235548745e-06
6.53943145779e-11	-4.10301157672e-06
6.64490615873e-11	-2.48885122289e-06
6.75038085966e-11	-4.75300453218e-07
6.85585556059e-11	1.54562285104e-06
6.96133026152e-11	3.19055757814e-06
7.06680496245e-11	4.1277468199e-06
7.17227966339e-11	4.22463941163e-06
7.27775436432e-11	3.55057187562e-06
7.38322906525e-11	2.35267619075e-06
7.48870376618e-11	9.91164853303e-07
7.59417846711e-11	-1.8854787065e-07
7.69965316805e-11	-9.10249728037e-07
7.80512786898e-11	-1.07372903102e-06
7.91060256991e-11	-7.15059659484e-07
8.01607727084e-11	-3.97472028624e-08
8.12155197178e-11	6.92253344425e-07
8.22702667271e-11	1.19602376003e-06
8.33250137364e-11	1.27043479381e-06
8.43797607457e-11	8.45981531938e-07
8.5434507755e-11	-5.77287195824e-09
8.64892547644e-11	-1.05729552047e-06
8.75440017737e-11	-2.02345560751e-06
8.8598748783e-11	-2.60435768951e-06
8.96534957923e-11	-2.60749793313e-06
9.07082428016e-11	-1.97370384569e-06
9.1762989811e-11	-8.36511745206e-07
9.28177368203e-11	5.4060699739e-07
9.38724838296e-11	1.80860627097e-06
9.49272308389e-11	2.64101842617e-06
9.59819778483e-11	2.81854212858e-06
9.70367248576e-11	2.2845998302e-06
9.80914718669e-11	1.17252405119e-06
9.91462188762e-11	-2.56581696334e-07
1.00200965886e-10	-1.65158039067e-06
1.01255712895e-10	-2.70596144958e-06
1.02310459904e-10	-3.18678293354e-06
1.03365206914e-10	-3.02824604148e-06
1.04419953923e-10	-2.2997710829e-06
1.05474700932e-10	-1.20045039864e-06
1.06529447941e-10	1.37646694043e-08
1.07584194951e-10	1.09499758594e-06
1.0863894196e-10	1.84016664662e-06
1.09693688969e-10	2.16198398562e-06
1.10748435979e-10	2.04647075464e-06
1.11803182988e-10	1.59228049768e-06
1.12857929997e-10	9.25011079289e-07
1.13912677007e-10	2.07684111686e-07
1.14967424016e-10	-4.34192534371e-07
1.16022171025e-10	-9.07364050562e-07
1.17076918035e-10	-1.17237739872e-06
1.18131665044e-10	-1.24495583265e-06
1.19186412053e-10	-1.15700760617e-06
1.20241159063e-10	-9.80500658443e-07
1.21295906072e-10	-7.6127422588e-07
1.22350653081e-10	-5.598360584e-07
1.23405400091e-10	-3.95820347387e-07
1.244601471e-10	-2.89224475702e-07
1.25514894109e-10	-2.25867669457e-07
1.26569641119e-10	-1.84925011748e-07
1.27624388128e-10	-1.38415476636e-07
1.28679135137e-10	-5.23737009317e-08
1.29733882147e-10	7.90350407343e-08
1.30788629156e-10	2.60255340834e-07
1.31843376165e-10	4.51279454694e-07
1.32898123175e-10	6.16149293364e-07
1.33952870184e-10	6.94138272195e-07
1.35007617193e-10	6.51939650709e-07
1.36062364202e-10	4.68041669421e-07
1.37117111212e-10	1.61553735722e-07
1.38171858221e-10	-2.17300972771e-07
1.3922660523e-10	-6.03261717025e-07
1.4028135224e-10	-9.12423704591e-07
1.41336099249e-10	-1.09016485084e-06
1.42390846258e-10	-1.08848618652e-06
1.43445593268e-10	-9.14206101044e-07
1.44500340277e-10	-5.88447058192e-07
1.45555087286e-10	-1.75114525547e-07
1.46609834296e-10	2.60249658268e-07
1.47664581305e-10	6.46658300241e-07
1.48719328314e-10	9.27223545943e-07
1.49774075324e-10	1.07465518795e-06
1.50828822333e-10	1.07564956409e-06
1.51883569342e-10	9.57006086821e-07
1.52938316352e-10	7.42237666884e-07
1.53993063361e-10	4.79683158972e-07
1.5504781037e-10	1.94326686298e-07
1.5610255738e-10	-8.09229590004e-08
1.57157304389e-10	-3.36188885175e-07
1.58212051398e-10	-5.5965192125e-07
1.59266798408e-10	-7.3970240777e-07
1.60321545417e-10	-8.65854808296e-07
1.61376292426e-10	-9.11812723103e-07
1.62431039436e-10	-8.66575945224e-07
1.63485786445e-10	-7.11311802348e-07
1.64540533454e-10	-4.63912459114e-07
1.65595280463e-10	-1.46797539458e-07
1.66650027473e-10	1.79338160322e-07
1.67704774482e-10	4.55835824198e-07
1.68759521491e-10	6.2094511577e-07
1.69814268501e-10	6.34937350696e-07
1.7086901551e-10	4.95938884626e-07
1.71923762519e-10	2.28794086787e-07
1.72978509529e-10	-9.84555228456e-08
1.74033256538e-10	-4.19540571173e-07
1.75088003547e-10	-6.55933568794e-07
1.76142750557e-10	-7.69495546393e-07
1.77197497566e-10	-7.3919053456e-07
1.78252244575e-10	-5.91161009922e-07
1.79306991585e-10	-3.69699896252e-07
1.80361738594e-10	-1.3296732071e-07
1.81416485603e-10	6.17251614266e-08
1.82471232613e-10	1.83610209703e-07
1.83525979622e-10	2.14774136253e-07
1.84580726631e-10	1.76875435187e-07
1.85635473641e-10	9.36277353425e-08
1.8669022065e-10	1.03239798932e-08
1.87744967659e-10	-4.82441668836e-08
1.88799714669e-10	-6.11679267237e-08
1.89854461678e-10	-3.35318093292e-08
1.90909208687e-10	1.58808770578e-08
1.91963955697e-10	6.44762487845e-08
1.93018702706e-10	8.51429383664e-08
1.94073449715e-10	7.32290256211e-08
1.95128196724e-10	2.6241315787e-08
1.96182943734e-10	-3.11455838897e-08
1.97237690743e-10	-8.27161867889e-08
1.98292437752e-10	-1.01908096628e-07
1.99347184762e-10	-8.36554052697e-08
2.00401931771e-10	-2.98213365113e-08
2.0145667878e-10	4.29972546456e-08
2.0251142579e-10	1.08350325156e-07
2.03566172799e-10	1.48173322501e-07
2.04620919808e-10	1.40983493324e-07
2.05675666818e-10	8.91929898827e-08
2.06730413827e-10	-8.0369026989e-09
2.07785160836e-10	-1.30893003547e-07
2.08839907846e-10	-2.70624265886e-07
2.09894654855e-10	-4.10349899838e-07
2.10949401864e-10	-5.45997211887e-07
2.12004148874e-10	-6.73631957326e-07
2.13058895883e-10	-7.89951080549e-07
2.14113642892e-10	-8.95672290113e-07
2.15168389902e-10	-9.78007101082e-07
2.16223136911e-10	-1.03306484434e-06
2.1727788392e-10	-1.04248820776e-06
2.1833263093e-10	-1.00457478425e-06
2.19387377939e-10	-9.11366466738e-07
2.20442124948e-10	-7.74856356855e-07
2.21496871958e-10	-6.07211678272e-07
2.22551618967e-10	-4.31157435088e-07
2.23606365976e-10	-2.70779819678e-07
2.24661112985e-10	-1.42021653105e-07
2.25715859995e-10	-6.26583607222e-08
2.26770607004e-10	-2.91330648494e-08
2.27825354013e-10	-4.24176009872e-08
2.28880101023e-10	-8.34192894761e-08
2.29934848032e-10	-1.42332008846e-07
2.30989595041e-10	-1.99337035878e-07
2.32044342051e-10	-2.46047045849e-07
2.3309908906e-10	-2.73904412262e-07
2.34153836069e-10	-2.80504791839e-07
2.35208583079e-10	-2.70618904397e-07
2.36263330088e-10	-2.43574145298e-07
2.37318077097e-10	-2.11179991272e-07
2.38372824107e-10	-1.72273252108e-07
2.39427571116e-10	-1.38097404179e-07
2.40482318125e-10	-1.07687753825e-07
2.41537065135e-10	-8.88312527425e-08
2.42591812144e-10	-8.07419466842e-08
2.43646559153e-10	-8.52782826577e-08
2.44701306163e-10	-1.00853435214e-07
2.45756053172e-10	-1.20237508172e-07
2.46810800181e-10	-1.41240947826e-07
2.47865547191e-10	-1.50226258988e-07
2.489202942e-10	-1.47384330962e-07
2.49975041209e-10	-1.23683250308e-07
2.51029788219e-10	-8.6434374047e-08
2.52084535228e-10	-3.9877446234e-08
2.53139282237e-10	7.56014806313e-10
2.54194029246e-10	2.15628510603e-08
2.55248776256e-10	9.87011361531e-09
2.56303523265e-10	-4.41901528703e-08
2.57358270274e-10	-1.34908959115e-07
2.58413017284e-10	-2.56653413633e-07
2.59467764293e-10	-3.82377128183e-07
2.60522511302e-10	-4.92947474839e-07
2.61577258312e-10	-5.58355377933e-07
2.62632005321e-10	-5.63810772292e-07
2.6368675233e-10	-5.00178877871e-07
2.6474149934e-10	-3.75175375211e-07
2.65796246349e-10	-2.08638149424e-07
2.66850993358e-10	-2.71073643532e-08
2.67905740368e-10	1.34917280903e-07
2.68960487377e-10	2.55961435158e-07
2.70015234386e-10	3.13358860637e-07
2.71069981396e-10	3.10015032312e-07
2.72124728405e-10	2.50594435869e-07
2.73179475414e-10	1.58547169171e-07
2.74234222424e-10	5.51398198212e-08
2.75288969433e-10	-3.65893297882e-08
2.76343716442e-10	-1.01287967791e-07
2.77398463452e-10	-1.33934551005e-07
2.78453210461e-10	-1.33540180247e-07
2.7950795747e-10	-1.12530183838e-07
2.8056270448e-10	-7.51453761438e-08
2.81617451489e-10	-3.63533381176e-08
2.82672198498e-10	3.26796811834e-09
2.83726945507e-10	3.70752821777e-08
2.84781692517e-10	6.67794970433e-08
2.85836439526e-10	9.06585260196e-08
2.86891186535e-10	1.06454134396e-07
2.87945933545e-10	1.1086080498e-07
2.89000680554e-10	9.54999279656e-08
2.90055427563e-10	5.88564019743e-08
2.91110174573e-10	-6.39438635375e-09
2.92164921582e-10	-9.1361997967e-08
2.93219668591e-10	-1.91493775059e-07
2.94274415601e-10	-2.87352767137e-07
2.9532916261e-10	-3.62839205792e-07
2.96383909619e-10	-3.99593894862e-07
2.97438656629e-10	-3.8549616832e-07
2.98493403638e-10	-3.18757270801e-07
2.99548150647e-10	-2.04353188593e-07
3.00602897657e-10	-6.25660230291e-08
3.01657644666e-10	8.83018520526e-08
3.02712391675e-10	2.18641167393e-07
3.03767138685e-10	3.12570428207e-07
3.04821885694e-10	3.52437741213e-07
3.05876632703e-10	3.36787081778e-07
3.06931379713e-10	2.70311868888e-07
3.07986126722e-10	1.65369287153e-07
3.09040873731e-10	4.0617136321e-08
3.10095620741e-10	-8.86960369595e-08
3.1115036775e-10	-2.03590537984e-07
3.12205114759e-10	-2.96642864495e-07
3.13259861768e-10	-3.55221635218e-07
3.14314608778e-10	-3.80470789985e-07
3.15369355787e-10	-3.6752238497e-07
3.16424102796e-10	-3.21133351022e-07
3.17478849806e-10	-2.45196540849e-07
3.18533596815e-10	-1.47241634219e-07
3.19588343824e-10	-3.98077855124e-08
3.20643090834e-10	6.58135705933e-08
3.21697837843e-10	1.52138348586e-07
3.22752584852e-10	2.10176345661e-07
3.23807331862e-10	2.26442136153e-07
3.24862078871e-10	2.03093931006e-07
3.2591682588e-10	1.40595279419e-07
3.2697157289e-10	5.34198045798e-08
3.28026319899e-10	-4.376399243e-08
3.29081066908e-10	-1.33443153638e-07
3.30135813918e-10	-1.98812615038e-07
3.31190560927e-10	-2.31842566367e-07
3.32245307936e-10	-2.26305514106e-07
3.33300054946e-10	-1.89584626442e-07
3.34354801955e-10	-1.26958109803e-07
3.35409548964e-10	-5.54401247133e-08
3.36464295974e-10	1.63274131992e-08
3.37519042983e-10	7.4951661766e-08
3.38573789992e-10	1.15749320351e-07
3.39628537002e-10	1.36865164535e-07
3.40683284011e-10	1.39050385428e-07
3.4173803102e-10	1.28531793209e-07
3.42792778029e-10	1.07368901325e-07
3.43847525039e-10	8.25012040906e-08
3.44902272048e-10	5.24280703296e-08
3.45957019057e-10	2.19305595905e-08
3.47011766067e-10	-1.24800880741e-08
3.48066513076e-10	-4.6927953079e-08
3.49121260085e-10	-8.08101764393e-08
3.50176007095e-10	-1.1019058066e-07
3.51230754104e-10	-1.29290117723e-07
3.52285501113e-10	-1.35826299541e-07
3.53340248123e-10	-1.24524549783e-07
3.54394995132e-10	-9.85552719435e-08
3.55449742141e-10	-5.78608834179e-08
3.56504489151e-10	-1.21435403955e-08
3.5755923616e-10	3.43707327044e-08
3.58613983169e-10	7.09477427918e-08
3.59668730179e-10	9.30987011927e-08
3.60723477188e-10	9.69323421529e-08
3.61778224197e-10	8.12179168364e-08
3.62832971207e-10	5.11819691074e-08
3.63887718216e-10	9.58163415277e-09
3.64942465225e-10	-3.36181305016e-08
3.65997212235e-10	-7.49926168941e-08
3.67051959244e-10	-1.0527026717e-07
3.68106706253e-10	-1.24089419851e-07
3.69161453263e-10	-1.27005615025e-07
3.70216200272e-10	-1.16682743023e-07
3.71270947281e-10	-9.53353058719e-08
3.7232569429e-10	-6.64053976251e-08
3.733804413e-10	-3.68255266281e-08
3.74435188309e-10	-8.8751619387e-09
3.75489935318e-10	1.02368118426e-08
3.76544682328e-10	2.12208384198e-08
3.77599429337e-10	2.01204395367e-08
3.78654176346e-10	1.15251741484e-08
3.79708923356e-10	-4.40318093098e-09
3.80763670365e-10	-2.20506479742e-08
3.81818417374e-10	-3.86164407118e-08
3.82873164384e-10	-5.19925260623e-08
3.83927911393e-10	-5.93548713512e-08
3.84982658402e-10	-6.3437614814e-08
3.86037405412e-10	-6.24773038981e-08
3.87092152421e-10	-6.09937521046e-08
3.8814689943e-10	-5.67594495293e-08
3.8920164644e-10	-5.27177698162e-08
3.90256393449e-10	-4.5313677477e-08
3.91311140458e-10	-3.52375595369e-08
3.92365887468e-10	-2.08808210722e-08
3.93420634477e-10	-2.41749642527e-09
3.94475381486e-10	1.65176925471e-08
3.95530128496e-10	3.44429231802e-08
3.96584875505e-10	4.42127154887e-08
3.97639622514e-10	4.47287806793e-08
3.98694369524e-10	3.09080756544e-08
3.99749116533e-10	5.97848615058e-09
4.00803863542e-10	-2.88013470851e-08
4.01858610551e-10	-6.55669595284e-08
4.02913357561e-10	-9.76320670976e-08
4.0396810457e-10	-1.1813750922e-07
4.05022851579e-10	-1.20857556463e-07
4.06077598589e-10	-1.0632992109e-07
4.07132345598e-10	-7.44383221729e-08
4.08187092607e-10	-3.39149965889e-08
4.09241839617e-10	9.93231186186e-09
4.10296586626e-10	4.62158429304e-08
4.11351333635e-10	7.0316175993e-08
4.12406080645e-10	7.70021806318e-08
4.13460827654e-10	6.70384689982e-08
4.14515574663e-10	4.39901448601e-08
4.15570321673e-10	1.23452794654e-08
4.16625068682e-10	-1.94844167467e-08
4.17679815691e-10	-4.83238514759e-08
4.18734562701e-10	-6.76058091731e-08
4.1978930971e-10	-7.84372389262e-08
4.20844056719e-10	-7.87783211997e-08
4.21898803729e-10	-7.27399942502e-08
4.22953550738e-10	-6.1101425225e-08
4.24008297747e-10	-4.69473021569e-08
4.25063044757e-10	-3.19293469442e-08
4.26117791766e-10	-1.60172453079e-08
4.27172538775e-10	-1.73440506401e-09
4.28227285785e-10	1.23911481076e-08
4.29282032794e-10	2.24773015756e-08
4.30336779803e-10	2.93581774446e-08
4.31391526812e-10	2.87616281902e-08
4.32446273822e-10	2.15605195919e-08
4.33501020831e-10	6.09231776139e-09
4.3455576784e-10	-1.49819370243e-08
4.3561051485e-10	-3.83463876208e-08
4.36665261859e-10	-6.03332649951e-08
4.37720008868e-10	-7.47851585103e-08
4.38774755878e-10	-8.0458860463e-08
4.39829502887e-10	-7.37411616214e-08
4.40884249896e-10	-5.8497578781e-08
4.41938996906e-10	-3.62870256065e-08
4.42993743915e-10	-1.44655807333e-08
4.44048490924e-10	3.22511883866e-09
4.45103237934e-10	1.16391793981e-08
4.46157984943e-10	9.31523613801e-09
4.47212731952e-10	-1.97904004295e-09
4.48267478962e-10	-2.00818446316e-08
4.49322225971e-10	-3.78642974752e-08
4.5037697298e-10	-5.2171017062e-08
4.5143171999e-10	-5.67287595232e-08
4.52486466999e-10	-5.18563898766e-08
4.53541214008e-10	-3.66609600455e-08
4.54595961018e-10	-1.62306115215e-08
4.55650708027e-10	5.19848031288e-09
4.56705455036e-10	2.18830806809e-08
4.57760202046e-10	2.87069022997e-08
4.58814949055e-10	2.47433031841e-08
4.59869696064e-10	8.60196402996e-09
4.60924443073e-10	-1.4368149337e-08
4.61979190083e-10	-4.10153113695e-08
4.63033937092e-10	-6.33742522904e-08
4.64088684101e-10	-7.76750981313e-08
4.65143431111e-10	-7.88705676324e-08
4.6619817812e-10	-6.69040798318e-08
4.67252925129e-10	-4.34179258102e-08
4.68307672139e-10	-1.23671930474e-08
4.69362419148e-10	1.88930449063e-08
4.70417166157e-10	4.57946507382e-08
4.71471913167e-10	6.06411370008e-08
4.72526660176e-10	6.21615230401e-08
4.73581407185e-10	4.78467465648e-08
4.74636154195e-10	2.17467118757e-08
4.75690901204e-10	-1.24967232118e-08
4.76745648213e-10	-4.72230673454e-08
4.77800395223e-10	-7.58913718535e-08
4.78855142232e-10	-9.28776074938e-08
4.79909889241e-10	-9.33988006935e-08
4.80964636251e-10	-7.86052776203e-08
4.8201938326e-10	-4.90430233091e-08
4.83074130269e-10	-1.22989112228e-08
4.84128877279e-10	2.63020892843e-08
4.85183624288e-10	5.75925804824e-08
4.86238371297e-10	7.6465017429e-08
4.87293118307e-10	7.81154358975e-08
4.88347865316e-10	6.25294851453e-08
4.89402612325e-10	3.28507971936e-08
4.90457359334e-10	-5.87829873666e-09
4.91512106344e-10	-4.43829581975e-08
4.92566853353e-10	-7.67906427335e-08
4.93621600362e-10	-9.46059205142e-08
4.94676347372e-10	-9.59969877479e-08
4.95731094381e-10	-7.92946173167e-08
4.9678584139e-10	-4.90140251719e-08
4.978405884e-10	-1.0517599236e-08
4.98895335409e-10	2.78843550472e-08
4.99950082418e-10	5.84577515284e-08
5.01004829428e-10	7.56796372237e-08
5.02059576437e-10	7.48752944091e-08
5.03114323446e-10	5.80868699807e-08
5.04169070456e-10	2.69978671641e-08
5.05223817465e-10	-1.0261195893e-08
5.06278564474e-10	-4.73026499082e-08
5.07333311484e-10	-7.56093725407e-08
5.08388058493e-10	-9.01289773925e-08
5.09442805502e-10	-8.77151227208e-08
5.10497552512e-10	-6.91143782205e-08
5.11552299521e-10	-3.89198089867e-08
5.1260704653e-10	-2.51322829214e-09
5.1366179354e-10	3.08025147056e-08
5.14716540549e-10	5.58363861813e-08
5.15771287558e-10	6.56584067116e-08
5.16826034568e-10	5.96289444488e-08
5.17880781577e-10	3.83167448881e-08
5.18935528586e-10	6.89834100953e-09
5.19990275595e-10	-2.79639342793e-08
5.21045022605e-10	-5.86825636972e-08
5.22099769614e-10	-7.81078431933e-08
5.23154516623e-10	-8.28892814941e-08
5.24209263633e-10	-7.04436624588e-08
5.25264010642e-10	-4.51578617278e-08
5.26318757651e-10	-1.06373096997e-08
5.27373504661e-10	2.43400939404e-08
5.2842825167e-10	5.32103978657e-08
5.29482998679e-10	6.92803214797e-08
5.30537745689e-10	6.9299926686e-08
5.31592492698e-10	5.32443609202e-08
5.32647239707e-10	2.41985343985e-08
5.33701986717e-10	-1.09266844461e-08
5.34756733726e-10	-4.59506098727e-08
5.35811480735e-10	-7.18169361758e-08
5.36866227745e-10	-8.4757921931e-08
5.37920974754e-10	-8.05301814122e-08
5.38975721763e-10	-6.09771422244e-08
5.40030468773e-10	-2.95348054902e-08
5.41085215782e-10	7.24661886053e-09
5.42139962791e-10	4.18048873296e-08
5.43194709801e-10	6.74842213222e-08
5.4424945681e-10	7.85791107738e-08
5.45304203819e-10	7.39968315511e-08
5.46358950829e-10	5.33963877558e-08
5.47413697838e-10	2.27037701972e-08
5.48468444847e-10	-1.33044548711e-08
5.49523191856e-10	-4.62868016138e-08
5.50577938866e-10	-7.02543982989e-08
5.51632685875e-10	-8.03970503435e-08
5.52687432884e-10	-7.47750672492e-08
5.53742179894e-10	-5.50421743739e-08
5.54796926903e-10	-2.49346397974e-08
5.55851673912e-10	8.54677595363e-09
5.56906420922e-10	3.97771149352e-08
5.57961167931e-10	6.10985999572e-08
5.5901591494e-10	6.98509508013e-08
5.6007066195e-10	6.34461860827e-08
5.61125408959e-10	4.40798322288e-08
5.62180155968e-10	1.58136012063e-08
5.63234902978e-10	-1.56519113226e-08
5.64289649987e-10	-4.35656732911e-08
5.65344396996e-10	-6.28870118202e-08
5.66399144006e-10	-6.92910188116e-08
5.67453891015e-10	-6.28536994673e-08
5.68508638024e-10	-4.40329628315e-08
5.69563385034e-10	-1.84076667242e-08
5.70618132043e-10	9.72842251201e-09
5.71672879052e-10	3.38918015874e-08
5.72727626062e-10	4.94581939847e-08
5.73782373071e-10	5.38084545809e-08
5.7483712008e-10	4.59834232913e-08
5.7589186709e-10	2.84753089996e-08
5.76946614099e-10	4.42983161264e-09
5.78001361108e-10	-2.02879801847e-08
5.79056108117e-10	-4.18983137074e-08
5.80110855127e-10	-5.49092531443e-08
5.81165602136e-10	-5.81857209081e-08
5.82220349145e-10	-5.04779928967e-08
5.83275096155e-10	-3.38551622847e-08
5.84329843164e-10	-1.19278420474e-08
5.85384590173e-10	1.13230482768e-08
5.86439337183e-10	3.07245211495e-08
5.87494084192e-10	4.31466751216e-08
5.88548831201e-10	4.54304300845e-08
5.89603578211e-10	3.82213545258e-08
5.9065832522e-10	2.1817246898e-08
5.91713072229e-10	6.69991617741e-10
5.92767819239e-10	-2.19683745639e-08
5.93822566248e-10	-4.11408083156e-08
5.94877313257e-10	-5.29582833142e-08
5.95932060267e-10	-5.54421875076e-08
5.96986807276e-10	-4.73622683295e-08
5.98041554285e-10	-3.0888527347e-08
5.99096301295e-10	-8.59046966895e-09
6.00151048304e-10	1.41360980699e-08
6.01205795313e-10	3.35967362819e-08
6.02260542323e-10	4.45543859584e-08
6.03315289332e-10	4.55754296524e-08
6.04370036341e-10	3.58441323289e-08
6.05424783351e-10	1.74233835137e-08
6.0647953036e-10	-5.40591127418e-09
6.07534277369e-10	-2.83595271156e-08
6.08589024378e-10	-4.58989501961e-08
6.09643771388e-10	-5.49802458005e-08
6.10698518397e-10	-5.30430067647e-08
6.11753265406e-10	-4.15004104415e-08
6.12808012416e-10	-2.20599075673e-08
6.13862759425e-10	1.03113517724e-10
6.14917506434e-10	2.06916231371e-08
6.15972253444e-10	3.518567393e-08
6.17027000453e-10	4.0318205663e-08
6.18081747462e-10	3.58696168323e-08
6.19136494472e-10	2.24625466005e-08
6.20191241481e-10	4.02984090542e-09
6.2124598849e-10	-1.59233966013e-08
6.223007355e-10	-3.23914363665e-08
6.23355482509e-10	-4.29234212618e-08
6.24410229518e-10	-4.50121957485e-08
6.25464976528e-10	-3.94578821838e-08
6.26519723537e-10	-2.78532918396e-08
6.27574470546e-10	-1.28326189675e-08
6.28629217556e-10	1.7419248266e-09
6.29683964565e-10	1.37686742008e-08
6.30738711574e-10	2.04537057708e-08
6.31793458584e-10	2.1717721399e-08
6.32848205593e-10	1.7169437122e-08
6.33902952602e-10	8.91456020113e-09
6.34957699612e-10	-1.91803373184e-09
6.36012446621e-10	-1.26210162321e-08
6.3706719363e-10	-2.16636476535e-08
6.38121940639e-10	-2.78196033848e-08
6.39176687649e-10	-2.98873061161e-08
6.40231434658e-10	-2.85679520665e-08
6.41286181667e-10	-2.35608931809e-08
6.42340928677e-10	-1.65225088056e-08
6.43395675686e-10	-7.92559351481e-09
6.44450422695e-10	2.42382114379e-10
6.45505169705e-10	7.36489291775e-09
6.46559916714e-10	1.16944510742e-08
6.47614663723e-10	1.27580016551e-08
6.48669410733e-10	1.0223352942e-08
6.49724157742e-10	4.01815158924e-09
6.50778904751e-10	-4.20778611954e-09
6.51833651761e-10	-1.36852491561e-08
6.5288839877e-10	-2.18337213309e-08
6.53943145779e-10	-2.75657692367e-08
6.54997892789e-10	-2.89731626468e-08
6.56052639798e-10	-2.62172812904e-08
6.57107386807e-10	-1.92130297227e-08
6.58162133817e-10	-9.68184510342e-09
6.59216880826e-10	4.95526064626e-10
6.60271627835e-10	9.45863765089e-09
6.61326374845e-10	1.48019550505e-08
6.62381121854e-10	1.60545522848e-08
6.63435868863e-10	1.22872613195e-08
6.64490615873e-10	4.95881691265e-09
6.65545362882e-10	-4.85387441351e-09
6.66600109891e-10	-1.4507489654e-08
6.676548569e-10	-2.23396121046e-08
6.6870960391e-10	-2.63951869285e-08
6.69764350919e-10	-2.5980612179e-08
6.70819097928e-10	-2.15200104958e-08
6.71873844938e-10	-1.36439317622e-08
6.72928591947e-10	-4.74291494967e-09
6.73983338956e-10	4.00229493991e-09
6.75038085966e-10	1.02619786002e-08
6.76092832975e-10	1.34842448318e-08
6.77147579984e-10	1.28115364983e-08
6.78202326994e-10	8.99174579239e-09
6.79257074003e-10	2.68968536332e-09
6.80311821012e-10	-4.65572069785e-09
6.81366568022e-10	-1.14406248919e-08
6.82421315031e-10	-1.68605904793e-08
6.8347606204e-10	-1.93898520573e-08
6.8453080905e-10	-1.93892493727e-08
6.85585556059e-10	-1.6374260392e-08
6.86640303068e-10	-1.16000260508e-08
6.87695050078e-10	-5.53678081161e-09
6.88749797087e-10	3.21467741315e-10
6.89804544096e-10	5.27768273528e-09
6.90859291106e-10	8.45234959801e-09
6.91914038115e-10	9.29072829781e-09
6.92968785124e-10	8.09107425503e-09
6.94023532134e-10	4.57112014907e-09
6.95078279143e-10	3.48809869877e-12
6.96133026152e-10	-5.4509341485e-09
6.97187773161e-10	-1.02887460773e-08
6.98242520171e-10	-1.41163662981e-08
6.9929726718e-10	-1.5857923974e-08
7.00352014189e-10	-1.54718968748e-08
7.01406761199e-10	-1.29024306794e-08
7.02461508208e-10	-8.55475490447e-09
7.03516255217e-10	-3.51764684048e-09
7.04571002227e-10	1.79151204982e-09
7.05625749236e-10	5.85052983837e-09
7.06680496245e-10	8.56726756204e-09
7.07735243255e-10	8.94234819526e-09
7.08789990264e-10	7.36419680791e-09
7.09844737273e-10	3.73905884032e-09
7.10899484283e-10	-1.01322328305e-09
7.11954231292e-10	-6.18514128803e-09
7.13008978301e-10	-1.0840080944e-08
7.14063725311e-10	-1.38221425416e-08
7.1511847232e-10	-1.49197603161e-08
7.16173219329e-10	-1.33354737253e-08
7.17227966339e-10	-9.84251324887e-09
7.18282713348e-10	-4.57425830547e-09
7.19337460357e-10	1.06555142487e-09
7.20392207367e-10	6.31919006011e-09
7.21446954376e-10	9.91656745608e-09
7.22501701385e-10	1.12520331941e-08
7.23556448395e-10	1.00527827729e-08
7.24611195404e-10	6.28427121452e-09
7.25665942413e-10	1.06071951222e-09
7.26720689422e-10	-5.10297759604e-09
7.27775436432e-10	-1.03900335002e-08
7.28830183441e-10	-1.41224942851e-08
7.2988493045e-10	-1.50388339559e-08
7.3093967746e-10	-1.31416408866e-08
7.31994424469e-10	-8.53979020832e-09
7.33049171478e-10	-2.3142467942e-09
7.34103918488e-10	4.18552792425e-09
7.35158665497e-10	9.72353275674e-09
7.36213412506e-10	1.26989228855e-08
7.37268159516e-10	1.30003039583e-08
7.38322906525e-10	1.00482288046e-08
7.39377653534e-10	5.01312069634e-09
7.40432400544e-10	-1.35317668182e-09
7.41487147553e-10	-7.35677918584e-09
7.42541894562e-10	-1.19425365153e-08
7.43596641572e-10	-1.40117732972e-08
7.44651388581e-10	-1.32099468031e-08
7.4570613559e-10	-9.93175175434e-09
7.467608826e-10	-4.63960692088e-09
7.47815629609e-10	9.80594272448e-10
7.48870376618e-10	6.21327989059e-09
7.49925123628e-10	9.4625564051e-09
7.50979870637e-10	1.0510607773e-08
7.52034617646e-10	9.02068070241e-09
7.53089364656e-10	5.67645275229e-09
7.54144111665e-10	1.20359300304e-09
7.55198858674e-10	-3.33259086993e-09
7.56253605683e-10	-6.94377888522e-09
7.57308352693e-10	-9.29018206808e-09
7.58363099702e-10	-9.68361357767e-09
7.59417846711e-10	-8.79140271692e-09
7.60472593721e-10	-6.48988951468e-09
7.6152734073e-10	-3.72386366188e-09
7.62582087739e-10	-7.80778774967e-10
7.63636834749e-10	1.67645453075e-09
7.64691581758e-10	3.43610051523e-09
7.65746328767e-10	4.23355028811e-09
7.66801075777e-10	4.03456867915e-09
7.67855822786e-10	3.15419645958e-09
7.68910569795e-10	1.3976104718e-09
7.69965316805e-10	-5.00381958091e-10
7.71020063814e-10	-2.79186962437e-09
7.72074810823e-10	-4.84224327302e-09
7.73129557833e-10	-6.6421077527e-09
7.74184304842e-10	-7.79838926768e-09
7.75239051851e-10	-8.13998113358e-09
7.76293798861e-10	-7.46926009931e-09
7.7734854587e-10	-5.75946268455e-09
7.78403292879e-10	-3.36623084962e-09
7.79458039889e-10	-3.81942033556e-10
7.80512786898e-10	2.14274464838e-09
7.81567533907e-10	4.13502665442e-09
7.82622280917e-10	4.68203542603e-09
7.83677027926e-10	3.81348130851e-09
7.84731774935e-10	1.52366275152e-09
7.85786521944e-10	-1.73612901833e-09
7.86841268954e-10	-5.28967358804e-09
7.87896015963e-10	-8.391030204e-09
7.88950762972e-10	-1.02502665245e-08
7.90005509982e-10	-1.06810900125e-08
7.91060256991e-10	-9.16652953542e-09
7.92115004e-10	-6.52194620532e-09
7.9316975101e-10	-2.90068480346e-09
7.94224498019e-10	5.75460568086e-10
7.95279245028e-10	3.23236171162e-09
7.96333992038e-10	4.44398506882e-09
7.97388739047e-10	3.92984655928e-09
7.98443486056e-10	1.87442705801e-09
7.99498233066e-10	-1.27127042227e-09
8.00552980075e-10	-4.56407067695e-09
8.01607727084e-10	-7.56928209e-09
8.02662474094e-10	-9.20157350315e-09
8.03717221103e-10	-9.6481597156e-09
8.04771968112e-10	-8.58778426149e-09
8.05826715122e-10	-6.57488619105e-09
8.06881462131e-10	-4.14999323795e-09
8.0793620914e-10	-1.85155690779e-09
8.0899095615e-10	-2.19147144875e-10
8.10045703159e-10	5.19498444262e-10
8.11100450168e-10	2.16360040994e-10
8.12155197178e-10	-6.5989835818e-10
8.13209944187e-10	-2.20095386361e-09
8.14264691196e-10	-3.53809537224e-09
8.15319438205e-10	-4.77932404763e-09
8.16374185215e-10	-5.52665790909e-09
8.17428932224e-10	-5.82740544708e-09
8.18483679233e-10	-5.87564774612e-09
8.19538426243e-10	-5.76585812428e-09
8.20593173252e-10	-5.69947300466e-09
8.21647920261e-10	-5.63225299732e-09
8.22702667271e-10	-5.67715774391e-09
8.2375741428e-10	-5.34716382283e-09
8.24812161289e-10	-4.93030716253e-09
8.25866908299e-10	-3.97243693495e-09
8.26921655308e-10	-2.83845369431e-09
8.27976402317e-10	-1.70170677549e-09
8.29031149327e-10	-8.1494588855e-10
8.30085896336e-10	-6.52539799972e-10
8.31140643345e-10	-1.29104349433e-09
8.32195390355e-10	-2.84156076447e-09
8.33250137364e-10	-4.91913620948e-09
8.34304884373e-10	-7.35064265012e-09
8.35359631383e-10	-9.21158443967e-09
8.36414378392e-10	-1.03985033917e-08
8.37469125401e-10	-1.02339721142e-08
8.38523872411e-10	-8.74370220671e-09
8.3957861942e-10	-6.23951978973e-09
8.40633366429e-10	-3.0778321003e-09
8.41688113439e-10	-1.39905642627e-10
8.42742860448e-10	1.98673932861e-09
8.43797607457e-10	2.63468324935e-09
8.44852354466e-10	1.79502912534e-09
8.45907101476e-10	-6.68665789405e-10
8.46961848485e-10	-3.82823428513e-09
8.48016595494e-10	-7.27347704288e-09
8.49071342504e-10	-1.00258814029e-08
8.50126089513e-10	-1.14351322855e-08
8.51180836522e-10	-1.13436074978e-08
8.52235583532e-10	-9.60600016198e-09
8.53290330541e-10	-6.78190337222e-09
8.5434507755e-10	-3.41279338123e-09
8.5539982456e-10	-3.82940790189e-10
8.56454571569e-10	1.89072080214e-09
8.57509318578e-10	2.65360011742e-09
8.58564065588e-10	2.15295548056e-09
8.59618812597e-10	3.5416569677e-10
8.60673559606e-10	-2.22061879995e-09
8.61728306616e-10	-4.84696571768e-09
8.62783053625e-10	-7.15483461367e-09
8.63837800634e-10	-8.51479164954e-09
8.64892547644e-10	-8.85177275922e-09
8.65947294653e-10	-8.08538341834e-09
8.67002041662e-10	-6.65030230884e-09
8.68056788672e-10	-4.61647708949e-09
8.69111535681e-10	-2.70236755195e-09
8.7016628269e-10	-9.60057366939e-10
8.712210297e-10	2.71452638145e-10
8.72275776709e-10	8.17350187532e-10
8.73330523718e-10	8.65558846819e-10
8.74385270727e-10	2.54147813905e-10
8.75440017737e-10	-7.31126492681e-10
8.76494764746e-10	-2.06419636939e-09
8.77549511755e-10	-3.45129547163e-09
8.78604258765e-10	-4.90272145104e-09
8.79659005774e-10	-5.95370719392e-09
8.80713752783e-10	-6.67165489521e-09
8.81768499793e-10	-6.74845734849e-09
8.82823246802e-10	-6.0620265474e-09
8.83877993811e-10	-4.81093320737e-09
8.84932740821e-10	-2.87671908517e-09
8.8598748783e-10	-7.61181340181e-10
8.87042234839e-10	1.30100630269e-09
8.88096981849e-10	2.7920599166e-09
8.89151728858e-10	3.48012119122e-09
8.90206475867e-10	2.93963031694e-09
8.91261222877e-10	1.42420553129e-09
8.92315969886e-10	-9.90018178548e-10
8.93370716895e-10	-3.81540088412e-09
8.94425463905e-10	-6.29523244644e-09
8.95480210914e-10	-8.09608591279e-09
8.96534957923e-10	-8.52788761829e-09
8.97589704933e-10	-7.59745905077e-09
8.98644451942e-10	-5.31642374568e-09
8.99699198951e-10	-2.22822860163e-09
9.00753945961e-10	1.18905918445e-09
9.0180869297e-10	4.01669864036e-09
9.02863439979e-10	5.82276538097e-09
9.03918186988e-10	6.1263031037e-09
9.04972933998e-10	4.77101635976e-09
9.06027681007e-10	2.23903640073e-09
9.07082428016e-10	-1.16625575863e-09
9.08137175026e-10	-4.50838266719e-09
9.09191922035e-10	-7.18666343102e-09
9.10246669044e-10	-8.51971088123e-09
9.11301416054e-10	-8.33779378873e-09
9.12356163063e-10	-6.52802834011e-09
9.13410910072e-10	-3.64920371698e-09
9.14465657082e-10	-2.00843786047e-10
9.15520404091e-10	3.12989700824e-09
9.165751511e-10	5.53299428496e-09
9.1762989811e-10	6.77847253328e-09
9.18684645119e-10	6.44368630676e-09
9.19739392128e-10	4.78406902982e-09
9.20794139138e-10	2.0770143383e-09
9.21848886147e-10	-1.02067121421e-09
9.22903633156e-10	-4.01833843977e-09
9.23958380166e-10	-6.17760875787e-09
9.25013127175e-10	-7.21026038875e-09
9.26067874184e-10	-6.91518886597e-09
9.27122621194e-10	-5.26718246796e-09
9.28177368203e-10	-2.79873624276e-09
9.29232115212e-10	2.41108022436e-10
9.30286862222e-10	3.11070247339e-09
9.31341609231e-10	5.38409122841e-09
9.3239635624e-10	6.586468565e-09
9.33451103249e-10	6.5838475366e-09
9.34505850259e-10	5.26843194071e-09
9.35560597268e-10	2.98964392131e-09
9.36615344277e-10	1.20441434603e-10
9.37670091287e-10	-2.87587753611e-09
9.38724838296e-10	-5.25315652089e-09
9.39779585305e-10	-6.75615630108e-09
9.40834332315e-10	-6.88011203565e-09
9.41889079324e-10	-5.69204727796e-09
9.42943826333e-10	-3.3328585447e-09
9.43998573343e-10	-3.01280889126e-10
9.45053320352e-10	2.89491280947e-09
9.46108067361e-10	5.52063444959e-09
9.47162814371e-10	7.09065026486e-09
9.4821756138e-10	7.30660546303e-09
9.49272308389e-10	5.95312374396e-09
9.50327055399e-10	3.47560469294e-09
9.51381802408e-10	1.48388634713e-10
9.52436549417e-10	-3.2028254493e-09
9.53491296427e-10	-5.99096744436e-09
9.54546043436e-10	-7.56260476464e-09
9.55600790445e-10	-7.65058030816e-09
9.56655537455e-10	-6.14429729318e-09
9.57710284464e-10	-3.42070971548e-09
9.58765031473e-10	-6.39706065897e-11
9.59819778483e-10	3.32389965552e-09
9.60874525492e-10	5.84508350054e-09
9.61929272501e-10	7.18072144801e-09
9.6298401951e-10	6.89584761515e-09
9.6403876652e-10	5.17282064405e-09
9.65093513529e-10	2.3245846914e-09
9.66148260538e-10	-1.00051322782e-09
9.67203007548e-10	-4.17711720768e-09
9.68257754557e-10	-6.52410486746e-09
9.69312501566e-10	-7.59231658098e-09
9.70367248576e-10	-7.29401916644e-09
9.71421995585e-10	-5.58159074515e-09
9.72476742594e-10	-3.03495062415e-09
9.73531489604e-10	-3.53228557515e-11
9.74586236613e-10	2.69659106156e-09
9.75640983622e-10	4.69357674948e-09
9.76695730632e-10	5.55103706057e-09
9.77750477641e-10	5.20281996652e-09
9.7880522465e-10	3.71994890447e-09
9.7985997166e-10	1.43819844922e-09
9.80914718669e-10	-1.14593190492e-09
9.81969465678e-10	-3.68221220182e-09
9.83024212688e-10	-5.57549695301e-09
9.84078959697e-10	-6.67973787394e-09
9.85133706706e-10	-6.72730782192e-09
9.86188453716e-10	-5.79639575227e-09
9.87243200725e-10	-4.03677102856e-09
9.88297947734e-10	-1.79952541757e-09
9.89352694744e-10	5.5781212982e-10
9.90407441753e-10	2.60912025318e-09
9.91462188762e-10	3.95217208959e-09
9.92516935771e-10	4.45729830822e-09
9.93571682781e-10	3.84304899015e-09
9.9462642979e-10	2.34972674651e-09
9.95681176799e-10	8.18826118021e-11
9.96735923809e-10	-2.53379961457e-09
9.97790670818e-10	-5.06259195676e-09
9.98845417827e-10	-7.02144853371e-09
9.99900164837e-10	-8.03374931857e-09
1.00095491185e-09	-7.84447223845e-09
1.00200965886e-09	-6.38759772853e-09
1.00306440586e-09	-3.99035948728e-09
1.00411915287e-09	-9.36197563917e-10
1.00517389988e-09	2.01805572253e-09
1.00622864689e-09	4.38312011686e-09
1.0072833939e-09	5.55210581676e-09
1.00833814091e-09	5.25304486021e-09
1.00939288792e-09	3.45341760744e-09
1.01044763493e-09	4.81416129183e-10
1.01150238194e-09	-3.11348757887e-09
1.01255712895e-09	-6.61096688503e-09
1.01361187596e-09	-9.20592937645e-09
1.01466662297e-09	-1.04438678816e-08
1.01572136998e-09	-9.85777620643e-09
1.01677611699e-09	-7.65411052595e-09
1.017830864e-09	-4.18490408993e-09
1.018885611e-09	-2.02877159516e-10
1.01994035801e-09	3.43822292859e-09
1.02099510502e-09	5.9142931802e-09
1.02204985203e-09	6.68528497838e-09
1.02310459904e-09	5.55464202412e-09
1.02415934605e-09	2.688996803e-09
1.02521409306e-09	-1.18869492027e-09
1.02626884007e-09	-5.3963279123e-09
1.02732358708e-09	-8.89247030872e-09
1.02837833409e-09	-1.10083296923e-08
1.0294330811e-09	-1.12706209643e-08
1.03048782811e-09	-9.62799409643e-09
1.03154257512e-09	-6.43683994994e-09
1.03259732213e-09	-2.41581976645e-09
1.03365206914e-09	1.5781178031e-09
1.03470681614e-09	4.71090885745e-09
1.03576156315e-09	6.23547968814e-09
1.03681631016e-09	5.98244159766e-09
1.03787105717e-09	3.91109847286e-09
1.03892580418e-09	5.96295457456e-10
1.03998055119e-09	-3.25582838467e-09
1.0410352982e-09	-6.82471530677e-09
1.04209004521e-09	-9.35525240608e-09
1.04314479222e-09	-1.03534623097e-08
1.04419953923e-09	-9.68238751675e-09
1.04525428624e-09	-7.55327690671e-09
1.04630903325e-09	-4.38430380889e-09
1.04736378026e-09	-9.83191528192e-10
1.04841852727e-09	2.1060720945e-09
1.04947327427e-09	4.1754177893e-09
1.05052802128e-09	4.90067024461e-09
1.05158276829e-09	4.21519448512e-09
1.0526375153e-09	2.28936619662e-09
1.05369226231e-09	-4.28729718394e-10
1.05474700932e-09	-3.35856648048e-09
1.05580175633e-09	-5.924915919e-09
1.05685650334e-09	-7.69724607663e-09
1.05791125035e-09	-8.25878774396e-09
1.05896599736e-09	-7.7070630676e-09
1.06002074437e-09	-6.05885036586e-09
1.06107549138e-09	-3.72423758499e-09
1.06213023839e-09	-1.14082965297e-09
