% time-domain voltage integration by openEMS v0.37.0-rc1-2-g7b051bb @Tue Jul 14 00:24:15 2026
% start-coordinates: (0.00598092,0,-0.000635) m -> [149,43,15]
% stop-coordinates: (0.00625934,0,-0.000635) m -> [154,43,15]
% t/s	voltage
0	0
1.15462569568e-12	0
2.30925139136e-12	0
3.46387708705e-12	0
4.61850278273e-12	0
5.77312847841e-12	0
6.92775417409e-12	0
8.08237986977e-12	0
9.23700556545e-12	0
1.03916312611e-11	0
1.15462569568e-11	0
1.27008826525e-11	0
1.38555083482e-11	0
1.50101340439e-11	0
1.61647597395e-11	0
1.73193854352e-11	0
1.84740111309e-11	0
1.96286368266e-11	0
2.07832625223e-11	0
2.1937888218e-11	0
2.30925139136e-11	0
2.42471396093e-11	0
2.5401765305e-11	0
2.65563910007e-11	0
2.77110166964e-11	0
2.8865642392e-11	0
3.00202680877e-11	0
3.11748937834e-11	0
3.23295194791e-11	0
3.34841451748e-11	-1.7124685413e-35
3.46387708705e-11	-2.01889352482e-32
3.57933965661e-11	-1.18768066079e-29
3.69480222618e-11	-3.87135979705e-27
3.81026479575e-11	-7.30670599036e-25
3.92572736532e-11	-8.28474111724e-23
4.04118993489e-11	-5.82408496369e-21
4.15665250445e-11	-2.60902051594e-19
4.27211507402e-11	-7.63148457938e-18
4.38757764359e-11	-1.49030464133e-16
4.50304021316e-11	-1.98401877194e-15
4.61850278273e-11	-1.83709556034e-14
4.7339653523e-11	-1.20589373583e-13
4.84942792186e-11	-5.70421388889e-13
4.96489049143e-11	-1.9621549394e-12
5.080353061e-11	-4.85941121326e-12
5.19581563057e-11	-8.07942688447e-12
5.31127820014e-11	-5.73004268816e-12
5.4267407697e-11	1.50855057612e-11
5.54220333927e-11	7.46013771591e-11
5.65766590884e-11	1.9995649754e-10
5.77312847841e-11	4.21785627258e-10
5.88859104798e-11	7.57325112344e-10
6.00405361755e-11	1.17349710504e-09
6.11951618711e-11	1.5395608538e-09
6.23497875668e-11	1.59018434531e-09
6.35044132625e-11	9.20682537153e-10
6.46590389582e-11	-9.68670824109e-10
6.58136646539e-11	-4.5319432096e-09
6.69682903495e-11	-9.92266824262e-09
6.81229160452e-11	-1.67053098021e-08
6.92775417409e-11	-2.3634834978e-08
7.04321674366e-11	-2.86712416031e-08
7.15867931323e-11	-2.93248716421e-08
7.2741418828e-11	-2.33510792924e-08
7.38960445236e-11	-9.67504776295e-09
7.50506702193e-11	1.08027771173e-08
7.6205295915e-11	3.48564501707e-08
7.73599216107e-11	5.73735343679e-08
7.85145473064e-11	7.2533649309e-08
7.9669173002e-11	7.54868185737e-08
8.08237986977e-11	6.40098027915e-08
8.19784243934e-11	3.9450510414e-08
8.31330500891e-11	6.7634711165e-09
8.42876757848e-11	-2.64053547916e-08
8.54423014805e-11	-5.1341871643e-08
8.65969271761e-11	-5.99474265783e-08
8.77515528718e-11	-4.64601535022e-08
8.89061785675e-11	-8.91850748808e-09
9.00608042632e-11	4.93706298066e-08
9.12154299589e-11	1.18668529225e-07
9.23700556545e-11	1.8264547208e-07
9.35246813502e-11	2.20359499536e-07
9.46793070459e-11	2.11108398318e-07
9.58339327416e-11	1.41751668181e-07
9.69885584373e-11	1.43794718355e-08
9.8143184133e-11	-1.49230851676e-07
9.92978098286e-11	-3.09546788202e-07
1.00452435524e-10	-4.19371573912e-07
1.0160706122e-10	-4.39862205326e-07
1.02761686916e-10	-3.57016446628e-07
1.03916312611e-10	-1.91099744029e-07
1.05070938307e-10	6.50024944981e-09
1.06225564003e-10	1.69683291418e-07
1.07380189698e-10	2.42333090483e-07
1.08534815394e-10	2.01213101292e-07
1.0968944109e-10	6.7056174835e-08
1.10844066785e-10	-1.01628633509e-07
1.11998692481e-10	-2.30560525338e-07
1.13153318177e-10	-2.58436635647e-07
1.14307943872e-10	-1.60865782917e-07
1.15462569568e-10	3.99154993502e-08
1.16617195264e-10	2.82829869747e-07
1.1777182096e-10	4.89431421613e-07
1.18926446655e-10	5.90182423821e-07
1.20081072351e-10	5.46472406882e-07
1.21235698047e-10	3.6183839569e-07
1.22390323742e-10	8.02598290051e-08
1.23544949438e-10	-2.26434412554e-07
1.24699575134e-10	-4.7809781023e-07
1.25854200829e-10	-6.07745093362e-07
1.27008826525e-10	-5.7958523314e-07
1.28163452221e-10	-3.99380638783e-07
1.29318077916e-10	-1.13774822452e-07
1.30472703612e-10	2.01945908884e-07
1.31627329308e-10	4.6468111492e-07
1.32781955003e-10	6.07053607382e-07
1.33936580699e-10	5.96178686862e-07
1.35091206395e-10	4.41453828159e-07
1.3624583209e-10	1.89292828523e-07
1.37400457786e-10	-9.31235755175e-08
1.38555083482e-10	-3.38536743527e-07
1.39709709177e-10	-4.97940376931e-07
1.40864334873e-10	-5.50692277557e-07
1.42018960569e-10	-5.04551458391e-07
1.43173586265e-10	-3.87766384335e-07
1.4432821196e-10	-2.3688619244e-07
1.45482837656e-10	-8.5182352727e-08
1.46637463352e-10	4.50086381498e-08
1.47792089047e-10	1.44847769334e-07
1.48946714743e-10	2.16562080269e-07
1.50101340439e-10	2.67605496873e-07
1.51255966134e-10	3.03934196921e-07
1.5241059183e-10	3.24429976217e-07
1.53565217526e-10	3.19196200138e-07
1.54719843221e-10	2.72743339025e-07
1.55874468917e-10	1.71881850974e-07
1.57029094613e-10	1.554821627e-08
1.58183720308e-10	-1.77424297476e-07
1.59338346004e-10	-3.67496895137e-07
1.604929717e-10	-5.02428221694e-07
1.61647597395e-10	-5.33258642577e-07
1.62802223091e-10	-4.32370239167e-07
1.63956848787e-10	-2.0655415689e-07
1.65111474482e-10	1.00597774555e-07
1.66266100178e-10	4.19183201927e-07
1.67420725874e-10	6.72543094993e-07
1.6857535157e-10	7.99102508608e-07
1.69729977265e-10	7.68459315736e-07
1.70884602961e-10	5.86775357192e-07
1.72039228657e-10	2.91646358619e-07
1.73193854352e-10	-6.01452594395e-08
1.74348480048e-10	-4.06463939839e-07
1.75503105744e-10	-6.91112710172e-07
1.76657731439e-10	-8.70878473336e-07
1.77812357135e-10	-9.19018248169e-07
1.78966982831e-10	-8.26949374755e-07
1.80121608526e-10	-6.05170896506e-07
1.81276234222e-10	-2.83615108287e-07
1.82430859918e-10	9.01713592683e-08
1.83585485613e-10	4.56079714439e-07
1.84740111309e-10	7.50106352143e-07
1.85894737005e-10	9.16122068872e-07
1.870493627e-10	9.17921944676e-07
1.88203988396e-10	7.490408791e-07
1.89358614092e-10	4.37119858532e-07
1.90513239787e-10	4.05312174934e-08
1.91667865483e-10	-3.62381673114e-07
1.92822491179e-10	-6.89960742761e-07
1.93977116875e-10	-8.76032800079e-07
1.9513174257e-10	-8.85829713582e-07
1.96286368266e-10	-7.24815585329e-07
1.97440993962e-10	-4.37317329016e-07
1.98595619657e-10	-9.49105984915e-08
1.99750245353e-10	2.22924580129e-07
2.00904871049e-10	4.50166545818e-07
2.02059496744e-10	5.5115222608e-07
2.0321412244e-10	5.2774970527e-07
2.04368748136e-10	4.14551152517e-07
2.05523373831e-10	2.64035545428e-07
2.06677999527e-10	1.27376328152e-07
2.07832625223e-10	3.75732667202e-08
2.08987250918e-10	1.08738101856e-09
2.10141876614e-10	3.75973141509e-10
2.1129650231e-10	5.24173298516e-09
2.12451128005e-10	-1.21100992567e-08
2.13605753701e-10	-6.48790319246e-08
2.14760379397e-10	-1.46781257371e-07
2.15915005092e-10	-2.3565231011e-07
2.17069630788e-10	-3.02914965999e-07
2.18224256484e-10	-3.24542252628e-07
2.1937888218e-10	-2.88460796583e-07
2.20533507875e-10	-1.96760755244e-07
2.21688133571e-10	-6.29827390242e-08
2.22842759267e-10	9.2956744524e-08
2.23997384962e-10	2.49223134574e-07
2.25152010658e-10	3.84676862808e-07
2.26306636354e-10	4.80129926927e-07
2.27461262049e-10	5.19672354926e-07
2.28615887745e-10	4.93207181762e-07
2.29770513441e-10	3.99804786611e-07
2.30925139136e-10	2.50339436292e-07
2.32079764832e-10	6.73521993733e-08
2.33234390528e-10	-1.18675190564e-07
2.34389016223e-10	-2.76138322874e-07
2.35543641919e-10	-3.7994131219e-07
2.36698267615e-10	-4.1741610346e-07
2.3785289331e-10	-3.90256079896e-07
2.39007519006e-10	-3.12056638307e-07
2.40162144702e-10	-2.02683404282e-07
2.41316770397e-10	-8.19032521804e-08
2.42471396093e-10	3.51508240293e-08
2.43626021789e-10	1.39095858387e-07
2.44780647485e-10	2.2420630863e-07
2.4593527318e-10	2.8484857495e-07
2.47089898876e-10	3.13375277727e-07
2.48244524572e-10	3.01059362329e-07
2.49399150267e-10	2.41924038136e-07
2.50553775963e-10	1.37695783664e-07
2.51708401659e-10	6.52848664018e-10
2.52863027354e-10	-1.47538591122e-07
2.5401765305e-10	-2.80861794266e-07
2.55172278746e-10	-3.76045264261e-07
2.56326904441e-10	-4.18436322036e-07
2.57481530137e-10	-4.04671865795e-07
2.58636155833e-10	-3.41545369764e-07
2.59790781528e-10	-2.42324304622e-07
2.60945407224e-10	-1.22623219134e-07
2.6210003292e-10	2.41900566245e-09
2.63254658615e-10	1.19259069287e-07
2.64409284311e-10	2.15776875478e-07
2.65563910007e-10	2.81230164489e-07
2.66718535702e-10	3.0698703668e-07
2.67873161398e-10	2.88524685033e-07
2.69027787094e-10	2.27683360166e-07
2.7018241279e-10	1.34237613025e-07
2.71337038485e-10	2.53108967119e-08
2.72491664181e-10	-7.77379556283e-08
2.73646289877e-10	-1.54491244686e-07
2.74800915572e-10	-1.90751194395e-07
2.75955541268e-10	-1.82374794377e-07
2.77110166964e-10	-1.36112461746e-07
2.78264792659e-10	-6.72470861218e-08
2.79419418355e-10	4.96427299268e-09
2.80574044051e-10	6.23523579435e-08
2.81728669746e-10	9.19099898411e-08
2.82883295442e-10	8.8088953909e-08
2.84037921138e-10	5.35155857406e-08
2.85192546833e-10	-1.75645703537e-09
2.86347172529e-10	-6.22338722778e-08
2.87501798225e-10	-1.10230708117e-07
2.8865642392e-10	-1.30329254944e-07
2.89811049616e-10	-1.13888424025e-07
2.90965675312e-10	-6.24135889638e-08
2.92120301007e-10	1.19718940317e-08
2.93274926703e-10	8.96895304692e-08
2.94429552399e-10	1.49582961129e-07
2.95584178095e-10	1.75485906695e-07
2.9673880379e-10	1.61110321528e-07
2.97893429486e-10	1.11289551796e-07
2.99048055182e-10	3.9671530061e-08
3.00202680877e-10	-3.62688554745e-08
3.01357306573e-10	-1.00765235267e-07
3.02511932269e-10	-1.43918114759e-07
3.03666557964e-10	-1.63411655763e-07
3.0482118366e-10	-1.63345733384e-07
3.05975809356e-10	-1.50960438816e-07
3.07130435051e-10	-1.32727139501e-07
3.08285060747e-10	-1.11222078658e-07
3.09439686443e-10	-8.42759853015e-08
3.10594312138e-10	-4.66579548331e-08
3.11748937834e-10	6.3592999755e-09
3.1290356353e-10	7.50946886896e-08
3.14058189225e-10	1.53086515908e-07
3.15212814921e-10	2.27488644811e-07
3.16367440617e-10	2.82294081444e-07
3.17522066312e-10	3.03174246596e-07
3.18676692008e-10	2.82072939228e-07
3.19831317704e-10	2.1987915666e-07
3.209859434e-10	1.2645865155e-07
3.22140569095e-10	1.81358164042e-08
3.23295194791e-10	-8.63489013625e-08
3.24449820487e-10	-1.69945357342e-07
3.25604446182e-10	-2.20447889276e-07
3.26759071878e-10	-2.3201725341e-07
3.27913697574e-10	-2.05167388856e-07
3.29068323269e-10	-1.45556741771e-07
3.30222948965e-10	-6.23083140638e-08
3.31377574661e-10	3.34683223358e-08
3.32532200356e-10	1.29627688139e-07
3.33686826052e-10	2.13597001419e-07
3.34841451748e-10	2.72981278471e-07
3.35996077443e-10	2.96694626201e-07
3.37150703139e-10	2.7674947134e-07
3.38305328835e-10	2.10474782492e-07
3.3945995453e-10	1.02525009815e-07
3.40614580226e-10	-3.43272605896e-08
3.41769205922e-10	-1.80252115456e-07
3.42923831617e-10	-3.11563830735e-07
3.44078457313e-10	-4.05442595053e-07
3.45233083009e-10	-4.450046589e-07
3.46387708705e-10	-4.23414697082e-07
3.475423344e-10	-3.45742897423e-07
3.48696960096e-10	-2.2785246756e-07
3.49851585792e-10	-9.2623858805e-08
3.51006211487e-10	3.53652045426e-08
3.52160837183e-10	1.35250617816e-07
3.53315462879e-10	1.93772663692e-07
3.54470088574e-10	2.06995554919e-07
3.5562471427e-10	1.7955141729e-07
3.56779339966e-10	1.22258693835e-07
3.57933965661e-10	4.90231482075e-08
3.59088591357e-10	-2.60327837065e-08
3.60243217053e-10	-9.0706227418e-08
3.61397842748e-10	-1.36091928837e-07
3.62552468444e-10	-1.5744717885e-07
3.6370709414e-10	-1.54449038448e-07
3.64861719835e-10	-1.3089108819e-07
3.66016345531e-10	-9.35182384865e-08
3.67170971227e-10	-5.01350805315e-08
3.68325596922e-10	-7.44343181536e-09
3.69480222618e-10	3.0550581176e-08
3.70634848314e-10	6.29702325838e-08
3.7178947401e-10	9.10574611268e-08
3.72944099705e-10	1.16298023656e-07
3.74098725401e-10	1.38719668641e-07
3.75253351097e-10	1.56238170845e-07
3.76407976792e-10	1.65394583362e-07
3.77562602488e-10	1.63018095023e-07
3.78717228184e-10	1.47850846233e-07
3.79871853879e-10	1.21290018029e-07
3.81026479575e-10	8.69520828672e-08
3.82181105271e-10	4.94002065921e-08
3.83335730966e-10	1.29176348507e-08
3.84490356662e-10	-1.9140008245e-08
3.85644982358e-10	-4.42629968234e-08
3.86799608053e-10	-6.03400627242e-08
3.87954233749e-10	-6.5485885159e-08
3.89108859445e-10	-5.84216643951e-08
3.9026348514e-10	-3.93451333736e-08
3.91418110836e-10	-1.07894282397e-08
3.92572736532e-10	2.21749005824e-08
3.93727362227e-10	5.27400496608e-08
3.94881987923e-10	7.40719361403e-08
3.96036613619e-10	8.13681344525e-08
3.97191239315e-10	7.34087066689e-08
3.9834586501e-10	5.29927399739e-08
3.99500490706e-10	2.59730028596e-08
4.00655116402e-10	-8.25620197209e-10
4.01809742097e-10	-2.20336753287e-08
4.02964367793e-10	-3.54694136284e-08
4.04118993489e-10	-4.2445088777e-08
4.05273619184e-10	-4.64515750309e-08
4.0642824488e-10	-5.09319790787e-08
4.07582870576e-10	-5.71527438709e-08
4.08737496271e-10	-6.33364267699e-08
4.09892121967e-10	-6.55422232043e-08
4.11046747663e-10	-5.99357221631e-08
4.12201373358e-10	-4.52237189918e-08
4.13355999054e-10	-2.40182167488e-08
4.1451062475e-10	-2.27122429197e-09
4.15665250445e-10	1.30238331231e-08
4.16819876141e-10	1.67890201741e-08
4.17974501837e-10	8.09639799648e-09
4.19129127532e-10	-9.31873100907e-09
4.20283753228e-10	-2.84567518438e-08
4.21438378924e-10	-4.1680189522e-08
4.2259300462e-10	-4.34326676846e-08
4.23747630315e-10	-3.1940920131e-08
4.24902256011e-10	-9.42258193692e-09
4.26056881707e-10	1.89827826791e-08
4.27211507402e-10	4.69699497074e-08
4.28366133098e-10	6.87612917716e-08
4.29520758794e-10	8.03058615162e-08
4.30675384489e-10	7.97912971251e-08
4.31830010185e-10	6.76286466827e-08
4.32984635881e-10	4.61989180245e-08
4.34139261576e-10	1.94617590932e-08
4.35293887272e-10	-7.55753382098e-09
4.36448512968e-10	-2.94484621133e-08
4.37603138663e-10	-4.13796246157e-08
4.38757764359e-10	-4.0143501856e-08
4.39912390055e-10	-2.50408533908e-08
4.4106701575e-10	1.6955310489e-09
4.42221641446e-10	3.51834241741e-08
4.43376267142e-10	6.88253889436e-08
4.44530892837e-10	9.56453964918e-08
4.45685518533e-10	1.0969505837e-07
4.46840144229e-10	1.07195640808e-07
4.47994769925e-10	8.71956968851e-08
4.4914939562e-10	5.17705913694e-08
4.50304021316e-10	5.69291347396e-09
4.51458647012e-10	-4.42902776676e-08
4.52613272707e-10	-9.05351766889e-08
4.53767898403e-10	-1.25788471195e-07
4.54922524099e-10	-1.44465044372e-07
4.56077149794e-10	-1.43652449935e-07
4.5723177549e-10	-1.23668045582e-07
4.58386401186e-10	-8.79705481793e-08
4.59541026881e-10	-4.25495221279e-08
4.60695652577e-10	5.17173259773e-09
4.61850278273e-10	4.76088333201e-08
4.63004903968e-10	7.8369526868e-08
4.64159529664e-10	9.33876300735e-08
4.6531415536e-10	9.1660490753e-08
4.66468781055e-10	7.53450866142e-08
4.67623406751e-10	4.91689999826e-08
4.68778032447e-10	1.91654896398e-08
4.69932658142e-10	-8.82426764992e-09
4.71087283838e-10	-3.05230960507e-08
4.72241909534e-10	-4.40078822272e-08
4.7339653523e-10	-4.96877001765e-08
4.74551160925e-10	-4.95315375382e-08
4.75705786621e-10	-4.59525311136e-08
4.76860412317e-10	-4.07606126629e-08
4.78015038012e-10	-3.46276314289e-08
4.79169663708e-10	-2.7162430305e-08
4.80324289404e-10	-1.74760395044e-08
4.81478915099e-10	-4.98914193292e-09
4.82633540795e-10	9.9870798298e-09
4.83788166491e-10	2.60653489903e-08
4.84942792186e-10	4.10567593256e-08
4.86097417882e-10	5.254747526e-08
4.87252043578e-10	5.85177604151e-08
4.88406669273e-10	5.78070045165e-08
4.89561294969e-10	5.02857724349e-08
4.90715920665e-10	3.6767188405e-08
4.9187054636e-10	1.88255309119e-08
4.93025172056e-10	-1.4087336575e-09
4.94179797752e-10	-2.13888449174e-08
4.95334423447e-10	-3.83167710893e-08
4.96489049143e-10	-4.94444543087e-08
4.97643674839e-10	-5.25315604349e-08
4.98798300535e-10	-4.64173224302e-08
4.9995292623e-10	-3.15207886459e-08
5.01107551926e-10	-1.00093453526e-08
5.02262177622e-10	1.4484187072e-08
5.03416803317e-10	3.7599838798e-08
5.04571429013e-10	5.52404677556e-08
5.05726054709e-10	6.45182378634e-08
5.06880680404e-10	6.43413553547e-08
5.080353061e-10	5.55446355577e-08
5.09189931796e-10	4.04742466209e-08
5.10344557491e-10	2.22934797289e-08
5.11499183187e-10	4.18767251431e-09
5.12653808883e-10	-1.13119092982e-08
5.13808434578e-10	-2.26807481685e-08
5.14963060274e-10	-2.94597370942e-08
5.1611768597e-10	-3.20440660673e-08
5.17272311665e-10	-3.13331836033e-08
5.18426937361e-10	-2.83868870632e-08
5.19581563057e-10	-2.41328794726e-08
5.20736188752e-10	-1.92143498889e-08
5.21890814448e-10	-1.39543498978e-08
5.23045440144e-10	-8.42632130738e-09
5.2420006584e-10	-2.62456481548e-09
5.25354691535e-10	3.36468794493e-09
5.26509317231e-10	9.16879028257e-09
5.27663942927e-10	1.40589396791e-08
5.28818568622e-10	1.70787970433e-08
5.29973194318e-10	1.73482288535e-08
5.31127820014e-10	1.44566030258e-08
5.32282445709e-10	8.79593797798e-09
5.33437071405e-10	1.60600627241e-09
5.34591697101e-10	-5.32009125642e-09
5.35746322796e-10	-1.01911989958e-08
5.36900948492e-10	-1.1830962432e-08
5.38055574188e-10	-1.00645283219e-08
5.39210199883e-10	-5.66607671892e-09
5.40364825579e-10	4.48180867418e-11
5.41519451275e-10	5.78507869387e-09
5.4267407697e-10	1.07459873222e-08
5.43828702666e-10	1.4691093897e-08
5.44983328362e-10	1.76850483147e-08
5.46137954057e-10	1.96491725113e-08
5.47292579753e-10	2.00964940245e-08
5.48447205449e-10	1.82146642214e-08
5.49601831145e-10	1.33626084642e-08
5.5075645684e-10	5.69830893582e-09
5.51911082536e-10	-3.42499967276e-09
5.53065708232e-10	-1.16148647367e-08
5.54220333927e-10	-1.62051336794e-08
5.55374959623e-10	-1.53617677467e-08
5.56529585319e-10	-9.00753871491e-09
5.57684211014e-10	8.52808358653e-10
5.5883883671e-10	1.06794987298e-08
5.59993462406e-10	1.66199400908e-08
5.61148088101e-10	1.59269384348e-08
5.62302713797e-10	7.99456023604e-09
5.63457339493e-10	-5.38922140247e-09
5.64611965188e-10	-2.06600672126e-08
5.65766590884e-10	-3.37001009321e-08
5.6692121658e-10	-4.11523317645e-08
5.68075842275e-10	-4.1364149439e-08
5.69230467971e-10	-3.46603230561e-08
5.70385093667e-10	-2.29435992427e-08
5.71539719362e-10	-8.89763118739e-09
5.72694345058e-10	4.85826884278e-09
5.73848970754e-10	1.63455162738e-08
5.7500359645e-10	2.44047095865e-08
5.76158222145e-10	2.8548632125e-08
5.77312847841e-10	2.86894639157e-08
5.78467473537e-10	2.49665574881e-08
5.79622099232e-10	1.77392589507e-08
5.80776724928e-10	7.76150493875e-09
5.81931350624e-10	-3.67368130361e-09
5.83085976319e-10	-1.47396415073e-08
5.84240602015e-10	-2.33242785086e-08
5.85395227711e-10	-2.75055980214e-08
5.86549853406e-10	-2.60964128085e-08
5.87704479102e-10	-1.90629698693e-08
5.88859104798e-10	-7.66430202637e-09
5.90013730493e-10	5.76718350853e-09
5.91168356189e-10	1.83731956316e-08
5.92322981885e-10	2.74913818377e-08
5.9347760758e-10	3.13373633709e-08
5.94632233276e-10	2.94229109965e-08
5.95786858972e-10	2.26079159837e-08
5.96941484667e-10	1.27494750313e-08
5.98096110363e-10	2.10483273866e-09
5.99250736059e-10	-7.28807503236e-09
6.00405361755e-10	-1.40868049447e-08
6.0155998745e-10	-1.78318539934e-08
6.02714613146e-10	-1.88343833862e-08
6.03869238842e-10	-1.78967061171e-08
6.05023864537e-10	-1.59524140564e-08
6.06178490233e-10	-1.37638161979e-08
6.07333115929e-10	-1.17530075672e-08
6.08487741624e-10	-9.97423232896e-09
6.0964236732e-10	-8.20929302314e-09
6.10796993016e-10	-6.12301059855e-09
6.11951618711e-10	-3.43011521964e-09
6.13106244407e-10	-4.0905209775e-11
6.14260870103e-10	3.86920837037e-09
6.15415495798e-10	7.82751263806e-09
6.16570121494e-10	1.11124056623e-08
6.1772474719e-10	1.28560412316e-08
6.18879372885e-10	1.22308654316e-08
6.20033998581e-10	8.67905303181e-09
6.21188624277e-10	2.18381007722e-09
6.22343249972e-10	-6.54753196105e-09
6.23497875668e-10	-1.60583453201e-08
6.24652501364e-10	-2.43706039793e-08
6.2580712706e-10	-2.94265143364e-08
6.26961752755e-10	-2.96470132888e-08
6.28116378451e-10	-2.44335325306e-08
6.29271004147e-10	-1.44319597384e-08
6.30425629842e-10	-1.44005564418e-09
6.31580255538e-10	1.19829582923e-08
6.32734881234e-10	2.31304306819e-08
6.33889506929e-10	2.97759368273e-08
6.35044132625e-10	3.06514653658e-08
6.36198758321e-10	2.56692780365e-08
6.37353384016e-10	1.58464992239e-08
6.38508009712e-10	2.99825242411e-09
6.39662635408e-10	-1.06742176209e-08
6.40817261103e-10	-2.30100911658e-08
6.41971886799e-10	-3.22046527224e-08
6.43126512495e-10	-3.70018047313e-08
6.4428113819e-10	-3.67771377796e-08
6.45435763886e-10	-3.15588248867e-08
6.46590389582e-10	-2.20162876818e-08
6.47745015277e-10	-9.42701738893e-09
6.48899640973e-10	4.41556857744e-09
6.50054266669e-10	1.73884247001e-08
6.51208892365e-10	2.73537967832e-08
6.5236351806e-10	3.25660494127e-08
6.53518143756e-10	3.20814428356e-08
6.54672769452e-10	2.60522636797e-08
6.55827395147e-10	1.57807258372e-08
6.56982020843e-10	3.45976378102e-09
6.58136646539e-10	-8.32011326501e-09
6.59291272234e-10	-1.7230122884e-08
6.6044589793e-10	-2.17659190671e-08
6.61600523626e-10	-2.15726545516e-08
6.62755149321e-10	-1.74272620779e-08
6.63909775017e-10	-1.08835347401e-08
6.65064400713e-10	-3.73319641866e-09
6.66219026408e-10	2.53182863563e-09
6.67373652104e-10	7.07872016559e-09
6.685282778e-10	9.81226722097e-09
6.69682903495e-10	1.12051586898e-08
6.70837529191e-10	1.19569580903e-08
6.71992154887e-10	1.26480574902e-08
6.73146780582e-10	1.35022226733e-08
6.74301406278e-10	1.43252832929e-08
6.75456031974e-10	1.46242178367e-08
6.7661065767e-10	1.38174640618e-08
6.77765283365e-10	1.14699153508e-08
6.78919909061e-10	7.44429717869e-09
6.80074534757e-10	1.95920946133e-09
6.81229160452e-10	-4.45607872823e-09
6.82383786148e-10	-1.10425538713e-08
6.83538411844e-10	-1.68923421917e-08
6.84693037539e-10	-2.10267281364e-08
6.85847663235e-10	-2.24910199353e-08
6.87002288931e-10	-2.05230150652e-08
6.88156914626e-10	-1.47898546743e-08
6.89311540322e-10	-5.61966628787e-09
6.90466166018e-10	5.85479076332e-09
6.91620791713e-10	1.77722085937e-08
6.92775417409e-10	2.7855013407e-08
6.93930043105e-10	3.39193366727e-08
6.950846688e-10	3.44226198656e-08
6.96239294496e-10	2.88803123638e-08
6.97393920192e-10	1.803770866e-08
6.98548545887e-10	3.72850439412e-09
6.99703171583e-10	-1.15197941186e-08
7.00857797279e-10	-2.50154681414e-08
7.02012422975e-10	-3.44410731046e-08
7.0316704867e-10	-3.82672564747e-08
7.04321674366e-10	-3.59788114856e-08
7.05476300062e-10	-2.80916867545e-08
7.06630925757e-10	-1.59938204902e-08
7.07785551453e-10	-1.65958240206e-09
7.08940177149e-10	1.268262384e-08
7.10094802844e-10	2.48860116958e-08
7.1124942854e-10	3.32002603187e-08
7.12404054236e-10	3.65188026485e-08
7.13558679931e-10	3.45535067225e-08
7.14713305627e-10	2.78764504813e-08
7.15867931323e-10	1.7810765307e-08
7.17022557018e-10	6.17227569055e-09
7.18177182714e-10	-5.10079178895e-09
7.1933180841e-10	-1.43270897368e-08
7.20486434105e-10	-2.03799648268e-08
7.21641059801e-10	-2.28392509349e-08
7.22795685497e-10	-2.19706635107e-08
7.23950311192e-10	-1.85657844654e-08
7.25104936888e-10	-1.36852529309e-08
7.26259562584e-10	-8.39550007292e-09
7.2741418828e-10	-3.53677370724e-09
7.28568813975e-10	4.18770872146e-10
7.29723439671e-10	3.38573732939e-09
7.30878065367e-10	5.57430401837e-09
7.32032691062e-10	7.32182503516e-09
7.33187316758e-10	8.90120877006e-09
7.34341942454e-10	1.03857883405e-08
7.35496568149e-10	1.15963555425e-08
7.36651193845e-10	1.21459987623e-08
7.37805819541e-10	1.15547078572e-08
7.38960445236e-10	9.40708511088e-09
7.40115070932e-10	5.50237627683e-09
7.41269696628e-10	-1.8536880364e-11
7.42424322323e-10	-6.6081625727e-09
7.43578948019e-10	-1.3345055172e-08
7.44733573715e-10	-1.90668001387e-08
7.4588819941e-10	-2.26030969497e-08
7.47042825106e-10	-2.30517871458e-08
7.48197450802e-10	-2.00219412161e-08
7.49352076497e-10	-1.37608138218e-08
7.50506702193e-10	-5.14151138331e-09
7.51661327889e-10	4.49748821518e-09
7.52815953585e-10	1.36237889858e-08
7.5397057928e-10	2.08018529069e-08
7.55125204976e-10	2.49605009994e-08
7.56279830672e-10	2.55792016457e-08
7.57434456367e-10	2.2750044737e-08
7.58589082063e-10	1.71107801261e-08
7.59743707759e-10	9.67435975774e-09
7.60898333454e-10	1.60806234994e-09
7.6205295915e-10	-5.97339078201e-09
7.63207584846e-10	-1.21475793868e-08
7.64362210541e-10	-1.62489788291e-08
7.65516836237e-10	-1.7884275394e-08
7.66671461933e-10	-1.69394815952e-08
7.67826087628e-10	-1.36091302672e-08
7.68980713324e-10	-8.42453595773e-09
7.7013533902e-10	-2.2356700935e-09
7.71289964715e-10	3.89768456399e-09
7.72444590411e-10	8.91223006505e-09
7.73599216107e-10	1.19966336865e-08
7.74753841802e-10	1.28055992477e-08
7.75908467498e-10	1.15531064715e-08
7.77063093194e-10	8.92946494524e-09
7.7821771889e-10	5.86562359794e-09
7.79372344585e-10	3.22598328606e-09
7.80526970281e-10	1.5293042388e-09
7.81681595977e-10	7.91296989738e-10
7.82836221672e-10	5.6178489638e-10
7.83990847368e-10	1.31652477114e-10
7.85145473064e-10	-1.15382936539e-09
7.86300098759e-10	-3.58828244895e-09
7.87454724455e-10	-6.93153623388e-09
7.88609350151e-10	-1.04381687738e-08
7.89763975846e-10	-1.30921008479e-08
7.90918601542e-10	-1.39574046765e-08
7.92073227238e-10	-1.25214566493e-08
7.93227852933e-10	-8.88567130986e-09
7.94382478629e-10	-3.73757830241e-09
7.95537104325e-10	1.87062597357e-09
7.9669173002e-10	6.85341716711e-09
7.97846355716e-10	1.03896380388e-08
7.99000981412e-10	1.20851798568e-08
8.00155607107e-10	1.19628499329e-08
8.01310232803e-10	1.03194329748e-08
8.02464858499e-10	7.54677814685e-09
8.03619484195e-10	4.00486965813e-09
8.0477410989e-10	2.8726118706e-12
8.05928735586e-10	-4.13355422113e-09
8.07083361282e-10	-7.96853449891e-09
8.08237986977e-10	-1.09235034351e-08
8.09392612673e-10	-1.23587653444e-08
8.10547238369e-10	-1.17620753137e-08
8.11701864064e-10	-8.97062746308e-09
8.1285648976e-10	-4.33684471668e-09
8.14011115456e-10	1.26945140511e-09
8.15165741151e-10	6.63852361971e-09
8.16320366847e-10	1.05564132991e-08
8.17474992543e-10	1.21697032451e-08
8.18629618238e-10	1.12580118561e-08
8.19784243934e-10	8.29782442757e-09
8.2093886963e-10	4.29752372577e-09
8.22093495325e-10	4.55587359505e-10
8.23248121021e-10	-2.22346627221e-09
8.24402746717e-10	-3.22317170176e-09
8.25557372412e-10	-2.62032145981e-09
8.26711998108e-10	-9.8445028518e-10
8.27866623804e-10	8.71898553356e-10
8.290212495e-10	2.18918264072e-09
8.30175875195e-10	2.50156562132e-09
8.31330500891e-10	1.74803568842e-09
8.32485126587e-10	2.39140339475e-10
8.33639752282e-10	-1.49199867738e-09
8.34794377978e-10	-2.89030857581e-09
8.35949003674e-10	-3.55761414772e-09
8.37103629369e-10	-3.35913385996e-09
8.38258255065e-10	-2.42001113593e-09
8.39412880761e-10	-1.04721147032e-09
8.40567506456e-10	3.92280508424e-10
8.41722132152e-10	1.57964018255e-09
8.42876757848e-10	2.30240851384e-09
8.44031383543e-10	2.46542869453e-09
8.45186009239e-10	2.0687060398e-09
8.46340634935e-10	1.18728261944e-09
8.4749526063e-10	-4.16402155812e-11
8.48649886326e-10	-1.42496628386e-09
8.49804512022e-10	-2.72272726587e-09
8.50959137717e-10	-3.67950350744e-09
8.52113763413e-10	-4.06850031442e-09
8.53268389109e-10	-3.73743047621e-09
8.54423014805e-10	-2.64942576211e-09
8.555776405e-10	-9.05498190318e-10
8.56732266196e-10	1.24186577688e-09
8.57886891892e-10	3.40394396003e-09
8.59041517587e-10	5.09488201628e-09
8.60196143283e-10	5.82070380784e-09
8.61350768979e-10	5.20511739266e-09
8.62505394674e-10	3.13021908394e-09
8.6366002037e-10	-1.60390402348e-10
8.64814646066e-10	-4.04697586553e-09
8.65969271761e-10	-7.63827978645e-09
8.67123897457e-10	-9.9832995204e-09
8.68278523153e-10	-1.03397289619e-08
8.69433148848e-10	-8.40953195969e-09
8.70587774544e-10	-4.47157610939e-09
8.7174240024e-10	6.51204139224e-10
8.72897025935e-10	5.78396935902e-09
8.74051651631e-10	9.70842195525e-09
8.75206277327e-10	1.14958360609e-08
8.76360903022e-10	1.07598363552e-08
8.77515528718e-10	7.7544727306e-09
8.78670154414e-10	3.28092214508e-09
8.7982478011e-10	-1.55528764867e-09
8.80979405805e-10	-5.66199037655e-09
8.82134031501e-10	-8.24271173538e-09
8.83288657197e-10	-8.96340823786e-09
8.84443282892e-10	-7.959733761e-09
8.85597908588e-10	-5.71335845301e-09
8.86752534284e-10	-2.85342013906e-09
8.87907159979e-10	2.94284145663e-11
8.89061785675e-10	2.50492412923e-09
8.90216411371e-10	4.33039387682e-09
8.91371037066e-10	5.41216799155e-09
8.92525662762e-10	5.73408931448e-09
8.93680288458e-10	5.31605337528e-09
8.94834914153e-10	4.21288115504e-09
8.95989539849e-10	2.55481083511e-09
8.97144165545e-10	5.92044982484e-10
8.9829879124e-10	-1.30302826862e-09
8.99453416936e-10	-2.69871078262e-09
9.00608042632e-10	-3.22530793739e-09
9.01762668327e-10	-2.71466921165e-09
9.02917294023e-10	-1.29619188993e-09
9.04071919719e-10	5.97731988905e-10
9.05226545415e-10	2.34184915904e-09
9.0638117111e-10	3.31141986054e-09
9.07535796806e-10	3.09836409307e-09
9.08690422502e-10	1.67144603713e-09
9.09845048197e-10	-5.87615837933e-10
9.10999673893e-10	-2.98746913319e-09
9.12154299589e-10	-4.74922884353e-09
9.13308925284e-10	-5.26588611605e-09
9.1446355098e-10	-4.31338653684e-09
9.15618176676e-10	-2.13277154271e-09
9.16772802371e-10	6.45108619302e-10
9.17927428067e-10	3.2103176506e-09
9.19082053763e-10	4.83768392012e-09
9.20236679458e-10	5.11333753117e-09
9.21391305154e-10	4.0451557104e-09
9.2254593085e-10	2.02913513769e-09
9.23700556545e-10	-3.0849379648e-10
9.24855182241e-10	-2.32120381249e-09
9.26009807937e-10	-3.53270473985e-09
9.27164433632e-10	-3.74598840835e-09
9.28319059328e-10	-3.0511100868e-09
9.29473685024e-10	-1.74701331179e-09
9.3062831072e-10	-2.24607957233e-10
9.31782936415e-10	1.14413065133e-09
9.32937562111e-10	2.08172962202e-09
9.34092187807e-10	2.4329837589e-09
9.35246813502e-10	2.15777254398e-09
9.36401439198e-10	1.31355862298e-09
9.37556064894e-10	4.00244160731e-11
9.38710690589e-10	-1.44606923658e-09
9.39865316285e-10	-2.85906337494e-09
9.41019941981e-10	-3.87394130663e-09
9.42174567676e-10	-4.18502532629e-09
9.43329193372e-10	-3.58860680061e-09
9.44483819068e-10	-2.06301062344e-09
9.45638444763e-10	1.86828445076e-10
9.46793070459e-10	2.7452512763e-09
9.47947696155e-10	5.06371983233e-09
9.4910232185e-10	6.58726984071e-09
9.50256947546e-10	6.88909074231e-09
9.51411573242e-10	5.77892617093e-09
9.52566198937e-10	3.35897798465e-09
9.53720824633e-10	1.40514683222e-11
9.54875450329e-10	-3.65632479848e-09
9.56030076025e-10	-6.95294560815e-09
9.5718470172e-10	-9.2157775855e-09
9.58339327416e-10	-9.96325155711e-09
9.59493953112e-10	-9.00400110027e-09
9.60648578807e-10	-6.49091819183e-09
9.61803204503e-10	-2.90265933511e-09
9.62957830199e-10	1.05284959917e-09
9.64112455894e-10	4.59540994147e-09
9.6526708159e-10	7.05015867908e-09
9.66421707286e-10	8.0040626349e-09
9.67576332981e-10	7.39565264585e-09
9.68730958677e-10	5.51194229148e-09
9.69885584373e-10	2.89696125422e-09
9.71040210068e-10	1.96376297168e-10
9.72194835764e-10	-2.01308417158e-09
9.7334946146e-10	-3.35957994757e-09
9.74504087155e-10	-3.74111547297e-09
9.75658712851e-10	-3.30743429866e-09
9.76813338547e-10	-2.3730482579e-09
9.77967964242e-10	-1.3007438876e-09
9.79122589938e-10	-3.91624618151e-10
9.80277215634e-10	1.83056901235e-10
9.8143184133e-10	3.96352572291e-10
9.82586467025e-10	3.37236072401e-10
9.83741092721e-10	1.57953733426e-10
9.84895718417e-10	2.04795679113e-11
9.86050344112e-10	5.86159731863e-11
9.87204969808e-10	3.55274924063e-10
9.88359595504e-10	9.32463918579e-10
9.89514221199e-10	1.74566072708e-09
9.90668846895e-10	2.67865155057e-09
9.91823472591e-10	3.54614096421e-09
9.92978098286e-10	4.11138084688e-09
9.94132723982e-10	4.13000367239e-09
9.95287349678e-10	3.41559566741e-09
9.96441975373e-10	1.91097659918e-09
9.97596601069e-10	-2.57516081376e-10
9.98751226765e-10	-2.76862663351e-09
9.9990585246e-10	-5.15215659025e-09
1.00106047816e-09	-6.88623846834e-09
1.00221510385e-09	-7.52744694354e-09
1.00336972955e-09	-6.83284823166e-09
1.00452435524e-09	-4.84036938309e-09
1.00567898094e-09	-1.8805987323e-09
1.00683360663e-09	1.49004841798e-09
1.00798823233e-09	4.61205101887e-09
1.00914285803e-09	6.87427098578e-09
1.01029748372e-09	7.84931852849e-09
1.01145210942e-09	7.37859956468e-09
1.01260673511e-09	5.59179208492e-09
1.01376136081e-09	2.8601075952e-09
1.0149159865e-09	-2.98311063351e-10
1.0160706122e-09	-3.32547273052e-09
1.0172252379e-09	-5.72584690772e-09
1.01837986359e-09	-7.1420317993e-09
1.01953448929e-09	-7.39903727176e-09
1.02068911498e-09	-6.52026743708e-09
1.02184374068e-09	-4.71514699507e-09
1.02299836637e-09	-2.34245561836e-09
1.02415299207e-09	1.52042229501e-10
1.02530761777e-09	2.32035893277e-09
1.02646224346e-09	3.80512998888e-09
1.02761686916e-09	4.42163766712e-09
1.02877149485e-09	4.19934814699e-09
1.02992612055e-09	3.36405869827e-09
1.03108074624e-09	2.26182964025e-09
1.03223537194e-09	1.24317645067e-09
1.03338999764e-09	5.4828615953e-10
1.03454462333e-09	2.35626036044e-10
1.03569924903e-09	1.77286594259e-10
1.03685387472e-09	1.25516409766e-10
1.03800850042e-09	-1.7394452545e-10
1.03916312611e-09	-8.70259329877e-10
1.04031775181e-09	-1.9361475756e-09
1.0414723775e-09	-3.16431833514e-09
1.0426270032e-09	-4.23470630784e-09
1.0437816289e-09	-4.81993905899e-09
1.04493625459e-09	-4.69419703109e-09
1.04609088029e-09	-3.80143799772e-09
1.04724550598e-09	-2.26357280142e-09
1.04840013168e-09	-3.32405544062e-10
1.04955475737e-09	1.69078603895e-09
1.05070938307e-09	3.5274389798e-09
1.05186400877e-09	4.96202556821e-09
1.05301863446e-09	5.8448889062e-09
1.05417326016e-09	6.06821076721e-09
1.05532788585e-09	5.54910456474e-09
1.05648251155e-09	4.23990609288e-09
1.05763713724e-09	2.17083939713e-09
1.05879176294e-09	-4.92219313919e-10
1.05994638864e-09	-3.41190448117e-09
1.06110101433e-09	-6.09796380058e-09
1.06225564003e-09	-7.99485866398e-09
1.06341026572e-09	-8.6239805297e-09
1.06456489142e-09	-7.73578179292e-09
1.06571951711e-09	-5.41596018033e-09
1.06687414281e-09	-2.10192749317e-09
1.06802876851e-09	1.51239948343e-09
1.0691833942e-09	4.65699195873e-09
1.0703380199e-09	6.69514571561e-09
1.07149264559e-09	7.2976753529e-09
1.07264727129e-09	6.51686310471e-09
1.07380189698e-09	4.74060551925e-09
1.07495652268e-09	2.54611945416e-09
1.07611114838e-09	5.04348524749e-10
1.07726577407e-09	-9.89304457799e-10
1.07842039977e-09	-1.80735321154e-09
1.07957502546e-09	-2.07430483901e-09
1.08072965116e-09	-2.06382211321e-09
1.08188427685e-09	-2.05604602788e-09
1.08303890255e-09	-2.21347812301e-09
1.08419352825e-09	-2.52654233646e-09
1.08534815394e-09	-2.84033144227e-09
1.08650277964e-09	-2.9414269076e-09
1.08765740533e-09	-2.66594599174e-09
1.08881203103e-09	-1.97315501438e-09
1.08996665672e-09	-9.60874477207e-10
1.09112128242e-09	1.81285701728e-10
1.09227590811e-09	1.25241646221e-09
1.09343053381e-09	2.11521278271e-09
1.09458515951e-09	2.73009259644e-09
1.0957397852e-09	3.13391820828e-09
1.0968944109e-09	3.3799514576e-09
1.09804903659e-09	3.46992873324e-09
1.09920366229e-09	3.3181753456e-09
1.10035828798e-09	2.77258682679e-09
1.10151291368e-09	1.68736512263e-09
1.10266753938e-09	2.19806187141e-11
1.10382216507e-09	-2.08093356435e-09
1.10497679077e-09	-4.27908591893e-09
1.10613141646e-09	-6.09368516757e-09
1.10728604216e-09	-7.03838404226e-09
1.10844066785e-09	-6.77343836575e-09
1.10959529355e-09	-5.23182319689e-09
1.11074991925e-09	-2.66425201345e-09
1.11190454494e-09	4.09764958076e-10
1.11305917064e-09	3.33720751033e-09
1.11421379633e-09	5.50941325894e-09
1.11536842203e-09	6.52277237778e-09
1.11652304772e-09	6.27491553162e-09
1.11767767342e-09	4.96607527323e-09
1.11883229912e-09	3.01277544579e-09
1.11998692481e-09	9.08649558373e-10
1.12114155051e-09	-9.19636949925e-10
1.1222961762e-09	-2.21154120017e-09
1.1234508019e-09	-2.90508817002e-09
1.12460542759e-09	-3.10005374149e-09
1.12576005329e-09	-2.97888178014e-09
1.12691467899e-09	-2.71989858414e-09
1.12806930468e-09	-2.43440104186e-09
1.12922393038e-09	-2.14878528859e-09
1.13037855607e-09	-1.82479571731e-09
1.13153318177e-09	-1.40555421468e-09
1.13268780746e-09	-8.59412138676e-10
1.13384243316e-09	-2.04321242217e-10
1.13499705886e-09	4.96666492655e-10
1.13615168455e-09	1.16194741329e-09
1.13730631025e-09	1.72397209008e-09
1.13846093594e-09	2.14883796867e-09
1.13961556164e-09	2.43442324632e-09
1.14077018733e-09	2.58737015146e-09
1.14192481303e-09	2.59486582221e-09
1.14307943872e-09	2.4055189507e-09
1.14423406442e-09	1.93878454957e-09
1.14538869012e-09	1.11677010695e-09
1.14654331581e-09	-8.49731717281e-11
1.14769794151e-09	-1.5923384139e-09
1.1488525672e-09	-3.21241086509e-09
1.1500071929e-09	-4.65118127346e-09
1.15116181859e-09	-5.57345719576e-09
1.15231644429e-09	-5.68984592775e-09
1.15347106999e-09	-4.84634971043e-09
1.15462569568e-09	-3.08973013841e-09
1.15578032138e-09	-6.80039261014e-10
1.15693494707e-09	1.95324742491e-09
1.15808957277e-09	4.30711288857e-09
1.15924419846e-09	5.92545246203e-09
1.16039882416e-09	6.50794601542e-09
1.16155344986e-09	5.97904126209e-09
1.16270807555e-09	4.49644166345e-09
1.16386270125e-09	2.39889341724e-09
1.16501732694e-09	1.14577448224e-10
1.16617195264e-09	-1.94574467649e-09
1.16732657833e-09	-3.4775063662e-09
1.16848120403e-09	-4.33233804387e-09
1.16963582973e-09	-4.51917775424e-09
1.17079045542e-09	-4.16474171816e-09
1.17194508112e-09	-3.45138209679e-09
1.17309970681e-09	-2.55649298952e-09
1.17425433251e-09	-1.61123754616e-09
1.1754089582e-09	-6.89774008744e-10
1.1765635839e-09	1.76993688802e-10
1.1777182096e-09	9.75792460722e-10
1.17887283529e-09	1.68683265966e-09
1.18002746099e-09	2.27415261622e-09
1.18118208668e-09	2.69056157909e-09
1.18233671238e-09	2.89226012584e-09
1.18349133807e-09	2.85325260641e-09
1.18464596377e-09	2.57188825792e-09
1.18580058947e-09	2.06630548782e-09
1.18695521516e-09	1.3647327296e-09
1.18810984086e-09	4.95118362975e-10
1.18926446655e-09	-5.13879966357e-10
1.19041909225e-09	-1.62197021092e-09
1.19157371794e-09	-2.75939268657e-09
1.19272834364e-09	-3.81093595569e-09
1.19388296933e-09	-4.61482058123e-09
1.19503759503e-09	-4.9836620386e-09
1.19619222073e-09	-4.74555117425e-09
1.19734684642e-09	-3.80007225687e-09
1.19850147212e-09	-2.16736603664e-09
1.19965609781e-09	-1.56546511865e-11
1.20081072351e-09	2.34779851116e-09
1.2019653492e-09	4.52768339487e-09
1.2031199749e-09	6.12096934249e-09
1.2042746006e-09	6.8092022576e-09
1.20542922629e-09	6.43545050583e-09
1.20658385199e-09	5.04390829104e-09
1.20773847768e-09	2.87144463762e-09
1.20889310338e-09	2.93298385579e-10
1.21004772907e-09	-2.259613191e-09
1.21120235477e-09	-4.38815567216e-09
1.21235698047e-09	-5.79844505744e-09
1.21351160616e-09	-6.34211388961e-09
1.21466623186e-09	-6.02343813716e-09
1.21582085755e-09	-4.97566599034e-09
1.21697548325e-09	-3.41862416153e-09
1.21813010894e-09	-1.60907605296e-09
1.21928473464e-09	2.03585325681e-10
1.22043936034e-09	1.81038033176e-09
1.22159398603e-09	3.06202044276e-09
1.22274861173e-09	3.87374843314e-09
1.22390323742e-09	4.22125678856e-09
1.22505786312e-09	4.1301356779e-09
1.22621248881e-09	3.66277036479e-09
1.22736711451e-09	2.90525317692e-09
1.22852174021e-09	1.9525159406e-09
1.2296763659e-09	8.96563316644e-10
1.2308309916e-09	-1.84233867745e-10
1.23198561729e-09	-1.22823505533e-09
1.23314024299e-09	-2.18741227909e-09
1.23429486868e-09	-3.01912450595e-09
1.23544949438e-09	-3.67307168014e-09
1.23660412008e-09	-4.08590344891e-09
1.23775874577e-09	-4.1828131514e-09
1.23891337147e-09	-3.89103610443e-09
1.24006799716e-09	-3.16343123918e-09
1.24122262286e-09	-2.00341063183e-09
1.24237724855e-09	-4.84758490293e-10
1.24353187425e-09	1.24340922281e-09
1.24468649994e-09	2.96815602652e-09
1.24584112564e-09	4.44133890776e-09
1.24699575134e-09	5.42031963757e-09
1.24815037703e-09	5.71291397522e-09
1.24930500273e-09	5.21900489492e-09
1.25045962842e-09	3.95790922258e-09
1.25161425412e-09	2.07587350087e-09
1.25276887981e-09	-1.69486962659e-10
1.25392350551e-09	-2.44920683734e-09
1.25507813121e-09	-4.41775188653e-09
1.2562327569e-09	-5.77457226481e-09
1.2573873826e-09	-6.31701652098e-09
1.25854200829e-09	-5.97639437938e-09
1.25969663399e-09	-4.82752643416e-09
1.26085125968e-09	-3.07202513428e-09
1.26200588538e-09	-1.0006078327e-09
1.26316051108e-09	1.06155896573e-09
1.26431513677e-09	2.81212994557e-09
1.26546976247e-09	4.02286326473e-09
1.26662438816e-09	4.57353060979e-09
1.26777901386e-09	4.46199305282e-09
1.26893363955e-09	3.79045261845e-09
1.27008826525e-09	2.73132044759e-09
1.27124289095e-09	1.48491935414e-09
1.27239751664e-09	2.38653260348e-10
1.27355214234e-09	-8.63318833089e-10
1.27470676803e-09	-1.73355546584e-09
1.27586139373e-09	-2.34077565664e-09
1.27701601942e-09	-2.69569103151e-09
1.27817064512e-09	-2.83202566953e-09
1.27932527082e-09	-2.78727241287e-09
1.28047989651e-09	-2.5882509469e-09
1.28163452221e-09	-2.24646826141e-09
1.2827891479e-09	-1.76169084876e-09
1.2839437736e-09	-1.13288338432e-09
1.28509839929e-09	-3.71903261659e-10
1.28625302499e-09	4.86210835482e-10
1.28740765069e-09	1.37812193601e-09
1.28856227638e-09	2.21415599744e-09
1.28971690208e-09	2.88676574312e-09
1.29087152777e-09	3.28563931618e-09
1.29202615347e-09	3.31623334349e-09
1.29318077916e-09	2.92047025452e-09
1.29433540486e-09	2.09639544613e-09
1.29549003055e-09	9.09628795898e-10
1.29664465625e-09	-5.05757241642e-10
1.29779928195e-09	-1.96069349645e-09
1.29895390764e-09	-3.23853815987e-09
1.30010853334e-09	-4.13103395935e-09
1.30126315903e-09	-4.47794146208e-09
1.30241778473e-09	-4.20027224113e-09
1.30357241042e-09	-3.32126467995e-09
1.30472703612e-09	-1.96848279344e-09
1.30588166182e-09	-3.54774012251e-10
1.30703628751e-09	1.25907002879e-09
1.30819091321e-09	2.61416077674e-09
1.3093455389e-09	3.50211301625e-09
1.3105001646e-09	3.80374090558e-09
1.31165479029e-09	3.50738887933e-09
1.31280941599e-09	2.70397984559e-09
1.31396404169e-09	1.56321684763e-09
1.31511866738e-09	2.95882339463e-10
1.31627329308e-09	-8.88022266832e-10
1.31742791877e-09	-1.81736409255e-09
1.31858254447e-09	-2.38740394121e-09
1.31973717016e-09	-2.57070748022e-09
1.32089179586e-09	-2.41181558058e-09
1.32204642156e-09	-2.00652383597e-09
1.32320104725e-09	-1.47260892369e-09
1.32435567295e-09	-9.20066800525e-10
1.32551029864e-09	-4.29382199935e-10
1.32666492434e-09	-4.1197947831e-11
1.32781955003e-09	2.42189025779e-10
1.32897417573e-09	4.45512602504e-10
1.33012880143e-09	6.05535468989e-10
1.33128342712e-09	7.55258022789e-10
1.33243805282e-09	9.10929068287e-10
1.33359267851e-09	1.06439324021e-09
1.33474730421e-09	1.18256404669e-09
1.3359019299e-09	1.21511659068e-09
1.3370565556e-09	1.10931278052e-09
1.3382111813e-09	8.27208447574e-10
1.33936580699e-09	3.62370720236e-10
1.34052043269e-09	-2.51050659428e-10
1.34167505838e-09	-9.38279794138e-10
1.34282968408e-09	-1.59467092309e-09
1.34398430977e-09	-2.10411849055e-09
1.34513893547e-09	-2.36156613709e-09
1.34629356116e-09	-2.29655458539e-09
1.34744818686e-09	-1.89138182893e-09
1.34860281256e-09	-1.19030550694e-09
1.34975743825e-09	-2.97107265873e-10
1.35091206395e-09	6.4126126631e-10
1.35206668964e-09	1.4622744543e-09
1.35322131534e-09	2.01960681512e-09
1.35437594103e-09	2.21342888462e-09
1.35553056673e-09	2.0113971877e-09
1.35668519243e-09	1.45541351193e-09
1.35783981812e-09	6.53003151552e-10
1.35899444382e-09	-2.44166898505e-10
1.36014906951e-09	-1.07049266673e-09
1.36130369521e-09	-1.67927026451e-09
1.3624583209e-09	-1.97134689128e-09
1.3636129466e-09	-1.9139075047e-09
1.3647675723e-09	-1.54520087003e-09
1.36592219799e-09	-9.63507794383e-10
1.36707682369e-09	-3.03399291801e-10
1.36823144938e-09	2.95319671495e-10
1.36938607508e-09	7.18431536484e-10
1.37054070077e-09	9.01076081805e-10
1.37169532647e-09	8.37672237131e-10
1.37284995217e-09	5.78778823479e-10
1.37400457786e-09	2.13947297378e-10
1.37515920356e-09	-1.53154553276e-10
1.37631382925e-09	-4.30879588953e-10
1.37746845495e-09	-5.61171414892e-10
1.37862308064e-09	-5.31234820023e-10
1.37977770634e-09	-3.72221028305e-10
1.38093233204e-09	-1.47551767679e-10
1.38208695773e-09	6.68609655488e-11
1.38324158343e-09	2.03199190113e-10
1.38439620912e-09	2.19229755877e-10
1.38555083482e-09	1.07725993057e-10
1.38670546051e-09	-1.03289782977e-10
1.38786008621e-09	-3.58496274333e-10
1.38901471191e-09	-5.89504972615e-10
1.3901693376e-09	-7.31341875948e-10
1.3913239633e-09	-7.38166389125e-10
1.39247858899e-09	-5.9418853865e-10
1.39363321469e-09	-3.18598945837e-10
1.39478784038e-09	3.70097255793e-11
1.39594246608e-09	3.97940753266e-10
1.39709709177e-09	6.81241327238e-10
1.39825171747e-09	8.13088457674e-10
1.39940634317e-09	7.4684994994e-10
1.40056096886e-09	4.75920511334e-10
1.40171559456e-09	4.00809203535e-11
1.40287022025e-09	-4.79204481652e-10
1.40402484595e-09	-9.73621558376e-10
1.40517947164e-09	-1.33157945781e-09
1.40633409734e-09	-1.46407466706e-09
1.40748872304e-09	-1.3270673449e-09
