% time-domain voltage integration by openEMS v0.37.0-rc1-2-g7b051bb @Tue Jul 14 02:48:31 2026
% start-coordinates: (0.00141727,0.00269374,-0.000635) m -> [54,73,15]
% stop-coordinates: (0.00181464,0.00269374,-0.000635) m -> [60,73,15]
% t/s	voltage
0	0
1.05474700932e-12	0
2.10949401864e-12	0
3.16424102796e-12	0
4.21898803729e-12	0
5.27373504661e-12	0
6.32848205593e-12	0
7.38322906525e-12	0
8.43797607457e-12	0
9.49272308389e-12	-5.27954865912e-30
1.05474700932e-11	-5.7904120529e-25
1.16022171025e-11	-2.02462349999e-21
1.26569641119e-11	-1.04869399874e-18
1.37117111212e-11	-1.45441555757e-16
1.47664581305e-11	-7.4391437275e-15
1.58212051398e-11	-1.71663898374e-13
1.68759521491e-11	-2.05083920766e-12
1.79306991585e-11	-1.39821355449e-11
1.89854461678e-11	-5.83829399756e-11
2.00401931771e-11	-1.58112056434e-10
2.10949401864e-11	-2.94025494924e-10
2.21496871958e-11	-3.81326008964e-10
2.32044342051e-11	-1.96430113494e-10
2.42591812144e-11	8.30485263892e-10
2.53139282237e-11	3.59725030319e-09
2.6368675233e-11	9.07916530846e-09
2.74234222424e-11	1.8297083626e-08
2.84781692517e-11	3.19414685812e-08
2.9532916261e-11	4.93703455895e-08
3.05876632703e-11	6.7296329842e-08
3.16424102796e-11	7.8317322405e-08
3.2697157289e-11	7.01346016818e-08
3.37519042983e-11	2.61006605218e-08
3.48066513076e-11	-7.20225941109e-08
3.58613983169e-11	-2.38544846098e-07
3.69161453263e-11	-4.76208601441e-07
3.79708923356e-11	-7.68108748161e-07
3.90256393449e-11	-1.07267558036e-06
4.00803863542e-11	-1.32381552476e-06
4.11351333635e-11	-1.43987753631e-06
4.21898803729e-11	-1.34282070974e-06
4.32446273822e-11	-9.80333872747e-07
4.42993743915e-11	-3.4723758624e-07
4.53541214008e-11	5.02555593584e-07
4.64088684101e-11	1.46042656013e-06
4.74636154195e-11	2.38344220804e-06
4.85183624288e-11	3.1266736471e-06
4.95731094381e-11	3.57739079959e-06
5.06278564474e-11	3.68032632991e-06
5.16826034568e-11	3.4440479908e-06
5.27373504661e-11	2.92994674567e-06
5.37920974754e-11	2.22971775088e-06
5.48468444847e-11	1.43965623067e-06
5.5901591494e-11	6.43610640338e-07
5.69563385034e-11	-9.37393167533e-08
5.80110855127e-11	-7.25588350292e-07
5.9065832522e-11	-1.21946521858e-06
6.01205795313e-11	-1.55824769621e-06
6.11753265406e-11	-1.74622751103e-06
6.223007355e-11	-1.81515432018e-06
6.32848205593e-11	-1.82315638142e-06
6.43395675686e-11	-1.83994086456e-06
6.53943145779e-11	-1.92122655562e-06
6.64490615873e-11	-2.08023655546e-06
6.75038085966e-11	-2.26841815731e-06
6.85585556059e-11	-2.37984042428e-06
6.96133026152e-11	-2.27947151643e-06
7.06680496245e-11	-1.85093749394e-06
7.17227966339e-11	-1.04726935035e-06
7.27775436432e-11	7.50657083159e-08
7.38322906525e-11	1.35161489112e-06
7.48870376618e-11	2.5422672536e-06
7.59417846711e-11	3.39182301445e-06
7.69965316805e-11	3.70182922893e-06
7.80512786898e-11	3.39117545423e-06
7.91060256991e-11	2.52630502473e-06
8.01607727084e-11	1.30866277459e-06
8.12155197178e-11	2.1371917569e-08
8.22702667271e-11	-1.04867390149e-06
8.33250137364e-11	-1.69025686603e-06
8.43797607457e-11	-1.82385890923e-06
8.5434507755e-11	-1.51533953385e-06
8.64892547644e-11	-9.4407935336e-07
8.75440017737e-11	-3.37431012909e-07
8.8598748783e-11	1.0540627482e-07
8.96534957923e-11	2.73752903013e-07
9.07082428016e-11	1.70974713498e-07
9.1762989811e-11	-1.00619548249e-07
9.28177368203e-11	-3.86703295163e-07
9.38724838296e-11	-5.40553500628e-07
9.49272308389e-11	-4.73680298541e-07
9.59819778483e-11	-1.81282969081e-07
9.70367248576e-11	2.61981776717e-07
9.80914718669e-11	7.31102275608e-07
9.91462188762e-11	1.09325799258e-06
1.00200965886e-10	1.24685544733e-06
1.01255712895e-10	1.14731882661e-06
1.02310459904e-10	8.16047638352e-07
1.03365206914e-10	3.29420357659e-07
1.04419953923e-10	-2.04153906225e-07
1.05474700932e-10	-6.73053961009e-07
1.06529447941e-10	-9.90172310367e-07
1.07584194951e-10	-1.11220213483e-06
1.0863894196e-10	-1.04526973388e-06
1.09693688969e-10	-8.37114306762e-07
1.10748435979e-10	-5.59342879569e-07
1.11803182988e-10	-2.83537898937e-07
1.12857929997e-10	-6.12500810071e-08
1.13912677007e-10	8.69912444301e-08
1.14967424016e-10	1.71260523985e-07
1.16022171025e-10	2.19708775617e-07
1.17076918035e-10	2.6252828178e-07
1.18131665044e-10	3.17408066053e-07
1.19186412053e-10	3.82961900414e-07
1.20241159063e-10	4.42028390779e-07
1.21295906072e-10	4.71656349532e-07
1.22350653081e-10	4.55243938546e-07
1.23405400091e-10	3.91545807332e-07
1.244601471e-10	2.94252581412e-07
1.25514894109e-10	1.86866216723e-07
1.26569641119e-10	9.21905654039e-08
1.27624388128e-10	2.33767418756e-08
1.28679135137e-10	-1.97990961404e-08
1.29733882147e-10	-4.90411575793e-08
1.30788629156e-10	-7.9475042547e-08
1.31843376165e-10	-1.21420254295e-07
1.32898123175e-10	-1.74452464918e-07
1.33952870184e-10	-2.27007959097e-07
1.35007617193e-10	-2.61345190822e-07
1.36062364202e-10	-2.62074108193e-07
1.37117111212e-10	-2.24590017694e-07
1.38171858221e-10	-1.58803141304e-07
1.3922660523e-10	-8.76563985841e-08
1.4028135224e-10	-3.99975454979e-08
1.41336099249e-10	-3.98259378948e-08
1.42390846258e-10	-9.65912164141e-08
1.43445593268e-10	-2.00015855434e-07
1.44500340277e-10	-3.20911150098e-07
1.45555087286e-10	-4.19535037821e-07
1.46609834296e-10	-4.57751941241e-07
1.47664581305e-10	-4.11770120223e-07
1.48719328314e-10	-2.80884751902e-07
1.49774075324e-10	-8.88118067977e-08
1.50828822333e-10	1.22642208389e-07
1.51883569342e-10	3.06145121698e-07
1.52938316352e-10	4.22842941106e-07
1.53993063361e-10	4.53953692414e-07
1.5504781037e-10	4.0555664782e-07
1.5610255738e-10	3.05775863296e-07
1.57157304389e-10	1.9505144877e-07
1.58212051398e-10	1.1317906079e-07
1.59266798408e-10	8.68026175382e-08
1.60321545417e-10	1.21532973907e-07
1.61376292426e-10	2.01189291005e-07
1.62431039436e-10	2.92705529148e-07
1.63485786445e-10	3.57064191547e-07
1.64540533454e-10	3.61374485891e-07
1.65595280463e-10	2.89543475418e-07
1.66650027473e-10	1.48052876625e-07
1.67704774482e-10	-3.47835076298e-08
1.68759521491e-10	-2.16420131594e-07
1.69814268501e-10	-3.52022929917e-07
1.7086901551e-10	-4.07663353741e-07
1.71923762519e-10	-3.70853950216e-07
1.72978509529e-10	-2.53980589449e-07
1.74033256538e-10	-9.10203246107e-08
1.75088003547e-10	7.29918285813e-08
1.76142750557e-10	1.95584716423e-07
1.77197497566e-10	2.48978146544e-07
1.78252244575e-10	2.27398203378e-07
1.79306991585e-10	1.46366373244e-07
1.80361738594e-10	3.54306751715e-08
1.81416485603e-10	-7.28377456127e-08
1.82471232613e-10	-1.53474720932e-07
1.83525979622e-10	-1.95322922281e-07
1.84580726631e-10	-2.01123350863e-07
1.85635473641e-10	-1.82124217929e-07
1.8669022065e-10	-1.50311159963e-07
1.87744967659e-10	-1.12178644596e-07
1.88799714669e-10	-6.62803134599e-08
1.89854461678e-10	-5.98505345284e-09
1.90909208687e-10	7.44180099765e-08
1.91963955697e-10	1.73222603372e-07
1.93018702706e-10	2.77282822481e-07
1.94073449715e-10	3.63538052994e-07
1.95128196724e-10	4.05102706935e-07
1.96182943734e-10	3.8041741135e-07
1.97237690743e-10	2.82299660981e-07
1.98292437752e-10	1.23008176978e-07
1.99347184762e-10	-6.68045792018e-08
2.00401931771e-10	-2.45336744698e-07
2.0145667878e-10	-3.71604908622e-07
2.0251142579e-10	-4.17827099142e-07
2.03566172799e-10	-3.78919892796e-07
2.04620919808e-10	-2.75192364896e-07
2.05675666818e-10	-1.472529636e-07
2.06730413827e-10	-4.44300221059e-08
2.07785160836e-10	-9.50592954352e-09
2.08839907846e-10	-6.50746680986e-08
2.09894654855e-10	-2.05293098077e-07
2.10949401864e-10	-3.95895414229e-07
2.12004148874e-10	-5.83082382377e-07
2.13058895883e-10	-7.07916147036e-07
2.14113642892e-10	-7.2276207419e-07
2.15168389902e-10	-6.04339867039e-07
2.16223136911e-10	-3.60052176518e-07
2.1727788392e-10	-2.57523602443e-08
2.1833263093e-10	3.43534496849e-07
2.19387377939e-10	6.87253820075e-07
2.20442124948e-10	9.52996323633e-07
2.21496871958e-10	1.1066994432e-06
2.22551618967e-10	1.13750324005e-06
2.23606365976e-10	1.05659989913e-06
2.24661112985e-10	8.91650444146e-07
2.25715859995e-10	6.79102726053e-07
2.26770607004e-10	4.56102760893e-07
2.27825354013e-10	2.54226359075e-07
2.28880101023e-10	9.54506580442e-08
2.29934848032e-10	-9.57411006031e-09
2.30989595041e-10	-6.11660779803e-08
2.32044342051e-10	-6.89589496616e-08
2.3309908906e-10	-4.94267504703e-08
2.34153836069e-10	-2.26210075116e-08
2.35208583079e-10	-8.7959300607e-09
2.36263330088e-10	-2.48060965102e-08
2.37318077097e-10	-8.05939857074e-08
2.38372824107e-10	-1.7684591036e-07
2.39427571116e-10	-3.03702353932e-07
2.40482318125e-10	-4.4168847424e-07
2.41537065135e-10	-5.64779291778e-07
2.42591812144e-10	-6.45238962704e-07
2.43646559153e-10	-6.59725092333e-07
2.44701306163e-10	-5.94883367455e-07
2.45756053172e-10	-4.51422859982e-07
2.46810800181e-10	-2.45191515091e-07
2.47865547191e-10	-5.10168440826e-09
2.489202942e-10	2.322976691e-07
2.49975041209e-10	4.30101582793e-07
2.51029788219e-10	5.58677573537e-07
2.52084535228e-10	6.02148396922e-07
2.53139282237e-10	5.61549011735e-07
2.54194029246e-10	4.54445505227e-07
2.55248776256e-10	3.10441432561e-07
2.56303523265e-10	1.64050972806e-07
2.57358270274e-10	4.66647477326e-08
2.58413017284e-10	-2.03500901685e-08
2.59467764293e-10	-2.99346933907e-08
2.60522511302e-10	1.06939204159e-08
2.61577258312e-10	8.30198434443e-08
2.62632005321e-10	1.62980843044e-07
2.6368675233e-10	2.27357192628e-07
2.6474149934e-10	2.58780957552e-07
2.65796246349e-10	2.48876627751e-07
2.66850993358e-10	1.98411463259e-07
2.67905740368e-10	1.15363961051e-07
2.68960487377e-10	1.19330542669e-08
2.70015234386e-10	-9.86109336409e-08
2.71069981396e-10	-2.04147934113e-07
2.72124728405e-10	-2.94621624874e-07
2.73179475414e-10	-3.62009986432e-07
2.74234222424e-10	-3.99954586783e-07
2.75288969433e-10	-4.03435482355e-07
2.76343716442e-10	-3.69571157677e-07
2.77398463452e-10	-2.98719285752e-07
2.78453210461e-10	-1.96126176633e-07
2.7950795747e-10	-7.2795259598e-08
2.8056270448e-10	5.49312551001e-08
2.81617451489e-10	1.67701447396e-07
2.82672198498e-10	2.46735705645e-07
2.83726945507e-10	2.78355965833e-07
2.84781692517e-10	2.57794487979e-07
2.85836439526e-10	1.90955065094e-07
2.86891186535e-10	9.38728534905e-08
2.87945933545e-10	-1.10171205492e-08
2.89000680554e-10	-1.00118858093e-07
2.90055427563e-10	-1.54562250998e-07
2.91110174573e-10	-1.64846788664e-07
2.92164921582e-10	-1.32988368762e-07
2.93219668591e-10	-7.14203145513e-08
2.94274415601e-10	6.91044999002e-10
2.9532916261e-10	6.30079979302e-08
2.96383909619e-10	9.9787177632e-08
2.97438656629e-10	1.03695687592e-07
2.98493403638e-10	7.77012147957e-08
2.99548150647e-10	3.31581515578e-08
3.00602897657e-10	-1.38162647989e-08
3.01657644666e-10	-4.7604516773e-08
3.02712391675e-10	-5.79251846489e-08
3.03767138685e-10	-4.26893276284e-08
3.04821885694e-10	-8.42513359078e-09
3.05876632703e-10	3.20529709441e-08
3.06931379713e-10	6.36850803204e-08
3.07986126722e-10	7.41141601424e-08
3.09040873731e-10	5.71172069641e-08
3.10095620741e-10	1.48022498703e-08
3.1115036775e-10	-4.31909059628e-08
3.12205114759e-10	-1.02376531252e-07
3.13259861768e-10	-1.4725905384e-07
3.14314608778e-10	-1.65649755246e-07
3.15369355787e-10	-1.51646794677e-07
3.16424102796e-10	-1.06938493616e-07
3.17478849806e-10	-4.02701121338e-08
3.18533596815e-10	3.49832633972e-08
3.19588343824e-10	1.04232818821e-07
3.20643090834e-10	1.54852607182e-07
3.21697837843e-10	1.78936735651e-07
3.22752584852e-10	1.74194622282e-07
3.23807331862e-10	1.43617857162e-07
3.24862078871e-10	9.38660988936e-08
3.2591682588e-10	3.31009522014e-08
3.2697157289e-10	-3.09017722522e-08
3.28026319899e-10	-9.18716365206e-08
3.29081066908e-10	-1.45137279972e-07
3.30135813918e-10	-1.87375384542e-07
3.31190560927e-10	-2.15456962493e-07
3.32245307936e-10	-2.26519489388e-07
3.33300054946e-10	-2.17924503332e-07
3.34354801955e-10	-1.8832954396e-07
3.35409548964e-10	-1.3897739759e-07
3.36464295974e-10	-7.44186090529e-08
3.37519042983e-10	-2.84303569575e-09
3.38573789992e-10	6.50752145503e-08
3.39628537002e-10	1.17984702008e-07
3.40683284011e-10	1.46545239055e-07
3.4173803102e-10	1.45334841939e-07
3.42792778029e-10	1.14676240948e-07
3.43847525039e-10	6.0570021887e-08
3.44902272048e-10	-6.40742120472e-09
3.45957019057e-10	-7.32054870056e-08
3.47011766067e-10	-1.27339286671e-07
3.48066513076e-10	-1.59223481511e-07
3.49121260085e-10	-1.64306960038e-07
3.50176007095e-10	-1.435697774e-07
3.51230754104e-10	-1.03097194781e-07
3.52285501113e-10	-5.21882166371e-08
3.53340248123e-10	-1.35873379215e-09
3.54394995132e-10	4.01264417249e-08
3.55449742141e-10	6.58882797211e-08
3.56504489151e-10	7.32288025773e-08
3.5755923616e-10	6.32411758517e-08
3.58613983169e-10	3.98652528766e-08
3.59668730179e-10	8.96662116778e-09
3.60723477188e-10	-2.30192345185e-08
3.61778224197e-10	-5.00755614752e-08
3.62832971207e-10	-6.75551459217e-08
3.63887718216e-10	-7.27146591828e-08
3.64942465225e-10	-6.5257642401e-08
3.65997212235e-10	-4.73508057208e-08
3.67051959244e-10	-2.32858857752e-08
3.68106706253e-10	1.16437340325e-09
3.69161453263e-10	2.00621279589e-08
3.70216200272e-10	2.84863062028e-08
3.71270947281e-10	2.38392090512e-08
3.7232569429e-10	6.55005488737e-09
3.733804413e-10	-1.98825369502e-08
3.74435188309e-10	-4.9562002058e-08
3.75489935318e-10	-7.54393125746e-08
3.76544682328e-10	-9.10335620219e-08
3.77599429337e-10	-9.19132991939e-08
3.78654176346e-10	-7.68993784206e-08
3.79708923356e-10	-4.85458659938e-08
3.80763670365e-10	-1.26885759677e-08
3.81818417374e-10	2.2693106283e-08
3.82873164384e-10	4.93426481896e-08
3.83927911393e-10	6.05894374672e-08
3.84982658402e-10	5.30851660407e-08
3.86037405412e-10	2.74788480858e-08
3.87092152421e-10	-1.1427199631e-08
3.8814689943e-10	-5.59654416143e-08
3.8920164644e-10	-9.71661675564e-08
3.90256393449e-10	-1.26688092905e-07
3.91311140458e-10	-1.38629822288e-07
3.92365887468e-10	-1.30462302295e-07
3.93420634477e-10	-1.03621178305e-07
3.94475381486e-10	-6.29009981878e-08
3.95530128496e-10	-1.56745321167e-08
3.96584875505e-10	2.96515356712e-08
3.97639622514e-10	6.49766240812e-08
3.98694369524e-10	8.40741116725e-08
3.99749116533e-10	8.35877846939e-08
4.00803863542e-10	6.35921071357e-08
4.01858610551e-10	2.77095433265e-08
4.02913357561e-10	-1.77463848061e-08
4.0396810457e-10	-6.46659472636e-08
4.05022851579e-10	-1.04811250345e-07
4.06077598589e-10	-1.31049451291e-07
4.07132345598e-10	-1.38761940605e-07
4.08187092607e-10	-1.26512845533e-07
4.09241839617e-10	-9.64840447537e-08
4.10296586626e-10	-5.41022786571e-08
4.11351333635e-10	-7.17467751876e-09
4.12406080645e-10	3.53821074661e-08
4.13460827654e-10	6.53732046274e-08
4.14515574663e-10	7.68459869072e-08
4.15570321673e-10	6.75856779431e-08
4.16625068682e-10	3.95531638553e-08
4.17679815691e-10	-1.28748228745e-09
4.18734562701e-10	-4.63865350575e-08
4.1978930971e-10	-8.63801763451e-08
4.20844056719e-10	-1.13274132296e-07
4.21898803729e-10	-1.22115149992e-07
4.22953550738e-10	-1.11914988388e-07
4.24008297747e-10	-8.57519153463e-08
4.25063044757e-10	-4.97060717031e-08
4.26117791766e-10	-1.15210481155e-08
4.27172538775e-10	2.13297064455e-08
4.28227285785e-10	4.29983377792e-08
4.29282032794e-10	5.04733801421e-08
4.30336779803e-10	4.38262999225e-08
4.31391526812e-10	2.5945148252e-08
4.32446273822e-10	1.63985383606e-09
4.33501020831e-10	-2.36051271862e-08
4.3455576784e-10	-4.4730909643e-08
4.3561051485e-10	-5.81999484162e-08
4.36665261859e-10	-6.23332043759e-08
4.37720008868e-10	-5.75227132593e-08
4.38774755878e-10	-4.56688689088e-08
4.39829502887e-10	-2.98050792935e-08
4.40884249896e-10	-1.32716642121e-08
4.41938996906e-10	7.3506156717e-10
4.42993743915e-10	9.648221444e-09
4.44048490924e-10	1.19091465578e-08
4.45103237934e-10	7.07669700617e-09
4.46157984943e-10	-3.87569648597e-09
4.47212731952e-10	-1.88690296721e-08
4.48267478962e-10	-3.47596904593e-08
4.49322225971e-10	-4.81363819915e-08
4.5037697298e-10	-5.58169377385e-08
4.5143171999e-10	-5.57427388692e-08
4.52486466999e-10	-4.74845349707e-08
4.53541214008e-10	-3.24260249762e-08
4.54595961018e-10	-1.36797065897e-08
4.55650708027e-10	4.69268340852e-09
4.56705455036e-10	1.83779989005e-08
4.57760202046e-10	2.39723072504e-08
4.58814949055e-10	1.9589275202e-08
4.59869696064e-10	5.56056983791e-09
4.60924443073e-10	-1.57281419e-08
4.61979190083e-10	-4.00882724794e-08
4.63033937092e-10	-6.24956975059e-08
4.64088684101e-10	-7.81125915061e-08
4.65143431111e-10	-8.32994424549e-08
4.6619817812e-10	-7.65857404161e-08
4.67252925129e-10	-5.88717234962e-08
4.68307672139e-10	-3.34668579516e-08
4.69362419148e-10	-5.21507670381e-09
4.70417166157e-10	2.03448318192e-08
4.71471913167e-10	3.83028930795e-08
4.72526660176e-10	4.52226887049e-08
4.73581407185e-10	3.98908472921e-08
4.74636154195e-10	2.34748698258e-08
4.75690901204e-10	-8.18232398503e-10
4.76745648213e-10	-2.82802503637e-08
4.77800395223e-10	-5.37462292449e-08
4.78855142232e-10	-7.24179769485e-08
4.79909889241e-10	-8.08838414024e-08
4.80964636251e-10	-7.75905659722e-08
4.8201938326e-10	-6.32959151758e-08
4.83074130269e-10	-4.07541054237e-08
4.84128877279e-10	-1.42957679028e-08
4.85183624288e-10	1.10606608872e-08
4.86238371297e-10	3.06439558173e-08
4.87293118307e-10	4.08862319556e-08
4.88347865316e-10	4.01654514093e-08
4.89402612325e-10	2.88966606199e-08
4.90457359334e-10	9.55641010769e-09
4.91512106344e-10	-1.39695617296e-08
4.92566853353e-10	-3.69981110193e-08
4.93621600362e-10	-5.50981082981e-08
4.94676347372e-10	-6.48104969692e-08
4.95731094381e-10	-6.43889621621e-08
4.9678584139e-10	-5.41885940564e-08
4.978405884e-10	-3.64568404354e-08
4.98895335409e-10	-1.50647879726e-08
4.99950082418e-10	5.54524104412e-09
5.01004829428e-10	2.11608586209e-08
5.02059576437e-10	2.88787771474e-08
5.03114323446e-10	2.7578230144e-08
5.04169070456e-10	1.82388981695e-08
5.05223817465e-10	3.49630532859e-09
5.06278564474e-10	-1.30153824385e-08
5.07333311484e-10	-2.75189939725e-08
5.08388058493e-10	-3.70878057154e-08
5.09442805502e-10	-4.0047913652e-08
5.10497552512e-10	-3.64299930222e-08
5.11552299521e-10	-2.76365135221e-08
5.1260704653e-10	-1.61256138442e-08
5.1366179354e-10	-4.66292826573e-09
5.14716540549e-10	4.21072271495e-09
5.15771287558e-10	8.81624562243e-09
5.16826034568e-10	8.54535164851e-09
5.17880781577e-10	3.91498225505e-09
5.18935528586e-10	-3.59438112607e-09
5.19990275595e-10	-1.20900115474e-08
5.21045022605e-10	-1.95522082969e-08
5.22099769614e-10	-2.44437450281e-08
5.23154516623e-10	-2.58441961165e-08
5.24209263633e-10	-2.36660164799e-08
5.25264010642e-10	-1.84752906307e-08
5.26318757651e-10	-1.1424437063e-08
5.27373504661e-10	-3.9128765783e-09
5.2842825167e-10	2.62100094406e-09
5.29482998679e-10	6.87068574257e-09
5.30537745689e-10	8.01320221289e-09
5.31592492698e-10	5.6643452151e-09
5.32647239707e-10	1.92746110739e-10
5.33701986717e-10	-7.45544792569e-09
5.34756733726e-10	-1.57778442533e-08
5.35811480735e-10	-2.30527325007e-08
5.36866227745e-10	-2.76462583937e-08
5.37920974754e-10	-2.84334475964e-08
5.38975721763e-10	-2.50545957314e-08
5.40030468773e-10	-1.80054404719e-08
5.41085215782e-10	-8.66507682273e-09
5.42139962791e-10	1.16200779554e-09
5.43194709801e-10	9.43668976294e-09
5.4424945681e-10	1.45022582831e-08
5.45304203819e-10	1.53331484176e-08
5.46358950829e-10	1.18252021508e-08
5.47413697838e-10	4.78017397887e-09
5.48468444847e-10	-4.23254586934e-09
5.49523191856e-10	-1.32790386465e-08
5.50577938866e-10	-2.04923050751e-08
5.51632685875e-10	-2.44396267668e-08
5.52687432884e-10	-2.45708722257e-08
5.53742179894e-10	-2.10996782268e-08
5.54796926903e-10	-1.50974958091e-08
5.55851673912e-10	-8.00143507007e-09
5.56906420922e-10	-1.34257420459e-09
5.57961167931e-10	3.67411540081e-09
5.5901591494e-10	6.36674710175e-09
5.6007066195e-10	6.66707650199e-09
5.61125408959e-10	5.02300084859e-09
5.62180155968e-10	2.13528025816e-09
5.63234902978e-10	-1.12745827605e-09
5.64289649987e-10	-4.15990428215e-09
5.65344396996e-10	-6.47878001248e-09
5.66399144006e-10	-7.96495619459e-09
5.67453891015e-10	-8.6734646132e-09
5.68508638024e-10	-8.79111194951e-09
5.69563385034e-10	-8.52320547473e-09
5.70618132043e-10	-8.02937216715e-09
5.71672879052e-10	-7.39246325265e-09
5.72727626062e-10	-6.62482191327e-09
5.73782373071e-10	-5.81433312608e-09
5.7483712008e-10	-4.98444135966e-09
5.7589186709e-10	-4.33482849616e-09
5.76946614099e-10	-3.97101268534e-09
5.78001361108e-10	-3.9845753667e-09
5.79056108117e-10	-4.31665255624e-09
5.80110855127e-10	-4.75704578506e-09
5.81165602136e-10	-5.00521507574e-09
5.82220349145e-10	-4.79223671856e-09
5.83275096155e-10	-4.04575817292e-09
5.84329843164e-10	-2.90407274617e-09
5.85384590173e-10	-1.87315808003e-09
5.86439337183e-10	-1.49005419114e-09
5.87494084192e-10	-2.33081644263e-09
5.88548831201e-10	-4.62497326548e-09
5.89603578211e-10	-8.16313738827e-09
5.9065832522e-10	-1.22671580671e-08
5.91713072229e-10	-1.58876805045e-08
5.92767819239e-10	-1.79245750465e-08
5.93822566248e-10	-1.75062698782e-08
5.94877313257e-10	-1.4370523882e-08
5.95932060267e-10	-8.88520135245e-09
5.96986807276e-10	-2.21025403535e-09
5.98041554285e-10	4.14254543168e-09
5.99096301295e-10	8.51657167011e-09
6.00151048304e-10	9.64197915954e-09
6.01205795313e-10	6.98766672302e-09
6.02260542323e-10	9.25513582439e-10
6.03315289332e-10	-7.25004417612e-09
6.04370036341e-10	-1.5668231157e-08
6.05424783351e-10	-2.22681747486e-08
6.0647953036e-10	-2.54380141396e-08
6.07534277369e-10	-2.42897701952e-08
6.08589024378e-10	-1.90896121133e-08
6.09643771388e-10	-1.10186285651e-08
6.10698518397e-10	-2.00900404645e-09
6.11753265406e-10	5.81166531566e-09
6.12808012416e-10	1.06455764204e-08
6.13862759425e-10	1.14075634494e-08
6.14917506434e-10	8.0271487235e-09
6.15972253444e-10	1.34209877933e-09
6.17027000453e-10	-7.02417402021e-09
6.18081747462e-10	-1.52077117566e-08
6.19136494472e-10	-2.13385493719e-08
6.20191241481e-10	-2.41501065812e-08
6.2124598849e-10	-2.30515221356e-08
6.223007355e-10	-1.83405087784e-08
6.23355482509e-10	-1.10920947982e-08
6.24410229518e-10	-2.87707360713e-09
6.25464976528e-10	4.48668241448e-09
6.26519723537e-10	9.42861638764e-09
6.27574470546e-10	1.0819170948e-08
6.28629217556e-10	8.35855873405e-09
6.29683964565e-10	2.45795077347e-09
6.30738711574e-10	-5.66616631392e-09
6.31793458584e-10	-1.43940916963e-08
6.32848205593e-10	-2.19232807463e-08
6.33902952602e-10	-2.66483453082e-08
6.34957699612e-10	-2.75257487914e-08
6.36012446621e-10	-2.4205262239e-08
6.3706719363e-10	-1.72521388286e-08
6.38121940639e-10	-7.95531576725e-09
6.39176687649e-10	1.75991618501e-09
6.40231434658e-10	9.83402059784e-09
6.41286181667e-10	1.43734725233e-08
6.42340928677e-10	1.42045653018e-08
6.43395675686e-10	9.10972602908e-09
6.44450422695e-10	-4.70436883893e-11
6.45505169705e-10	-1.14037963517e-08
6.46559916714e-10	-2.25805798504e-08
6.47614663723e-10	-3.10866610231e-08
6.48669410733e-10	-3.50155109352e-08
6.49724157742e-10	-3.33771090766e-08
6.50778904751e-10	-2.64737520794e-08
6.51833651761e-10	-1.57159152359e-08
6.5288839877e-10	-3.4425450407e-09
6.53943145779e-10	7.69851810078e-09
6.54997892789e-10	1.52934968023e-08
6.56052639798e-10	1.76908540039e-08
6.57107386807e-10	1.44281562253e-08
6.58162133817e-10	6.22057705346e-09
6.59216880826e-10	-5.08532577159e-09
6.60271627835e-10	-1.70777243458e-08
6.61326374845e-10	-2.71807190089e-08
6.62381121854e-10	-3.33650447271e-08
6.63435868863e-10	-3.44369794902e-08
6.64490615873e-10	-3.03669558388e-08
6.65545362882e-10	-2.21737013195e-08
6.66600109891e-10	-1.1651039189e-08
6.676548569e-10	-1.00532797365e-09
6.6870960391e-10	7.72388059067e-09
6.69764350919e-10	1.29192322396e-08
6.70819097928e-10	1.38076839962e-08
6.71873844938e-10	1.03884298386e-08
6.72928591947e-10	3.52193979536e-09
6.73983338956e-10	-5.42447819996e-09
6.75038085966e-10	-1.4722694841e-08
6.76092832975e-10	-2.26730816344e-08
6.77147579984e-10	-2.78648100149e-08
6.78202326994e-10	-2.9356213016e-08
6.79257074003e-10	-2.69192981239e-08
6.80311821012e-10	-2.0940914669e-08
6.81366568022e-10	-1.25175012577e-08
6.82421315031e-10	-3.11649123175e-09
6.8347606204e-10	5.50275056077e-09
6.8453080905e-10	1.17435080549e-08
6.85585556059e-10	1.43491390991e-08
6.86640303068e-10	1.27252145488e-08
6.87695050078e-10	7.08255221138e-09
6.88749797087e-10	-1.61303393559e-09
6.89804544096e-10	-1.16827110208e-08
6.90859291106e-10	-2.11621051793e-08
6.91914038115e-10	-2.80440837219e-08
6.92968785124e-10	-3.08315490916e-08
6.94023532134e-10	-2.87524810627e-08
6.95078279143e-10	-2.20768614501e-08
6.96133026152e-10	-1.20267252823e-08
6.97187773161e-10	-6.04965813555e-10
6.98242520171e-10	9.80619346835e-09
6.9929726718e-10	1.70008923606e-08
7.00352014189e-10	1.93435890639e-08
7.01406761199e-10	1.62664074432e-08
7.02461508208e-10	8.28677665377e-09
7.03516255217e-10	-2.94785798549e-09
7.04571002227e-10	-1.51181981378e-08
7.05625749236e-10	-2.56114143227e-08
7.06680496245e-10	-3.21716089324e-08
7.07735243255e-10	-3.33302840883e-08
7.08789990264e-10	-2.8751442116e-08
7.09844737273e-10	-1.93497018408e-08
7.10899484283e-10	-7.03326874518e-09
7.11954231292e-10	5.5902512619e-09
7.13008978301e-10	1.58861167554e-08
7.14063725311e-10	2.16331677017e-08
7.1511847232e-10	2.16259281594e-08
7.16173219329e-10	1.58217021706e-08
7.17227966339e-10	5.4604404609e-09
7.18282713348e-10	-7.2727647793e-09
7.19337460357e-10	-1.96716939405e-08
7.20392207367e-10	-2.90796924318e-08
7.21446954376e-10	-3.35146812525e-08
7.22501701385e-10	-3.20008364252e-08
7.23556448395e-10	-2.48988918372e-08
7.24611195404e-10	-1.368967395e-08
7.25665942413e-10	-7.9613966808e-10
7.26720689422e-10	1.1087040841e-08
7.27775436432e-10	1.94417296706e-08
7.28830183441e-10	2.25722269764e-08
7.2988493045e-10	1.99033008963e-08
7.3093967746e-10	1.20944235737e-08
7.31994424469e-10	9.33320296048e-10
7.33049171478e-10	-1.11599608443e-08
7.34103918488e-10	-2.15501276823e-08
7.35158665497e-10	-2.80915941619e-08
7.36213412506e-10	-2.94515301036e-08
7.37268159516e-10	-2.55061780585e-08
7.38322906525e-10	-1.72194816184e-08
7.39377653534e-10	-6.48325748642e-09
7.40432400544e-10	4.37123570673e-09
7.41487147553e-10	1.30947851451e-08
7.42541894562e-10	1.79590199378e-08
7.43596641572e-10	1.81806596444e-08
7.44651388581e-10	1.39324914938e-08
7.4570613559e-10	6.37192520969e-09
7.467608826e-10	-2.78978662394e-09
7.47815629609e-10	-1.15637782683e-08
7.48870376618e-10	-1.82213091282e-08
7.49925123628e-10	-2.15506164025e-08
7.50979870637e-10	-2.11030238839e-08
7.52034617646e-10	-1.72207121896e-08
7.53089364656e-10	-1.08547259514e-08
7.54144111665e-10	-3.40467125326e-09
7.55198858674e-10	3.69571481751e-09
7.56253605683e-10	9.13182968132e-09
7.57308352693e-10	1.2060653698e-08
7.58363099702e-10	1.20917502677e-08
7.59417846711e-10	9.4241439097e-09
7.60472593721e-10	4.6601371928e-09
7.6152734073e-10	-1.2640385405e-09
7.62582087739e-10	-7.27363008712e-09
7.63636834749e-10	-1.23601234803e-08
7.64691581758e-10	-1.56531904105e-08
7.65746328767e-10	-1.66596785256e-08
7.66801075777e-10	-1.51965628969e-08
7.67855822786e-10	-1.15626926367e-08
7.68910569795e-10	-6.35738461874e-09
7.69965316805e-10	-5.21557418781e-10
7.71020063814e-10	4.91491231047e-09
7.72074810823e-10	8.93308282901e-09
7.73129557833e-10	1.07399470428e-08
7.74184304842e-10	9.95373111712e-09
7.75239051851e-10	6.62109717053e-09
7.76293798861e-10	1.35847271626e-09
7.7734854587e-10	-4.89182439001e-09
7.78403292879e-10	-1.08790947362e-08
7.79458039889e-10	-1.54378098083e-08
7.80512786898e-10	-1.76051976331e-08
7.81567533907e-10	-1.69386349391e-08
7.82622280917e-10	-1.35450546335e-08
7.83677027926e-10	-8.10730210743e-09
7.84731774935e-10	-1.76470434099e-09
7.85786521944e-10	4.20700871362e-09
7.86841268954e-10	8.54511000847e-09
7.87896015963e-10	1.04131301915e-08
7.88950762972e-10	9.43340372483e-09
7.90005509982e-10	5.88150714242e-09
7.91060256991e-10	5.05836303399e-10
7.92115004e-10	-5.55870638408e-09
7.9316975101e-10	-1.10997212532e-08
7.94224498019e-10	-1.50547516675e-08
7.95279245028e-10	-1.66972742299e-08
7.96333992038e-10	-1.58373231196e-08
7.97388739047e-10	-1.27189209165e-08
7.98443486056e-10	-8.07717648321e-09
7.99498233066e-10	-2.83524370648e-09
8.00552980075e-10	1.97672249402e-09
8.01607727084e-10	5.5125290721e-09
8.02662474094e-10	7.18491705021e-09
8.03717221103e-10	6.79738365594e-09
8.04771968112e-10	4.51750184483e-09
8.05826715122e-10	8.00412638946e-10
8.06881462131e-10	-3.65453134421e-09
8.0793620914e-10	-8.13296008317e-09
8.0899095615e-10	-1.18759326817e-08
8.10045703159e-10	-1.43195378888e-08
8.11100450168e-10	-1.50443195679e-08
8.12155197178e-10	-1.39244351605e-08
8.13209944187e-10	-1.10932185104e-08
8.14264691196e-10	-6.98532831578e-09
8.15319438205e-10	-2.27034929745e-09
8.16374185215e-10	2.23972795865e-09
8.17428932224e-10	5.68063157624e-09
8.18483679233e-10	7.37897110081e-09
8.19538426243e-10	6.86870899047e-09
8.20593173252e-10	4.14716316843e-09
8.21647920261e-10	-4.22294955948e-10
8.22702667271e-10	-6.03742544847e-09
8.2375741428e-10	-1.16600789024e-08
8.24812161289e-10	-1.61535828047e-08
8.25866908299e-10	-1.85382071916e-08
8.26921655308e-10	-1.82076369537e-08
8.27976402317e-10	-1.50599100968e-08
8.29031149327e-10	-9.64066670939e-09
8.30085896336e-10	-2.95826511898e-09
8.31140643345e-10	3.56047938355e-09
8.32195390355e-10	8.51008691294e-09
8.33250137364e-10	1.07091902013e-08
8.34304884373e-10	9.56999524071e-09
8.35359631383e-10	5.21543680465e-09
8.36414378392e-10	-1.49697436391e-09
8.37469125401e-10	-9.15132358781e-09
8.38523872411e-10	-1.6105949685e-08
8.3957861942e-10	-2.08029097282e-08
8.40633366429e-10	-2.22172109599e-08
8.41688113439e-10	-1.99693142022e-08
8.42742860448e-10	-1.45461669376e-08
8.43797607457e-10	-7.09460301618e-09
8.44852354466e-10	7.52660059278e-10
8.45907101476e-10	7.27003812706e-09
8.46961848485e-10	1.10175703005e-08
8.48016595494e-10	1.11597894259e-08
8.49071342504e-10	7.68390245875e-09
8.50126089513e-10	1.36287152397e-09
8.51180836522e-10	-6.3530744554e-09
8.52235583532e-10	-1.377510217e-08
8.53290330541e-10	-1.9249948302e-08
8.5434507755e-10	-2.16506682582e-08
8.5539982456e-10	-2.05359753647e-08
8.56454571569e-10	-1.626727264e-08
8.57509318578e-10	-9.88393539236e-09
8.58564065588e-10	-2.82991143019e-09
8.59618812597e-10	3.36564617842e-09
8.60673559606e-10	7.45821104875e-09
8.61728306616e-10	8.67982385966e-09
8.62783053625e-10	6.96173918513e-09
8.63837800634e-10	2.79535128378e-09
8.64892547644e-10	-2.79803372139e-09
8.65947294653e-10	-8.60166410321e-09
8.67002041662e-10	-1.34224467097e-08
8.68056788672e-10	-1.63500963879e-08
8.69111535681e-10	-1.69373965964e-08
8.7016628269e-10	-1.52261431241e-08
8.712210297e-10	-1.17301394709e-08
8.72275776709e-10	-7.22759474492e-09
8.73330523718e-10	-2.65451513548e-09
8.74385270727e-10	1.19372736695e-09
8.75440017737e-10	3.68135982809e-09
8.76494764746e-10	4.51578141547e-09
8.77549511755e-10	3.68170140208e-09
8.78604258765e-10	1.42949251741e-09
8.79659005774e-10	-1.78604350753e-09
8.80713752783e-10	-5.41513450747e-09
8.81768499793e-10	-8.84852530136e-09
8.82823246802e-10	-1.15499714792e-08
8.83877993811e-10	-1.3050156622e-08
8.84932740821e-10	-1.31115696078e-08
8.8598748783e-10	-1.16557646868e-08
8.87042234839e-10	-8.90140189336e-09
8.88096981849e-10	-5.26460486316e-09
8.89151728858e-10	-1.34830614729e-09
8.90206475867e-10	2.14417571198e-09
8.91261222877e-10	4.55949278333e-09
8.92315969886e-10	5.37475997042e-09
8.93370716895e-10	4.3669800831e-09
8.94425463905e-10	1.62476145038e-09
8.95480210914e-10	-2.35838944207e-09
8.96534957923e-10	-6.84562034836e-09
8.97589704933e-10	-1.08944699373e-08
8.98644451942e-10	-1.3632197482e-08
8.99699198951e-10	-1.44077062503e-08
9.00753945961e-10	-1.29593349385e-08
9.0180869297e-10	-9.52462653192e-09
9.02863439979e-10	-4.76194489396e-09
9.03918186988e-10	3.27912648423e-10
9.04972933998e-10	4.67611752097e-09
9.06027681007e-10	7.31765104067e-09
9.07082428016e-10	7.69292618497e-09
9.08137175026e-10	5.686788207e-09
9.09191922035e-10	1.74675474085e-09
9.10246669044e-10	-3.2701806818e-09
9.11301416054e-10	-8.26991364278e-09
9.12356163063e-10	-1.21419467813e-08
9.13410910072e-10	-1.40557144812e-08
9.14465657082e-10	-1.35905482423e-08
9.15520404091e-10	-1.0882665491e-08
9.165751511e-10	-6.5239413316e-09
9.1762989811e-10	-1.49658822141e-09
9.18684645119e-10	3.14258602474e-09
9.19739392128e-10	6.41438202553e-09
9.20794139138e-10	7.68869212742e-09
9.21848886147e-10	6.78248901487e-09
9.22903633156e-10	3.96207161524e-09
9.23958380166e-10	-8.88838620761e-11
9.25013127175e-10	-4.49398712687e-09
9.26067874184e-10	-8.30818641662e-09
9.27122621194e-10	-1.07821321316e-08
9.28177368203e-10	-1.14348286395e-08
9.29232115212e-10	-1.02180893746e-08
9.30286862222e-10	-7.42703248902e-09
9.31341609231e-10	-3.68952213226e-09
9.3239635624e-10	2.14108016039e-10
9.33451103249e-10	3.52182691343e-09
9.34505850259e-10	5.60457585896e-09
9.35560597268e-10	6.14599521276e-09
9.36615344277e-10	5.10927192221e-09
9.37670091287e-10	2.7978125372e-09
9.38724838296e-10	-2.97210762945e-10
9.39779585305e-10	-3.53094342653e-09
9.40834332315e-10	-6.29921198536e-09
9.41889079324e-10	-8.08525879581e-09
9.42943826333e-10	-8.58012194627e-09
9.43998573343e-10	-7.72681513217e-09
9.45053320352e-10	-5.69402441863e-09
9.46108067361e-10	-2.89743465332e-09
9.47162814371e-10	1.43192097068e-10
9.4821756138e-10	2.83591386485e-09
9.49272308389e-10	4.6900700823e-09
9.50327055399e-10	5.35102601118e-09
9.51381802408e-10	4.72921476979e-09
9.52436549417e-10	2.95676105821e-09
9.53491296427e-10	4.00769490511e-10
9.54546043436e-10	-2.42530230621e-09
9.55600790445e-10	-4.98195651399e-09
9.56655537455e-10	-6.75305317221e-09
9.57710284464e-10	-7.41258227022e-09
9.58765031473e-10	-6.81049960871e-09
9.59819778483e-10	-5.07391223481e-09
9.60874525492e-10	-2.52740685325e-09
9.61929272501e-10	3.06783789344e-10
9.6298401951e-10	2.86105492076e-09
9.6403876652e-10	4.60075405551e-09
9.65093513529e-10	5.15387135747e-09
9.66148260538e-10	4.41833686304e-09
9.67203007548e-10	2.53585377696e-09
9.68257754557e-10	-6.48797612857e-11
9.69312501566e-10	-2.84132678496e-09
9.70367248576e-10	-5.18541964922e-09
9.71421995585e-10	-6.61918836409e-09
9.72476742594e-10	-6.8459958813e-09
9.73531489604e-10	-5.85040638157e-09
9.74586236613e-10	-3.87059140294e-09
9.75640983622e-10	-1.3484650549e-09
9.76695730632e-10	1.14967388387e-09
9.77750477641e-10	3.09838379953e-09
9.7880522465e-10	4.06779501749e-09
9.7985997166e-10	3.88487744751e-09
9.80914718669e-10	2.60486768267e-09
9.81969465678e-10	5.53260937064e-10
9.83024212688e-10	-1.79851374071e-09
9.84078959697e-10	-3.90716117793e-09
9.85133706706e-10	-5.31819041583e-09
9.86188453716e-10	-5.75409825343e-09
9.87243200725e-10	-5.17172807357e-09
9.88297947734e-10	-3.78670658718e-09
9.89352694744e-10	-1.95959638793e-09
9.90407441753e-10	-1.59837410668e-10
9.91462188762e-10	1.21920241958e-09
9.92516935771e-10	1.88523308076e-09
9.93571682781e-10	1.76249535799e-09
9.9462642979e-10	9.43376630286e-10
9.95681176799e-10	-3.14189809586e-10
9.96735923809e-10	-1.67888150604e-09
9.97790670818e-10	-2.83638505738e-09
9.98845417827e-10	-3.53822893207e-09
9.99900164837e-10	-3.6991635588e-09
1.00095491185e-09	-3.34998737084e-09
1.00200965886e-09	-2.67601361903e-09
1.00306440586e-09	-1.89663067196e-09
1.00411915287e-09	-1.24932292983e-09
1.00517389988e-09	-8.82272303826e-10
1.00622864689e-09	-8.49223288912e-10
1.0072833939e-09	-1.08732302329e-09
1.00833814091e-09	-1.45380231464e-09
1.00939288792e-09	-1.79720739679e-09
1.01044763493e-09	-1.9762174952e-09
1.01150238194e-09	-1.9601632123e-09
1.01255712895e-09	-1.77132356005e-09
1.01361187596e-09	-1.5376164994e-09
1.01466662297e-09	-1.38435742036e-09
1.01572136998e-09	-1.43453598306e-09
1.01677611699e-09	-1.73006861615e-09
1.017830864e-09	-2.22830130736e-09
1.018885611e-09	-2.8181164069e-09
1.01994035801e-09	-3.32052768615e-09
1.02099510502e-09	-3.59208887635e-09
1.02204985203e-09	-3.50534234972e-09
1.02310459904e-09	-3.05991099125e-09
1.02415934605e-09	-2.32540345313e-09
1.02521409306e-09	-1.48425735591e-09
1.02626884007e-09	-7.46637941577e-10
1.02732358708e-09	-3.21518479375e-10
1.02837833409e-09	-3.52287137829e-10
1.0294330811e-09	-8.58932779069e-10
1.03048782811e-09	-1.76171148503e-09
1.03154257512e-09	-2.84793000294e-09
1.03259732213e-09	-3.88011003882e-09
1.03365206914e-09	-4.60066684749e-09
1.03470681614e-09	-4.8496440197e-09
1.03576156315e-09	-4.56169887975e-09
1.03681631016e-09	-3.8164663374e-09
1.03787105717e-09	-2.79462494812e-09
1.03892580418e-09	-1.73874677156e-09
1.03998055119e-09	-8.99484726286e-10
1.0410352982e-09	-4.5345647029e-10
1.04209004521e-09	-5.00902631873e-10
1.04314479222e-09	-1.00101061468e-09
1.04419953923e-09	-1.83795656472e-09
1.04525428624e-09	-2.80641018757e-09
1.04630903325e-09	-3.70525973792e-09
1.04736378026e-09	-4.34693103735e-09
1.04841852727e-09	-4.62582455674e-09
1.04947327427e-09	-4.51522505496e-09
1.05052802128e-09	-4.07098987854e-09
1.05158276829e-09	-3.42053238511e-09
1.0526375153e-09	-2.70147791637e-09
1.05369226231e-09	-2.06949693493e-09
1.05474700932e-09	-1.61652927155e-09
1.05580175633e-09	-1.40960714629e-09
1.05685650334e-09	-1.44062338447e-09
1.05791125035e-09	-1.67875709167e-09
1.05896599736e-09	-2.05502219408e-09
1.06002074437e-09	-2.5027702133e-09
1.06107549138e-09	-2.96107527387e-09
1.06213023839e-09	-3.37116914939e-09
1.0631849854e-09	-3.70321134868e-09
1.06423973241e-09	-3.90677215578e-09
1.06529447941e-09	-3.96728952468e-09
1.06634922642e-09	-3.8497317556e-09
1.06740397343e-09	-3.5544838739e-09
1.06845872044e-09	-3.09214512328e-09
1.06951346745e-09	-2.51466877876e-09
1.07056821446e-09	-1.90100475639e-09
1.07162296147e-09	-1.35737640572e-09
1.07267770848e-09	-1.00430282146e-09
1.07373245549e-09	-9.23548182374e-10
1.0747872025e-09	-1.18060366344e-09
1.07584194951e-09	-1.74138009568e-09
1.07689669652e-09	-2.52861399874e-09
1.07795144353e-09	-3.38311745285e-09
1.07900619054e-09	-4.12675246753e-09
1.08006093755e-09	-4.58011914506e-09
1.08111568455e-09	-4.6185833491e-09
1.08217043156e-09	-4.19826676201e-09
1.08322517857e-09	-3.36990557681e-09
1.08427992558e-09	-2.29550040087e-09
1.08533467259e-09	-1.17591149318e-09
1.0863894196e-09	-2.63455902927e-10
1.08744416661e-09	2.52215164552e-10
