% time-domain current integration by openEMS v0.37.0-rc1-2-g7b051bb @Tue Jul 14 02:48:31 2026
% start-coordinates: (0.00114401,0.00518461,0.0135395) m -> [50,110,215]
% stop-coordinates: (0.0014835,0.00552411,0.0135395) m -> [55,115,215]
% t/s	current
1.05474700932e-13	-0
1.16022171025e-12	-0
2.21496871958e-12	-0
3.2697157289e-12	-0
4.32446273822e-12	-0
5.37920974754e-12	-0
6.43395675686e-12	-0
7.48870376618e-12	-0
8.5434507755e-12	-0
9.59819778483e-12	-0
1.06529447941e-11	-0
1.17076918035e-11	-0
1.27624388128e-11	-0
1.38171858221e-11	-0
1.48719328314e-11	-0
1.59266798408e-11	-0
1.69814268501e-11	-0
1.80361738594e-11	-0
1.90909208687e-11	-0
2.0145667878e-11	-0
2.12004148874e-11	-0
2.22551618967e-11	-0
2.3309908906e-11	-0
2.43646559153e-11	-0
2.54194029246e-11	-0
2.6474149934e-11	-0
2.75288969433e-11	-0
2.85836439526e-11	-0
2.96383909619e-11	-0
3.06931379713e-11	-0
3.17478849806e-11	-0
3.28026319899e-11	-0
3.38573789992e-11	-0
3.49121260085e-11	-0
3.59668730179e-11	-0
3.70216200272e-11	-0
3.80763670365e-11	-0
3.91311140458e-11	-0
4.01858610551e-11	-0
4.12406080645e-11	-0
4.22953550738e-11	-0
4.33501020831e-11	-0
4.44048490924e-11	-0
4.54595961018e-11	-0
4.65143431111e-11	-0
4.75690901204e-11	-0
4.86238371297e-11	-0
4.9678584139e-11	-0
5.07333311484e-11	-0
5.17880781577e-11	-0
5.2842825167e-11	-0
5.38975721763e-11	-0
5.49523191856e-11	-0
5.6007066195e-11	-0
5.70618132043e-11	-0
5.81165602136e-11	-0
5.91713072229e-11	-0
6.02260542323e-11	-0
6.12808012416e-11	-0
6.23355482509e-11	-0
6.33902952602e-11	-0
6.44450422695e-11	-0
6.54997892789e-11	-0
6.65545362882e-11	-0
6.76092832975e-11	-0
6.86640303068e-11	-0
6.97187773161e-11	-0
7.07735243255e-11	-0
7.18282713348e-11	2.2860321279e-37
7.28830183441e-11	4.26937998495e-35
7.39377653534e-11	3.59849457108e-33
7.49925123628e-11	2.41867225577e-31
7.60472593721e-11	1.31474224553e-29
7.71020063814e-11	5.81563483805e-28
7.81567533907e-11	2.10531321645e-26
7.92115004e-11	6.27077760904e-25
8.02662474094e-11	1.54458097495e-23
8.13209944187e-11	3.16132410562e-22
8.2375741428e-11	5.40068726096e-21
8.34304884373e-11	7.73251861659e-20
8.44852354466e-11	9.31083493079e-19
8.5539982456e-11	9.4530481644e-18
8.65947294653e-11	8.10352053125e-17
8.76494764746e-11	5.86474548311e-16
8.87042234839e-11	3.57677873186e-15
8.97589704933e-11	1.83119680172e-14
9.08137175026e-11	7.82178954852e-14
9.18684645119e-11	2.76180960697e-13
9.29232115212e-11	7.94540973813e-13
9.39779585305e-11	1.81429654286e-12
9.50327055399e-11	3.09244665465e-12
9.60874525492e-11	3.12178364756e-12
9.71421995585e-11	-1.76223629873e-12
9.81969465678e-11	-1.77128416101e-11
9.92516935771e-11	-5.30869445625e-11
1.00306440586e-10	-1.17987092318e-10
1.01361187596e-10	-2.22701357355e-10
1.02415934605e-10	-3.71653124942e-10
1.03470681614e-10	-5.50708478819e-10
1.04525428624e-10	-7.12317149709e-10
1.05580175633e-10	-7.65439656103e-10
1.06634922642e-10	-5.71599212407e-10
1.07689669652e-10	4.82157265502e-11
1.08744416661e-10	1.28122834564e-09
1.0979916367e-10	3.25908988685e-09
1.1085391068e-10	5.97247762357e-09
1.11908657689e-10	9.18638676239e-09
1.12963404698e-10	1.2389168802e-08
1.14018151708e-10	1.48008076906e-08
1.15072898717e-10	1.54679185016e-08
1.16127645726e-10	1.34606361613e-08
1.17182392736e-10	8.12571787634e-09
1.18237139745e-10	-6.6130012577e-10
1.19291886754e-10	-1.23170478261e-08
1.20346633764e-10	-2.55312855302e-08
1.21401380773e-10	-3.84248011187e-08
1.22456127782e-10	-4.88819509314e-08
1.23510874792e-10	-5.49844862974e-08
1.24565621801e-10	-5.54184858004e-08
1.2562036881e-10	-4.97810077604e-08
1.2667511582e-10	-3.86784257955e-08
1.27729862829e-10	-2.36025758937e-08
1.28784609838e-10	-6.63727517392e-09
1.29839356847e-10	9.95945814708e-09
1.30894103857e-10	2.41687239111e-08
1.31948850866e-10	3.45518600398e-08
1.33003597875e-10	4.04591418146e-08
1.34058344885e-10	4.20726706807e-08
1.35113091894e-10	4.03052098363e-08
1.36167838903e-10	3.65714818429e-08
1.37222585913e-10	3.24925686357e-08
1.38277332922e-10	2.95730426814e-08
1.39332079931e-10	2.89191444125e-08
1.40386826941e-10	3.10348227117e-08
1.4144157395e-10	3.57298972631e-08
1.42496320959e-10	4.21633714609e-08
1.43551067969e-10	4.89913674073e-08
1.44605814978e-10	5.46138494428e-08
1.45660561987e-10	5.74622340821e-08
1.46715308997e-10	5.62908795132e-08
1.47770056006e-10	5.04246315813e-08
1.48824803015e-10	3.99255100092e-08
1.49879550025e-10	2.56437822088e-08
1.50934297034e-10	9.13441056127e-09
1.51989044043e-10	-7.54895612687e-09
1.53043791053e-10	-2.21777352039e-08
1.54098538062e-10	-3.27156968183e-08
1.55153285071e-10	-3.76892330678e-08
1.56208032081e-10	-3.6471409004e-08
1.5726277909e-10	-2.94255961819e-08
1.58317526099e-10	-1.78749424151e-08
1.59372273108e-10	-3.88909704441e-09
1.60427020118e-10	1.00581001305e-08
1.61481767127e-10	2.15257074387e-08
1.62536514136e-10	2.85218053619e-08
1.63591261146e-10	2.98438997959e-08
1.64646008155e-10	2.52572451842e-08
1.65700755164e-10	1.54868828872e-08
1.66755502174e-10	2.05611505599e-09
1.67810249183e-10	-1.30210660032e-08
1.68864996192e-10	-2.75903868641e-08
1.69919743202e-10	-3.97037318578e-08
1.70974490211e-10	-4.78838728668e-08
1.7202923722e-10	-5.12713498324e-08
1.7308398423e-10	-4.96742238454e-08
1.74138731239e-10	-4.35123901354e-08
1.75193478248e-10	-3.36984236071e-08
1.76248225258e-10	-2.14911821672e-08
1.77302972267e-10	-8.32872704137e-09
1.78357719276e-10	4.32546443108e-09
1.79412466286e-10	1.51311940755e-08
1.80467213295e-10	2.30116476985e-08
1.81521960304e-10	2.72512057364e-08
1.82576707314e-10	2.75824785234e-08
1.83631454323e-10	2.4215044192e-08
1.84686201332e-10	1.78082508739e-08
1.85740948342e-10	9.40118738413e-09
1.86795695351e-10	2.71169531274e-10
1.8785044236e-10	-8.23172996434e-09
1.88905189369e-10	-1.48706922332e-08
1.89959936379e-10	-1.87029360887e-08
1.91014683388e-10	-1.92175573233e-08
1.92069430397e-10	-1.64176086059e-08
1.93124177407e-10	-1.08214575079e-08
1.94178924416e-10	-3.37999161992e-09
1.95233671425e-10	4.68169636392e-09
1.96288418435e-10	1.207251632e-08
1.97343165444e-10	1.76540506658e-08
1.98397912453e-10	2.06322976481e-08
1.99452659463e-10	2.06733119512e-08
2.00507406472e-10	1.79321535398e-08
2.01562153481e-10	1.29871526866e-08
2.02616900491e-10	6.69636612827e-09
2.036716475e-10	2.58042476275e-11
2.04726394509e-10	-6.1249463279e-09
2.05781141519e-10	-1.10557785149e-08
2.06835888528e-10	-1.43366927219e-08
2.07890635537e-10	-1.58176955978e-08
2.08945382547e-10	-1.5590728708e-08
2.10000129556e-10	-1.39168259139e-08
2.11054876565e-10	-1.11590638951e-08
2.12109623575e-10	-7.72065256172e-09
2.13164370584e-10	-4.00477029316e-09
2.14219117593e-10	-3.99251742778e-10
2.15273864603e-10	2.74392997213e-09
2.16328611612e-10	5.11465980679e-09
2.17383358621e-10	6.47784004215e-09
2.1843810563e-10	6.69691280208e-09
2.1949285264e-10	5.76406078423e-09
2.20547599649e-10	3.81846509967e-09
2.21602346658e-10	1.12654641171e-09
2.22657093668e-10	-1.94181870583e-09
2.23711840677e-10	-4.9821302639e-09
2.24766587686e-10	-7.61053975395e-09
2.25821334696e-10	-9.52032674917e-09
2.26876081705e-10	-1.05195763211e-08
2.27930828714e-10	-1.05343689327e-08
2.28985575724e-10	-9.6056025356e-09
2.30040322733e-10	-7.86121123753e-09
2.31095069742e-10	-5.49540279948e-09
2.32149816752e-10	-2.74883604767e-09
2.33204563761e-10	1.08141523514e-10
2.3425931077e-10	2.78834311196e-09
2.3531405778e-10	5.00896213396e-09
2.36368804789e-10	6.51924736417e-09
2.37423551798e-10	7.13280146059e-09
2.38478298808e-10	6.76525901966e-09
2.39533045817e-10	5.45600897794e-09
2.40587792826e-10	3.3786344833e-09
2.41642539836e-10	8.25668200477e-10
2.42697286845e-10	-1.83194315273e-09
2.43752033854e-10	-4.19580814537e-09
2.44806780864e-10	-5.90782489596e-09
2.45861527873e-10	-6.70717126283e-09
2.46916274882e-10	-6.47860254332e-09
2.47971021891e-10	-5.27407495454e-09
2.49025768901e-10	-3.30930505221e-09
2.5008051591e-10	-9.29118171289e-10
2.51135262919e-10	1.45015477404e-09
2.52190009929e-10	3.41398886938e-09
2.53244756938e-10	4.62777682841e-09
2.54299503947e-10	4.89785501046e-09
2.55354250957e-10	4.21227186465e-09
2.56408997966e-10	2.73677147611e-09
2.57463744975e-10	7.80807751788e-10
2.58518491985e-10	-1.27332222544e-09
2.59573238994e-10	-3.05134939538e-09
2.60627986003e-10	-4.26418544919e-09
2.61682733013e-10	-4.76229011781e-09
2.62737480022e-10	-4.5495465173e-09
2.63792227031e-10	-3.76663811252e-09
2.64846974041e-10	-2.63872435013e-09
2.6590172105e-10	-1.41566913747e-09
2.66956468059e-10	-3.1484434504e-10
2.68011215069e-10	5.17639708875e-10
2.69065962078e-10	1.01960562215e-09
2.70120709087e-10	1.20051313335e-09
2.71175456097e-10	1.1184655424e-09
2.72230203106e-10	8.46685443978e-10
2.73284950115e-10	4.53502291275e-10
2.74339697125e-10	-1.01728452051e-11
2.75394444134e-10	-5.11615694254e-10
2.76449191143e-10	-1.02294039905e-09
2.77503938152e-10	-1.51820911398e-09
2.78558685162e-10	-1.95942551073e-09
2.79613432171e-10	-2.3040995778e-09
2.8066817918e-10	-2.50853471329e-09
2.8172292619e-10	-2.53849252729e-09
2.82777673199e-10	-2.38230768446e-09
2.83832420208e-10	-2.05210337612e-09
2.84887167218e-10	-1.59038493486e-09
2.85941914227e-10	-1.05973840814e-09
2.86996661236e-10	-5.37021482838e-10
2.88051408246e-10	-9.85164658185e-11
2.89106155255e-10	1.92638294205e-10
2.90160902264e-10	2.97265739801e-10
2.91215649274e-10	2.074354577e-10
2.92270396283e-10	-5.27610906353e-11
2.93325143292e-10	-4.31913615984e-10
2.94379890302e-10	-8.61937410335e-10
2.95434637311e-10	-1.26984822657e-09
2.9648938432e-10	-1.59111324116e-09
2.9754413133e-10	-1.77827674808e-09
2.98598878339e-10	-1.80759185398e-09
2.99653625348e-10	-1.67799207862e-09
3.00708372358e-10	-1.41082523442e-09
3.01763119367e-10	-1.04193553785e-09
3.02817866376e-10	-6.18624929061e-10
3.03872613386e-10	-1.91205856703e-10
3.04927360395e-10	1.91390847615e-10
3.05982107404e-10	4.86434392766e-10
3.07036854413e-10	6.64569066444e-10
3.08091601423e-10	7.10354552957e-10
3.09146348432e-10	6.28923413348e-10
3.10201095441e-10	4.41428338327e-10
3.11255842451e-10	1.86523671508e-10
3.1231058946e-10	-8.9535108494e-11
3.13365336469e-10	-3.38378103315e-10
3.14420083479e-10	-5.18946052797e-10
3.15474830488e-10	-6.05775485329e-10
3.16529577497e-10	-5.90164972447e-10
3.17584324507e-10	-4.84600692907e-10
3.18639071516e-10	-3.14466508389e-10
3.19693818525e-10	-1.15829852654e-10
3.20748565535e-10	7.55412538078e-11
3.21803312544e-10	2.28474905661e-10
3.22858059553e-10	3.22979948342e-10
3.23912806563e-10	3.51101148155e-10
3.24967553572e-10	3.15822812347e-10
3.26022300581e-10	2.29464114376e-10
3.27077047591e-10	1.07372589986e-10
3.281317946e-10	-3.33891352067e-11
3.29186541609e-10	-1.79690859414e-10
3.30241288619e-10	-3.21991461272e-10
3.31296035628e-10	-4.56369442237e-10
3.32350782637e-10	-5.81132530986e-10
3.33405529647e-10	-6.96949886692e-10
3.34460276656e-10	-8.00463417772e-10
3.35515023665e-10	-8.84942896739e-10
3.36569770674e-10	-9.37773081411e-10
3.37624517684e-10	-9.4170771181e-10
3.38679264693e-10	-8.82430295501e-10
3.39734011702e-10	-7.49454276416e-10
3.40788758712e-10	-5.4793836135e-10
3.41843505721e-10	-2.96467989047e-10
3.4289825273e-10	-3.13494785686e-11
3.4395299974e-10	2.01162655977e-10
3.45007746749e-10	3.52656404079e-10
3.46062493758e-10	3.82221088113e-10
3.47117240768e-10	2.69232552919e-10
3.48171987777e-10	1.71713997188e-11
3.49226734786e-10	-3.40651673536e-10
3.50281481796e-10	-7.47994832739e-10
3.51336228805e-10	-1.13266451773e-09
3.52390975814e-10	-1.42165101913e-09
3.53445722824e-10	-1.55430357474e-09
3.54500469833e-10	-1.49697865215e-09
3.55555216842e-10	-1.24918431155e-09
3.56609963852e-10	-8.47177328289e-10
3.57664710861e-10	-3.57063600909e-10
3.5871945787e-10	1.37591119054e-10
3.5977420488e-10	5.49922385407e-10
3.60828951889e-10	8.09837752414e-10
3.61883698898e-10	8.73839722804e-10
3.62938445908e-10	7.37722216648e-10
3.63993192917e-10	4.32738761491e-10
3.65047939926e-10	2.24577214464e-11
3.66102686935e-10	-4.13656359166e-10
3.67157433945e-10	-7.95138122012e-10
3.68212180954e-10	-1.05650910243e-09
3.69266927963e-10	-1.16157605756e-09
3.70321674973e-10	-1.10535081088e-09
3.71376421982e-10	-9.17118880839e-10
3.72431168991e-10	-6.4678618017e-10
3.73485916001e-10	-3.56955270897e-10
3.7454066301e-10	-1.04660322076e-10
3.75595410019e-10	6.75005398798e-11
3.76650157029e-10	1.40301492646e-10
3.77704904038e-10	1.18899404211e-10
3.78759651047e-10	2.68590896052e-11
3.79814398057e-10	-9.91556559082e-11
3.80869145066e-10	-2.23803142685e-10
3.81923892075e-10	-3.16732973182e-10
3.82978639085e-10	-3.63204855081e-10
3.84033386094e-10	-3.61843333074e-10
3.85088133103e-10	-3.25049709371e-10
3.86142880113e-10	-2.72870781526e-10
3.87197627122e-10	-2.26597116071e-10
3.88252374131e-10	-2.03875874516e-10
3.89307121141e-10	-2.12601450333e-10
3.9036186815e-10	-2.51407672458e-10
3.91416615159e-10	-3.080093125e-10
3.92471362169e-10	-3.65317692763e-10
3.93526109178e-10	-4.03604483168e-10
3.94580856187e-10	-4.08032607702e-10
3.95635603196e-10	-3.70565189645e-10
3.96690350206e-10	-2.93938928753e-10
3.97745097215e-10	-1.89827528696e-10
3.98799844224e-10	-7.7211084748e-11
3.99854591234e-10	2.17328030572e-11
4.00909338243e-10	8.72303965171e-11
4.01964085252e-10	1.03900804627e-10
4.03018832262e-10	6.67903093943e-11
4.04073579271e-10	-2.10269631568e-11
4.0512832628e-10	-1.45076367586e-10
4.0618307329e-10	-2.84891665814e-10
4.07237820299e-10	-4.1477254964e-10
4.08292567308e-10	-5.09679742855e-10
4.09347314318e-10	-5.49357781487e-10
4.10402061327e-10	-5.21981180501e-10
4.11456808336e-10	-4.2851305837e-10
4.12511555346e-10	-2.81391632218e-10
4.13566302355e-10	-1.05943608053e-10
4.14621049364e-10	6.71111291539e-11
4.15675796374e-10	2.0351645369e-10
4.16730543383e-10	2.75979017417e-10
4.17785290392e-10	2.66903804613e-10
4.18840037402e-10	1.74989342461e-10
4.19894784411e-10	1.58280090423e-11
4.2094953142e-10	-1.81050105463e-10
4.2200427843e-10	-3.75052378043e-10
4.23059025439e-10	-5.25851917565e-10
4.24113772448e-10	-5.97730143159e-10
4.25168519457e-10	-5.71448000031e-10
4.26223266467e-10	-4.45166181695e-10
4.27278013476e-10	-2.38374403549e-10
4.28332760485e-10	1.33079823203e-11
4.29387507495e-10	2.64691019103e-10
4.30442254504e-10	4.6936893261e-10
4.31497001513e-10	5.9080546011e-10
4.32551748523e-10	6.07442152134e-10
4.33606495532e-10	5.19431497814e-10
4.34661242541e-10	3.45890927012e-10
4.35715989551e-10	1.23198146129e-10
4.3677073656e-10	-1.04770386811e-10
4.37825483569e-10	-2.93391172468e-10
4.38880230579e-10	-4.0750672281e-10
4.39934977588e-10	-4.26956303645e-10
4.40989724597e-10	-3.50003553917e-10
4.42044471607e-10	-1.93515634073e-10
4.43099218616e-10	1.20170921825e-11
4.44153965625e-10	2.27037486034e-10
4.45208712635e-10	4.12381101489e-10
4.46263459644e-10	5.34234267935e-10
4.47318206653e-10	5.72392355735e-10
4.48372953663e-10	5.21148901811e-10
4.49427700672e-10	3.91885024431e-10
4.50482447681e-10	2.08925918233e-10
4.51537194691e-10	5.29842532696e-12
4.525919417e-10	-1.83752513205e-10
4.53646688709e-10	-3.2803418315e-10
4.54701435718e-10	-4.06880418247e-10
4.55756182728e-10	-4.1406711393e-10
4.56810929737e-10	-3.56313423211e-10
4.57865676746e-10	-2.53626675217e-10
4.58920423756e-10	-1.31806121573e-10
4.59975170765e-10	-1.97389483231e-11
4.61029917774e-10	5.9123643481e-11
4.62084664784e-10	8.9388801916e-11
4.63139411793e-10	6.72380831568e-11
4.64194158802e-10	5.04607206714e-13
4.65248905812e-10	-9.50013054335e-11
4.66303652821e-10	-1.97481947461e-10
4.6735839983e-10	-2.87396995091e-10
4.6841314684e-10	-3.48264028727e-10
4.69467893849e-10	-3.73922587338e-10
4.70522640858e-10	-3.65773022981e-10
4.71577387868e-10	-3.34533539759e-10
4.72632134877e-10	-2.95164032105e-10
4.73686881886e-10	-2.63156052505e-10
4.74741628896e-10	-2.51219045566e-10
4.75796375905e-10	-2.64018057416e-10
4.76851122914e-10	-3.00089314509e-10
4.77905869924e-10	-3.48647472004e-10
4.78960616933e-10	-3.96571442352e-10
4.80015363942e-10	-4.27912150158e-10
4.81070110952e-10	-4.31365082543e-10
4.82124857961e-10	-4.01197880473e-10
4.8317960497e-10	-3.39763106538e-10
4.84234351979e-10	-2.58012722298e-10
4.85289098989e-10	-1.71540615046e-10
4.86343845998e-10	-9.98589544388e-11
4.87398593007e-10	-5.90973034398e-11
4.88453340017e-10	-6.13527076365e-11
4.89508087026e-10	-1.08752576389e-10
4.90562834035e-10	-1.95248678336e-10
4.91617581045e-10	-3.05182129567e-10
4.92672328054e-10	-4.17777007433e-10
4.93727075063e-10	-5.1034249049e-10
4.94781822073e-10	-5.62858981645e-10
4.95836569082e-10	-5.62947188865e-10
4.96891316091e-10	-5.07103026237e-10
4.97946063101e-10	-4.03882344235e-10
4.9900081011e-10	-2.70071770503e-10
5.00055557119e-10	-1.30537081144e-10
5.01110304129e-10	-1.06501370223e-11
5.02165051138e-10	6.59148013948e-11
5.03219798147e-10	8.42267852685e-11
5.04274545157e-10	3.97971933186e-11
5.05329292166e-10	-5.97846563921e-11
5.06384039175e-10	-1.95625057819e-10
5.07438786185e-10	-3.42669753683e-10
5.08493533194e-10	-4.72448580258e-10
5.09548280203e-10	-5.61577839786e-10
5.10603027213e-10	-5.93478877153e-10
5.11657774222e-10	-5.64641888801e-10
5.12712521231e-10	-4.82535789104e-10
5.1376726824e-10	-3.66161184706e-10
5.1482201525e-10	-2.40436809351e-10
5.15876762259e-10	-1.31741159648e-10
5.16931509268e-10	-6.23980381254e-11
5.17986256278e-10	-4.52415570285e-11
5.19041003287e-10	-8.27849525042e-11
5.20095750296e-10	-1.64542796055e-10
5.21150497306e-10	-2.72861455652e-10
5.22205244315e-10	-3.8348668685e-10
5.23259991324e-10	-4.74790762262e-10
5.24314738334e-10	-5.29122412551e-10
5.25369485343e-10	-5.38919131543e-10
5.26424232352e-10	-5.06698849545e-10
5.27478979362e-10	-4.43574010855e-10
5.28533726371e-10	-3.68042596399e-10
5.2958847338e-10	-2.98442631719e-10
5.3064322039e-10	-2.52476706208e-10
5.31697967399e-10	-2.39200992347e-10
5.32752714408e-10	-2.61172555804e-10
5.33807461418e-10	-3.10934583636e-10
5.34862208427e-10	-3.75561998167e-10
5.35916955436e-10	-4.38692249194e-10
5.36971702446e-10	-4.84577267201e-10
5.38026449455e-10	-5.0286136366e-10
5.39081196464e-10	-4.88771023655e-10
5.40135943474e-10	-4.46714498725e-10
5.41190690483e-10	-3.85835335903e-10
5.42245437492e-10	-3.20941606624e-10
5.43300184501e-10	-2.65971022984e-10
5.44354931511e-10	-2.33542601924e-10
5.4540967852e-10	-2.30287316993e-10
5.46464425529e-10	-2.5669499859e-10
5.47519172539e-10	-3.06807190764e-10
5.48573919548e-10	-3.68821778673e-10
5.49628666557e-10	-4.28941271391e-10
5.50683413567e-10	-4.72139549679e-10
5.51738160576e-10	-4.87792528592e-10
5.52792907585e-10	-4.6921511121e-10
5.53847654595e-10	-4.18114071143e-10
5.54902401604e-10	-3.41690675754e-10
5.55957148613e-10	-2.53774196102e-10
5.57011895623e-10	-1.70348762873e-10
5.58066642632e-10	-1.07260637872e-10
5.59121389641e-10	-7.70595739996e-11
5.60176136651e-10	-8.51293480153e-11
5.6123088366e-10	-1.30501137674e-10
5.62285630669e-10	-2.02990346754e-10
5.63340377679e-10	-2.8818386566e-10
5.64395124688e-10	-3.66961488973e-10
5.65449871697e-10	-4.22329393679e-10
5.66504618707e-10	-4.40518205247e-10
5.67559365716e-10	-4.15674994425e-10
5.68614112725e-10	-3.5061223369e-10
5.69668859735e-10	-2.56142024257e-10
5.70723606744e-10	-1.50314649616e-10
5.71778353753e-10	-5.27346222245e-11
5.72833100762e-10	1.69449038134e-11
5.73887847772e-10	4.58537270653e-11
5.74942594781e-10	2.78750477561e-11
5.7599734179e-10	-3.24136724406e-11
5.770520888e-10	-1.22972104721e-10
5.78106835809e-10	-2.24842908181e-10
5.79161582818e-10	-3.17225329338e-10
5.80216329828e-10	-3.81356557444e-10
5.81271076837e-10	-4.03703181995e-10
5.82325823846e-10	-3.80363684993e-10
5.83380570856e-10	-3.15379028448e-10
5.84435317865e-10	-2.22928397964e-10
5.85490064874e-10	-1.21055984681e-10
5.86544811884e-10	-3.11661044194e-11
5.87599558893e-10	2.93246642247e-11
5.88654305902e-10	4.83602706491e-11
5.89709052912e-10	2.2976922448e-11
5.90763799921e-10	-4.03724657871e-11
5.9181854693e-10	-1.28342628192e-10
5.9287329394e-10	-2.21489326879e-10
5.93928040949e-10	-3.01348140885e-10
5.94982787958e-10	-3.50923068382e-10
5.96037534968e-10	-3.61498941892e-10
5.97092281977e-10	-3.31259158992e-10
5.98147028986e-10	-2.67915911678e-10
5.99201775996e-10	-1.85212303827e-10
6.00256523005e-10	-1.0074147766e-10
6.01311270014e-10	-3.22916172968e-11
6.02366017023e-10	6.93693019693e-12
6.03420764033e-10	9.10549847327e-12
6.04475511042e-10	-2.41575266735e-11
6.05530258051e-10	-8.5240745018e-11
6.06585005061e-10	-1.59330645899e-10
6.0763975207e-10	-2.30423707892e-10
6.08694499079e-10	-2.82529277751e-10
6.09749246089e-10	-3.0463953582e-10
6.10803993098e-10	-2.92071561381e-10
6.11858740107e-10	-2.47375731011e-10
6.12913487117e-10	-1.80394546523e-10
6.13968234126e-10	-1.0450534188e-10
6.15022981135e-10	-3.59709796671e-11
6.16077728145e-10	1.21097220793e-11
6.17132475154e-10	2.97085862855e-11
6.18187222163e-10	1.44929884066e-11
6.19241969173e-10	-3.00340759207e-11
6.20296716182e-10	-9.35705332661e-11
6.21351463191e-10	-1.62349717003e-10
6.22406210201e-10	-2.21518539623e-10
6.2346095721e-10	-2.57866034081e-10
6.24515704219e-10	-2.63649241328e-10
6.25570451229e-10	-2.36217656546e-10
6.26625198238e-10	-1.81116316389e-10
6.27679945247e-10	-1.08071267213e-10
6.28734692257e-10	-3.20170695511e-11
6.29789439266e-10	3.24954819997e-11
6.30844186275e-10	7.2109991589e-11
6.31898933284e-10	7.87233611632e-11
6.32953680294e-10	5.06529401756e-11
6.34008427303e-10	-7.24482670036e-12
6.35063174312e-10	-8.32134777751e-11
6.36117921322e-10	-1.62863014741e-10
6.37172668331e-10	-2.29389243711e-10
6.3822741534e-10	-2.69899769201e-10
6.3928216235e-10	-2.75100470182e-10
6.40336909359e-10	-2.43933845345e-10
6.41391656368e-10	-1.81819823086e-10
6.42446403378e-10	-1.01090476268e-10
6.43501150387e-10	-1.81031769436e-11
6.44555897396e-10	5.02897966326e-11
6.45610644406e-10	8.90212625837e-11
6.46665391415e-10	8.98717211761e-11
6.47720138424e-10	5.08176174752e-11
6.48774885434e-10	-2.04843468576e-11
6.49829632443e-10	-1.11073920894e-10
6.50884379452e-10	-2.02599034771e-10
6.51939126462e-10	-2.77300932217e-10
6.52993873471e-10	-3.2031166608e-10
6.5404862048e-10	-3.23430338067e-10
6.5510336749e-10	-2.87097456919e-10
6.56158114499e-10	-2.19184490002e-10
6.57212861508e-10	-1.35179034633e-10
6.58267608518e-10	-5.24358959031e-11
6.59322355527e-10	1.06267728991e-11
6.60377102536e-10	4.12984750564e-11
6.61431849545e-10	3.24714387323e-11
6.62486596555e-10	-1.36952515301e-11
6.63541343564e-10	-8.78357594991e-11
6.64596090573e-10	-1.74766312533e-10
6.65650837583e-10	-2.56541204946e-10
6.66705584592e-10	-3.17387144344e-10
6.67760331601e-10	-3.45135864332e-10
6.68815078611e-10	-3.3615712991e-10
6.6986982562e-10	-2.93127799811e-10
6.70924572629e-10	-2.27084143156e-10
6.71979319639e-10	-1.52338988646e-10
6.73034066648e-10	-8.5373319525e-11
6.74088813657e-10	-4.00320228355e-11
6.75143560667e-10	-2.52869895162e-11
6.76198307676e-10	-4.37412848997e-11
6.77253054685e-10	-9.03711619427e-11
6.78307801695e-10	-1.55302881666e-10
6.79362548704e-10	-2.23979862435e-10
6.80417295713e-10	-2.82639661675e-10
6.81472042723e-10	-3.18687382039e-10
6.82526789732e-10	-3.25738047646e-10
6.83581536741e-10	-3.02620178916e-10
6.84636283751e-10	-2.55276799699e-10
6.8569103076e-10	-1.9419793551e-10
6.86745777769e-10	-1.32510794004e-10
6.87800524779e-10	-8.36110278235e-11
6.88855271788e-10	-5.70014972723e-11
6.89910018797e-10	-5.85051798674e-11
6.90964765806e-10	-8.63679128216e-11
6.92019512816e-10	-1.34879232783e-10
6.93074259825e-10	-1.92575511093e-10
6.94129006834e-10	-2.47466241943e-10
6.95183753844e-10	-2.87586843228e-10
6.96238500853e-10	-3.04606506685e-10
6.97293247862e-10	-2.95502844416e-10
6.98347994872e-10	-2.62115662508e-10
6.99402741881e-10	-2.12620809847e-10
7.0045748889e-10	-1.57050386584e-10
7.015122359e-10	-1.08115016939e-10
7.02566982909e-10	-7.53687459665e-11
7.03621729918e-10	-6.59587870433e-11
7.04676476928e-10	-8.09729575058e-11
7.05731223937e-10	-1.16735981992e-10
7.06785970946e-10	-1.65251576312e-10
7.07840717956e-10	-2.15736262188e-10
7.08895464965e-10	-2.58114474239e-10
7.09950211974e-10	-2.83438106319e-10
7.11004958984e-10	-2.87888879402e-10
7.12059705993e-10	-2.70896277632e-10
7.13114453002e-10	-2.37580094486e-10
7.14169200012e-10	-1.95062452302e-10
7.15223947021e-10	-1.52809709331e-10
7.1627869403e-10	-1.19167162249e-10
7.1733344104e-10	-1.00398370173e-10
7.18388188049e-10	-9.9557438682e-11
7.19442935058e-10	-1.15361213637e-10
7.20497682067e-10	-1.44162098925e-10
7.21552429077e-10	-1.78986131472e-10
7.22607176086e-10	-2.13432729823e-10
7.23661923095e-10	-2.40529041129e-10
7.24716670105e-10	-2.5635191192e-10
7.25771417114e-10	-2.58513432883e-10
7.26826164123e-10	-2.47868170433e-10
7.27880911133e-10	-2.27222976545e-10
7.28935658142e-10	-2.00738425882e-10
7.29990405151e-10	-1.73657935254e-10
7.31045152161e-10	-1.50077172911e-10
7.3209989917e-10	-1.34069894075e-10
7.33154646179e-10	-1.26911342546e-10
7.34209393189e-10	-1.29420446582e-10
7.35264140198e-10	-1.39645517372e-10
7.36318887207e-10	-1.55484861097e-10
7.37373634217e-10	-1.73505126932e-10
7.38428381226e-10	-1.9052992517e-10
7.39483128235e-10	-2.03808872556e-10
7.40537875245e-10	-2.10925402144e-10
7.41592622254e-10	-2.11169984277e-10
7.42647369263e-10	-2.03909403251e-10
7.43702116273e-10	-1.90757382112e-10
7.44756863282e-10	-1.72960215594e-10
7.45811610291e-10	-1.53619242327e-10
7.46866357301e-10	-1.34938796248e-10
7.4792110431e-10	-1.19739995696e-10
7.48975851319e-10	-1.097517216e-10
7.50030598328e-10	-1.05868813716e-10
7.51085345338e-10	-1.08353478967e-10
7.52140092347e-10	-1.15727781524e-10
7.53194839356e-10	-1.2684846229e-10
7.54249586366e-10	-1.38741532152e-10
7.55304333375e-10	-1.49685541739e-10
7.56359080384e-10	-1.56785723293e-10
7.57413827394e-10	-1.58815433027e-10
7.58468574403e-10	-1.54556492604e-10
7.59523321412e-10	-1.44141781844e-10
7.60578068422e-10	-1.28852331582e-10
7.61632815431e-10	-1.10312925461e-10
7.6268756244e-10	-9.16743833623e-11
7.6374230945e-10	-7.51058104598e-11
7.64797056459e-10	-6.37543143278e-11
7.65851803468e-10	-5.87591988954e-11
7.66906550478e-10	-6.1299569587e-11
7.67961297487e-10	-7.03379368638e-11
7.69016044496e-10	-8.4210534379e-11
7.70070791506e-10	-9.99840626958e-11
7.71125538515e-10	-1.14081827318e-10
7.72180285524e-10	-1.23485222048e-10
7.73235032534e-10	-1.25155913411e-10
7.74289779543e-10	-1.18395709903e-10
7.75344526552e-10	-1.03118409644e-10
7.76399273562e-10	-8.2112240618e-11
7.77454020571e-10	-5.85740900227e-11
7.7850876758e-10	-3.73018733957e-11
7.79563514589e-10	-2.23265277793e-11
7.80618261599e-10	-1.68882737656e-11
7.81673008608e-10	-2.23630523821e-11
7.82727755617e-10	-3.75284803233e-11
7.83782502627e-10	-5.95835117356e-11
7.84837249636e-10	-8.33073610096e-11
7.85891996645e-10	-1.03848450672e-10
7.86946743655e-10	-1.15847179072e-10
7.88001490664e-10	-1.16594622845e-10
7.89056237673e-10	-1.04839595338e-10
7.90110984683e-10	-8.27177631946e-11
7.91165731692e-10	-5.42395919845e-11
7.92220478701e-10	-2.50785225919e-11
7.93275225711e-10	-1.44811333064e-12
7.9432997272e-10	1.19717994199e-11
7.95384719729e-10	1.17763594015e-11
7.96439466739e-10	-1.59218807843e-12
7.97494213748e-10	-2.59015794923e-11
7.98548960757e-10	-5.54583115542e-11
7.99603707767e-10	-8.4276918777e-11
8.00658454776e-10	-1.05707963216e-10
8.01713201785e-10	-1.15047416038e-10
8.02767948795e-10	-1.09997344566e-10
8.03822695804e-10	-9.10613390248e-11
8.04877442813e-10	-6.22277854245e-11
8.05932189823e-10	-2.8782936104e-11
8.06986936832e-10	2.00363900818e-12
8.08041683841e-10	2.44742073829e-11
8.0909643085e-10	3.36348449093e-11
8.1015117786e-10	2.8196556201e-11
8.11205924869e-10	9.17905248338e-12
8.12260671878e-10	-1.91564195062e-11
8.13315418888e-10	-5.0753762304e-11
8.14370165897e-10	-7.91853665971e-11
8.15424912906e-10	-9.8160778117e-11
8.16479659916e-10	-1.04221048458e-10
8.17534406925e-10	-9.56149673326e-11
8.18589153934e-10	-7.46444295263e-11
8.19643900944e-10	-4.51176943028e-11
8.20698647953e-10	-1.33999582264e-11
8.21753394962e-10	1.4433038098e-11
8.22808141972e-10	3.28103967606e-11
8.23862888981e-10	3.82561204937e-11
8.2491763599e-10	3.02058135448e-11
8.25972383e-10	1.03085266018e-11
8.27027130009e-10	-1.67197904827e-11
8.28081877018e-10	-4.57718654645e-11
8.29136624028e-10	-7.05445910021e-11
8.30191371037e-10	-8.67326765963e-11
8.31246118046e-10	-9.10487588102e-11
8.32300865056e-10	-8.33171101555e-11
8.33355612065e-10	-6.53539514173e-11
8.34410359074e-10	-4.1070022383e-11
8.35465106084e-10	-1.56988710226e-11
8.36519853093e-10	5.93523103928e-12
8.37574600102e-10	1.91588533233e-11
8.38629347111e-10	2.19852816508e-11
8.39684094121e-10	1.35829854309e-11
8.4073884113e-10	-3.73498324283e-12
8.41793588139e-10	-2.68104739798e-11
8.42848335149e-10	-5.08921481346e-11
8.43903082158e-10	-7.1622811848e-11
8.44957829167e-10	-8.53813963975e-11
8.46012576177e-10	-8.98715060704e-11
8.47067323186e-10	-8.50903930649e-11
8.48122070195e-10	-7.21177284557e-11
8.49176817205e-10	-5.43742134651e-11
8.50231564214e-10	-3.51442867863e-11
8.51286311223e-10	-1.88005288421e-11
8.52341058233e-10	-8.25842345897e-12
8.53395805242e-10	-5.90576762841e-12
8.54450552251e-10	-1.21428414199e-11
8.55505299261e-10	-2.58732046204e-11
8.5656004627e-10	-4.47778029933e-11
8.57614793279e-10	-6.51756704162e-11
8.58669540289e-10	-8.38612443377e-11
8.59724287298e-10	-9.71481783907e-11
8.60779034307e-10	-1.03347656821e-10
8.61833781317e-10	-1.01185573809e-10
8.62888528326e-10	-9.17436959735e-11
8.63943275335e-10	-7.68381192007e-11
8.64998022345e-10	-5.96470789427e-11
8.66052769354e-10	-4.36897323874e-11
8.67107516363e-10	-3.20852372448e-11
8.68162263372e-10	-2.75832499202e-11
8.69217010382e-10	-3.09710139479e-11
8.70271757391e-10	-4.23381538162e-11
8.713265044e-10	-5.93672611071e-11
8.7238125141e-10	-7.94713739261e-11
8.73435998419e-10	-9.86645418144e-11
8.74490745428e-10	-1.13636169918e-10
8.75545492438e-10	-1.21472248926e-10
8.76600239447e-10	-1.2069527322e-10
8.77654986456e-10	-1.11614134601e-10
8.78709733466e-10	-9.57884882524e-11
8.79764480475e-10	-7.67065438945e-11
8.80819227484e-10	-5.78178789568e-11
8.81873974494e-10	-4.3433256991e-11
8.82928721503e-10	-3.62200235082e-11
8.83983468512e-10	-3.82179045355e-11
8.85038215522e-10	-4.91002100089e-11
8.86092962531e-10	-6.71185051981e-11
8.8714770954e-10	-8.89182269481e-11
8.8820245655e-10	-1.10198329628e-10
8.89257203559e-10	-1.26992291682e-10
8.90311950568e-10	-1.356099677e-10
8.91366697578e-10	-1.34637898053e-10
8.92421444587e-10	-1.23793086892e-10
8.93476191596e-10	-1.05614093859e-10
8.94530938606e-10	-8.34375624148e-11
8.95585685615e-10	-6.20735060575e-11
8.96640432624e-10	-4.58386904822e-11
8.97695179633e-10	-3.82019138545e-11
8.98749926643e-10	-4.09915504318e-11
8.99804673652e-10	-5.35713730321e-11
9.00859420661e-10	-7.37926456051e-11
9.01914167671e-10	-9.7221605766e-11
9.0296891468e-10	-1.19491222472e-10
9.04023661689e-10	-1.35658304035e-10
9.05078408699e-10	-1.42743081244e-10
9.06133155708e-10	-1.39070949201e-10
9.07187902717e-10	-1.25587346078e-10
9.08242649727e-10	-1.05135566919e-10
9.09297396736e-10	-8.19328632717e-11
9.10352143745e-10	-6.1050386968e-11
9.11406890755e-10	-4.65678225148e-11
9.12461637764e-10	-4.18194888441e-11
9.13516384773e-10	-4.73247170618e-11
9.14571131783e-10	-6.22025625452e-11
9.15625878792e-10	-8.28726462454e-11
9.16680625801e-10	-1.05170851195e-10
9.17735372811e-10	-1.24233470733e-10
9.1879011982e-10	-1.36120115179e-10
9.19844866829e-10	-1.38547576189e-10
9.20899613839e-10	-1.30974966983e-10
9.21954360848e-10	-1.15450565774e-10
9.23009107857e-10	-9.50147530099e-11
9.24063854867e-10	-7.43630643174e-11
9.25118601876e-10	-5.73557555616e-11
9.26173348885e-10	-4.76656041026e-11
9.27228095894e-10	-4.67536599713e-11
9.28282842904e-10	-5.45839762278e-11
9.29337589913e-10	-6.91316170975e-11
9.30392336922e-10	-8.69604457887e-11
9.31447083932e-10	-1.04334742235e-10
9.32501830941e-10	-1.1725015403e-10
9.3355657795e-10	-1.23375268335e-10
9.3461132496e-10	-1.21161913835e-10
9.35666071969e-10	-1.11564549266e-10
9.36720818978e-10	-9.6357706536e-11
9.37775565988e-10	-7.89350668162e-11
9.38830312997e-10	-6.26270008075e-11
9.39885060006e-10	-5.0513117994e-11
9.40939807016e-10	-4.47688726368e-11
9.41994554025e-10	-4.58720873786e-11
9.43049301034e-10	-5.33558336402e-11
9.44104048044e-10	-6.49184456192e-11
9.45158795053e-10	-7.81748346612e-11
9.46213542062e-10	-8.98643451319e-11
9.47268289072e-10	-9.77629852073e-11
9.48323036081e-10	-1.00023704597e-10
9.4937778309e-10	-9.63133461873e-11
9.504325301e-10	-8.73687858172e-11
9.51487277109e-10	-7.48702280728e-11
9.52542024118e-10	-6.1349210434e-11
9.53596771128e-10	-4.90359870764e-11
9.54651518137e-10	-4.0288893749e-11
9.55706265146e-10	-3.60968130386e-11
9.56761012155e-10	-3.70888667001e-11
9.57815759165e-10	-4.2307359005e-11
9.58870506174e-10	-5.05209207802e-11
9.59925253183e-10	-5.96406257714e-11
9.60980000193e-10	-6.7722896735e-11
9.62034747202e-10	-7.31120303188e-11
9.63089494211e-10	-7.45812162029e-11
9.64144241221e-10	-7.20147552702e-11
9.6519898823e-10	-6.56062426607e-11
9.66253735239e-10	-5.67672367446e-11
9.67308482249e-10	-4.67175395591e-11
9.68363229258e-10	-3.74168335204e-11
9.69417976267e-10	-3.00810591713e-11
9.70472723277e-10	-2.59432232641e-11
9.71527470286e-10	-2.53483206647e-11
9.72582217295e-10	-2.80778855027e-11
9.73636964305e-10	-3.3438266045e-11
9.74691711314e-10	-4.00021786529e-11
9.75746458323e-10	-4.66288951895e-11
9.76801205333e-10	-5.16546180829e-11
9.77855952342e-10	-5.43655676033e-11
9.78910699351e-10	-5.38658354032e-11
9.79965446361e-10	-5.04131666967e-11
9.8102019337e-10	-4.43294671804e-11
9.82074940379e-10	-3.66975894117e-11
9.83129687389e-10	-2.87766321189e-11
9.84184434398e-10	-2.17550578246e-11
9.85239181407e-10	-1.70003993522e-11
9.86293928416e-10	-1.49699506263e-11
9.87348675426e-10	-1.62249033653e-11
9.88403422435e-10	-2.00598183897e-11
9.89458169444e-10	-2.58983581108e-11
9.90512916454e-10	-3.22251739182e-11
9.91567663463e-10	-3.784059871e-11
9.92622410472e-10	-4.14485459843e-11
9.93677157482e-10	-4.2191302535e-11
9.94731904491e-10	-3.99581791266e-11
9.957866515e-10	-3.48809210682e-11
9.9684139851e-10	-2.81599795565e-11
9.97896145519e-10	-2.0757390598e-11
9.98950892528e-10	-1.43578759992e-11
1.00000563954e-09	-9.8946354582e-12
1.00106038655e-09	-8.36795823606e-12
1.00211513356e-09	-9.82221769197e-12
1.00316988057e-09	-1.3879646564e-11
1.00422462757e-09	-1.95903744615e-11
1.00527937458e-09	-2.55301422364e-11
1.00633412159e-09	-3.05341134321e-11
1.0073888686e-09	-3.32614456811e-11
1.00844361561e-09	-3.33651023476e-11
1.00949836262e-09	-3.05867414729e-11
1.01055310963e-09	-2.57882621507e-11
1.01160785664e-09	-1.98298183429e-11
1.01266260365e-09	-1.41375912713e-11
1.01371735066e-09	-9.81498042563e-12
1.01477209767e-09	-7.70158849889e-12
1.01582684468e-09	-8.18283114878e-12
1.01688159169e-09	-1.08453948947e-11
1.0179363387e-09	-1.51392717807e-11
1.01899108571e-09	-1.97817959929e-11
1.02004583271e-09	-2.39417166648e-11
1.02110057972e-09	-2.64972280228e-11
1.02215532673e-09	-2.71933309204e-11
1.02321007374e-09	-2.58564714778e-11
1.02426482075e-09	-2.3065169566e-11
1.02531956776e-09	-1.95653684226e-11
1.02637431477e-09	-1.62224279149e-11
1.02742906178e-09	-1.39601368659e-11
1.02848380879e-09	-1.30943710736e-11
1.0295385558e-09	-1.39640816271e-11
1.03059330281e-09	-1.59853831561e-11
1.03164804982e-09	-1.8819763456e-11
1.03270279683e-09	-2.14738019033e-11
1.03375754384e-09	-2.35162878753e-11
1.03481229085e-09	-2.44201516647e-11
1.03586703785e-09	-2.42117055571e-11
1.03692178486e-09	-2.32434540365e-11
1.03797653187e-09	-2.19148726943e-11
1.03903127888e-09	-2.10425791375e-11
1.04008602589e-09	-2.08267066787e-11
1.0411407729e-09	-2.17735291602e-11
1.04219551991e-09	-2.34832864959e-11
1.04325026692e-09	-2.58002057218e-11
1.04430501393e-09	-2.79518873325e-11
1.04535976094e-09	-2.94592579497e-11
1.04641450795e-09	-2.98745264637e-11
1.04746925496e-09	-2.90131946246e-11
1.04852400197e-09	-2.72779333843e-11
1.04957874898e-09	-2.5029828904e-11
1.05063349599e-09	-2.32903245301e-11
1.05168824299e-09	-2.2551497128e-11
1.05274299e-09	-2.35829827888e-11
1.05379773701e-09	-2.62990601518e-11
1.05485248402e-09	-3.04951897068e-11
1.05590723103e-09	-3.53061711811e-11
1.05696197804e-09	-3.97247720829e-11
1.05801672505e-09	-4.2787669241e-11
1.05907147206e-09	-4.36264462056e-11
1.06012621907e-09	-4.2160205882e-11
1.06118096608e-09	-3.85039881923e-11
1.06223571309e-09	-3.37378319726e-11
1.0632904601e-09	-2.88656615971e-11
1.06434520711e-09	-2.53571920406e-11
1.06539995412e-09	-2.41228374082e-11
1.06645470112e-09	-2.58215324123e-11
1.06750944813e-09	-3.03096055199e-11
1.06856419514e-09	-3.68125044337e-11
1.06961894215e-09	-4.41287874298e-11
1.07067368916e-09	-5.0609520047e-11
1.07172843617e-09	-5.50263584698e-11
1.07278318318e-09	-5.62011340244e-11
1.07383793019e-09	-5.40552776152e-11
1.0748926772e-09	-4.8869921998e-11
1.07594742421e-09	-4.19804156715e-11
1.07700217122e-09	-3.48586680354e-11
1.07805691823e-09	-2.926127049e-11
1.07911166524e-09	-2.65430906421e-11
1.08016641225e-09	-2.74139200923e-11
1.08122115926e-09	-3.19358983703e-11
1.08227590626e-09	-3.90807421147e-11
1.08333065327e-09	-4.760514552e-11
1.08438540028e-09	-5.55058256302e-11
1.08544014729e-09	-6.13515904746e-11
1.0864948943e-09	-6.37325678343e-11
1.08754964131e-09	-6.23173110337e-11
