% time-domain current integration by openEMS v0.0.36-142-g32c5c6b @Thu Jul  9 20:11:46 2026
% start-coordinates: (3.73983e-05,0.000211196,2.17203e-06) m -> [6,21,1]
% stop-coordinates: (6.1227e-05,0.000235025,2.17203e-06) m -> [9,24,1]
% t/s	current
2.63122970763e-15	0
1.24983411112e-12	-1.24624477404e-10
2.49703699254e-12	-1.37706429593e-10
3.74423987396e-12	3.79186439192e-12
4.99144275538e-12	5.50730128168e-10
6.23864563679e-12	1.88936977175e-09
7.48584851821e-12	4.45837677887e-09
8.73305139963e-12	8.41794012274e-09
9.98025428104e-12	1.31000570391e-08
1.12274571625e-11	1.62748960975e-08
1.24746600439e-11	1.36489797242e-08
1.37218629253e-11	-8.0113887746e-10
1.49690658067e-11	-3.300510798e-08
1.62162686881e-11	-8.53623802755e-08
1.74634715695e-11	-1.52548935262e-07
1.8710674451e-11	-2.1863394295e-07
1.99578773324e-11	-2.5807031534e-07
2.12050802138e-11	-2.42233085146e-07
2.24522830952e-11	-1.50661534803e-07
2.36994859766e-11	1.69878848766e-08
2.4946688858e-11	2.34209920791e-07
2.61938917395e-11	4.51096298093e-07
2.74410946209e-11	6.08732591445e-07
2.86882975023e-11	6.59769398226e-07
2.99355003837e-11	5.86516875956e-07
3.11827032651e-11	4.08274473784e-07
3.24299061465e-11	1.74355733407e-07
3.3677109028e-11	-5.40246283265e-08
3.49243119094e-11	-2.24857103603e-07
3.61715147908e-11	-3.10589769015e-07
3.74187176722e-11	-3.12305076022e-07
3.86659205536e-11	-2.53143184636e-07
3.9913123435e-11	-1.65739862723e-07
4.11603263165e-11	-7.98086361442e-08
4.24075291979e-11	-1.436308672e-08
4.36547320793e-11	2.40566304655e-08
4.49019349607e-11	3.8537773861e-08
4.61491378421e-11	3.69937573907e-08
4.73963407235e-11	2.78146785604e-08
4.8643543605e-11	1.72604330828e-08
4.98907464864e-11	8.71232153088e-09
5.11379493678e-11	3.17838688701e-09
5.23851522492e-11	2.77233902501e-10
5.36323551306e-11	-8.6966428503e-10
5.48795580121e-11	-1.08697673085e-09
5.61267608935e-11	-9.32533605891e-10
5.73739637749e-11	-6.99127311599e-10
5.86211666563e-11	-5.39789768439e-10
5.98683695377e-11	-4.21174567444e-10
6.11155724191e-11	-3.40137668031e-10
6.23627753006e-11	-2.86255352755e-10
6.3609978182e-11	-2.48584319795e-10
6.48571810634e-11	-2.18421697395e-10
6.61043839448e-11	-1.8950298275e-10
6.73515868262e-11	-1.61280239164e-10
6.85987897076e-11	-1.339495459e-10
6.98459925891e-11	-1.08136166688e-10
7.10931954705e-11	-8.50274017861e-11
7.23403983519e-11	-6.58876217474e-11
7.35876012333e-11	-5.15045020522e-11
7.48348041147e-11	-4.19401874341e-11
7.60820069961e-11	-3.67395766587e-11
7.73292098776e-11	-3.49087148077e-11
7.8576412759e-11	-3.5437403012e-11
7.98236156404e-11	-3.74496718358e-11
8.10708185218e-11	-4.02483255058e-11
8.23180214032e-11	-4.340421772e-11
8.35652242846e-11	-4.6611006721e-11
8.48124271661e-11	-4.97621215068e-11
8.60596300475e-11	-5.27608998158e-11
8.73068329289e-11	-5.5566759527e-11
8.85540358103e-11	-5.81202273808e-11
8.98012386917e-11	-6.04037375673e-11
9.10484415731e-11	-6.23261234289e-11
9.22956444546e-11	-6.39296046656e-11
9.3542847336e-11	-6.51716597355e-11
9.47900502174e-11	-6.60561189081e-11
9.60372530988e-11	-6.66632096746e-11
9.72844559802e-11	-6.70137556558e-11
9.85316588616e-11	-6.71178806977e-11
9.97788617431e-11	-6.71068547953e-11
1.01026064624e-10	-6.69725941371e-11
1.02273267506e-10	-6.67663146992e-11
1.03520470387e-10	-6.65409810585e-11
1.04767673269e-10	-6.62608717894e-11
1.0601487615e-10	-6.60062421387e-11
1.07262079032e-10	-6.57455687114e-11
1.08509281913e-10	-6.55034845809e-11
1.09756484794e-10	-6.52975798432e-11
1.11003687676e-10	-6.51130052653e-11
1.12250890557e-10	-6.49482551074e-11
1.13498093439e-10	-6.48513118207e-11
1.1474529632e-10	-6.47460834946e-11
1.15992499201e-10	-6.4687068202e-11
1.17239702083e-10	-6.46460732168e-11
1.18486904964e-10	-6.46338052523e-11
1.19734107846e-10	-6.4601130001e-11
1.20981310727e-10	-6.46286218986e-11
1.22228513609e-10	-6.4634415875e-11
1.2347571649e-10	-6.46402723015e-11
1.24722919371e-10	-6.46639408686e-11
1.25970122253e-10	-6.4686610235e-11
1.27217325134e-10	-6.4701716207e-11
1.28464528016e-10	-6.47276260368e-11
1.29711730897e-10	-6.47497541695e-11
1.30958933778e-10	-6.47580530866e-11
1.3220613666e-10	-6.47778081175e-11
1.33453339541e-10	-6.47881609472e-11
1.34700542423e-10	-6.48083253729e-11
1.35947745304e-10	-6.48113368529e-11
1.37194948186e-10	-6.48072429055e-11
1.38442151067e-10	-6.4814598133e-11
1.39689353948e-10	-6.48084086396e-11
1.4093655683e-10	-6.48176304296e-11
1.42183759711e-10	-6.4809040079e-11
1.43430962593e-10	-6.48121833979e-11
1.44678165474e-10	-6.4821335799e-11
1.45925368355e-10	-6.48289408267e-11
1.47172571237e-10	-6.48018305682e-11
1.48419774118e-10	-6.48063130937e-11
1.49666977e-10	-6.48147230331e-11
1.50914179881e-10	-6.48140499604e-11
1.52161382763e-10	-6.47885078919e-11
1.53408585644e-10	-6.4777253006e-11
1.54655788525e-10	-6.48106152079e-11
1.55902991407e-10	-6.48316608731e-11
1.57150194288e-10	-6.47994782832e-11
1.5839739717e-10	-6.47720627134e-11
1.59644600051e-10	-6.4818261869e-11
1.60891802932e-10	-6.48455109054e-11
1.62139005814e-10	-6.47835812773e-11
1.63386208695e-10	-6.47234765783e-11
1.64633411577e-10	-6.47707096291e-11
1.65880614458e-10	-6.48370107603e-11
1.6712781734e-10	-6.48202116982e-11
1.68375020221e-10	-6.47254819186e-11
1.69622223102e-10	-6.48012893345e-11
1.70869425984e-10	-6.49809650533e-11
1.72116628865e-10	-6.48900586042e-11
1.73363831747e-10	-6.46779366176e-11
1.74611034628e-10	-6.46799835913e-11
1.75858237509e-10	-6.48604850384e-11
1.77105440391e-10	-6.48730305586e-11
1.78352643272e-10	-6.45019732071e-11
1.79599846154e-10	-6.45607248217e-11
1.80847049035e-10	-6.5115447756e-11
1.82094251917e-10	-6.52384882227e-11
1.83341454798e-10	-6.48061118658e-11
1.84588657679e-10	-6.45207637318e-11
1.85835860561e-10	-6.49978890155e-11
1.87083063442e-10	-6.53020276742e-11
1.88330266324e-10	-6.42201430923e-11
1.89577469205e-10	-6.36067309934e-11
1.90824672086e-10	-6.47150943944e-11
1.92071874968e-10	-6.5732710941e-11
1.93319077849e-10	-6.5260054305e-11
1.94566280731e-10	-6.40687225495e-11
1.95813483612e-10	-6.52216752828e-11
1.97060686494e-10	-6.72405672808e-11
1.98307889375e-10	-6.50984335882e-11
1.99555092256e-10	-6.19291840032e-11
2.00802295138e-10	-6.26255367009e-11
2.02049498019e-10	-6.56881771199e-11
2.03296700901e-10	-6.60296956001e-11
2.04543903782e-10	-6.17900730582e-11
2.05791106663e-10	-6.33288838037e-11
2.07038309545e-10	-7.15357911796e-11
2.08285512426e-10	-7.10493816558e-11
2.09532715308e-10	-6.25878099347e-11
2.10779918189e-10	-5.84644763157e-11
2.12027121071e-10	-6.49695158783e-11
2.13274323952e-10	-6.9443686912e-11
2.14521526833e-10	-5.53435700046e-11
2.15768729715e-10	-5.01517959106e-11
2.17015932596e-10	-7.15190753842e-11
2.18263135478e-10	-8.52775905447e-11
2.19510338359e-10	-7.33136745756e-11
2.2075754124e-10	-5.36193242584e-11
2.22004744122e-10	-6.56814949651e-11
2.23251947003e-10	-9.03997779411e-11
2.24499149885e-10	-5.53472961906e-11
2.25746352766e-10	-1.18337596666e-11
2.26993555648e-10	-3.98088471909e-11
2.28240758529e-10	-9.62025459295e-11
2.2948796141e-10	-1.01412989117e-10
2.30735164292e-10	-4.01833184782e-11
2.31982367173e-10	-5.52659584763e-11
2.33229570055e-10	-1.63280000631e-10
2.34476772936e-10	-1.26718732729e-10
2.35723975817e-10	2.75704042929e-11
2.36971178699e-10	6.66736318933e-11
2.3821838158e-10	-6.44876096967e-11
2.39465584462e-10	-1.55688170689e-10
2.40712787343e-10	2.31009031348e-11
2.41959990225e-10	7.77270470209e-11
2.43207193106e-10	-2.65282878997e-10
2.44454395987e-10	-4.13065248672e-10
2.45701598869e-10	-9.61200286032e-11
2.4694880175e-10	2.45024028844e-10
2.48196004632e-10	4.81854417478e-11
2.49443207513e-10	-3.49234835495e-10
2.50690410395e-10	1.23665772067e-10
2.51937613276e-10	6.73210098778e-10
2.53184816157e-10	-8.14188994003e-12
2.54432019039e-10	-9.47171008292e-10
2.5567922192e-10	-7.48207440449e-10
2.56926424802e-10	4.14048240138e-10
2.58173627683e-10	3.26140003892e-10
2.59420830564e-10	-1.1753364948e-09
2.60668033446e-10	-4.18865442331e-10
2.61915236327e-10	1.97904959087e-09
2.63162439209e-10	1.77390724332e-09
2.6440964209e-10	-1.06807107603e-09
2.65656844972e-10	-2.38105468675e-09
2.66904047853e-10	6.4081812079e-10
2.68151250734e-10	1.70721370374e-09
2.69398453616e-10	-3.22271054287e-09
2.70645656497e-10	-4.20406642831e-09
2.71892859379e-10	2.43938735878e-09
2.7314006226e-10	6.83270284796e-09
2.74387265141e-10	1.37525590915e-09
2.75634468023e-10	-5.76886050041e-09
2.76881670904e-10	1.03275898944e-09
2.78128873786e-10	8.43272918161e-09
2.79376076667e-10	-3.83262133141e-09
2.80623279549e-10	-1.60355213552e-08
2.8187048243e-10	-5.40693090301e-09
2.83117685311e-10	1.52219552518e-08
2.84364888193e-10	1.08237472318e-08
2.85612091074e-10	-1.42102054568e-08
2.86859293956e-10	-3.08957881501e-09
2.88106496837e-10	2.98828375378e-08
2.89353699718e-10	1.35518742894e-08
2.906009026e-10	-3.58120466615e-08
2.91848105481e-10	-3.97311552547e-08
2.93095308363e-10	2.1099584302e-08
2.94342511244e-10	3.87166210203e-08
2.95589714126e-10	-3.53242981532e-08
2.96836917007e-10	-3.89339795959e-08
2.98084119888e-10	6.78557725564e-08
2.9933132277e-10	9.47956309005e-08
3.00578525651e-10	-3.56358604847e-08
3.01825728533e-10	-1.3530846843e-07
3.03072931414e-10	-1.72964043088e-09
3.04320134295e-10	1.1913229514e-07
3.05567337177e-10	-6.24291942586e-08
3.06814540058e-10	-1.88708185078e-07
3.0806174294e-10	6.15971558204e-08
3.09308945821e-10	3.30594076559e-07
3.10556148703e-10	1.17008163159e-07
3.11803351584e-10	-3.20182692803e-07
3.13050554465e-10	-1.38886377954e-07
3.14297757347e-10	3.29223041717e-07
3.15544960228e-10	-1.07501563207e-09
