% time-domain voltage integration by openEMS v0.37.0-rc1-2-g7b051bb @Mon Aug  3 21:28:44 2026
% start-coordinates: (0.00541843,0.0039695,-0.000889) m -> [118,99,13]
% stop-coordinates: (0.00579889,0.0039695,-0.000889) m -> [124,99,13]
% t/s	voltage
0	0
1.19341269065e-12	0
2.3868253813e-12	0
3.58023807195e-12	0
4.7736507626e-12	0
5.96706345326e-12	0
7.16047614391e-12	0
8.35388883456e-12	0
9.54730152521e-12	0
1.07407142159e-11	0
1.19341269065e-11	2.77793318961e-33
1.31275395972e-11	3.37861833654e-28
1.43209522878e-11	2.35091200303e-24
1.55143649785e-11	2.57606236404e-21
1.67077776691e-11	7.41598670264e-19
1.79011903598e-11	7.54927657837e-17
1.90946030504e-11	3.29934946155e-15
2.02880157411e-11	7.11939154277e-14
2.14814284317e-11	8.46738701561e-13
2.26748411224e-11	6.09708816638e-12
2.3868253813e-11	2.8930806752e-11
2.50616665037e-11	9.73743056673e-11
2.62550791943e-11	2.42945363479e-10
2.7448491885e-11	4.36810879134e-10
2.86419045756e-11	4.24477099303e-10
2.98353172663e-11	-5.29625954204e-10
3.10287299569e-11	-3.87259341261e-09
3.22221426476e-11	-1.18470599997e-08
3.34155553382e-11	-2.72268938506e-08
3.46089680289e-11	-5.2294357733e-08
3.58023807195e-11	-8.65296776453e-08
3.69957934102e-11	-1.22880154052e-07
3.81892061008e-11	-1.43379313755e-07
3.93826187915e-11	-1.15967383252e-07
4.05760314821e-11	4.21974732934e-09
4.17694441728e-11	2.65502318797e-07
4.29628568634e-11	7.0083723358e-07
4.41562695541e-11	1.30204283266e-06
4.53496822447e-11	1.99382718336e-06
4.65430949354e-11	2.62096807546e-06
4.7736507626e-11	2.96211405271e-06
4.89299203167e-11	2.77769419199e-06
5.01233330073e-11	1.88397868328e-06
5.1316745698e-11	2.34074924776e-07
5.25101583886e-11	-2.02666893756e-06
5.37035710793e-11	-4.55829734847e-06
5.48969837699e-11	-6.88932868798e-06
5.60903964606e-11	-8.53092222997e-06
5.72838091513e-11	-9.10595332471e-06
5.84772218419e-11	-8.44721517979e-06
5.96706345326e-11	-6.63277552349e-06
6.08640472232e-11	-3.95170553702e-06
6.20574599139e-11	-8.21631722658e-07
6.32508726045e-11	2.30564349124e-06
6.44442852952e-11	5.01919504359e-06
6.56376979858e-11	6.99406035665e-06
6.68311106765e-11	8.0121725432e-06
6.80245233671e-11	7.97824139909e-06
6.92179360578e-11	6.93650810035e-06
7.04113487484e-11	5.08235024199e-06
7.16047614391e-11	2.74646009757e-06
7.27981741297e-11	3.40837178925e-07
7.39915868204e-11	-1.7308513236e-06
7.5184999511e-11	-3.16951278023e-06
7.63784122017e-11	-3.84849923307e-06
7.75718248923e-11	-3.82536151733e-06
7.8765237583e-11	-3.29735505034e-06
7.99586502736e-11	-2.52173128956e-06
8.11520629643e-11	-1.73611647369e-06
8.23454756549e-11	-1.10246266871e-06
8.35388883456e-11	-6.8821503163e-07
8.47323010362e-11	-4.75641513731e-07
8.59257137269e-11	-3.90425352492e-07
8.71191264175e-11	-3.37398159189e-07
8.83125391082e-11	-2.37680730208e-07
8.95059517988e-11	-5.80798640293e-08
9.06993644895e-11	1.75293861204e-07
9.18927771801e-11	3.87604615071e-07
9.30861898708e-11	4.89535523229e-07
9.42796025614e-11	4.23280816619e-07
9.54730152521e-11	1.98464601198e-07
9.66664279427e-11	-1.01358417659e-07
9.78598406334e-11	-3.49357261342e-07
9.9053253324e-11	-4.30494843329e-07
1.00246666015e-10	-2.96848476466e-07
1.01440078705e-10	5.04767827536e-09
1.02633491396e-10	3.4859349185e-07
1.03826904087e-10	5.79059708627e-07
1.05020316777e-10	5.79302678716e-07
1.06213729468e-10	3.21919497281e-07
1.07407142159e-10	-1.15712746052e-07
1.08600554849e-10	-5.80661094318e-07
1.0979396754e-10	-9.03909345595e-07
1.10987380231e-10	-9.66081131537e-07
1.12180792921e-10	-7.41109765556e-07
1.13374205612e-10	-3.02755417181e-07
1.14567618303e-10	2.06585413665e-07
1.15761030993e-10	6.2871862383e-07
1.16954443684e-10	8.42881100027e-07
1.18147856374e-10	8.00570980175e-07
1.19341269065e-10	5.3324075111e-07
1.20534681756e-10	1.34963044296e-07
1.21728094446e-10	-2.69583630086e-07
1.22921507137e-10	-5.62195388909e-07
1.24114919828e-10	-6.61482864928e-07
1.25308332518e-10	-5.43441856848e-07
1.26501745209e-10	-2.46307729768e-07
1.276951579e-10	1.38613952316e-07
1.2888857059e-10	4.9205942787e-07
1.30081983281e-10	6.99172431951e-07
1.31275395972e-10	6.85108489051e-07
1.32468808662e-10	4.41489170555e-07
1.33662221353e-10	3.48828477215e-08
1.34855634044e-10	-4.08614258873e-07
1.36049046734e-10	-7.41222940803e-07
1.37242459425e-10	-8.42785361499e-07
1.38435872116e-10	-6.64471748735e-07
1.39629284806e-10	-2.51535769991e-07
1.40822697497e-10	2.681154605e-07
1.42016110187e-10	7.24149856524e-07
1.43209522878e-10	9.61531121391e-07
1.44402935569e-10	8.93580740069e-07
1.45596348259e-10	5.31741644494e-07
1.4678976095e-10	-1.96891418724e-08
1.47983173641e-10	-5.98786904504e-07
1.49176586331e-10	-1.03992385192e-06
1.50369999022e-10	-1.22496061294e-06
1.51563411713e-10	-1.116529738e-06
1.52756824403e-10	-7.62804056365e-07
1.53950237094e-10	-2.75747456868e-07
1.55143649785e-10	2.08392872736e-07
1.56337062475e-10	5.70741619299e-07
1.57530475166e-10	7.42207596716e-07
1.58723887857e-10	7.16030541525e-07
1.59917300547e-10	5.41891264305e-07
1.61110713238e-10	3.03235896837e-07
1.62304125929e-10	8.88182796199e-08
1.63497538619e-10	-3.49557596202e-08
1.6469095131e-10	-4.15310434931e-08
1.65884364e-10	5.09773292467e-08
1.67077776691e-10	1.88729844197e-07
1.68271189382e-10	3.01896331933e-07
1.69464602072e-10	3.28875096045e-07
1.70658014763e-10	2.38240442485e-07
1.71851427454e-10	4.04607458648e-08
1.73044840144e-10	-2.13868526444e-07
1.74238252835e-10	-4.50350206904e-07
1.75431665526e-10	-5.95852576168e-07
1.76625078216e-10	-6.04101124679e-07
1.77818490907e-10	-4.72570061305e-07
1.79011903598e-10	-2.44166251662e-07
1.80205316288e-10	7.92489318613e-09
1.81398728979e-10	2.06616132203e-07
1.8259214167e-10	2.98428524559e-07
1.8378555436e-10	2.7092034216e-07
1.84978967051e-10	1.53904800015e-07
1.86172379742e-10	4.24473511895e-09
1.87365792432e-10	-1.1758290519e-07
1.88559205123e-10	-1.69333588929e-07
1.89752617814e-10	-1.38702590746e-07
1.90946030504e-10	-4.19282226716e-08
1.92139443195e-10	8.59075601767e-08
1.93332855885e-10	2.04617787603e-07
1.94526268576e-10	2.79559671412e-07
1.95719681267e-10	2.88765718892e-07
1.96913093957e-10	2.26672048242e-07
1.98106506648e-10	1.05093198144e-07
1.99299919339e-10	-4.80691331184e-08
2.00493332029e-10	-1.94524581332e-07
2.0168674472e-10	-2.95353718371e-07
2.02880157411e-10	-3.22968976008e-07
2.04073570101e-10	-2.7064966801e-07
2.05266982792e-10	-1.55630678123e-07
2.06460395483e-10	-1.33448021522e-08
2.07653808173e-10	1.14300725329e-07
2.08847220864e-10	1.92891338457e-07
2.10040633555e-10	2.05719002722e-07
2.11234046245e-10	1.57697270353e-07
2.12427458936e-10	7.18678565548e-08
2.13620871627e-10	-1.89754258972e-08
2.14814284317e-10	-8.3493810088e-08
2.16007697008e-10	-1.01553158771e-07
2.17201109698e-10	-7.06925717964e-08
2.18394522389e-10	-6.39098007849e-09
2.1958793508e-10	6.35480255085e-08
2.2078134777e-10	1.09516929747e-07
2.21974760461e-10	1.11268849246e-07
2.23168173152e-10	6.58026584333e-08
2.24361585842e-10	-1.17035414693e-08
2.25554998533e-10	-9.38740516432e-08
2.26748411224e-10	-1.51923972069e-07
2.27941823914e-10	-1.66250503142e-07
2.29135236605e-10	-1.32741398318e-07
2.30328649296e-10	-6.31476844148e-08
2.31522061986e-10	2.09852935029e-08
2.32715474677e-10	9.58966248632e-08
2.33908887368e-10	1.43090112203e-07
2.35102300058e-10	1.53592877083e-07
2.36295712749e-10	1.28143306632e-07
2.3748912544e-10	7.56438689464e-08
2.3868253813e-10	9.34684163401e-09
2.39875950821e-10	-5.59365442854e-08
2.41069363512e-10	-1.06665265953e-07
2.42262776202e-10	-1.32834626854e-07
2.43456188893e-10	-1.29656623216e-07
2.44649601583e-10	-9.88076669373e-08
2.45843014274e-10	-4.83157931441e-08
2.47036426965e-10	8.8423457445e-09
2.48229839655e-10	5.75882630471e-08
2.49423252346e-10	8.44693204272e-08
2.50616665037e-10	8.15098131213e-08
2.51810077727e-10	4.90720082347e-08
2.53003490418e-10	-2.83692486169e-09
2.54196903109e-10	-5.63653110852e-08
2.55390315799e-10	-9.05191646083e-08
2.5658372849e-10	-8.81702089117e-08
2.57777141181e-10	-4.34377689373e-08
2.58970553871e-10	3.41708525919e-08
2.60163966562e-10	1.20881217924e-07
2.61357379253e-10	1.86304786709e-07
2.62550791943e-10	2.04451689356e-07
2.63744204634e-10	1.64494643684e-07
2.64937617325e-10	7.55497628901e-08
2.66131030015e-10	-3.61879972655e-08
2.67324442706e-10	-1.37392007105e-07
2.68517855396e-10	-1.99598195749e-07
2.69711268087e-10	-2.0882342433e-07
2.70904680778e-10	-1.68495025932e-07
2.72098093468e-10	-9.59760715347e-08
2.73291506159e-10	-1.46430987336e-08
2.7448491885e-10	5.42292353245e-08
2.7567833154e-10	9.70756159901e-08
2.76871744231e-10	1.09722637198e-07
2.78065156922e-10	9.56982804112e-08
2.79258569612e-10	6.32549745916e-08
2.80451982303e-10	2.210837724e-08
2.81645394994e-10	-1.82163721885e-08
2.82838807684e-10	-4.96646883619e-08
2.84032220375e-10	-6.583558676e-08
2.85225633066e-10	-6.3126618155e-08
2.86419045756e-10	-4.17072070213e-08
2.87612458447e-10	-6.88524884329e-09
2.88805871138e-10	3.09893626316e-08
2.89999283828e-10	5.8849042972e-08
2.91192696519e-10	6.52644791543e-08
2.9238610921e-10	4.57547391086e-08
2.935795219e-10	6.16416856447e-09
2.94772934591e-10	-3.81083751222e-08
2.95966347281e-10	-6.73407676288e-08
2.97159759972e-10	-6.6093886808e-08
2.98353172663e-10	-3.07974503677e-08
2.99546585353e-10	2.73545484042e-08
3.00739998044e-10	8.56945394645e-08
3.01933410735e-10	1.19580970903e-07
3.03126823425e-10	1.12592879908e-07
3.04320236116e-10	6.40329860246e-08
3.05513648807e-10	-1.06473647676e-08
3.06707061497e-10	-8.60491642385e-08
3.07900474188e-10	-1.37076060724e-07
3.09093886879e-10	-1.48301415592e-07
3.10287299569e-10	-1.18973727758e-07
3.1148071226e-10	-6.14774231522e-08
3.12674124951e-10	4.75358408192e-09
3.13867537641e-10	6.08791652645e-08
3.15060950332e-10	9.47567313503e-08
3.16254363023e-10	1.02557132564e-07
3.17447775713e-10	8.770925497e-08
3.18641188404e-10	5.71488647516e-08
3.19834601094e-10	1.8708920857e-08
3.21028013785e-10	-2.03438230706e-08
3.22221426476e-10	-5.31899582157e-08
3.23414839166e-10	-7.32127833913e-08
3.24608251857e-10	-7.48631290293e-08
3.25801664548e-10	-5.57973933724e-08
3.26995077238e-10	-1.91087300427e-08
3.28188489929e-10	2.574611635e-08
3.2938190262e-10	6.49133484742e-08
3.3057531531e-10	8.47266914406e-08
3.31768728001e-10	7.70817898399e-08
3.32962140692e-10	4.35048232994e-08
3.34155553382e-10	-4.76924816306e-09
3.35348966073e-10	-5.04435817561e-08
3.36542378764e-10	-7.69530723588e-08
3.37735791454e-10	-7.49094803965e-08
3.38929204145e-10	-4.60500095834e-08
3.40122616836e-10	-2.36155073274e-09
3.41316029526e-10	3.87225291831e-08
3.42509442217e-10	6.15259168057e-08
3.43702854908e-10	5.82339163557e-08
3.44896267598e-10	3.1684616264e-08
3.46089680289e-10	-6.3458871491e-09
3.47283092979e-10	-4.03645681324e-08
3.4847650567e-10	-5.7471109205e-08
3.49669918361e-10	-5.20734415588e-08
3.50863331051e-10	-2.71888653813e-08
3.52056743742e-10	7.63749719024e-09
3.53250156433e-10	4.06321083446e-08
3.54443569123e-10	6.19737599017e-08
3.55636981814e-10	6.64847448206e-08
3.56830394505e-10	5.39697473378e-08
3.58023807195e-10	2.81872014618e-08
3.59217219886e-10	-5.08481229344e-09
3.60410632577e-10	-3.93361085926e-08
3.61604045267e-10	-6.81497658306e-08
3.62797457958e-10	-8.56440030006e-08
3.63990870649e-10	-8.699697851e-08
3.65184283339e-10	-6.95637405457e-08
3.6637769603e-10	-3.42881389948e-08
3.67571108721e-10	1.33151727422e-08
3.68764521411e-10	6.30459719986e-08
3.69957934102e-10	1.01947361664e-07
3.71151346792e-10	1.17846835401e-07
3.72344759483e-10	1.03626335957e-07
3.73538172174e-10	6.09394561479e-08
3.74731584864e-10	9.00202912213e-10
3.75924997555e-10	-5.85427319955e-08
3.77118410246e-10	-9.85024639633e-08
3.78311822936e-10	-1.06302559644e-07
3.79505235627e-10	-8.03458899412e-08
3.80698648318e-10	-3.11998997748e-08
3.81892061008e-10	2.25996990011e-08
3.83085473699e-10	6.17264594993e-08
3.8427888639e-10	7.34532585867e-08
3.8547229908e-10	5.60882584821e-08
3.86665711771e-10	1.86329296437e-08
3.87859124462e-10	-2.34888224426e-08
3.89052537152e-10	-5.48191216865e-08
3.90245949843e-10	-6.51880514013e-08
3.91439362534e-10	-5.2539082418e-08
3.92632775224e-10	-2.23616170025e-08
3.93826187915e-10	1.51446842844e-08
3.95019600606e-10	4.87559375095e-08
3.96213013296e-10	6.93992285861e-08
3.97406425987e-10	7.20632176154e-08
3.98599838677e-10	5.62409008253e-08
3.99793251368e-10	2.55182959208e-08
4.00986664059e-10	-1.34674185137e-08
4.02180076749e-10	-5.20821181738e-08
4.0337348944e-10	-8.10229749959e-08
4.04566902131e-10	-9.19383404963e-08
4.05760314821e-10	-7.94640406809e-08
4.06953727512e-10	-4.36349409938e-08
4.08147140203e-10	8.75994965455e-09
4.09340552893e-10	6.4289386259e-08
4.10533965584e-10	1.06085740192e-07
4.11727378275e-10	1.1901907726e-07
4.12920790965e-10	9.57964925163e-08
4.14114203656e-10	4.09153666503e-08
4.15307616347e-10	-2.94566417924e-08
4.16501029037e-10	-9.24061014373e-08
4.17694441728e-10	-1.26442593285e-07
4.18887854419e-10	-1.1963092561e-07
4.20081267109e-10	-7.42838297541e-08
4.212746798e-10	-6.1823713926e-09
4.2246809249e-10	6.13545587669e-08
4.23661505181e-10	1.06080097595e-07
4.24854917872e-10	1.14502023862e-07
4.26048330562e-10	8.60710356321e-08
4.27241743253e-10	3.22012798648e-08
4.28435155944e-10	-2.84404926276e-08
4.29628568634e-10	-7.68133059381e-08
4.30821981325e-10	-9.93214204215e-08
4.32015394016e-10	-9.13959361526e-08
4.33208806706e-10	-5.75534024883e-08
4.34402219397e-10	-9.08929043142e-09
4.35595632088e-10	3.98672983515e-08
4.36789044778e-10	7.61498339941e-08
4.37982457469e-10	9.07194293021e-08
4.3917587016e-10	8.0328660168e-08
4.4036928285e-10	4.80818029835e-08
4.41562695541e-10	2.61304244908e-09
4.42756108232e-10	-4.38676255321e-08
4.43949520922e-10	-7.83515776703e-08
4.45142933613e-10	-9.06797330558e-08
4.46336346304e-10	-7.63919292268e-08
4.47529758994e-10	-3.87875198626e-08
4.48723171685e-10	1.16658429583e-08
4.49916584375e-10	5.98691904941e-08
4.51109997066e-10	9.06513362153e-08
4.52303409757e-10	9.35396409218e-08
4.53496822447e-10	6.6438690105e-08
4.54690235138e-10	1.6710605566e-08
4.55883647829e-10	-4.06608422487e-08
4.57077060519e-10	-8.76670673833e-08
4.5827047321e-10	-1.0894697855e-07
4.59463885901e-10	-9.69528155537e-08
4.60657298591e-10	-5.46764562515e-08
4.61850711282e-10	5.19599874238e-09
4.63044123973e-10	6.41821635838e-08
4.64237536663e-10	1.04242620758e-07
4.65430949354e-10	1.13406962043e-07
4.66624362045e-10	8.96140539552e-08
4.67817774735e-10	4.08391680473e-08
4.69011187426e-10	-1.78038770393e-08
4.70204600117e-10	-6.91233950079e-08
4.71398012807e-10	-9.90114088495e-08
4.72591425498e-10	-1.0031050568e-07
4.73784838188e-10	-7.42278407628e-08
4.74978250879e-10	-2.94413873281e-08
4.7617166357e-10	2.08359220988e-08
4.7736507626e-10	6.26326928099e-08
4.78558488951e-10	8.50321635326e-08
4.79751901642e-10	8.29230364374e-08
4.80945314332e-10	5.80627683711e-08
4.82138727023e-10	1.83445734159e-08
4.83332139714e-10	-2.46807492221e-08
4.84525552404e-10	-5.89678306184e-08
4.85718965095e-10	-7.52540865179e-08
4.86912377786e-10	-6.93471395863e-08
4.88105790476e-10	-4.31927924538e-08
4.89299203167e-10	-4.2786297838e-09
4.90492615858e-10	3.61409346894e-08
4.91686028548e-10	6.60467032176e-08
4.92879441239e-10	7.58851648186e-08
4.9407285393e-10	6.16364097539e-08
4.9526626662e-10	2.64318094079e-08
4.96459679311e-10	-1.97644549615e-08
4.97653092001e-10	-6.28333323149e-08
4.98846504692e-10	-8.87817925843e-08
5.00039917383e-10	-8.83616531056e-08
5.01233330073e-10	-6.03650991415e-08
5.02426742764e-10	-1.22440646511e-08
5.03620155455e-10	4.19843702026e-08
5.04813568145e-10	8.62304618821e-08
5.06006980836e-10	1.07214431111e-07
5.07200393527e-10	9.85589956315e-08
5.08393806217e-10	6.25313196778e-08
5.09587218908e-10	9.23542065046e-09
5.10780631599e-10	-4.64466491934e-08
5.11974044289e-10	-8.91453142415e-08
5.1316745698e-10	-1.07348041567e-07
5.14360869671e-10	-9.64762882916e-08
5.15554282361e-10	-6.01359269048e-08
5.16747695052e-10	-8.90327400693e-09
5.17941107743e-10	4.2688817814e-08
5.19134520433e-10	8.03180411069e-08
5.20327933124e-10	9.39773876496e-08
5.21521345815e-10	8.06557034494e-08
5.22714758505e-10	4.5133503157e-08
5.23908171196e-10	-1.62995744679e-09
5.25101583886e-10	-4.57659585784e-08
5.26294996577e-10	-7.45345944964e-08
5.27488409268e-10	-7.99985855338e-08
5.28681821958e-10	-6.1197940493e-08
5.29875234649e-10	-2.42821984742e-08
5.3106864734e-10	1.93157341233e-08
5.3226206003e-10	5.63473947501e-08
5.33455472721e-10	7.55331051039e-08
5.34648885412e-10	7.09829439671e-08
5.35842298102e-10	4.38604579323e-08
5.37035710793e-10	2.23012946998e-09
5.38229123484e-10	-4.13392533538e-08
5.39422536174e-10	-7.33803391384e-08
5.40615948865e-10	-8.36158999817e-08
5.41809361556e-10	-6.8120651342e-08
5.43002774246e-10	-3.07223455565e-08
5.44196186937e-10	1.79876347151e-08
5.45389599628e-10	6.36583878943e-08
5.46583012318e-10	9.24345622266e-08
5.47776425009e-10	9.51546681449e-08
5.48969837699e-10	7.01506852607e-08
5.5016325039e-10	2.3963972362e-08
5.51356663081e-10	-3.05279230783e-08
5.52550075771e-10	-7.76945627834e-08
5.53743488462e-10	-1.03823323272e-07
5.54936901153e-10	-1.01078831527e-07
5.56130313843e-10	-7.00501923134e-08
5.57323726534e-10	-1.9560497444e-08
5.58517139225e-10	3.57799914141e-08
5.59710551915e-10	8.00252157873e-08
5.60903964606e-10	1.00683287485e-07
5.62097377297e-10	9.24506942113e-08
5.63290789987e-10	5.86901895971e-08
5.64484202678e-10	1.00947493697e-08
5.65677615369e-10	-3.8798333879e-08
5.66871028059e-10	-7.40840944147e-08
5.6806444075e-10	-8.65142721906e-08
5.69257853441e-10	-7.38023562263e-08
5.70451266131e-10	-4.07792932755e-08
5.71644678822e-10	2.30223501374e-09
5.72838091513e-10	4.29627711185e-08
5.74031504203e-10	6.97521036486e-08
5.75224916894e-10	7.54345830245e-08
5.76418329584e-10	5.87278270459e-08
5.77611742275e-10	2.47305653733e-08
5.78805154966e-10	-1.64853022344e-08
5.79998567656e-10	-5.26697014891e-08
5.81191980347e-10	-7.29263929244e-08
5.82385393038e-10	-7.09896514905e-08
5.83578805728e-10	-4.72116448158e-08
5.84772218419e-10	-8.54079840185e-09
5.8596563111e-10	3.34774767907e-08
5.871590438e-10	6.61521566414e-08
5.88352456491e-10	7.94766696899e-08
5.89545869182e-10	6.90788164448e-08
5.90739281872e-10	3.7652675644e-08
5.91932694563e-10	-5.87360721171e-09
5.93126107254e-10	-4.87569113972e-08
5.94319519944e-10	-7.82814080225e-08
5.95512932635e-10	-8.53794581701e-08
5.96706345326e-10	-6.75541080852e-08
5.97899758016e-10	-2.96397546506e-08
5.99093170707e-10	1.74252374752e-08
6.00286583397e-10	5.99096203757e-08
6.01479996088e-10	8.537068652e-08
6.02673408779e-10	8.64686571234e-08
6.03866821469e-10	6.31245229421e-08
6.0506023416e-10	2.23773155561e-08
6.06253646851e-10	-2.38091097948e-08
6.07447059541e-10	-6.23084588369e-08
6.08640472232e-10	-8.25478689848e-08
6.09833884923e-10	-7.94740895316e-08
6.11027297613e-10	-5.46367933119e-08
6.12220710304e-10	-1.55314379136e-08
6.13414122995e-10	2.67180009228e-08
6.14607535685e-10	6.03893060003e-08
6.15800948376e-10	7.63932588299e-08
6.16994361067e-10	7.05968705716e-08
6.18187773757e-10	4.49805308556e-08
6.19381186448e-10	7.04115094008e-09
6.20574599139e-10	-3.22355360183e-08
6.21768011829e-10	-6.15146058536e-08
6.2296142452e-10	-7.23499091748e-08
6.24154837211e-10	-6.16988704571e-08
6.25348249901e-10	-3.28349059053e-08
6.26541662592e-10	5.63231972173e-09
6.27735075282e-10	4.22405719291e-08
6.28928487973e-10	6.61458052775e-08
6.30121900664e-10	7.02157656463e-08
6.31315313354e-10	5.3232238173e-08
6.32508726045e-10	2.01772969444e-08
6.33702138736e-10	-1.91167750518e-08
6.34895551426e-10	-5.28741352923e-08
6.36088964117e-10	-7.08408744998e-08
6.37282376808e-10	-6.74304887482e-08
6.38475789498e-10	-4.3479990719e-08
6.39669202189e-10	-6.11732220435e-09
6.4086261488e-10	3.34127663315e-08
6.4205602757e-10	6.31680641128e-08
6.43249440261e-10	7.42472590076e-08
6.44442852952e-10	6.34056691595e-08
6.45636265642e-10	3.39849464126e-08
6.46829678333e-10	-5.30385152464e-09
6.48023091024e-10	-4.30955391373e-08
6.49216503714e-10	-6.86425760676e-08
6.50409916405e-10	-7.48967208253e-08
6.51603329095e-10	-6.01923515475e-08
6.52796741786e-10	-2.87109411801e-08
6.53990154477e-10	1.08399998977e-08
6.55183567167e-10	4.74928700811e-08
6.56376979858e-10	7.1045820782e-08
6.57570392549e-10	7.48896633596e-08
6.58763805239e-10	5.7926479613e-08
6.5995721793e-10	2.49999321245e-08
6.61150630621e-10	-1.44356301357e-08
6.62344043311e-10	-4.90653753182e-08
6.63537456002e-10	-6.90535193471e-08
6.64730868693e-10	-6.89576147295e-08
6.65924281383e-10	-4.92692926457e-08
6.67117694074e-10	-1.61340218963e-08
6.68311106765e-10	2.0566422787e-08
6.69504519455e-10	5.02035724104e-08
6.70697932146e-10	6.44365600877e-08
6.71891344837e-10	5.95478439891e-08
6.73084757527e-10	3.73816528842e-08
6.74278170218e-10	4.72098649063e-09
6.75471582909e-10	-2.87056871606e-08
6.76664995599e-10	-5.30489661088e-08
6.7785840829e-10	-6.12210775408e-08
6.7905182098e-10	-5.09261157688e-08
6.80245233671e-10	-2.53907985748e-08
6.81438646362e-10	7.69115543475e-09
6.82632059052e-10	3.84238680873e-08
6.83825471743e-10	5.77076146868e-08
6.85018884434e-10	5.99145213442e-08
6.86212297124e-10	4.44732850546e-08
6.87405709815e-10	1.59400825872e-08
6.88599122506e-10	-1.73861052222e-08
6.89792535196e-10	-4.59036146871e-08
6.90985947887e-10	-6.13885688949e-08
6.92179360578e-10	-5.9302615707e-08
6.93372773268e-10	-4.00652062638e-08
6.94566185959e-10	-8.95103735576e-09
6.9575959865e-10	2.52681178203e-08
6.9695301134e-10	5.28238537356e-08
6.98146424031e-10	6.56742811245e-08
6.99339836722e-10	5.99639893295e-08
7.00533249412e-10	3.71611816874e-08
7.01726662103e-10	3.76894876419e-09
7.02920074793e-10	-3.06524250426e-08
7.04113487484e-10	-5.62698709849e-08
7.05306900175e-10	-6.59165824146e-08
7.06500312865e-10	-5.71253884196e-08
7.07693725556e-10	-3.27111742138e-08
7.08887138247e-10	1.68947966728e-10
7.10080550937e-10	3.21856812313e-08
7.11273963628e-10	5.44850995432e-08
7.12467376319e-10	6.11181594223e-08
7.13660789009e-10	5.06039508075e-08
7.148542017e-10	2.62614971991e-08
7.16047614391e-10	-4.7697466532e-09
7.17241027081e-10	-3.35320935463e-08
7.18434439772e-10	-5.18453942e-08
7.19627852463e-10	-5.45925322726e-08
7.20821265153e-10	-4.12811083095e-08
7.22014677844e-10	-1.60617339429e-08
7.23208090535e-10	1.34659543516e-08
7.24401503225e-10	3.86035035049e-08
7.25594915916e-10	5.20775613744e-08
7.26788328607e-10	5.01009762566e-08
7.27981741297e-10	3.3384663034e-08
7.29175153988e-10	6.82548206843e-09
7.30368566678e-10	-2.19043441163e-08
7.31561979369e-10	-4.449945612e-08
7.3275539206e-10	-5.4333443078e-08
7.3394880475e-10	-4.83472653023e-08
7.35142217441e-10	-2.80043341849e-08
7.36335630132e-10	9.55343970599e-10
7.37529042822e-10	3.01257787605e-08
7.38722455513e-10	5.08040640668e-08
7.39915868204e-10	5.67244651251e-08
7.41109280894e-10	4.59615976389e-08
7.42302693585e-10	2.16423852173e-08
7.43496106276e-10	-9.05910324533e-09
7.44689518966e-10	-3.70809800643e-08
7.45882931657e-10	-5.42938400905e-08
7.47076344348e-10	-5.5830629897e-08
7.48269757038e-10	-4.14538012805e-08
7.49463169729e-10	-1.5465152936e-08
7.5065658242e-10	1.46671800261e-08
7.5184999511e-10	4.04383766472e-08
7.53043407801e-10	5.47392398076e-08
7.54236820491e-10	5.37190203431e-08
7.55430233182e-10	3.78642655008e-08
7.56623645873e-10	1.17580463144e-08
7.57817058563e-10	-1.71742269295e-08
7.59010471254e-10	-4.08267948337e-08
7.60203883945e-10	-5.26570942405e-08
7.61397296635e-10	-4.95598819761e-08
7.62590709326e-10	-3.26797708894e-08
7.63784122017e-10	-7.01776009526e-09
7.64977534707e-10	2.003629751e-08
7.66170947398e-10	4.08283633568e-08
7.67364360089e-10	4.95904579623e-08
7.68557772779e-10	4.39871565838e-08
7.6975118547e-10	2.57796053393e-08
7.70944598161e-10	2.72102063104e-10
7.72138010851e-10	-2.51390797068e-08
7.73331423542e-10	-4.30532938189e-08
7.74524836233e-10	-4.82299227222e-08
7.75718248923e-10	-3.90922321181e-08
7.76911661614e-10	-1.83277777399e-08
7.78105074305e-10	7.92796484017e-09
7.79298486995e-10	3.18482662465e-08
7.80491899686e-10	4.63155789276e-08
7.81685312376e-10	4.70622607551e-08
7.82878725067e-10	3.39594081744e-08
7.84072137758e-10	1.09849974672e-08
7.85265550448e-10	-1.50126766574e-08
7.86458963139e-10	-3.64465848612e-08
7.8765237583e-10	-4.71691907755e-08
7.8884578852e-10	-4.42501404407e-08
7.90039201211e-10	-2.8677961339e-08
7.91232613902e-10	-4.99925079112e-09
7.92426026592e-10	2.00089915747e-08
7.93619439283e-10	3.92854251352e-08
7.94812851974e-10	4.73897681097e-08
7.96006264664e-10	4.20632257914e-08
7.97199677355e-10	2.48042806295e-08
7.98393090046e-10	5.04253638844e-10
7.99586502736e-10	-2.39719595285e-08
8.00779915427e-10	-4.1707270082e-08
8.01973328118e-10	-4.77363339968e-08
8.03166740808e-10	-4.04198727821e-08
8.04360153499e-10	-2.19120119826e-08
8.05553566189e-10	2.53838847164e-09
8.0674697888e-10	2.60738295399e-08
8.07940391571e-10	4.21809422946e-08
8.09133804261e-10	4.64578984172e-08
8.10327216952e-10	3.7805262032e-08
8.11520629643e-10	1.87115509753e-08
8.12714042333e-10	-5.43863559743e-09
8.13907455024e-10	-2.78169920431e-08
8.15100867715e-10	-4.20740953189e-08
8.16294280405e-10	-4.4140187061e-08
8.17487693096e-10	-3.3452782322e-08
8.18681105787e-10	-1.31701092254e-08
8.19874518477e-10	1.0732520539e-08
8.21067931168e-10	3.12302697036e-08
8.22261343859e-10	4.23445563058e-08
8.23454756549e-10	4.09339637741e-08
8.2464816924e-10	2.754725692e-08
8.25841581931e-10	6.24033463792e-09
8.27034994621e-10	-1.67354039515e-08
8.28228407312e-10	-3.47180240112e-08
8.29421820002e-10	-4.25878328159e-08
8.30615232693e-10	-3.81482649914e-08
8.31808645384e-10	-2.27204999259e-08
8.33002058074e-10	-7.60375040709e-10
8.34195470765e-10	2.14289781475e-08
8.35388883456e-10	3.74534923075e-08
8.36582296146e-10	4.2683864887e-08
8.37775708837e-10	3.55938656327e-08
8.38969121528e-10	1.82202859467e-08
8.40162534218e-10	-4.42285064128e-09
8.41355946909e-10	-2.58052026414e-08
8.425493596e-10	-3.98052937278e-08
8.4374277229e-10	-4.24345056871e-08
8.44936184981e-10	-3.30038942842e-08
8.46129597672e-10	-1.42116527435e-08
8.47323010362e-10	8.59988524837e-09
8.48516423053e-10	2.90151562776e-08
8.49709835744e-10	4.12907965597e-08
8.50903248434e-10	4.19689367703e-08
8.52096661125e-10	3.08279266559e-08
8.53290073816e-10	1.09677740223e-08
8.54483486506e-10	-1.20211507415e-08
8.55676899197e-10	-3.16314894278e-08
8.56870311887e-10	-4.22725641158e-08
8.58063724578e-10	-4.09121923006e-08
8.59257137269e-10	-2.79694800653e-08
8.60450549959e-10	-7.20893766903e-09
8.6164396265e-10	1.5371137696e-08
8.62837375341e-10	3.32733276487e-08
8.64030788031e-10	4.14304772711e-08
8.65224200722e-10	3.76043920447e-08
8.66417613413e-10	2.30372159127e-08
8.67611026103e-10	2.00475025469e-09
8.68804438794e-10	-1.94029750045e-08
8.69997851485e-10	-3.5047488911e-08
8.71191264175e-10	-4.04673294874e-08
8.72384676866e-10	-3.41450676622e-08
8.73578089557e-10	-1.79364476605e-08
8.74771502247e-10	3.4405330529e-09
8.75964914938e-10	2.37718140728e-08
8.77158327629e-10	3.71331694282e-08
8.78351740319e-10	3.96401680369e-08
8.7954515301e-10	3.05937879475e-08
8.807385657e-10	1.26654223775e-08
8.81931978391e-10	-8.88365614404e-09
8.83125391082e-10	-2.78195078085e-08
8.84318803772e-10	-3.86976992672e-08
8.85512216463e-10	-3.84929235153e-08
8.86705629154e-10	-2.73322007249e-08
8.87899041844e-10	-8.46982251002e-09
8.89092454535e-10	1.27333571465e-08
8.90285867226e-10	3.02878895297e-08
8.91479279916e-10	3.92504730939e-08
8.92672692607e-10	3.70871298117e-08
8.93866105298e-10	2.43737816596e-08
8.95059517988e-10	4.67375843582e-09
8.96252930679e-10	-1.64537017344e-08
8.9744634337e-10	-3.29918319331e-08
8.9863975606e-10	-4.02140716282e-08
8.99833168751e-10	-3.60272349731e-08
9.01026581442e-10	-2.162571211e-08
9.02219994132e-10	-1.1125927124e-09
9.03413406823e-10	1.96486575899e-08
9.04606819514e-10	3.47659994127e-08
9.05800232204e-10	3.99586190802e-08
9.06993644895e-10	3.37994090494e-08
9.08187057585e-10	1.80651387183e-08
9.09380470276e-10	-2.7454434004e-09
9.10573882967e-10	-2.270387367e-08
9.11767295657e-10	-3.61119218972e-08
9.12960708348e-10	-3.91327144023e-08
9.14154121039e-10	-3.09130647747e-08
9.15347533729e-10	-1.38447605602e-08
9.1654094642e-10	7.09940872756e-09
9.17734359111e-10	2.58187651259e-08
9.18927771801e-10	3.68815658014e-08
9.20121184492e-10	3.71238479957e-08
9.21314597183e-10	2.6556897792e-08
9.22508009873e-10	8.34734148469e-09
9.23701422564e-10	-1.21870005199e-08
9.24894835255e-10	-2.91061250657e-08
9.26088247945e-10	-3.75974544831e-08
9.27281660636e-10	-3.52855611396e-08
9.28475073327e-10	-2.28894863064e-08
9.29668486017e-10	-3.96560667637e-09
9.30861898708e-10	1.60907596136e-08
9.32055311398e-10	3.15779442595e-08
9.33248724089e-10	3.80658282673e-08
9.3444213678e-10	3.36712751015e-08
9.3563554947e-10	1.9601367196e-08
9.36828962161e-10	-1.67936581308e-10
9.38022374852e-10	-1.99941601053e-08
9.39215787542e-10	-3.42039983003e-08
9.40409200233e-10	-3.86995679946e-08
9.41602612924e-10	-3.21730739827e-08
9.42796025614e-10	-1.64587881102e-08
9.43989438305e-10	3.95884836024e-09
9.45182850996e-10	2.32686903079e-08
9.46376263686e-10	3.59480458734e-08
9.47569676377e-10	3.83729372722e-08
9.48763089068e-10	2.98156990208e-08
9.49956501758e-10	1.26926558153e-08
9.51149914449e-10	-8.12548606177e-09
9.5234332714e-10	-2.66804944804e-08
9.5353673983e-10	-3.7629562577e-08
9.54730152521e-10	-3.78074411778e-08
9.55923565212e-10	-2.71504250193e-08
9.57116977902e-10	-8.75047412308e-09
9.58310390593e-10	1.20535853521e-08
9.59503803283e-10	2.9237586574e-08
9.60697215974e-10	3.78623608022e-08
9.61890628665e-10	3.55091271942e-08
9.63084041355e-10	2.29612451275e-08
9.64277454046e-10	3.91834176217e-09
9.65470866737e-10	-1.60903728119e-08
9.66664279427e-10	-3.13377450656e-08
9.67857692118e-10	-3.74984390206e-08
9.69051104809e-10	-3.28816187611e-08
9.70244517499e-10	-1.88562052639e-08
9.7143793019e-10	5.26912513621e-10
9.72631342881e-10	1.97030298743e-08
9.73824755571e-10	3.31568736911e-08
9.75018168262e-10	3.70086086221e-08
9.76211580953e-10	3.01289200255e-08
9.77404993643e-10	1.44841415528e-08
9.78598406334e-10	-5.41986411307e-09
9.79791819025e-10	-2.38428841115e-08
9.80985231715e-10	-3.54661437996e-08
9.82178644406e-10	-3.69356736307e-08
9.83372057096e-10	-2.78203780013e-08
9.84565469787e-10	-1.07263146143e-08
9.85758882478e-10	9.46573630589e-09
9.86952295168e-10	2.69779134587e-08
9.88145707859e-10	3.68031840559e-08
9.8933912055e-10	3.60932403964e-08
9.9053253324e-10	2.50202620844e-08
9.91725945931e-10	6.70622812837e-09
9.92919358622e-10	-1.36112731086e-08
9.94112771312e-10	-3.00933291619e-08
9.95306184003e-10	-3.79772218118e-08
9.96499596694e-10	-3.49657915955e-08
9.97693009384e-10	-2.19257161316e-08
9.98886422075e-10	-2.62307658927e-09
1.00007983477e-09	1.73642760171e-08
1.00127324746e-09	3.22834323718e-08
1.00246666015e-09	3.78685300895e-08
1.00366007284e-09	3.25674816004e-08
1.00485348553e-09	1.79498791386e-08
1.00604689822e-09	-1.75281889003e-09
1.00724031091e-09	-2.08920687417e-08
1.0084337236e-09	-3.40015366973e-08
1.00962713629e-09	-3.7362117844e-08
1.01082054898e-09	-3.00452798196e-08
1.01201396167e-09	-1.41803957465e-08
1.01320737436e-09	5.6584502639e-09
1.01440078705e-09	2.37533859249e-08
1.01559419974e-09	3.49075359729e-08
1.01678761243e-09	3.59183123244e-08
1.01798102513e-09	2.65328885529e-08
1.01917443782e-09	9.48643918974e-09
1.02036785051e-09	-1.02720881801e-08
1.0215612632e-09	-2.70335349661e-08
1.02275467589e-09	-3.59743741463e-08
1.02394808858e-09	-3.45272082036e-08
1.02514150127e-09	-2.31289416508e-08
1.02633491396e-09	-5.05378305871e-09
1.02752832665e-09	1.44895468956e-08
1.02872173934e-09	2.98917837149e-08
1.02991515203e-09	3.66950665409e-08
1.03110856472e-09	3.29177480829e-08
1.03230197741e-09	1.96028115962e-08
1.0334953901e-09	5.51257983705e-10
1.03468880279e-09	-1.87622859471e-08
1.03588221549e-09	-3.27624647412e-08
1.03707562818e-09	-3.73914339491e-08
1.03826904087e-09	-3.12887653564e-08
1.03946245356e-09	-1.6203942188e-08
1.04065586625e-09	3.52207332743e-09
1.04184927894e-09	2.22049751919e-08
1.04304269163e-09	3.44682420383e-08
1.04423610432e-09	3.68036165987e-08
1.04542951701e-09	2.85463266358e-08
1.0466229297e-09	1.20909435797e-08
1.04781634239e-09	-7.8419859495e-09
1.04900975508e-09	-2.55227112778e-08
1.05020316777e-09	-3.58859022498e-08
1.05139658046e-09	-3.5954694777e-08
1.05258999315e-09	-2.57171559603e-08
1.05378340584e-09	-8.12528910821e-09
1.05497681854e-09	1.17453931026e-08
1.05617023123e-09	2.81637595467e-08
1.05736364392e-09	3.64039824952e-08
1.05855705661e-09	3.4119479686e-08
1.0597504693e-09	2.20103777426e-08
1.06094388199e-09	3.61531210524e-09
1.06213729468e-09	-1.57381363497e-08
1.06333070737e-09	-3.04816945018e-08
1.06452412006e-09	-3.64021093269e-08
1.06571753275e-09	-3.18486592654e-08
1.06691094544e-09	-1.81712553893e-08
1.06810435813e-09	6.64621052637e-10
1.06929777082e-09	1.92349058903e-08
1.07049118351e-09	3.21909023882e-08
1.0716845962e-09	3.58078184881e-08
1.0728780089e-09	2.9033905502e-08
1.07407142159e-09	1.38241916803e-08
1.07526483428e-09	-5.43787176399e-09
1.07645824697e-09	-2.31764691883e-08
1.07765165966e-09	-3.42593975411e-08
1.07884507235e-09	-3.54669063007e-08
1.08003848504e-09	-2.64399386829e-08
1.08123189773e-09	-9.77862724127e-09
1.08242531042e-09	9.71742164513e-09
1.08361872311e-09	2.64231463376e-08
1.0848121358e-09	3.55294949017e-08
1.08600554849e-09	3.44002275554e-08
1.08719896118e-09	2.3358504242e-08
1.08839237387e-09	5.56749263358e-09
1.08958578656e-09	-1.38530287241e-08
1.09077919926e-09	-2.93103508131e-08
1.09197261195e-09	-3.63471612808e-08
1.09316602464e-09	-3.29338551985e-08
1.09435943733e-09	-2.0059021999e-08
1.09555285002e-09	-1.44812034586e-09
1.09674626271e-09	1.7519744322e-08
1.0979396754e-09	3.13732828605e-08
1.09913308809e-09	3.61363201584e-08
1.10032650078e-09	3.04686140762e-08
1.10151991347e-09	1.60434905361e-08
1.10271332616e-09	-2.95578192477e-09
1.10390673885e-09	-2.10527180133e-08
1.10510015154e-09	-3.30586189534e-08
1.10629356423e-09	-3.55581515343e-08
1.10748697692e-09	-2.78703733425e-08
1.10868038961e-09	-1.22408879699e-08
1.10987380231e-09	6.82324641232e-09
1.111067215e-09	2.38393247365e-08
1.11226062769e-09	3.39299650598e-08
1.11345404038e-09	3.42076265092e-08
1.11464745307e-09	2.46216975697e-08
1.11584086576e-09	7.94830468109e-09
1.11703427845e-09	-1.09848926622e-08
1.11822769114e-09	-2.67151698541e-08
1.11942110383e-09	-3.47021047453e-08
1.12061451652e-09	-3.2652613946e-08
