% time-domain voltage integration by openEMS v0.37.0-rc1-2-g7b051bb @Mon Aug  3 21:28:44 2026
% start-coordinates: (0.00409526,0.00264633,-0.000635) m -> [97,78,15]
% stop-coordinates: (0.00447573,0.00264633,-0.000635) m -> [103,78,15]
% t/s	voltage
0	0
1.19341269065e-12	0
2.3868253813e-12	0
3.58023807195e-12	0
4.7736507626e-12	0
5.96706345326e-12	0
7.16047614391e-12	0
8.35388883456e-12	0
9.54730152521e-12	0
1.07407142159e-11	0
1.19341269065e-11	0
1.31275395972e-11	0
1.43209522878e-11	0
1.55143649785e-11	0
1.67077776691e-11	0
1.79011903598e-11	8.71649383326e-34
1.90946030504e-11	7.62791071041e-29
2.02880157411e-11	4.80578350581e-25
2.14814284317e-11	5.13223296611e-22
2.26748411224e-11	1.40696640768e-19
2.3868253813e-11	1.26484212281e-17
2.50616665037e-11	4.40296143373e-16
2.62550791943e-11	6.75440769278e-15
2.7448491885e-11	5.09827635939e-14
2.86419045756e-11	2.09720776986e-13
2.98353172663e-11	5.40849652661e-13
3.10287299569e-11	1.19523468e-12
3.22221426476e-11	3.28699174541e-12
3.34155553382e-11	1.02726533877e-11
3.46089680289e-11	2.88432929884e-11
3.58023807195e-11	6.22095569502e-11
3.69957934102e-11	7.81926190463e-11
3.81892061008e-11	-4.91761622742e-11
3.93826187915e-11	-5.85457474167e-10
4.05760314821e-11	-1.94030932987e-09
4.17694441728e-11	-4.61307281263e-09
4.29628568634e-11	-9.0255576346e-09
4.41562695541e-11	-1.51367314238e-08
4.53496822447e-11	-2.17713163053e-08
4.65430949354e-11	-2.57089332045e-08
4.7736507626e-11	-2.09965980158e-08
4.89299203167e-11	7.79742437285e-10
5.01233330073e-11	4.85718665288e-08
5.1316745698e-11	1.28034446156e-07
5.25101583886e-11	2.36414994248e-07
5.37035710793e-11	3.57861360101e-07
5.48969837699e-11	4.61768888016e-07
5.60903964606e-11	5.06563399227e-07
5.72838091513e-11	4.50201053326e-07
5.84772218419e-11	2.6515101581e-07
5.96706345326e-11	-4.70038070688e-08
6.08640472232e-11	-4.48220980331e-07
6.20574599139e-11	-8.68565678047e-07
6.32508726045e-11	-1.22337888087e-06
6.44442852952e-11	-1.43674405706e-06
6.56376979858e-11	-1.46316028804e-06
6.68311106765e-11	-1.29808930183e-06
6.80245233671e-11	-9.74320528258e-07
6.92179360578e-11	-5.45808585883e-07
7.04113487484e-11	-6.78523992548e-08
7.16047614391e-11	4.17411108344e-07
7.27981741297e-11	8.8324544123e-07
7.39915868204e-11	1.30792857789e-06
7.5184999511e-11	1.65834953236e-06
7.63784122017e-11	1.87816445418e-06
7.75718248923e-11	1.89121315941e-06
7.8765237583e-11	1.62512222346e-06
7.99586502736e-11	1.04798492373e-06
8.11520629643e-11	2.03686852274e-07
8.23454756549e-11	-7.74944162174e-07
8.35388883456e-11	-1.68776240628e-06
8.47323010362e-11	-2.32232787312e-06
8.59257137269e-11	-2.5240194077e-06
8.71191264175e-11	-2.25317643299e-06
8.83125391082e-11	-1.60521288706e-06
8.95059517988e-11	-7.82950024814e-07
9.06993644895e-11	-3.08669445559e-08
9.18927771801e-11	4.45544259264e-07
9.30861898708e-11	5.47364329861e-07
9.42796025614e-11	3.12422244519e-07
9.54730152521e-11	-1.00540708203e-07
9.66664279427e-11	-4.70882319803e-07
9.78598406334e-11	-5.96727957713e-07
9.9053253324e-11	-3.71191077875e-07
1.00246666015e-10	1.74604238623e-07
1.01440078705e-10	8.78649032643e-07
1.02633491396e-10	1.50345418604e-06
1.03826904087e-10	1.82077783961e-06
1.05020316777e-10	1.69294685293e-06
1.06213729468e-10	1.12229075455e-06
1.07407142159e-10	2.51098178694e-07
1.08600554849e-10	-6.85239697873e-07
1.0979396754e-10	-1.43420851373e-06
1.10987380231e-10	-1.80451465326e-06
1.12180792921e-10	-1.72090250317e-06
1.13374205612e-10	-1.24053629236e-06
1.14567618303e-10	-5.2728906752e-07
1.15761030993e-10	2.0446881166e-07
1.16954443684e-10	7.57285029351e-07
1.18147856374e-10	1.00660424351e-06
1.19341269065e-10	9.29040844255e-07
1.20534681756e-10	5.96944055076e-07
1.21728094446e-10	1.45758952463e-07
1.22921507137e-10	-2.71716750433e-07
1.24114919828e-10	-5.29228529444e-07
1.25308332518e-10	-5.58674230433e-07
1.26501745209e-10	-3.6372341583e-07
1.276951579e-10	-1.51641730284e-08
1.2888857059e-10	3.71634868657e-07
1.30081983281e-10	6.70677124504e-07
1.31275395972e-10	7.83847234231e-07
1.32468808662e-10	6.7074648058e-07
1.33662221353e-10	3.61237830759e-07
1.34855634044e-10	-5.60367361402e-08
1.36049046734e-10	-4.64280336843e-07
1.37242459425e-10	-7.56363782273e-07
1.38435872116e-10	-8.67345825384e-07
1.39629284806e-10	-7.8996257713e-07
1.40822697497e-10	-5.70438253078e-07
1.42016110187e-10	-2.89187878977e-07
1.43209522878e-10	-3.30555280925e-08
1.44402935569e-10	1.31206636667e-07
1.45596348259e-10	1.76280495978e-07
1.4678976095e-10	1.20070561493e-07
1.47983173641e-10	1.77372114774e-08
1.49176586331e-10	-5.96978440015e-08
1.50369999022e-10	-5.23223926407e-08
1.51563411713e-10	6.56251037956e-08
1.52756824403e-10	2.7447773121e-07
1.53950237094e-10	5.15907103704e-07
1.55143649785e-10	7.13089647775e-07
1.56337062475e-10	7.98329153895e-07
1.57530475166e-10	7.35472930558e-07
1.58723887857e-10	5.30070234817e-07
1.59917300547e-10	2.24723825326e-07
1.61110713238e-10	-1.16820451979e-07
1.62304125929e-10	-4.29150659897e-07
1.63497538619e-10	-6.61266028601e-07
1.6469095131e-10	-7.85186202279e-07
1.65884364e-10	-7.96169437933e-07
1.67077776691e-10	-7.07244943499e-07
1.68271189382e-10	-5.42265027548e-07
1.69464602072e-10	-3.3007003708e-07
1.70658014763e-10	-1.00794007807e-07
1.71851427454e-10	1.15821369384e-07
1.73044840144e-10	2.92542225111e-07
1.74238252835e-10	4.07028640126e-07
1.75431665526e-10	4.45906430002e-07
1.76625078216e-10	4.08254191342e-07
1.77818490907e-10	3.08005205341e-07
1.79011903598e-10	1.72111253249e-07
1.80205316288e-10	3.50248678949e-08
1.81398728979e-10	-7.06276592766e-08
1.8259214167e-10	-1.23444589661e-07
1.8378555436e-10	-1.19975248403e-07
1.84978967051e-10	-7.52266227089e-08
1.86172379742e-10	-1.71624444101e-08
1.87365792432e-10	2.44469602895e-08
1.88559205123e-10	2.93081963143e-08
1.89752617814e-10	-5.14405085195e-09
1.90946030504e-10	-6.36214090299e-08
1.92139443195e-10	-1.1903746433e-07
1.93332855885e-10	-1.44147803027e-07
1.94526268576e-10	-1.22383877255e-07
1.95719681267e-10	-5.38673923245e-08
1.96913093957e-10	4.48316506141e-08
1.98106506648e-10	1.47010803531e-07
1.99299919339e-10	2.24746399269e-07
2.00493332029e-10	2.56125623821e-07
2.0168674472e-10	2.30179907135e-07
2.02880157411e-10	1.47976676246e-07
2.04073570101e-10	2.24831722129e-08
2.05266982792e-10	-1.22988425666e-07
2.06460395483e-10	-2.57170224671e-07
2.07653808173e-10	-3.46306212151e-07
2.08847220864e-10	-3.62582365909e-07
2.10040633555e-10	-2.93829817366e-07
2.11234046245e-10	-1.50954196698e-07
2.12427458936e-10	3.16550585744e-08
2.13620871627e-10	2.04159023909e-07
2.14814284317e-10	3.16572844383e-07
2.16007697008e-10	3.35672371676e-07
2.17201109698e-10	2.57044550978e-07
2.18394522389e-10	1.07113570458e-07
2.1958793508e-10	-6.49566382904e-08
2.2078134777e-10	-2.03919389818e-07
2.21974760461e-10	-2.66115097958e-07
2.23168173152e-10	-2.33772372127e-07
2.24361585842e-10	-1.20163912598e-07
2.25554998533e-10	3.54834264193e-08
2.26748411224e-10	1.81181825099e-07
2.27941823914e-10	2.69675748399e-07
2.29135236605e-10	2.73391215444e-07
2.30328649296e-10	1.9241359972e-07
2.31522061986e-10	5.32623891658e-08
2.32715474677e-10	-1.01085610105e-07
2.33908887368e-10	-2.2513678033e-07
2.35102300058e-10	-2.84628949743e-07
2.36295712749e-10	-2.65563294022e-07
2.3748912544e-10	-1.76817215092e-07
2.3868253813e-10	-4.65565592744e-08
2.39875950821e-10	8.63527604977e-08
2.41069363512e-10	1.83041779067e-07
2.42262776202e-10	2.16086538884e-07
2.43456188893e-10	1.77697193848e-07
2.44649601583e-10	8.30289303977e-08
2.45843014274e-10	-3.39672494576e-08
2.47036426965e-10	-1.31209507259e-07
2.48229839655e-10	-1.72761138728e-07
2.49423252346e-10	-1.42033997008e-07
2.50616665037e-10	-4.8205334835e-08
2.51810077727e-10	7.61339302713e-08
2.53003490418e-10	1.86019288861e-07
2.54196903109e-10	2.399237502e-07
2.55390315799e-10	2.14295523548e-07
2.5658372849e-10	1.12231589355e-07
2.57777141181e-10	-3.69076462725e-08
2.58970553871e-10	-1.87325868595e-07
2.60163966562e-10	-2.91454281154e-07
2.61357379253e-10	-3.15737910483e-07
2.62550791943e-10	-2.51302997967e-07
2.63744204634e-10	-1.16441436937e-07
2.64937617325e-10	4.98017307393e-08
2.66131030015e-10	2.00433857955e-07
2.67324442706e-10	2.95171439291e-07
2.68517855396e-10	3.1180196558e-07
2.69711268087e-10	2.51038215993e-07
2.70904680778e-10	1.34083919079e-07
2.72098093468e-10	-5.53366763523e-09
2.73291506159e-10	-1.3253230513e-07
2.7448491885e-10	-2.19073029939e-07
2.7567833154e-10	-2.50625724618e-07
2.76871744231e-10	-2.2723089188e-07
2.78065156922e-10	-1.61199654514e-07
2.79258569612e-10	-7.25112228039e-08
2.80451982303e-10	1.63724239721e-08
2.81645394994e-10	8.55568309532e-08
2.82838807684e-10	1.21714880841e-07
2.84032220375e-10	1.21172949008e-07
2.85225633066e-10	9.07460888655e-08
2.86419045756e-10	4.62599616391e-08
2.87612458447e-10	7.79711983867e-09
2.88805871138e-10	-7.26831317355e-09
2.89999283828e-10	9.02536090308e-09
2.91192696519e-10	5.11305686679e-08
2.9238610921e-10	1.01212883408e-07
2.935795219e-10	1.35530571654e-07
2.94772934591e-10	1.33458257778e-07
2.95966347281e-10	8.59748388038e-08
2.97159759972e-10	-3.95356414273e-10
2.98353172663e-10	-1.05047791799e-07
2.99546585353e-10	-1.99886470043e-07
3.00739998044e-10	-2.58018546972e-07
3.01933410735e-10	-2.619595314e-07
3.03126823425e-10	-2.08590043016e-07
3.04320236116e-10	-1.10001305842e-07
3.05513648807e-10	9.85133818965e-09
3.06707061497e-10	1.21831781996e-07
3.07900474188e-10	1.99489864627e-07
3.09093886879e-10	2.26293424888e-07
3.10287299569e-10	1.99617938179e-07
3.1148071226e-10	1.30667565656e-07
3.12674124951e-10	4.018355515e-08
3.13867537641e-10	-4.79334882897e-08
3.15060950332e-10	-1.13069744678e-07
3.16254363023e-10	-1.42143798953e-07
3.17447775713e-10	-1.31468709696e-07
3.18641188404e-10	-8.61650297779e-08
3.19834601094e-10	-1.8408576441e-08
3.21028013785e-10	5.49886225443e-08
3.22221426476e-10	1.15683778112e-07
3.23414839166e-10	1.47458777633e-07
3.24608251857e-10	1.40439430751e-07
3.25801664548e-10	9.44782376777e-08
3.26995077238e-10	2.04668343384e-08
3.28188489929e-10	-6.18136004604e-08
3.2938190262e-10	-1.28946028966e-07
3.3057531531e-10	-1.61135549348e-07
3.31768728001e-10	-1.48903998465e-07
3.32962140692e-10	-9.65865352143e-08
3.34155553382e-10	-2.15027514683e-08
3.35348966073e-10	5.17645317721e-08
3.36542378764e-10	9.95486804101e-08
3.37735791454e-10	1.07472669875e-07
3.38929204145e-10	7.54556461757e-08
3.40122616836e-10	1.77848020755e-08
3.41316029526e-10	-4.22096886332e-08
3.42509442217e-10	-8.06918771801e-08
3.43702854908e-10	-8.19303069832e-08
3.44896267598e-10	-4.40715344219e-08
3.46089680289e-10	2.05963183175e-08
3.47283092979e-10	8.98124490334e-08
3.4847650567e-10	1.39185589276e-07
3.49669918361e-10	1.50086636452e-07
3.50863331051e-10	1.15606612283e-07
3.52056743742e-10	4.25720019237e-08
3.53250156433e-10	-5.0416077535e-08
3.54443569123e-10	-1.38417751039e-07
3.55636981814e-10	-1.97084137454e-07
3.56830394505e-10	-2.09537207141e-07
3.58023807195e-10	-1.70946540479e-07
3.59217219886e-10	-8.98776066904e-08
3.60410632577e-10	1.40638203305e-08
3.61604045267e-10	1.15627296182e-07
3.62797457958e-10	1.90402518641e-07
3.63990870649e-10	2.2094782004e-07
3.65184283339e-10	2.00672156225e-07
3.6637769603e-10	1.35049726069e-07
3.67571108721e-10	4.00716553273e-08
3.68764521411e-10	-6.15500379553e-08
3.69957934102e-10	-1.4549907057e-07
3.71151346792e-10	-1.91721513332e-07
3.72344759483e-10	-1.89515912297e-07
3.73538172174e-10	-1.40746335475e-07
3.74731584864e-10	-5.99145737468e-08
3.75924997555e-10	2.96143922718e-08
3.77118410246e-10	1.02253888024e-07
3.78311822936e-10	1.38090101132e-07
3.79505235627e-10	1.29208119759e-07
3.80698648318e-10	8.21509358317e-08
3.81892061008e-10	1.55021034898e-08
3.83085473699e-10	-4.65639438119e-08
3.8427888639e-10	-8.27308124229e-08
3.8547229908e-10	-8.17045178181e-08
3.86665711771e-10	-4.58459288311e-08
3.87859124462e-10	1.01350337012e-08
3.89052537152e-10	6.47436952939e-08
3.90245949843e-10	9.73731504317e-08
3.91439362534e-10	9.54908037087e-08
3.92632775224e-10	5.86304391703e-08
3.93826187915e-10	-1.86517723488e-09
3.95019600606e-10	-6.71266020547e-08
3.96213013296e-10	-1.1705716485e-07
3.97406425987e-10	-1.36742336565e-07
3.98599838677e-10	-1.20415045046e-07
3.99793251368e-10	-7.25009954294e-08
4.00986664059e-10	-5.60489643586e-09
4.02180076749e-10	6.35206456323e-08
4.0337348944e-10	1.18101611157e-07
4.04566902131e-10	1.45364024817e-07
4.05760314821e-10	1.38795746452e-07
4.06953727512e-10	9.94000890486e-08
4.08147140203e-10	3.53955860177e-08
4.09340552893e-10	-3.91618555362e-08
4.10533965584e-10	-1.07026869145e-07
4.11727378275e-10	-1.51357685496e-07
4.12920790965e-10	-1.59810548794e-07
4.14114203656e-10	-1.28262858112e-07
4.15307616347e-10	-6.28194722907e-08
4.16501029037e-10	2.07808081853e-08
4.17694441728e-10	1.00765839228e-07
4.18887854419e-10	1.55351028042e-07
4.20081267109e-10	1.69288691509e-07
4.212746798e-10	1.38861549814e-07
4.2246809249e-10	7.34100824573e-08
4.23661505181e-10	-7.53207018978e-09
4.24854917872e-10	-8.03983466469e-08
4.26048330562e-10	-1.25181442989e-07
4.27241743253e-10	-1.31577891693e-07
4.28435155944e-10	-1.01629435534e-07
4.29628568634e-10	-4.81974411493e-08
4.30821981325e-10	1.00025193683e-08
4.32015394016e-10	5.48116974031e-08
4.33208806706e-10	7.41321262154e-08
4.34402219397e-10	6.50850671136e-08
4.35595632088e-10	3.38392132093e-08
4.36789044778e-10	-7.14075859554e-09
4.37982457469e-10	-4.34108025082e-08
4.3917587016e-10	-6.29837648702e-08
4.4036928285e-10	-5.96012572629e-08
4.41562695541e-10	-3.40705095248e-08
4.42756108232e-10	6.29505231275e-09
4.43949520922e-10	5.00203900522e-08
4.45142933613e-10	8.45036307595e-08
4.46336346304e-10	9.92799877864e-08
4.47529758994e-10	8.8651570529e-08
4.48723171685e-10	5.32350155069e-08
4.49916584375e-10	2.7093016719e-10
4.51109997066e-10	-5.76810799124e-08
4.52303409757e-10	-1.05471096745e-07
4.53496822447e-10	-1.29277495375e-07
4.54690235138e-10	-1.20649835011e-07
4.55883647829e-10	-7.97045265344e-08
4.57077060519e-10	-1.59118209719e-08
4.5827047321e-10	5.39067621652e-08
4.59463885901e-10	1.10190975455e-07
4.60657298591e-10	1.36643192761e-07
4.61850711282e-10	1.25250305238e-07
4.63044123973e-10	7.91186867133e-08
4.64237536663e-10	1.15527687417e-08
4.65430949354e-10	-5.79498138364e-08
4.66624362045e-10	-1.09627213973e-07
4.67817774735e-10	-1.2941340799e-07
4.69011187426e-10	-1.12851897605e-07
4.70204600117e-10	-6.61166774663e-08
4.71398012807e-10	-3.66431085475e-09
4.72591425498e-10	5.63741369142e-08
4.73784838188e-10	9.76280514209e-08
4.74978250879e-10	1.10106428863e-07
4.7617166357e-10	9.2503658955e-08
4.7736507626e-10	5.19399385723e-08
4.78558488951e-10	1.22870119634e-09
4.79751901642e-10	-4.51396862111e-08
4.80945314332e-10	-7.50415694029e-08
4.82138727023e-10	-8.17779861606e-08
4.83332139714e-10	-6.53223244385e-08
4.84525552404e-10	-3.18281507816e-08
4.85718965095e-10	8.32553181951e-09
4.86912377786e-10	4.34481757239e-08
4.88105790476e-10	6.35656700609e-08
4.89299203167e-10	6.30245837741e-08
4.90492615858e-10	4.20846366644e-08
4.91686028548e-10	6.89243762064e-09
4.92879441239e-10	-3.20174926571e-08
4.9407285393e-10	-6.26943630344e-08
4.9526626662e-10	-7.52494013767e-08
4.96459679311e-10	-6.49750928616e-08
4.97653092001e-10	-3.39250805226e-08
4.98846504692e-10	9.39087230201e-09
5.00039917383e-10	5.25177923372e-08
5.01233330073e-10	8.2622829467e-08
5.02426742764e-10	9.0372480166e-08
5.03620155455e-10	7.27171798331e-08
5.04813568145e-10	3.3809637312e-08
5.06006980836e-10	-1.59996573768e-08
5.07200393527e-10	-6.30637857491e-08
5.08393806217e-10	-9.41371087748e-08
5.09587218908e-10	-1.00095615352e-07
5.10780631599e-10	-7.8586912089e-08
5.11974044289e-10	-3.48856090682e-08
5.1316745698e-10	1.94168809919e-08
5.14360869671e-10	6.94941304502e-08
5.15554282361e-10	1.01510501338e-07
5.16747695052e-10	1.0658091032e-07
5.17941107743e-10	8.33081106322e-08
5.19134520433e-10	3.82237317353e-08
5.20327933124e-10	-1.62649318458e-08
5.21521345815e-10	-6.54345670981e-08
5.22714758505e-10	-9.64141291249e-08
5.23908171196e-10	-1.0168873299e-07
5.25101583886e-10	-8.08489950543e-08
5.26294996577e-10	-4.04864515247e-08
5.27488409268e-10	7.90420673358e-09
5.28681821958e-10	5.11431124117e-08
5.29875234649e-10	7.79250806104e-08
5.3106864734e-10	8.18275962544e-08
5.3226206003e-10	6.29056757795e-08
5.33455472721e-10	2.75356129009e-08
5.34648885412e-10	-1.34664619456e-08
5.35842298102e-10	-4.80070769804e-08
5.37035710793e-10	-6.61337988817e-08
5.38229123484e-10	-6.28960812321e-08
5.39422536174e-10	-3.96845449835e-08
5.40615948865e-10	-3.80242881626e-09
5.41809361556e-10	3.37031580422e-08
5.43002774246e-10	6.12595032479e-08
5.44196186937e-10	7.01229563305e-08
5.45389599628e-10	5.70488740692e-08
5.46583012318e-10	2.53205323375e-08
5.47776425009e-10	-1.60266060423e-08
5.48969837699e-10	-5.46997327433e-08
5.5016325039e-10	-7.87667868707e-08
5.51356663081e-10	-8.02294852775e-08
5.52550075771e-10	-5.76248386785e-08
5.53743488462e-10	-1.67110814075e-08
5.54936901153e-10	3.10227956657e-08
5.56130313843e-10	7.16396266753e-08
5.57323726534e-10	9.29007244466e-08
5.58517139225e-10	8.79987345215e-08
5.59710551915e-10	5.77308107985e-08
5.60903964606e-10	1.03292091547e-08
5.62097377297e-10	-4.08790619133e-08
5.63290789987e-10	-8.14465694887e-08
5.64484202678e-10	-1.00013951787e-07
5.65677615369e-10	-9.15807314428e-08
5.66871028059e-10	-5.88127768708e-08
5.6806444075e-10	-1.10854141422e-08
5.69257853441e-10	3.83737761567e-08
5.70451266131e-10	7.6270416649e-08
5.71644678822e-10	9.2934199003e-08
5.72838091513e-10	8.47866257203e-08
5.74031504203e-10	5.50422702972e-08
5.75224916894e-10	1.26185155658e-08
5.76418329584e-10	-3.05706344683e-08
5.77611742275e-10	-6.28368033162e-08
5.78805154966e-10	-7.59234923819e-08
5.79998567656e-10	-6.71013813403e-08
5.81191980347e-10	-3.97220816239e-08
5.82385393038e-10	-2.20836871012e-09
5.83578805728e-10	3.44292248045e-08
5.84772218419e-10	5.96289004839e-08
5.8596563111e-10	6.62222561232e-08
5.871590438e-10	5.24460568307e-08
5.88352456491e-10	2.24275700234e-08
5.89545869182e-10	-1.49274055339e-08
5.90739281872e-10	-4.84417941315e-08
5.91932694563e-10	-6.79288660876e-08
5.93126107254e-10	-6.72025128878e-08
5.94319519944e-10	-4.60697546778e-08
5.95512932635e-10	-1.05138988626e-08
5.96706345326e-10	2.89967381217e-08
5.97899758016e-10	6.05963133005e-08
5.99093170707e-10	7.46595123502e-08
6.00286583397e-10	6.6729317183e-08
6.01479996088e-10	3.89200360829e-08
6.02673408779e-10	-7.24827753373e-10
6.03866821469e-10	-4.06212312676e-08
6.0506023416e-10	-6.90787533841e-08
6.06253646851e-10	-7.77129134377e-08
6.07447059541e-10	-6.38236485884e-08
6.08640472232e-10	-3.11838781464e-08
6.09833884923e-10	1.10966893452e-08
6.11027297613e-10	5.11224547139e-08
6.12220710304e-10	7.75858133295e-08
6.13414122995e-10	8.29665145474e-08
6.14607535685e-10	6.56061081017e-08
6.15800948376e-10	3.02061604618e-08
6.16994361067e-10	-1.35563464898e-08
6.18187773757e-10	-5.37115756316e-08
6.19381186448e-10	-7.93550114508e-08
6.20574599139e-10	-8.36280644734e-08
6.21768011829e-10	-6.55558141105e-08
6.2296142452e-10	-3.02778522254e-08
6.24154837211e-10	1.2424104856e-08
6.25348249901e-10	5.07902728764e-08
6.26541662592e-10	7.43504395828e-08
6.27735075282e-10	7.68027099696e-08
6.28928487973e-10	5.7779677487e-08
6.30121900664e-10	2.29646304195e-08
6.31315313354e-10	-1.7529431684e-08
6.32508726045e-10	-5.20379317415e-08
6.33702138736e-10	-7.07191709637e-08
6.34895551426e-10	-6.83688066161e-08
6.36088964117e-10	-4.5922749603e-08
6.37282376808e-10	-1.01281835141e-08
6.38475789498e-10	2.83971570703e-08
6.39669202189e-10	5.82925774317e-08
6.4086261488e-10	7.07224554475e-08
6.4205602757e-10	6.19767615007e-08
6.43249440261e-10	3.45984383365e-08
6.44442852952e-10	-3.30921826053e-09
6.45636265642e-10	-4.04005038313e-08
6.46829678333e-10	-6.54360050589e-08
6.48023091024e-10	-7.06669078809e-08
6.49216503714e-10	-5.42300671036e-08
6.50409916405e-10	-2.08052819417e-08
6.51603329095e-10	1.97153902093e-08
6.52796741786e-10	5.51797119108e-08
6.53990154477e-10	7.4806497885e-08
6.55183567167e-10	7.2465265788e-08
6.56376979858e-10	4.84914695065e-08
6.57570392549e-10	9.634905207e-09
6.58763805239e-10	-3.2957069962e-08
6.5995721793e-10	-6.69938353681e-08
6.61150630621e-10	-8.26345321059e-08
6.62344043311e-10	-7.53122630925e-08
6.63537456002e-10	-4.70120271601e-08
6.64730868693e-10	-5.66548774561e-09
6.65924281383e-10	3.71929718135e-08
6.67117694074e-10	6.96728799099e-08
6.68311106765e-10	8.29156503457e-08
6.69504519455e-10	7.34806802072e-08
6.70697932146e-10	4.42395191591e-08
6.71891344837e-10	3.51405393673e-09
6.73084757527e-10	-3.73241415552e-08
6.74278170218e-10	-6.69731665681e-08
6.75471582909e-10	-7.73653558994e-08
6.76664995599e-10	-6.58517906871e-08
6.7785840829e-10	-3.59292982033e-08
6.7905182098e-10	3.7586367907e-09
6.80245233671e-10	4.18629815258e-08
6.81438646362e-10	6.75348577062e-08
6.82632059052e-10	7.35101766125e-08
6.83825471743e-10	5.81872496852e-08
6.85018884434e-10	2.61130708168e-08
6.86212297124e-10	-1.3322783321e-08
6.87405709815e-10	-4.85489346502e-08
6.88599122506e-10	-6.92194968011e-08
6.89792535196e-10	-6.92321400209e-08
6.90985947887e-10	-4.86022297963e-08
6.92179360578e-10	-1.35244553334e-08
6.93372773268e-10	2.54504377573e-08
6.94566185959e-10	5.65304083544e-08
6.9575959865e-10	7.02951306053e-08
6.9695301134e-10	6.25402840626e-08
6.98146424031e-10	3.55861118351e-08
6.99339836722e-10	-2.44759207346e-09
7.00533249412e-10	-4.01214914625e-08
7.01726662103e-10	-6.61359900178e-08
7.02920074793e-10	-7.2704311016e-08
7.04113487484e-10	-5.78059311529e-08
7.05306900175e-10	-2.57053212049e-08
7.06500312865e-10	1.43802124652e-08
7.07693725556e-10	5.09932807091e-08
7.08887138247e-10	7.37361425251e-08
7.10080550937e-10	7.61887735123e-08
7.11273963628e-10	5.76520351458e-08
7.12467376319e-10	2.32740215989e-08
7.13660789009e-10	-1.74409751086e-08
7.148542017e-10	-5.32910111595e-08
7.16047614391e-10	-7.44540029629e-08
7.17241027081e-10	-7.51570894408e-08
7.18434439772e-10	-5.52492620542e-08
7.19627852463e-10	-2.02435992414e-08
7.20821265153e-10	2.01464553928e-08
7.22014677844e-10	5.46599561169e-08
7.23208090535e-10	7.35786960249e-08
7.24401503225e-10	7.14966601478e-08
7.25594915916e-10	4.89309464058e-08
7.26788328607e-10	1.22778824885e-08
7.27981741297e-10	-2.79052327912e-08
7.29175153988e-10	-5.9950187481e-08
7.30368566678e-10	-7.44682289167e-08
7.31561979369e-10	-6.71859590184e-08
7.3275539206e-10	-4.02554793943e-08
7.3394880475e-10	-1.65675329011e-09
7.35142217441e-10	3.71656527776e-08
7.36335630132e-10	6.47245030905e-08
7.37529042822e-10	7.29386160359e-08
7.38722455513e-10	5.95331899333e-08
7.39915868204e-10	2.86974271013e-08
7.41109280894e-10	-1.02129553703e-08
7.42302693585e-10	-4.55338176053e-08
7.43496106276e-10	-6.67722810377e-08
7.44689518966e-10	-6.77495650692e-08
7.45882931657e-10	-4.83352722291e-08
7.47076344348e-10	-1.44351940401e-08
7.48269757038e-10	2.38660862184e-08
7.49463169729e-10	5.52850338842e-08
7.5065658242e-10	7.0629503135e-08
7.5184999511e-10	6.54114922227e-08
7.53043407801e-10	4.1065975509e-08
7.54236820491e-10	4.50044612688e-09
7.55430233182e-10	-3.39044490261e-08
7.56623645873e-10	-6.32078562823e-08
7.57817058563e-10	-7.50222080015e-08
7.59010471254e-10	-6.5842730379e-08
7.60203883945e-10	-3.81022355889e-08
7.61397296635e-10	5.03705965826e-10
7.62590709326e-10	3.91382726228e-08
7.63784122017e-10	6.6867841042e-08
7.64977534707e-10	7.57879830005e-08
7.66170947398e-10	6.32889252117e-08
7.67364360089e-10	3.28620348711e-08
7.68557772779e-10	-6.84418699493e-09
7.6975118547e-10	-4.44721477422e-08
7.70944598161e-10	-6.92002650737e-08
7.72138010851e-10	-7.38768592967e-08
7.73331423542e-10	-5.71365617041e-08
7.74524836233e-10	-2.38258690555e-08
7.75718248923e-10	1.63650646368e-08
7.76911661614e-10	5.17205820394e-08
7.78105074305e-10	7.19537771587e-08
7.79298486995e-10	7.1218209996e-08
7.80491899686e-10	4.98527108483e-08
7.81685312376e-10	1.42523066682e-08
7.82878725067e-10	-2.50600564744e-08
7.84072137758e-10	-5.65518538664e-08
7.85265550448e-10	-7.11274470433e-08
7.86458963139e-10	-6.47513456187e-08
7.8765237583e-10	-3.95885764171e-08
7.8884578852e-10	-3.28468491295e-09
7.90039201211e-10	3.33754548443e-08
7.91232613902e-10	5.96394809094e-08
7.92426026592e-10	6.79379610347e-08
7.93619439283e-10	5.60225204005e-08
7.94812851974e-10	2.75354077317e-08
7.96006264664e-10	-9.10057185166e-09
7.97199677355e-10	-4.3176759057e-08
7.98393090046e-10	-6.4766988217e-08
7.99586502736e-10	-6.75734224131e-08
8.00779915427e-10	-5.07021482576e-08
8.01973328118e-10	-1.89017603791e-08
8.03166740808e-10	1.87747972724e-08
8.04360153499e-10	5.15630387277e-08
8.05553566189e-10	7.00302500434e-08
8.0674697888e-10	6.87878323191e-08
8.07940391571e-10	4.80510236045e-08
8.09133804261e-10	1.35973061699e-08
8.10327216952e-10	-2.482147754e-08
8.11520629643e-10	-5.62794357784e-08
8.12714042333e-10	-7.17639307979e-08
8.13907455024e-10	-6.68005357696e-08
8.15100867715e-10	-4.27632862454e-08
8.16294280405e-10	-6.51434911569e-09
8.17487693096e-10	3.15186028388e-08
8.18681105787e-10	6.03682734912e-08
8.19874518477e-10	7.16832149195e-08
8.21067931168e-10	6.21961602221e-08
8.22261343859e-10	3.46871971146e-08
8.23454756549e-10	-2.82312775934e-09
8.2464816924e-10	-3.94095609479e-08
8.25841581931e-10	-6.4461795013e-08
8.27034994621e-10	-7.07750471562e-08
8.28228407312e-10	-5.66410540692e-08
8.29421820002e-10	-2.63160724323e-08
8.30615232693e-10	1.12797390317e-08
8.31808645384e-10	4.51810455715e-08
8.33002058074e-10	6.55961054363e-08
8.34195470765e-10	6.67432562551e-08
8.35388883456e-10	4.84922755284e-08
8.36582296146e-10	1.6369237521e-08
8.37775708837e-10	-2.01140424316e-08
8.38969121528e-10	-5.02582047091e-08
8.40162534218e-10	-6.53048317645e-08
8.41355946909e-10	-6.09735413271e-08
8.425493596e-10	-3.86565366384e-08
8.4374277229e-10	-4.95903401676e-09
8.44936184981e-10	3.02469631563e-08
8.46129597672e-10	5.67194811119e-08
8.47323010362e-10	6.67580577485e-08
8.48516423053e-10	5.74141090226e-08
8.49709835744e-10	3.13088281967e-08
8.50903248434e-10	-4.13586151438e-09
8.52096661125e-10	-3.87720877626e-08
8.53290073816e-10	-6.26508436241e-08
8.54483486506e-10	-6.88309240715e-08
8.55676899197e-10	-5.54096852845e-08
8.56870311887e-10	-2.61151602565e-08
8.58063724578e-10	1.07378735903e-08
8.59257137269e-10	4.4580732883e-08
8.60450549959e-10	6.56596670368e-08
8.6164396265e-10	6.78588278902e-08
8.62837375341e-10	5.05050157251e-08
8.64030788031e-10	1.86034774252e-08
8.65224200722e-10	-1.86092996568e-08
8.66417613413e-10	-5.03265331631e-08
8.67611026103e-10	-6.73450761823e-08
8.68804438794e-10	-6.47405471454e-08
8.69997851485e-10	-4.33265516797e-08
8.71191264175e-10	-9.40149369466e-09
8.72384676866e-10	2.71080438097e-08
8.73578089557e-10	5.55632055921e-08
8.74771502247e-10	6.77514586656e-08
8.75964914938e-10	6.0255107126e-08
8.77158327629e-10	3.54284361848e-08
8.78351740319e-10	6.3951383078e-10
8.7954515301e-10	-3.39289583096e-08
8.807385657e-10	-5.8274518544e-08
8.81931978391e-10	-6.54822036594e-08
8.83125391082e-10	-5.36804458662e-08
8.84318803772e-10	-2.65154995738e-08
8.85512216463e-10	7.97071392222e-09
8.86705629154e-10	3.97145782927e-08
8.87899041844e-10	5.95461404629e-08
8.89092454535e-10	6.18080933101e-08
8.90285867226e-10	4.59569351463e-08
8.91479279916e-10	1.66602323048e-08
8.92672692607e-10	-1.75490768584e-08
8.93866105298e-10	-4.67496863443e-08
8.95059517988e-10	-6.24666744997e-08
8.96252930679e-10	-6.00989342736e-08
8.9744634337e-10	-4.02601876281e-08
8.9863975606e-10	-8.59395121733e-09
8.99833168751e-10	2.57963341799e-08
9.01026581442e-10	5.298796113e-08
9.02219994132e-10	6.50784084399e-08
9.03413406823e-10	5.84978385731e-08
9.04606819514e-10	3.50711908403e-08
9.05800232204e-10	1.50514356534e-09
9.06993644895e-10	-3.25219460251e-08
9.08187057585e-10	-5.71783838055e-08
9.09380470276e-10	-6.53299947473e-08
9.10573882967e-10	-5.46214780073e-08
9.11767295657e-10	-2.81772749577e-08
9.12960708348e-10	6.30764979137e-09
9.14154121039e-10	3.88127756601e-08
9.15347533729e-10	5.99029790216e-08
9.1654094642e-10	6.35045744879e-08
9.17734359111e-10	4.86496500862e-08
9.18927771801e-10	1.97505229949e-08
9.20121184492e-10	-1.47170684528e-08
9.21314597183e-10	-4.47344969956e-08
9.22508009873e-10	-6.16478619264e-08
9.23701422564e-10	-6.06964492e-08
9.24894835255e-10	-4.23262038751e-08
9.26088247945e-10	-1.20073577747e-08
9.27281660636e-10	2.14090920547e-08
9.28475073327e-10	4.82851971739e-08
9.29668486017e-10	6.09596151335e-08
9.30861898708e-10	5.59291803981e-08
9.32055311398e-10	3.48049629117e-08
9.33248724089e-10	3.80651005161e-09
9.3444213678e-10	-2.80457921331e-08
9.3563554947e-10	-5.15377149846e-08
9.36828962161e-10	-5.99058416206e-08
9.38022374852e-10	-5.07680875117e-08
9.39215787542e-10	-2.6812599474e-08
9.40409200233e-10	4.99478269855e-09
9.41602612924e-10	3.54091853616e-08
9.42796025614e-10	5.55792247781e-08
9.43989438305e-10	5.96066467295e-08
9.45182850996e-10	4.62572309345e-08
9.46376263686e-10	1.93388518532e-08
9.47569676377e-10	-1.33880044828e-08
9.48763089068e-10	-4.24363535423e-08
9.49956501758e-10	-5.93606825916e-08
9.51149914449e-10	-5.92008508882e-08
9.5234332714e-10	-4.19629206938e-08
9.5353673983e-10	-1.26181687321e-08
9.54730152521e-10	2.03345476013e-08
9.55923565212e-10	4.73327439465e-08
9.57116977902e-10	6.05718528668e-08
9.58310390593e-10	5.62418231986e-08
9.59503803283e-10	3.56584344274e-08
9.60697215974e-10	4.84837658909e-09
9.61890628665e-10	-2.72264948364e-08
9.63084041355e-10	-5.12711255674e-08
9.64277454046e-10	-6.03780128117e-08
9.65470866737e-10	-5.19987795045e-08
9.66664279427e-10	-2.86622803269e-08
9.67857692118e-10	2.79034223505e-09
9.69051104809e-10	3.32252554358e-08
9.70244517499e-10	5.38708162523e-08
9.7143793019e-10	5.88444768468e-08
9.72631342881e-10	4.6838378065e-08
9.73824755571e-10	2.14384932029e-08
9.75018168262e-10	-9.93133075777e-09
9.76211580953e-10	-3.81877991451e-08
9.77404993643e-10	-5.52168435419e-08
9.78598406334e-10	-5.61844428759e-08
9.79791819025e-10	-4.09313454242e-08
9.80985231715e-10	-1.39664906307e-08
9.82178644406e-10	1.68342990658e-08
9.83372057096e-10	4.25249999658e-08
9.84565469787e-10	5.56775714422e-08
9.85758882478e-10	5.25146424124e-08
9.86952295168e-10	3.40024008949e-08
9.88145707859e-10	5.55352297482e-09
9.8933912055e-10	-2.45463287474e-08
9.9053253324e-10	-4.75394941191e-08
9.91725945931e-10	-5.673304182e-08
9.92919358622e-10	-4.94425242969e-08
9.94112771312e-10	-2.77567413498e-08
9.95306184003e-10	2.03862807191e-09
9.96499596694e-10	3.13079706604e-08
9.97693009384e-10	5.15504554599e-08
9.98886422075e-10	5.68788993682e-08
1.00007983477e-09	4.57463751324e-08
1.00127324746e-09	2.13784077108e-08
1.00246666015e-09	-9.14568121235e-09
1.00366007284e-09	-3.69747104045e-08
1.00485348553e-09	-5.40633564583e-08
1.00604689822e-09	-5.55003807357e-08
1.00724031091e-09	-4.09362397313e-08
1.0084337236e-09	-1.46530996226e-08
1.00962713629e-09	1.57020210168e-08
1.01082054898e-09	4.13387235554e-08
1.01201396167e-09	5.48880585427e-08
1.01320737436e-09	5.25088945658e-08
1.01440078705e-09	3.49806001942e-08
1.01559419974e-09	7.45478467845e-09
1.01678761243e-09	-2.20728748612e-08
1.01798102513e-09	-4.50770403226e-08
1.01917443782e-09	-5.49691381302e-08
1.02036785051e-09	-4.89942961757e-08
1.0215612632e-09	-2.8981038902e-08
1.02275467589e-09	-7.99542654306e-10
1.02394808858e-09	2.73693308017e-08
1.02514150127e-09	4.74095758207e-08
1.02633491396e-09	5.35920912093e-08
1.02752832665e-09	4.42273386803e-08
1.02872173934e-09	2.21146516655e-08
1.02991515203e-09	-6.28624369226e-09
1.03110856472e-09	-3.27218061535e-08
1.03230197741e-09	-4.9549935266e-08
1.0334953901e-09	-5.1922379285e-08
1.03468880279e-09	-3.91894778851e-08
1.03588221549e-09	-1.50813703748e-08
1.03707562818e-09	1.33907620548e-08
1.03826904087e-09	3.7943850284e-08
1.03946245356e-09	5.14467921597e-08
1.04065586625e-09	4.9969687943e-08
1.04184927894e-09	3.39359340629e-08
1.04304269163e-09	7.99857258205e-09
1.04423610432e-09	-2.03139465249e-08
1.04542951701e-09	-4.27792552493e-08
1.0466229297e-09	-5.28787031939e-08
1.04781634239e-09	-4.76871981903e-08
1.04900975508e-09	-2.87250110365e-08
1.05020316777e-09	-1.50420981226e-09
1.05139658046e-09	2.60735091295e-08
1.05258999315e-09	4.60280440429e-08
1.05378340584e-09	5.26062473583e-08
1.05497681854e-09	4.39504850291e-08
1.05617023123e-09	2.26238108247e-08
1.05736364392e-09	-5.16010134621e-09
1.05855705661e-09	-3.13397721108e-08
1.0597504693e-09	-4.83659765571e-08
1.06094388199e-09	-5.13710372019e-08
1.06213729468e-09	-3.95692865141e-08
1.06333070737e-09	-1.64598319419e-08
1.06452412006e-09	1.1225450014e-08
1.06571753275e-09	3.5475594018e-08
1.06691094544e-09	4.9334476504e-08
1.06810435813e-09	4.88871663151e-08
1.06929777082e-09	3.43626753718e-08
1.07049118351e-09	1.00410895154e-08
1.0716845962e-09	-1.70155292079e-08
1.0728780089e-09	-3.8996339935e-08
1.07407142159e-09	-4.95976566484e-08
1.07526483428e-09	-4.58225684064e-08
1.07645824697e-09	-2.88275945337e-08
1.07765165966e-09	-3.58588503335e-09
1.07884507235e-09	2.25654928077e-08
1.08003848504e-09	4.20398693635e-08
1.08123189773e-09	4.92064331503e-08
1.08242531042e-09	4.20127199696e-08
1.08361872311e-09	2.2581259751e-08
1.0848121358e-09	-3.41471351195e-09
1.08600554849e-09	-2.84083672142e-08
1.08719896118e-09	-4.51287052172e-08
1.08839237387e-09	-4.87306413e-08
1.08958578656e-09	-3.8175164363e-08
1.09077919926e-09	-1.65471658597e-08
1.09197261195e-09	9.86227211008e-09
1.09316602464e-09	3.33809655473e-08
1.09435943733e-09	4.7179701923e-08
1.09555285002e-09	4.72742729407e-08
1.09674626271e-09	3.36549086377e-08
1.0979396754e-09	1.03060041612e-08
1.09913308809e-09	-1.59809356859e-08
1.10032650078e-09	-3.75821356258e-08
1.10151991347e-09	-4.82613757846e-08
1.10271332616e-09	-4.49780559464e-08
1.10390673885e-09	-2.87440802271e-08
1.10510015154e-09	-4.31335439588e-09
1.10629356423e-09	2.12272861511e-08
1.10748697692e-09	4.051047231e-08
1.10868038961e-09	4.80224295885e-08
1.10987380231e-09	4.1669462103e-08
1.111067215e-09	2.33618542289e-08
1.11226062769e-09	-1.5663166042e-09
1.11345404038e-09	-2.59109596001e-08
1.11464745307e-09	-4.26736019854e-08
1.11584086576e-09	-4.70812326903e-08
1.11703427845e-09	-3.79325326705e-08
1.11822769114e-09	-1.79414560986e-08
1.11942110383e-09	7.07537634037e-09
1.12061451652e-09	2.98785212127e-08
