% time-domain voltage integration by openEMS v0.37.0-rc1-2-g7b051bb @Sat Aug  8 20:43:42 2026
% start-coordinates: (0.00161438,0.00262109,-0.000762) m -> [55,69,14]
% stop-coordinates: (0.00189632,0.00262109,-0.000762) m -> [59,69,14]
% t/s	voltage
0	0
1.20694985616e-12	0
2.41389971232e-12	0
3.62084956847e-12	0
4.82779942463e-12	0
6.03474928079e-12	0
7.24169913695e-12	0
8.44864899311e-12	0
9.65559884926e-12	0
1.08625487054e-11	0
1.20694985616e-11	0
1.32764484177e-11	0
1.44833982739e-11	0
1.56903481301e-11	0
1.68972979862e-11	0
1.81042478424e-11	0
1.93111976985e-11	0
2.05181475547e-11	0
2.17250974108e-11	0
2.2932047267e-11	0
2.41389971232e-11	0
2.53459469793e-11	0
2.65528968355e-11	0
2.77598466916e-11	0
2.89667965478e-11	0
3.01737464039e-11	0
3.13806962601e-11	0
3.25876461163e-11	0
3.37945959724e-11	0
3.50015458286e-11	0
3.62084956847e-11	0
3.74154455409e-11	0
3.86223953971e-11	0
3.98293452532e-11	0
4.10362951094e-11	0
4.22432449655e-11	0
4.34501948217e-11	-1.54584773617e-34
4.46571446778e-11	-4.61890404202e-32
4.5864094534e-11	-8.26887508001e-30
4.70710443902e-11	-1.0342720469e-27
4.82779942463e-11	-9.15448983274e-26
4.94849441025e-11	-5.79596449816e-24
5.06918939586e-11	-2.64957463783e-22
5.18988438148e-11	-8.81965152068e-21
5.3105793671e-11	-2.15496282158e-19
5.43127435271e-11	-3.89671432777e-18
5.55196933833e-11	-5.26152771063e-17
5.67266432394e-11	-5.35921623551e-16
5.79335930956e-11	-4.16556668597e-15
5.91405429517e-11	-2.50122921269e-14
6.03474928079e-11	-1.17347626028e-13
6.15544426641e-11	-4.33496202259e-13
6.27613925202e-11	-1.26020629479e-12
6.39683423764e-11	-2.82732116798e-12
6.51752922325e-11	-4.53264194841e-12
6.63822420887e-11	-3.38872734127e-12
6.75891919448e-11	7.90909232638e-12
6.8796141801e-11	4.25967178197e-11
7.00030916572e-11	1.21609467288e-10
7.12100415133e-11	2.77978834395e-10
7.24169913695e-11	5.65557559118e-10
7.36239412256e-11	1.06812249323e-09
7.48308910818e-11	1.90007415357e-09
7.6037840938e-11	3.19300941243e-09
7.72447907941e-11	5.06243680309e-09
7.84517406503e-11	7.52255269187e-09
7.96586905064e-11	1.02780846056e-08
8.08656403626e-11	1.23394059415e-08
8.20725902187e-11	1.15118221622e-08
8.32795400749e-11	3.9336444102e-09
8.44864899311e-11	-1.60664326287e-08
8.56934397872e-11	-5.53897789857e-08
8.69003896434e-11	-1.20354329169e-07
8.81073394995e-11	-2.13397566284e-07
8.93142893557e-11	-3.28855790599e-07
9.05212392118e-11	-4.49380991085e-07
9.1728189068e-11	-5.45126916052e-07
9.29351389242e-11	-5.77672608415e-07
9.41420887803e-11	-5.09307326979e-07
9.53490386365e-11	-3.15897949577e-07
9.65559884926e-11	1.16599219169e-09
9.77629383488e-11	4.0946784452e-07
9.8969888205e-11	8.5079823009e-07
1.00176838061e-10	1.25725784983e-06
1.01383787917e-10	1.57311762905e-06
1.02590737773e-10	1.77272872293e-06
1.0379768763e-10	1.86532824387e-06
1.05004637486e-10	1.88273781987e-06
1.06211587342e-10	1.85476204706e-06
1.07418537198e-10	1.78419824692e-06
1.08625487054e-10	1.63563746014e-06
1.0983243691e-10	1.34610573355e-06
1.11039386767e-10	8.54518816595e-07
1.12246336623e-10	1.36961865849e-07
1.13453286479e-10	-7.69070624074e-07
1.14660236335e-10	-1.76320011747e-06
1.15867186191e-10	-2.70486447107e-06
1.17074136047e-10	-3.4501450159e-06
1.18281085903e-10	-3.88888798852e-06
1.1948803576e-10	-3.968745375e-06
1.20694985616e-10	-3.70082233303e-06
1.21901935472e-10	-3.1487797969e-06
1.23108885328e-10	-2.40989652411e-06
1.24315835184e-10	-1.59483315088e-06
1.2552278504e-10	-8.11575091575e-07
1.26729734897e-10	-1.54341950775e-07
1.27936684753e-10	3.05228944342e-07
1.29143634609e-10	5.2893948066e-07
1.30350584465e-10	5.24320626027e-07
1.31557534321e-10	3.52821608374e-07
1.32764484177e-10	1.25336516277e-07
1.33971434034e-10	-2.15382054414e-08
1.3517838389e-10	3.33224916549e-08
1.36385333746e-10	3.4966227247e-07
1.37592283602e-10	8.95075189078e-07
1.38799233458e-10	1.54592621016e-06
1.40006183314e-10	2.1246015649e-06
1.4121313317e-10	2.45946347377e-06
1.42420083027e-10	2.44454952281e-06
1.43627032883e-10	2.07456892554e-06
1.44833982739e-10	1.44256634371e-06
1.46040932595e-10	7.03706092509e-07
1.47247882451e-10	2.37067117048e-08
1.48454832307e-10	-4.67540239413e-07
1.49661782164e-10	-7.02121965901e-07
1.5086873202e-10	-6.76252227549e-07
1.52075681876e-10	-4.35946283517e-07
1.53282631732e-10	-5.75544056858e-08
1.54489581588e-10	3.68168265652e-07
1.55696531444e-10	7.46486946923e-07
1.56903481301e-10	9.87543742781e-07
1.58110431157e-10	1.01960684162e-06
1.59317381013e-10	8.06969211453e-07
1.60524330869e-10	3.67399870527e-07
1.61731280725e-10	-2.20684203356e-07
1.62938230581e-10	-8.29963752835e-07
1.64145180437e-10	-1.31572554096e-06
1.65352130294e-10	-1.55787975586e-06
1.6655908015e-10	-1.49847025455e-06
1.67766030006e-10	-1.15976648374e-06
1.68972979862e-10	-6.34922500353e-07
1.70179929718e-10	-5.64742350662e-08
1.71386879574e-10	4.44746717676e-07
1.72593829431e-10	7.73725972181e-07
1.73800779287e-10	8.88047807734e-07
1.75007729143e-10	7.95356541516e-07
1.76214678999e-10	5.38911358205e-07
1.77421628855e-10	1.80611547052e-07
1.78628578711e-10	-2.10156805736e-07
1.79835528568e-10	-5.60830486052e-07
1.81042478424e-10	-7.99081064429e-07
1.8224942828e-10	-8.61358429916e-07
1.83456378136e-10	-7.09414237576e-07
1.84663327992e-10	-3.50153605666e-07
1.85870277848e-10	1.51476044152e-07
1.87077227704e-10	6.78012909816e-07
1.88284177561e-10	1.08775411434e-06
1.89491127417e-10	1.25936296058e-06
1.90698077273e-10	1.13581526762e-06
1.91905027129e-10	7.47988437411e-07
1.93111976985e-10	2.06256395074e-07
1.94318926841e-10	-3.37727016131e-07
1.95525876698e-10	-7.43489351862e-07
1.96732826554e-10	-9.2623280068e-07
1.9793977641e-10	-8.75662621524e-07
1.99146726266e-10	-6.4544548195e-07
2.00353676122e-10	-3.22725711044e-07
2.01560625978e-10	6.05415695354e-09
2.02767575835e-10	2.78622589889e-07
2.03974525691e-10	4.62821340363e-07
2.05181475547e-10	5.49248532877e-07
2.06388425403e-10	5.39731338733e-07
2.07595375259e-10	4.3978695885e-07
2.08802325115e-10	2.59135504166e-07
2.10009274971e-10	1.77597745399e-08
2.11216224828e-10	-2.48194574226e-07
2.12423174684e-10	-4.8685992482e-07
2.1363012454e-10	-6.39918923184e-07
2.14837074396e-10	-6.59334261854e-07
2.16044024252e-10	-5.25252545458e-07
2.17250974108e-10	-2.56986243841e-07
2.18457923965e-10	8.77809558375e-08
2.19664873821e-10	4.27138488135e-07
2.20871823677e-10	6.77954162143e-07
2.22078773533e-10	7.7965960088e-07
2.23285723389e-10	7.10766812517e-07
2.24492673245e-10	4.93594583872e-07
2.25699623102e-10	1.86890758869e-07
2.26906572958e-10	-1.30947473309e-07
2.28113522814e-10	-3.82037889324e-07
2.2932047267e-10	-5.08797420196e-07
2.30527422526e-10	-4.88128790721e-07
2.31734372382e-10	-3.3703634017e-07
2.32941322238e-10	-1.07171429065e-07
2.34148272095e-10	1.31181650431e-07
2.35355221951e-10	3.11268308906e-07
2.36562171807e-10	3.90407549844e-07
2.37769121663e-10	3.61592270792e-07
2.38976071519e-10	2.50827945081e-07
2.40183021375e-10	1.02327549101e-07
2.41389971232e-10	-4.05431590522e-08
2.42596921088e-10	-1.49732692023e-07
2.43803870944e-10	-2.1685059437e-07
2.450108208e-10	-2.46511255853e-07
2.46217770656e-10	-2.46061045317e-07
2.47424720512e-10	-2.1879285228e-07
2.48631670369e-10	-1.64165530947e-07
2.49838620225e-10	-8.40828722204e-08
2.51045570081e-10	1.02536419355e-08
2.52252519937e-10	9.67405249241e-08
2.53459469793e-10	1.47971906728e-07
2.54666419649e-10	1.4168583462e-07
2.55873369505e-10	7.10789009872e-08
2.57080319362e-10	-5.01719483736e-08
2.58287269218e-10	-1.900537967e-07
2.59494219074e-10	-3.07086544638e-07
2.6070116893e-10	-3.62568435719e-07
2.61908118786e-10	-3.33086049409e-07
2.63115068642e-10	-2.19062108897e-07
2.64322018499e-10	-4.73395171952e-08
2.65528968355e-10	1.34529443585e-07
2.66735918211e-10	2.71296297427e-07
2.67942868067e-10	3.177059682e-07
2.69149817923e-10	2.54494860741e-07
2.70356767779e-10	9.69409104101e-08
2.71563717636e-10	-1.0854939525e-07
2.72770667492e-10	-2.99379202318e-07
2.73977617348e-10	-4.17624200111e-07
2.75184567204e-10	-4.29283325332e-07
2.7639151706e-10	-3.34328078111e-07
2.77598466916e-10	-1.64133528102e-07
2.78805416772e-10	3.11411514353e-08
2.80012366629e-10	2.0008035051e-07
2.81219316485e-10	3.05398650369e-07
2.82426266341e-10	3.31987330071e-07
2.83633216197e-10	2.86673763839e-07
2.84840166053e-10	1.91241756653e-07
2.86047115909e-10	7.30182723174e-08
2.87254065766e-10	-4.34681934891e-08
2.88461015622e-10	-1.40716050367e-07
2.89667965478e-10	-2.08579354677e-07
2.90874915334e-10	-2.41312132943e-07
2.9208186519e-10	-2.34777086661e-07
2.93288815046e-10	-1.85451632717e-07
2.94495764903e-10	-9.26139342994e-08
2.95702714759e-10	3.73082400529e-08
2.96909664615e-10	1.87115151817e-07
2.98116614471e-10	3.28307251607e-07
2.99323564327e-10	4.26382754881e-07
3.00530514183e-10	4.50703048216e-07
3.01737464039e-10	3.85556646165e-07
3.02944413896e-10	2.3807168148e-07
3.04151363752e-10	3.89868359818e-08
3.05358313608e-10	-1.65354926196e-07
3.06565263464e-10	-3.26458497568e-07
3.0777221332e-10	-4.08077411862e-07
3.08979163176e-10	-3.95760920924e-07
3.10186113033e-10	-2.98230013129e-07
3.11393062889e-10	-1.41756645533e-07
3.12600012745e-10	3.91631660435e-08
3.13806962601e-10	2.10460914474e-07
3.15013912457e-10	3.43417760007e-07
3.16220862313e-10	4.15841491019e-07
3.1742781217e-10	4.13001032484e-07
3.18634762026e-10	3.2988580756e-07
3.19841711882e-10	1.75667807412e-07
3.21048661738e-10	-2.29486172287e-08
3.22255611594e-10	-2.22873723033e-07
3.2346256145e-10	-3.73879032622e-07
3.24669511307e-10	-4.33713196912e-07
3.25876461163e-10	-3.83478329979e-07
3.27083411019e-10	-2.362887912e-07
3.28290360875e-10	-3.41425305805e-08
3.29497310731e-10	1.66473288488e-07
3.30704260587e-10	3.13830248899e-07
3.31911210443e-10	3.775020474e-07
3.331181603e-10	3.55103487948e-07
3.34325110156e-10	2.67917442898e-07
3.35532060012e-10	1.49172137753e-07
3.36739009868e-10	3.122820047e-08
3.37945959724e-10	-6.33314334308e-08
3.3915290958e-10	-1.23939933871e-07
3.40359859437e-10	-1.49638257341e-07
3.41566809293e-10	-1.4494415268e-07
3.42773759149e-10	-1.1642029385e-07
3.43980709005e-10	-7.13686301168e-08
3.45187658861e-10	-1.72147212041e-08
3.46394608717e-10	3.87347034447e-08
3.47601558574e-10	9.00366234902e-08
3.4880850843e-10	1.31687952987e-07
3.50015458286e-10	1.60148871942e-07
3.51222408142e-10	1.72454797109e-07
3.52429357998e-10	1.65417478826e-07
3.53636307854e-10	1.35906201848e-07
3.5484325771e-10	8.27655188829e-08
3.56050207567e-10	9.65146906839e-09
3.57257157423e-10	-7.29276727895e-08
3.58464107279e-10	-1.47855292454e-07
3.59671057135e-10	-1.95303474726e-07
3.60878006991e-10	-1.99104341903e-07
3.62084956847e-10	-1.53336905839e-07
3.63291906704e-10	-6.65177575243e-08
3.6449885656e-10	3.91082961571e-08
3.65705806416e-10	1.33412790149e-07
3.66912756272e-10	1.87498152115e-07
3.68119706128e-10	1.83490335814e-07
3.69326655984e-10	1.20825292882e-07
3.70533605841e-10	1.70156242429e-08
3.71740555697e-10	-9.77016192394e-08
3.72947505553e-10	-1.89915382975e-07
3.74154455409e-10	-2.33663840277e-07
3.75361405265e-10	-2.18182762524e-07
3.76568355121e-10	-1.50627968765e-07
3.77775304977e-10	-5.27482626467e-08
3.78982254834e-10	4.65920289017e-08
3.8018920469e-10	1.20524633829e-07
3.81396154546e-10	1.51805959803e-07
3.82603104402e-10	1.36764501946e-07
3.83810054258e-10	8.484847136e-08
3.85017004114e-10	1.46439735893e-08
3.86223953971e-10	-5.21828926736e-08
3.87430903827e-10	-9.71215232681e-08
3.88637853683e-10	-1.09489226574e-07
3.89844803539e-10	-8.89209754718e-08
3.91051753395e-10	-4.45052146247e-08
3.92258703251e-10	8.40857250495e-09
3.93465653108e-10	5.35385220601e-08
3.94672602964e-10	7.92354644119e-08
3.9587955282e-10	8.23148376128e-08
3.97086502676e-10	6.85953187585e-08
3.98293452532e-10	4.97479195616e-08
3.99500402388e-10	3.73239004148e-08
4.00707352244e-10	3.67852210914e-08
4.01914302101e-10	4.43870300515e-08
4.03121251957e-10	4.88391806996e-08
4.04328201813e-10	3.74127555602e-08
4.05535151669e-10	3.5871193238e-09
4.06742101525e-10	-4.7731147923e-08
4.07949051381e-10	-1.00281569715e-07
4.09156001238e-10	-1.32486464466e-07
4.10362951094e-10	-1.26971745118e-07
4.1156990095e-10	-7.88759919601e-08
4.12776850806e-10	7.51059714421e-10
4.13983800662e-10	8.85886102253e-08
4.15190750518e-10	1.57564929992e-07
4.16397700375e-10	1.86973991845e-07
4.17604650231e-10	1.6936778735e-07
4.18811600087e-10	1.11880449793e-07
4.20018549943e-10	3.22381166207e-08
4.21225499799e-10	-4.83568403098e-08
4.22432449655e-10	-1.11957172422e-07
4.23639399511e-10	-1.47816844986e-07
4.24846349368e-10	-1.53160357286e-07
4.26053299224e-10	-1.31293623085e-07
4.2726024908e-10	-8.88671696231e-08
4.28467198936e-10	-3.39178662934e-08
4.29674148792e-10	2.52159342295e-08
4.30881098648e-10	8.01659414407e-08
4.32088048505e-10	1.22734105545e-07
4.33294998361e-10	1.45816169805e-07
4.34501948217e-10	1.44901481036e-07
4.35708898073e-10	1.19454258041e-07
4.36915847929e-10	7.38526164668e-08
4.38122797785e-10	1.67281113406e-08
4.39329747642e-10	-4.10083735858e-08
4.40536697498e-10	-8.88186413306e-08
4.41743647354e-10	-1.19060491244e-07
4.4295059721e-10	-1.28209469707e-07
4.44157547066e-10	-1.16634028657e-07
4.45364496922e-10	-8.73520011879e-08
4.46571446778e-10	-4.48528636454e-08
4.47778396635e-10	5.37387589983e-09
4.48985346491e-10	5.65534614694e-08
4.50192296347e-10	1.00311632778e-07
4.51399246203e-10	1.27487105317e-07
4.52606196059e-10	1.30494136386e-07
4.53813145915e-10	1.0636509451e-07
4.55020095772e-10	5.91206950062e-08
4.56227045628e-10	-4.72123673489e-10
4.57433995484e-10	-5.78865844147e-08
4.5864094534e-10	-9.98270248687e-08
4.59847895196e-10	-1.18749808209e-07
4.61054845052e-10	-1.14904228354e-07
4.62261794909e-10	-9.48166558601e-08
4.63468744765e-10	-6.74372051535e-08
4.64675694621e-10	-3.98595911832e-08
4.65882644477e-10	-1.48901313501e-08
4.67089594333e-10	8.33838409431e-09
4.68296544189e-10	3.18159738555e-08
4.69503494045e-10	5.5593615933e-08
4.70710443902e-10	7.62760450357e-08
4.71917393758e-10	8.79190871217e-08
4.73124343614e-10	8.46804244503e-08
4.7433129347e-10	6.3788591298e-08
4.75538243326e-10	2.74431251057e-08
4.76745193182e-10	-1.75288565885e-08
4.77952143039e-10	-6.15161797057e-08
4.79159092895e-10	-9.49291081298e-08
4.80366042751e-10	-1.10648976204e-07
4.81572992607e-10	-1.05609545997e-07
4.82779942463e-10	-8.1158432863e-08
4.83986892319e-10	-4.26100337236e-08
4.85193842176e-10	2.0434778869e-09
4.86400792032e-10	4.38572564931e-08
4.87607741888e-10	7.49325526073e-08
4.88814691744e-10	9.0395294805e-08
4.900216416e-10	8.94898963821e-08
4.91228591456e-10	7.55942135555e-08
4.92435541312e-10	5.46704947979e-08
4.93642491169e-10	3.28801541549e-08
4.94849441025e-10	1.40686686745e-08
4.96056390881e-10	-1.42643982737e-09
4.97263340737e-10	-1.62537034942e-08
4.98470290593e-10	-3.36653767086e-08
4.99677240449e-10	-5.46455360961e-08
5.00884190306e-10	-7.57866320811e-08
5.02091140162e-10	-8.94405598473e-08
5.03298090018e-10	-8.6319264625e-08
5.04505039874e-10	-5.97833924587e-08
5.0571198973e-10	-1.00639518941e-08
5.06918939586e-10	5.38583293519e-08
5.08125889443e-10	1.15765699249e-07
5.09332839299e-10	1.57190140015e-07
5.10539789155e-10	1.64003179037e-07
5.11746739011e-10	1.31998302066e-07
5.12953688867e-10	6.89258605746e-08
5.14160638723e-10	-8.02555555346e-09
5.15367588579e-10	-7.83922207148e-08
5.16574538436e-10	-1.25514491245e-07
5.17781488292e-10	-1.41611474547e-07
5.18988438148e-10	-1.28679802813e-07
5.20195388004e-10	-9.55245109679e-08
5.2140233786e-10	-5.26278292057e-08
5.22609287716e-10	-8.10003775165e-09
5.23816237573e-10	3.37750751811e-08
5.25023187429e-10	7.08623950629e-08
5.26230137285e-10	1.00415554982e-07
5.27437087141e-10	1.17485482676e-07
5.28644036997e-10	1.16008308737e-07
5.29850986853e-10	9.20776219715e-08
5.3105793671e-10	4.75337378347e-08
5.32264886566e-10	-8.74174843624e-09
5.33471836422e-10	-6.29551344389e-08
5.34678786278e-10	-1.01132254571e-07
5.35885736134e-10	-1.14289097297e-07
5.3709268599e-10	-1.01418740073e-07
5.38299635846e-10	-6.89817625243e-08
5.39506585703e-10	-2.74273390666e-08
5.40713535559e-10	1.30139006238e-08
5.41920485415e-10	4.55035875646e-08
5.43127435271e-10	6.71079032344e-08
5.44334385127e-10	7.76058080021e-08
5.45541334983e-10	7.74992674479e-08
5.4674828484e-10	6.70633140132e-08
5.47955234696e-10	4.67568161966e-08
5.49162184552e-10	1.84924284774e-08
5.50369134408e-10	-1.33315636308e-08
5.51576084264e-10	-4.22421040369e-08
5.5278303412e-10	-6.13651334191e-08
5.53989983977e-10	-6.59083863042e-08
5.55196933833e-10	-5.5060723092e-08
5.56403883689e-10	-3.2456693777e-08
5.57610833545e-10	-4.93477758656e-09
5.58817783401e-10	1.98130822859e-08
5.60024733257e-10	3.57590339561e-08
5.61231683113e-10	4.01337088007e-08
5.6243863297e-10	3.37938761419e-08
5.63645582826e-10	2.02897973978e-08
5.64852532682e-10	4.34188474063e-09
5.66059482538e-10	-9.79733560946e-09
5.67266432394e-10	-1.91397875327e-08
5.6847338225e-10	-2.22754978907e-08
5.69680332107e-10	-1.89976727683e-08
5.70887281963e-10	-9.94519266939e-09
5.72094231819e-10	3.46799788886e-09
5.73301181675e-10	1.8870084606e-08
5.74508131531e-10	3.27170348591e-08
5.75715081387e-10	4.05739806197e-08
5.76922031244e-10	3.82939120414e-08
5.781289811e-10	2.37183437335e-08
5.79335930956e-10	-1.67152264252e-09
5.80542880812e-10	-3.21047313179e-08
5.81749830668e-10	-5.86205386455e-08
5.82956780524e-10	-7.17925816573e-08
5.8416373038e-10	-6.52302354354e-08
5.85370680237e-10	-3.83200644549e-08
5.86577630093e-10	2.88647439284e-09
5.87784579949e-10	4.7406008008e-08
5.88991529805e-10	8.28210957593e-08
5.90198479661e-10	9.93532189852e-08
5.91405429517e-10	9.2830108045e-08
5.92612379374e-10	6.54638485642e-08
5.9381932923e-10	2.45778495334e-08
5.95026279086e-10	-2.01472154515e-08
5.96233228942e-10	-5.93428666207e-08
5.97440178798e-10	-8.59454853952e-08
5.98647128654e-10	-9.5941585343e-08
5.99854078511e-10	-8.83245601102e-08
6.01061028367e-10	-6.48319220531e-08
6.02267978223e-10	-2.96155464596e-08
6.03474928079e-10	1.10989029078e-08
6.04681877935e-10	4.98030878759e-08
6.05888827791e-10	7.90967753517e-08
6.07095777647e-10	9.33679373816e-08
6.08302727504e-10	9.01888821403e-08
6.0950967736e-10	7.08676806127e-08
6.10716627216e-10	3.97581008116e-08
6.11923577072e-10	2.88459806042e-09
6.13130526928e-10	-3.35126681961e-08
6.14337476784e-10	-6.39573460859e-08
6.15544426641e-10	-8.40507574651e-08
6.16751376497e-10	-9.0529551855e-08
6.17958326353e-10	-8.16337344389e-08
6.19165276209e-10	-5.78028567233e-08
6.20372226065e-10	-2.24696194984e-08
6.21579175921e-10	1.78119030636e-08
6.22786125778e-10	5.45315241851e-08
6.23993075634e-10	7.93779886266e-08
6.2520002549e-10	8.67949676575e-08
6.26406975346e-10	7.5722415005e-08
6.27613925202e-10	4.97475536321e-08
6.28820875058e-10	1.57009236723e-08
6.30027824914e-10	-1.8714869654e-08
6.31234774771e-10	-4.70313938905e-08
6.32441724627e-10	-6.51998552925e-08
6.33648674483e-10	-7.16003096812e-08
6.34855624339e-10	-6.63295303127e-08
6.36062574195e-10	-5.06034663061e-08
6.37269524051e-10	-2.65687445378e-08
6.38476473908e-10	2.37289499161e-09
6.39683423764e-10	3.12977350703e-08
6.4089037362e-10	5.41747908755e-08
6.42097323476e-10	6.51431708576e-08
6.43304273332e-10	6.0469739438e-08
6.44511223188e-10	4.03493016776e-08
6.45718173045e-10	9.57370094312e-09
6.46925122901e-10	-2.33824914986e-08
6.48132072757e-10	-4.88564673162e-08
6.49339022613e-10	-5.92698770063e-08
6.50545972469e-10	-5.17746228113e-08
6.51752922325e-10	-2.93070279156e-08
6.52959872181e-10	4.68220448524e-10
6.54166822038e-10	2.79878062948e-08
6.55373771894e-10	4.51441346527e-08
6.5658072175e-10	4.77981592084e-08
6.57787671606e-10	3.67134562751e-08
6.58994621462e-10	1.64452260698e-08
6.60201571318e-10	-6.74241684706e-09
6.61408521175e-10	-2.70681157488e-08
6.62615471031e-10	-4.06264222264e-08
6.63822420887e-10	-4.55815181155e-08
6.65029370743e-10	-4.16676240178e-08
6.66236320599e-10	-2.96447968395e-08
6.67443270455e-10	-1.10790618901e-08
6.68650220312e-10	1.13733555906e-08
6.69857170168e-10	3.38388912446e-08
6.71064120024e-10	5.15314386718e-08
6.7227106988e-10	5.99010556712e-08
6.73478019736e-10	5.60450388321e-08
6.74684969592e-10	3.99235089432e-08
6.75891919448e-10	1.46212284502e-08
6.77098869305e-10	-1.45010070618e-08
6.78305819161e-10	-4.1351316149e-08
6.79512769017e-10	-6.07149379661e-08
6.80719718873e-10	-6.92465187413e-08
6.81926668729e-10	-6.57899397183e-08
6.83133618585e-10	-5.09703150797e-08
6.84340568442e-10	-2.68209672249e-08
6.85547518298e-10	3.48378204063e-09
6.86754468154e-10	3.57086724634e-08
6.8796141801e-10	6.46938289606e-08
6.89168367866e-10	8.49509458334e-08
6.90375317722e-10	9.17917404308e-08
6.91582267579e-10	8.25357204803e-08
6.92789217435e-10	5.76038248212e-08
6.93996167291e-10	2.07136450214e-08
6.95203117147e-10	-2.17341202813e-08
6.96410067003e-10	-6.19690885273e-08
6.97617016859e-10	-9.24434573335e-08
6.98823966715e-10	-1.07193125487e-07
7.00030916572e-10	-1.02893519482e-07
7.01237866428e-10	-7.94228043333e-08
7.02444816284e-10	-4.00968191983e-08
7.0365176614e-10	8.62937443724e-09
7.04858715996e-10	5.79514773946e-08
7.06065665852e-10	9.82534054117e-08
7.07272615709e-10	1.21117546215e-07
7.08479565565e-10	1.21400848485e-07
7.09686515421e-10	9.87011290476e-08
7.10893465277e-10	5.76543452979e-08
7.12100415133e-10	6.76747502482e-09
7.13307364989e-10	-4.36782041646e-08
7.14514314846e-10	-8.42475564866e-08
7.15721264702e-10	-1.08298490176e-07
7.16928214558e-10	-1.13064404061e-07
7.18135164414e-10	-9.94435005452e-08
7.1934211427e-10	-7.11092384975e-08
7.20549064126e-10	-3.32344045617e-08
7.21756013982e-10	8.50084047599e-09
7.22962963839e-10	4.85033986308e-08
7.24169913695e-10	8.15817795541e-08
7.25376863551e-10	1.03133833917e-07
7.26583813407e-10	1.09572063423e-07
7.27790763263e-10	9.90171109549e-08
7.28997713119e-10	7.20620940697e-08
7.30204662976e-10	3.22621076521e-08
7.31411612832e-10	-1.40073541655e-08
7.32618562688e-10	-5.86058099827e-08
7.33825512544e-10	-9.32963146738e-08
7.350324624e-10	-1.11718613027e-07
7.36239412256e-10	-1.10847548029e-07
7.37446362113e-10	-9.15630060661e-08
7.38653311969e-10	-5.80268295636e-08
7.39860261825e-10	-1.63811375575e-08
7.41067211681e-10	2.67461595094e-08
7.42274161537e-10	6.53008758178e-08
7.43481111393e-10	9.41634006324e-08
7.44688061249e-10	1.09227610068e-07
7.45895011106e-10	1.07568846275e-07
7.47101960962e-10	8.81185791002e-08
7.48308910818e-10	5.26844017301e-08
7.49515860674e-10	6.63026034076e-09
7.5072281053e-10	-4.15053493796e-08
7.51929760386e-10	-8.18241332468e-08
7.53136710243e-10	-1.05830745056e-07
7.54343660099e-10	-1.09081678801e-07
7.55550609955e-10	-9.24895431353e-08
7.56757559811e-10	-6.15898896328e-08
7.57964509667e-10	-2.42550983742e-08
7.59171459523e-10	1.21708134682e-08
7.6037840938e-10	4.27722559593e-08
7.61585359236e-10	6.53799192563e-08
7.62792309092e-10	7.94506256341e-08
7.63999258948e-10	8.45570848895e-08
7.65206208804e-10	7.96193013741e-08
7.6641315866e-10	6.34408099387e-08
7.67620108516e-10	3.61925422965e-08
7.68827058373e-10	8.08037942113e-10
7.70034008229e-10	-3.68096140235e-08
7.71240958085e-10	-6.90251651392e-08
7.72447907941e-10	-8.89207552035e-08
7.73654857797e-10	-9.24688183801e-08
7.74861807653e-10	-7.97773260786e-08
7.7606875751e-10	-5.45958416254e-08
7.77275707366e-10	-2.26978111861e-08
7.78482657222e-10	1.00513146695e-08
7.79689607078e-10	3.90545240592e-08
7.80896556934e-10	6.12621109397e-08
7.8210350679e-10	7.4794769489e-08
7.83310456647e-10	7.8342361931e-08
7.84517406503e-10	7.10674434856e-08
7.85724356359e-10	5.30779660224e-08
7.86931306215e-10	2.61531893919e-08
7.88138256071e-10	-5.85868653591e-09
7.89345205927e-10	-3.7447321688e-08
7.90552155783e-10	-6.26762766132e-08
7.9175910564e-10	-7.6765157786e-08
7.92966055496e-10	-7.74439108397e-08
7.94173005352e-10	-6.54232321651e-08
7.95379955208e-10	-4.39202105795e-08
7.96586905064e-10	-1.74582566181e-08
7.9779385492e-10	9.42062206022e-09
7.99000804777e-10	3.30876943622e-08
8.00207754633e-10	5.10916002838e-08
8.01414704489e-10	6.19018871717e-08
8.02621654345e-10	6.460156321e-08
8.03828604201e-10	5.87090864812e-08
8.05035554057e-10	4.44844090453e-08
8.06242503914e-10	2.33595938148e-08
8.0744945377e-10	-1.826227225e-09
8.08656403626e-10	-2.70335638319e-08
8.09863353482e-10	-4.78831161388e-08
8.11070303338e-10	-6.0739429486e-08
8.12277253194e-10	-6.36546753086e-08
8.1348420305e-10	-5.67687479247e-08
8.14691152907e-10	-4.19615151515e-08
8.15898102763e-10	-2.21193960925e-08
8.17105052619e-10	-2.64555335971e-10
8.18312002475e-10	2.09002664064e-08
8.19518952331e-10	3.91152834567e-08
8.20725902187e-10	5.23535685915e-08
8.21932852044e-10	5.87751980419e-08
8.231398019e-10	5.69699496467e-08
8.24346751756e-10	4.65042857556e-08
8.25553701612e-10	2.84617200919e-08
8.26760651468e-10	5.59960033897e-09
8.27967601324e-10	-1.81245041198e-08
8.29174551181e-10	-3.84998291025e-08
8.30381501037e-10	-5.21734948578e-08
8.31588450893e-10	-5.736417652e-08
8.32795400749e-10	-5.40370388435e-08
8.34002350605e-10	-4.3456385157e-08
8.35209300461e-10	-2.75314855358e-08
8.36416250317e-10	-8.35653968245e-09
8.37623200174e-10	1.19808469812e-08
8.3883015003e-10	3.11878776138e-08
8.40037099886e-10	4.67188980835e-08
8.41244049742e-10	5.59629347308e-08
8.42450999598e-10	5.68639899612e-08
8.43657949454e-10	4.86959885748e-08
8.44864899311e-10	3.25856235328e-08
8.46071849167e-10	1.14280616081e-08
8.47278799023e-10	-1.08411846167e-08
8.48485748879e-10	-3.03415994551e-08
8.49692698735e-10	-4.42292558134e-08
8.50899648591e-10	-5.11523055025e-08
8.52106598448e-10	-5.10711437585e-08
8.53313548304e-10	-4.4719893566e-08
8.5452049816e-10	-3.30461737974e-08
8.55727448016e-10	-1.70677632028e-08
8.56934397872e-10	1.89556983998e-09
8.58141347728e-10	2.18575686439e-08
8.59348297584e-10	4.00044326554e-08
8.60555247441e-10	5.31231760803e-08
8.61762197297e-10	5.83916595076e-08
8.62969147153e-10	5.43413403165e-08
8.64176097009e-10	4.14179233132e-08
8.65383046865e-10	2.19138325264e-08
8.66589996721e-10	-6.94428611836e-10
8.67796946578e-10	-2.27020011678e-08
8.69003896434e-10	-4.09544016478e-08
8.7021084629e-10	-5.32114707852e-08
8.71417796146e-10	-5.81515386955e-08
8.72624746002e-10	-5.51590764175e-08
8.73831695858e-10	-4.43018990381e-08
8.75038645715e-10	-2.64838981856e-08
8.76245595571e-10	-3.70975833386e-09
8.77452545427e-10	2.08296246917e-08
8.78659495283e-10	4.31160955827e-08
8.79866445139e-10	5.90921143129e-08
8.81073394995e-10	6.56295489065e-08
8.82280344851e-10	6.13493629231e-08
8.83487294708e-10	4.69862468933e-08
8.84694244564e-10	2.51284397734e-08
8.8590119442e-10	-4.05514261059e-10
8.87108144276e-10	-2.53977532338e-08
8.88315094132e-10	-4.60019915494e-08
8.89522043988e-10	-5.92461022464e-08
8.90728993845e-10	-6.33887093926e-08
8.91935943701e-10	-5.80521080096e-08
8.93142893557e-10	-4.420115296e-08
8.94349843413e-10	-2.40095721082e-08
8.95556793269e-10	-4.91310436779e-10
8.96763743125e-10	2.29447070232e-08
8.97970692982e-10	4.30156417153e-08
8.99177642838e-10	5.69965612485e-08
9.00384592694e-10	6.29832426213e-08
9.0159154255e-10	6.00570553289e-08
9.02798492406e-10	4.83345026225e-08
9.04005442262e-10	2.90299451144e-08
9.05212392118e-10	4.50836057375e-09
9.06419341975e-10	-2.18231619442e-08
9.07626291831e-10	-4.5849652075e-08
9.08833241687e-10	-6.33885699486e-08
9.10040191543e-10	-7.10446821373e-08
9.11247141399e-10	-6.70233877287e-08
9.12454091255e-10	-5.16463174449e-08
9.13661041112e-10	-2.74202278661e-08
9.14867990968e-10	1.47619272362e-09
9.16074940824e-10	3.00384650487e-08
9.1728189068e-10	5.338650233e-08
9.18488840536e-10	6.7713015639e-08
9.19695790392e-10	7.08426481921e-08
9.20902740249e-10	6.25206224569e-08
9.22109690105e-10	4.43620082891e-08
9.23316639961e-10	1.94655589425e-08
9.24523589817e-10	-8.08848332756e-09
9.25730539673e-10	-3.39326100551e-08
9.26937489529e-10	-5.40997282528e-08
9.28144439385e-10	-6.55788179316e-08
9.29351389242e-10	-6.67717729996e-08
9.30558339098e-10	-5.767422806e-08
9.31765288954e-10	-3.98415753722e-08
9.3297223881e-10	-1.61413356015e-08
9.34179188666e-10	9.70502744835e-09
9.35386138522e-10	3.36932743927e-08
9.36593088379e-10	5.21504368578e-08
9.37800038235e-10	6.23379037279e-08
9.39006988091e-10	6.28458183272e-08
9.40213937947e-10	5.37543511925e-08
9.41420887803e-10	3.65625174581e-08
9.42627837659e-10	1.38806051098e-08
9.43834787516e-10	-1.09544906479e-08
9.45041737372e-10	-3.42828312405e-08
9.46248687228e-10	-5.25622656511e-08
9.47455637084e-10	-6.27690992516e-08
9.4866258694e-10	-6.29394731888e-08
9.49869536796e-10	-5.26338768125e-08
9.51076486652e-10	-3.32725580421e-08
9.52283436509e-10	-8.12257994198e-09
9.53490386365e-10	1.82474479971e-08
9.54697336221e-10	4.08989766498e-08
9.55904286077e-10	5.56860371148e-08
9.57111235933e-10	6.02228729107e-08
9.58318185789e-10	5.43233502626e-08
9.59525135646e-10	3.98414901071e-08
9.60732085502e-10	1.99864746975e-08
9.61939035358e-10	-1.56512505733e-09
9.63145985214e-10	-2.14091895323e-08
9.6435293507e-10	-3.68643240378e-08
9.65559884926e-10	-4.61081057779e-08
9.66766834783e-10	-4.81911843764e-08
9.67973784639e-10	-4.30191517964e-08
9.69180734495e-10	-3.14545589575e-08
9.70387684351e-10	-1.53166963557e-08
9.71594634207e-10	2.73557448915e-09
9.72801584063e-10	1.96292218035e-08
9.7400853392e-10	3.24947051489e-08
9.75215483776e-10	3.9309298927e-08
9.76422433632e-10	3.93208914318e-08
9.77629383488e-10	3.31224470074e-08
9.78836333344e-10	2.23629124108e-08
9.800432832e-10	9.24106613454e-09
9.81250233056e-10	-3.99243060833e-09
9.82457182913e-10	-1.54075205927e-08
9.83664132769e-10	-2.35947843485e-08
9.84871082625e-10	-2.77198393128e-08
9.86078032481e-10	-2.75316862641e-08
9.87284982337e-10	-2.33818204798e-08
9.88491932193e-10	-1.61601474424e-08
9.8969888205e-10	-7.2298805831e-09
9.90905831906e-10	1.83592219205e-09
9.92112781762e-10	9.53595069575e-09
9.93319731618e-10	1.47724921185e-08
9.94526681474e-10	1.70558676071e-08
9.9573363133e-10	1.65750795311e-08
9.96940581187e-10	1.40442184549e-08
9.98147531043e-10	1.04585711203e-08
9.99354480899e-10	6.77088529688e-09
1.00056143075e-09	3.6417133753e-09
1.00176838061e-09	1.29090940715e-09
1.00297533047e-09	-4.82258857848e-10
1.00418228032e-09	-2.14820464195e-09
1.00538923018e-09	-4.18276085989e-09
1.00659618004e-09	-6.82152601073e-09
1.00780312989e-09	-9.90549575697e-09
1.00901007975e-09	-1.28574479952e-08
1.0102170296e-09	-1.48623793272e-08
1.01142397946e-09	-1.50981867009e-08
1.01263092932e-09	-1.30205159987e-08
1.01383787917e-09	-8.49862646923e-09
1.01504482903e-09	-1.87913465344e-09
1.01625177889e-09	6.0908518229e-09
1.01745872874e-09	1.43642984174e-08
1.0186656786e-09	2.16979598733e-08
1.01987262845e-09	2.67667994436e-08
1.02107957831e-09	2.83222010289e-08
1.02228652817e-09	2.54242999986e-08
1.02349347802e-09	1.77841443794e-08
1.02470042788e-09	5.99533211965e-09
1.02590737773e-09	-8.3308762111e-09
1.02711432759e-09	-2.277710065e-08
1.02832127745e-09	-3.45659012524e-08
1.0295282273e-09	-4.12013072548e-08
1.03073517716e-09	-4.10509359838e-08
1.03194212702e-09	-3.37349499446e-08
1.03314907687e-09	-2.02012602202e-08
1.03435602673e-09	-2.51808529583e-09
1.03556297658e-09	1.64904840894e-08
1.03676992644e-09	3.37280878782e-08
1.0379768763e-09	4.6260757891e-08
1.03918382615e-09	5.17730658345e-08
1.04039077601e-09	4.89458908959e-08
1.04159772586e-09	3.77792197526e-08
1.04280467572e-09	1.96978340306e-08
1.04401162558e-09	-2.55665144611e-09
1.04521857543e-09	-2.53600997979e-08
1.04642552529e-09	-4.48076447057e-08
1.04763247515e-09	-5.7452312241e-08
1.048839425e-09	-6.09092918324e-08
1.05004637486e-09	-5.43050884261e-08
1.05125332471e-09	-3.84152256672e-08
1.05246027457e-09	-1.5584058044e-08
1.05366722443e-09	1.06007203016e-08
1.05487417428e-09	3.58450948923e-08
1.05608112414e-09	5.58096537873e-08
1.05728807399e-09	6.68768533885e-08
1.05849502385e-09	6.68413573379e-08
1.05970197371e-09	5.54126096119e-08
1.06090892356e-09	3.43291746141e-08
1.06211587342e-09	7.08730951704e-09
1.06332282328e-09	-2.17172906325e-08
1.06452977313e-09	-4.72136836294e-08
1.06573672299e-09	-6.51014948616e-08
1.06694367284e-09	-7.23505708677e-08
1.0681506227e-09	-6.76638185482e-08
1.06935757256e-09	-5.16615434876e-08
1.07056452241e-09	-2.68533235648e-08
1.07177147227e-09	2.72264200074e-09
1.07297842212e-09	3.20837032497e-08
1.07418537198e-09	5.6153216299e-08
1.07539232184e-09	7.070587138e-08
1.07659927169e-09	7.32024130201e-08
1.07780622155e-09	6.32942827039e-08
1.07901317141e-09	4.28860893464e-08
1.08022012126e-09	1.5660485575e-08
1.08142707112e-09	-1.36783471216e-08
1.08263402097e-09	-4.02939352995e-08
1.08384097083e-09	-6.00178307053e-08
1.08504792069e-09	-6.98983315672e-08
1.08625487054e-09	-6.85427377078e-08
1.0874618204e-09	-5.62498057022e-08
1.08866877025e-09	-3.49604887262e-08
1.08987572011e-09	-8.05772315537e-09
1.09108266997e-09	2.00731991029e-08
1.09228961982e-09	4.47347821009e-08
1.09349656968e-09	6.17162791983e-08
1.09470351954e-09	6.81488305787e-08
1.09591046939e-09	6.30612015939e-08
1.09711741925e-09	4.75838337621e-08
1.0983243691e-09	2.46686604477e-08
1.09953131896e-09	-1.5646793583e-09
1.10073826882e-09	-2.6657946961e-08
1.10194521867e-09	-4.65993226229e-08
1.10315216853e-09	-5.84637502854e-08
1.10435911838e-09	-6.07233792138e-08
1.10556606824e-09	-5.33871382657e-08
1.1067730181e-09	-3.78929119194e-08
1.10797996795e-09	-1.68555580604e-08
1.10918691781e-09	6.30064256324e-09
1.11039386767e-09	2.78536966825e-08
1.11160081752e-09	4.43738983336e-08
1.11280776738e-09	5.32801447406e-08
1.11401471723e-09	5.33161106375e-08
1.11522166709e-09	4.47646639756e-08
1.11642861695e-09	2.93522743888e-08
1.1176355668e-09	9.91995774413e-09
1.11884251666e-09	-1.01773529604e-08
1.12004946651e-09	-2.76606604288e-08
1.12125641637e-09	-3.98858004402e-08
1.12246336623e-09	-4.52347990176e-08
1.12367031608e-09	-4.32737694567e-08
1.12487726594e-09	-3.47357902442e-08
1.1260842158e-09	-2.13332653765e-08
1.12729116565e-09	-5.41657074749e-09
1.12849811551e-09	1.03922592753e-08
1.12970506536e-09	2.36485750982e-08
1.13091201522e-09	3.24575428756e-08
1.13211896508e-09	3.57582528032e-08
1.13332591493e-09	3.34535781299e-08
1.13453286479e-09	2.63606398931e-08
1.13573981464e-09	1.59716853076e-08
1.1369467645e-09	4.1620408231e-09
1.13815371436e-09	-7.19409887218e-09
1.13936066421e-09	-1.6505391276e-08
1.14056761407e-09	-2.26728480435e-08
1.14177456393e-09	-2.51977327892e-08
1.14298151378e-09	-2.41470599072e-08
1.14418846364e-09	-2.00768028868e-08
1.14539541349e-09	-1.38700746444e-08
1.14660236335e-09	-6.54944309897e-09
1.14780931321e-09	8.85512399518e-10
1.14901626306e-09	7.59812790463e-09
1.15022321292e-09	1.29932407056e-08
1.15143016277e-09	1.66744675845e-08
1.15263711263e-09	1.84422819238e-08
1.15384406249e-09	1.82022341644e-08
1.15505101234e-09	1.59778721365e-08
1.1562579622e-09	1.19467311599e-08
1.15746491206e-09	6.49319265023e-09
1.15867186191e-09	2.32619028206e-10
1.15987881177e-09	-6.03528760301e-09
1.16108576162e-09	-1.14854969979e-08
1.16229271148e-09	-1.54252162154e-08
1.16349966134e-09	-1.74350056614e-08
1.16470661119e-09	-1.74137451125e-08
1.16591356105e-09	-1.54979802325e-08
1.1671205109e-09	-1.19568395185e-08
1.16832746076e-09	-7.08700853558e-09
1.16953441062e-09	-1.2032289054e-09
1.17074136047e-09	5.2839357334e-09
1.17194831033e-09	1.17818823586e-08
1.17315526019e-09	1.74682828202e-08
1.17436221004e-09	2.13798436732e-08
1.1755691599e-09	2.26207341747e-08
1.17677610975e-09	2.05998960112e-08
1.17798305961e-09	1.52646135732e-08
1.17919000947e-09	7.16516834753e-09
1.18039695932e-09	-2.60577798228e-09
1.18160390918e-09	-1.25990837763e-08
1.18281085903e-09	-2.12605697492e-08
1.18401780889e-09	-2.71821947173e-08
1.18522475875e-09	-2.92882820219e-08
1.1864317086e-09	-2.70206603759e-08
1.18763865846e-09	-2.04266634718e-08
1.18884560832e-09	-1.02326145335e-08
1.19005255817e-09	2.1878977241e-09
1.19125950803e-09	1.49538177396e-08
1.19246645788e-09	2.59562238369e-08
1.19367340774e-09	3.32184293406e-08
1.1948803576e-09	3.53084890214e-08
1.19608730745e-09	3.16601576067e-08
1.19729425731e-09	2.2718334769e-08
1.19850120716e-09	9.89156268005e-09
1.19970815702e-09	-4.7375512402e-09
1.20091510688e-09	-1.87952067243e-08
1.20212205673e-09	-3.00484241933e-08
1.20332900659e-09	-3.6756873989e-08
1.20453595645e-09	-3.79043028076e-08
1.2057429063e-09	-3.32831313621e-08
1.20694985616e-09	-2.35014976369e-08
1.20815680601e-09	-9.89618809122e-09
1.20936375587e-09	5.59687840518e-09
1.21057070573e-09	2.06557273508e-08
1.21177765558e-09	3.28695102247e-08
1.21298460544e-09	4.01330257915e-08
1.21419155529e-09	4.10459684019e-08
1.21539850515e-09	3.52634321743e-08
1.21660545501e-09	2.36186568081e-08
1.21781240486e-09	8.0129414215e-09
1.21901935472e-09	-8.94801366336e-09
1.22022630458e-09	-2.44659497106e-08
1.22143325443e-09	-3.60591525528e-08
1.22264020429e-09	-4.19638119808e-08
1.22384715414e-09	-4.13469365412e-08
1.225054104e-09	-3.43557897686e-08
1.22626105386e-09	-2.20506852777e-08
1.22746800371e-09	-6.25715501634e-09
1.22867495357e-09	1.06497317631e-08
1.22988190342e-09	2.60302925881e-08
1.23108885328e-09	3.73839368351e-08
1.23229580314e-09	4.27718580553e-08
1.23350275299e-09	4.12352845203e-08
1.23470970285e-09	3.30235390145e-08
1.23591665271e-09	1.95729601415e-08
1.23712360256e-09	3.2179711118e-09
1.23833055242e-09	-1.32939304009e-08
1.23953750227e-09	-2.73406128848e-08
1.24074445213e-09	-3.6861203867e-08
1.24195140199e-09	-4.06194393676e-08
1.24315835184e-09	-3.8280444592e-08
1.2443653017e-09	-3.0345919555e-08
1.24557225156e-09	-1.80308752373e-08
1.24677920141e-09	-3.11292602806e-09
1.24798615127e-09	1.22637835442e-08
1.24919310112e-09	2.5814430149e-08
1.25040005098e-09	3.54403777436e-08
1.25160700084e-09	3.95785217933e-08
1.25281395069e-09	3.75164086464e-08
1.25402090055e-09	2.95818383123e-08
1.2552278504e-09	1.7108126471e-08
1.25643480026e-09	2.19130280588e-09
1.25764175012e-09	-1.2722886078e-08
1.25884869997e-09	-2.53058116684e-08
1.26005564983e-09	-3.37368311065e-08
1.26126259969e-09	-3.69506993891e-08
1.26246954954e-09	-3.47083890517e-08
1.2636764994e-09	-2.75242864056e-08
1.26488344925e-09	-1.65263396301e-08
1.26609039911e-09	-3.27363053332e-09
1.26729734897e-09	1.03950121844e-08
1.26850429882e-09	2.25621770156e-08
1.26971124868e-09	3.14395487422e-08
1.27091819853e-09	3.56386777867e-08
1.27212514839e-09	3.44316402057e-08
1.27333209825e-09	2.79489698052e-08
1.2745390481e-09	1.72136749299e-08
1.27574599796e-09	3.98550203951e-09
1.27695294782e-09	-9.57754120456e-09
1.27815989767e-09	-2.13557882489e-08
1.27936684753e-09	-2.96394966348e-08
1.28057379738e-09	-3.34025522797e-08
1.28178074724e-09	-3.23522657553e-08
1.2829876971e-09	-2.68500448541e-08
1.28419464695e-09	-1.77551136016e-08
1.28540159681e-09	-6.26842122653e-09
1.28660854666e-09	6.16752504623e-09
1.28781549652e-09	1.79479042739e-08
1.28902244638e-09	2.74271276801e-08
1.29022939623e-09	3.31102176787e-08
1.29143634609e-09	3.39328942722e-08
1.29264329595e-09	2.95412347917e-08
1.2938502458e-09	2.04682057969e-08
1.29505719566e-09	8.11317679705e-09
1.29626414551e-09	-5.51033474405e-09
1.29747109537e-09	-1.81822383816e-08
1.29867804523e-09	-2.79188494545e-08
1.29988499508e-09	-3.33302856426e-08
1.30109194494e-09	-3.37687700025e-08
1.30229889479e-09	-2.93336461787e-08
1.30350584465e-09	-2.07304382549e-08
1.30471279451e-09	-9.13530706637e-09
1.30591974436e-09	3.93199933724e-09
1.30712669422e-09	1.67055462796e-08
1.30833364408e-09	2.73236331338e-08
1.30954059393e-09	3.40571921775e-08
1.31074754379e-09	3.56331324447e-08
1.31195449364e-09	3.15673713835e-08
1.3131614435e-09	2.23578346947e-08
1.31436839336e-09	9.48095690845e-09
1.31557534321e-09	-4.89769436118e-09
1.31678229307e-09	-1.83697603795e-08
1.31798924292e-09	-2.87797701226e-08
1.31919619278e-09	-3.46042043908e-08
1.32040314264e-09	-3.51321118863e-08
1.32161009249e-09	-3.04555736186e-08
1.32281704235e-09	-2.13484891987e-08
1.32402399221e-09	-9.10670949761e-09
1.32523094206e-09	4.57712490132e-09
1.32643789192e-09	1.77726564576e-08
1.32764484177e-09	2.84848815646e-08
1.32885179163e-09	3.49576074754e-08
1.33005874149e-09	3.59957597063e-08
1.33126569134e-09	3.12742143294e-08
1.3324726412e-09	2.14815027988e-08
1.33367959105e-09	8.22876466966e-09
1.33488654091e-09	-6.25862905945e-09
1.33609349077e-09	-1.95933731462e-08
1.33730044062e-09	-2.96734836702e-08
1.33850739048e-09	-3.50190090259e-08
1.33971434034e-09	-3.49400939292e-08
1.34092129019e-09	-2.95587372356e-08
1.34212824005e-09	-1.97302405525e-08
1.3433351899e-09	-6.91563661892e-09
1.34454213976e-09	6.98299407187e-09
1.34574908962e-09	1.98462148937e-08
1.34695603947e-09	2.96350681772e-08
1.34816298933e-09	3.47226705166e-08
1.34936993918e-09	3.42349104621e-08
1.35057688904e-09	2.82353687098e-08
1.3517838389e-09	1.77610142149e-08
1.35299078875e-09	4.60684101977e-09
1.35419773861e-09	-9.0226703886e-09
1.35540468847e-09	-2.0937529488e-08
1.35661163832e-09	-2.93291839704e-08
1.35781858818e-09	-3.30262714954e-08
1.35902553803e-09	-3.16044861393e-08
1.36023248789e-09	-2.53924516969e-08
1.36143943775e-09	-1.53920769463e-08
1.3626463876e-09	-3.14751863462e-09
1.36385333746e-09	9.44978562067e-09
1.36506028731e-09	2.04268992832e-08
1.36626723717e-09	2.80355774152e-08
1.36747418703e-09	3.10780161605e-08
1.36868113688e-09	2.91326629487e-08
1.36988808674e-09	2.26425731498e-08
1.3710950366e-09	1.28052666248e-08
1.37230198645e-09	1.31468191888e-09
1.37350893631e-09	-9.98439841915e-09
1.37471588616e-09	-1.94055091995e-08
1.37592283602e-09	-2.56563410517e-08
1.37712978588e-09	-2.79574767781e-08
1.37833673573e-09	-2.6081317106e-08
1.37954368559e-09	-2.03515067021e-08
1.38075063544e-09	-1.16212497403e-08
1.3819575853e-09	-1.18995049925e-09
1.38316453516e-09	9.31780563818e-09
1.38437148501e-09	1.82201298493e-08
1.38557843487e-09	2.40608959423e-08
1.38678538473e-09	2.59236654365e-08
1.38799233458e-09	2.36172814638e-08
1.38919928444e-09	1.76974164212e-08
1.39040623429e-09	9.30915233788e-09
1.39161318415e-09	-9.25646642669e-11
1.39282013401e-09	-9.03256314189e-09
1.39402708386e-09	-1.62577471485e-08
1.39523403372e-09	-2.08567634274e-08
1.39644098357e-09	-2.23176588321e-08
1.39764793343e-09	-2.05281183163e-08
1.39885488329e-09	-1.57824817659e-08
1.40006183314e-09	-8.77385830655e-09
1.401268783e-09	-5.49406235784e-10
1.40247573286e-09	7.6156783102e-09
1.40368268271e-09	1.44176124373e-08
1.40488963257e-09	1.87863387069e-08
1.40609658242e-09	2.00868912614e-08
1.40730353228e-09	1.82538388849e-08
1.40851048214e-09	1.37507289999e-08
1.40971743199e-09	7.44333816804e-09
1.41092438185e-09	3.87881594899e-10
1.4121313317e-09	-6.36291508371e-09
1.41333828156e-09	-1.18988585651e-08
1.41454523142e-09	-1.55406436608e-08
1.41575218127e-09	-1.68779781262e-08
1.41695913113e-09	-1.57934052503e-08
1.41816608099e-09	-1.24846184502e-08
1.41937303084e-09	-7.45357386922e-09
1.4205799807e-09	-1.46179601757e-09
1.42178693055e-09	4.57552185029e-09
1.42299388041e-09	9.74608860282e-09
1.42420083027e-09	1.32992838964e-08
1.42540778012e-09	1.47756087365e-08
1.42661472998e-09	1.40654845548e-08
1.42782167983e-09	1.139591288e-08
1.42902862969e-09	7.2477347457e-09
1.43023557955e-09	2.27393631702e-09
1.4314425294e-09	-2.82255113726e-09
1.43264947926e-09	-7.35092120507e-09
1.43385642912e-09	-1.07223196988e-08
1.43506337897e-09	-1.25069634649e-08
1.43627032883e-09	-1.24954258052e-08
1.43747727868e-09	-1.07309838793e-08
1.43868422854e-09	-7.51433204549e-09
1.4398911784e-09	-3.34514521638e-09
1.44109812825e-09	1.15193996009e-09
1.44230507811e-09	5.34631416915e-09
1.44351202796e-09	8.68254868003e-09
1.44471897782e-09	1.07522679649e-08
1.44592592768e-09	1.13256868328e-08
1.44713287753e-09	1.03545796382e-08
1.44833982739e-09	7.98485833009e-09
1.44954677725e-09	4.53909720921e-09
1.4507537271e-09	4.98791438708e-10
1.45196067696e-09	-3.54903334499e-09
1.45316762681e-09	-7.00486946226e-09
1.45437457667e-09	-9.36623290038e-09
1.45558152653e-09	-1.03205375357e-08
1.45678847638e-09	-9.80583525489e-09
1.45799542624e-09	-7.98814125957e-09
1.4592023761e-09	-5.19974374669e-09
1.46040932595e-09	-1.85341886283e-09
1.46161627581e-09	1.63242236395e-09
1.46282322566e-09	4.87023077422e-09
1.46403017552e-09	7.49814133005e-09
1.46523712538e-09	9.20207821054e-09
1.46644407523e-09	9.72044089664e-09
1.46765102509e-09	8.91582152551e-09
1.46885797494e-09	6.82969925059e-09
1.4700649248e-09	3.71672953525e-09
1.47127187466e-09	3.15171395926e-11
1.47247882451e-09	-3.66049240919e-09
1.47368577437e-09	-6.79623135547e-09
1.47489272423e-09	-8.92397333807e-09
1.47609967408e-09	-9.77847736117e-09
1.47730662394e-09	-9.29187948806e-09
1.47851357379e-09	-7.57053497669e-09
1.47972052365e-09	-4.85547724249e-09
1.48092747351e-09	-1.47959178243e-09
1.48213442336e-09	2.14486800543e-09
1.48334137322e-09	5.56234136528e-09
1.48454832307e-09	8.29817670134e-09
1.48575527293e-09	9.93269311245e-09
1.48696222279e-09	1.01670740715e-08
1.48816917264e-09	8.90538198739e-09
1.4893761225e-09	6.2840774806e-09
1.49058307236e-09	2.67665517528e-09
1.49179002221e-09	-1.37734201822e-09
1.49299697207e-09	-5.25740995183e-09
1.49420392192e-09	-8.37334312997e-09
1.49541087178e-09	-1.02660422385e-08
1.49661782164e-09	-1.06688400336e-08
1.49782477149e-09	-9.53974899076e-09
1.49903172135e-09	-7.05533009793e-09
1.5002386712e-09	-3.56421786529e-09
1.50144562106e-09	4.55238409469e-10
1.50265257092e-09	4.4616708661e-09
1.50385952077e-09	7.90910115178e-09
1.50506647063e-09	1.02981945194e-08
1.50627342049e-09	1.12492091198e-08
1.50748037034e-09	1.0554854768e-08
1.5086873202e-09	8.24387624832e-09
1.50989427005e-09	4.60163940286e-09
1.51110121991e-09	1.57117992228e-10
1.51230816977e-09	-4.39629177507e-09
1.51351511962e-09	-8.3198463674e-09
1.51472206948e-09	-1.09767905876e-08
1.51592901933e-09	-1.1943978917e-08
1.51713596919e-09	-1.10959252897e-08
1.51834291905e-09	-8.59085402816e-09
1.5195498689e-09	-4.83576023669e-09
1.52075681876e-09	-3.88342115409e-10
1.52196376862e-09	4.1194767042e-09
1.52317071847e-09	8.06375044515e-09
1.52437766833e-09	1.08832001189e-08
1.52558461818e-09	1.21492018668e-08
1.52679156804e-09	1.16216172241e-08
1.5279985179e-09	9.30971366664e-09
1.52920546775e-09	5.50958156875e-09
1.53041241761e-09	7.77231265459e-10
1.53161936746e-09	-4.14006612326e-09
1.53282631732e-09	-8.44396019772e-09
1.53403326718e-09	-1.14343059465e-08
1.53524021703e-09	-1.26390526933e-08
1.53644716689e-09	-1.18918084269e-08
1.53765411675e-09	-9.3445278182e-09
1.5388610666e-09	-5.41000932941e-09
1.54006801646e-09	-6.93774052096e-10
1.54127496631e-09	4.11649375698e-09
1.54248191617e-09	8.32149815722e-09
1.54368886603e-09	1.13092621934e-08
1.54489581588e-09	1.26221486596e-08
1.54610276574e-09	1.20353196298e-08
1.54730971559e-09	9.60209356471e-09
1.54851666545e-09	5.66972779836e-09
1.54972361531e-09	8.36506933166e-10
1.55093056516e-09	-4.13941780852e-09
1.55213751502e-09	-8.47214631783e-09
1.55334446488e-09	-1.14805718265e-08
1.55455141473e-09	-1.27048895848e-08
1.55575836459e-09	-1.19721137448e-08
1.55696531444e-09	-9.41513533803e-09
1.5581722643e-09	-5.44277378722e-09
1.55937921416e-09	-6.70144592596e-10
1.56058616401e-09	4.17216289295e-09
1.56179311387e-09	8.35031965796e-09
1.56300006372e-09	1.12340436953e-08
1.56420701358e-09	1.24016454883e-08
1.56541396344e-09	1.16926319738e-08
1.56662091329e-09	9.24166165817e-09
1.56782786315e-09	5.435614292e-09
1.56903481301e-09	8.54468856781e-10
1.57024176286e-09	-3.82467107984e-09
1.57144871272e-09	-7.92041610076e-09
1.57265566257e-09	-1.08391089437e-08
1.57386261243e-09	-1.21449794666e-08
1.57506956229e-09	-1.1630825858e-08
1.57627651214e-09	-9.34873023439e-09
1.577483462e-09	-5.62926638636e-09
1.57869041185e-09	-1.03434025234e-09
1.57989736171e-09	3.7171021261e-09
1.58110431157e-09	7.87837817207e-09
1.58231126142e-09	1.08043434199e-08
1.58351821128e-09	1.20578755869e-08
1.58472516114e-09	1.14807567897e-08
1.58593211099e-09	9.19330012117e-09
1.58713906085e-09	5.56210788538e-09
1.5883460107e-09	1.13108813982e-09
1.58955296056e-09	-3.45247597178e-09
1.59075991042e-09	-7.5236146202e-09
1.59196686027e-09	-1.04750956798e-08
1.59317381013e-09	-1.18519110082e-08
1.59438075998e-09	-1.14219806946e-08
1.59558770984e-09	-9.23415566234e-09
1.5967946597e-09	-5.62095681111e-09
1.59800160955e-09	-1.15787675281e-09
1.59920855941e-09	3.44963757559e-09
1.60041550927e-09	7.47713546634e-09
1.60162245912e-09	1.03193997791e-08
1.60282940898e-09	1.15731007e-08
1.60403635883e-09	1.10888747074e-08
1.60524330869e-09	8.97380869613e-09
1.60645025855e-09	5.55901136234e-09
1.6076572084e-09	1.34767072502e-09
1.60886415826e-09	-3.05256842026e-09
1.61007110811e-09	-7.00658697728e-09
1.61127805797e-09	-9.93434978724e-09
1.61248500783e-09	-1.13930647139e-08
1.61369195768e-09	-1.11465630059e-08
1.61489890754e-09	-9.21022169642e-09
1.6161058574e-09	-5.85914639029e-09
1.61731280725e-09	-1.59127325206e-09
1.61851975711e-09	2.94081103913e-09
1.61972670696e-09	7.03863012319e-09
1.62093365682e-09	1.00600212605e-08
1.62214060668e-09	1.15345888396e-08
1.62334755653e-09	1.12287950049e-08
1.62455450639e-09	9.1932021995e-09
1.62576145624e-09	5.74408731691e-09
1.6269684061e-09	1.41616401939e-09
1.62817535596e-09	-3.12466447161e-09
1.62938230581e-09	-7.18369275177e-09
1.63058925567e-09	-1.01397108487e-08
1.63179620553e-09	-1.15354163999e-08
1.63300315538e-09	-1.1152119006e-08
1.63421010524e-09	-9.03819163955e-09
1.63541705509e-09	-5.51903778234e-09
1.63662400495e-09	-1.14263198903e-09
1.63783095481e-09	3.39955580353e-09
1.63903790466e-09	7.38775585152e-09
1.64024485452e-09	1.01969028776e-08
1.64145180437e-09	1.1397052635e-08
1.64265875423e-09	1.08209481375e-08
1.64386570409e-09	8.57928583731e-09
1.64507265394e-09	5.03610053659e-09
1.6462796038e-09	7.39841438113e-10
1.64748655366e-09	-3.65208768782e-09
1.64869350351e-09	-7.4718794485e-09
1.64990045337e-09	-1.01309372003e-08
1.65110740322e-09	-1.12113642814e-08
1.65231435308e-09	-1.0532185124e-08
1.65352130294e-09	-8.19452194989e-09
1.65472825279e-09	-4.56770765656e-09
1.65593520265e-09	-2.40900167869e-10
1.6571421525e-09	4.08546846353e-09
1.65834910236e-09	7.7159223455e-09
1.65955605222e-09	1.00833335015e-08
1.66076300207e-09	1.08338245042e-08
1.66196995193e-09	9.8771968382e-09
1.66317690179e-09	7.38950811652e-09
1.66438385164e-09	3.77467379575e-09
1.6655908015e-09	-3.93461624393e-10
1.66679775135e-09	-4.45918341141e-09
1.66800470121e-09	-7.78055997408e-09
1.66921165107e-09	-9.82874448496e-09
1.67041860092e-09	-1.02813189073e-08
1.67162555078e-09	-9.07962138808e-09
1.67283250063e-09	-6.4430214497e-09
1.67403945049e-09	-2.83248197119e-09
1.67524640035e-09	1.14057560618e-09
1.6764533502e-09	4.82287521031e-09
1.67766030006e-09	7.63916008228e-09
1.67886724992e-09	9.17527653854e-09
1.68007419977e-09	9.2401231111e-09
1.68128114963e-09	7.87066456454e-09
1.68248809948e-09	5.31991983799e-09
1.68369504934e-09	2.00632740976e-09
1.6849019992e-09	-1.5441934953e-09
1.68610894905e-09	-4.77375039498e-09
1.68731589891e-09	-7.17613013457e-09
1.68852284877e-09	-8.37900615558e-09
1.68972979862e-09	-8.20719303629e-09
1.69093674848e-09	-6.72231936782e-09
1.69214369833e-09	-4.20669826751e-09
1.69335064819e-09	-1.11452089224e-09
1.69455759805e-09	2.02216451917e-09
1.6957645479e-09	4.69214922472e-09
1.69697149776e-09	6.49215514681e-09
1.69817844761e-09	7.19000137206e-09
1.69938539747e-09	6.73900424353e-09
1.70059234733e-09	5.27587751264e-09
1.70179929718e-09	3.07608699623e-09
1.70300624704e-09	5.14443848632e-10
1.7042131969e-09	-1.99755775809e-09
1.70542014675e-09	-4.06851291546e-09
1.70662709661e-09	-5.39060551752e-09
1.70783404646e-09	-5.78790582129e-09
1.70904099632e-09	-5.25096233162e-09
1.71024794618e-09	-3.93031490686e-09
1.71145489603e-09	-2.10460301964e-09
1.71266184589e-09	-1.12395559873e-10
1.71386879574e-09	1.71437228302e-09
1.7150757456e-09	3.1158378655e-09
1.71628269546e-09	3.93279075972e-09
1.71748964531e-09	4.11649692111e-09
1.71869659517e-09	3.71246422493e-09
1.71990354503e-09	2.83568657444e-09
1.72111049488e-09	1.65026817212e-09
1.72231744474e-09	3.46604411838e-10
1.72352439459e-09	-8.80013090176e-10
1.72473134445e-09	-1.85842835565e-09
1.72593829431e-09	-2.46715708974e-09
1.72714524416e-09	-2.66170990804e-09
1.72835219402e-09	-2.4766027007e-09
1.72955914387e-09	-2.00966918107e-09
1.73076609373e-09	-1.38839209574e-09
1.73197304359e-09	-7.30471974575e-10
1.73317999344e-09	-1.14913926465e-10
1.7343869433e-09	4.16557538463e-10
1.73559389316e-09	8.60228624444e-10
1.73680084301e-09	1.21392171315e-09
1.73800779287e-09	1.47422604679e-09
1.73921474272e-09	1.62680149907e-09
1.74042169258e-09	1.65556432452e-09
1.74162864244e-09	1.55503501742e-09
1.74283559229e-09	1.32988445256e-09
1.74404254215e-09	9.89810469698e-10
1.745249492e-09	5.43072947723e-10
1.74645644186e-09	-1.14723595207e-11
1.74766339172e-09	-6.66101437896e-10
1.74887034157e-09	-1.38669919991e-09
1.75007729143e-09	-2.09128606099e-09
1.75128424129e-09	-2.64749117074e-09
1.75249119114e-09	-2.89998663972e-09
1.753698141e-09	-2.71490063763e-09
1.75490509085e-09	-2.03355426942e-09
1.75611204071e-09	-9.05240313265e-10
1.75731899057e-09	5.08308589664e-10
1.75852594042e-09	1.9731547507e-09
1.75973289028e-09	3.22745963288e-09
1.76093984013e-09	4.04880723393e-09
1.76214678999e-09	4.28241575534e-09
1.76335373985e-09	3.86479037662e-09
1.7645606897e-09	2.8224717008e-09
1.76576763956e-09	1.26330881867e-09
1.76697458942e-09	-6.23731080673e-10
1.76818153927e-09	-2.57689880545e-09
1.76938848913e-09	-4.28682628284e-09
1.77059543898e-09	-5.42884226462e-09
1.77180238884e-09	-5.74044434209e-09
1.7730093387e-09	-5.08228359397e-09
1.77421628855e-09	-3.49614209805e-09
1.77542323841e-09	-1.21635351791e-09
1.77663018826e-09	1.37543823553e-09
1.77783713812e-09	3.82388104514e-09
1.77904408798e-09	5.70125546773e-09
1.78025103783e-09	6.68452548869e-09
1.78145798769e-09	6.60756360737e-09
1.78266493755e-09	5.47019574082e-09
1.7838718874e-09	3.42927680697e-09
1.78507883726e-09	7.70507116443e-10
1.78628578711e-09	-2.12025474955e-09
1.78749273697e-09	-4.79850748025e-09
1.78869968683e-09	-6.81436174155e-09
1.78990663668e-09	-7.78732978102e-09
1.79111358654e-09	-7.48518802496e-09
1.79232053639e-09	-5.89369975046e-09
1.79352748625e-09	-3.23632515231e-09
1.79473443611e-09	4.6292986805e-11
1.79594138596e-09	3.38910216557e-09
1.79714833582e-09	6.20630169479e-09
1.79835528568e-09	8.01137511885e-09
1.79956223553e-09	8.50264703089e-09
1.80076918539e-09	7.6011847927e-09
1.80197613524e-09	5.45564704524e-09
1.8031830851e-09	2.40632158643e-09
1.80439003496e-09	-1.07164961627e-09
1.80559698481e-09	-4.43024372743e-09
1.80680393467e-09	-7.12928238666e-09
1.80801088452e-09	-8.7138867233e-09
1.80921783438e-09	-8.89116613667e-09
1.81042478424e-09	-7.59482676749e-09
1.81163173409e-09	-5.00625607636e-09
1.81283868395e-09	-1.54080645465e-09
1.81404563381e-09	2.22454982213e-09
1.81525258366e-09	5.64715640916e-09
1.81645953352e-09	8.14394884863e-09
1.81766648337e-09	9.28782917242e-09
1.81887343323e-09	8.88961826373e-09
1.82008038309e-09	7.0191232826e-09
1.82128733294e-09	3.99158484043e-09
1.8224942828e-09	3.10255134084e-10
1.82370123265e-09	-3.42065820114e-09
1.82490818251e-09	-6.59069621101e-09
1.82611513237e-09	-8.68024729872e-09
1.82732208222e-09	-9.3459291417e-09
1.82852903208e-09	-8.47173786678e-09
1.82973598194e-09	-6.19761852949e-09
1.83094293179e-09	-2.89434659573e-09
1.83214988165e-09	8.90858387059e-10
1.8333568315e-09	4.52331722078e-09
1.83456378136e-09	7.39328365196e-09
1.83577073122e-09	9.01544594534e-09
1.83697768107e-09	9.12148290233e-09
1.83818463093e-09	7.70303087982e-09
1.83939158078e-09	5.0146288233e-09
1.84059853064e-09	1.5258240782e-09
1.8418054805e-09	-2.16528317498e-09
1.84301243035e-09	-5.43994760349e-09
1.84421938021e-09	-7.76266173563e-09
1.84542633007e-09	-8.77240979857e-09
1.84663327992e-09	-8.33144508938e-09
1.84784022978e-09	-6.54225384977e-09
1.84904717963e-09	-3.71738295701e-09
1.85025412949e-09	-3.31531739561e-10
1.85146107935e-09	3.06464947863e-09
1.8526680292e-09	5.91894511182e-09
1.85387497906e-09	7.77250708239e-09
1.85508192891e-09	8.32757174329e-09
1.85628887877e-09	7.49983253279e-09
1.85749582863e-09	5.43929079555e-09
1.85870277848e-09	2.50405723934e-09
1.85990972834e-09	-7.97488575177e-10
1.8611166782e-09	-3.90067461664e-09
1.86232362805e-09	-6.28603957775e-09
1.86353057791e-09	-7.57050988565e-09
1.86473752776e-09	-7.57233942217e-09
1.86594447762e-09	-6.32904073594e-09
1.86715142748e-09	-4.08150452325e-09
1.86835837733e-09	-1.2240753966e-09
1.86956532719e-09	1.76698192189e-09
1.87077227704e-09	4.40239078525e-09
1.8719792269e-09	6.26223151112e-09
1.87318617676e-09	7.05061509176e-09
1.87439312661e-09	6.65205956984e-09
1.87560007647e-09	5.14792541928e-09
1.87680702633e-09	2.81210627007e-09
1.87801397618e-09	6.08300389227e-11
1.87922092604e-09	-2.62163357689e-09
1.88042787589e-09	-4.77341988159e-09
1.88163482575e-09	-6.04374650326e-09
1.88284177561e-09	-6.25058915737e-09
1.88404872546e-09	-5.40491951195e-09
1.88525567532e-09	-3.69763919483e-09
1.88646262517e-09	-1.44922968071e-09
1.88766957503e-09	9.45324193924e-10
1.88887652489e-09	3.08897257773e-09
1.89008347474e-09	4.64195581973e-09
1.8912904246e-09	5.37012023738e-09
1.89249737446e-09	5.18291876084e-09
1.89370432431e-09	4.14066048116e-09
1.89491127417e-09	2.44742459632e-09
1.89611822402e-09	4.09915934529e-10
1.89732517388e-09	-1.61400415255e-09
1.89853212374e-09	-3.2833809005e-09
1.89973907359e-09	-4.32967867114e-09
1.90094602345e-09	-4.60335536356e-09
1.9021529733e-09	-4.09119366163e-09
1.90335992316e-09	-2.91375723549e-09
1.90456687302e-09	-1.29660016057e-09
