% time-domain current integration by openEMS v0.37.0-rc1-2-g7b051bb @Sat Aug  8 13:48:51 2026
% start-coordinates: (0.00301429,0.00301429,0.00587882) m -> [104,104,103]
% stop-coordinates: (0.00368026,0.00368026,0.00587882) m -> [115,115,103]
% t/s	current
8.67553647834e-14	-0
1.30133047175e-12	-0
2.51590557872e-12	-0
3.73048068569e-12	-0
4.94505579266e-12	-0
6.15963089962e-12	-0
7.37420600659e-12	-0
8.58878111356e-12	-0
9.80335622053e-12	1.23470918819e-37
1.10179313275e-11	8.22086676225e-32
1.22325064345e-11	1.31703332577e-27
1.34470815414e-11	2.41608649848e-24
1.46616566484e-11	9.68603354725e-22
1.58762317554e-11	1.25040524652e-19
1.70908068623e-11	6.69910623845e-18
1.83053819693e-11	1.76734827343e-16
1.95199570763e-11	2.59333218725e-15
2.07345321832e-11	2.32091042484e-14
2.19491072902e-11	1.35506379338e-13
2.31636823972e-11	5.39102454084e-13
2.43782575041e-11	1.49313265745e-12
2.55928326111e-11	2.82860280337e-12
2.68074077181e-11	2.99098744903e-12
2.8021982825e-11	-2.2514811196e-12
2.9236557932e-11	-2.15104531409e-11
3.0451133039e-11	-6.92605833796e-11
3.1665708146e-11	-1.65018484988e-10
3.28802832529e-11	-3.27967986102e-10
3.40948583599e-11	-5.6448468122e-10
3.53094334669e-11	-8.45899295054e-10
3.65240085738e-11	-1.07905473445e-09
3.77385836808e-11	-1.08069531102e-09
3.89531587878e-11	-5.70162250746e-10
4.01677338947e-11	7.99570465393e-10
4.13823090017e-11	3.35928462825e-09
4.25968841087e-11	7.29548910172e-09
4.38114592156e-11	1.25031345277e-08
4.50260343226e-11	1.84648296653e-08
4.62406094296e-11	2.42050219867e-08
4.74551845365e-11	2.83402528112e-08
4.86697596435e-11	2.92420558878e-08
4.98843347505e-11	2.52861234173e-08
5.10989098574e-11	1.51538781523e-08
5.23134849644e-11	-1.82048198738e-09
5.35280600714e-11	-2.527450782e-08
5.47426351783e-11	-5.34495505633e-08
5.59572102853e-11	-8.29482615927e-08
5.71717853923e-11	-1.0881527146e-07
5.83863604992e-11	-1.25142875618e-07
5.96009356062e-11	-1.26283367763e-07
6.08155107132e-11	-1.08499392582e-07
6.20300858201e-11	-7.15825976272e-08
6.32446609271e-11	-1.979670472e-08
6.44592360341e-11	3.83718941066e-08
6.56738111411e-11	9.18834288655e-08
6.6888386248e-11	1.29852480768e-07
6.8102961355e-11	1.44525557744e-07
6.9317536462e-11	1.33533660573e-07
7.05321115689e-11	1.00653181789e-07
7.17466866759e-11	5.47479359625e-08
7.29612617829e-11	7.22754789351e-09
7.41758368898e-11	-3.11745438353e-08
7.53904119968e-11	-5.32616439841e-08
7.66049871038e-11	-5.6982003116e-08
7.78195622107e-11	-4.53309887405e-08
7.90341373177e-11	-2.46978153484e-08
8.02487124247e-11	-2.38558994781e-09
8.14632875316e-11	1.57649271415e-08
8.26778626386e-11	2.67543729393e-08
8.38924377456e-11	3.04611447177e-08
8.51070128525e-11	2.85226562369e-08
8.63215879595e-11	2.28205561115e-08
8.75361630665e-11	1.43618263948e-08
8.87507381734e-11	3.12022319093e-09
8.99653132804e-11	-1.1189115412e-08
9.11798883874e-11	-2.79500707023e-08
9.23944634943e-11	-4.48770975936e-08
9.36090386013e-11	-5.82015644568e-08
9.48236137083e-11	-6.38594315205e-08
9.60381888153e-11	-5.91578093179e-08
9.72527639222e-11	-4.41087379954e-08
9.84673390292e-11	-2.17259774615e-08
9.96819141362e-11	2.89977064583e-09
1.00896489243e-10	2.43543976097e-08
1.0211106435e-10	3.87012626391e-08
1.03325639457e-10	4.4546329292e-08
1.04540214564e-10	4.29925925971e-08
1.05754789671e-10	3.66514960604e-08
1.06969364778e-10	2.83051981853e-08
1.08183939885e-10	1.98970795395e-08
1.09398514992e-10	1.22535013247e-08
1.10613090099e-10	5.46404432811e-09
1.11827665206e-10	-4.78866557518e-10
1.13042240313e-10	-5.26079180219e-09
1.1425681542e-10	-8.29646928935e-09
1.15471390527e-10	-9.1511314082e-09
1.16685965634e-10	-7.97365817817e-09
1.17900540741e-10	-5.59956259139e-09
1.19115115848e-10	-3.21128590386e-09
1.20329690955e-10	-1.76440440036e-09
1.21544266062e-10	-1.50356394002e-09
1.22758841169e-10	-1.91759541579e-09
1.23973416276e-10	-2.12628359364e-09
1.25187991382e-10	-1.48954093504e-09
1.26402566489e-10	-6.4553251633e-11
1.27617141596e-10	1.35426492243e-09
1.28831716703e-10	1.65306679456e-09
1.3004629181e-10	3.11613512771e-11
1.31260866917e-10	-3.50441808905e-09
1.32475442024e-10	-8.03840016772e-09
1.33690017131e-10	-1.20916423541e-08
1.34904592238e-10	-1.42214160448e-08
1.36119167345e-10	-1.35872539886e-08
1.37333742452e-10	-1.02234212207e-08
1.38548317559e-10	-4.96821206397e-09
1.39762892666e-10	8.74512740001e-10
1.40977467773e-10	5.92928461884e-09
1.4219204288e-10	9.0681879783e-09
1.43406617987e-10	9.57728207851e-09
1.44621193094e-10	7.22077686532e-09
1.45835768201e-10	2.26667440373e-09
1.47050343308e-10	-4.52002080209e-09
1.48264918415e-10	-1.19369678586e-08
1.49479493522e-10	-1.85138073761e-08
1.50694068629e-10	-2.27966268085e-08
1.51908643736e-10	-2.3683963235e-08
1.53123218843e-10	-2.07071302327e-08
1.5433779395e-10	-1.41546872001e-08
1.55552369057e-10	-5.01179364676e-09
1.56766944164e-10	5.24987120443e-09
1.57981519271e-10	1.49653427428e-08
1.59196094378e-10	2.25662137865e-08
1.60410669485e-10	2.68407873705e-08
1.61625244592e-10	2.71443205691e-08
1.62839819698e-10	2.35253754255e-08
1.64054394805e-10	1.67391078776e-08
1.65268969912e-10	8.10010369889e-09
1.66483545019e-10	-8.13780043352e-10
1.67698120126e-10	-8.52662118689e-09
1.68912695233e-10	-1.39675391253e-08
1.7012727034e-10	-1.66181202133e-08
1.71341845447e-10	-1.64643818579e-08
1.72556420554e-10	-1.38400775285e-08
1.73770995661e-10	-9.27118293248e-09
1.74985570768e-10	-3.42074946147e-09
1.76200145875e-10	2.89439383572e-09
1.77414720982e-10	8.69845351303e-09
1.78629296089e-10	1.29609265542e-08
1.79843871196e-10	1.48565364455e-08
1.81058446303e-10	1.40655034286e-08
1.8227302141e-10	1.09668372161e-08
1.83487596517e-10	6.58561427613e-09
1.84702171624e-10	2.27071694781e-09
1.85916746731e-10	-7.72286679052e-10
1.87131321838e-10	-1.89653026617e-09
1.88345896945e-10	-1.1934186972e-09
1.89560472052e-10	6.26405927129e-10
1.90775047159e-10	2.56879673088e-09
1.91989622266e-10	3.76025788285e-09
1.93204197373e-10	3.73465569581e-09
1.9441877248e-10	2.53627030489e-09
1.95633347587e-10	6.22935814043e-10
1.96847922694e-10	-1.33267796798e-09
1.98062497801e-10	-2.6577751111e-09
1.99277072908e-10	-2.83983969673e-09
2.00491648014e-10	-1.62648416957e-09
2.01706223121e-10	9.40324818011e-10
2.02920798228e-10	4.51578419103e-09
2.04135373335e-10	8.48936210218e-09
2.05349948442e-10	1.20717373875e-08
2.06564523549e-10	1.44461571594e-08
2.07779098656e-10	1.49612588984e-08
2.08993673763e-10	1.33149491433e-08
2.1020824887e-10	9.66643032285e-09
2.11422823977e-10	4.61623539394e-09
2.12637399084e-10	-9.381573296e-10
2.13851974191e-10	-6.03338357053e-09
2.15066549298e-10	-9.87566650679e-09
2.16281124405e-10	-1.20036780515e-08
2.17495699512e-10	-1.23358701032e-08
2.18710274619e-10	-1.11158113825e-08
2.19924849726e-10	-8.78846062591e-09
2.21139424833e-10	-5.86777826328e-09
2.2235399994e-10	-2.82641110516e-09
2.23568575047e-10	-2.85976416159e-11
2.24783150154e-10	2.30546493007e-09
2.25997725261e-10	4.0945442592e-09
2.27212300368e-10	5.36776489923e-09
2.28426875475e-10	6.20593576528e-09
2.29641450582e-10	6.68314559249e-09
2.30856025689e-10	6.81032874539e-09
2.32070600796e-10	6.531930552e-09
2.33285175903e-10	5.75298164662e-09
2.3449975101e-10	4.40428848947e-09
2.35714326117e-10	2.51001996965e-09
2.36928901224e-10	2.23562959811e-10
2.38143476331e-10	-2.17526308077e-09
2.39358051437e-10	-4.3284598128e-09
2.40572626544e-10	-5.87748383296e-09
2.41787201651e-10	-6.54568754754e-09
2.43001776758e-10	-6.21017770541e-09
2.44216351865e-10	-4.93353091713e-09
2.45430926972e-10	-2.9563358428e-09
2.46645502079e-10	-6.3940530648e-10
2.47860077186e-10	1.62245505919e-09
2.49074652293e-10	3.49130502286e-09
2.502892274e-10	4.74998484989e-09
2.51503802507e-10	5.32337640635e-09
2.52718377614e-10	5.25677368302e-09
2.53932952721e-10	4.66994976023e-09
2.55147527828e-10	3.7158780497e-09
2.56362102935e-10	2.5484974131e-09
2.57576678042e-10	1.31368693701e-09
2.58791253149e-10	1.32014982279e-10
2.60005828256e-10	-9.14030184873e-10
2.61220403363e-10	-1.79695269775e-09
2.6243497847e-10	-2.53983234444e-09
2.63649553577e-10	-3.18467785476e-09
2.64864128684e-10	-3.73481556792e-09
2.66078703791e-10	-4.10820488739e-09
2.67293278898e-10	-4.13422096557e-09
2.68507854005e-10	-3.61443075469e-09
2.69722429112e-10	-2.42919329096e-09
2.70937004219e-10	-6.41329656048e-10
2.72151579326e-10	1.46749723484e-09
2.73366154433e-10	3.44950068509e-09
2.7458072954e-10	4.82927564605e-09
2.75795304647e-10	5.26150900626e-09
2.77009879753e-10	4.64802152322e-09
2.7822445486e-10	3.15910364534e-09
2.79439029967e-10	1.16666465377e-09
2.80653605074e-10	-8.82853512518e-10
2.81868180181e-10	-2.59723687002e-09
2.83082755288e-10	-3.71941677457e-09
2.84297330395e-10	-4.15404866061e-09
2.85511905502e-10	-3.94023702555e-09
2.86726480609e-10	-3.20483883876e-09
2.87941055716e-10	-2.11524975313e-09
2.89155630823e-10	-8.5109902459e-10
2.9037020593e-10	4.12211348388e-10
2.91584781037e-10	1.51571011298e-09
2.92799356144e-10	2.33192753996e-09
2.94013931251e-10	2.79041589835e-09
2.95228506358e-10	2.89650770036e-09
2.96443081465e-10	2.73448530486e-09
2.97657656572e-10	2.44211029177e-09
2.98872231679e-10	2.15731787989e-09
3.00086806786e-10	1.96333638236e-09
3.01301381893e-10	1.84639181722e-09
3.02515957e-10	1.70357772333e-09
3.03730532107e-10	1.38760547497e-09
3.04945107214e-10	7.85803588865e-10
3.06159682321e-10	-1.09920017533e-10
3.07374257428e-10	-1.17197607175e-09
3.08588832535e-10	-2.16138706932e-09
3.09803407642e-10	-2.80993339707e-09
3.11017982749e-10	-2.92118285117e-09
3.12232557856e-10	-2.45895082074e-09
3.13447132963e-10	-1.57684398872e-09
3.14661708069e-10	-5.76534209262e-10
3.15876283176e-10	1.99532126932e-10
3.17090858283e-10	5.01019226107e-10
3.1830543339e-10	2.74078343354e-10
3.19520008497e-10	-3.04403113827e-10
3.20734583604e-10	-8.8517243535e-10
3.21949158711e-10	-1.08083819672e-09
3.23163733818e-10	-6.20887008473e-10
3.24378308925e-10	5.28660171195e-10
3.25592884032e-10	2.13463624554e-09
3.26807459139e-10	3.763354961e-09
3.28022034246e-10	4.92735408031e-09
3.29236609353e-10	5.24762411303e-09
3.3045118446e-10	4.58066473641e-09
3.31665759567e-10	3.06214564816e-09
3.32880334674e-10	1.0586779231e-09
3.34094909781e-10	-9.48022993441e-10
3.35309484888e-10	-2.5059307962e-09
3.36524059995e-10	-3.31739347104e-09
3.37738635102e-10	-3.31100680206e-09
3.38953210209e-10	-2.64126542859e-09
3.40167785316e-10	-1.62453395181e-09
3.41382360423e-10	-6.31144247976e-10
3.4259693553e-10	3.30488379718e-11
3.43811510637e-10	2.15025941497e-10
3.45026085744e-10	-4.78618013278e-11
3.46240660851e-10	-5.56950985331e-10
3.47455235958e-10	-1.02721331441e-09
3.48669811065e-10	-1.19097554041e-09
3.49884386172e-10	-8.83947415264e-10
3.51098961279e-10	-9.91867143973e-11
3.52313536385e-10	1.00972963324e-09
3.53528111492e-10	2.17226236998e-09
3.54742686599e-10	3.07542302735e-09
3.55957261706e-10	3.45550632552e-09
3.57171836813e-10	3.17766568614e-09
3.5838641192e-10	2.28602381469e-09
3.59600987027e-10	1.00140151726e-09
3.60815562134e-10	-3.38749778228e-10
3.62030137241e-10	-1.38258049454e-09
3.63244712348e-10	-1.87933513196e-09
3.64459287455e-10	-1.76208969638e-09
3.65673862562e-10	-1.16707488118e-09
3.66888437669e-10	-3.80483450302e-10
3.68103012776e-10	2.68163158346e-10
3.69317587883e-10	5.22766996358e-10
3.7053216299e-10	2.87148166356e-10
3.71746738097e-10	-3.51821682898e-10
3.72961313204e-10	-1.1613482398e-09
3.74175888311e-10	-1.84958692806e-09
3.75390463418e-10	-2.16112527873e-09
3.76605038525e-10	-1.95923921531e-09
3.77819613632e-10	-1.26221788577e-09
3.79034188739e-10	-2.3308097119e-10
3.80248763846e-10	8.76275052519e-10
3.81463338953e-10	1.80391501736e-09
3.8267791406e-10	2.35543384797e-09
3.83892489167e-10	2.45483255945e-09
3.85107064274e-10	2.15345008492e-09
3.86321639381e-10	1.59694402146e-09
3.87536214488e-10	9.70677094259e-10
3.88750789595e-10	4.37232638983e-10
3.89965364701e-10	9.77737404928e-11
3.91179939808e-10	-2.48756952537e-11
3.92394514915e-10	2.44238865243e-11
3.93609090022e-10	1.5461040781e-10
3.94823665129e-10	2.56670240617e-10
3.96038240236e-10	2.30844690585e-10
3.97252815343e-10	1.14749529323e-11
3.9846739045e-10	-4.09513145616e-10
3.99681965557e-10	-9.7199259752e-10
4.00896540664e-10	-1.55398049984e-09
4.02111115771e-10	-2.00042826748e-09
4.03325690878e-10	-2.16926587804e-09
4.04540265985e-10	-1.97893479381e-09
4.05754841092e-10	-1.43699541155e-09
4.06969416199e-10	-6.40427322285e-10
4.08183991306e-10	2.54592041893e-10
4.09398566413e-10	1.07942221828e-09
4.1061314152e-10	1.69937008909e-09
4.11827716627e-10	2.04094341427e-09
4.13042291734e-10	2.0973685011e-09
4.14256866841e-10	1.91486115853e-09
4.15471441948e-10	1.56917845384e-09
4.16686017055e-10	1.1424232671e-09
4.17900592162e-10	7.08857028631e-10
4.19115167269e-10	3.25021870529e-10
4.20329742376e-10	2.75522035742e-11
4.21544317483e-10	-1.69026265207e-10
4.2275889259e-10	-2.7334740027e-10
4.23973467697e-10	-3.17468051847e-10
4.25188042804e-10	-3.53259504982e-10
4.26402617911e-10	-4.42172548576e-10
4.27617193018e-10	-6.35426822271e-10
4.28831768124e-10	-9.49811229667e-10
4.30046343231e-10	-1.34620048442e-09
4.31260918338e-10	-1.72463743286e-09
4.32475493445e-10	-1.94300353584e-09
4.33690068552e-10	-1.86231741139e-09
4.34904643659e-10	-1.4021633854e-09
4.36119218766e-10	-5.85473947101e-10
4.37333793873e-10	4.50495307724e-10
4.3854836898e-10	1.48664480726e-09
4.39762944087e-10	2.28786700696e-09
4.40977519194e-10	2.67788258235e-09
4.42192094301e-10	2.59260746205e-09
4.43406669408e-10	2.09483963509e-09
4.44621244515e-10	1.34416422437e-09
4.45835819622e-10	5.42372313728e-10
4.47050394729e-10	-1.28069180261e-10
4.48264969836e-10	-5.51255485703e-10
4.49479544943e-10	-6.97963464802e-10
4.5069412005e-10	-6.20596296574e-10
4.51908695157e-10	-4.26052026992e-10
4.53123270264e-10	-2.38584374479e-10
4.54337845371e-10	-1.60852775544e-10
4.55552420478e-10	-2.45221815076e-10
4.56766995585e-10	-4.83168116627e-10
4.57981570692e-10	-8.10340572421e-10
4.59196145799e-10	-1.12962295074e-09
4.60410720906e-10	-1.33826583149e-09
4.61625296013e-10	-1.35437605575e-09
4.6283987112e-10	-1.13571307914e-09
4.64054446227e-10	-6.8917110907e-10
4.65269021334e-10	-7.09569139556e-11
4.6648359644e-10	6.22364049185e-10
4.67698171547e-10	1.27051735799e-09
4.68912746654e-10	1.75531200686e-09
4.70127321761e-10	1.98730054635e-09
4.71341896868e-10	1.92842342095e-09
4.72556471975e-10	1.60038460262e-09
4.73771047082e-10	1.07774855707e-09
4.74985622189e-10	4.65731286869e-10
4.76200197296e-10	-1.26973265235e-10
4.77414772403e-10	-6.0996913076e-10
4.7862934751e-10	-9.25679699559e-10
4.79843922617e-10	-1.05202879741e-09
4.81058497724e-10	-1.00051222862e-09
4.82273072831e-10	-8.11250511212e-10
4.83487647938e-10	-5.47034140208e-10
4.84702223045e-10	-2.84441969978e-10
4.85916798152e-10	-9.78623015957e-11
4.87131373259e-10	-4.10115830185e-11
4.88345948366e-10	-1.28054997162e-10
4.89560523473e-10	-3.24294174847e-10
4.9077509858e-10	-5.51953094341e-10
4.91989673687e-10	-7.11699088551e-10
4.93204248794e-10	-7.13533565566e-10
4.94418823901e-10	-5.07454300802e-10
4.95633399008e-10	-1.02990449502e-10
4.96847974115e-10	4.29128316215e-10
4.98062549222e-10	9.73201297327e-10
4.99277124329e-10	1.40042744068e-09
5.00491699436e-10	1.60435076335e-09
5.01706274543e-10	1.53424029037e-09
5.0292084965e-10	1.21093013394e-09
5.04135424756e-10	7.21987691854e-10
5.05349999863e-10	1.96722582668e-10
5.0656457497e-10	-2.35426178552e-10
5.07779150077e-10	-4.83403039819e-10
5.08993725184e-10	-5.21866216907e-10
5.10208300291e-10	-3.94128951697e-10
5.11422875398e-10	-1.93646459978e-10
5.12637450505e-10	-3.14635123511e-11
5.13852025612e-10	7.1884685704e-13
5.15066600719e-10	-1.43025688515e-10
5.16281175826e-10	-4.48567960554e-10
5.17495750933e-10	-8.44758984986e-10
5.1871032604e-10	-1.22087073784e-09
5.19924901147e-10	-1.45574019506e-09
5.21139476254e-10	-1.4523090508e-09
5.22354051361e-10	-1.1683150003e-09
5.23568626468e-10	-6.3375599213e-10
5.24783201575e-10	5.33911630185e-11
5.25997776682e-10	7.53476336879e-10
5.27212351789e-10	1.32553890086e-09
5.28426926896e-10	1.66769276166e-09
5.29641502003e-10	1.74300784916e-09
5.3085607711e-10	1.58347590595e-09
5.32070652217e-10	1.27138000128e-09
5.33285227324e-10	9.09011366179e-10
5.34499802431e-10	5.84279236104e-10
5.35714377538e-10	3.46799644557e-10
5.36928952645e-10	1.96339292047e-10
5.38143527752e-10	8.94406493313e-11
5.39358102859e-10	-4.1076170243e-11
5.40572677966e-10	-2.57439375373e-10
5.41787253072e-10	-5.88688042757e-10
5.43001828179e-10	-1.01284258758e-09
5.44216403286e-10	-1.4570635809e-09
5.45430978393e-10	-1.81574544289e-09
5.466455535e-10	-1.98294469733e-09
5.47860128607e-10	-1.88560345116e-09
5.49074703714e-10	-1.50662327059e-09
5.50289278821e-10	-8.90779783269e-10
5.51503853928e-10	-1.32993685509e-10
5.52718429035e-10	6.45272668631e-10
5.53933004142e-10	1.32336752667e-09
5.55147579249e-10	1.80624570856e-09
5.56362154356e-10	2.04069650067e-09
5.57576729463e-10	2.02391636783e-09
5.5879130457e-10	1.79930759181e-09
5.60005879677e-10	1.44244316491e-09
5.61220454784e-10	1.0395000416e-09
5.62435029891e-10	6.60776600103e-10
5.63649604998e-10	3.42864653335e-10
5.64864180105e-10	8.0501723343e-11
5.66078755212e-10	-1.62692734285e-10
5.67293330319e-10	-4.33436453395e-10
5.68507905426e-10	-7.62877871985e-10
5.69722480533e-10	-1.14758491598e-09
5.7093705564e-10	-1.54448809297e-09
5.72151630747e-10	-1.8802637225e-09
5.73366205854e-10	-2.07086903181e-09
5.74580780961e-10	-2.04546624083e-09
5.75795356068e-10	-1.76654946227e-09
5.77009931175e-10	-1.24245169708e-09
5.78224506282e-10	-5.29175037123e-10
5.79439081388e-10	2.77894735001e-10
5.80653656495e-10	1.06326591975e-09
5.81868231602e-10	1.7144898834e-09
5.83082806709e-10	2.1461188382e-09
5.84297381816e-10	2.31488406222e-09
5.85511956923e-10	2.22505436298e-09
5.8672653203e-10	1.92004545596e-09
5.87941107137e-10	1.46766709896e-09
5.89155682244e-10	9.43074396353e-10
5.90370257351e-10	4.13938161525e-10
5.91584832458e-10	-6.8603400738e-11
5.92799407565e-10	-4.75483541429e-10
5.94013982672e-10	-8.00414512447e-10
5.95228557779e-10	-1.05599096134e-09
5.96443132886e-10	-1.26441423998e-09
5.97657707993e-10	-1.44316980588e-09
5.988722831e-10	-1.59134483368e-09
6.00086858207e-10	-1.68261948819e-09
6.01301433314e-10	-1.66919622568e-09
6.02516008421e-10	-1.49941770111e-09
6.03730583528e-10	-1.14007858709e-09
6.04945158635e-10	-5.9586025003e-10
6.06159733742e-10	8.24380563813e-11
6.07374308849e-10	8.05360778067e-10
6.08588883956e-10	1.46435974457e-09
6.09803459063e-10	1.95655625035e-09
6.1101803417e-10	2.20851825716e-09
6.12232609277e-10	2.19055618089e-09
6.13447184384e-10	1.92235760643e-09
6.14661759491e-10	1.46407719281e-09
6.15876334598e-10	9.0063673186e-10
6.17090909705e-10	3.19922865977e-10
6.18305484811e-10	-2.07657877005e-10
6.19520059918e-10	-6.40683339714e-10
6.20734635025e-10	-9.68440327931e-10
6.21949210132e-10	-1.20142595872e-09
6.23163785239e-10	-1.35748834396e-09
6.24378360346e-10	-1.44938827606e-09
6.25592935453e-10	-1.47769274594e-09
6.2680751056e-10	-1.43232181671e-09
6.28022085667e-10	-1.29725263864e-09
6.29236660774e-10	-1.05851194476e-09
6.30451235881e-10	-7.10638936585e-10
6.31665810988e-10	-2.628877116e-10
6.32880386095e-10	2.56698468037e-10
6.34094961202e-10	7.99478427904e-10
6.35309536309e-10	1.29935984194e-09
6.36524111416e-10	1.68322755734e-09
6.37738686523e-10	1.88649429411e-09
6.3895326163e-10	1.87096005355e-09
6.40167836737e-10	1.63672597697e-09
6.41382411844e-10	1.22489407506e-09
6.42596986951e-10	7.06601666067e-10
6.43811562058e-10	1.64591548724e-10
6.45026137165e-10	-3.27575716552e-10
6.46240712272e-10	-7.21673387716e-10
6.47455287379e-10	-1.00016106508e-09
6.48669862486e-10	-1.17219112195e-09
6.49884437593e-10	-1.26152455149e-09
6.510990127e-10	-1.29194621667e-09
6.52313587807e-10	-1.27510024761e-09
6.53528162914e-10	-1.20422050109e-09
6.54742738021e-10	-1.05769182301e-09
6.55957313127e-10	-8.0999912333e-10
6.57171888234e-10	-4.47674841642e-10
6.58386463341e-10	1.6046993595e-11
6.59601038448e-10	5.35273048108e-10
6.60815613555e-10	1.03774722149e-09
6.62030188662e-10	1.44146161674e-09
6.63244763769e-10	1.67711000643e-09
6.64459338876e-10	1.70634506524e-09
6.65673913983e-10	1.53032686523e-09
6.6688848909e-10	1.18654064352e-09
6.68103064197e-10	7.35852490052e-10
6.69317639304e-10	2.47599746261e-10
6.70532214411e-10	-2.15515202906e-10
6.71746789518e-10	-6.06366790112e-10
6.72961364625e-10	-8.98760676993e-10
6.74175939732e-10	-1.08749798056e-09
6.75390514839e-10	-1.18354259726e-09
6.76605089946e-10	-1.20611209908e-09
6.77819665053e-10	-1.17195664284e-09
6.7903424016e-10	-1.08707809421e-09
6.80248815267e-10	-9.44166966832e-10
6.81463390374e-10	-7.27538806977e-10
6.82677965481e-10	-4.24735469018e-10
6.83892540588e-10	-3.83390576231e-11
6.85107115695e-10	4.05968814121e-10
6.86321690802e-10	8.59962712152e-10
6.87536265909e-10	1.26047916549e-09
6.88750841016e-10	1.54334722779e-09
6.89965416123e-10	1.65671021346e-09
6.9117999123e-10	1.57353541308e-09
6.92394566337e-10	1.29872379517e-09
6.93609141443e-10	8.70189698077e-10
6.9482371655e-10	3.52729928599e-10
6.96038291657e-10	-1.75597938967e-10
6.97252866764e-10	-6.40111574857e-10
6.98467441871e-10	-9.86968173855e-10
6.99682016978e-10	-1.19247745012e-09
7.00896592085e-10	-1.26306254344e-09
7.02111167192e-10	-1.22615628761e-09
7.03325742299e-10	-1.11540465753e-09
7.04540317406e-10	-9.58017665198e-10
7.05754892513e-10	-7.68435315379e-10
7.0696946762e-10	-5.4856325038e-10
7.08184042727e-10	-2.94361757192e-10
7.09398617834e-10	-3.26095964467e-12
7.10613192941e-10	3.19030302176e-10
7.11827768048e-10	6.55107967873e-10
7.13042343155e-10	9.75107550261e-10
7.14256918262e-10	1.23923560302e-09
7.15471493369e-10	1.4039206464e-09
7.16686068476e-10	1.43121181573e-09
7.17900643583e-10	1.29829724749e-09
7.1911521869e-10	1.00757713284e-09
7.20329793797e-10	5.89040205501e-10
7.21544368904e-10	9.71409480632e-11
7.22758944011e-10	-4.00005750745e-10
7.23973519118e-10	-8.34707136743e-10
7.25188094225e-10	-1.15272424939e-09
7.26402669332e-10	-1.32229449612e-09
7.27617244439e-10	-1.33744892938e-09
7.28831819546e-10	-1.21548726639e-09
7.30046394653e-10	-9.91380200155e-10
7.31260969759e-10	-7.08493375079e-10
7.32475544866e-10	-4.09107525634e-10
7.33690119973e-10	-1.24984550487e-10
7.3490469508e-10	1.27874724698e-10
7.36119270187e-10	3.4899830248e-10
7.37333845294e-10	5.46817369163e-10
7.38548420401e-10	7.28809956829e-10
7.39762995508e-10	8.91861751118e-10
7.40977570615e-10	1.01936481478e-09
7.42192145722e-10	1.08450848302e-09
7.43406720829e-10	1.05959407914e-09
7.44621295936e-10	9.27185717092e-10
7.45835871043e-10	6.86575796216e-10
7.4705044615e-10	3.57125107264e-10
7.48265021257e-10	-2.51059173451e-11
7.49479596364e-10	-4.13321210591e-10
7.50694171471e-10	-7.57608809021e-10
7.51908746578e-10	-1.0136297357e-09
7.53123321685e-10	-1.15016374203e-09
7.54337896792e-10	-1.15550358171e-09
7.55552471899e-10	-1.03897179748e-09
7.56767047006e-10	-8.27555191041e-10
7.57981622113e-10	-5.58544988039e-10
7.5919619722e-10	-2.69482047788e-10
7.60410772327e-10	9.00400067005e-12
7.61625347434e-10	2.56484139483e-10
7.62839922541e-10	4.61754828818e-10
7.64054497648e-10	6.19673035107e-10
7.65269072755e-10	7.27705229409e-10
7.66483647862e-10	7.85275455772e-10
7.67698222969e-10	7.9246575968e-10
7.68912798075e-10	7.50891349099e-10
7.70127373182e-10	6.62592758438e-10
7.71341948289e-10	5.30279375965e-10
7.72556523396e-10	3.58119756072e-10
7.73771098503e-10	1.53543913695e-10
7.7498567361e-10	-7.01064484243e-11
7.76200248717e-10	-2.93857549405e-10
7.77414823824e-10	-4.95236351927e-10
7.78629398931e-10	-6.52578324711e-10
7.79843974038e-10	-7.49875661565e-10
7.81058549145e-10	-7.78886288799e-10
7.82273124252e-10	-7.39478756007e-10
7.83487699359e-10	-6.37596475617e-10
7.84702274466e-10	-4.83756201763e-10
7.85916849573e-10	-2.91939583619e-10
7.8713142468e-10	-7.95655416552e-11
7.88345999787e-10	1.33704644578e-10
7.89560574894e-10	3.27547600154e-10
7.90775150001e-10	4.84082607333e-10
7.91989725108e-10	5.90447524207e-10
7.93204300215e-10	6.39802322233e-10
7.94418875322e-10	6.3157407082e-10
7.95633450429e-10	5.69976288389e-10
7.96848025536e-10	4.64109667364e-10
7.98062600643e-10	3.2709412956e-10
7.9927717575e-10	1.7560902732e-10
8.00491750857e-10	2.78567464235e-11
8.01706325964e-10	-1.00669486636e-10
8.02920901071e-10	-2.00431310438e-10
8.04135476178e-10	-2.70615474474e-10
8.05350051285e-10	-3.17640053149e-10
8.06564626392e-10	-3.50905082769e-10
8.07779201498e-10	-3.77592263012e-10
8.08993776605e-10	-3.98511862398e-10
8.10208351712e-10	-4.07558181648e-10
8.11422926819e-10	-3.93831023349e-10
8.12637501926e-10	-3.46390388595e-10
8.13852077033e-10	-2.58313870294e-10
8.1506665214e-10	-1.30211383342e-10
8.16281227247e-10	2.83284957991e-11
8.17495802354e-10	1.98658714479e-10
8.18710377461e-10	3.55639490079e-10
8.19924952568e-10	4.72338945734e-10
8.21139527675e-10	5.2647031179e-10
8.22354102782e-10	5.0774062732e-10
8.23568677889e-10	4.21430224051e-10
8.24783252996e-10	2.88477741694e-10
8.25997828103e-10	1.39283834466e-10
8.2721240321e-10	4.85424287572e-12
8.28426978317e-10	-9.17182579885e-11
8.29641553424e-10	-1.41050796043e-10
8.30856128531e-10	-1.47843973175e-10
8.32070703638e-10	-1.28120181131e-10
8.33285278745e-10	-1.03405776997e-10
8.34499853852e-10	-9.44332667618e-11
8.35714428959e-10	-1.15114077992e-10
8.36929004066e-10	-1.67521302386e-10
8.38143579173e-10	-2.39840952654e-10
8.3935815428e-10	-3.08210096334e-10
8.40572729387e-10	-3.43635286892e-10
8.41787304494e-10	-3.21615567511e-10
8.43001879601e-10	-2.32088404051e-10
8.44216454708e-10	-8.44286723867e-11
8.45431029814e-10	9.33873603448e-11
8.46645604921e-10	2.63136235024e-10
8.47860180028e-10	3.87301579696e-10
8.49074755135e-10	4.39748265579e-10
8.50289330242e-10	4.1300993181e-10
8.51503905349e-10	3.19013648831e-10
8.52718480456e-10	1.85912313322e-10
8.53933055563e-10	4.95718743831e-11
8.5514763067e-10	-5.59833256142e-11
8.56362205777e-10	-1.08165580659e-10
8.57576780884e-10	-1.02635032417e-10
8.58791355991e-10	-5.40728468945e-11
8.60005931098e-10	8.53628452646e-12
8.61220506205e-10	5.23098855898e-11
8.62435081312e-10	5.19650260322e-11
8.63649656419e-10	-1.18067838492e-12
8.64864231526e-10	-9.63658389197e-11
8.66078806633e-10	-2.07321493306e-10
8.6729338174e-10	-3.01085628651e-10
8.68507956847e-10	-3.48578665932e-10
8.69722531954e-10	-3.32487481991e-10
8.70937107061e-10	-2.52114495947e-10
8.72151682168e-10	-1.22351351273e-10
8.73366257275e-10	2.9616697983e-11
8.74580832382e-10	1.71899203205e-10
8.75795407489e-10	2.75204636857e-10
8.77009982596e-10	3.2053248944e-10
8.78224557703e-10	3.04373803939e-10
8.7943913281e-10	2.39119612999e-10
8.80653707917e-10	1.49416118367e-10
8.81868283024e-10	6.39171701677e-11
8.8308285813e-10	6.18593110763e-12
8.84297433237e-10	-1.21936055003e-11
8.85512008344e-10	5.31248482705e-12
8.86726583451e-10	4.31025319603e-11
8.87941158558e-10	7.88806173158e-11
8.89155733665e-10	9.13858710927e-11
8.90370308772e-10	6.63986921001e-11
8.91584883879e-10	1.17132735802e-12
8.92799458986e-10	-9.47207312585e-11
8.94014034093e-10	-2.0086986241e-10
8.952286092e-10	-2.91358270843e-10
8.96443184307e-10	-3.41450812069e-10
8.97657759414e-10	-3.3518407494e-10
8.98872334521e-10	-2.70736377761e-10
9.00086909628e-10	-1.61203481119e-10
9.01301484735e-10	-3.08903597146e-11
9.02516059842e-10	9.27136492579e-11
9.03730634949e-10	1.86630849663e-10
9.04945210056e-10	2.38428082833e-10
9.06159785163e-10	2.47811049459e-10
9.0737436027e-10	2.24286644812e-10
9.08588935377e-10	1.83127124576e-10
9.09803510484e-10	1.40280426164e-10
9.11018085591e-10	1.08315731384e-10
9.12232660698e-10	9.32114940788e-11
9.13447235805e-10	9.28150056811e-11
9.14661810912e-10	9.74479802407e-11
9.15876386019e-10	9.29814975015e-11
9.17090961126e-10	6.61906918165e-11
9.18305536233e-10	1.01197748098e-11
9.1952011134e-10	-7.18754361584e-11
9.20734686446e-10	-1.66697253223e-10
9.21949261553e-10	-2.54551851819e-10
9.2316383666e-10	-3.15597464828e-10
9.24378411767e-10	-3.35012850794e-10
9.25592986874e-10	-3.07047387516e-10
9.26807561981e-10	-2.35818198302e-10
9.28022137088e-10	-1.33812710912e-10
9.29236712195e-10	-1.9126597875e-11
9.30451287302e-10	8.87325699028e-11
9.31665862409e-10	1.72984390701e-10
9.32880437516e-10	2.23533219712e-10
9.34095012623e-10	2.39522068846e-10
9.3530958773e-10	2.28488256093e-10
9.36524162837e-10	2.03408054289e-10
9.37738737944e-10	1.76887962611e-10
9.38953313051e-10	1.56542598329e-10
9.40167888158e-10	1.42062361874e-10
9.41382463265e-10	1.26562177405e-10
9.42597038372e-10	1.00203442766e-10
9.43811613479e-10	5.5212279193e-11
9.45026188586e-10	-1.04780724028e-11
9.46240763693e-10	-9.17063161521e-11
9.474553388e-10	-1.7709116118e-10
9.48669913907e-10	-2.51809961771e-10
9.49884489014e-10	-3.00796665353e-10
9.51099064121e-10	-3.12750103593e-10
9.52313639228e-10	-2.82794287987e-10
9.53528214335e-10	-2.14655071495e-10
9.54742789442e-10	-1.2037025543e-10
9.55957364549e-10	-1.75569784405e-11
9.57171939656e-10	7.51451886827e-11
9.58386514762e-10	1.43587641777e-10
9.59601089869e-10	1.81660297915e-10
9.60815664976e-10	1.9221443881e-10
9.62030240083e-10	1.84556467331e-10
9.6324481519e-10	1.6988292717e-10
9.64459390297e-10	1.56953131047e-10
9.65673965404e-10	1.49137160954e-10
9.66888540511e-10	1.44043901806e-10
9.68103115618e-10	1.34843136657e-10
9.69317690725e-10	1.13170729732e-10
9.70532265832e-10	7.1897501841e-11
9.71746840939e-10	8.55546015976e-12
9.72961416046e-10	-7.28626742275e-11
9.74175991153e-10	-1.60847141162e-10
9.7539056626e-10	-2.38451258738e-10
9.76605141367e-10	-2.8759705728e-10
9.77819716474e-10	-2.94620244867e-10
9.79034291581e-10	-2.55658716419e-10
9.80248866688e-10	-1.78148953922e-10
9.81463441795e-10	-7.92150164908e-11
9.82678016902e-10	1.98256359246e-11
9.83892592009e-10	9.98024579646e-11
9.85107167116e-10	1.48539069933e-10
9.86321742223e-10	1.63515756491e-10
9.8753631733e-10	1.50883874839e-10
9.88750892437e-10	1.22946999803e-10
9.89965467544e-10	9.40839628427e-11
9.91180042651e-10	7.63521329494e-11
9.92394617758e-10	7.58252488575e-11
9.93609192865e-10	9.02890331944e-11
9.94823767972e-10	1.09638430279e-10
9.96038343079e-10	1.19143972466e-10
9.97252918185e-10	1.05079951684e-10
9.98467493292e-10	6.02501729063e-11
9.99682068399e-10	-1.2232671473e-11
1.00089664351e-09	-9.94303736568e-11
1.00211121861e-09	-1.81992837467e-10
1.00332579372e-09	-2.40367614701e-10
1.00454036883e-09	-2.60260646368e-10
1.00575494393e-09	-2.36367009299e-10
1.00696951904e-09	-1.73692740746e-10
1.00818409415e-09	-8.57409768185e-11
1.00939866926e-09	8.52549194436e-12
1.01061324436e-09	8.93944501756e-11
1.01182781947e-09	1.41277448074e-10
1.01304239458e-09	1.56803889317e-10
1.01425696968e-09	1.38893369028e-10
1.01547154479e-09	9.96878690707e-11
1.0166861199e-09	5.64564263394e-11
1.017900695e-09	2.56374331487e-11
1.01911527011e-09	1.72032822016e-11
1.02032984522e-09	3.15621556668e-11
1.02154442032e-09	5.99927191258e-11
1.02275899543e-09	8.8027723999e-11
1.02397357054e-09	1.00750581489e-10
1.02518814565e-09	8.76433023378e-11
1.02640272075e-09	4.57624181605e-11
1.02761729586e-09	-1.90029554592e-11
1.02883187097e-09	-9.36319424771e-11
1.03004644607e-09	-1.60709182073e-10
1.03126102118e-09	-2.03415270739e-10
1.03247559629e-09	-2.09933820328e-10
1.03369017139e-09	-1.77347761476e-10
1.0349047465e-09	-1.12948879416e-10
1.03611932161e-09	-3.2299777436e-11
1.03733389672e-09	4.52653504956e-11
1.03854847182e-09	1.02542377367e-10
1.03976304693e-09	1.29441610208e-10
1.04097762204e-09	1.2525892823e-10
1.04219219714e-09	9.78742226154e-11
1.04340677225e-09	6.02769292812e-11
1.04462134736e-09	2.62474694757e-11
1.04583592246e-09	6.3031350972e-12
1.04705049757e-09	5.14546261501e-12
1.04826507268e-09	2.07266599717e-11
1.04947964779e-09	4.51292787862e-11
1.05069422289e-09	6.67186098036e-11
1.051908798e-09	7.38981723036e-11
1.05312337311e-09	5.89157889141e-11
1.05433794821e-09	2.09177588445e-11
1.05555252332e-09	-3.30104624191e-11
1.05676709843e-09	-8.99495131157e-11
1.05798167353e-09	-1.34957212072e-10
1.05919624864e-09	-1.56134910556e-10
1.06041082375e-09	-1.47956980001e-10
1.06162539885e-09	-1.12614653713e-10
1.06283997396e-09	-5.88275678171e-11
1.06405454907e-09	9.12127578329e-13
1.06526912418e-09	5.36860139677e-11
1.06648369928e-09	8.90345366877e-11
1.06769827439e-09	1.01438760169e-10
1.0689128495e-09	9.14308836975e-11
1.0701274246e-09	6.5535459004e-11
1.07134199971e-09	3.4291298967e-11
1.07255657482e-09	8.87194484545e-12
1.07377114992e-09	-2.73956681993e-12
1.07498572503e-09	1.55439203176e-12
1.07620030014e-09	1.73732417341e-11
1.07741487525e-09	3.60617022355e-11
1.07862945035e-09	4.78786593705e-11
1.07984402546e-09	4.58749808974e-11
1.08105860057e-09	2.77499655199e-11
1.08227317567e-09	-3.50363228013e-12
1.08348775078e-09	-4.08722396206e-11
1.08470232589e-09	-7.52984341545e-11
1.08591690099e-09	-9.7972352453e-11
1.0871314761e-09	-1.0272466211e-10
1.08834605121e-09	-8.76732159094e-11
1.08956062632e-09	-5.60954303841e-11
1.09077520142e-09	-1.58114788623e-11
1.09198977653e-09	2.30905381621e-11
1.09320435164e-09	5.1340712931e-11
1.09441892674e-09	6.33970168029e-11
1.09563350185e-09	5.90075627249e-11
1.09684807696e-09	4.27775662115e-11
1.09806265206e-09	2.21049237942e-11
1.09927722717e-09	4.5135574965e-12
1.10049180228e-09	-4.73466795284e-12
1.10170637738e-09	-3.73449665289e-12
1.10292095249e-09	5.94590002234e-12
1.1041355276e-09	2.00702891806e-11
1.10535010271e-09	3.31353555705e-11
1.10656467781e-09	3.9633758081e-11
1.10777925292e-09	3.59490943957e-11
1.10899382803e-09	2.12829753821e-11
1.11020840313e-09	-1.55238452301e-12
1.11142297824e-09	-2.68580314239e-11
1.11263755335e-09	-4.78402109594e-11
1.11385212845e-09	-5.88576687388e-11
1.11506670356e-09	-5.74737132886e-11
1.11628127867e-09	-4.50969678267e-11
1.11749585378e-09	-2.61696237597e-11
1.11871042888e-09	-6.51220483788e-12
1.11992500399e-09	8.79221868921e-12
1.1211395791e-09	1.66330907381e-11
1.1223541542e-09	1.6368444794e-11
1.12356872931e-09	9.67695801962e-12
1.12478330442e-09	-7.28171863085e-14
1.12599787952e-09	-8.62911825328e-12
1.12721245463e-09	-1.18852601372e-11
1.12842702974e-09	-7.25202710383e-12
1.12964160484e-09	5.45674529867e-12
1.13085617995e-09	2.33856076864e-11
1.13207075506e-09	4.15771861384e-11
1.13328533017e-09	5.45756009829e-11
1.13449990527e-09	5.82902753843e-11
1.13571448038e-09	5.14833765897e-11
1.13692905549e-09	3.56818220804e-11
1.13814363059e-09	1.44317214429e-11
1.1393582057e-09	-8.07861850333e-12
1.14057278081e-09	-2.80561927857e-11
1.14178735591e-09	-4.26655551167e-11
1.14300193102e-09	-5.02731814511e-11
1.14421650613e-09	-5.06141552281e-11
1.14543108124e-09	-4.4945873412e-11
1.14664565634e-09	-3.59409932371e-11
1.14786023145e-09	-2.68828900113e-11
1.14907480656e-09	-2.04599150122e-11
1.15028938166e-09	-1.76968995014e-11
1.15150395677e-09	-1.72996027226e-11
1.15271853188e-09	-1.6442645856e-11
1.15393310698e-09	-1.19953560973e-11
1.15514768209e-09	-1.89364604726e-12
1.1563622572e-09	1.39478324723e-11
1.15757683231e-09	3.38388449206e-11
1.15879140741e-09	5.46522167799e-11
1.16000598252e-09	7.25946178171e-11
1.16122055763e-09	8.3839511722e-11
1.16243513273e-09	8.49885856136e-11
1.16364970784e-09	7.41130073978e-11
1.16486428295e-09	5.14070591651e-11
1.16607885805e-09	1.98210545199e-11
1.16729343316e-09	-1.53650200202e-11
1.16850800827e-09	-4.78520938152e-11
1.16972258337e-09	-7.21281853688e-11
1.17093715848e-09	-8.50081532944e-11
1.17215173359e-09	-8.62770618837e-11
1.1733663087e-09	-7.81258044369e-11
1.1745808838e-09	-6.41153796721e-11
1.17579545891e-09	-4.78057558817e-11
1.17701003402e-09	-3.19718973518e-11
1.17822460912e-09	-1.82176010388e-11
1.17943918423e-09	-6.78952510533e-12
1.18065375934e-09	3.27921175457e-12
1.18186833444e-09	1.38252048698e-11
1.18308290955e-09	2.69473367231e-11
1.18429748466e-09	4.38149169724e-11
1.18551205977e-09	6.37748603927e-11
1.18672663487e-09	8.37357475025e-11
1.18794120998e-09	9.88467085961e-11
1.18915578509e-09	1.03881889202e-10
1.19037036019e-09	9.50786255283e-11
1.1915849353e-09	7.16134165857e-11
1.19279951041e-09	3.59567930985e-11
1.19401408551e-09	-6.71274104011e-12
1.19522866062e-09	-4.97759056195e-11
1.19644323573e-09	-8.66122729093e-11
1.19765781084e-09	-1.11815244563e-10
1.19887238594e-09	-1.2200225552e-10
1.20008696105e-09	-1.16573806164e-10
1.20130153616e-09	-9.77235445343e-11
1.20251611126e-09	-7.01746577514e-11
1.20373068637e-09	-3.98615619679e-11
1.20494526148e-09	-1.2213964215e-11
1.20615983658e-09	9.44995817709e-12
1.20737441169e-09	2.48396234137e-11
1.2085889868e-09	3.61436089391e-11
1.2098035619e-09	4.65339364264e-11
1.21101813701e-09	5.85070533687e-11
1.21223271212e-09	7.24298260257e-11
1.21344728723e-09	8.65961746754e-11
1.21466186233e-09	9.75825323324e-11
1.21587643744e-09	1.01495700733e-10
