% time-domain current integration by openEMS v0.37.0-rc1-2-g7b051bb @Wed Aug  5 23:02:47 2026
% start-coordinates: (0.00132646,-0.000429252,0.00645761) m -> [71,44,115]
% stop-coordinates: (0.00212039,0.00036468,0.00645761) m -> [82,55,115]
% t/s	current
6.36317590215e-14	-0
1.20900342141e-12	-0
2.35437508379e-12	-0
3.49974674618e-12	-0
4.64511840857e-12	-0
5.79049007095e-12	-0
6.93586173334e-12	-0
8.08123339573e-12	-0
9.22660505811e-12	-0
1.03719767205e-11	-0
1.15173483829e-11	-0
1.26627200453e-11	-0
1.38080917077e-11	-0
1.495346337e-11	-0
1.60988350324e-11	-0
1.72442066948e-11	-0
1.83895783572e-11	-0
1.95349500196e-11	-0
2.0680321682e-11	-0
2.18256933444e-11	-0
2.29710650068e-11	-0
2.41164366691e-11	-0
2.52618083315e-11	-0
2.64071799939e-11	-0
2.75525516563e-11	-0
2.86979233187e-11	-0
2.98432949811e-11	-0
3.09886666435e-11	-0
3.21340383058e-11	-0
3.32794099682e-11	-0
3.44247816306e-11	-0
3.5570153293e-11	-0
3.67155249554e-11	-0
3.78608966178e-11	-0
3.90062682802e-11	-1.79490238751e-35
4.01516399426e-11	-6.63486847829e-33
4.12970116049e-11	-1.53772378138e-30
4.24423832673e-11	-2.32847265466e-28
4.35877549297e-11	-2.3538729647e-26
4.47331265921e-11	-1.61794750433e-24
4.58784982545e-11	-7.67806712532e-23
4.70238699169e-11	-2.54689879957e-21
4.81692415793e-11	-5.96121602486e-20
4.93146132416e-11	-9.90721043895e-19
5.0459984904e-11	-1.17216968734e-17
5.16053565664e-11	-9.8486539098e-17
5.27507282288e-11	-5.81050202256e-16
5.38960998912e-11	-2.33143002347e-15
5.50414715536e-11	-5.72740851395e-15
5.6186843216e-11	-4.02224098212e-15
5.73322148784e-11	3.21023318605e-14
5.84775865407e-11	1.7376806374e-13
5.96229582031e-11	5.44283964687e-13
6.07683298655e-11	1.28270007463e-12
6.19137015279e-11	2.35381028904e-12
6.30590731903e-11	3.06100696006e-12
6.42044448527e-11	1.15259516341e-12
6.53498165151e-11	-8.50718367279e-12
6.64951881774e-11	-3.54469821551e-11
6.76405598398e-11	-9.4386033711e-11
6.87859315022e-11	-2.03684999422e-10
6.99313031646e-11	-3.79505482595e-10
7.1076674827e-11	-6.23386953169e-10
7.22220464894e-11	-9.01694940936e-10
7.33674181518e-11	-1.11926601321e-09
7.45127898142e-11	-1.09432618522e-09
7.56581614765e-11	-5.47962120123e-10
7.68035331389e-11	8.72872385482e-10
7.79489048013e-11	3.51965945278e-09
7.90942764637e-11	7.60676677203e-09
8.02396481261e-11	1.30294983691e-08
8.13850197885e-11	1.91768521063e-08
8.25303914509e-11	2.48153817495e-08
8.36757631132e-11	2.81287757531e-08
8.48211347756e-11	2.69811941678e-08
8.5966506438e-11	1.94178184643e-08
8.71118781004e-11	4.32273727924e-09
8.82572497628e-11	-1.79341466122e-08
8.94026214252e-11	-4.50882531311e-08
9.05479930876e-11	-7.30229103851e-08
9.169336475e-11	-9.63737178949e-08
9.28387364123e-11	-1.09633248258e-07
9.39841080747e-11	-1.08507691721e-07
9.51294797371e-11	-9.11507029855e-08
9.62748513995e-11	-5.88862576478e-08
9.74202230619e-11	-1.61595625769e-08
9.85655947243e-11	3.03106126864e-08
9.97109663867e-11	7.29649300979e-08
1.00856338049e-10	1.05023069352e-07
1.02001709711e-10	1.21850490586e-07
1.03147081374e-10	1.2174614028e-07
1.04292453036e-10	1.06017338908e-07
1.05437824699e-10	7.84313556323e-08
1.06583196361e-10	4.42769128028e-08
1.07728568023e-10	9.31400734316e-09
1.08873939686e-10	-2.11621102864e-08
1.10019311348e-10	-4.30223998649e-08
1.11164683011e-10	-5.37338067375e-08
1.12310054673e-10	-5.25454488809e-08
1.13455426335e-10	-4.04540188015e-08
1.14600797998e-10	-1.99698586556e-08
1.1574616966e-10	5.3048743176e-09
1.16891541322e-10	3.1245832588e-08
1.18036912985e-10	5.38532489713e-08
1.19182284647e-10	6.98617839134e-08
1.2032765631e-10	7.72036585772e-08
1.21473027972e-10	7.52445714625e-08
1.22618399634e-10	6.47617568461e-08
1.23763771297e-10	4.77008583744e-08
1.24909142959e-10	2.67745683402e-08
1.26054514622e-10	4.99076868721e-09
1.27199886284e-10	-1.48254715171e-08
1.28345257946e-10	-3.04435125997e-08
1.29490629609e-10	-4.05306259665e-08
1.30636001271e-10	-4.47908377055e-08
1.31781372933e-10	-4.39059633095e-08
1.32926744596e-10	-3.92804793137e-08
1.34072116258e-10	-3.26408162721e-08
1.35217487921e-10	-2.5594371067e-08
1.36362859583e-10	-1.92767171114e-08
1.37508231245e-10	-1.41927429809e-08
1.38653602908e-10	-1.02813286773e-08
1.3979897457e-10	-7.16179737736e-09
1.40944346233e-10	-4.43715464371e-09
1.42089717895e-10	-1.9297961007e-09
1.43235089557e-10	2.45849451908e-10
1.4438046122e-10	1.77743564311e-09
1.45525832882e-10	2.3565027707e-09
1.46671204545e-10	1.87516491224e-09
1.47816576207e-10	5.22203169595e-10
1.48961947869e-10	-1.25958421471e-09
1.50107319532e-10	-2.93730462175e-09
1.51252691194e-10	-4.09123357414e-09
1.52398062856e-10	-4.56731052978e-09
1.53543434519e-10	-4.51381865219e-09
1.54688806181e-10	-4.28973656597e-09
1.55834177844e-10	-4.28576907296e-09
1.56979549506e-10	-4.73739802942e-09
1.58124921168e-10	-5.60709967345e-09
1.59270292831e-10	-6.57934240422e-09
1.60415664493e-10	-7.18000681132e-09
1.61561036156e-10	-6.96212199003e-09
1.62706407818e-10	-5.69162672548e-09
1.6385177948e-10	-3.45927730905e-09
1.64997151143e-10	-6.75151656804e-10
1.66142522805e-10	2.04966177364e-09
1.67287894467e-10	4.09564870907e-09
1.6843326613e-10	5.0270734242e-09
1.69578637792e-10	4.72308725463e-09
1.70724009455e-10	3.39754513412e-09
1.71869381117e-10	1.51231549506e-09
1.73014752779e-10	-3.86420062615e-10
1.74160124442e-10	-1.84675130743e-09
1.75305496104e-10	-2.64464916633e-09
1.76450867767e-10	-2.82611467561e-09
1.77596239429e-10	-2.65481125972e-09
1.78741611091e-10	-2.48912312983e-09
1.79886982754e-10	-2.63428368008e-09
1.81032354416e-10	-3.2269196204e-09
1.82177726078e-10	-4.18526679979e-09
1.83323097741e-10	-5.23803311836e-09
1.84468469403e-10	-6.010641318e-09
1.85613841066e-10	-6.14379525032e-09
1.86759212728e-10	-5.39444311443e-09
1.8790458439e-10	-3.70577390996e-09
1.89049956053e-10	-1.2235278346e-09
1.90195327715e-10	1.73089964584e-09
1.91340699378e-10	4.72661465523e-09
1.9248607104e-10	7.30331750631e-09
1.93631442702e-10	9.05806718521e-09
1.94776814365e-10	9.71426050711e-09
1.95922186027e-10	9.1620337983e-09
1.9706755769e-10	7.47016759561e-09
1.98212929352e-10	4.86241580333e-09
1.99358301014e-10	1.68176539361e-09
2.00503672677e-10	-1.6624839283e-09
2.01649044339e-10	-4.73910244381e-09
2.02794416001e-10	-7.14564452053e-09
2.03939787664e-10	-8.55313952997e-09
2.05085159326e-10	-8.75297434533e-09
2.06230530989e-10	-7.69263408529e-09
2.07375902651e-10	-5.49220136037e-09
2.08521274313e-10	-2.42964159902e-09
2.09666645976e-10	1.10094389161e-09
2.10812017638e-10	4.64881644291e-09
2.11957389301e-10	7.76483588538e-09
2.13102760963e-10	1.00529780056e-08
2.14248132625e-10	1.1207305306e-08
2.15393504288e-10	1.10465592229e-08
2.1653887595e-10	9.54664169939e-09
2.17684247612e-10	6.87021817214e-09
2.18829619275e-10	3.37156702557e-09
2.19974990937e-10	-4.43621500645e-10
2.211203626e-10	-4.0022252179e-09
2.22265734262e-10	-6.78545264421e-09
2.23411105924e-10	-8.44094483199e-09
2.24556477587e-10	-8.85471074241e-09
2.25701849249e-10	-8.14898903911e-09
2.26847220912e-10	-6.61515642264e-09
2.27992592574e-10	-4.60901494748e-09
2.29137964236e-10	-2.45536080357e-09
2.30283335899e-10	-3.9437980659e-10
2.31428707561e-10	1.42381795243e-09
2.32574079224e-10	2.90839174966e-09
2.33719450886e-10	3.99448962796e-09
2.34864822548e-10	4.63038585252e-09
2.36010194211e-10	4.78966466488e-09
2.37155565873e-10	4.49222614662e-09
2.38300937535e-10	3.8150229642e-09
2.39446309198e-10	2.8769213678e-09
2.4059168086e-10	1.80173964637e-09
2.41737052523e-10	6.8062722125e-10
2.42882424185e-10	-4.42857639449e-10
2.44027795847e-10	-1.55815382819e-09
2.4517316751e-10	-2.64444022235e-09
2.46318539172e-10	-3.63343799492e-09
2.47463910835e-10	-4.3955661333e-09
2.48609282497e-10	-4.76650452441e-09
2.49754654159e-10	-4.60166527105e-09
2.50900025822e-10	-3.83658349534e-09
2.52045397484e-10	-2.52096787889e-09
2.53190769146e-10	-8.1561374321e-10
2.54336140809e-10	1.04707154058e-09
2.55481512471e-10	2.81969780858e-09
2.56626884134e-10	4.28628954552e-09
2.57772255796e-10	5.29364019286e-09
2.58917627458e-10	5.75180392204e-09
2.60062999121e-10	5.62788438074e-09
2.61208370783e-10	4.93356377973e-09
2.62353742446e-10	3.72836073126e-09
2.63499114108e-10	2.12283568501e-09
2.6464448577e-10	2.8929819651e-10
2.65789857433e-10	-1.54756718551e-09
2.66935229095e-10	-3.1360760655e-09
2.68080600757e-10	-4.2442032111e-09
2.6922597242e-10	-4.71123584589e-09
2.70371344082e-10	-4.48990666868e-09
2.71516715745e-10	-3.66068331203e-09
2.72662087407e-10	-2.41215092345e-09
2.73807459069e-10	-9.95183602193e-10
2.74952830732e-10	3.38311462178e-10
2.76098202394e-10	1.38610600775e-09
2.77243574057e-10	2.03087968664e-09
2.78388945719e-10	2.24497909151e-09
2.79534317381e-10	2.07948858133e-09
2.80679689044e-10	1.63938373987e-09
2.81825060706e-10	1.05898823044e-09
2.82970432369e-10	4.77962447398e-10
2.84115804031e-10	2.22540215422e-11
2.85261175693e-10	-2.16165765843e-10
2.86406547356e-10	-1.96829746946e-10
2.87551919018e-10	5.81981754455e-11
2.8869729068e-10	4.63133004169e-10
2.89842662343e-10	8.84621598196e-10
2.90988034005e-10	1.17096887742e-09
2.92133405668e-10	1.18922693915e-09
2.9327877733e-10	8.58909887658e-10
2.94424148992e-10	1.75557096638e-10
2.95569520655e-10	-7.86040843526e-10
2.96714892317e-10	-1.88569559967e-09
2.9786026398e-10	-2.9486681985e-09
2.99005635642e-10	-3.80327236371e-09
3.00151007304e-10	-4.31879243479e-09
3.01296378967e-10	-4.43362857538e-09
3.02441750629e-10	-4.16698320294e-09
3.03587122291e-10	-3.61195140464e-09
3.04732493954e-10	-2.9075153396e-09
3.05877865616e-10	-2.20095941472e-09
3.07023237279e-10	-1.60391833148e-09
3.08168608941e-10	-1.1619675222e-09
3.09313980603e-10	-8.42697966963e-10
3.10459352266e-10	-5.50815948408e-10
3.11604723928e-10	-1.67783287264e-10
3.12750095591e-10	4.0030953552e-10
3.13895467253e-10	1.17797072097e-09
3.15040838915e-10	2.09868211698e-09
3.16186210578e-10	3.01298896943e-09
3.1733158224e-10	3.72513198066e-09
3.18476953903e-10	4.04665101428e-09
3.19622325565e-10	3.84941101217e-09
3.20767697227e-10	3.10469938647e-09
3.2191306889e-10	1.89344118162e-09
3.23058440552e-10	3.9065251034e-10
3.24203812214e-10	-1.1756451368e-09
3.25349183877e-10	-2.5751896171e-09
3.26494555539e-10	-3.62721142011e-09
3.27639927202e-10	-4.23718038434e-09
3.28785298864e-10	-4.4105470387e-09
3.29930670526e-10	-4.23982449149e-09
3.31076042189e-10	-3.86805076857e-09
3.32221413851e-10	-3.44029760235e-09
3.33366785514e-10	-3.05766523212e-09
3.34512157176e-10	-2.74921574395e-09
3.35657528838e-10	-2.47103537632e-09
3.36802900501e-10	-2.13150341821e-09
3.37948272163e-10	-1.63422031463e-09
3.39093643825e-10	-9.21599407899e-10
3.40239015488e-10	-5.15471693108e-12
3.4138438715e-10	1.02847474981e-09
3.42529758813e-10	2.0381702992e-09
3.43675130475e-10	2.86662560356e-09
3.44820502137e-10	3.38448047366e-09
3.459658738e-10	3.5237863738e-09
3.47111245462e-10	3.29188631909e-09
3.48256617125e-10	2.75987588338e-09
3.49401988787e-10	2.03434225021e-09
3.50547360449e-10	1.2217272749e-09
3.51692732112e-10	4.01214506063e-10
3.52838103774e-10	-3.86940562924e-10
3.53983475436e-10	-1.13352394138e-09
3.55128847099e-10	-1.8408775615e-09
3.56274218761e-10	-2.50062948126e-09
3.57419590424e-10	-3.07962411128e-09
3.58564962086e-10	-3.51829188006e-09
3.59710333748e-10	-3.74487818533e-09
3.60855705411e-10	-3.69581654169e-09
3.62001077073e-10	-3.33915717299e-09
3.63146448736e-10	-2.69101163575e-09
3.64291820398e-10	-1.81936543608e-09
3.6543719206e-10	-8.34565527796e-10
3.66582563723e-10	1.34760202997e-10
3.67727935385e-10	9.7119889908e-10
3.68873307048e-10	1.59766844199e-09
3.7001867871e-10	1.99428851211e-09
3.71164050372e-10	2.1985155918e-09
3.72309422035e-10	2.28535168567e-09
3.73454793697e-10	2.33585906173e-09
3.74600165359e-10	2.40224506953e-09
3.75745537022e-10	2.48394926849e-09
3.76890908684e-10	2.52210186069e-09
3.78036280347e-10	2.41629605213e-09
3.79181652009e-10	2.05860972713e-09
3.80327023671e-10	1.37521494192e-09
3.81472395334e-10	3.6171871054e-10
3.82617766996e-10	-8.99595176129e-10
3.83763138659e-10	-2.24628360357e-09
3.84908510321e-10	-3.46850259625e-09
3.86053881983e-10	-4.3578332054e-09
3.87199253646e-10	-4.76010741934e-09
3.88344625308e-10	-4.61448301792e-09
3.8948999697e-10	-3.96876442821e-09
3.90635368633e-10	-2.96326541083e-09
3.91780740295e-10	-1.79042558557e-09
3.92926111958e-10	-6.40968667032e-10
3.9407148362e-10	3.43992750951e-10
3.95216855282e-10	1.10164932732e-09
3.96362226945e-10	1.6479904108e-09
3.97507598607e-10	2.05236183604e-09
3.9865297027e-10	2.39600139729e-09
3.99798341932e-10	2.73111511184e-09
4.00943713594e-10	3.05372638287e-09
4.02089085257e-10	3.3005143063e-09
4.03234456919e-10	3.36962391323e-09
4.04379828582e-10	3.15672576967e-09
4.05525200244e-10	2.59485144483e-09
4.06670571906e-10	1.68247593635e-09
4.07815943569e-10	4.93158902604e-10
4.08961315231e-10	-8.37539704257e-10
4.10106686893e-10	-2.13848228015e-09
4.11252058556e-10	-3.2385218951e-09
4.12397430218e-10	-3.99676691742e-09
4.13542801881e-10	-4.32638591619e-09
4.14688173543e-10	-4.20545021029e-09
4.15833545205e-10	-3.67823504988e-09
4.16978916868e-10	-2.84543966167e-09
4.1812428853e-10	-1.84596682384e-09
4.19269660193e-10	-8.31090196662e-10
4.20415031855e-10	6.49477485681e-11
4.21560403517e-10	7.51492312823e-10
4.2270577518e-10	1.19846821356e-09
4.23851146842e-10	1.43666001318e-09
4.24996518504e-10	1.54184875978e-09
4.26141890167e-10	1.60434665553e-09
4.27287261829e-10	1.69495140145e-09
4.28432633492e-10	1.83797532749e-09
4.29578005154e-10	1.99962801872e-09
4.30723376816e-10	2.0981625326e-09
4.31868748479e-10	2.03041694569e-09
4.33014120141e-10	1.70970937408e-09
4.34159491804e-10	1.10046527446e-09
4.35304863466e-10	2.3979204733e-10
4.36450235128e-10	-7.62455099057e-10
4.37595606791e-10	-1.74622627469e-09
4.38740978453e-10	-2.54033727387e-09
4.39886350115e-10	-3.00738989267e-09
4.41031721778e-10	-3.08024095119e-09
4.4217709344e-10	-2.77890599421e-09
4.43322465103e-10	-2.2023700641e-09
4.44467836765e-10	-1.49788326187e-09
4.45613208427e-10	-8.17760192895e-10
4.4675858009e-10	-2.77158906936e-10
4.47903951752e-10	7.37692684716e-11
4.49049323415e-10	2.55504256641e-10
4.50194695077e-10	3.42040701318e-10
4.51340066739e-10	4.28312413314e-10
4.52485438402e-10	5.92566051782e-10
4.53630810064e-10	8.66770488717e-10
4.54776181727e-10	1.22338139619e-09
4.55921553389e-10	1.5828299782e-09
4.57066925051e-10	1.8377259714e-09
4.58212296714e-10	1.88713866756e-09
4.59357668376e-10	1.66904146059e-09
4.60503040038e-10	1.18236009872e-09
4.61648411701e-10	4.90849194623e-10
4.62793783363e-10	-2.91101420746e-10
4.63939155026e-10	-1.02695918436e-09
4.65084526688e-10	-1.59275659328e-09
4.6622989835e-10	-1.90681581635e-09
4.67375270013e-10	-1.94827975974e-09
4.68520641675e-10	-1.75683279036e-09
4.69666013338e-10	-1.41752332095e-09
4.70811385e-10	-1.0324969768e-09
4.71956756662e-10	-6.92308377293e-10
4.73102128325e-10	-4.5109035951e-10
4.74247499987e-10	-3.16862536209e-10
4.75392871649e-10	-2.554326195e-10
4.76538243312e-10	-2.08473266428e-10
4.77683614974e-10	-1.1693322699e-10
4.78828986637e-10	5.5916760805e-11
4.79974358299e-10	3.10892533939e-10
4.81119729961e-10	6.10829109515e-10
4.82265101624e-10	8.91664964087e-10
4.83410473286e-10	1.08130882026e-09
4.84555844949e-10	1.121534976e-09
4.85701216611e-10	9.85605153048e-10
4.86846588273e-10	6.87245982345e-10
4.87991959936e-10	2.78887385408e-10
4.89137331598e-10	-1.61105837004e-10
4.90282703261e-10	-5.47994316591e-10
4.91428074923e-10	-8.12986122867e-10
4.92573446585e-10	-9.20364173762e-10
4.93718818248e-10	-8.76661188087e-10
4.9486418991e-10	-7.26313120758e-10
4.96009561572e-10	-5.36966915377e-10
4.97154933235e-10	-3.77286590858e-10
4.98300304897e-10	-2.95659913219e-10
4.9944567656e-10	-3.06078939971e-10
5.00591048222e-10	-3.8585806772e-10
5.01736419884e-10	-4.85608386835e-10
5.02881791547e-10	-5.47332457135e-10
5.04027163209e-10	-5.24643994915e-10
5.05172534872e-10	-3.97685245845e-10
5.06317906534e-10	-1.79290762792e-10
5.07463278196e-10	9.02579053164e-11
5.08608649859e-10	3.55583673617e-10
5.09754021521e-10	5.63193436331e-10
5.10899393183e-10	6.75711486764e-10
5.12044764846e-10	6.80526190955e-10
5.13190136508e-10	5.90444915183e-10
5.14335508171e-10	4.36970792883e-10
5.15480879833e-10	2.59727600538e-10
5.16626251495e-10	9.45767977822e-11
5.17771623158e-10	-3.51519889585e-11
5.1891699482e-10	-1.23279164654e-10
5.20062366483e-10	-1.79462208982e-10
5.21207738145e-10	-2.24824506234e-10
5.22353109807e-10	-2.82821377429e-10
5.2349848147e-10	-3.72000263926e-10
5.24643853132e-10	-4.97590024739e-10
5.25789224794e-10	-6.49306830525e-10
5.26934596457e-10	-8.01570421149e-10
5.28079968119e-10	-9.20519771519e-10
5.29225339782e-10	-9.7273078481e-10
5.30370711444e-10	-9.35517441292e-10
5.31516083106e-10	-8.03525357362e-10
5.32661454769e-10	-5.90155702085e-10
5.33806826431e-10	-3.23479742992e-10
5.34952198094e-10	-3.7429809252e-11
5.36097569756e-10	2.36937913733e-10
5.37242941418e-10	4.78755535216e-10
5.38388313081e-10	6.79096556766e-10
5.39533684743e-10	8.38465741282e-10
5.40679056406e-10	9.60646007186e-10
5.41824428068e-10	1.04593889105e-09
5.4296979973e-10	1.08648101627e-09
5.44115171393e-10	1.06558484259e-09
5.45260543055e-10	9.61771551289e-10
5.46405914717e-10	7.56625762044e-10
5.4755128638e-10	4.44210890294e-10
5.48696658042e-10	3.83274766091e-11
5.49842029705e-10	-4.24363599816e-10
5.50987401367e-10	-8.88613904682e-10
5.52132773029e-10	-1.29071009436e-09
5.53278144692e-10	-1.57305801718e-09
5.54423516354e-10	-1.69794334148e-09
5.55568888017e-10	-1.65688252007e-09
5.56714259679e-10	-1.47165524211e-09
5.57859631341e-10	-1.18684750916e-09
5.59005003004e-10	-8.56433590712e-10
5.60150374666e-10	-5.27856425236e-10
5.61295746328e-10	-2.30537672286e-10
5.62441117991e-10	3.00167182776e-11
5.63586489653e-10	2.67782379604e-10
5.64731861316e-10	5.06068520423e-10
5.65877232978e-10	7.63002938609e-10
5.6702260464e-10	1.039158537e-09
5.68167976303e-10	1.31117616764e-09
5.69313347965e-10	1.53440626871e-09
5.70458719628e-10	1.65335956037e-09
5.7160409129e-10	1.6181610496e-09
5.72749462952e-10	1.40030187445e-09
5.73894834615e-10	1.00418584559e-09
5.75040206277e-10	4.69391914226e-10
5.7618557794e-10	-1.36324951328e-10
5.77330949602e-10	-7.31806559795e-10
5.78476321264e-10	-1.23977195177e-09
5.79621692927e-10	-1.60346658173e-09
5.80767064589e-10	-1.79537662515e-09
5.81912436251e-10	-1.81995385429e-09
5.83057807914e-10	-1.70630165552e-09
5.84203179576e-10	-1.49721823828e-09
5.85348551239e-10	-1.23570609301e-09
5.86493922901e-10	-9.53991774466e-10
5.87639294563e-10	-6.68051003405e-10
5.88784666226e-10	-3.77656739214e-10
5.89930037888e-10	-7.28824639529e-11
5.91075409551e-10	2.57427607009e-10
5.92220781213e-10	6.15694384365e-10
5.93366152875e-10	9.89767157122e-10
5.94511524538e-10	1.35025712833e-09
5.956568962e-10	1.6544264847e-09
5.96802267862e-10	1.8536093771e-09
5.97947639525e-10	1.90396676203e-09
5.99093011187e-10	1.77691916736e-09
6.0023838285e-10	1.46741563345e-09
6.01383754512e-10	9.97475435582e-10
6.02529126174e-10	4.14241529967e-10
6.03674497837e-10	-2.17254381152e-10
6.04819869499e-10	-8.25583268416e-10
6.05965241162e-10	-1.34515099059e-09
6.07110612824e-10	-1.72793479525e-09
6.08255984486e-10	-1.94954563604e-09
6.09401356149e-10	-2.01085725848e-09
6.10546727811e-10	-1.93220328626e-09
6.11692099473e-10	-1.74480385695e-09
6.12837471136e-10	-1.48014456247e-09
6.13982842798e-10	-1.16231813063e-09
6.15128214461e-10	-8.04503852425e-10
6.16273586123e-10	-4.10994294153e-10
6.17418957785e-10	1.66988870648e-11
6.18564329448e-10	4.72386629813e-10
6.1970970111e-10	9.3819252367e-10
6.20855072773e-10	1.38243416714e-09
6.22000444435e-10	1.76077763481e-09
6.23145816097e-10	2.02406491567e-09
6.2429118776e-10	2.12740158823e-09
6.25436559422e-10	2.04186623165e-09
6.26581931085e-10	1.76222936243e-09
6.27727302747e-10	1.31151600691e-09
6.28872674409e-10	7.38048011595e-10
6.30018046072e-10	1.0763140379e-10
6.31163417734e-10	-5.08902808782e-10
6.32308789396e-10	-1.04857333927e-09
6.33454161059e-10	-1.46663259315e-09
6.34599532721e-10	-1.74176484347e-09
6.35744904384e-10	-1.87516113748e-09
6.36890276046e-10	-1.88414839286e-09
6.38035647708e-10	-1.79301762326e-09
6.39181019371e-10	-1.62406177395e-09
6.40326391033e-10	-1.39149736178e-09
6.41471762696e-10	-1.10062581271e-09
6.42617134358e-10	-7.50993711662e-10
6.4376250602e-10	-3.43629208421e-10
6.44907877683e-10	1.12227158122e-10
6.46053249345e-10	5.93827875761e-10
6.47198621007e-10	1.06444564274e-09
6.4834399267e-10	1.47725554012e-09
6.49489364332e-10	1.78334225165e-09
6.50634735995e-10	1.94113769503e-09
6.51780107657e-10	1.92557547685e-09
6.52925479319e-10	1.73393688296e-09
6.54070850982e-10	1.38746680811e-09
6.55216222644e-10	9.28106036469e-10
6.56361594307e-10	4.10841222154e-10
6.57506965969e-10	-1.0615303081e-10
6.58652337631e-10	-5.72010605548e-10
6.59797709294e-10	-9.50838852098e-10
6.60943080956e-10	-1.22587673346e-09
6.62088452618e-10	-1.39787226239e-09
6.63233824281e-10	-1.47994072552e-09
6.64379195943e-10	-1.48938150701e-09
6.65524567606e-10	-1.44030376514e-09
6.66669939268e-10	-1.33869992869e-09
6.6781531093e-10	-1.18167331475e-09
6.68960682593e-10	-9.6113172976e-10
6.70106054255e-10	-6.6988353753e-10
6.71251425918e-10	-3.09194170267e-10
6.7239679758e-10	1.05911779347e-10
6.73542169242e-10	5.44509715095e-10
6.74687540905e-10	9.62594559617e-10
6.75832912567e-10	1.31005262194e-09
6.7697828423e-10	1.54080193049e-09
6.78123655892e-10	1.62268554149e-09
6.79269027554e-10	1.54542312281e-09
6.80414399217e-10	1.32313993095e-09
6.81559770879e-10	9.91731141653e-10
6.82705142541e-10	6.0066623897e-10
6.83850514204e-10	2.02227942725e-10
6.84995885866e-10	-1.59416216339e-10
6.86141257529e-10	-4.56177789987e-10
6.87286629191e-10	-6.79070744081e-10
6.88432000853e-10	-8.35728930504e-10
6.89577372516e-10	-9.43440991996e-10
6.90722744178e-10	-1.02008002045e-09
6.91868115841e-10	-1.07581799025e-09
6.93013487503e-10	-1.10816633647e-09
6.94158859165e-10	-1.10234521511e-09
6.95304230828e-10	-1.03646491389e-09
6.9644960249e-10	-8.90076012894e-10
6.97594974152e-10	-6.5353394918e-10
6.98740345815e-10	-3.3446490022e-10
6.99885717477e-10	4.0044058347e-11
7.0103108914e-10	4.27161916949e-10
7.02176460802e-10	7.76593789276e-10
7.03321832464e-10	1.04118180744e-09
7.04467204127e-10	1.18748810785e-09
7.05612575789e-10	1.20249088464e-09
7.06757947452e-10	1.09605757803e-09
7.07903319114e-10	8.97219187834e-10
7.09048690776e-10	6.46528164339e-10
7.10194062439e-10	3.8578165662e-10
7.11339434101e-10	1.48695777913e-10
7.12484805764e-10	-4.57995343039e-11
7.13630177426e-10	-1.95166688366e-10
7.14775549088e-10	-3.10293651884e-10
7.15920920751e-10	-4.08599043489e-10
7.17066292413e-10	-5.05950448204e-10
7.18211664075e-10	-6.09517991634e-10
7.19357035738e-10	-7.14103221e-10
7.205024074e-10	-8.02859556615e-10
7.21647779063e-10	-8.51859804918e-10
7.22793150725e-10	-8.37735325554e-10
7.23938522387e-10	-7.44900918725e-10
7.2508389405e-10	-5.7198462633e-10
7.26229265712e-10	-3.3335151306e-10
7.27374637375e-10	-5.79862269312e-11
7.28520009037e-10	2.16821893773e-10
7.29665380699e-10	4.5286890904e-10
7.30810752362e-10	6.19870932361e-10
7.31956124024e-10	7.01329216923e-10
7.33101495686e-10	6.98054059001e-10
7.34246867349e-10	6.26238561008e-10
7.35392239011e-10	5.12535847097e-10
7.36537610674e-10	3.86313231404e-10
7.37682982336e-10	2.71894839976e-10
7.38828353998e-10	1.8333599916e-10
7.39973725661e-10	1.21797003039e-10
7.41119097323e-10	7.79121558936e-11
7.42264468986e-10	3.57710597254e-11
7.43409840648e-10	-2.05069728559e-11
7.4455521231e-10	-1.01506011929e-10
7.45700583973e-10	-2.0832331693e-10
7.46845955635e-10	-3.31760091621e-10
7.47991327297e-10	-4.53855120153e-10
7.4913669896e-10	-5.52262680031e-10
7.50282070622e-10	-6.05915095875e-10
7.51427442285e-10	-6.00356764302e-10
7.52572813947e-10	-5.32218213944e-10
7.53718185609e-10	-4.10065564838e-10
7.54863557272e-10	-2.53310206144e-10
7.56008928934e-10	-8.71277563985e-11
7.57154300597e-10	6.30174523675e-11
7.58299672259e-10	1.77934639245e-10
7.59445043921e-10	2.48321224694e-10
7.60590415584e-10	2.76908912467e-10
7.61735787246e-10	2.75776568248e-10
7.62881158909e-10	2.62572075194e-10
7.64026530571e-10	2.54017418211e-10
7.65171902233e-10	2.60818505682e-10
7.66317273896e-10	2.84126444594e-10
7.67462645558e-10	3.15163672937e-10
7.6860801722e-10	3.38105043962e-10
7.69753388883e-10	3.35053013112e-10
7.70898760545e-10	2.91993595969e-10
7.72044132208e-10	2.03313810232e-10
7.7318950387e-10	7.45519895817e-11
7.74334875532e-10	-7.89692061742e-11
7.75480247195e-10	-2.34868763327e-10
7.76625618857e-10	-3.70040470488e-10
7.7777099052e-10	-4.65249672121e-10
7.78916362182e-10	-5.10420983257e-10
7.80061733844e-10	-5.05593733546e-10
7.81207105507e-10	-4.60648963418e-10
7.82352477169e-10	-3.90983523335e-10
7.83497848831e-10	-3.13202602742e-10
7.84643220494e-10	-2.3972410168e-10
7.85788592156e-10	-1.75986836215e-10
7.86933963819e-10	-1.19596277326e-10
7.88079335481e-10	-6.24642282343e-11
7.89224707143e-10	5.21444172563e-12
7.90370078806e-10	9.04219199516e-11
7.91515450468e-10	1.93561805473e-10
7.92660822131e-10	3.0710545218e-10
7.93806193793e-10	4.16429030148e-10
7.94951565455e-10	5.03549535402e-10
7.96096937118e-10	5.51226286838e-10
7.9724230878e-10	5.48025180791e-10
7.98387680443e-10	4.90761098426e-10
7.99533052105e-10	3.85797949143e-10
8.00678423767e-10	2.4717461411e-10
8.0182379543e-10	9.31573151952e-11
8.02969167092e-10	-5.78991958544e-11
8.04114538754e-10	-1.91800256233e-10
8.05259910417e-10	-3.0066871215e-10
8.06405282079e-10	-3.83576281848e-10
8.07550653742e-10	-4.44334125049e-10
8.08696025404e-10	-4.8864495783e-10
8.09841397066e-10	-5.19989273862e-10
8.10986768729e-10	-5.37752897767e-10
8.12132140391e-10	-5.35936961477e-10
8.13277512054e-10	-5.0554904707e-10
8.14422883716e-10	-4.37430008882e-10
8.15568255378e-10	-3.26677573881e-10
8.16713627041e-10	-1.75632078325e-10
8.17858998703e-10	4.6305524519e-12
8.19004370365e-10	1.95537613878e-10
8.20149742028e-10	3.74543923654e-10
8.2129511369e-10	5.19760845474e-10
8.22440485353e-10	6.15118678216e-10
8.23585857015e-10	6.53139764495e-10
8.24731228677e-10	6.36317831759e-10
8.2587660034e-10	5.74665315334e-10
8.27021972002e-10	4.82340389851e-10
8.28167343665e-10	3.72726099984e-10
8.29312715327e-10	2.55235027558e-10
8.30458086989e-10	1.33561717242e-10
8.31603458652e-10	7.04251110553e-12
8.32748830314e-10	-1.26786123267e-10
8.33894201976e-10	-2.68021771443e-10
8.35039573639e-10	-4.11855716198e-10
8.36184945301e-10	-5.47088152558e-10
8.37330316964e-10	-6.57620347067e-10
8.38475688626e-10	-7.25671078783e-10
8.39621060288e-10	-7.3639000453e-10
8.40766431951e-10	-6.82024992038e-10
8.41911803613e-10	-5.64756907906e-10
8.43057175276e-10	-3.96760208021e-10
8.44202546938e-10	-1.97897837007e-10
8.453479186e-10	8.65455190152e-12
8.46493290263e-10	2.01238789521e-10
8.47638661925e-10	3.63618218868e-10
8.48784033588e-10	4.86992834947e-10
8.4992940525e-10	5.69650437932e-10
8.51074776912e-10	6.14704342983e-10
8.52220148575e-10	6.27125740227e-10
8.53365520237e-10	6.10829775649e-10
8.54510891899e-10	5.67070557178e-10
8.55656263562e-10	4.94340957058e-10
8.56801635224e-10	3.90079163415e-10
8.57947006887e-10	2.5304625062e-10
8.59092378549e-10	8.63491361747e-11
8.60237750211e-10	-1.01137119513e-10
8.61383121874e-10	-2.94249319355e-10
8.62528493536e-10	-4.73700578763e-10
8.63673865199e-10	-6.19278128777e-10
8.64819236861e-10	-7.13925085716e-10
8.65964608523e-10	-7.47273354307e-10
8.67109980186e-10	-7.17465642452e-10
8.68255351848e-10	-6.31132701656e-10
8.6940072351e-10	-5.01337193981e-10
8.70546095173e-10	-3.44402006913e-10
8.71691466835e-10	-1.76275619101e-10
8.72836838498e-10	-1.00833759745e-11
8.7398221016e-10	1.45605291713e-10
8.75127581822e-10	2.8595734114e-10
8.76272953485e-10	4.08850397982e-10
8.77418325147e-10	5.12059339375e-10
8.7856369681e-10	5.91927118432e-10
8.79709068472e-10	6.42135900009e-10
8.80854440134e-10	6.54752141394e-10
8.81999811797e-10	6.22046358867e-10
8.83145183459e-10	5.39429945157e-10
8.84290555122e-10	4.07995387475e-10
8.85435926784e-10	2.36034608525e-10
8.86581298446e-10	3.89272052093e-11
8.87726670109e-10	-1.63111094076e-10
8.88872041771e-10	-3.48289119767e-10
8.90017413433e-10	-4.97582641756e-10
8.91162785096e-10	-5.97965232885e-10
8.92308156758e-10	-6.44647002446e-10
8.93453528421e-10	-6.40784314498e-10
8.94598900083e-10	-5.95570759376e-10
8.95744271745e-10	-5.20810117255e-10
8.96889643408e-10	-4.27384905244e-10
8.9803501507e-10	-3.22730703273e-10
8.99180386733e-10	-2.0973010828e-10
9.00325758395e-10	-8.81339515257e-11
9.01471130057e-10	4.3311604303e-11
9.0261650172e-10	1.83336082427e-10
9.03761873382e-10	3.26200122469e-10
9.04907245044e-10	4.6059212e-10
9.06052616707e-10	5.71244995751e-10
9.07197988369e-10	6.41681097147e-10
9.08343360032e-10	6.58515797447e-10
9.09488731694e-10	6.14784223529e-10
9.10634103356e-10	5.12621611826e-10
9.11779475019e-10	3.63278185311e-10
9.12924846681e-10	1.85431989208e-10
9.14070218344e-10	1.35992866274e-12
9.15215590006e-10	-1.67461336464e-10
9.16360961668e-10	-3.04520741956e-10
9.17506333331e-10	-4.01068428468e-10
9.18651704993e-10	-4.5657430614e-10
9.19797076655e-10	-4.77385020403e-10
9.20942448318e-10	-4.7320863894e-10
9.2208781998e-10	-4.53674514622e-10
9.23233191643e-10	-4.24715096425e-10
9.24378563305e-10	-3.87372411925e-10
9.25523934967e-10	-3.37726124844e-10
9.2666930663e-10	-2.69555516796e-10
9.27814678292e-10	-1.77217684971e-10
9.28960049955e-10	-5.94369137241e-11
9.30105421617e-10	7.88810752828e-11
9.31250793279e-10	2.25780227847e-10
9.32396164942e-10	3.64268754049e-10
9.33541536604e-10	4.7531528713e-10
9.34686908267e-10	5.4236953817e-10
9.35832279929e-10	5.55094414878e-10
9.36977651591e-10	5.1199883222e-10
9.38123023254e-10	4.20967954939e-10
9.39268394916e-10	2.97264185489e-10
9.40413766578e-10	1.60206722888e-10
9.41559138241e-10	2.85449424514e-11
9.42704509903e-10	-8.32492755287e-11
9.43849881566e-10	-1.67762276293e-10
9.44995253228e-10	-2.24967863782e-10
9.4614062489e-10	-2.60908711303e-10
9.47285996553e-10	-2.84544832141e-10
9.48431368215e-10	-3.04243880089e-10
9.49576739878e-10	-3.24510474048e-10
9.5072211154e-10	-3.44212103265e-10
9.51867483202e-10	-3.56754958908e-10
9.53012854865e-10	-3.51955548039e-10
9.54158226527e-10	-3.19696269457e-10
9.55303598189e-10	-2.53308124476e-10
9.56448969852e-10	-1.52930293429e-10
9.57594341514e-10	-2.6215436072e-11
9.58739713177e-10	1.12091884386e-10
9.59885084839e-10	2.43521425247e-10
9.61030456501e-10	3.49520523635e-10
9.62175828164e-10	4.15863898873e-10
9.63321199826e-10	4.35547792277e-10
9.64466571489e-10	4.1024986186e-10
9.65611943151e-10	3.49299311697e-10
9.66757314813e-10	2.67120853215e-10
9.67902686476e-10	1.79302364622e-10
9.69048058138e-10	9.87121911988e-11
9.70193429801e-10	3.26699015063e-11
9.71338801463e-10	-1.82885546984e-11
9.72484173125e-10	-5.92279489342e-11
9.73629544788e-10	-9.83670228605e-11
9.7477491645e-10	-1.43253825469e-10
9.75920288112e-10	-1.97711694239e-10
9.77065659775e-10	-2.59526983237e-10
9.78211031437e-10	-3.20606097226e-10
9.793564031e-10	-3.68496566594e-10
9.80501774762e-10	-3.89924259547e-10
9.81647146424e-10	-3.74346748044e-10
9.82792518087e-10	-3.17408793693e-10
9.83937889749e-10	-2.22568991015e-10
9.85083261412e-10	-1.01070589398e-10
9.86228633074e-10	3.04626740499e-11
9.87374004736e-10	1.53498477817e-10
9.88519376399e-10	2.51923176764e-10
9.89664748061e-10	3.15409642848e-10
9.90810119723e-10	3.41392442094e-10
9.91955491386e-10	3.34763688992e-10
9.93100863048e-10	3.05638736542e-10
9.94246234711e-10	2.65904215313e-10
9.95391606373e-10	2.25467394754e-10
9.96536978035e-10	1.89555593444e-10
9.97682349698e-10	1.57596227734e-10
9.9882772136e-10	1.24181331884e-10
9.99973093023e-10	8.15552209099e-11
1.00111846468e-09	2.29926251649e-11
1.00226383635e-09	-5.4063628574e-11
1.00340920801e-09	-1.46079343066e-10
1.00455457967e-09	-2.43263464927e-10
1.00569995133e-09	-3.31497967965e-10
1.006845323e-09	-3.95463828351e-10
1.00799069466e-09	-4.22701262881e-10
1.00913606632e-09	-4.06573941181e-10
1.01028143798e-09	-3.48418349727e-10
1.01142680965e-09	-2.56930032805e-10
1.01257218131e-09	-1.46393216993e-10
1.01371755297e-09	-3.28750603129e-11
1.01486292463e-09	6.9193852037e-11
1.0160082963e-09	1.50326487369e-10
1.01715366796e-09	2.07251743545e-10
1.01829903962e-09	2.42619091484e-10
1.01944441128e-09	2.62882576818e-10
1.02058978295e-09	2.75207745482e-10
1.02173515461e-09	2.84514939386e-10
1.02288052627e-09	2.9138055857e-10
1.02402589793e-09	2.91732416002e-10
1.0251712696e-09	2.78133266418e-10
1.02631664126e-09	2.4269000698e-10
1.02746201292e-09	1.79987913462e-10
1.02860738458e-09	9.00111374325e-11
1.02975275624e-09	-2.09931638046e-11
1.03089812791e-09	-1.40818606775e-10
1.03204349957e-09	-2.53936760508e-10
1.03318887123e-09	-3.44657274942e-10
1.03433424289e-09	-4.00816962953e-10
1.03547961456e-09	-4.1628447911e-10
1.03662498622e-09	-3.92130800053e-10
1.03777035788e-09	-3.35774991145e-10
1.03891572954e-09	-2.58718324542e-10
1.04006110121e-09	-1.73351236143e-10
1.04120647287e-09	-8.98502036661e-11
1.04235184453e-09	-1.42111877821e-11
1.04349721619e-09	5.24093754506e-11
1.04464258786e-09	1.12418525877e-10
1.04578795952e-09	1.69640593239e-10
1.04693333118e-09	2.2654342291e-10
1.04807870284e-09	2.82220080638e-10
1.04922407451e-09	3.31550342736e-10
1.05036944617e-09	3.66029762056e-10
1.05151481783e-09	3.75937725394e-10
1.05266018949e-09	3.53231915939e-10
1.05380556115e-09	2.94417490387e-10
1.05495093282e-09	2.02085057022e-10
1.05609630448e-09	8.53321441285e-11
1.05724167614e-09	-4.20685014602e-11
1.0583870478e-09	-1.64161101379e-10
1.05953241947e-09	-2.6642529849e-10
1.06067779113e-09	-3.38415240275e-10
1.06182316279e-09	-3.75724479307e-10
1.06296853445e-09	-3.79859199651e-10
1.06411390612e-09	-3.57070983892e-10
1.06525927778e-09	-3.15639264725e-10
1.06640464944e-09	-2.6354546323e-10
1.0675500211e-09	-2.06087716337e-10
1.06869539277e-09	-1.45303616361e-10
1.06984076443e-09	-8.03063587851e-11
1.07098613609e-09	-8.97629193197e-12
1.07213150775e-09	6.98951452272e-11
1.07327687942e-09	1.54825374743e-10
1.07442225108e-09	2.40516245809e-10
1.07556762274e-09	3.18350457107e-10
1.0767129944e-09	3.77671616203e-10
1.07785836606e-09	4.08422823339e-10
1.07900373773e-09	4.03334060595e-10
1.08014910939e-09	3.60266733113e-10
1.08129448105e-09	2.82707135479e-10
1.08243985271e-09	1.79637527076e-10
1.08358522438e-09	6.34071128935e-11
1.08473059604e-09	-5.24142916569e-11
1.0858759677e-09	-1.55969070992e-10
1.08702133936e-09	-2.38818465004e-10
1.08816671103e-09	-2.97032454188e-10
1.08931208269e-09	-3.30802302217e-10
1.09045745435e-09	-3.43133771397e-10
1.09160282601e-09	-3.38164274361e-10
1.09274819768e-09	-3.19319404252e-10
1.09389356934e-09	-2.88422175032e-10
1.095038941e-09	-2.45320652681e-10
1.09618431266e-09	-1.88782794952e-10
1.09732968433e-09	-1.17754778151e-10
1.09847505599e-09	-3.29831925661e-11
1.09962042765e-09	6.19299056481e-11
1.10076579931e-09	1.60087151868e-10
1.10191117097e-09	2.52116189037e-10
1.10305654264e-09	3.27645910403e-10
1.1042019143e-09	3.77358616577e-10
1.10534728596e-09	3.95009497334e-10
1.10649265762e-09	3.7851821677e-10
1.10763802929e-09	3.30536709114e-10
1.10878340095e-09	2.57472931864e-10
1.10992877261e-09	1.68320440919e-10
1.11107414427e-09	7.25422569237e-11
1.11221951594e-09	-2.12852773601e-11
1.1133648876e-09	-1.06929923249e-10
1.11451025926e-09	-1.80537779171e-10
1.11565563092e-09	-2.40606895519e-10
1.11680100259e-09	-2.86699247676e-10
1.11794637425e-09	-3.18651022235e-10
1.11909174591e-09	-3.35479338753e-10
1.12023711757e-09	-3.35280331276e-10
1.12138248924e-09	-3.15597631362e-10
1.1225278609e-09	-2.74441358528e-10
1.12367323256e-09	-2.11580600262e-10
1.12481860422e-09	-1.29443691876e-10
1.12596397589e-09	-3.36353479791e-11
1.12710934755e-09	6.77136888227e-11
1.12825471921e-09	1.64815480708e-10
1.12940009087e-09	2.48173120942e-10
1.13054546253e-09	3.09827385969e-10
1.1316908342e-09	3.44971273769e-10
1.13283620586e-09	3.52200379972e-10
1.13398157752e-09	3.33587962809e-10
1.13512694918e-09	2.93541774221e-10
1.13627232085e-09	2.37711850204e-10
1.13741769251e-09	1.71482453237e-10
1.13856306417e-09	9.92265991595e-11
1.13970843583e-09	2.38972487632e-11
1.1408538075e-09	-5.24464083274e-11
1.14199917916e-09	-1.27876445544e-10
1.14314455082e-09	-1.9968175724e-10
1.14428992248e-09	-2.63775057352e-10
1.14543529415e-09	-3.14817200087e-10
1.14658066581e-09	-3.46783268768e-10
1.14772603747e-09	-3.54291207483e-10
1.14887140913e-09	-3.33821081888e-10
1.1500167808e-09	-2.85023171731e-10
1.15116215246e-09	-2.11262549121e-10
1.15230752412e-09	-1.19480647598e-10
1.15345289578e-09	-1.92274876576e-11
1.15459826744e-09	7.90903384451e-11
1.15574363911e-09	1.65909494476e-10
1.15688901077e-09	2.34318731085e-10
1.15803438243e-09	2.80693829291e-10
1.15917975409e-09	3.04942709972e-10
1.16032512576e-09	3.09360426165e-10
1.16147049742e-09	2.97594199283e-10
1.16261586908e-09	2.72871725215e-10
1.16376124074e-09	2.3740981403e-10
1.16490661241e-09	1.91688664941e-10
1.16605198407e-09	1.3527572118e-10
1.16719735573e-09	6.75918973569e-11
1.16834272739e-09	-1.05676786766e-11
1.16948809906e-09	-9.60332369182e-11
1.17063347072e-09	-1.8278595304e-10
1.17177884238e-09	-2.62323607281e-10
1.17292421404e-09	-3.25090288023e-10
1.17406958571e-09	-3.62269964027e-10
1.17521495737e-09	-3.67885805153e-10
1.17636032903e-09	-3.40140721145e-10
1.17750570069e-09	-2.82167650356e-10
1.17865107235e-09	-2.01246672105e-10
1.17979644402e-09	-1.07616804357e-10
1.18094181568e-09	-1.21139860296e-11
1.18208718734e-09	7.56138068825e-11
1.183232559e-09	1.48959691804e-10
1.18437793067e-09	2.04840172602e-10
1.18552330233e-09	2.43588288429e-10
1.18666867399e-09	2.67644850727e-10
1.18781404565e-09	2.8002089536e-10
1.18895941732e-09	2.82682516284e-10
1.19010478898e-09	2.75579115083e-10
1.19125016064e-09	2.56629412165e-10
1.1923955323e-09	2.22523902083e-10
1.19354090397e-09	1.7041358602e-10
1.19468627563e-09	9.94874183036e-11
1.19583164729e-09	1.24361666798e-11
1.19697701895e-09	-8.42646438737e-11
1.19812239062e-09	-1.80849904496e-10
1.19926776228e-09	-2.65993310711e-10
1.20041313394e-09	-3.28884947054e-10
1.2015585056e-09	-3.61485535949e-10
1.20270387726e-09	-3.60163704416e-10
1.20384924893e-09	-3.26304011589e-10
1.20499462059e-09	-2.65955868439e-10
1.20613999225e-09	-1.88165913406e-10
1.20728536391e-09	-1.03169403576e-10
1.20843073558e-09	-1.99871317413e-11
1.20957610724e-09	5.47999458311e-11
1.2107214789e-09	1.1808325151e-10
1.21186685056e-09	1.69506159109e-10
1.21301222223e-09	2.10678779977e-10
1.21415759389e-09	2.43283948542e-10
1.21530296555e-09	2.68006533632e-10
1.21644833721e-09	2.83421314196e-10
1.21759370888e-09	2.86317164422e-10
1.21873908054e-09	2.72361827536e-10
1.2198844522e-09	2.37787456392e-10
1.22102982386e-09	1.80871095878e-10
1.22217519553e-09	1.03275249463e-10
1.22332056719e-09	1.0557645036e-11
1.22446593885e-09	-8.84160383796e-11
1.22561131051e-09	-1.82682299843e-10
1.22675668218e-09	-2.61397403722e-10
1.22790205384e-09	-3.15588971622e-10
1.2290474255e-09	-3.40092648488e-10
1.23019279716e-09	-3.33985894496e-10
1.23133816882e-09	-3.0068270096e-10
1.23248354049e-09	-2.46540454718e-10
1.23362891215e-09	-1.79481804419e-10
1.23477428381e-09	-1.07062352039e-10
1.23591965547e-09	-3.5360429862e-11
1.23706502714e-09	3.18748222261e-11
1.2382103988e-09	9.29521667969e-11
1.23935577046e-09	1.47576520448e-10
1.24050114212e-09	1.95755758825e-10
1.24164651379e-09	2.36732744519e-10
1.24279188545e-09	2.68471217479e-10
1.24393725711e-09	2.87521534359e-10
1.24508262877e-09	2.89860496716e-10
1.24622800044e-09	2.7182148199e-10
1.2473733721e-09	2.31538246909e-10
1.24851874376e-09	1.69802047423e-10
1.24966411542e-09	9.06476629869e-11
1.25080948709e-09	9.67417877577e-13
1.25195485875e-09	-9.03651042883e-11
1.25310023041e-09	-1.73999897823e-10
1.25424560207e-09	-2.41627634567e-10
1.25539097373e-09	-2.87270013333e-10
1.2565363454e-09	-3.08069736388e-10
1.25768171706e-09	-3.04297614884e-10
1.25882708872e-09	-2.78932821285e-10
1.25997246038e-09	-2.36511948914e-10
1.26111783205e-09	-1.82268575233e-10
1.26226320371e-09	-1.20910850776e-10
1.26340857537e-09	-5.6333698123e-11
1.26455394703e-09	8.76402422856e-12
1.2656993187e-09	7.22769205597e-11
1.26684469036e-09	1.32382160789e-10
1.26799006202e-09	1.86745729991e-10
1.26913543368e-09	2.32432004199e-10
1.27028080535e-09	2.65802824195e-10
1.27142617701e-09	2.8315824685e-10
1.27257154867e-09	2.81387246837e-10
1.27371692033e-09	2.58808585674e-10
1.274862292e-09	2.1583160259e-10
1.27600766366e-09	1.55158941251e-10
1.27715303532e-09	8.17301157308e-11
1.27829840698e-09	2.00879677476e-12
1.27944377864e-09	-7.67752389441e-11
1.28058915031e-09	-1.47848719378e-10
1.28173452197e-09	-2.0558169056e-10
1.28287989363e-09	-2.463310389e-10
1.28402526529e-09	-2.68357891464e-10
1.28517063696e-09	-2.7184512974e-10
1.28631600862e-09	-2.58181642732e-10
1.28746138028e-09	-2.29575594646e-10
1.28860675194e-09	-1.8847384764e-10
1.28975212361e-09	-1.3738951643e-10
1.29089749527e-09	-7.88243845196e-11
1.29204286693e-09	-1.54602303182e-11
1.29318823859e-09	4.96772518954e-11
1.29433361026e-09	1.13003238711e-10
1.29547898192e-09	1.70407715716e-10
1.29662435358e-09	2.17534712466e-10
1.29776972524e-09	2.50213294528e-10
1.29891509691e-09	2.65203664584e-10
1.30006046857e-09	2.60706817246e-10
1.30120584023e-09	2.36870273396e-10
1.30235121189e-09	1.95787566715e-10
1.30349658356e-09	1.41225850459e-10
1.30464195522e-09	7.80816661328e-11
1.30578732688e-09	1.16240229248e-11
1.30693269854e-09	-5.30886966332e-11
1.3080780702e-09	-1.118201573e-10
1.30922344187e-09	-1.61318874925e-10
1.31036881353e-09	-1.99481431373e-10
1.31151418519e-09	-2.25012328214e-10
1.31265955685e-09	-2.37325575858e-10
1.31380492852e-09	-2.36054453762e-10
1.31495030018e-09	-2.21133986122e-10
1.31609567184e-09	-1.9267301643e-10
1.3172410435e-09	-1.5144156762e-10
1.31838641517e-09	-9.90298121284e-11
1.31953178683e-09	-3.82977816127e-11
1.32067715849e-09	2.67236892337e-11
1.32182253015e-09	9.1004363767e-11
1.32296790182e-09	1.49111348269e-10
1.32411327348e-09	1.95945940029e-10
1.32525864514e-09	2.27422414234e-10
1.3264040168e-09	2.41145881041e-10
1.32754938847e-09	2.36613062476e-10
1.32869476013e-09	2.15276380056e-10
1.32984013179e-09	1.80047879383e-10
