% time-domain current integration by openEMS v0.37.0-rc1-2-g7b051bb @Wed Aug  5 23:02:47 2026
% start-coordinates: (0.00132646,0.00483787,0.00645761) m -> [71,125,115]
% stop-coordinates: (0.00212039,0.0056318,0.00645761) m -> [82,136,115]
% t/s	current
6.36317590215e-14	-0
1.20900342141e-12	-0
2.35437508379e-12	-0
3.49974674618e-12	-0
4.64511840857e-12	-0
5.79049007095e-12	-0
6.93586173334e-12	-0
8.08123339573e-12	-0
9.22660505811e-12	-0
1.03719767205e-11	-0
1.15173483829e-11	-0
1.26627200453e-11	-0
1.38080917077e-11	-0
1.495346337e-11	-0
1.60988350324e-11	-0
1.72442066948e-11	-0
1.83895783572e-11	-0
1.95349500196e-11	-0
2.0680321682e-11	-0
2.18256933444e-11	-0
2.29710650068e-11	-0
2.41164366691e-11	-0
2.52618083315e-11	-0
2.64071799939e-11	-0
2.75525516563e-11	-0
2.86979233187e-11	-0
2.98432949811e-11	-0
3.09886666435e-11	-0
3.21340383058e-11	-0
3.32794099682e-11	-0
3.44247816306e-11	-0
3.5570153293e-11	-1.85961484385e-35
3.67155249554e-11	-5.18512027516e-33
3.78608966178e-11	-9.42202920772e-31
3.90062682802e-11	-1.15929511332e-28
4.01516399426e-11	-9.82594897596e-27
4.12970116049e-11	-5.8156019085e-25
4.24423832673e-11	-2.42800247911e-23
4.35877549297e-11	-7.19595737055e-22
4.47331265921e-11	-1.51650446744e-20
4.58784982545e-11	-2.26105219249e-19
4.70238699169e-11	-2.34456362335e-18
4.81692415793e-11	-1.61664228548e-17
4.93146132416e-11	-6.44260406522e-17
5.0459984904e-11	-4.47031266296e-17
5.16053565664e-11	1.03095704615e-15
5.27507282288e-11	5.90822929589e-15
5.38960998912e-11	1.22248004701e-14
5.50414715536e-11	-2.27244099731e-14
5.6186843216e-11	-2.58978087456e-13
5.73322148784e-11	-1.04846166471e-12
5.84775865407e-11	-2.8566812544e-12
5.96229582031e-11	-5.74374749152e-12
6.07683298655e-11	-8.03238638797e-12
6.19137015279e-11	-3.93461131731e-12
6.30590731903e-11	1.96154793797e-11
6.42044448527e-11	8.58915855106e-11
6.53498165151e-11	2.28835839167e-10
6.64951881774e-11	4.87132945093e-10
6.76405598398e-11	8.87001139205e-10
6.87859315022e-11	1.40973832607e-09
6.99313031646e-11	1.94405647136e-09
7.1076674827e-11	2.23305995917e-09
7.22220464894e-11	1.83950199517e-09
7.33674181518e-11	1.64359803545e-10
7.45127898142e-11	-3.44303252575e-09
7.56581614765e-11	-9.46077527431e-09
7.68035331389e-11	-1.78772818771e-08
7.79489048013e-11	-2.78652461105e-08
7.90942764637e-11	-3.75846838097e-08
8.02396481261e-11	-4.42751897367e-08
8.13850197885e-11	-4.47522552349e-08
8.25303914509e-11	-3.62790153474e-08
8.36757631132e-11	-1.76199161928e-08
8.48211347756e-11	1.00774739664e-08
8.5966506438e-11	4.29810818048e-08
8.71118781004e-11	7.51168514057e-08
8.82572497628e-11	9.97534783664e-08
8.94026214252e-11	1.11263190661e-07
9.05479930876e-11	1.06842257708e-07
9.169336475e-11	8.74538415019e-08
9.28387364123e-11	5.76106558015e-08
9.39841080747e-11	2.40628423853e-08
9.51294797371e-11	-6.11236750103e-09
9.62748513995e-11	-2.73015743346e-08
9.74202230619e-11	-3.64402232833e-08
9.85655947243e-11	-3.31694565148e-08
9.97109663867e-11	-1.92853413239e-08
1.00856338049e-10	2.05679384635e-09
1.02001709711e-10	2.69676139197e-08
1.03147081374e-10	5.1148973057e-08
1.04292453036e-10	7.01082711885e-08
1.05437824699e-10	7.95869183889e-08
1.06583196361e-10	7.63824843375e-08
1.07728568023e-10	5.94079594407e-08
1.08873939686e-10	3.0530564743e-08
1.10019311348e-10	-5.34549293718e-09
1.11164683011e-10	-4.12279916873e-08
1.12310054673e-10	-6.98584443626e-08
1.13455426335e-10	-8.58163602402e-08
1.14600797998e-10	-8.71365344324e-08
1.1574616966e-10	-7.58187894689e-08
1.16891541322e-10	-5.70422891144e-08
1.18036912985e-10	-3.7375130546e-08
1.19182284647e-10	-2.26459206942e-08
1.2032765631e-10	-1.622765744e-08
1.21473027972e-10	-1.82624582123e-08
1.22618399634e-10	-2.60062869017e-08
1.23763771297e-10	-3.50322686415e-08
1.24909142959e-10	-4.08028952847e-08
1.26054514622e-10	-4.00562711889e-08
1.27199886284e-10	-3.16267794176e-08
1.28345257946e-10	-1.6560871785e-08
1.29490629609e-10	2.3570230212e-09
1.30636001271e-10	2.14217017458e-08
1.31781372933e-10	3.69125743305e-08
1.32926744596e-10	4.58809381598e-08
1.34072116258e-10	4.67172505125e-08
1.35217487921e-10	3.94373529389e-08
1.36362859583e-10	2.56683438948e-08
1.37508231245e-10	8.31877144947e-09
1.38653602908e-10	-9.01281360655e-09
1.3979897457e-10	-2.28168683947e-08
1.40944346233e-10	-3.04623206659e-08
1.42089717895e-10	-3.08077758859e-08
1.43235089557e-10	-2.44757796253e-08
1.4438046122e-10	-1.36802222883e-08
1.45525832882e-10	-1.63808899778e-09
1.46671204545e-10	8.30539725882e-09
1.47816576207e-10	1.36038291743e-08
1.48961947869e-10	1.3225861295e-08
1.50107319532e-10	7.92212961898e-09
1.51252691194e-10	-5.63438462553e-11
1.52398062856e-10	-7.73201325188e-09
1.53543434519e-10	-1.24252457212e-08
1.54688806181e-10	-1.26662449418e-08
1.55834177844e-10	-8.66632632324e-09
1.56979549506e-10	-2.16510365192e-09
1.58124921168e-10	4.281199395e-09
1.59270292831e-10	8.28060198188e-09
1.60415664493e-10	8.46228687124e-09
1.61561036156e-10	4.89614349064e-09
1.62706407818e-10	-1.06880493345e-09
1.6385177948e-10	-7.40466976623e-09
1.64997151143e-10	-1.21666481334e-08
1.66142522805e-10	-1.41060372272e-08
1.67287894467e-10	-1.29205055543e-08
1.6843326613e-10	-9.14230913196e-09
1.69578637792e-10	-3.78838249659e-09
1.70724009455e-10	2.02577377095e-09
1.71869381117e-10	7.35650829142e-09
1.73014752779e-10	1.15264731093e-08
1.74160124442e-10	1.41036107237e-08
1.75305496104e-10	1.48329029059e-08
1.76450867767e-10	1.36121203198e-08
1.77596239429e-10	1.05251194427e-08
1.78741611091e-10	5.88757131936e-09
1.79886982754e-10	2.75455130927e-10
1.81032354416e-10	-5.53224932531e-09
1.82177726078e-10	-1.0671196371e-08
1.83323097741e-10	-1.43580196621e-08
1.84468469403e-10	-1.60398094806e-08
1.85613841066e-10	-1.55035557725e-08
1.86759212728e-10	-1.29090995671e-08
1.8790458439e-10	-8.75065175876e-09
1.89049956053e-10	-3.75549635834e-09
1.90195327715e-10	1.26551125135e-09
1.91340699378e-10	5.58175106136e-09
1.9248607104e-10	8.69318572683e-09
1.93631442702e-10	1.04189954442e-08
1.94776814365e-10	1.09062945342e-08
1.95922186027e-10	1.05332720324e-08
1.9706755769e-10	9.75350022969e-09
1.98212929352e-10	8.9227025768e-09
1.99358301014e-10	8.17864176383e-09
2.00503672677e-10	7.42620276384e-09
2.01649044339e-10	6.42243858096e-09
2.02794416001e-10	4.92485074943e-09
2.03939787664e-10	2.8373714489e-09
2.05085159326e-10	2.91117296936e-10
2.06230530989e-10	-2.37769448574e-09
2.07375902651e-10	-4.72841232835e-09
2.08521274313e-10	-6.37303543272e-09
2.09666645976e-10	-7.11197412073e-09
2.10812017638e-10	-7.00515201402e-09
2.11957389301e-10	-6.35070707133e-09
2.13102760963e-10	-5.56887824743e-09
2.14248132625e-10	-5.02983654727e-09
2.15393504288e-10	-4.89165685735e-09
2.1653887595e-10	-5.01047781043e-09
2.17684247612e-10	-4.97694552237e-09
2.18829619275e-10	-4.28628643689e-09
2.19974990937e-10	-2.56882048966e-09
2.211203626e-10	1.89080542889e-10
2.22265734262e-10	3.55826612619e-09
2.23411105924e-10	6.75640077219e-09
2.24556477587e-10	8.89712392649e-09
2.25701849249e-10	9.30271504274e-09
2.26847220912e-10	7.75599318104e-09
2.27992592574e-10	4.58070648079e-09
2.29137964236e-10	5.26097387876e-10
2.30283335899e-10	-3.48826256769e-09
2.31428707561e-10	-6.66411059669e-09
2.32574079224e-10	-8.52600301471e-09
2.33719450886e-10	-8.98597996013e-09
2.34864822548e-10	-8.26551982414e-09
2.36010194211e-10	-6.74195810291e-09
2.37155565873e-10	-4.79461004232e-09
2.38300937535e-10	-2.70388600399e-09
2.39446309198e-10	-6.2852184568e-10
2.4059168086e-10	1.36607414269e-09
2.41737052523e-10	3.24900395476e-09
2.42882424185e-10	4.97313656922e-09
2.44027795847e-10	6.44247455384e-09
2.4517316751e-10	7.51183737435e-09
2.46318539172e-10	8.01016497576e-09
2.47463910835e-10	7.78663888923e-09
2.48609282497e-10	6.76438594027e-09
2.49754654159e-10	4.98192731513e-09
2.50900025822e-10	2.61043164862e-09
2.52045397484e-10	-7.0924842388e-11
2.53190769146e-10	-2.72965228199e-09
2.54336140809e-10	-5.05269603934e-09
2.55481512471e-10	-6.80817313636e-09
2.56626884134e-10	-7.87902365573e-09
2.57772255796e-10	-8.25964541207e-09
2.58917627458e-10	-8.02678190581e-09
2.60062999121e-10	-7.29637150698e-09
2.61208370783e-10	-6.19364870502e-09
2.62353742446e-10	-4.83986228872e-09
2.63499114108e-10	-3.35527183815e-09
2.6464448577e-10	-1.87198234691e-09
2.65789857433e-10	-5.32839994349e-10
2.66935229095e-10	5.24786436529e-10
2.68080600757e-10	1.20228216272e-09
2.6922597242e-10	1.47742884593e-09
2.70371344082e-10	1.42162781547e-09
2.71516715745e-10	1.18327414533e-09
2.72662087407e-10	9.3778751431e-10
2.73807459069e-10	8.17099610195e-10
2.74952830732e-10	8.55355120066e-10
2.76098202394e-10	9.75783787105e-10
2.77243574057e-10	1.02665165258e-09
2.78388945719e-10	8.60154725224e-10
2.79534317381e-10	4.11185946403e-10
2.80679689044e-10	-2.53582987941e-10
2.81825060706e-10	-9.48372491649e-10
2.82970432369e-10	-1.43489053972e-09
2.84115804031e-10	-1.52207457749e-09
2.85261175693e-10	-1.15079856755e-09
2.86406547356e-10	-4.28517193951e-10
2.87551919018e-10	4.02504418684e-10
2.8869729068e-10	1.05395714378e-09
2.89842662343e-10	1.29817201433e-09
2.90988034005e-10	1.05177810905e-09
2.92133405668e-10	4.03490574286e-10
2.9327877733e-10	-4.27557877991e-10
2.94424148992e-10	-1.17756315809e-09
2.95569520655e-10	-1.63513769191e-09
2.96714892317e-10	-1.70797254118e-09
2.9786026398e-10	-1.43703804412e-09
2.99005635642e-10	-9.56163148658e-10
3.00151007304e-10	-4.21655876881e-10
3.01296378967e-10	5.21097817674e-11
3.02441750629e-10	4.25220969547e-10
3.03587122291e-10	7.16662285072e-10
3.04732493954e-10	9.60557189345e-10
3.05877865616e-10	1.15297127401e-09
3.07023237279e-10	1.22756915744e-09
3.08168608941e-10	1.06759767693e-09
3.09313980603e-10	5.57379309374e-10
3.10459352266e-10	-3.53929413555e-10
3.11604723928e-10	-1.6037641215e-09
3.12750095591e-10	-3.0028346476e-09
3.13895467253e-10	-4.26876400894e-09
3.15040838915e-10	-5.09436404172e-09
3.16186210578e-10	-5.22924548108e-09
3.1733158224e-10	-4.55327464621e-09
3.18476953903e-10	-3.11756287452e-09
3.19622325565e-10	-1.14429166143e-09
3.20767697227e-10	1.01713182321e-09
3.2191306889e-10	2.96648750009e-09
3.23058440552e-10	4.34668256943e-09
3.24203812214e-10	4.9289266002e-09
3.25349183877e-10	4.66830574197e-09
3.26494555539e-10	3.71318109593e-09
3.27639927202e-10	2.36082287053e-09
3.28785298864e-10	9.74225033978e-10
3.29930670526e-10	-1.20729759523e-10
3.31076042189e-10	-7.23415882753e-10
3.32221413851e-10	-8.0746281883e-10
3.33366785514e-10	-5.14940812213e-10
3.34512157176e-10	-9.84997361453e-11
3.35657528838e-10	1.68499422748e-10
3.36802900501e-10	8.36488378564e-11
3.37948272163e-10	-4.17420209509e-10
3.39093643825e-10	-1.24140986379e-09
3.40239015488e-10	-2.16568518674e-09
3.4138438715e-10	-2.90617996335e-09
3.42529758813e-10	-3.20166204659e-09
3.43675130475e-10	-2.89070412052e-09
3.44820502137e-10	-1.96111593631e-09
3.459658738e-10	-5.58227519765e-10
3.47111245462e-10	1.04517738908e-09
3.48256617125e-10	2.51338372337e-09
3.49401988787e-10	3.52519391456e-09
3.50547360449e-10	3.85302678652e-09
3.51692732112e-10	3.41678196847e-09
3.52838103774e-10	2.30503882648e-09
3.53983475436e-10	7.53703877088e-10
3.55128847099e-10	-9.1119090051e-10
3.56274218761e-10	-2.35254948855e-09
3.57419590424e-10	-3.30180838226e-09
3.58564962086e-10	-3.61613827771e-09
3.59710333748e-10	-3.30322058595e-09
3.60855705411e-10	-2.5036259732e-09
3.62001077073e-10	-1.4463772402e-09
3.63146448736e-10	-3.85500964484e-10
3.64291820398e-10	4.60860183349e-10
3.6543719206e-10	9.56435375343e-10
3.66582563723e-10	1.06855557735e-09
3.67727935385e-10	8.6612500505e-10
3.68873307048e-10	4.94190521838e-10
3.7001867871e-10	1.32091851346e-10
3.71164050372e-10	-5.30816918198e-11
3.72309422035e-10	4.66606059346e-11
3.73454793697e-10	4.49789344659e-10
3.74600165359e-10	1.07384368064e-09
3.75745537022e-10	1.75304337713e-09
3.76890908684e-10	2.27919838558e-09
3.78036280347e-10	2.45891418338e-09
3.79181652009e-10	2.17243290024e-09
3.80327023671e-10	1.41520306585e-09
3.81472395334e-10	3.09002934351e-10
3.82617766996e-10	-9.24300913585e-10
3.83763138659e-10	-2.02141814398e-09
3.84908510321e-10	-2.75045031195e-09
3.86053881983e-10	-2.97426638873e-09
3.87199253646e-10	-2.68537214687e-09
3.88344625308e-10	-1.99890037855e-09
3.8948999697e-10	-1.11187192786e-09
3.90635368633e-10	-2.42535019845e-10
3.91780740295e-10	4.26729707126e-10
3.92926111958e-10	7.86506082484e-10
3.9407148362e-10	8.13812295331e-10
3.95216855282e-10	5.61037216684e-10
3.96362226945e-10	1.3494719231e-10
3.97507598607e-10	-3.30618837863e-10
3.9865297027e-10	-6.99698798901e-10
3.99798341932e-10	-8.60257032276e-10
4.00943713594e-10	-7.46804063034e-10
4.02089085257e-10	-3.59045404519e-10
4.03234456919e-10	2.30079608143e-10
4.04379828582e-10	8.85504836123e-10
4.05525200244e-10	1.43828826626e-09
4.06670571906e-10	1.73077507881e-09
4.07815943569e-10	1.66292424275e-09
4.08961315231e-10	1.22653864842e-09
4.10106686893e-10	5.1312765148e-10
4.11252058556e-10	-3.08739478427e-10
4.12397430218e-10	-1.04244235466e-09
4.13542801881e-10	-1.52047385793e-09
4.14688173543e-10	-1.65457547663e-09
4.15833545205e-10	-1.45791390072e-09
4.16978916868e-10	-1.03458008827e-09
4.1812428853e-10	-5.40633038337e-10
4.19269660193e-10	-1.30686808597e-10
4.20415031855e-10	9.0837781741e-11
4.21560403517e-10	9.76669509156e-11
4.2270577518e-10	-5.6702826462e-11
4.23851146842e-10	-2.62395494222e-10
4.24996518504e-10	-3.92659932347e-10
4.26141890167e-10	-3.44299033728e-10
4.27287261829e-10	-7.01896527011e-11
4.28432633492e-10	4.05198041786e-10
4.29578005154e-10	9.89965553977e-10
4.30723376816e-10	1.54682300302e-09
4.31868748479e-10	1.9278965091e-09
4.33014120141e-10	2.01332261973e-09
4.34159491804e-10	1.74399661379e-09
4.35304863466e-10	1.14027831621e-09
4.36450235128e-10	2.99937186199e-10
4.37595606791e-10	-6.24283180706e-10
4.38740978453e-10	-1.46154710556e-09
4.39886350115e-10	-2.06510386569e-09
4.41031721778e-10	-2.34782615571e-09
4.4217709344e-10	-2.29867080925e-09
4.43322465103e-10	-1.98066718582e-09
4.44467836765e-10	-1.5046246471e-09
4.45613208427e-10	-9.94374693697e-10
4.4675858009e-10	-5.4989457432e-10
4.47903951752e-10	-2.22494953017e-10
4.49049323415e-10	-7.66306115785e-12
4.50194695077e-10	1.4358071676e-10
4.51340066739e-10	2.99143931848e-10
4.52485438402e-10	5.18298792773e-10
4.53630810064e-10	8.26630375261e-10
4.54776181727e-10	1.20555632144e-09
4.55921553389e-10	1.592028398e-09
4.57066925051e-10	1.89560567243e-09
4.58212296714e-10	2.01952077283e-09
4.59357668376e-10	1.88919946353e-09
4.60503040038e-10	1.475348399e-09
4.61648411701e-10	8.0961626292e-10
4.62793783363e-10	-1.33818156209e-11
4.63939155026e-10	-8.52608983415e-10
4.65084526688e-10	-1.55011770087e-09
4.6622989835e-10	-1.97191063478e-09
4.67375270013e-10	-2.04416639171e-09
4.68520641675e-10	-1.77755199449e-09
4.69666013338e-10	-1.26612109685e-09
4.70811385e-10	-6.63172350368e-10
4.71956756662e-10	-1.34967495513e-10
4.73102128325e-10	1.87483306657e-10
4.74247499987e-10	2.49374965122e-10
4.75392871649e-10	8.77707073688e-11
4.76538243312e-10	-1.8255785772e-10
4.77683614974e-10	-4.06876476955e-10
4.78828986637e-10	-4.44185549453e-10
4.79974358299e-10	-2.14449388802e-10
4.81119729961e-10	2.70467703789e-10
4.82265101624e-10	9.06417885194e-10
4.83410473286e-10	1.52383450303e-09
4.84555844949e-10	1.93617655242e-09
4.85701216611e-10	1.99461491768e-09
4.86846588273e-10	1.63468694137e-09
4.87991959936e-10	8.98893792733e-10
4.89137331598e-10	-6.80498921102e-11
4.90282703261e-10	-1.05469533107e-09
4.91428074923e-10	-1.83747772553e-09
4.92573446585e-10	-2.24036655894e-09
4.93718818248e-10	-2.18354734294e-09
4.9486418991e-10	-1.70438185787e-09
4.96009561572e-10	-9.47080192049e-10
4.97154933235e-10	-1.20636570178e-10
4.98300304897e-10	5.6095311729e-10
4.9944567656e-10	9.38426558683e-10
5.00591048222e-10	9.51458689613e-10
5.01736419884e-10	6.51408926799e-10
5.02881791547e-10	1.82452691844e-10
5.04027163209e-10	-2.6489435645e-10
5.05172534872e-10	-5.13543652048e-10
5.06317906534e-10	-4.54894344415e-10
5.07463278196e-10	-8.33172489334e-11
5.08608649859e-10	5.00169794471e-10
5.09754021521e-10	1.11670062086e-09
5.10899393183e-10	1.56183688205e-09
5.12044764846e-10	1.66671532131e-09
5.13190136508e-10	1.34982447442e-09
5.14335508171e-10	6.43808506506e-10
5.15480879833e-10	-3.08971598306e-10
5.16626251495e-10	-1.29190935727e-09
5.17771623158e-10	-2.07001860097e-09
5.1891699482e-10	-2.45154296863e-09
5.20062366483e-10	-2.33897101687e-09
5.21207738145e-10	-1.75509129452e-09
5.22353109807e-10	-8.38569103045e-10
5.2349848147e-10	1.92284022038e-10
5.24643853132e-10	1.09668096826e-09
5.25789224794e-10	1.6744082787e-09
5.26934596457e-10	1.81783155195e-09
5.28079968119e-10	1.53692591986e-09
5.29225339782e-10	9.51186907017e-10
5.30370711444e-10	2.51796278272e-10
5.31516083106e-10	-3.56216139918e-10
5.32661454769e-10	-7.12551240234e-10
5.33806826431e-10	-7.44940609199e-10
5.34952198094e-10	-4.85938622674e-10
5.36097569756e-10	-5.6586700603e-11
5.37242941418e-10	3.73267278198e-10
5.38388313081e-10	6.40255570783e-10
5.39533684743e-10	6.37393804404e-10
5.40679056406e-10	3.46804335249e-10
5.41824428068e-10	-1.55959578585e-10
5.4296979973e-10	-7.25041304772e-10
5.44115171393e-10	-1.1894532026e-09
5.45260543055e-10	-1.40303191287e-09
5.46405914717e-10	-1.28804367172e-09
5.4755128638e-10	-8.57081905448e-10
5.48696658042e-10	-2.08637135346e-10
5.49842029705e-10	4.9980908301e-10
5.50987401367e-10	1.09704723084e-09
5.52132773029e-10	1.44309908467e-09
5.53278144692e-10	1.46683032387e-09
5.54423516354e-10	1.18183640652e-09
5.55568888017e-10	6.78507861007e-10
5.56714259679e-10	9.59343299245e-11
5.57859631341e-10	-4.19650481032e-10
5.59005003004e-10	-7.55180418199e-10
5.60150374666e-10	-8.59335547165e-10
5.61295746328e-10	-7.51000872601e-10
5.62441117991e-10	-5.06863107042e-10
5.63586489653e-10	-2.31742652845e-10
5.64731861316e-10	-2.44502092184e-11
5.65877232978e-10	5.35974771509e-11
5.6702260464e-10	-5.98760450943e-12
5.68167976303e-10	-1.59648141929e-10
5.69313347965e-10	-3.30143579141e-10
5.70458719628e-10	-4.34738162136e-10
5.7160409129e-10	-4.13484302353e-10
5.72749462952e-10	-2.49185644341e-10
5.73894834615e-10	2.72409803048e-11
5.75040206277e-10	3.47756573538e-10
5.7618557794e-10	6.29442276079e-10
5.77330949602e-10	8.00370159038e-10
5.78476321264e-10	8.20995549322e-10
5.79621692927e-10	6.93242629968e-10
5.80767064589e-10	4.56692794693e-10
5.81912436251e-10	1.72758043981e-10
5.83057807914e-10	-9.4929133998e-11
5.84203179576e-10	-2.98927160802e-10
5.85348551239e-10	-4.17788054152e-10
5.86493922901e-10	-4.56922333303e-10
5.87639294563e-10	-4.40624509102e-10
5.88784666226e-10	-4.00300903536e-10
5.89930037888e-10	-3.62225360817e-10
5.91075409551e-10	-3.39662992177e-10
5.92220781213e-10	-3.30041383112e-10
5.93366152875e-10	-3.17681436712e-10
5.94511524538e-10	-2.81252743317e-10
5.956568962e-10	-2.01975700054e-10
5.96802267862e-10	-7.22652701568e-11
5.97947639525e-10	1.00155307659e-10
5.99093011187e-10	2.92082885656e-10
6.0023838285e-10	4.69999761332e-10
6.01383754512e-10	5.98956662046e-10
6.02529126174e-10	6.52215392805e-10
6.03674497837e-10	6.18738005276e-10
6.04819869499e-10	5.06342079376e-10
6.05965241162e-10	3.38863825888e-10
6.07110612824e-10	1.48777434816e-10
6.08255984486e-10	-3.24434264176e-11
6.09401356149e-10	-1.83145776322e-10
6.10546727811e-10	-2.95834245989e-10
6.11692099473e-10	-3.76635250765e-10
6.12837471136e-10	-4.38809238945e-10
6.13982842798e-10	-4.94747853796e-10
6.15128214461e-10	-5.48211920304e-10
6.16273586123e-10	-5.90618998153e-10
6.17418957785e-10	-6.03783745223e-10
6.18564329448e-10	-5.66089286558e-10
6.1970970111e-10	-4.62011151559e-10
6.20855072773e-10	-2.89343576876e-10
6.22000444435e-10	-6.22240869941e-11
6.23145816097e-10	1.91117940918e-10
6.2429118776e-10	4.35374319929e-10
6.25436559422e-10	6.36762531592e-10
6.26581931085e-10	7.70321972876e-10
6.27727302747e-10	8.24530055343e-10
6.28872674409e-10	8.01292365793e-10
6.30018046072e-10	7.13114622908e-10
6.31163417734e-10	5.78495307213e-10
6.32308789396e-10	4.16146755944e-10
6.33454161059e-10	2.41114905819e-10
6.34599532721e-10	6.18425033405e-11
6.35744904384e-10	-1.19398047005e-10
6.36890276046e-10	-3.03635838694e-10
6.38035647708e-10	-4.901257733e-10
6.39181019371e-10	-6.70973387962e-10
6.40326391033e-10	-8.28281054854e-10
6.41471762696e-10	-9.35574062666e-10
6.42617134358e-10	-9.64173296758e-10
6.4376250602e-10	-8.92777851647e-10
6.44907877683e-10	-7.16864456685e-10
6.46053249345e-10	-4.53165172054e-10
6.47198621007e-10	-1.38532782468e-10
6.4834399267e-10	1.79318310201e-10
6.49489364332e-10	4.53262344324e-10
6.50634735995e-10	6.49187703594e-10
6.51780107657e-10	7.53308360135e-10
6.52925479319e-10	7.72758745882e-10
6.54070850982e-10	7.30170646168e-10
6.55216222644e-10	6.53521736727e-10
6.56361594307e-10	5.65964719534e-10
6.57506965969e-10	4.7843939921e-10
6.58652337631e-10	3.88193172052e-10
6.59797709294e-10	2.82408763042e-10
6.60943080956e-10	1.46650497301e-10
6.62088452618e-10	-2.69670605291e-11
6.63233824281e-10	-2.33726010768e-10
6.64379195943e-10	-4.54742410394e-10
6.65524567606e-10	-6.60762056182e-10
6.66669939268e-10	-8.18281442605e-10
6.6781531093e-10	-8.97688590129e-10
6.68960682593e-10	-8.79539219234e-10
6.70106054255e-10	-7.59708629339e-10
6.71251425918e-10	-5.51164947016e-10
6.7239679758e-10	-2.82823098274e-10
6.73542169242e-10	4.93342259406e-12
6.74687540905e-10	2.68417205129e-10
6.75832912567e-10	4.6961051714e-10
6.7697828423e-10	5.85430703914e-10
6.78123655892e-10	6.1256616446e-10
6.79269027554e-10	5.67384250694e-10
6.80414399217e-10	4.79927209085e-10
6.81559770879e-10	3.84010850896e-10
6.82705142541e-10	3.06753095147e-10
6.83850514204e-10	2.60853588729e-10
6.84995885866e-10	2.41561742831e-10
6.86141257529e-10	2.29779043015e-10
6.87286629191e-10	1.996111193e-10
6.88432000853e-10	1.27730673261e-10
6.89577372516e-10	2.47206942416e-12
6.90722744178e-10	-1.71582095754e-10
6.91868115841e-10	-3.72731928655e-10
6.93013487503e-10	-5.67556002196e-10
6.94158859165e-10	-7.18400561261e-10
6.95304230828e-10	-7.92624632595e-10
6.9644960249e-10	-7.70212005285e-10
6.97594974152e-10	-6.48580633644e-10
6.98740345815e-10	-4.4351972095e-10
6.99885717477e-10	-1.866199556e-10
7.0103108914e-10	8.07964181671e-11
7.02176460802e-10	3.15833720288e-10
7.03321832464e-10	4.82981599159e-10
7.04467204127e-10	5.62438540186e-10
7.05612575789e-10	5.54014056853e-10
7.06757947452e-10	4.77617889683e-10
7.07903319114e-10	3.66326718959e-10
7.09048690776e-10	2.57346866039e-10
7.10194062439e-10	1.80530673743e-10
7.11339434101e-10	1.50006285171e-10
7.12484805764e-10	1.60735494359e-10
7.13630177426e-10	1.90811824674e-10
7.14775549088e-10	2.09503539517e-10
7.15920920751e-10	1.86980125827e-10
7.17066292413e-10	1.04443995119e-10
7.18211664075e-10	-3.97559450638e-11
7.19357035738e-10	-2.28200083829e-10
7.205024074e-10	-4.28202556746e-10
7.21647779063e-10	-5.99078953112e-10
7.22793150725e-10	-7.02071789593e-10
7.23938522387e-10	-7.09647618446e-10
7.2508389405e-10	-6.12553618939e-10
7.26229265712e-10	-4.23563156771e-10
7.27374637375e-10	-1.7507754968e-10
7.28520009037e-10	8.63890139979e-11
7.29665380699e-10	3.11262682295e-10
7.30810752362e-10	4.57987758828e-10
7.31956124024e-10	5.03872332747e-10
7.33101495686e-10	4.50960657705e-10
7.34246867349e-10	3.25352106367e-10
7.35392239011e-10	1.69974173625e-10
7.36537610674e-10	3.23873670938e-11
7.37682982336e-10	-4.89373194745e-11
7.38828353998e-10	-5.52805683174e-11
7.39973725661e-10	7.50765422053e-12
7.41119097323e-10	1.11228595778e-10
7.42264468986e-10	2.14812861943e-10
7.43409840648e-10	2.76352496442e-10
7.4455521231e-10	2.65957228462e-10
7.45700583973e-10	1.74393235963e-10
7.46845955635e-10	1.57303111509e-11
7.47991327297e-10	-1.76086853432e-10
7.4913669896e-10	-3.56700002868e-10
7.50282070622e-10	-4.82464623808e-10
7.51427442285e-10	-5.21934773179e-10
7.52572813947e-10	-4.64100230468e-10
7.53718185609e-10	-3.21285775762e-10
7.54863557272e-10	-1.26724603033e-10
7.56008928934e-10	7.33469535108e-11
7.57154300597e-10	2.31422020436e-10
7.58299672259e-10	3.10906134171e-10
7.59445043921e-10	2.96495911156e-10
7.60590415584e-10	1.98741231805e-10
7.61735787246e-10	5.13965363325e-11
7.62881158909e-10	-9.76591030266e-11
7.64026530571e-10	-2.00800570616e-10
7.65171902233e-10	-2.24122151393e-10
7.66317273896e-10	-1.57847762638e-10
7.67462645558e-10	-1.89683633384e-11
7.6860801722e-10	1.54027526844e-10
7.69753388883e-10	3.12184916806e-10
7.70898760545e-10	4.1031761322e-10
7.72044132208e-10	4.19297652154e-10
7.7318950387e-10	3.34076738495e-10
7.74334875532e-10	1.74547973297e-10
7.75480247195e-10	-2.00919350601e-11
7.76625618857e-10	-2.02058675347e-10
7.7777099052e-10	-3.27881610751e-10
7.78916362182e-10	-3.70090236235e-10
7.80061733844e-10	-3.24298726762e-10
7.81207105507e-10	-2.10322412264e-10
7.82352477169e-10	-6.65014224244e-11
7.83497848831e-10	6.14434822466e-11
7.84643220494e-10	1.3298834256e-10
7.85788592156e-10	1.25296967246e-10
7.86933963819e-10	3.97687924258e-11
7.88079335481e-10	-9.71944191797e-11
7.89224707143e-10	-2.41576036952e-10
7.90370078806e-10	-3.44278411335e-10
7.91515450468e-10	-3.6558564509e-10
7.92660822131e-10	-2.87762508266e-10
7.93806193793e-10	-1.21247817342e-10
7.94951565455e-10	9.74793648578e-11
7.96096937118e-10	3.15738407641e-10
7.9724230878e-10	4.79543571519e-10
7.98387680443e-10	5.49266077066e-10
7.99533052105e-10	5.10477216054e-10
8.00678423767e-10	3.77946313135e-10
8.0182379543e-10	1.90454957361e-10
8.02969167092e-10	-8.49946849013e-13
8.04114538754e-10	-1.47424669694e-10
8.05259910417e-10	-2.17140430636e-10
8.06405282079e-10	-2.02727487575e-10
8.07550653742e-10	-1.22979779138e-10
8.08696025404e-10	-1.64345585751e-11
8.09841397066e-10	7.09376446473e-11
8.10986768729e-10	9.95179702534e-11
8.12132140391e-10	4.85074064249e-11
8.13277512054e-10	-7.73840297397e-11
8.14422883716e-10	-2.48569470562e-10
8.15568255378e-10	-4.18526241441e-10
8.16713627041e-10	-5.36942601492e-10
8.17858998703e-10	-5.64221280808e-10
8.19004370365e-10	-4.82986151074e-10
8.20149742028e-10	-3.03729569273e-10
8.2129511369e-10	-6.21373993925e-11
8.22440485353e-10	1.9036631993e-10
8.23585857015e-10	4.00526195543e-10
8.24731228677e-10	5.27771659709e-10
8.2587660034e-10	5.54278734022e-10
8.27021972002e-10	4.89097817802e-10
8.28167343665e-10	3.63787139301e-10
8.29312715327e-10	2.22168880515e-10
8.30458086989e-10	1.06562314528e-10
8.31603458652e-10	4.51957880843e-11
8.32748830314e-10	4.42899987518e-11
8.33894201976e-10	8.72654171147e-11
8.35039573639e-10	1.40933806292e-10
8.36184945301e-10	1.66912955679e-10
8.37330316964e-10	1.34180097588e-10
8.38475688626e-10	2.93020017972e-11
8.39621060288e-10	-1.38624334234e-10
8.40766431951e-10	-3.39969663532e-10
8.41911803613e-10	-5.31879706944e-10
8.43057175276e-10	-6.69908739592e-10
8.44202546938e-10	-7.19438730812e-10
8.453479186e-10	-6.64894306279e-10
8.46493290263e-10	-5.13606046582e-10
8.47638661925e-10	-2.93688351416e-10
8.48784033588e-10	-4.65885975631e-11
8.4992940525e-10	1.83698334322e-10
8.51074776912e-10	3.61663643478e-10
8.52220148575e-10	4.68060423753e-10
8.53365520237e-10	5.02881347675e-10
8.54510891899e-10	4.82550166492e-10
8.55656263562e-10	4.32556518382e-10
8.56801635224e-10	3.78460651707e-10
8.57947006887e-10	3.37551431251e-10
8.59092378549e-10	3.1422259239e-10
8.60237750211e-10	2.99717028973e-10
8.61383121874e-10	2.76361322715e-10
8.62528493536e-10	2.24473772903e-10
8.63673865199e-10	1.30127617015e-10
8.64819236861e-10	-9.25427963427e-12
8.65964608523e-10	-1.82318007913e-10
8.67109980186e-10	-3.66052493872e-10
8.68255351848e-10	-5.30996524528e-10
8.6940072351e-10	-6.48821441018e-10
8.70546095173e-10	-6.99170499274e-10
8.71691466835e-10	-6.74195088646e-10
8.72836838498e-10	-5.7951643484e-10
8.7398221016e-10	-4.31840174731e-10
8.75127581822e-10	-2.54011423007e-10
8.76272953485e-10	-6.96603677519e-11
8.77418325147e-10	1.01691079168e-10
8.7856369681e-10	2.47506071194e-10
8.79709068472e-10	3.62622598615e-10
8.80854440134e-10	4.47927583913e-10
8.81999811797e-10	5.07057285049e-10
8.83145183459e-10	5.43345923809e-10
8.84290555122e-10	5.57079105068e-10
8.85435926784e-10	5.45006373365e-10
8.86581298446e-10	5.01483965465e-10
8.87726670109e-10	4.21542384332e-10
8.88872041771e-10	3.04057334866e-10
8.90017413433e-10	1.54210574865e-10
8.91162785096e-10	-1.62216785143e-11
8.92308156758e-10	-1.90529120259e-10
8.93453528421e-10	-3.50514367531e-10
8.94598900083e-10	-4.80255113455e-10
8.95744271745e-10	-5.68936175949e-10
8.96889643408e-10	-6.12407402567e-10
8.9803501507e-10	-6.12393691313e-10
8.99180386733e-10	-5.74741920722e-10
9.00325758395e-10	-5.06416464319e-10
9.01471130057e-10	-4.13301698421e-10
9.0261650172e-10	-2.98924773823e-10
9.03761873382e-10	-1.64762037347e-10
9.04907245044e-10	-1.2562896036e-11
9.06052616707e-10	1.53318191476e-10
9.07197988369e-10	3.23514603995e-10
9.08343360032e-10	4.83219797509e-10
9.09488731694e-10	6.14008843769e-10
9.10634103356e-10	6.97389868076e-10
9.11779475019e-10	7.19268367089e-10
9.12924846681e-10	6.7381100699e-10
9.14070218344e-10	5.65384628004e-10
9.15215590006e-10	4.08080708114e-10
9.16360961668e-10	2.22892621027e-10
9.17506333331e-10	3.31117737395e-11
9.18651704993e-10	-1.4033942064e-10
9.19797076655e-10	-2.83241569088e-10
9.20942448318e-10	-3.89841131598e-10
9.2208781998e-10	-4.6254983177e-10
9.23233191643e-10	-5.08938113875e-10
9.24378563305e-10	-5.37351774188e-10
9.25523934967e-10	-5.52725809566e-10
9.2666930663e-10	-5.53725398866e-10
9.27814678292e-10	-5.32656030394e-10
9.28960049955e-10	-4.78060813158e-10
9.30105421617e-10	-3.79305087339e-10
9.31250793279e-10	-2.31617058866e-10
9.32396164942e-10	-4.0300957016e-11
9.33541536604e-10	1.7817500253e-10
9.34686908267e-10	3.97656130247e-10
9.35832279929e-10	5.87394133333e-10
9.36977651591e-10	7.18708370595e-10
9.38123023254e-10	7.71711416991e-10
9.39268394916e-10	7.40244254782e-10
9.40413766578e-10	6.33279706452e-10
9.41559138241e-10	4.72508587812e-10
9.42704509903e-10	2.86679957551e-10
9.43849881566e-10	1.04419375924e-10
9.44995253228e-10	-5.25489721181e-11
9.4614062489e-10	-1.73597303199e-10
9.47285996553e-10	-2.6009683296e-10
9.48431368215e-10	-3.22392224028e-10
9.49576739878e-10	-3.74466624375e-10
9.5072211154e-10	-4.2751177598e-10
9.51867483202e-10	-4.84739803852e-10
9.53012854865e-10	-5.3913451481e-10
9.54158226527e-10	-5.74751302107e-10
9.55303598189e-10	-5.71389546788e-10
9.56448969852e-10	-5.1127169165e-10
9.57594341514e-10	-3.85556808702e-10
9.58739713177e-10	-1.98828314923e-10
9.59885084839e-10	2.99438043805e-11
9.61030456501e-10	2.70237943134e-10
9.62175828164e-10	4.86478357598e-10
9.63321199826e-10	6.45757447515e-10
9.64466571489e-10	7.2565359277e-10
9.65611943151e-10	7.19233894664e-10
9.66757314813e-10	6.3610428036e-10
9.67902686476e-10	4.99249086516e-10
9.69048058138e-10	3.38178235415e-10
9.70193429801e-10	1.81140186184e-10
9.71338801463e-10	4.79368836293e-11
9.72484173125e-10	-5.37734197448e-11
9.73629544788e-10	-1.28525287635e-10
9.7477491645e-10	-1.89006740814e-10
9.75920288112e-10	-2.50233084254e-10
9.77065659775e-10	-3.22605470116e-10
9.78211031437e-10	-4.07547245951e-10
9.793564031e-10	-4.95271934575e-10
9.80501774762e-10	-5.67004054819e-10
9.81647146424e-10	-6.00008320806e-10
9.82792518087e-10	-5.74264857889e-10
9.83937889749e-10	-4.79301209833e-10
9.85083261412e-10	-3.18087195472e-10
9.86228633074e-10	-1.07965157647e-10
9.87374004736e-10	1.22754140186e-10
9.88519376399e-10	3.40678235622e-10
9.89664748061e-10	5.14842113386e-10
9.90810119723e-10	6.22925266924e-10
9.91955491386e-10	6.55946907901e-10
9.93100863048e-10	6.18772144634e-10
9.94246234711e-10	5.28106280928e-10
9.95391606373e-10	4.07169437056e-10
9.96536978035e-10	2.7938634739e-10
9.97682349698e-10	1.62554469885e-10
9.9882772136e-10	6.48681178217e-11
9.99973093023e-10	-1.54188155299e-11
1.00111846468e-09	-8.74640429527e-11
1.00226383635e-09	-1.62563434936e-10
1.00340920801e-09	-2.48734310926e-10
1.00455457967e-09	-3.46180278887e-10
1.00569995133e-09	-4.46020470557e-10
1.006845323e-09	-5.3149712409e-10
1.00799069466e-09	-5.82465908838e-10
1.00913606632e-09	-5.80732739675e-10
1.01028143798e-09	-5.15489262387e-10
1.01142680965e-09	-3.87055276718e-10
1.01257218131e-09	-2.0792126354e-10
1.01371755297e-09	-9.41342490068e-13
1.01486292463e-09	2.05286745936e-10
1.0160082963e-09	3.82338771754e-10
1.01715366796e-09	5.080660892e-10
1.01829903962e-09	5.70770708475e-10
1.01944441128e-09	5.70898883723e-10
1.02058978295e-09	5.19303267055e-10
1.02173515461e-09	4.33498098529e-10
1.02288052627e-09	3.32270405634e-10
1.02402589793e-09	2.31038327358e-10
1.0251712696e-09	1.38546576989e-10
1.02631664126e-09	5.59977064718e-11
1.02746201292e-09	-2.13989815451e-11
1.02860738458e-09	-1.01096811478e-10
1.02975275624e-09	-1.88881077445e-10
1.03089812791e-09	-2.85265949751e-10
1.03204349957e-09	-3.83427234407e-10
1.03318887123e-09	-4.69806638037e-10
1.03433424289e-09	-5.27123067418e-10
1.03547961456e-09	-5.39069955341e-10
1.03662498622e-09	-4.95139429457e-10
1.03777035788e-09	-3.94200172504e-10
1.03891572954e-09	-2.45554160339e-10
1.04006110121e-09	-6.7605102072e-11
1.04120647287e-09	1.15901011011e-10
1.04235184453e-09	2.80602208136e-10
1.04349721619e-09	4.06347427928e-10
1.04464258786e-09	4.8089571214e-10
1.04578795952e-09	5.01630958993e-10
1.04693333118e-09	4.75044281689e-10
1.04807870284e-09	4.1408448892e-10
1.04922407451e-09	3.34063054996e-10
1.05036944617e-09	2.48569664851e-10
1.05151481783e-09	1.66202759888e-10
1.05266018949e-09	8.94451873679e-11
1.05380556115e-09	1.55856074574e-11
1.05495093282e-09	-6.06458633312e-11
1.05609630448e-09	-1.43522721485e-10
1.05724167614e-09	-2.33345315293e-10
1.0583870478e-09	-3.24641147298e-10
1.05953241947e-09	-4.06442574041e-10
1.06067779113e-09	-4.64375565778e-10
1.06182316279e-09	-4.84266127199e-10
1.06296853445e-09	-4.56074372712e-10
1.06411390612e-09	-3.77196551771e-10
1.06525927778e-09	-2.5399157777e-10
1.06640464944e-09	-1.01077146653e-10
1.0675500211e-09	6.13768619262e-11
1.06869539277e-09	2.11833453556e-10
1.06984076443e-09	3.31696614619e-10
1.07098613609e-09	4.08848760403e-10
1.07213150775e-09	4.39369457483e-10
1.07327687942e-09	4.27291618754e-10
1.07442225108e-09	3.82475690008e-10
1.07556762274e-09	3.17424891927e-10
1.0767129944e-09	2.43808861988e-10
1.07785836606e-09	1.69836394948e-10
1.07900373773e-09	9.89701029463e-11
1.08014910939e-09	3.03734190576e-11
1.08129448105e-09	-3.925567163e-11
1.08243985271e-09	-1.1312067949e-10
1.08358522438e-09	-1.91739596422e-10
1.08473059604e-09	-2.71384692496e-10
1.0858759677e-09	-3.43778061573e-10
1.08702133936e-09	-3.97545218966e-10
1.08816671103e-09	-4.20723511585e-10
1.08931208269e-09	-4.04094840922e-10
1.09045745435e-09	-3.43985562257e-10
1.09160282601e-09	-2.44077508205e-10
1.09274819768e-09	-1.1527713506e-10
1.09389356934e-09	2.60570020422e-11
1.095038941e-09	1.61377369801e-10
1.09618431266e-09	2.73510214477e-10
1.09732968433e-09	3.49948930944e-10
1.09847505599e-09	3.84836440492e-10
1.09962042765e-09	3.79388243044e-10
1.10076579931e-09	3.40855454972e-10
1.10191117097e-09	2.80129336394e-10
1.10305654264e-09	2.08971159821e-10
1.1042019143e-09	1.37183167603e-10
1.10534728596e-09	7.07454858584e-11
1.10649265762e-09	1.1286457012e-11
1.10763802929e-09	-4.3112721726e-11
1.10878340095e-09	-9.59956836244e-11
1.10992877261e-09	-1.50123621867e-10
1.11107414427e-09	-2.05616496052e-10
1.11221951594e-09	-2.58793791952e-10
1.1133648876e-09	-3.02583430534e-10
1.11451025926e-09	-3.27870786077e-10
1.11565563092e-09	-3.25830057379e-10
1.11680100259e-09	-2.90445556494e-10
1.11794637425e-09	-2.20707549459e-10
1.11909174591e-09	-1.21730722724e-10
1.12023711757e-09	-4.56971526591e-12
1.12138248924e-09	1.15520981669e-10
1.1225278609e-09	2.21976437231e-10
1.12367323256e-09	3.0015179231e-10
1.12481860422e-09	3.40416805855e-10
1.12596397589e-09	3.39776096148e-10
1.12710934755e-09	3.02270042329e-10
1.12825471921e-09	2.37555197735e-10
1.12940009087e-09	1.58604102074e-10
1.13054546253e-09	7.86728251989e-11
1.1316908342e-09	8.59509512174e-12
1.13283620586e-09	-4.53096206388e-11
1.13398157752e-09	-8.19821849296e-11
1.13512694918e-09	-1.05080152912e-10
1.13627232085e-09	-1.21181994994e-10
1.13741769251e-09	-1.3702146362e-10
1.13856306417e-09	-1.57040352944e-10
1.13970843583e-09	-1.81255122023e-10
1.1408538075e-09	-2.0503886089e-10
1.14199917916e-09	-2.2006001188e-10
1.14314455082e-09	-2.16827361621e-10
1.14428992248e-09	-1.87673085406e-10
1.14543529415e-09	-1.29581928521e-10
1.14658066581e-09	-4.58641735701e-11
1.14772603747e-09	5.3653095855e-11
1.14887140913e-09	1.54227755567e-10
1.1500167808e-09	2.39153002957e-10
1.15116215246e-09	2.93433999321e-10
1.15230752412e-09	3.07416647694e-10
1.15345289578e-09	2.79102740919e-10
1.15459826744e-09	2.14883874583e-10
1.15574363911e-09	1.28010796407e-10
1.15688901077e-09	3.5511541624e-11
1.15803438243e-09	-4.59133529807e-11
1.15917975409e-09	-1.03705266596e-10
1.16032512576e-09	-1.32197072733e-10
1.16147049742e-09	-1.3335753335e-10
1.16261586908e-09	-1.15642065368e-10
1.16376124074e-09	-9.11508993284e-11
1.16490661241e-09	-7.19085693768e-11
1.16605198407e-09	-6.62364954551e-11
1.16719735573e-09	-7.63321142405e-11
1.16834272739e-09	-9.74675340437e-11
1.16948809906e-09	-1.19512288954e-10
1.17063347072e-09	-1.29960861517e-10
1.17177884238e-09	-1.17996237781e-10
1.17292421404e-09	-7.81970529995e-11
1.17406958571e-09	-1.2731058395e-11
1.17521495737e-09	6.84757736624e-11
1.17636032903e-09	1.49922019244e-10
1.17750570069e-09	2.14280856947e-10
1.17865107235e-09	2.46824422012e-10
1.17979644402e-09	2.39247482936e-10
1.18094181568e-09	1.92022120427e-10
1.18208718734e-09	1.14400253159e-10
1.183232559e-09	2.24524062536e-11
1.18437793067e-09	-6.49114650919e-11
1.18552330233e-09	-1.30456714875e-10
1.18666867399e-09	-1.62887064947e-10
1.18781404565e-09	-1.5942291931e-10
1.18895941732e-09	-1.26155128011e-10
1.19010478898e-09	-7.59967991315e-11
1.19125016064e-09	-2.48677033826e-11
1.1923955323e-09	1.27942136052e-11
1.19354090397e-09	2.79823924448e-11
1.19468627563e-09	1.92719017827e-11
1.19583164729e-09	-6.99831121873e-12
1.19697701895e-09	-3.90355005264e-11
1.19812239062e-09	-6.30822755143e-11
1.19926776228e-09	-6.77045502995e-11
1.20041313394e-09	-4.72805371243e-11
1.2015585056e-09	-3.8631702004e-12
1.20270387726e-09	5.3118270199e-11
1.20384924893e-09	1.09310761831e-10
1.20499462059e-09	1.49392040405e-10
1.20613999225e-09	1.61363117313e-10
1.20728536391e-09	1.39955547152e-10
1.20843073558e-09	8.83252568307e-11
1.20957610724e-09	1.71960969769e-11
1.2107214789e-09	-5.76237668692e-11
1.21186685056e-09	-1.19485851768e-10
1.21301222223e-09	-1.54915261175e-10
1.21415759389e-09	-1.56995888512e-10
1.21530296555e-09	-1.26928995092e-10
1.21644833721e-09	-7.34768218491e-11
1.21759370888e-09	-1.05680620505e-11
1.21873908054e-09	4.64252906951e-11
1.2198844522e-09	8.46167302893e-11
1.22102982386e-09	9.68685687219e-11
1.22217519553e-09	8.32802229955e-11
1.22332056719e-09	5.08310893377e-11
1.22446593885e-09	1.10057137015e-11
1.22561131051e-09	-2.35560217166e-11
1.22675668218e-09	-4.27554901206e-11
1.22790205384e-09	-4.1706412629e-11
1.2290474255e-09	-2.19660591799e-11
1.23019279716e-09	9.18524110938e-12
1.23133816882e-09	4.094212816e-11
1.23248354049e-09	6.2215128882e-11
1.23362891215e-09	6.47919912167e-11
1.23477428381e-09	4.57463025794e-11
1.23591965547e-09	8.36467613924e-12
1.23706502714e-09	-3.86604429026e-11
1.2382103988e-09	-8.3475809598e-11
1.23935577046e-09	-1.14211959334e-10
1.24050114212e-09	-1.22128696045e-10
1.24164651379e-09	-1.03954365949e-10
1.24279188545e-09	-6.27055005142e-11
1.24393725711e-09	-6.99884334515e-12
1.24508262877e-09	5.12341002956e-11
1.24622800044e-09	9.95841950568e-11
1.2473733721e-09	1.28266203214e-10
1.24851874376e-09	1.32282906851e-10
1.24966411542e-09	1.12444192846e-10
1.25080948709e-09	7.48895459535e-11
1.25195485875e-09	2.92872774643e-11
1.25310023041e-09	-1.37489429564e-11
1.25424560207e-09	-4.54009538298e-11
1.25539097373e-09	-6.07356318016e-11
1.2565363454e-09	-5.97748725517e-11
1.25768171706e-09	-4.69139588288e-11
1.25882708872e-09	-2.95217079949e-11
1.25997246038e-09	-1.53670583203e-11
1.26111783205e-09	-1.04615578353e-11
1.26226320371e-09	-1.7181686629e-11
1.26340857537e-09	-3.37153985286e-11
1.26455394703e-09	-5.45748030101e-11
1.2656993187e-09	-7.22087251104e-11
1.26684469036e-09	-7.90867857314e-11
1.26799006202e-09	-6.99505453561e-11
1.26913543368e-09	-4.33166801039e-11
1.27028080535e-09	-2.12138054519e-12
1.27142617701e-09	4.67190244824e-11
1.27257154867e-09	9.40474781386e-11
1.27371692033e-09	1.30362026729e-10
1.274862292e-09	1.48352635732e-10
1.27600766366e-09	1.4436651874e-10
1.27715303532e-09	1.19397908227e-10
1.27829840698e-09	7.85809750603e-11
1.27944377864e-09	2.99655057712e-11
1.28058915031e-09	-1.75731443286e-11
1.28173452197e-09	-5.6300568374e-11
1.28287989363e-09	-8.1402828922e-11
1.28402526529e-09	-9.16907175186e-11
1.28517063696e-09	-8.94893395498e-11
1.28631600862e-09	-7.95861501701e-11
1.28746138028e-09	-6.74937189471e-11
1.28860675194e-09	-5.79080047802e-11
1.28975212361e-09	-5.31584255781e-11
1.29089749527e-09	-5.28392538057e-11
1.29204286693e-09	-5.39227690277e-11
1.29318823859e-09	-5.19933124332e-11
1.29433361026e-09	-4.26597819569e-11
1.29547898192e-09	-2.31473520906e-11
1.29662435358e-09	6.6466203201e-12
1.29776972524e-09	4.38336207609e-11
1.29891509691e-09	8.29912527589e-11
1.30006046857e-09	1.17393539334e-10
1.30120584023e-09	1.40487968481e-10
1.30235121189e-09	1.47463000144e-10
1.30349658356e-09	1.36322148014e-10
1.30464195522e-09	1.08398394427e-10
1.30578732688e-09	6.79854714192e-11
1.30693269854e-09	2.14706533802e-11
1.3080780702e-09	-2.42230020764e-11
1.30922344187e-09	-6.30060725815e-11
1.31036881353e-09	-9.08793526544e-11
1.31151418519e-09	-1.06472414219e-10
1.31265955685e-09	-1.10835139677e-10
1.31380492852e-09	-1.06707739866e-10
1.31495030018e-09	-9.74061248327e-11
1.31609567184e-09	-8.57584003811e-11
1.3172410435e-09	-7.34394350888e-11
1.31838641517e-09	-6.06505401457e-11
1.31953178683e-09	-4.64382282628e-11
1.32067715849e-09	-2.92828643278e-11
1.32182253015e-09	-7.84764614403e-12
1.32296790182e-09	1.81636129748e-11
1.32411327348e-09	4.7623953392e-11
1.32525864514e-09	7.78404701807e-11
1.3264040168e-09	1.0501875064e-10
1.32754938847e-09	1.25022742159e-10
1.32869476013e-09	1.34368835503e-10
1.32984013179e-09	1.30938065945e-10
