% time-domain voltage integration by openEMS v0.37.0-rc1-2-g7b051bb @Thu Aug  6 23:27:25 2026
% start-coordinates: (0.00170044,0.00297935,0.0144461) m -> [74,99,223]
% stop-coordinates: (0.00196635,0.00297935,0.0144461) m -> [79,99,223]
% t/s	voltage
0	0
1.20393341339e-12	0
2.40786682678e-12	0
3.61180024017e-12	0
4.81573365356e-12	0
6.01966706696e-12	0
7.22360048035e-12	0
8.42753389374e-12	0
9.63146730713e-12	0
1.08354007205e-11	0
1.20393341339e-11	0
1.32432675473e-11	0
1.44472009607e-11	0
1.56511343741e-11	0
1.68550677875e-11	0
1.80590012009e-11	0
1.92629346143e-11	0
2.04668680276e-11	0
2.1670801441e-11	0
2.28747348544e-11	0
2.40786682678e-11	0
2.52826016812e-11	0
2.64865350946e-11	0
2.7690468508e-11	0
2.88944019214e-11	0
3.00983353348e-11	0
3.13022687482e-11	0
3.25062021616e-11	0
3.37101355749e-11	0
3.49140689883e-11	0
3.61180024017e-11	0
3.73219358151e-11	0
3.85258692285e-11	0
3.97298026419e-11	0
4.09337360553e-11	0
4.21376694687e-11	0
4.33416028821e-11	0
4.45455362955e-11	0
4.57494697089e-11	0
4.69534031223e-11	0
4.81573365356e-11	0
4.9361269949e-11	0
5.05652033624e-11	0
5.17691367758e-11	0
5.29730701892e-11	0
5.41770036026e-11	0
5.5380937016e-11	0
5.65848704294e-11	0
5.77888038428e-11	0
5.89927372562e-11	0
6.01966706696e-11	0
6.14006040829e-11	0
6.26045374963e-11	0
6.38084709097e-11	0
6.50124043231e-11	0
6.62163377365e-11	0
6.74202711499e-11	0
6.86242045633e-11	0
6.98281379767e-11	0
7.10320713901e-11	0
7.22360048035e-11	0
7.34399382169e-11	0
7.46438716302e-11	0
7.58478050436e-11	0
7.7051738457e-11	0
7.82556718704e-11	0
7.94596052838e-11	0
8.06635386972e-11	0
8.18674721106e-11	0
8.3071405524e-11	0
8.42753389374e-11	1.84581724214e-35
8.54792723508e-11	8.82417413087e-34
8.66832057642e-11	2.36506416284e-32
8.78871391775e-11	3.70799295719e-31
8.90910725909e-11	-2.56909138111e-30
9.02950060043e-11	-4.1305711416e-28
9.14989394177e-11	-1.66221077784e-26
9.27028728311e-11	-4.5469246777e-25
9.39068062445e-11	-9.65786993892e-24
9.51107396579e-11	-1.66987685693e-22
9.63146730713e-11	-2.40556955951e-21
9.75186064847e-11	-2.92757915165e-20
9.87225398981e-11	-3.03876698436e-19
9.99264733115e-11	-2.70994685166e-18
1.01130406725e-10	-2.08907962674e-17
1.02334340138e-10	-1.39970867736e-16
1.03538273552e-10	-8.19148331463e-16
1.04742206965e-10	-4.20611764717e-15
1.05946140378e-10	-1.90223305044e-14
1.07150073792e-10	-7.5985676525e-14
1.08354007205e-10	-2.68404659528e-13
1.09557940619e-10	-8.37101560487e-13
1.10761874032e-10	-2.29100202351e-12
1.11965807445e-10	-5.4191160565e-12
1.13169740859e-10	-1.0677220501e-11
1.14373674272e-10	-1.57053239771e-11
1.15577607686e-10	-8.73614375285e-12
1.16781541099e-10	4.50246047043e-11
1.17985474512e-10	2.26034305856e-10
1.19189407926e-10	6.89676656063e-10
1.20393341339e-10	1.6902954314e-09
1.21597274752e-10	3.57336849e-09
1.22801208166e-10	6.69190736158e-09
1.24005141579e-10	1.11911918621e-08
1.25209074993e-10	1.66138560687e-08
1.26413008406e-10	2.13252191461e-08
1.27616941819e-10	2.18634121918e-08
1.28820875233e-10	1.24764598652e-08
1.30024808646e-10	-1.47257270822e-08
1.3122874206e-10	-6.84979042376e-08
1.32432675473e-10	-1.55688150372e-07
1.33636608886e-10	-2.77021740658e-07
1.348405423e-10	-4.22209019746e-07
1.36044475713e-10	-5.65980542433e-07
1.37248409127e-10	-6.67263371668e-07
1.3845234254e-10	-6.73659457107e-07
1.39656275953e-10	-5.32313592316e-07
1.40860209367e-10	-2.06160114757e-07
1.4206414278e-10	3.08080004174e-07
1.43268076194e-10	9.6595664445e-07
1.44472009607e-10	1.67180147059e-06
1.4567594302e-10	2.29030791843e-06
1.46879876434e-10	2.67361818374e-06
1.48083809847e-10	2.69882465886e-06
1.4928774326e-10	2.30580479865e-06
1.50491676674e-10	1.52304201606e-06
1.51695610087e-10	4.71047982842e-07
1.52899543501e-10	-6.6074452576e-07
1.54103476914e-10	-1.65902876859e-06
1.55307410327e-10	-2.34098740748e-06
1.56511343741e-10	-2.60129294816e-06
1.57715277154e-10	-2.43688413093e-06
1.58919210568e-10	-1.94204002923e-06
1.60123143981e-10	-1.27641938263e-06
1.61327077394e-10	-6.17618937326e-07
1.62531010808e-10	-1.13933014134e-07
1.63734944221e-10	1.48929018451e-07
1.64938877635e-10	1.5981116519e-07
1.66142811048e-10	-2.68683857385e-08
1.67346744461e-10	-3.1488694674e-07
1.68550677875e-10	-5.96351362958e-07
1.69754611288e-10	-7.80362405806e-07
1.70958544702e-10	-8.14315420428e-07
1.72162478115e-10	-6.93921606398e-07
1.73366411528e-10	-4.59853527701e-07
1.74570344942e-10	-1.81550390721e-07
1.75774278355e-10	6.73691689101e-08
1.76978211768e-10	2.33766499491e-07
1.78182145182e-10	3.00083019766e-07
1.79386078595e-10	2.8349909087e-07
1.80590012009e-10	2.20055696332e-07
1.81793945422e-10	1.425863978e-07
1.82997878835e-10	6.50053255669e-08
1.84201812249e-10	-1.80533854532e-08
1.85405745662e-10	-1.16572799413e-07
1.86609679076e-10	-2.2536315214e-07
1.87813612489e-10	-3.12822649562e-07
1.89017545902e-10	-3.2720742027e-07
1.90221479316e-10	-2.19108947874e-07
1.91425412729e-10	3.07745584571e-08
1.92629346143e-10	3.9285585629e-07
1.93833279556e-10	7.88806516994e-07
1.95037212969e-10	1.11165743988e-06
1.96241146383e-10	1.25843465071e-06
1.97445079796e-10	1.16382211957e-06
1.9864901321e-10	8.23958501428e-07
1.99852946623e-10	3.03041279182e-07
2.01056880036e-10	-2.80044950784e-07
2.0226081345e-10	-7.82742617389e-07
2.03464746863e-10	-1.07980686437e-06
2.04668680276e-10	-1.10202016401e-06
2.0587261369e-10	-8.58854448893e-07
2.07076547103e-10	-4.35288612266e-07
2.08280480517e-10	3.76032209815e-08
2.0948441393e-10	4.27739177411e-07
2.10688347343e-10	6.45202867133e-07
2.11892280757e-10	6.66640531222e-07
2.1309621417e-10	5.32737054471e-07
2.14300147584e-10	3.22659865049e-07
2.15504080997e-10	1.18461400689e-07
2.1670801441e-10	-2.50980660699e-08
2.17911947824e-10	-9.4170193421e-08
2.19115881237e-10	-1.10210673476e-07
2.20319814651e-10	-1.10701444456e-07
2.21523748064e-10	-1.26417406321e-07
2.22727681477e-10	-1.65521232276e-07
2.23931614891e-10	-2.10823737135e-07
2.25135548304e-10	-2.30391464129e-07
2.26339481718e-10	-1.95947873038e-07
2.27543415131e-10	-1.00113479284e-07
2.28747348544e-10	3.61305598773e-08
2.29951281958e-10	1.69868471289e-07
2.31155215371e-10	2.54103689201e-07
2.32359148784e-10	2.59069462771e-07
2.33563082198e-10	1.86964433269e-07
2.34767015611e-10	7.28551219353e-08
2.35970949025e-10	-2.90678445758e-08
2.37174882438e-10	-6.78971989743e-08
2.38378815851e-10	-1.73374232748e-08
2.39582749265e-10	1.12886044512e-07
2.40786682678e-10	2.79571249706e-07
2.41990616092e-10	4.20750932761e-07
2.43194549505e-10	4.76740432021e-07
2.44398482918e-10	4.10388626193e-07
2.45602416332e-10	2.20483702407e-07
2.46806349745e-10	-5.52442758206e-08
2.48010283159e-10	-3.48403226269e-07
2.49214216572e-10	-5.77850450156e-07
2.50418149985e-10	-6.72896256049e-07
2.51622083399e-10	-5.9530841412e-07
2.52826016812e-10	-3.53107537876e-07
2.54029950226e-10	-9.5013108492e-10
2.55233883639e-10	3.73803224818e-07
2.56437817052e-10	6.75189617994e-07
2.57641750466e-10	8.25410843674e-07
2.58845683879e-10	7.86112501316e-07
2.60049617292e-10	5.68158576186e-07
2.61253550706e-10	2.27955336385e-07
2.62457484119e-10	-1.47941303652e-07
2.63661417533e-10	-4.65765573665e-07
2.64865350946e-10	-6.49293582455e-07
2.66069284359e-10	-6.60042445588e-07
2.67273217773e-10	-5.07292014618e-07
2.68477151186e-10	-2.44493698176e-07
2.696810846e-10	4.72284935604e-08
2.70885018013e-10	2.83149020675e-07
2.72088951426e-10	3.98637393317e-07
2.7329288484e-10	3.6520947333e-07
2.74496818253e-10	1.94896983885e-07
2.75700751667e-10	-6.63805748147e-08
2.7690468508e-10	-3.52424873284e-07
2.78108618493e-10	-5.92810202704e-07
2.79312551907e-10	-7.27955949742e-07
2.8051648532e-10	-7.21173854856e-07
2.81720418734e-10	-5.66304215965e-07
2.82924352147e-10	-2.89466672854e-07
2.8412828556e-10	5.63269284548e-08
2.85332218974e-10	4.03374691871e-07
2.86536152387e-10	6.85441222004e-07
2.877400858e-10	8.53070410756e-07
2.88944019214e-10	8.83208684854e-07
2.90147952627e-10	7.8087357025e-07
2.91351886041e-10	5.74020305066e-07
2.92555819454e-10	3.0484388347e-07
2.93759752867e-10	2.0822846114e-08
2.94963686281e-10	-2.32918679899e-07
2.96167619694e-10	-4.2017305546e-07
2.97371553108e-10	-5.19549828937e-07
2.98575486521e-10	-5.28647234432e-07
2.99779419934e-10	-4.64453517424e-07
3.00983353348e-10	-3.58321511129e-07
3.02187286761e-10	-2.4580778657e-07
3.03391220175e-10	-1.54700861899e-07
3.04595153588e-10	-9.62104831359e-08
3.05799087001e-10	-6.31623828795e-08
3.07003020415e-10	-3.57576701582e-08
3.08206953828e-10	7.88245108074e-09
3.09410887242e-10	8.10336011625e-08
3.10614820655e-10	1.81773774699e-07
3.11818754068e-10	2.92397253077e-07
3.13022687482e-10	3.84371521278e-07
3.14226620895e-10	4.26852661661e-07
3.15430554308e-10	3.96371554245e-07
3.16634487722e-10	2.85500188824e-07
3.17838421135e-10	1.08093122897e-07
3.19042354549e-10	-1.01237029426e-07
3.20246287962e-10	-2.94511053767e-07
3.21450221375e-10	-4.23542584116e-07
3.22654154789e-10	-4.55091349494e-07
3.23858088202e-10	-3.82433142931e-07
3.25062021616e-10	-2.28512467615e-07
3.26265955029e-10	-3.90651697657e-08
3.27469888442e-10	1.31998456609e-07
3.28673821856e-10	2.39509226674e-07
3.29877755269e-10	2.60061089108e-07
3.31081688683e-10	1.971685748e-07
3.32285622096e-10	7.77668738294e-08
3.33489555509e-10	-5.78451206934e-08
3.34693488923e-10	-1.68788478305e-07
3.35897422336e-10	-2.25167754664e-07
3.37101355749e-10	-2.15622897315e-07
3.38305289163e-10	-1.49260030113e-07
3.39509222576e-10	-5.16674671935e-08
3.4071315599e-10	4.37863718616e-08
3.41917089403e-10	1.06806280264e-07
3.43121022816e-10	1.19741038418e-07
3.4432495623e-10	8.28045862988e-08
3.45528889643e-10	1.34064830348e-08
3.46732823057e-10	-6.00286629293e-08
3.4793675647e-10	-1.07644866354e-07
3.49140689883e-10	-1.07800160798e-07
3.50344623297e-10	-5.37716200455e-08
3.5154855671e-10	4.42425327485e-08
3.52752490124e-10	1.62301967421e-07
3.53956423537e-10	2.69925269691e-07
3.5516035695e-10	3.38856921189e-07
3.56364290364e-10	3.50758330825e-07
3.57568223777e-10	3.01773017242e-07
3.58772157191e-10	2.02743180466e-07
3.59976090604e-10	7.53044560042e-08
3.61180024017e-10	-5.45305196553e-08
3.62383957431e-10	-1.63124958874e-07
3.63587890844e-10	-2.34280044253e-07
3.64791824257e-10	-2.61470443519e-07
3.65995757671e-10	-2.47200414805e-07
3.67199691084e-10	-2.00280506846e-07
3.68403624498e-10	-1.32530017183e-07
3.69607557911e-10	-5.61171260571e-08
3.70811491324e-10	1.79870149886e-08
3.72015424738e-10	8.05604853937e-08
3.73219358151e-10	1.24254649236e-07
3.74423291565e-10	1.43954535403e-07
3.75627224978e-10	1.37618606288e-07
3.76831158391e-10	1.072195559e-07
3.78035091805e-10	5.9097262195e-08
3.79239025218e-10	3.17481535506e-09
3.80442958632e-10	-4.90779172857e-08
3.81646892045e-10	-8.7508864155e-08
3.82850825458e-10	-1.06030616287e-07
3.84054758872e-10	-1.0419944374e-07
3.85258692285e-10	-8.70232890193e-08
3.86462625699e-10	-6.30684420244e-08
3.87666559112e-10	-4.16560252958e-08
3.88870492525e-10	-3.02002360897e-08
3.90074425939e-10	-3.24673341545e-08
3.91278359352e-10	-4.80689359428e-08
3.92482292765e-10	-7.29559994639e-08
3.93686226179e-10	-1.00355829424e-07
3.94890159592e-10	-1.21897794969e-07
3.96094093006e-10	-1.29071349164e-07
3.97298026419e-10	-1.15102405829e-07
3.98501959832e-10	-7.71095862717e-08
3.99705893246e-10	-1.79215753349e-08
4.00909826659e-10	5.34118385076e-08
4.02113760073e-10	1.23057171564e-07
4.03317693486e-10	1.75599645047e-07
4.04521626899e-10	1.98219691327e-07
4.05725560313e-10	1.84552799709e-07
4.06929493726e-10	1.36879547696e-07
4.0813342714e-10	6.589070356e-08
4.09337360553e-10	-1.20036280915e-08
4.10541293966e-10	-7.9188805735e-08
4.1174522738e-10	-1.21841999601e-07
4.12949160793e-10	-1.3376593877e-07
4.14153094207e-10	-1.17790946774e-07
4.1535702762e-10	-8.41490299663e-08
4.16560961033e-10	-4.64025644575e-08
4.17764894447e-10	-1.64787070656e-08
4.1896882786e-10	-7.48985415355e-10
4.20172761273e-10	1.2966244467e-09
4.21376694687e-10	-4.57246118746e-09
4.225806281e-10	-1.08622975059e-08
4.23784561514e-10	-1.21231855665e-08
4.24988494927e-10	-7.30527194293e-09
4.2619242834e-10	3.66447650002e-10
4.27396361754e-10	5.73438374563e-09
4.28600295167e-10	4.85999726574e-09
4.29804228581e-10	-2.50934895085e-09
4.31008161994e-10	-1.23737639024e-08
4.32212095407e-10	-1.81957462431e-08
4.33416028821e-10	-1.40553724215e-08
4.34619962234e-10	2.32600466665e-09
4.35823895648e-10	2.81501524313e-08
4.37027829061e-10	5.63809532395e-08
4.38231762474e-10	7.85019302896e-08
4.39435695888e-10	8.79793038422e-08
4.40639629301e-10	8.28566815159e-08
4.41843562715e-10	6.62623653724e-08
4.43047496128e-10	4.47468222475e-08
4.44251429541e-10	2.52652057053e-08
4.45455362955e-10	1.21650202134e-08
4.46659296368e-10	5.48891038177e-09
4.47863229781e-10	1.27573220043e-09
4.49067163195e-10	-6.29156604592e-09
4.50271096608e-10	-2.1910848913e-08
4.51475030022e-10	-4.6531204223e-08
4.52678963435e-10	-7.60848184456e-08
4.53882896848e-10	-1.02185008899e-07
4.55086830262e-10	-1.14577822785e-07
4.56290763675e-10	-1.04555457625e-07
4.57494697089e-10	-6.82403378249e-08
4.58698630502e-10	-8.60506232936e-09
4.59902563915e-10	6.45639728347e-08
4.61106497329e-10	1.36905635273e-07
4.62310430742e-10	1.93230247802e-07
4.63514364156e-10	2.2157877666e-07
4.64718297569e-10	2.16326000668e-07
4.65922230982e-10	1.79259858513e-07
4.67126164396e-10	1.183795586e-07
4.68330097809e-10	4.51424631009e-08
4.69534031223e-10	-2.86579475706e-08
4.70737964636e-10	-9.32710237933e-08
4.71941898049e-10	-1.42014485505e-07
4.73145831463e-10	-1.71006114158e-07
4.74349764876e-10	-1.78360084035e-07
4.75553698289e-10	-1.6372818834e-07
4.76757631703e-10	-1.28489675788e-07
4.77961565116e-10	-7.64185665858e-08
4.7916549853e-10	-1.42046669982e-08
4.80369431943e-10	4.88882019312e-08
4.81573365356e-10	1.02503761035e-07
4.8277729877e-10	1.37506097175e-07
4.83981232183e-10	1.48314756032e-07
4.85185165597e-10	1.34485411252e-07
4.8638909901e-10	1.01029341337e-07
4.87593032423e-10	5.71150819972e-08
4.88796965837e-10	1.35458214645e-08
4.9000089925e-10	-2.02056680276e-08
4.91204832664e-10	-3.86002860786e-08
4.92408766077e-10	-4.1411037266e-08
4.9361269949e-10	-3.33392686791e-08
4.94816632904e-10	-2.19273130764e-08
4.96020566317e-10	-1.45177554423e-08
4.97224499731e-10	-1.54302974842e-08
4.98428433144e-10	-2.4417361022e-08
4.99632366557e-10	-3.69766288699e-08
5.00836299971e-10	-4.63410922968e-08
5.02040233384e-10	-4.62073570517e-08
5.03244166797e-10	-3.31067089299e-08
5.04448100211e-10	-7.63508223312e-09
5.05652033624e-10	2.5672635573e-08
5.06855967038e-10	5.96050142576e-08
5.08059900451e-10	8.6148856937e-08
5.09263833864e-10	9.83877965766e-08
5.10467767278e-10	9.21589666802e-08
5.11671700691e-10	6.7173292706e-08
5.12875634105e-10	2.7318651119e-08
5.14079567518e-10	-1.99566101422e-08
5.15283500931e-10	-6.52302354354e-08
5.16487434345e-10	-9.93533593174e-08
5.17691367758e-10	-1.15689115177e-07
5.18895301172e-10	-1.11643817746e-07
5.20099234585e-10	-8.89742750587e-08
5.21303167998e-10	-5.2964689079e-08
5.22507101412e-10	-1.08980017233e-08
5.23711034825e-10	2.96899886898e-08
5.24914968239e-10	6.24585290154e-08
5.26118901652e-10	8.31878121943e-08
5.27322835065e-10	9.01940042652e-08
5.28526768479e-10	8.42928766787e-08
5.29730701892e-10	6.82817846709e-08
5.30934635305e-10	4.6009237753e-08
5.32138568719e-10	2.13619406608e-08
5.33342502132e-10	-2.50136297786e-09
5.34546435546e-10	-2.33767365465e-08
5.35750368959e-10	-3.9667497731e-08
5.36954302372e-10	-4.98335213095e-08
5.38158235786e-10	-5.21827647759e-08
5.39362169199e-10	-4.53194894945e-08
5.40566102613e-10	-2.90888111376e-08
5.41770036026e-10	-5.44720835105e-09
5.42973969439e-10	2.1335876399e-08
5.44177902853e-10	4.55296915725e-08
5.45381836266e-10	6.16453101898e-08
5.4658576968e-10	6.62577317456e-08
5.47789703093e-10	5.92002269428e-08
5.48993636506e-10	4.36182499008e-08
5.5019756992e-10	2.48675768866e-08
5.51401503333e-10	8.69840210971e-09
5.52605436746e-10	-6.15811020233e-10
5.5380937016e-10	-1.51690726646e-09
5.55013303573e-10	4.61666688212e-09
5.56217236987e-10	1.41855530655e-08
5.574211704e-10	2.27409844289e-08
5.58625103813e-10	2.65533564026e-08
5.59829037227e-10	2.37819122173e-08
5.6103297064e-10	1.49198264854e-08
5.62236904054e-10	2.44273476446e-09
5.63440837467e-10	-1.01928147034e-08
5.6464477088e-10	-1.97970717597e-08
5.65848704294e-10	-2.44634585922e-08
5.67052637707e-10	-2.40378543737e-08
5.68256571121e-10	-1.99094647435e-08
5.69460504534e-10	-1.42694762673e-08
5.70664437947e-10	-9.22073262188e-09
5.71868371361e-10	-6.04821154271e-09
5.73072304774e-10	-4.89562551609e-09
5.74276238188e-10	-4.94128010731e-09
5.75480171601e-10	-4.90368312622e-09
5.76684105014e-10	-3.64149380094e-09
5.77888038428e-10	-6.29997196772e-10
5.79091971841e-10	3.89722160099e-09
5.80295905254e-10	9.11411091042e-09
5.81499838668e-10	1.3936952592e-08
5.82703772081e-10	1.74333765202e-08
5.83907705495e-10	1.91343585421e-08
5.85111638908e-10	1.91336670952e-08
5.86315572321e-10	1.8003698532e-08
5.87519505735e-10	1.65388767126e-08
5.88723439148e-10	1.53963410909e-08
5.89927372562e-10	1.47591643351e-08
5.91131305975e-10	1.41442907386e-08
5.92335239388e-10	1.24735431983e-08
5.93539172802e-10	8.45923386894e-09
5.94743106215e-10	1.23295958165e-09
5.95947039629e-10	-8.94426521736e-09
5.97150973042e-10	-2.02549643724e-08
5.98354906455e-10	-2.94829702874e-08
5.99558839869e-10	-3.28468074962e-08
6.00762773282e-10	-2.73750799806e-08
6.01966706696e-10	-1.23196386426e-08
6.03170640109e-10	1.00382936408e-08
6.04374573522e-10	3.46481296987e-08
6.05578506936e-10	5.50995657989e-08
6.06782440349e-10	6.57250245339e-08
6.07986373762e-10	6.35729326959e-08
6.09190307176e-10	4.94395182571e-08
6.10394240589e-10	2.75374036907e-08
6.11598174003e-10	3.90633203562e-09
6.12802107416e-10	-1.57358375219e-08
6.14006040829e-10	-2.78071781157e-08
6.15209974243e-10	-3.16958232993e-08
6.16413907656e-10	-2.94123072564e-08
6.1761784107e-10	-2.43381204079e-08
6.18821774483e-10	-1.96883604975e-08
6.20025707896e-10	-1.72633167761e-08
6.2122964131e-10	-1.69243892234e-08
6.22433574723e-10	-1.68955167634e-08
6.23637508137e-10	-1.46564174131e-08
6.2484144155e-10	-8.14150524775e-09
6.26045374963e-10	3.20122378605e-09
6.27249308377e-10	1.79356356433e-08
6.2845324179e-10	3.29182454628e-08
6.29657175204e-10	4.42585550431e-08
6.30861108617e-10	4.86581388515e-08
6.3206504203e-10	4.45897789803e-08
6.33268975444e-10	3.28154228235e-08
6.34472908857e-10	1.60499065149e-08
6.3567684227e-10	-2.03083609651e-09
6.36880775684e-10	-1.80090296009e-08
6.38084709097e-10	-2.96596693872e-08
6.39288642511e-10	-3.62655501185e-08
6.40492575924e-10	-3.83342078081e-08
6.41696509337e-10	-3.69782839904e-08
6.42900442751e-10	-3.33149046128e-08
6.44104376164e-10	-2.81013710079e-08
6.45308309578e-10	-2.16518698526e-08
6.46512242991e-10	-1.39804737787e-08
6.47716176404e-10	-5.02891850385e-09
6.48920109818e-10	5.1071474827e-09
6.50124043231e-10	1.59599855554e-08
6.51327976645e-10	2.65477622108e-08
6.52531910058e-10	3.54140530234e-08
6.53735843471e-10	4.09336871066e-08
6.54939776885e-10	4.18385215362e-08
6.56143710298e-10	3.77774589388e-08
6.57347643712e-10	2.96373259268e-08
6.58551577125e-10	1.93781748425e-08
6.59755510538e-10	9.37569755166e-09
6.60959443952e-10	1.54452717283e-09
6.62163377365e-10	-3.38675310019e-09
6.63367310778e-10	-6.07627725913e-09
6.64571244192e-10	-8.1416080544e-09
6.65775177605e-10	-1.12943205899e-08
6.66979111019e-10	-1.64298694649e-08
6.68183044432e-10	-2.30726375783e-08
6.69386977845e-10	-2.93923045902e-08
6.70590911259e-10	-3.28095688396e-08
6.71794844672e-10	-3.09478753735e-08
6.72998778086e-10	-2.26064318376e-08
6.74202711499e-10	-8.396779827e-09
6.75406644912e-10	9.18690767904e-09
6.76610578326e-10	2.63209189999e-08
6.77814511739e-10	3.89132543965e-08
6.79018445153e-10	4.38639351508e-08
6.80222378566e-10	4.00663000555e-08
6.81426311979e-10	2.88262651527e-08
6.82630245393e-10	1.35094099241e-08
6.83834178806e-10	-1.51843194962e-09
6.8503811222e-10	-1.2289673057e-08
6.86242045633e-10	-1.64573157324e-08
6.87445979046e-10	-1.39276392641e-08
6.8864991246e-10	-6.72593769568e-09
6.89853845873e-10	1.84922319124e-09
6.91057779286e-10	8.44250491738e-09
6.922617127e-10	1.07898071589e-08
6.93465646113e-10	8.41663638784e-09
6.94669579527e-10	2.69009220455e-09
6.9587351294e-10	-3.75181460899e-09
6.97077446353e-10	-7.99276667074e-09
6.98281379767e-10	-7.9056893254e-09
6.9948531318e-10	-2.91165866417e-09
7.00689246594e-10	5.78839304266e-09
7.01893180007e-10	1.55794490642e-08
7.0309711342e-10	2.32971339997e-08
7.04301046834e-10	2.62655357464e-08
7.05504980247e-10	2.31593040301e-08
7.06708913661e-10	1.44361287369e-08
7.07912847074e-10	2.21064627715e-09
7.09116780487e-10	-1.03809753016e-08
7.10320713901e-10	-2.01270931033e-08
7.11524647314e-10	-2.46719829011e-08
7.12728580728e-10	-2.31565533415e-08
7.13932514141e-10	-1.63864009028e-08
7.15136447554e-10	-6.46987935449e-09
7.16340380968e-10	3.92488874734e-09
7.17544314381e-10	1.24114561961e-08
7.18748247794e-10	1.75173293648e-08
7.19952181208e-10	1.89173450238e-08
7.21156114621e-10	1.72393215259e-08
7.22360048035e-10	1.35744436802e-08
7.23563981448e-10	8.94616414282e-09
7.24767914861e-10	3.98161520421e-09
7.25971848275e-10	-1.12935774621e-09
7.27175781688e-10	-6.4181661652e-09
7.28379715102e-10	-1.18021208362e-08
7.29583648515e-10	-1.68100862119e-08
7.30787581928e-10	-2.0502051612e-08
7.31991515342e-10	-2.16622475513e-08
7.33195448755e-10	-1.91943099193e-08
7.34399382169e-10	-1.26030477166e-08
7.35603315582e-10	-2.39597919283e-09
7.36807248995e-10	9.80765635372e-09
7.38011182409e-10	2.15587607766e-08
7.39215115822e-10	3.02117855178e-08
7.40419049236e-10	3.37259535854e-08
7.41622982649e-10	3.13695540655e-08
7.42826916062e-10	2.40376964999e-08
7.44030849476e-10	1.40110895108e-08
7.45234782889e-10	4.23572327213e-09
7.46438716302e-10	-2.61775284782e-09
7.47642649716e-10	-4.9993467699e-09
7.48846583129e-10	-2.92773408295e-09
7.50050516543e-10	2.10570205716e-09
7.51254449956e-10	7.72588559794e-09
7.52458383369e-10	1.1500919106e-08
7.53662316783e-10	1.1730968974e-08
7.54866250196e-10	7.98347221664e-09
7.5607018361e-10	1.18936652194e-09
7.57274117023e-10	-6.69418287469e-09
7.58478050436e-10	-1.33066476726e-08
7.5968198385e-10	-1.66188212081e-08
7.60885917263e-10	-1.55576607153e-08
7.62089850677e-10	-1.03185167077e-08
7.6329378409e-10	-2.27109517303e-09
7.64497717503e-10	6.4879163153e-09
7.65701650917e-10	1.38006329697e-08
7.6690558433e-10	1.81202206573e-08
7.68109517743e-10	1.89489672842e-08
7.69313451157e-10	1.69016927121e-08
7.7051738457e-10	1.33912028133e-08
7.71721317984e-10	1.00454837781e-08
7.72925251397e-10	8.07449818119e-09
7.7412918481e-10	7.81889764045e-09
7.75333118224e-10	8.65125304728e-09
7.76537051637e-10	9.26277032853e-09
7.77740985051e-10	8.19947520991e-09
7.78944918464e-10	4.47849723972e-09
7.80148851877e-10	-1.96075980452e-09
7.81352785291e-10	-1.01458144108e-08
7.82556718704e-10	-1.83257067299e-08
7.83760652118e-10	-2.45064297744e-08
7.84964585531e-10	-2.70752975595e-08
7.86168518944e-10	-2.53067979905e-08
7.87372452358e-10	-1.9578617616e-08
7.88576385771e-10	-1.12205541525e-08
7.89780319185e-10	-2.07088474147e-09
7.90984252598e-10	6.10352091091e-09
7.92188186011e-10	1.21184506874e-08
7.93392119425e-10	1.56317367939e-08
7.94596052838e-10	1.70665162003e-08
7.95799986251e-10	1.72536607224e-08
7.97003919665e-10	1.69767215841e-08
7.98207853078e-10	1.66206561847e-08
7.99411786492e-10	1.60626429935e-08
8.00615719905e-10	1.48463918936e-08
8.01819653318e-10	1.25347641156e-08
8.03023586732e-10	9.04263119939e-09
8.04227520145e-10	4.78308004315e-09
8.05431453559e-10	5.76644093586e-10
8.06635386972e-10	-2.62627544712e-09
8.07839320385e-10	-4.10360506686e-09
8.09043253799e-10	-3.63402344328e-09
8.10247187212e-10	-1.56708467036e-09
8.11451120626e-10	1.27992773324e-09
8.12655054039e-10	3.87201604113e-09
8.13858987452e-10	5.28607607686e-09
8.15062920866e-10	5.00778118973e-09
8.16266854279e-10	3.1171169812e-09
8.17470787693e-10	2.98374425861e-10
8.18674721106e-10	-2.34449254455e-09
8.19878654519e-10	-3.64891850069e-09
8.21082587933e-10	-2.82120424244e-09
8.22286521346e-10	2.3214850875e-10
8.23490454759e-10	4.80755341092e-09
8.24694388173e-10	9.59852697324e-09
8.25898321586e-10	1.31396473702e-08
8.27102255e-10	1.43312562928e-08
8.28306188413e-10	1.2828246243e-08
8.29510121826e-10	9.14646591799e-09
8.3071405524e-10	4.46156828149e-09
8.31917988653e-10	1.80544051931e-10
8.33121922067e-10	-2.53723173027e-09
8.3432585548e-10	-3.11976947054e-09
8.35529788893e-10	-1.69414170192e-09
8.36733722307e-10	1.03086038317e-09
8.3793765572e-10	4.04903816031e-09
8.39141589134e-10	6.38492225757e-09
8.40345522547e-10	7.36116168021e-09
8.4154945596e-10	6.74713984683e-09
8.42753389374e-10	4.76246880821e-09
8.43957322787e-10	1.96322344492e-09
8.45161256201e-10	-9.42213113087e-10
8.46365189614e-10	-3.28750132672e-09
8.47569123027e-10	-4.59804166963e-09
8.48773056441e-10	-4.66599692217e-09
8.49976989854e-10	-3.55066054336e-09
8.51180923267e-10	-1.51723096586e-09
8.52384856681e-10	1.0458363342e-09
8.53588790094e-10	3.70315428322e-09
8.54792723508e-10	6.03149402645e-09
8.55996656921e-10	7.66725827273e-09
8.57200590334e-10	8.34350899481e-09
8.58404523748e-10	7.9316143653e-09
8.59608457161e-10	6.48180342733e-09
8.60812390575e-10	4.24703366919e-09
8.62016323988e-10	1.67715782928e-09
8.63220257401e-10	-6.5925584436e-10
8.64424190815e-10	-2.20740040136e-09
8.65628124228e-10	-2.58079638216e-09
8.66832057642e-10	-1.70471471661e-09
8.68035991055e-10	1.24557909126e-10
8.69239924468e-10	2.31751198787e-09
8.70443857882e-10	4.17372697514e-09
8.71647791295e-10	5.10162384559e-09
8.72851724709e-10	4.80665762748e-09
8.74055658122e-10	3.36691113878e-09
8.75259591535e-10	1.17945185563e-09
8.76463524949e-10	-1.1814362405e-09
8.77667458362e-10	-3.12808223768e-09
8.78871391775e-10	-4.18685269787e-09
8.80075325189e-10	-4.07435218897e-09
8.81279258602e-10	-2.72366637577e-09
8.82483192016e-10	-2.74659434085e-10
8.83687125429e-10	2.94612925722e-09
8.84891058842e-10	6.46762804424e-09
8.86094992256e-10	9.7564671897e-09
8.87298925669e-10	1.23102850136e-08
8.88502859083e-10	1.37465662187e-08
8.89706792496e-10	1.386576165e-08
8.90910725909e-10	1.26552750501e-08
8.92114659323e-10	1.02529846835e-08
8.93318592736e-10	6.90084850374e-09
8.9452252615e-10	2.9197224638e-09
8.95726459563e-10	-1.29435140384e-09
8.96930392976e-10	-5.26213217444e-09
8.9813432639e-10	-8.4447585591e-09
8.99338259803e-10	-1.03204660373e-08
9.00542193217e-10	-1.05029629438e-08
9.0174612663e-10	-8.87629869606e-09
9.02950060043e-10	-5.67720431777e-09
9.04153993457e-10	-1.48519588294e-09
9.0535792687e-10	2.89044652102e-09
9.06561860283e-10	6.60664806196e-09
9.07765793697e-10	9.00511731849e-09
9.0896972711e-10	9.78082204117e-09
9.10173660524e-10	9.06060515504e-09
9.11377593937e-10	7.34692451321e-09
9.1258152735e-10	5.34590055556e-09
9.13785460764e-10	3.73957803612e-09
9.14989394177e-10	2.96035526648e-09
9.16193327591e-10	3.05248265553e-09
9.17397261004e-10	3.67701685766e-09
9.18601194417e-10	4.25398316573e-09
