% time-domain current integration by openEMS v0.37.0-rc1-2-g7b051bb @Thu Aug  6 23:27:25 2026
% start-coordinates: (0.00268882,0.00268882,-0.000889) m -> [93,93,13]
% stop-coordinates: (0.00323,0.00323,-0.000889) m -> [104,104,13]
% t/s	current
6.68851896328e-14	0
1.27081860302e-12	0
2.47475201641e-12	0
3.67868542981e-12	0
4.8826188432e-12	0
6.08655225659e-12	0
7.29048566998e-12	0
8.49441908337e-12	0
9.69835249676e-12	0
1.09022859102e-11	0
1.21062193235e-11	0
1.33101527369e-11	0
1.45140861503e-11	0
1.57180195637e-11	0
1.69219529771e-11	5.04411574585e-37
1.81258863905e-11	5.84002270815e-33
1.93298198039e-11	1.46795764623e-29
2.05337532173e-11	1.20554694205e-26
2.17376866307e-11	3.87734482918e-24
2.29416200441e-11	5.61195092616e-22
2.41455534575e-11	4.07163629905e-20
2.53494868708e-11	1.61238108524e-18
2.65534202842e-11	3.73607902711e-17
2.77573536976e-11	5.37422023303e-16
2.8961287111e-11	5.05291914267e-15
3.01652205244e-11	3.24710317499e-14
3.13691539378e-11	1.48030974414e-13
3.25730873512e-11	4.91810476892e-13
3.37770207646e-11	1.19792240363e-12
3.4980954178e-11	2.02023662556e-12
3.61848875914e-11	1.51739547576e-12
3.73888210048e-11	-4.12652377546e-12
3.85927544181e-11	-2.20841019083e-11
3.97966878315e-11	-6.262278196e-11
4.10006212449e-11	-1.36570990628e-10
4.22045546583e-11	-2.49352066772e-10
4.34084880717e-11	-3.8958611337e-10
4.46124214851e-11	-5.11491515809e-10
4.58163548985e-11	-5.16519993443e-10
4.70202883119e-11	-2.47855819202e-10
4.82242217253e-11	4.85630369251e-10
4.94281551387e-11	1.84567205963e-09
5.06320885521e-11	3.86357124071e-09
5.18360219654e-11	6.32448893256e-09
5.30399553788e-11	8.68887628513e-09
5.42438887922e-11	1.01181152345e-08
5.54478222056e-11	9.65252411333e-09
5.6651755619e-11	6.53786891291e-09
5.78556890324e-11	6.09450157008e-10
5.90596224458e-11	-7.42660244413e-09
6.02635558592e-11	-1.59682294054e-08
6.14674892726e-11	-2.28437695426e-08
6.2671422686e-11	-2.59495589461e-08
6.38753560994e-11	-2.3992033249e-08
6.50792895128e-11	-1.70643250641e-08
6.62832229261e-11	-6.80618983395e-09
6.74871563395e-11	3.96498300859e-09
6.86910897529e-11	1.20372938284e-08
6.98950231663e-11	1.47659671157e-08
7.10989565797e-11	1.09001794257e-08
7.23028899931e-11	1.01014729914e-09
7.35068234065e-11	-1.25763861547e-08
7.47107568199e-11	-2.6302918954e-08
7.59146902333e-11	-3.62264138687e-08
7.71186236467e-11	-3.8965072946e-08
7.83225570601e-11	-3.25646318799e-08
7.95264904734e-11	-1.7086033921e-08
8.07304238868e-11	5.23367749139e-09
8.19343573002e-11	3.03280529579e-08
8.31382907136e-11	5.31357677858e-08
8.4342224127e-11	6.87418051371e-08
8.55461575404e-11	7.35596472623e-08
8.67500909538e-11	6.62209771463e-08
8.79540243672e-11	4.79351420779e-08
8.91579577806e-11	2.22473577338e-08
9.0361891194e-11	-5.72429970092e-09
9.15658246074e-11	-3.03731439999e-08
9.27697580207e-11	-4.67982061991e-08
9.39736914341e-11	-5.19041059022e-08
9.51776248475e-11	-4.51964119463e-08
9.63815582609e-11	-2.90661965607e-08
9.75854916743e-11	-8.35504909702e-09
9.87894250877e-11	1.08324611503e-08
9.99933585011e-11	2.28518661771e-08
1.01197291914e-10	2.42628317437e-08
1.02401225328e-10	1.49497196844e-08
1.03605158741e-10	-1.86312321127e-09
1.04809092155e-10	-2.07593444657e-08
1.06013025568e-10	-3.6005744164e-08
1.07216958981e-10	-4.33954134849e-08
1.08420892395e-10	-4.13383318687e-08
1.09624825808e-10	-3.08709289243e-08
1.10828759222e-10	-1.47844723131e-08
1.12032692635e-10	3.57423957098e-09
1.13236626048e-10	2.12344168915e-08
1.14440559462e-10	3.59579672704e-08
1.15644492875e-10	4.61102978022e-08
1.16848426289e-10	5.03944193042e-08
1.18052359702e-10	4.78093156175e-08
1.19256293115e-10	3.79463749312e-08
1.20460226529e-10	2.14640660801e-08
1.21664159942e-10	3.98085009401e-10
1.22868093356e-10	-2.19472120477e-08
1.24072026769e-10	-4.15899847894e-08
1.25275960182e-10	-5.47508278714e-08
1.26479893596e-10	-5.870963804e-08
1.27683827009e-10	-5.23980041578e-08
1.28887760422e-10	-3.6577784357e-08
1.30091693836e-10	-1.36398892181e-08
1.31295627249e-10	1.2848725639e-08
1.32499560663e-10	3.87550365133e-08
1.33703494076e-10	6.00284408847e-08
1.34907427489e-10	7.33393292762e-08
1.36111360903e-10	7.66257457485e-08
1.37315294316e-10	6.94310244853e-08
1.3851922773e-10	5.2956888652e-08
1.39723161143e-10	2.97705806673e-08
1.40927094556e-10	3.23903082133e-09
1.4213102797e-10	-2.31581296362e-08
1.43334961383e-10	-4.64358436147e-08
1.44538894797e-10	-6.44499849045e-08
1.4574282821e-10	-7.59446336929e-08
1.46946761623e-10	-8.03717412623e-08
1.48150695037e-10	-7.76486928089e-08
1.4935462845e-10	-6.80313689827e-08
1.50558561864e-10	-5.21725560532e-08
1.51762495277e-10	-3.1300626091e-08
1.5296642869e-10	-7.35081417957e-09
1.54170362104e-10	1.71268688121e-08
1.55374295517e-10	3.93384453901e-08
1.5657822893e-10	5.67919933303e-08
1.57782162344e-10	6.77886333733e-08
1.58986095757e-10	7.16584196425e-08
1.60190029171e-10	6.86678802708e-08
1.61393962584e-10	5.97161502469e-08
1.62597895997e-10	4.60379716571e-08
1.63801829411e-10	2.90699446737e-08
1.65005762824e-10	1.04831148207e-08
1.66209696238e-10	-7.77923236939e-09
1.67413629651e-10	-2.36309496415e-08
1.68617563064e-10	-3.52047244689e-08
1.69821496478e-10	-4.13348999473e-08
1.71025429891e-10	-4.19036219057e-08
1.72229363305e-10	-3.78556563874e-08
1.73433296718e-10	-3.08308827357e-08
1.74637230131e-10	-2.25819203337e-08
1.75841163545e-10	-1.44499079369e-08
1.77045096958e-10	-7.11235115247e-09
1.78249030372e-10	-6.87232881713e-10
1.79452963785e-10	4.94085616864e-09
1.80656897198e-10	9.76986491708e-09
1.81860830612e-10	1.35054802897e-08
1.83064764025e-10	1.56291921627e-08
1.84268697438e-10	1.56321640077e-08
1.85472630852e-10	1.32758435356e-08
1.86676564265e-10	8.72540262264e-09
1.87880497679e-10	2.51985210475e-09
1.89084431092e-10	-4.56981075203e-09
1.90288364505e-10	-1.16959402163e-08
1.91492297919e-10	-1.80168626684e-08
1.92696231332e-10	-2.27240875006e-08
1.93900164746e-10	-2.50749625508e-08
1.95104098159e-10	-2.45016948952e-08
1.96308031572e-10	-2.07911714512e-08
1.97511964986e-10	-1.42403404624e-08
1.98715898399e-10	-5.68177727089e-09
1.99919831813e-10	3.67730468298e-09
2.01123765226e-10	1.25380692495e-08
2.02327698639e-10	1.97834566507e-08
2.03531632053e-10	2.46333389242e-08
2.04735565466e-10	2.66549236017e-08
2.0593949888e-10	2.57157264372e-08
2.07143432293e-10	2.19859188633e-08
2.08347365706e-10	1.60182072051e-08
2.0955129912e-10	8.83327366807e-09
2.10755232533e-10	1.86784543388e-09
2.11959165946e-10	-3.29208083016e-09
2.1316309936e-10	-5.35696820236e-09
2.14367032773e-10	-3.77873021762e-09
2.15570966187e-10	9.99789917522e-10
2.167748996e-10	7.61716290043e-09
2.17978833013e-10	1.41747316107e-08
2.19182766427e-10	1.87677535735e-08
2.2038669984e-10	1.99919245603e-08
2.21590633254e-10	1.72703167323e-08
2.22794566667e-10	1.09334052922e-08
2.2399850008e-10	2.07229278182e-09
2.25202433494e-10	-7.77082576064e-09
2.26406366907e-10	-1.69788147986e-08
2.27610300321e-10	-2.42176767529e-08
2.28814233734e-10	-2.87049388703e-08
2.30018167147e-10	-3.03205247576e-08
2.31222100561e-10	-2.95498452374e-08
2.32426033974e-10	-2.72666937917e-08
2.33629967387e-10	-2.44155362594e-08
2.34833900801e-10	-2.1687803553e-08
2.36037834214e-10	-1.92907858576e-08
2.37241767628e-10	-1.68998379735e-08
2.38445701041e-10	-1.38173179565e-08
2.39649634454e-10	-9.2971355059e-09
2.40853567868e-10	-2.91595436686e-09
2.42057501281e-10	5.15326181727e-09
2.43261434695e-10	1.40736231558e-08
2.44465368108e-10	2.25258212083e-08
2.45669301521e-10	2.90675821191e-08
2.46873234935e-10	3.25478239915e-08
2.48077168348e-10	3.24363078619e-08
2.49281101762e-10	2.89637664963e-08
2.50485035175e-10	2.30554633163e-08
2.51688968588e-10	1.60823301343e-08
2.52892902002e-10	9.50876266614e-09
2.54096835415e-10	4.53241222331e-09
2.55300768829e-10	1.81100645591e-09
2.56504702242e-10	1.34831956711e-09
2.57708635655e-10	2.56331578186e-09
2.58912569069e-10	4.5110275515e-09
2.60116502482e-10	6.17215700771e-09
2.61320435895e-10	6.71224453797e-09
2.62524369309e-10	5.64222712995e-09
2.63728302722e-10	2.86528578641e-09
2.64932236136e-10	-1.35742805885e-09
2.66136169549e-10	-6.47427000899e-09
2.67340102962e-10	-1.17135181554e-08
2.68544036376e-10	-1.61669895249e-08
2.69747969789e-10	-1.89204332202e-08
2.70951903203e-10	-1.92379854269e-08
2.72155836616e-10	-1.67757239211e-08
2.73359770029e-10	-1.17479421746e-08
2.74563703443e-10	-4.96769114733e-09
2.75767636856e-10	2.28129959368e-09
2.7697157027e-10	8.52223003278e-09
2.78175503683e-10	1.24265815415e-08
2.79379437096e-10	1.31130946102e-08
2.8058337051e-10	1.03228812165e-08
2.81787303923e-10	4.4300638713e-09
2.82991237337e-10	-3.6785303692e-09
2.8419517075e-10	-1.27975789965e-08
2.85399104163e-10	-2.16032773892e-08
2.86603037577e-10	-2.88305059826e-08
2.8780697099e-10	-3.34283356551e-08
2.89010904403e-10	-3.46995463474e-08
2.90214837817e-10	-3.2423923102e-08
2.9141877123e-10	-2.69334581304e-08
2.92622704644e-10	-1.90909990039e-08
2.93826638057e-10	-1.01392432228e-08
2.9503057147e-10	-1.44256440127e-09
2.96234504884e-10	5.81764370011e-09
2.97438438297e-10	1.09000204418e-08
2.98642371711e-10	1.3636856977e-08
2.99846305124e-10	1.44070595454e-08
3.01050238537e-10	1.39666020971e-08
3.02254171951e-10	1.3187455572e-08
3.03458105364e-10	1.27825368068e-08
3.04662038778e-10	1.30881376847e-08
3.05865972191e-10	1.39637874597e-08
3.07069905604e-10	1.48447591997e-08
3.08273839018e-10	1.49334304922e-08
3.09477772431e-10	1.34800854923e-08
3.10681705845e-10	1.00597610242e-08
3.11885639258e-10	4.74878580903e-09
3.13089572671e-10	-1.85872151004e-09
3.14293506085e-10	-8.79803963016e-09
3.15497439498e-10	-1.49829837426e-08
3.16701372911e-10	-1.94696081479e-08
3.17905306325e-10	-2.16506563788e-08
3.19109239738e-10	-2.13316866393e-08
3.20313173152e-10	-1.86939761448e-08
3.21517106565e-10	-1.41788092378e-08
3.22721039978e-10	-8.34905211633e-09
3.23924973392e-10	-1.7741376146e-09
3.25128906805e-10	5.03243180461e-09
3.26332840219e-10	1.16184661891e-08
3.27536773632e-10	1.75602767882e-08
3.28740707045e-10	2.24239649071e-08
3.29944640459e-10	2.5757103117e-08
3.31148573872e-10	2.71311240141e-08
3.32352507286e-10	2.623482942e-08
3.33556440699e-10	2.29931913509e-08
3.34760374112e-10	1.76613479397e-08
3.35964307526e-10	1.08497131279e-08
3.37168240939e-10	3.44925887852e-09
3.38372174353e-10	-3.5381420016e-09
3.39576107766e-10	-9.21690634925e-09
3.40780041179e-10	-1.29999566667e-08
3.41983974593e-10	-1.47260506012e-08
3.43187908006e-10	-1.46493670528e-08
3.44391841419e-10	-1.33048496664e-08
3.45595774833e-10	-1.1293654012e-08
3.46799708246e-10	-9.07453312493e-09
3.4800364166e-10	-6.83963463644e-09
3.49207575073e-10	-4.52496884407e-09
3.50411508486e-10	-1.95497262823e-09
3.516154419e-10	9.56631884819e-10
3.52819375313e-10	4.04687128253e-09
3.54023308727e-10	6.8747265658e-09
3.5522724214e-10	8.84968542891e-09
3.56431175553e-10	9.46216793807e-09
3.57635108967e-10	8.5118578852e-09
3.5883904238e-10	6.22125062577e-09
3.60042975794e-10	3.17962922658e-09
3.61246909207e-10	1.42976352979e-10
3.6245084262e-10	-2.22149343365e-09
3.63654776034e-10	-3.53714901813e-09
3.64858709447e-10	-3.79478359847e-09
3.66062642861e-10	-3.29083515993e-09
3.67266576274e-10	-2.47268494569e-09
3.68470509687e-10	-1.76147174624e-09
3.69674443101e-10	-1.41403344589e-09
3.70878376514e-10	-1.46758261099e-09
3.72082309927e-10	-1.76672554364e-09
3.73286243341e-10	-2.0547790136e-09
3.74490176754e-10	-2.08900918786e-09
3.75694110168e-10	-1.73561309769e-09
3.76898043581e-10	-1.01114705497e-09
3.78101976994e-10	-5.42888269062e-11
3.79305910408e-10	9.51723366782e-10
3.80509843821e-10	1.86753079667e-09
3.81713777235e-10	2.64924038262e-09
3.82917710648e-10	3.33480176806e-09
3.84121644061e-10	3.97801303009e-09
3.85325577475e-10	4.56789184256e-09
3.86529510888e-10	4.98782437575e-09
3.87733444302e-10	5.04659158906e-09
3.88937377715e-10	4.57277371524e-09
3.90141311128e-10	3.52736906351e-09
3.91345244542e-10	2.06972972094e-09
3.92549177955e-10	5.39271793887e-10
3.93753111369e-10	-6.50990261697e-10
3.94957044782e-10	-1.16422171903e-09
3.96160978195e-10	-8.69634309009e-10
3.97364911609e-10	9.95023716199e-11
3.98568845022e-10	1.38314948384e-09
3.99772778435e-10	2.50656095879e-09
4.00976711849e-10	3.02167335597e-09
4.02180645262e-10	2.63239652298e-09
4.03384578676e-10	1.2663433635e-09
4.04588512089e-10	-9.15224229736e-10
4.05792445502e-10	-3.56393270451e-09
4.06996378916e-10	-6.22828943975e-09
4.08200312329e-10	-8.44962677604e-09
4.09404245743e-10	-9.85152226463e-09
4.10608179156e-10	-1.02007460256e-08
4.11812112569e-10	-9.43541511589e-09
4.13016045983e-10	-7.65434027272e-09
4.14219979396e-10	-5.08160269419e-09
4.1542391281e-10	-2.02224281765e-09
4.16627846223e-10	1.18508669544e-09
4.17831779636e-10	4.20740597917e-09
4.1903571305e-10	6.75508271542e-09
4.20239646463e-10	8.61333671054e-09
4.21443579877e-10	9.66280122583e-09
4.2264751329e-10	9.88289539094e-09
4.23851446703e-10	9.33064647768e-09
4.25055380117e-10	8.10661671125e-09
4.2625931353e-10	6.31966212694e-09
4.27463246943e-10	4.07134503888e-09
4.28667180357e-10	1.4687520089e-09
4.2987111377e-10	-1.34771827032e-09
4.31075047184e-10	-4.17716528034e-09
4.32278980597e-10	-6.75754208146e-09
4.3348291401e-10	-8.79995809555e-09
4.34686847424e-10	-1.00482919763e-08
4.35890780837e-10	-1.03436637033e-08
4.37094714251e-10	-9.66357838195e-09
4.38298647664e-10	-8.12355427371e-09
4.39502581077e-10	-5.93903770607e-09
4.40706514491e-10	-3.36610117557e-09
4.41910447904e-10	-6.48216091914e-10
4.43114381318e-10	2.01419592116e-09
4.44318314731e-10	4.46202141902e-09
4.45522248144e-10	6.55562315544e-09
4.46726181558e-10	8.15208078819e-09
4.47930114971e-10	9.10035335977e-09
4.49134048384e-10	9.26386967137e-09
4.50337981798e-10	8.55943760314e-09
4.51541915211e-10	6.99785918101e-09
4.52745848625e-10	4.7061115005e-09
4.53949782038e-10	1.92249149933e-09
4.55153715451e-10	-1.03429087517e-09
4.56357648865e-10	-3.81706088959e-09
4.57561582278e-10	-6.1056932843e-09
4.58765515692e-10	-7.65971730488e-09
4.59969449105e-10	-8.35494073925e-09
4.61173382518e-10	-8.19610423974e-09
4.62377315932e-10	-7.30353821865e-09
4.63581249345e-10	-5.87186210765e-09
4.64785182759e-10	-4.11506562159e-09
4.65989116172e-10	-2.21427698399e-09
4.67193049585e-10	-2.87302487356e-10
4.68396982999e-10	1.60802116067e-09
4.69600916412e-10	3.44123574081e-09
4.70804849826e-10	5.16147879992e-09
4.72008783239e-10	6.6612124705e-09
4.73212716652e-10	7.76867281616e-09
4.74416650066e-10	8.2770865717e-09
4.75620583479e-10	8.00376298571e-09
4.76824516892e-10	6.85499257358e-09
4.78028450306e-10	4.87770135393e-09
4.79232383719e-10	2.27660645891e-09
4.80436317133e-10	-6.09933215046e-10
4.81640250546e-10	-3.36863359429e-09
4.82844183959e-10	-5.59304558223e-09
4.84048117373e-10	-6.96624402607e-09
4.85252050786e-10	-7.3275594481e-09
4.864559842e-10	-6.70534827663e-09
4.87659917613e-10	-5.30624522099e-09
4.88863851026e-10	-3.46394424255e-09
4.9006778444e-10	-1.55694668269e-09
4.91271717853e-10	7.93353716055e-11
4.92475651267e-10	1.2205813027e-09
4.9367958468e-10	1.78338765977e-09
4.94883518093e-10	1.81153025913e-09
4.96087451507e-10	1.43180467482e-09
4.9729138492e-10	7.99006305563e-10
4.98495318334e-10	5.34870238378e-11
4.99699251747e-10	-6.98661628551e-10
5.0090318516e-10	-1.38492284307e-09
5.02107118574e-10	-1.95364502353e-09
5.03311051987e-10	-2.36486941141e-09
5.045149854e-10	-2.58790544549e-09
5.05718918814e-10	-2.60784838169e-09
5.06922852227e-10	-2.43365283481e-09
5.08126785641e-10	-2.09874895241e-09
5.09330719054e-10	-1.65484592696e-09
5.10534652467e-10	-1.15799725364e-09
5.11738585881e-10	-6.54953424828e-10
5.12942519294e-10	-1.75771647237e-10
5.14146452708e-10	2.65916094699e-10
5.15350386121e-10	6.62788324224e-10
5.16554319534e-10	1.00262309566e-09
5.17758252948e-10	1.25876931101e-09
5.18962186361e-10	1.38994249443e-09
5.20166119775e-10	1.3512152508e-09
5.21370053188e-10	1.11065578956e-09
5.22573986601e-10	6.68151978189e-10
5.23777920015e-10	6.48234035894e-11
5.24981853428e-10	-6.17585371732e-10
5.26185786842e-10	-1.2692809026e-09
5.27389720255e-10	-1.7720125367e-09
5.28593653668e-10	-2.01833461055e-09
5.29797587082e-10	-1.92724169956e-09
5.31001520495e-10	-1.45364897897e-09
5.32205453908e-10	-5.96665772346e-10
5.33409387322e-10	5.93456450648e-10
5.34613320735e-10	2.01010519341e-09
5.35817254149e-10	3.4917542191e-09
5.37021187562e-10	4.83725015599e-09
5.38225120975e-10	5.83572790092e-09
5.39429054389e-10	6.30739105389e-09
5.40632987802e-10	6.14359274564e-09
5.41836921216e-10	5.33274047143e-09
5.43040854629e-10	3.96447452644e-09
5.44244788042e-10	2.20947038443e-09
5.45448721456e-10	2.83116641242e-10
5.46652654869e-10	-1.59544288891e-09
5.47856588283e-10	-3.23764282051e-09
5.49060521696e-10	-4.50350290393e-09
5.50264455109e-10	-5.30430277479e-09
5.51468388523e-10	-5.59346169382e-09
5.52672321936e-10	-5.35622879383e-09
5.5387625535e-10	-4.60640281474e-09
5.55080188763e-10	-3.39110672876e-09
5.56284122176e-10	-1.80228743041e-09
5.5748805559e-10	1.5967335093e-11
5.58691989003e-10	1.87174853394e-09
5.59895922416e-10	3.54675266934e-09
5.6109985583e-10	4.8312078782e-09
5.62303789243e-10	5.56109425176e-09
5.63507722657e-10	5.64932500779e-09
5.6471165607e-10	5.09925390801e-09
5.65915589483e-10	3.99968369535e-09
5.67119522897e-10	2.50645948441e-09
5.6832345631e-10	8.13487333051e-10
5.69527389724e-10	-8.754023062e-10
5.70731323137e-10	-2.37259834002e-09
5.7193525655e-10	-3.5257725628e-09
5.73139189964e-10	-4.22981560888e-09
5.74343123377e-10	-4.43359171598e-09
5.75547056791e-10	-4.1402286044e-09
5.76750990204e-10	-3.40459771486e-09
5.77954923617e-10	-2.32663066591e-09
5.79158857031e-10	-1.040238784e-09
5.80362790444e-10	3.03052166695e-10
5.81566723858e-10	1.55325907691e-09
5.82770657271e-10	2.58159627009e-09
5.83974590684e-10	3.29686145051e-09
5.85178524098e-10	3.65514685186e-09
5.86382457511e-10	3.66096930549e-09
5.87586390924e-10	3.36067507156e-09
5.88790324338e-10	2.8286011311e-09
5.89994257751e-10	2.15027040618e-09
5.91198191165e-10	1.40542055771e-09
5.92402124578e-10	6.54914289466e-10
5.93606057991e-10	-6.46631637125e-11
5.94809991405e-10	-7.37492678038e-10
5.96013924818e-10	-1.35731936801e-09
5.97217858232e-10	-1.91382820702e-09
5.98421791645e-10	-2.38158892607e-09
5.99625725058e-10	-2.71625433257e-09
6.00829658472e-10	-2.86059398391e-09
6.02033591885e-10	-2.75838085706e-09
6.03237525299e-10	-2.37206654319e-09
6.04441458712e-10	-1.699862473e-09
6.05645392125e-10	-7.86033627076e-10
6.06849325539e-10	2.79947259818e-10
6.08053258952e-10	1.37627875763e-09
6.09257192366e-10	2.37153074956e-09
6.10461125779e-10	3.15085157965e-09
6.11665059192e-10	3.63614649501e-09
6.12868992606e-10	3.79426134955e-09
6.14072926019e-10	3.63262864234e-09
6.15276859432e-10	3.18638671004e-09
6.16480792846e-10	2.50586373873e-09
6.17684726259e-10	1.64904556677e-09
6.18888659673e-10	6.81702139183e-10
6.20092593086e-10	-3.19104548341e-10
6.21296526499e-10	-1.26345078844e-09
6.22500459913e-10	-2.05292183253e-09
6.23704393326e-10	-2.59270227509e-09
6.2490832674e-10	-2.80826006893e-09
6.26112260153e-10	-2.66273980642e-09
6.27316193566e-10	-2.16914464168e-09
6.2852012698e-10	-1.39376854502e-09
6.29724060393e-10	-4.48160841771e-10
6.30927993807e-10	5.30185229053e-10
6.3213192722e-10	1.40360212342e-09
6.33335860633e-10	2.06006722792e-09
6.34539794047e-10	2.43122411092e-09
6.3574372746e-10	2.49745202296e-09
6.36947660874e-10	2.2805042299e-09
6.38151594287e-10	1.82841142227e-09
6.393555277e-10	1.20078835764e-09
6.40559461114e-10	4.60181726059e-10
6.41763394527e-10	-3.29392596532e-10
6.4296732794e-10	-1.09972952966e-09
6.44171261354e-10	-1.77777670363e-09
6.45375194767e-10	-2.29033858545e-09
6.46579128181e-10	-2.57459120689e-09
6.47783061594e-10	-2.59164067984e-09
6.48986995007e-10	-2.33714980702e-09
6.50190928421e-10	-1.84583659468e-09
6.51394861834e-10	-1.18818288541e-09
6.52598795248e-10	-4.60285060067e-10
6.53802728661e-10	2.30995556016e-10
6.55006662074e-10	7.85815745807e-10
6.56210595488e-10	1.1288302515e-09
6.57414528901e-10	1.22370447109e-09
6.58618462315e-10	1.08057029991e-09
6.59822395728e-10	7.5257905463e-10
6.61026329141e-10	3.21780158075e-10
6.62230262555e-10	-1.21803483966e-10
6.63434195968e-10	-5.01602259728e-10
6.64638129382e-10	-7.68322627742e-10
6.65842062795e-10	-9.02712127271e-10
6.67045996208e-10	-9.08897346275e-10
6.68249929622e-10	-8.0274698e-10
6.69453863035e-10	-6.02001781758e-10
6.70657796448e-10	-3.21638521372e-10
6.71861729862e-10	2.48805837044e-11
6.73065663275e-10	4.21638723935e-10
6.74269596689e-10	8.46651748709e-10
6.75473530102e-10	1.27074473166e-09
6.76677463515e-10	1.65920777118e-09
6.77881396929e-10	1.9747044e-09
6.79085330342e-10	2.18126827711e-09
6.80289263756e-10	2.24844431962e-09
6.81493197169e-10	2.15574647022e-09
6.82697130582e-10	1.8974015692e-09
6.83901063996e-10	1.48549172962e-09
6.85104997409e-10	9.50335254934e-10
6.86308930823e-10	3.38197359007e-10
6.87512864236e-10	-2.94199609119e-10
6.88716797649e-10	-8.85526763028e-10
6.89920731063e-10	-1.3762477824e-09
6.91124664476e-10	-1.71403213844e-09
6.92328597889e-10	-1.85866244617e-09
6.93532531303e-10	-1.78710779508e-09
6.94736464716e-10	-1.49721590681e-09
6.9594039813e-10	-1.01008212905e-09
6.97144331543e-10	-3.69075631168e-10
6.98348264956e-10	3.63970437123e-10
6.9955219837e-10	1.11500153555e-09
7.00756131783e-10	1.8051273809e-09
7.01960065197e-10	2.35779973323e-09
7.0316399861e-10	2.70616418163e-09
7.04367932023e-10	2.8002029584e-09
7.05571865437e-10	2.61379495825e-09
7.0677579885e-10	2.15065254494e-09
7.07979732264e-10	1.44651957079e-09
7.09183665677e-10	5.67691005315e-10
7.1038759909e-10	-3.9565134502e-10
7.11591532504e-10	-1.34009026098e-09
7.12795465917e-10	-2.16136597508e-09
7.13999399331e-10	-2.76792389009e-09
7.15203332744e-10	-3.09304359902e-09
7.16407266157e-10	-3.10407965998e-09
7.17611199571e-10	-2.80684187004e-09
7.18815132984e-10	-2.24364149481e-09
7.20019066397e-10	-1.48547252277e-09
7.21222999811e-10	-6.19965523363e-10
7.22426933224e-10	2.61326321693e-10
7.23630866638e-10	1.07345543565e-09
7.24834800051e-10	1.74444103607e-09
7.26038733464e-10	2.21813323265e-09
7.27242666878e-10	2.45580866753e-09
7.28446600291e-10	2.43808218059e-09
7.29650533705e-10	2.16812789944e-09
7.30854467118e-10	1.67445934895e-09
7.32058400531e-10	1.01117547668e-09
7.33262333945e-10	2.5397783876e-10
7.34466267358e-10	-5.08902531227e-10
7.35670200772e-10	-1.18863463516e-09
7.36874134185e-10	-1.70848679648e-09
7.38078067598e-10	-2.01445837789e-09
7.39282001012e-10	-2.08191019979e-09
7.40485934425e-10	-1.91746307721e-09
7.41689867839e-10	-1.55557866588e-09
7.42893801252e-10	-1.051429388e-09
7.44097734665e-10	-4.71010230818e-10
7.45301668079e-10	1.18988208175e-10
7.46505601492e-10	6.59860222019e-10
7.47709534905e-10	1.10679310161e-09
7.48913468319e-10	1.43108569439e-09
7.50117401732e-10	1.62053082065e-09
7.51321335146e-10	1.67733094081e-09
7.52525268559e-10	1.61554181144e-09
7.53729201972e-10	1.45796663631e-09
7.54933135386e-10	1.23182142264e-09
7.56137068799e-10	9.64621049704e-10
7.57341002213e-10	6.80052403279e-10
7.58544935626e-10	3.96043559059e-10
7.59748869039e-10	1.25571261722e-10
7.60952802453e-10	-1.20946683224e-10
7.62156735866e-10	-3.32199434627e-10
7.6336066928e-10	-4.94792318229e-10
7.64564602693e-10	-5.94534754761e-10
7.65768536106e-10	-6.20059281697e-10
7.6697246952e-10	-5.67005165042e-10
7.68176402933e-10	-4.40135650148e-10
7.69380336347e-10	-2.53234988534e-10
7.7058426976e-10	-2.62077182872e-11
7.71788203173e-10	2.18247656059e-10
7.72992136587e-10	4.57090282291e-10
7.7419607e-10	6.68000876836e-10
7.75400003413e-10	8.29030954996e-10
7.76603936827e-10	9.19435083624e-10
7.7780787024e-10	9.2184487821e-10
7.79011803654e-10	8.26196722148e-10
7.80215737067e-10	6.34550245682e-10
7.8141967048e-10	3.63600843878e-10
7.82623603894e-10	4.46459605397e-11
7.83827537307e-10	-2.80799716812e-10
7.85031470721e-10	-5.68445068794e-10
7.86235404134e-10	-7.79324993427e-10
7.87439337547e-10	-8.87532325411e-10
7.88643270961e-10	-8.84311845972e-10
7.89847204374e-10	-7.78884845509e-10
7.91051137788e-10	-5.95332561026e-10
7.92255071201e-10	-3.66790597894e-10
7.93459004614e-10	-1.29020599759e-10
7.94662938028e-10	8.60240351175e-11
7.95866871441e-10	2.54457094284e-10
7.97070804855e-10	3.62375907059e-10
7.98274738268e-10	4.05196320941e-10
7.99478671681e-10	3.85112497447e-10
8.00682605095e-10	3.0858024469e-10
8.01886538508e-10	1.84196435882e-10
8.03090471921e-10	2.26612843074e-11
8.04294405335e-10	-1.62138691362e-10
8.05498338748e-10	-3.52119500224e-10
8.06702272162e-10	-5.24944032687e-10
8.07906205575e-10	-6.56945498001e-10
8.09110138988e-10	-7.27065463391e-10
8.10314072402e-10	-7.21777970725e-10
8.11518005815e-10	-6.38147923393e-10
8.12721939229e-10	-4.83795836725e-10
8.13925872642e-10	-2.74335443251e-10
8.15129806055e-10	-2.90082211724e-11
8.16333739469e-10	2.32834113101e-10
8.17537672882e-10	4.93586171935e-10
8.18741606296e-10	7.3715716864e-10
8.19945539709e-10	9.47421585629e-10
8.21149473122e-10	1.10737063963e-09
8.22353406536e-10	1.19941256926e-09
8.23557339949e-10	1.20728460562e-09
8.24761273363e-10	1.11933662339e-09
8.25965206776e-10	9.32068089377e-10
8.27169140189e-10	6.53477383317e-10
8.28373073603e-10	3.04588992917e-10
8.29577007016e-10	-8.06272132392e-11
8.30780940429e-10	-4.58639126677e-10
8.31984873843e-10	-7.82587050718e-10
8.33188807256e-10	-1.01035202427e-09
8.3439274067e-10	-1.11311149187e-09
8.35596674083e-10	-1.08094677653e-09
8.36800607496e-10	-9.24393006585e-10
8.3800454091e-10	-6.70452193763e-10
8.39208474323e-10	-3.54992701901e-10
8.40412407737e-10	-1.42689601454e-11
8.4161634115e-10	3.21836612915e-10
8.42820274563e-10	6.3197141964e-10
8.44024207977e-10	9.01529184638e-10
8.4522814139e-10	1.11823061921e-09
8.46432074804e-10	1.26767019104e-09
8.47636008217e-10	1.33177768813e-09
8.4883994163e-10	1.29088040257e-09
8.50043875044e-10	1.12976639155e-09
8.51247808457e-10	8.45041647768e-10
8.52451741871e-10	4.51217507802e-10
8.53655675284e-10	-1.66586328065e-11
8.54859608697e-10	-5.06359842944e-10
8.56063542111e-10	-9.56508205974e-10
8.57267475524e-10	-1.3084634487e-09
8.58471408937e-10	-1.51811085924e-09
8.59675342351e-10	-1.56434654119e-09
8.60879275764e-10	-1.45211531688e-09
8.62083209178e-10	-1.2082587153e-09
8.63287142591e-10	-8.73005723268e-10
8.64491076004e-10	-4.89656371006e-10
8.65695009418e-10	-9.62284002481e-11
8.66898942831e-10	2.776313901e-10
8.68102876245e-10	6.09551686903e-10
8.69306809658e-10	8.80122419389e-10
8.70510743071e-10	1.06959185953e-09
8.71714676485e-10	1.15810172563e-09
8.72918609898e-10	1.13008080671e-09
8.74122543312e-10	9.81329573158e-10
8.75326476725e-10	7.24589055423e-10
8.76530410138e-10	3.91227883423e-10
8.77734343552e-10	2.67808639848e-11
8.78938276965e-10	-3.18236381691e-10
8.80142210379e-10	-5.98825933285e-10
8.81346143792e-10	-7.84448006552e-10
8.82550077205e-10	-8.6328588722e-10
8.83754010619e-10	-8.41570035881e-10
8.84957944032e-10	-7.38856087423e-10
8.86161877445e-10	-5.81162062918e-10
8.87365810859e-10	-3.94631771705e-10
8.88569744272e-10	-2.00359145941e-10
8.89773677686e-10	-1.22025688165e-11
8.90977611099e-10	1.62808322379e-10
8.92181544512e-10	3.21907778211e-10
8.93385477926e-10	4.62627769426e-10
8.94589411339e-10	5.79606029838e-10
8.95793344753e-10	6.63007093671e-10
8.96997278166e-10	7.00268121268e-10
8.98201211579e-10	6.80462075575e-10
8.99405144993e-10	5.99643168453e-10
9.00609078406e-10	4.65052329979e-10
9.0181301182e-10	2.95665186778e-10
9.03016945233e-10	1.18765983159e-10
9.04220878646e-10	-3.65601854346e-11
9.0542481206e-10	-1.46668913126e-10
9.06628745473e-10	-1.98524724437e-10
9.07832678886e-10	-1.91628615753e-10
9.090366123e-10	-1.36088723623e-10
9.10240545713e-10	-4.86200281424e-11
9.11444479127e-10	5.20788169533e-11
9.1264841254e-10	1.49264947624e-10
9.13852345953e-10	2.30172755855e-10
9.15056279367e-10	2.87033341539e-10
9.1626021278e-10	3.16526416189e-10
9.17464146194e-10	3.18890913675e-10
9.18668079607e-10	2.96409508049e-10
