% time-domain voltage integration by openEMS v0.37.0-rc1-2-g7b051bb @Sat Aug  8 20:57:31 2026
% start-coordinates: (0.000303837,0.00131054,0.00908314) m -> [36,50,141]
% stop-coordinates: (0.000585775,0.00131054,0.00908314) m -> [40,50,141]
% t/s	voltage
0	0
1.20694985616e-12	0
2.41389971232e-12	0
3.62084956847e-12	0
4.82779942463e-12	0
6.03474928079e-12	0
7.24169913695e-12	0
8.44864899311e-12	0
9.65559884926e-12	0
1.08625487054e-11	1.34796739626e-34
1.20694985616e-11	1.46759584553e-30
1.32764484177e-11	1.93213413511e-27
1.44833982739e-11	-1.74193225203e-24
1.56903481301e-11	-2.10208078434e-21
1.68972979862e-11	-5.36964721154e-19
1.81042478424e-11	-5.14032929e-17
1.93111976985e-11	-2.22404885095e-15
2.05181475547e-11	-4.89140817084e-14
2.17250974108e-11	-5.99800021933e-13
2.2932047267e-11	-4.43093305103e-12
2.41389971232e-11	-2.09362705124e-11
2.53459469793e-11	-6.56374156416e-11
2.65528968355e-11	-1.36468477144e-10
2.77598466916e-11	-1.62319383629e-10
2.89667965478e-11	5.64634701841e-11
3.01737464039e-11	9.1055359086e-10
3.13806962601e-11	3.02204122837e-09
3.25876461163e-11	7.13831627142e-09
3.37945959724e-11	1.37711329007e-08
3.50015458286e-11	2.24718581521e-08
3.62084956847e-11	3.07000074251e-08
3.74154455409e-11	3.24796860518e-08
3.86223953971e-11	1.78356573954e-08
3.98293452532e-11	-2.59231085487e-08
4.10362951094e-11	-1.10357699867e-07
4.22432449655e-11	-2.38994445567e-07
4.34501948217e-11	-3.9846730715e-07
4.46571446778e-11	-5.51270559868e-07
4.5864094534e-11	-6.35635529989e-07
4.70710443902e-11	-5.76786959527e-07
4.82779942463e-11	-3.10707591211e-07
4.94849441025e-11	1.83700752387e-07
5.06918939586e-11	8.55671814293e-07
5.18988438148e-11	1.57087083608e-06
5.3105793671e-11	2.13030702412e-06
5.43127435271e-11	2.32241660569e-06
5.55196933833e-11	1.99762556008e-06
5.67266432394e-11	1.13945576175e-06
5.79335930956e-11	-9.86095169964e-08
5.91405429517e-11	-1.4142982252e-06
6.03474928079e-11	-2.43991576099e-06
6.15544426641e-11	-2.86582780973e-06
6.27613925202e-11	-2.55910617852e-06
6.39683423764e-11	-1.62690625416e-06
6.51752922325e-11	-3.90374339077e-07
6.63822420887e-11	7.29894139795e-07
6.75891919448e-11	1.37642732057e-06
6.8796141801e-11	1.39690271794e-06
7.00030916572e-11	9.00988680996e-07
7.12100415133e-11	2.02132664384e-07
7.24169913695e-11	-3.32596037822e-07
7.36239412256e-11	-4.53238946818e-07
7.48308910818e-11	-1.3573946589e-07
7.6037840938e-11	4.24141887834e-07
7.72447907941e-11	9.25333438317e-07
7.84517406503e-11	1.12122238249e-06
7.96586905064e-11	9.37244749366e-07
8.08656403626e-11	4.86734442973e-07
8.20725902187e-11	-1.53119472657e-08
8.32795400749e-11	-3.82561623269e-07
8.44864899311e-11	-5.52347117377e-07
8.56934397872e-11	-5.95422591232e-07
8.69003896434e-11	-6.42135830731e-07
8.81073394995e-11	-7.81048527188e-07
8.93142893557e-11	-9.91945199758e-07
9.05212392118e-11	-1.15530940548e-06
9.1728189068e-11	-1.12282943121e-06
9.29351389242e-11	-8.05363171708e-07
9.41420887803e-11	-2.26607038911e-07
9.53490386365e-11	4.82273840419e-07
9.65559884926e-11	1.13549499758e-06
9.77629383488e-11	1.56101654625e-06
9.8969888205e-11	1.65242659023e-06
1.00176838061e-10	1.39112793818e-06
1.01383787917e-10	8.40946782432e-07
1.02590737773e-10	1.28115225095e-07
1.0379768763e-10	-5.85093346217e-07
1.05004637486e-10	-1.13120830747e-06
1.06211587342e-10	-1.3706601294e-06
1.07418537198e-10	-1.22618436649e-06
1.08625487054e-10	-7.06971079012e-07
1.0983243691e-10	8.43358769487e-08
1.11039386767e-10	9.69478691104e-07
1.12246336623e-10	1.73393260638e-06
1.13453286479e-10	2.18111966888e-06
1.14660236335e-10	2.18679844011e-06
1.15867186191e-10	1.73713291929e-06
1.17074136047e-10	9.36757714953e-07
1.18281085903e-10	-2.0357673769e-08
1.1948803576e-10	-9.09794209747e-07
1.20694985616e-10	-1.5465699903e-06
1.21901935472e-10	-1.83729633818e-06
1.23108885328e-10	-1.79516661092e-06
1.24315835184e-10	-1.51432308826e-06
1.2552278504e-10	-1.11996970986e-06
1.26729734897e-10	-7.2053121869e-07
1.27936684753e-10	-3.79898430936e-07
1.29143634609e-10	-1.19277743238e-07
1.30350584465e-10	6.66394601723e-08
1.31557534321e-10	1.90269158651e-07
1.32764484177e-10	2.62837225762e-07
1.33971434034e-10	2.92474112484e-07
1.3517838389e-10	2.85098074926e-07
1.36385333746e-10	2.41807871504e-07
1.37592283602e-10	1.56919202965e-07
1.38799233458e-10	2.2005471445e-08
1.40006183314e-10	-1.62407701509e-07
1.4121313317e-10	-3.70334490185e-07
1.42420083027e-10	-5.43897520799e-07
1.43627032883e-10	-6.03519566766e-07
1.44833982739e-10	-4.78296456663e-07
1.46040932595e-10	-1.43289312859e-07
1.47247882451e-10	3.54283045567e-07
1.48454832307e-10	8.95697766623e-07
1.49661782164e-10	1.32369837047e-06
1.5086873202e-10	1.4954385108e-06
1.52075681876e-10	1.33710827299e-06
1.53282631732e-10	8.73057757644e-07
1.54489581588e-10	2.20405198093e-07
1.55696531444e-10	-4.53178486737e-07
1.56903481301e-10	-9.88406839042e-07
1.58110431157e-10	-1.28609113403e-06
1.59317381013e-10	-1.32949696763e-06
1.60524330869e-10	-1.17134470656e-06
1.61731280725e-10	-8.97136160916e-07
1.62938230581e-10	-5.86143222847e-07
1.64145180437e-10	-2.88300846307e-07
1.65352130294e-10	-2.68154050076e-08
1.6655908015e-10	1.83543775734e-07
1.67766030006e-10	3.19255960335e-07
1.68972979862e-10	3.4732185128e-07
1.70179929718e-10	2.43088603469e-07
1.71386879574e-10	1.51898240652e-08
1.72593829431e-10	-2.7928576074e-07
1.73800779287e-10	-5.43604002701e-07
1.75007729143e-10	-6.72018074965e-07
1.76214678999e-10	-5.89803192952e-07
1.77421628855e-10	-2.82736941415e-07
1.78628578711e-10	1.97184551354e-07
1.79835528568e-10	7.50486947254e-07
1.81042478424e-10	1.26331019601e-06
1.8224942828e-10	1.64123014201e-06
1.83456378136e-10	1.82956782169e-06
1.84663327992e-10	1.81773552299e-06
1.85870277848e-10	1.63040883194e-06
1.87077227704e-10	1.31473308329e-06
1.88284177561e-10	9.2689387543e-07
1.89491127417e-10	5.23118650619e-07
1.90698077273e-10	1.53521376944e-07
1.91905027129e-10	-1.40901736501e-07
1.93111976985e-10	-3.31205896487e-07
1.94318926841e-10	-4.01321194943e-07
1.95525876698e-10	-3.49505768327e-07
1.96732826554e-10	-1.89973352605e-07
1.9793977641e-10	4.40420606651e-08
1.99146726266e-10	2.99923293312e-07
2.00353676122e-10	5.10748080274e-07
2.01560625978e-10	6.09501626059e-07
2.02767575835e-10	5.49553575979e-07
2.03974525691e-10	3.25192608841e-07
2.05181475547e-10	-1.9485005609e-08
2.06388425403e-10	-4.00523319399e-07
2.07595375259e-10	-7.21772735801e-07
2.08802325115e-10	-9.10314312819e-07
2.10009274971e-10	-9.4179314658e-07
2.11216224828e-10	-8.44410649847e-07
2.12423174684e-10	-6.79432247352e-07
2.1363012454e-10	-5.08844244962e-07
2.14837074396e-10	-3.68887626223e-07
2.16044024252e-10	-2.61742918894e-07
2.17250974108e-10	-1.6912549583e-07
2.18457923965e-10	-7.51718722825e-08
2.19664873821e-10	1.60012489925e-08
2.20871823677e-10	7.93530254839e-08
2.22078773533e-10	8.50647676742e-08
2.23285723389e-10	1.99998608785e-08
2.24492673245e-10	-9.91486412971e-08
2.25699623102e-10	-2.30483188091e-07
2.26906572958e-10	-3.25975491933e-07
2.28113522814e-10	-3.54683585613e-07
2.2932047267e-10	-3.16409455081e-07
2.30527422526e-10	-2.38416664189e-07
2.31734372382e-10	-1.59574508274e-07
2.32941322238e-10	-1.08715154212e-07
2.34148272095e-10	-9.30100654273e-08
2.35355221951e-10	-9.75039871065e-08
2.36562171807e-10	-9.80756720281e-08
2.37769121663e-10	-7.6330013421e-08
2.38976071519e-10	-3.01674210057e-08
2.40183021375e-10	2.61628727571e-08
2.41389971232e-10	7.12592154173e-08
2.42596921088e-10	8.87064963706e-08
2.43803870944e-10	7.57080425018e-08
2.450108208e-10	4.29548592251e-08
2.46217770656e-10	7.31468208226e-09
2.47424720512e-10	-1.90202475991e-08
2.48631670369e-10	-3.57028735465e-08
2.49838620225e-10	-5.42085025756e-08
2.51045570081e-10	-8.9203021858e-08
2.52252519937e-10	-1.4711312879e-07
2.53459469793e-10	-2.17047936957e-07
2.54666419649e-10	-2.71844168509e-07
2.55873369505e-10	-2.78337456194e-07
2.57080319362e-10	-2.14336264293e-07
2.58287269218e-10	-8.20591825601e-08
2.59494219074e-10	8.92440148448e-08
2.6070116893e-10	2.53064335709e-07
2.61908118786e-10	3.64817459797e-07
2.63115068642e-10	3.99097778825e-07
2.64322018499e-10	3.56925724532e-07
2.65528968355e-10	2.6002283704e-07
2.66735918211e-10	1.36336508305e-07
2.67942868067e-10	6.72217992381e-09
2.69149817923e-10	-1.19979779001e-07
2.70356767779e-10	-2.41165626136e-07
2.71563717636e-10	-3.49697806712e-07
2.72770667492e-10	-4.27884337739e-07
2.73977617348e-10	-4.5005626248e-07
2.75184567204e-10	-3.95012349941e-07
2.7639151706e-10	-2.58754880633e-07
2.77598466916e-10	-6.16627744421e-08
2.78805416772e-10	1.56515262972e-07
2.80012366629e-10	3.49112916354e-07
2.81219316485e-10	4.7689804461e-07
2.82426266341e-10	5.17013802437e-07
2.83633216197e-10	4.64224235941e-07
2.84840166053e-10	3.28010521855e-07
2.86047115909e-10	1.28729876536e-07
2.87254065766e-10	-1.03381344374e-07
2.88461015622e-10	-3.29359714613e-07
2.89667965478e-10	-5.05092152991e-07
2.90874915334e-10	-5.910180505e-07
2.9208186519e-10	-5.64982080675e-07
2.93288815046e-10	-4.3202648925e-07
2.94495764903e-10	-2.25299661594e-07
2.95702714759e-10	4.65574057085e-09
2.96909664615e-10	2.07579031297e-07
2.98116614471e-10	3.49923801934e-07
2.99323564327e-10	4.22006145584e-07
3.00530514183e-10	4.33119446086e-07
3.01737464039e-10	3.99012634489e-07
3.02944413896e-10	3.29722766423e-07
3.04151363752e-10	2.26107712109e-07
3.05358313608e-10	8.55937329902e-08
3.06565263464e-10	-8.55267714428e-08
3.0777221332e-10	-2.63682025547e-07
3.08979163176e-10	-4.08725320256e-07
3.10186113033e-10	-4.76467192811e-07
3.11393062889e-10	-4.37126701058e-07
3.12600012745e-10	-2.9047014749e-07
3.13806962601e-10	-7.01126507963e-08
3.15013912457e-10	1.66497823528e-07
3.16220862313e-10	3.57432099918e-07
3.1742781217e-10	4.58152854321e-07
3.18634762026e-10	4.54363679125e-07
3.19841711882e-10	3.63608812393e-07
3.21048661738e-10	2.23821810863e-07
3.22255611594e-10	7.70741497291e-08
3.2346256145e-10	-4.54964057539e-08
3.24669511307e-10	-1.3029386281e-07
3.25876461163e-10	-1.78950472218e-07
3.27083411019e-10	-1.99833902315e-07
3.28290360875e-10	-1.99942071788e-07
3.29497310731e-10	-1.80530843608e-07
3.30704260587e-10	-1.39437831947e-07
3.31911210443e-10	-7.66244134809e-08
3.331181603e-10	1.02541924951e-09
3.34325110156e-10	7.93919827657e-08
3.35532060012e-10	1.41884758165e-07
3.36739009868e-10	1.76328271095e-07
3.37945959724e-10	1.80164249741e-07
3.3915290958e-10	1.59894202767e-07
3.40359859437e-10	1.26647943688e-07
3.41566809293e-10	8.89187639075e-08
3.42773759149e-10	4.89570552986e-08
3.43980709005e-10	3.6765227529e-09
3.45187658861e-10	-5.00137948833e-08
3.46394608717e-10	-1.0930828509e-07
3.47601558574e-10	-1.63301940859e-07
3.4880850843e-10	-1.96011196607e-07
3.50015458286e-10	-1.94165441059e-07
3.51222408142e-10	-1.54411548436e-07
3.52429357998e-10	-8.6714221581e-08
3.53636307854e-10	-1.14122771233e-08
3.5484325771e-10	4.90955196497e-08
3.56050207567e-10	7.94389389824e-08
3.57257157423e-10	7.71919594911e-08
3.58464107279e-10	5.30259001152e-08
3.59671057135e-10	2.48973934802e-08
3.60878006991e-10	9.63022017686e-09
3.62084956847e-10	1.50762522466e-08
3.63291906704e-10	3.69286996538e-08
3.6449885656e-10	6.0283750436e-08
3.65705806416e-10	6.67089787854e-08
3.66912756272e-10	4.25683790439e-08
3.68119706128e-10	-1.3855681269e-08
3.69326655984e-10	-8.95204106399e-08
3.70533605841e-10	-1.60137670235e-07
3.71740555697e-10	-1.98479391145e-07
3.72947505553e-10	-1.85222667426e-07
3.74154455409e-10	-1.17824354717e-07
3.75361405265e-10	-1.32569621947e-08
3.76568355121e-10	9.70687423774e-08
3.77775304977e-10	1.78323627864e-07
3.78982254834e-10	2.05923075924e-07
3.8018920469e-10	1.74395779595e-07
3.81396154546e-10	9.90701636283e-08
3.82603104402e-10	8.51218140419e-09
3.83810054258e-10	-6.7922834468e-08
3.85017004114e-10	-1.11468873243e-07
3.86223953971e-10	-1.2001494909e-07
3.87430903827e-10	-1.05181683807e-07
3.88637853683e-10	-8.39369569405e-08
3.89844803539e-10	-6.85195704619e-08
3.91051753395e-10	-6.10798807088e-08
3.92258703251e-10	-5.44222427123e-08
3.93465653108e-10	-3.83513603097e-08
3.94672602964e-10	-7.64151297794e-09
3.9587955282e-10	3.38100294428e-08
3.97086502676e-10	7.3667310474e-08
3.98293452532e-10	9.70721245608e-08
3.99500402388e-10	9.38883051305e-08
4.00707352244e-10	6.33162375863e-08
4.01914302101e-10	1.44921998846e-08
4.03121251957e-10	-3.8010361969e-08
4.04328201813e-10	-7.96297552341e-08
4.05535151669e-10	-1.01415755793e-07
4.06742101525e-10	-1.015580402e-07
4.07949051381e-10	-8.4406158507e-08
4.09156001238e-10	-5.74872096593e-08
4.10362951094e-10	-2.80937029196e-08
4.1156990095e-10	-1.4986574759e-09
4.12776850806e-10	1.93751885647e-08
4.13983800662e-10	3.32290439609e-08
4.15190750518e-10	3.91067453975e-08
4.16397700375e-10	3.61311096597e-08
4.17604650231e-10	2.35971100437e-08
4.18811600087e-10	2.50795151313e-09
4.20018549943e-10	-2.36623196592e-08
4.21225499799e-10	-4.86139111189e-08
4.22432449655e-10	-6.44295097274e-08
4.23639399511e-10	-6.4775605324e-08
4.24846349368e-10	-4.71067540531e-08
4.26053299224e-10	-1.53705179695e-08
4.2726024908e-10	2.13220703316e-08
4.28467198936e-10	5.11993523133e-08
4.29674148792e-10	6.45415090261e-08
4.30881098648e-10	5.7415106447e-08
4.32088048505e-10	3.28238485281e-08
4.33294998361e-10	-6.15171399931e-10
4.34501948217e-10	-3.27076423723e-08
4.35708898073e-10	-5.50195782267e-08
4.36915847929e-10	-6.329079838e-08
4.38122797785e-10	-5.7252195873e-08
4.39329747642e-10	-3.91691985513e-08
4.40536697498e-10	-1.25539898477e-08
4.41743647354e-10	1.86103572553e-08
4.4295059721e-10	4.96085945656e-08
4.44157547066e-10	7.47681312419e-08
4.45364496922e-10	8.83835120646e-08
4.46571446778e-10	8.60395186209e-08
4.47778396635e-10	6.68284316774e-08
4.48985346491e-10	3.37778547355e-08
4.50192296347e-10	-6.40020458853e-09
4.51399246203e-10	-4.55990960546e-08
4.52606196059e-10	-7.62736824811e-08
4.53813145915e-10	-9.2943642116e-08
4.55020095772e-10	-9.28407750678e-08
4.56227045628e-10	-7.57201945589e-08
4.57433995484e-10	-4.40408269853e-08
4.5864094534e-10	-3.40771655338e-09
4.59847895196e-10	3.80894213947e-08
4.61054845052e-10	7.0796944307e-08
4.62261794909e-10	8.67042295738e-08
4.63468744765e-10	8.22814687496e-08
4.64675694621e-10	6.02652923121e-08
4.65882644477e-10	2.88121881908e-08
4.67089594333e-10	-2.33351657442e-09
4.68296544189e-10	-2.57952059712e-08
4.69503494045e-10	-3.99961050945e-08
4.70710443902e-10	-4.79089425909e-08
4.71917393758e-10	-5.40770583868e-08
4.73124343614e-10	-5.98295777365e-08
4.7433129347e-10	-6.13591426557e-08
4.75538243326e-10	-5.16552196572e-08
4.76745193182e-10	-2.54137817457e-08
4.77952143039e-10	1.55307087191e-08
4.79159092895e-10	6.05695076317e-08
4.80366042751e-10	9.35930586365e-08
4.81572992607e-10	1.00271785541e-07
4.82779942463e-10	7.56598819152e-08
4.83986892319e-10	2.74266316325e-08
4.85193842176e-10	-2.68606470399e-08
4.86400792032e-10	-6.76427092117e-08
4.87607741888e-10	-8.22164860637e-08
4.88814691744e-10	-6.9628814714e-08
4.900216416e-10	-3.99648163452e-08
4.91228591456e-10	-7.72758657064e-09
4.92435541312e-10	1.5343280424e-08
4.93642491169e-10	2.53191783095e-08
4.94849441025e-10	2.56408219101e-08
4.96056390881e-10	2.26706475814e-08
4.97263340737e-10	2.05844767898e-08
4.98470290593e-10	1.85062738467e-08
4.99677240449e-10	1.20542993365e-08
5.00884190306e-10	-2.40898934134e-09
5.02091140162e-10	-2.37364012889e-08
5.03298090018e-10	-4.49631363253e-08
5.04505039874e-10	-5.64971198713e-08
5.0571198973e-10	-5.09581559172e-08
5.06918939586e-10	-2.79318737029e-08
5.08125889443e-10	5.44968786764e-09
5.09332839299e-10	3.75391584484e-08
5.10539789155e-10	5.73652094715e-08
5.11746739011e-10	5.95648605994e-08
5.12953688867e-10	4.57666118336e-08
5.14160638723e-10	2.29392402851e-08
5.15367588579e-10	-8.42704517279e-10
5.16574538436e-10	-1.9915988636e-08
5.17781488292e-10	-3.27618336904e-08
5.18988438148e-10	-4.08141112018e-08
5.20195388004e-10	-4.584073654e-08
5.2140233786e-10	-4.77959911649e-08
5.22609287716e-10	-4.44763834651e-08
5.23816237573e-10	-3.28496581048e-08
5.25023187429e-10	-1.19173788615e-08
5.26230137285e-10	1.58955544283e-08
5.27437087141e-10	4.44463550409e-08
5.28644036997e-10	6.59706937967e-08
5.29850986853e-10	7.40795602638e-08
5.3105793671e-10	6.62494290538e-08
5.32264886566e-10	4.47996031383e-08
5.33471836422e-10	1.56165560483e-08
5.34678786278e-10	-1.4085461908e-08
5.35885736134e-10	-3.86212919423e-08
5.3709268599e-10	-5.50224781293e-08
5.38299635846e-10	-6.30135481572e-08
5.39506585703e-10	-6.36094403816e-08
5.40713535559e-10	-5.74737644143e-08
5.41920485415e-10	-4.44540537714e-08
5.43127435271e-10	-2.41540973889e-08
5.44334385127e-10	2.41609468543e-09
5.45541334983e-10	3.15641308646e-08
5.4674828484e-10	5.71022846785e-08
5.47955234696e-10	7.22072321935e-08
5.49162184552e-10	7.24617867931e-08
5.50369134408e-10	5.80010333096e-08
5.51576084264e-10	3.39255983306e-08
5.5278303412e-10	8.00839661252e-09
5.53989983977e-10	-1.29359147838e-08
5.55196933833e-10	-2.59983252704e-08
5.56403883689e-10	-3.30977623086e-08
5.57610833545e-10	-3.88333845081e-08
5.58817783401e-10	-4.68394762976e-08
5.60024733257e-10	-5.67851845545e-08
5.61231683113e-10	-6.36546344523e-08
5.6243863297e-10	-6.05000680665e-08
5.63645582826e-10	-4.24317585512e-08
5.64852532682e-10	-1.01917094764e-08
5.66059482538e-10	2.9330621043e-08
5.67266432394e-10	6.58218439753e-08
5.6847338225e-10	8.99069529936e-08
5.69680332107e-10	9.70218163587e-08
5.70887281963e-10	8.81311397194e-08
5.72094231819e-10	6.79560363537e-08
5.73301181675e-10	4.132279674e-08
5.74508131531e-10	1.08578197544e-08
5.75715081387e-10	-2.29523555717e-08
5.76922031244e-10	-5.94445079827e-08
5.781289811e-10	-9.48177181215e-08
5.79335930956e-10	-1.21337340175e-07
5.80542880812e-10	-1.29414589267e-07
5.81749830668e-10	-1.11965556826e-07
5.82956780524e-10	-6.8746588866e-08
5.8416373038e-10	-7.74213659849e-09
5.85370680237e-10	5.68395588374e-08
5.86577630093e-10	1.09773846901e-07
5.87784579949e-10	1.40058633136e-07
5.88991529805e-10	1.4399122783e-07
5.90198479661e-10	1.24992126871e-07
5.91405429517e-10	9.02011887405e-08
5.92612379374e-10	4.68331240455e-08
5.9381932923e-10	-3.31982968893e-10
5.95026279086e-10	-4.88320175407e-08
5.96233228942e-10	-9.6173710773e-08
5.97440178798e-10	-1.37528394006e-07
5.98647128654e-10	-1.64717036455e-07
5.99854078511e-10	-1.6818813009e-07
6.01061028367e-10	-1.40695615158e-07
6.02267978223e-10	-8.18084675558e-08
6.03474928079e-10	-1.57108548393e-10
6.04681877935e-10	8.74714540799e-08
6.05888827791e-10	1.60513653924e-07
6.07095777647e-10	2.01269269695e-07
6.08302727504e-10	2.00508111448e-07
6.0950967736e-10	1.60361434354e-07
6.10716627216e-10	9.27956342878e-08
6.11923577072e-10	1.47359104918e-08
6.13130526928e-10	-5.79437804404e-08
6.14337476784e-10	-1.1456820026e-07
6.15544426641e-10	-1.50787485609e-07
6.16751376497e-10	-1.66262452694e-07
6.17958326353e-10	-1.61704129198e-07
6.19165276209e-10	-1.36925427441e-07
6.20372226065e-10	-9.17481788321e-08
6.21579175921e-10	-2.87944894595e-08
6.22786125778e-10	4.39093330584e-08
6.23993075634e-10	1.12831115118e-07
6.2520002549e-10	1.62433636319e-07
6.26406975346e-10	1.80524502014e-07
6.27613925202e-10	1.63230080119e-07
6.28820875058e-10	1.16435018072e-07
6.30027824914e-10	5.31938315618e-08
6.31234774771e-10	-1.1586148263e-08
6.32441724627e-10	-6.64344739221e-08
6.33648674483e-10	-1.05762023139e-07
6.34855624339e-10	-1.28984613212e-07
6.36062574195e-10	-1.37361336527e-07
6.37269524051e-10	-1.31010759574e-07
6.38476473908e-10	-1.08551995837e-07
6.39683423764e-10	-6.88063135357e-08
6.4089037362e-10	-1.43539089503e-08
6.42097323476e-10	4.68834970846e-08
6.43304273332e-10	1.02373954647e-07
6.44511223188e-10	1.38833925689e-07
6.45718173045e-10	1.47199004985e-07
6.46925122901e-10	1.26087769559e-07
6.48132072757e-10	8.24044050773e-08
6.49339022613e-10	2.83842589432e-08
6.50545972469e-10	-2.28670500313e-08
6.51752922325e-10	-6.17645667944e-08
6.52959872181e-10	-8.43171310549e-08
6.54166822038e-10	-9.14333249113e-08
6.55373771894e-10	-8.68404654852e-08
6.5658072175e-10	-7.41706198681e-08
6.57787671606e-10	-5.58349242397e-08
6.58994621462e-10	-3.31740594994e-08
6.60201571318e-10	-7.49641382303e-09
6.61408521175e-10	1.8564652482e-08
6.62615471031e-10	4.14080147948e-08
6.63822420887e-10	5.71972549324e-08
6.65029370743e-10	6.37267278947e-08
6.66236320599e-10	6.11609252132e-08
6.67443270455e-10	5.1868915385e-08
6.68650220312e-10	3.90516996518e-08
6.69857170168e-10	2.49844029909e-08
6.71064120024e-10	1.03685344754e-08
6.7227106988e-10	-5.48738471329e-09
6.73478019736e-10	-2.30408456758e-08
6.74684969592e-10	-4.10987128774e-08
6.75891919448e-10	-5.65116327067e-08
6.77098869305e-10	-6.49249800588e-08
6.78305819161e-10	-6.30515355482e-08
6.79512769017e-10	-5.02611898767e-08
6.80719718873e-10	-2.93059789769e-08
6.81926668729e-10	-5.3415021295e-09
6.83133618585e-10	1.63830498057e-08
6.84340568442e-10	3.23726383478e-08
6.85547518298e-10	4.2183418536e-08
6.86754468154e-10	4.74331685041e-08
6.8796141801e-10	5.03923329731e-08
6.89168367866e-10	5.19638323482e-08
6.90375317722e-10	5.10052817759e-08
6.91582267579e-10	4.49462334018e-08
6.92789217435e-10	3.12815355841e-08
6.93996167291e-10	9.32513644081e-09
6.95203117147e-10	-1.89386086813e-08
6.96410067003e-10	-4.91937202085e-08
6.97617016859e-10	-7.58308384974e-08
6.98823966715e-10	-9.350258523e-08
7.00030916572e-10	-9.8109063984e-08
7.01237866428e-10	-8.75077237339e-08
7.02444816284e-10	-6.17111322043e-08
7.0365176614e-10	-2.30256027578e-08
7.04858715996e-10	2.36370585327e-08
7.06065665852e-10	7.11517653684e-08
7.07272615709e-10	1.10760156602e-07
7.08479565565e-10	1.33961480131e-07
7.09686515421e-10	1.34693761922e-07
7.10893465277e-10	1.11307391748e-07
7.12100415133e-10	6.7511554569e-08
7.13307364989e-10	1.15008260693e-08
7.14514314846e-10	-4.61182656508e-08
7.15721264702e-10	-9.51743732713e-08
7.16928214558e-10	-1.28191425475e-07
7.18135164414e-10	-1.41405401166e-07
7.1934211427e-10	-1.34562268883e-07
7.20549064126e-10	-1.09645974078e-07
7.21756013982e-10	-7.00515361274e-08
7.22962963839e-10	-1.99617837815e-08
7.24169913695e-10	3.53830449384e-08
7.25376863551e-10	8.92791103269e-08
7.26583813407e-10	1.33890628362e-07
7.27790763263e-10	1.61109866781e-07
7.28997713119e-10	1.64510083778e-07
7.30204662976e-10	1.4121095937e-07
7.31411612832e-10	9.31688290962e-08
7.32618562688e-10	2.73395377448e-08
7.33825512544e-10	-4.55610287275e-08
7.350324624e-10	-1.13090088405e-07
7.36239412256e-10	-1.63580981649e-07
7.37446362113e-10	-1.88217310182e-07
7.38653311969e-10	-1.82557336359e-07
7.39860261825e-10	-1.4725846853e-07
7.41067211681e-10	-8.77407035915e-08
7.42274161537e-10	-1.35377415944e-08
7.43481111393e-10	6.3525562588e-08
7.44688061249e-10	1.31051585583e-07
7.45895011106e-10	1.78157769426e-07
7.47101960962e-10	1.9725423428e-07
7.48308910818e-10	1.8515976663e-07
7.49515860674e-10	1.43696597732e-07
7.5072281053e-10	7.92894994106e-08
7.51929760386e-10	2.09348449687e-09
7.53136710243e-10	-7.55710019007e-08
7.54343660099e-10	-1.41219263838e-07
7.55550609955e-10	-1.84127639358e-07
7.56757559811e-10	-1.97404013136e-07
7.57964509667e-10	-1.79139707512e-07
7.59171459523e-10	-1.32828249733e-07
7.6037840938e-10	-6.66202053523e-08
7.61585359236e-10	8.45051040255e-09
7.62792309092e-10	8.04737734228e-08
7.63999258948e-10	1.3879900429e-07
7.65206208804e-10	1.7535108654e-07
7.6641315866e-10	1.85515133921e-07
7.67620108516e-10	1.6827546645e-07
7.68827058373e-10	1.26141786794e-07
7.70034008229e-10	6.50000853142e-08
7.71240958085e-10	-6.49126496999e-09
7.72447907941e-10	-7.76004007719e-08
7.73654857797e-10	-1.37066269446e-07
7.74861807653e-10	-1.75016921844e-07
7.7606875751e-10	-1.84844569873e-07
7.77275707366e-10	-1.64930053614e-07
7.78482657222e-10	-1.18871771093e-07
7.79689607078e-10	-5.49887211321e-08
7.80896556934e-10	1.56404782459e-08
7.8210350679e-10	8.13395786281e-08
7.83310456647e-10	1.32044821299e-07
7.84517406503e-10	1.60891225676e-07
7.85724356359e-10	1.64788769297e-07
7.86931306215e-10	1.44483694342e-07
7.88138256071e-10	1.03783799332e-07
7.89345205927e-10	4.89408602533e-08
7.90552155783e-10	-1.21663588093e-08
7.9175910564e-10	-7.08326179932e-08
7.92966055496e-10	-1.18312680542e-07
7.94173005352e-10	-1.47156285379e-07
7.95379955208e-10	-1.52544995302e-07
7.96586905064e-10	-1.3355422368e-07
7.9779385492e-10	-9.37980431104e-08
7.99000804777e-10	-4.08341174207e-08
8.00207754633e-10	1.53945112213e-08
8.01414704489e-10	6.50988392081e-08
8.02621654345e-10	1.00797821645e-07
8.03828604201e-10	1.18812822691e-07
8.05035554057e-10	1.19187120617e-07
8.06242503914e-10	1.04551517666e-07
8.0744945377e-10	7.86166456379e-08
8.08656403626e-10	4.49756907273e-08
8.09863353482e-10	6.90359236444e-09
8.11070303338e-10	-3.20765303208e-08
8.12277253194e-10	-6.7712925933e-08
8.1348420305e-10	-9.49077509915e-08
8.14691152907e-10	-1.08826037959e-07
8.15898102763e-10	-1.06370944053e-07
8.17105052619e-10	-8.75757528718e-08
8.18312002475e-10	-5.5999982429e-08
8.19518952331e-10	-1.77169248161e-08
8.20725902187e-10	2.04095638168e-08
8.21932852044e-10	5.27513144277e-08
8.231398019e-10	7.58272253876e-08
8.24346751756e-10	8.8411251653e-08
8.25553701612e-10	9.06247255017e-08
8.26760651468e-10	8.30152728781e-08
8.27967601324e-10	6.61884831388e-08
8.29174551181e-10	4.10999927425e-08
8.30381501037e-10	9.7992129966e-09
8.31588450893e-10	-2.41284672242e-08
8.32795400749e-10	-5.58681811924e-08
8.34002350605e-10	-8.03077053746e-08
8.35209300461e-10	-9.35004145219e-08
8.36416250317e-10	-9.350019603e-08
8.37623200174e-10	-8.08013496112e-08
8.3883015003e-10	-5.77200918173e-08
8.40037099886e-10	-2.75780767112e-08
8.41244049742e-10	5.95758631317e-09
8.42450999598e-10	3.93491843553e-08
8.43657949454e-10	6.89819215083e-08
8.44864899311e-10	9.12522892804e-08
8.46071849167e-10	1.02689838855e-07
8.47278799023e-10	1.00594428787e-07
8.48485748879e-10	8.3867615075e-08
8.49692698735e-10	5.36666249218e-08
8.50899648591e-10	1.36267455098e-08
8.52106598448e-10	-3.0586811306e-08
8.53313548304e-10	-7.21938828718e-08
8.5452049816e-10	-1.04441205906e-07
8.55727448016e-10	-1.21848952261e-07
8.56934397872e-10	-1.20980478968e-07
8.58141347728e-10	-1.0126999328e-07
8.59348297584e-10	-6.50460760809e-08
8.60555247441e-10	-1.74679732901e-08
8.61762197297e-10	3.42521437879e-08
8.62969147153e-10	8.19537859797e-08
8.64176097009e-10	1.17855583071e-07
8.65383046865e-10	1.35942912038e-07
8.66589996721e-10	1.32975724654e-07
8.67796946578e-10	1.09074550281e-07
8.69003896434e-10	6.76831248825e-08
8.7021084629e-10	1.50587637915e-08
8.71417796146e-10	-4.06616988968e-08
8.72624746002e-10	-9.06858890204e-08
8.73831695858e-10	-1.26962140357e-07
8.75038645715e-10	-1.43431547528e-07
8.76245595571e-10	-1.37249205778e-07
8.77452545427e-10	-1.09200408716e-07
8.78659495283e-10	-6.37736947695e-08
8.79866445139e-10	-8.23931400884e-09
8.81073394995e-10	4.85307083409e-08
8.82280344851e-10	9.75948619697e-08
8.83487294708e-10	1.31356767241e-07
8.84694244564e-10	1.44606623564e-07
8.8590119442e-10	1.35311653437e-07
8.87108144276e-10	1.04818209223e-07
8.88315094132e-10	5.77711976035e-08
8.89522043988e-10	1.52087931138e-09
8.90728993845e-10	-5.50038903313e-08
8.91935943701e-10	-1.02615990372e-07
8.93142893557e-10	-1.3358738471e-07
8.94349843413e-10	-1.42934283076e-07
8.95556793269e-10	-1.29333068699e-07
8.96763743125e-10	-9.52893373096e-08
8.97970692982e-10	-4.65084717405e-08
8.99177642838e-10	9.03812458208e-09
9.00384592694e-10	6.25266585175e-08
9.0159154255e-10	1.05473334955e-07
9.02798492406e-10	1.31070713394e-07
9.04005442262e-10	1.35181155159e-07
9.05212392118e-10	1.17144493217e-07
9.06419341975e-10	8.00888422248e-08
9.07626291831e-10	3.05380889465e-08
9.08833241687e-10	-2.26848135831e-08
9.10040191543e-10	-7.02044067324e-08
9.11247141399e-10	-1.04062644724e-07
9.12454091255e-10	-1.19228328543e-07
9.13661041112e-10	-1.14517799688e-07
9.14867990968e-10	-9.22812493087e-08
9.16074940824e-10	-5.75392382629e-08
9.1728189068e-10	-1.65455813494e-08
9.18488840536e-10	2.43846516312e-08
9.19695790392e-10	5.97139866443e-08
9.20902740249e-10	8.51261390267e-08
9.22109690105e-10	9.75791003555e-08
9.23316639961e-10	9.55830792293e-08
9.24523589817e-10	7.93568784019e-08
9.25730539673e-10	5.11715390061e-08
9.26937489529e-10	1.5355511751e-08
9.28144439385e-10	-2.22087921387e-08
9.29351389242e-10	-5.50832446322e-08
9.30558339098e-10	-7.7643610652e-08
9.31765288954e-10	-8.63744897828e-08
9.3297223881e-10	-8.0579916073e-08
9.34179188666e-10	-6.23704288216e-08
9.35386138522e-10	-3.58935703382e-08
9.36593088379e-10	-6.21040330273e-09
9.37800038235e-10	2.18854334655e-08
9.39006988091e-10	4.45540040417e-08
9.40213937947e-10	5.92850595282e-08
9.41420887803e-10	6.48138707149e-08
9.42627837659e-10	6.09657586637e-08
9.43834787516e-10	4.86222582197e-08
9.45041737372e-10	2.96963413859e-08
9.46248687228e-10	7.07279146361e-09
9.47455637084e-10	-1.56421049446e-08
9.4866258694e-10	-3.47380679777e-08
9.49869536796e-10	-4.71470782415e-08
9.51076486652e-10	-5.11440161333e-08
9.52283436509e-10	-4.67475382848e-08
9.53490386365e-10	-3.55633842375e-08
9.54697336221e-10	-2.03259973297e-08
9.55904286077e-10	-4.04317024305e-09
9.57111235933e-10	1.06144195655e-08
9.58318185789e-10	2.18630922255e-08
9.59525135646e-10	2.8856587786e-08
9.60732085502e-10	3.15327191025e-08
9.61939035358e-10	3.03494438469e-08
9.63145985214e-10	2.59536614422e-08
9.6435293507e-10	1.90419329194e-08
9.65559884926e-10	1.03388195782e-08
9.66766834783e-10	6.72199476637e-10
9.67973784639e-10	-8.89644413693e-09
9.69180734495e-10	-1.71402059213e-08
9.70387684351e-10	-2.27485768001e-08
9.71594634207e-10	-2.47650677743e-08
9.72801584063e-10	-2.28316272555e-08
9.7400853392e-10	-1.74898491245e-08
9.75215483776e-10	-1.00701198491e-08
9.76422433632e-10	-2.28033827931e-09
9.77629383488e-10	4.28336099922e-09
9.78836333344e-10	8.74167271903e-09
9.800432832e-10	1.10613485038e-08
9.81250233056e-10	1.19101686291e-08
9.82457182913e-10	1.21495304928e-08
9.83664132769e-10	1.22691923288e-08
9.84871082625e-10	1.21409824416e-08
9.86078032481e-10	1.11066125186e-08
9.87284982337e-10	8.44896097529e-09
9.88491932193e-10	3.9303464372e-09
9.8969888205e-10	-1.91576832176e-09
9.90905831906e-10	-7.82786402365e-09
9.92112781762e-10	-1.23873808988e-08
9.93319731618e-10	-1.45251497496e-08
9.94526681474e-10	-1.40757965283e-08
9.9573363133e-10	-1.17106988551e-08
9.96940581187e-10	-8.59612858672e-09
9.98147531043e-10	-5.74195480052e-09
9.99354480899e-10	-3.48156159458e-09
1.00056143075e-09	-1.37460323679e-09
1.00176838061e-09	1.4556386374e-09
1.00297533047e-09	5.65951874254e-09
1.00418228032e-09	1.10732258918e-08
1.00538923018e-09	1.6503191258e-08
1.00659618004e-09	2.00871697054e-08
1.00780312989e-09	2.01002134936e-08
1.00901007975e-09	1.57779307397e-08
1.0102170296e-09	7.77127351359e-09
1.01142397946e-09	-1.98463229184e-09
1.01263092932e-09	-1.11186089224e-08
1.01383787917e-09	-1.76685499564e-08
1.01504482903e-09	-2.08295136694e-08
1.01625177889e-09	-2.09396735507e-08
1.01745872874e-09	-1.89380058302e-08
1.0186656786e-09	-1.56124122519e-08
1.01987262845e-09	-1.10745443926e-08
1.02107957831e-09	-4.87621865108e-09
1.02228652817e-09	3.34814914682e-09
1.02349347802e-09	1.31088044864e-08
1.02470042788e-09	2.26707590478e-08
1.02590737773e-09	2.9474341634e-08
1.02711432759e-09	3.105201829e-08
1.02832127745e-09	2.62729247247e-08
1.0295282273e-09	1.58933262107e-08
1.03073517716e-09	2.4330449877e-09
1.03194212702e-09	-1.08175892688e-08
1.03314907687e-09	-2.10596611261e-08
1.03435602673e-09	-2.68331508124e-08
1.03556297658e-09	-2.82082588399e-08
1.03676992644e-09	-2.61421977399e-08
1.0379768763e-09	-2.16783320184e-08
1.03918382615e-09	-1.53083465904e-08
1.04039077601e-09	-6.9834885652e-09
1.04159772586e-09	3.27161042701e-09
1.04280467572e-09	1.47295802222e-08
1.04401162558e-09	2.55822101281e-08
1.04521857543e-09	3.32607603681e-08
1.04642552529e-09	3.53776461459e-08
1.04763247515e-09	3.06456433563e-08
1.048839425e-09	1.96370919525e-08
1.05004637486e-09	4.63213106761e-09
1.05125332471e-09	-1.10157392097e-08
1.05246027457e-09	-2.40076363234e-08
1.05366722443e-09	-3.1983526938e-08
1.05487417428e-09	-3.40087304984e-08
1.05608112414e-09	-3.04989957733e-08
1.05728807399e-09	-2.27004135489e-08
1.05849502385e-09	-1.22323946528e-08
1.05970197371e-09	-6.55353257772e-10
1.06090892356e-09	1.06030406677e-08
1.06211587342e-09	2.01869410077e-08
1.06332282328e-09	2.6842268408e-08
1.06452977313e-09	2.94732509509e-08
1.06573672299e-09	2.74656777322e-08
1.06694367284e-09	2.09717931909e-08
1.0681506227e-09	1.10150890631e-08
1.06935757256e-09	-5.69697580777e-10
1.07056452241e-09	-1.16274869733e-08
1.07177147227e-09	-2.01119254584e-08
1.07297842212e-09	-2.46609981325e-08
1.07418537198e-09	-2.47885751925e-08
1.07539232184e-09	-2.09314761079e-08
1.07659927169e-09	-1.42086240551e-08
1.07780622155e-09	-6.05045058499e-09
1.07901317141e-09	2.09706663146e-09
1.08022012126e-09	9.05908081883e-09
1.08142707112e-09	1.40463538578e-08
1.08263402097e-09	1.66314095829e-08
1.08384097083e-09	1.67540308293e-08
1.08504792069e-09	1.4592777875e-08
1.08625487054e-09	1.05801927219e-08
1.0874618204e-09	5.32911303974e-09
1.08866877025e-09	-3.60363430069e-10
1.08987572011e-09	-5.56564871967e-09
1.09108266997e-09	-9.41940347943e-09
1.09228961982e-09	-1.12362017468e-08
1.09349656968e-09	-1.08135900234e-08
1.09470351954e-09	-8.46787773234e-09
1.09591046939e-09	-5.03332953095e-09
1.09711741925e-09	-1.61010094146e-09
1.0983243691e-09	8.37437105772e-10
1.09953131896e-09	1.77358394637e-09
1.10073826882e-09	1.31925134705e-09
1.10194521867e-09	1.44708908051e-10
1.10315216853e-09	-8.36439625895e-10
1.10435911838e-09	-8.07887701182e-10
1.10556606824e-09	5.5371151414e-10
1.1067730181e-09	3.07435327196e-09
1.10797996795e-09	6.06460259789e-09
1.10918691781e-09	8.66953309142e-09
1.11039386767e-09	1.00848711604e-08
1.11160081752e-09	9.74526437325e-09
1.11280776738e-09	7.48873174583e-09
1.11401471723e-09	3.467296672e-09
1.11522166709e-09	-1.80545198236e-09
1.11642861695e-09	-7.57491425141e-09
1.1176355668e-09	-1.29043717934e-08
1.11884251666e-09	-1.67980220844e-08
1.12004946651e-09	-1.83788069208e-08
1.12125641637e-09	-1.70381864173e-08
1.12246336623e-09	-1.26225450092e-08
1.12367031608e-09	-5.51137824267e-09
1.12487726594e-09	3.36847566507e-09
1.1260842158e-09	1.26067041251e-08
1.12729116565e-09	2.0595360084e-08
1.12849811551e-09	2.56920333896e-08
1.12970506536e-09	2.66997655096e-08
1.13091201522e-09	2.30724537253e-08
1.13211896508e-09	1.51534989001e-08
1.13332591493e-09	4.17269352404e-09
1.13453286479e-09	-8.02891575447e-09
1.13573981464e-09	-1.93237701396e-08
1.1369467645e-09	-2.77875997767e-08
1.13815371436e-09	-3.19965272055e-08
1.13936066421e-09	-3.12197712127e-08
1.14056761407e-09	-2.54793621757e-08
1.14177456393e-09	-1.54488513093e-08
1.14298151378e-09	-2.46250636549e-09
1.14418846364e-09	1.16438032549e-08
1.14539541349e-09	2.46527926961e-08
1.14660236335e-09	3.42456956126e-08
1.14780931321e-09	3.84979355061e-08
1.14901626306e-09	3.62633270079e-08
1.15022321292e-09	2.76290039736e-08
1.15143016277e-09	1.39275175837e-08
1.15263711263e-09	-2.46873055332e-09
1.15384406249e-09	-1.86663058344e-08
1.15505101234e-09	-3.18602975113e-08
1.1562579622e-09	-3.98363670939e-08
1.15746491206e-09	-4.13207885686e-08
1.15867186191e-09	-3.60738825478e-08
1.15987881177e-09	-2.48844038708e-08
1.16108576162e-09	-9.46775013944e-09
1.16229271148e-09	7.77755027048e-09
1.16349966134e-09	2.40083881664e-08
1.16470661119e-09	3.64451095969e-08
1.16591356105e-09	4.28298161381e-08
1.1671205109e-09	4.19546068997e-08
1.16832746076e-09	3.39574079966e-08
1.16953441062e-09	2.02820893414e-08
1.17074136047e-09	3.4168259333e-09
1.17194831033e-09	-1.37068709716e-08
1.17315526019e-09	-2.82472201185e-08
1.17436221004e-09	-3.79575064713e-08
1.1755691599e-09	-4.14792298287e-08
1.17677610975e-09	-3.84112626151e-08
1.17798305961e-09	-2.93326731793e-08
1.17919000947e-09	-1.56665209694e-08
1.18039695932e-09	4.893561667e-10
1.18160390918e-09	1.65704923116e-08
1.18281085903e-09	2.9970357307e-08
1.18401780889e-09	3.83967631024e-08
1.18522475875e-09	4.03857605136e-08
1.1864317086e-09	3.55763352111e-08
1.18763865846e-09	2.48590397156e-08
1.18884560832e-09	1.01793626861e-08
1.19005255817e-09	-5.84026860206e-09
1.19125950803e-09	-2.04391881198e-08
1.19246645788e-09	-3.12445278539e-08
1.19367340774e-09	-3.6640209089e-08
1.1948803576e-09	-3.59875955702e-08
1.19608730745e-09	-2.96267121946e-08
1.19729425731e-09	-1.87273858643e-08
1.19850120716e-09	-5.11490483301e-09
1.19970815702e-09	9.0493874616e-09
1.20091510688e-09	2.15134265957e-08
1.20212205673e-09	3.02614013847e-08
1.20332900659e-09	3.3871673466e-08
1.20453595645e-09	3.17304036379e-08
1.2057429063e-09	2.42667894668e-08
1.20694985616e-09	1.28560151413e-08
1.20815680601e-09	-3.78957185077e-10
1.20936375587e-09	-1.30231572193e-08
1.21057070573e-09	-2.28686727333e-08
1.21177765558e-09	-2.83340635399e-08
1.21298460544e-09	-2.87699313262e-08
1.21419155529e-09	-2.44617219813e-08
1.21539850515e-09	-1.648229353e-08
1.21660545501e-09	-6.39753350296e-09
1.21781240486e-09	4.08845951538e-09
1.21901935472e-09	1.33489903575e-08
1.22022630458e-09	2.0098134712e-08
1.22143325443e-09	2.34365145069e-08
1.22264020429e-09	2.29864491885e-08
1.22384715414e-09	1.88873054974e-08
1.225054104e-09	1.18189364962e-08
1.22626105386e-09	2.96749952389e-09
1.22746800371e-09	-6.17492590393e-09
1.22867495357e-09	-1.39811144884e-08
1.22988190342e-09	-1.90692164281e-08
1.23108885328e-09	-2.05609800297e-08
1.23229580314e-09	-1.82951711558e-08
1.23350275299e-09	-1.2891098633e-08
1.23470970285e-09	-5.55469126251e-09
1.23591665271e-09	2.19126483625e-09
1.23712360256e-09	8.88881412919e-09
1.23833055242e-09	1.34565687482e-08
1.23953750227e-09	1.53332715414e-08
1.24074445213e-09	1.45450320677e-08
1.24195140199e-09	1.1496707808e-08
1.24315835184e-09	6.90015033999e-09
1.2443653017e-09	1.52990198288e-09
1.24557225156e-09	-3.79817349794e-09
1.24677920141e-09	-8.30669311114e-09
1.24798615127e-09	-1.13193761031e-08
1.24919310112e-09	-1.23039778366e-08
1.25040005098e-09	-1.10537241582e-08
1.25160700084e-09	-7.75656283647e-09
1.25281395069e-09	-3.04678859919e-09
1.25402090055e-09	2.08233488785e-09
1.2552278504e-09	6.53661968997e-09
1.25643480026e-09	9.37297306436e-09
1.25764175012e-09	1.00985941831e-08
1.25884869997e-09	8.74736838519e-09
1.26005564983e-09	5.83657433495e-09
1.26126259969e-09	2.17516987755e-09
1.26246954954e-09	-1.4525101677e-09
1.2636764994e-09	-4.40785652422e-09
1.26488344925e-09	-6.37522579172e-09
1.26609039911e-09	-7.23651893964e-09
1.26729734897e-09	-7.00647284635e-09
1.26850429882e-09	-5.73550573701e-09
1.26971124868e-09	-3.49502365937e-09
1.27091819853e-09	-4.89042889518e-10
1.27212514839e-09	2.86856738363e-09
1.27333209825e-09	5.92015203527e-09
1.2745390481e-09	7.89278531421e-09
1.27574599796e-09	8.17495060534e-09
1.27695294782e-09	6.53837772813e-09
1.27815989767e-09	3.35783939542e-09
1.27936684753e-09	-5.38971867137e-10
1.28057379738e-09	-4.09732564544e-09
1.28178074724e-09	-6.43437203518e-09
1.2829876971e-09	-7.1663046608e-09
1.28419464695e-09	-6.4083385265e-09
1.28540159681e-09	-4.69709127149e-09
1.28660854666e-09	-2.59655796864e-09
1.28781549652e-09	-5.11640840806e-10
1.28902244638e-09	1.43185233115e-09
1.29022939623e-09	3.26082294499e-09
1.29143634609e-09	4.91207818865e-09
1.29264329595e-09	6.13777495495e-09
1.2938502458e-09	6.50486642328e-09
1.29505719566e-09	5.64134150505e-09
1.29626414551e-09	3.50584439257e-09
1.29747109537e-09	4.74247550952e-10
1.29867804523e-09	-2.67900934769e-09
1.29988499508e-09	-5.16269305084e-09
1.30109194494e-09	-6.41382202904e-09
1.30229889479e-09	-6.34872399097e-09
1.30350584465e-09	-5.28399612953e-09
1.30471279451e-09	-3.69506059084e-09
1.30591974436e-09	-1.98304406229e-09
1.30712669422e-09	-2.67994876291e-10
1.30833364408e-09	1.4803224202e-09
1.30954059393e-09	3.3085313933e-09
1.31074754379e-09	5.05638597659e-09
1.31195449364e-09	6.31036223275e-09
1.3131614435e-09	6.60748944448e-09
1.31436839336e-09	5.61825652667e-09
1.31557534321e-09	3.42940248421e-09
1.31678229307e-09	5.36220401415e-10
1.31798924292e-09	-2.34710709202e-09
1.31919619278e-09	-4.52060389122e-09
1.32040314264e-09	-5.64570157291e-09
1.32161009249e-09	-5.72818337208e-09
1.32281704235e-09	-5.1002041479e-09
1.32402399221e-09	-4.12761069768e-09
1.32523094206e-09	-3.04000624674e-09
1.32643789192e-09	-1.84566428807e-09
1.32764484177e-09	-3.89079962693e-10
1.32885179163e-09	1.41505807072e-09
1.33005874149e-09	3.48274625805e-09
1.33126569134e-09	5.4666084992e-09
1.3324726412e-09	6.85835577219e-09
1.33367959105e-09	7.22028359323e-09
1.33488654091e-09	6.30375440736e-09
1.33609349077e-09	4.22852303172e-09
1.33730044062e-09	1.37750366669e-09
1.33850739048e-09	-1.7063772062e-09
1.33971434034e-09	-4.48692077937e-09
1.34092129019e-09	-6.60325705226e-09
1.34212824005e-09	-7.827153925e-09
1.3433351899e-09	-8.10908984406e-09
1.34454213976e-09	-7.41134431603e-09
1.34574908962e-09	-5.74207426052e-09
1.34695603947e-09	-3.1523099131e-09
1.34816298933e-09	2.00695210451e-10
1.34936993918e-09	3.923281644e-09
1.35057688904e-09	7.44639605532e-09
1.3517838389e-09	1.00638053446e-08
1.35299078875e-09	1.11419409254e-08
1.35419773861e-09	1.0328528699e-08
1.35540468847e-09	7.64578578227e-09
1.35661163832e-09	3.57333551637e-09
1.35781858818e-09	-1.15503517861e-09
1.35902553803e-09	-5.67279134778e-09
1.36023248789e-09	-9.24932763713e-09
1.36143943775e-09	-1.14034282017e-08
1.3626463876e-09	-1.191344845e-08
1.36385333746e-09	-1.08193443094e-08
1.36506028731e-09	-8.26840873547e-09
1.36626723717e-09	-4.52266646356e-09
1.36747418703e-09	7.39031023878e-11
1.36868113688e-09	5.04166708382e-09
1.36988808674e-09	9.70130287214e-09
1.3710950366e-09	1.32563748867e-08
1.37230198645e-09	1.48918126719e-08
1.37350893631e-09	1.40352158784e-08
1.37471588616e-09	1.05758199975e-08
1.37592283602e-09	4.97692020929e-09
1.37712978588e-09	-1.72116090824e-09
1.37833673573e-09	-8.21896339875e-09
1.37954368559e-09	-1.3214610739e-08
1.38075063544e-09	-1.58201867162e-08
1.3819575853e-09	-1.57059782957e-08
1.38316453516e-09	-1.31063637721e-08
1.38437148501e-09	-8.66945504274e-09
1.38557843487e-09	-3.16696702196e-09
1.38678538473e-09	2.63650484778e-09
1.38799233458e-09	8.08442635059e-09
1.38919928444e-09	1.25703205622e-08
1.39040623429e-09	1.54719452805e-08
1.39161318415e-09	1.62122699709e-08
1.39282013401e-09	1.43657570284e-08
1.39402708386e-09	9.94264448551e-09
1.39523403372e-09	3.50645623648e-09
1.39644098357e-09	-3.80930431643e-09
1.39764793343e-09	-1.0533772965e-08
1.39885488329e-09	-1.53006063375e-08
1.40006183314e-09	-1.71788117065e-08
1.401268783e-09	-1.59892066254e-08
1.40247573286e-09	-1.22130725533e-08
1.40368268271e-09	-6.79515443913e-09
1.40488963257e-09	-7.88041618072e-10
1.40609658242e-09	4.92457441492e-09
1.40730353228e-09	9.7077252903e-09
1.40851048214e-09	1.31461137531e-08
1.40971743199e-09	1.49055920939e-08
1.41092438185e-09	1.46745631202e-08
1.4121313317e-09	1.22638950106e-08
1.41333828156e-09	7.73750208349e-09
1.41454523142e-09	1.63812524656e-09
1.41575218127e-09	-5.03444352873e-09
1.41695913113e-09	-1.09592379616e-08
1.41816608099e-09	-1.48597540939e-08
1.41937303084e-09	-1.59097426344e-08
1.4205799807e-09	-1.39630842444e-08
1.42178693055e-09	-9.62871227195e-09
1.42299388041e-09	-3.99262034545e-09
1.42420083027e-09	1.71431210894e-09
1.42540778012e-09	6.50013520787e-09
1.42661472998e-09	9.80651848614e-09
1.42782167983e-09	1.14745069002e-08
1.42902862969e-09	1.16143459294e-08
1.43023557955e-09	1.0378508275e-08
1.4314425294e-09	7.89126919365e-09
1.43264947926e-09	4.31628999209e-09
1.43385642912e-09	-5.31826874206e-11
1.43506337897e-09	-4.60179017114e-09
1.43627032883e-09	-8.51884129904e-09
1.43747727868e-09	-1.09302291662e-08
1.43868422854e-09	-1.12518270257e-08
1.4398911784e-09	-9.41755984307e-09
1.44109812825e-09	-5.93296944906e-09
1.44230507811e-09	-1.7345899439e-09
1.44351202796e-09	2.18822243658e-09
1.44471897782e-09	5.07744712941e-09
1.44592592768e-09	6.63478849638e-09
1.44713287753e-09	6.98409508004e-09
1.44833982739e-09	6.4579127601e-09
1.44954677725e-09	5.40629485624e-09
1.4507537271e-09	4.00096239472e-09
1.45196067696e-09	2.28822863435e-09
1.45316762681e-09	2.96529294175e-10
1.45437457667e-09	-1.82523884895e-09
1.45558152653e-09	-3.73416841892e-09
1.45678847638e-09	-5.02805552749e-09
1.45799542624e-09	-5.35777411326e-09
1.4592023761e-09	-4.66605970528e-09
1.46040932595e-09	-3.18883108807e-09
1.46161627581e-09	-1.40102673907e-09
1.46282322566e-09	1.76128341078e-10
1.46403017552e-09	1.20557491767e-09
1.46523712538e-09	1.60362553792e-09
1.46644407523e-09	1.56344481805e-09
1.46765102509e-09	1.40624432932e-09
1.46885797494e-09	1.39194746007e-09
1.4700649248e-09	1.6407182557e-09
1.47127187466e-09	2.04399094872e-09
1.47247882451e-09	2.38986297418e-09
1.47368577437e-09	2.44122022597e-09
1.47489272423e-09	2.06153574767e-09
1.47609967408e-09	1.27222044011e-09
1.47730662394e-09	1.95121691374e-10
1.47851357379e-09	-9.68985683358e-10
1.47972052365e-09	-2.07038197697e-09
1.48092747351e-09	-2.99302688189e-09
1.48213442336e-09	-3.68224023495e-09
1.48334137322e-09	-4.08287187392e-09
1.48454832307e-09	-4.09300277004e-09
1.48575527293e-09	-3.59479312984e-09
1.48696222279e-09	-2.46598064191e-09
1.48816917264e-09	-6.97059021615e-10
1.4893761225e-09	1.55046869788e-09
1.49058307236e-09	3.94156624006e-09
1.49179002221e-09	5.98305116561e-09
1.49299697207e-09	7.20837700641e-09
1.49420392192e-09	7.24600568436e-09
1.49541087178e-09	5.99248106692e-09
1.49661782164e-09	3.60848456671e-09
1.49782477149e-09	4.80501832767e-10
1.49903172135e-09	-2.84374546133e-09
1.5002386712e-09	-5.82562253992e-09
1.50144562106e-09	-7.97686339205e-09
1.50265257092e-09	-8.96288121499e-09
1.50385952077e-09	-8.61519799944e-09
1.50506647063e-09	-6.93350932224e-09
1.50627342049e-09	-4.11787159926e-09
1.50748037034e-09	-5.21640147744e-10
1.5086873202e-09	3.33656902107e-09
1.50989427005e-09	6.8596734959e-09
1.51110121991e-09	9.45395650653e-09
1.51230816977e-09	1.06244832931e-08
1.51351511962e-09	1.01217996207e-08
1.51472206948e-09	7.93635890339e-09
1.51592901933e-09	4.39222114235e-09
1.51713596919e-09	3.09738623638e-11
1.51834291905e-09	-4.44224917961e-09
1.5195498689e-09	-8.28291546462e-09
1.52075681876e-09	-1.0858131283e-08
1.52196376862e-09	-1.17111527143e-08
1.52317071847e-09	-1.06890591933e-08
1.52437766833e-09	-7.93672472188e-09
1.52558461818e-09	-3.89328280725e-09
1.52679156804e-09	7.72780880953e-10
1.5279985179e-09	5.31673505222e-09
1.52920546775e-09	8.99972618651e-09
1.53041241761e-09	1.1263531885e-08
1.53161936746e-09	1.17771405961e-08
1.53282631732e-09	1.04810362611e-08
1.53403326718e-09	7.59677676321e-09
1.53524021703e-09	3.53870327485e-09
1.53644716689e-09	-1.07953407325e-09
1.53765411675e-09	-5.58006574281e-09
1.5388610666e-09	-9.25631526982e-09
1.54006801646e-09	-1.14956031361e-08
1.54127496631e-09	-1.19010394872e-08
1.54248191617e-09	-1.03590311884e-08
1.54368886603e-09	-7.13252246154e-09
1.54489581588e-09	-2.77924666614e-09
1.54610276574e-09	1.92645793762e-09
1.54730971559e-09	6.16770223782e-09
1.54851666545e-09	9.28504118036e-09
1.54972361531e-09	1.08300768353e-08
1.55093056516e-09	1.06919426646e-08
1.55213751502e-09	8.98328711418e-09
1.55334446488e-09	6.0352890463e-09
1.55455141473e-09	2.30631069797e-09
1.55575836459e-09	-1.69157818308e-09
1.55696531444e-09	-5.38266342609e-09
1.5581722643e-09	-8.2452760175e-09
1.55937921416e-09	-9.82240311309e-09
1.56058616401e-09	-9.85995574077e-09
1.56179311387e-09	-8.35416325007e-09
1.56300006372e-09	-5.56847368216e-09
1.56420701358e-09	-2.01520680698e-09
1.56541396344e-09	1.70033367941e-09
1.56662091329e-09	4.9674709901e-09
1.56782786315e-09	7.31078064753e-09
1.56903481301e-09	8.46028436197e-09
1.57024176286e-09	8.32670787876e-09
1.57144871272e-09	7.03545532943e-09
1.57265566257e-09	4.81681783349e-09
1.57386261243e-09	2.03237185414e-09
1.57506956229e-09	-9.2277094299e-10
1.57627651214e-09	-3.63454721874e-09
1.577483462e-09	-5.72023073353e-09
1.57869041185e-09	-6.92436530336e-09
1.57989736171e-09	-7.09803094079e-09
1.58110431157e-09	-6.27696483679e-09
1.58231126142e-09	-4.62497440346e-09
1.58351821128e-09	-2.404761279e-09
1.58472516114e-09	3.91698531249e-11
1.58593211099e-09	2.38513253592e-09
1.58713906085e-09	4.30785235261e-09
1.5883460107e-09	5.56815482611e-09
1.58955296056e-09	6.01995941985e-09
1.59075991042e-09	5.6255350378e-09
1.59196686027e-09	4.49827841642e-09
1.59317381013e-09	2.81977313721e-09
1.59438075998e-09	8.75214900553e-10
1.59558770984e-09	-1.07483176526e-09
1.5967946597e-09	-2.78493234029e-09
1.59800160955e-09	-4.07741179709e-09
1.59920855941e-09	-4.85056672606e-09
1.60041550927e-09	-5.0358924808e-09
1.60162245912e-09	-4.63554683527e-09
1.60282940898e-09	-3.6693718064e-09
1.60403635883e-09	-2.22126314564e-09
1.60524330869e-09	-4.46290483735e-10
1.60645025855e-09	1.45249517969e-09
1.6076572084e-09	3.19253801173e-09
1.60886415826e-09	4.51700404858e-09
1.61007110811e-09	5.1958096714e-09
1.61127805797e-09	5.11439735007e-09
1.61248500783e-09	4.29499358301e-09
1.61369195768e-09	2.87214452221e-09
1.61489890754e-09	1.09824513372e-09
1.6161058574e-09	-7.74613928556e-10
1.61731280725e-09	-2.48802545233e-09
1.61851975711e-09	-3.8512983358e-09
1.61972670696e-09	-4.73434058623e-09
1.62093365682e-09	-5.03719099765e-09
1.62214060668e-09	-4.71456085283e-09
1.62334755653e-09	-3.74078257259e-09
1.62455450639e-09	-2.17860934848e-09
1.62576145624e-09	-1.94968291511e-10
1.6269684061e-09	1.93473354004e-09
1.62817535596e-09	3.83097581436e-09
1.62938230581e-09	5.14338460711e-09
1.63058925567e-09	5.592262875e-09
1.63179620553e-09	5.11223829935e-09
1.63300315538e-09	3.82196146953e-09
1.63421010524e-09	1.99888830488e-09
1.63541705509e-09	-6.56442088187e-12
1.63662400495e-09	-1.89493368219e-09
1.63783095481e-09	-3.43148887083e-09
1.63903790466e-09	-4.48312931223e-09
1.64024485452e-09	-4.95890195573e-09
1.64145180437e-09	-4.79287343147e-09
1.64265875423e-09	-3.95553212407e-09
1.64386570409e-09	-2.47789383456e-09
1.64507265394e-09	-5.31550956029e-10
1.6462796038e-09	1.58101381986e-09
1.64748655366e-09	3.46124051642e-09
1.64869350351e-09	4.70722327783e-09
1.64990045337e-09	5.07362607483e-09
1.65110740322e-09	4.50364340265e-09
1.65231435308e-09	3.19307585928e-09
1.65352130294e-09	1.47200035494e-09
1.65472825279e-09	-2.866788959e-10
1.65593520265e-09	-1.78020542752e-09
1.6571421525e-09	-2.84904799752e-09
1.65834910236e-09	-3.43270439851e-09
1.65955605222e-09	-3.55660118023e-09
1.66076300207e-09	-3.24458687695e-09
1.66196995193e-09	-2.52447407423e-09
1.66317690179e-09	-1.45450837485e-09
1.66438385164e-09	-1.42141173831e-10
1.6655908015e-09	1.19006970944e-09
1.66679775135e-09	2.28597724083e-09
1.66800470121e-09	2.89243773377e-09
1.66921165107e-09	2.87694496004e-09
1.67041860092e-09	2.28927415913e-09
1.67162555078e-09	1.32840979883e-09
1.67283250063e-09	3.05409801615e-10
1.67403945049e-09	-5.19992243708e-10
1.67524640035e-09	-9.89740844837e-10
1.6764533502e-09	-1.10651834917e-09
1.67766030006e-09	-9.86735790298e-10
1.67886724992e-09	-7.70823710416e-10
1.68007419977e-09	-5.7237256601e-10
1.68128114963e-09	-4.16073522858e-10
1.68248809948e-09	-2.89189124036e-10
1.68369504934e-09	-1.76001956065e-10
1.6849019992e-09	-8.66026148363e-11
1.68610894905e-09	-8.63107601883e-11
1.68731589891e-09	-2.01137415751e-10
1.68852284877e-09	-4.25166735152e-10
1.68972979862e-09	-6.4804472899e-10
1.69093674848e-09	-7.14934264567e-10
1.69214369833e-09	-4.9092066523e-10
1.69335064819e-09	7.8386218523e-11
1.69455759805e-09	8.89638751556e-10
1.6957645479e-09	1.74806397135e-09
1.69697149776e-09	2.38967418076e-09
1.69817844761e-09	2.60210919478e-09
1.69938539747e-09	2.28229360411e-09
1.70059234733e-09	1.45193318479e-09
1.70179929718e-09	2.57616032673e-10
1.70300624704e-09	-1.10087952643e-09
1.7042131969e-09	-2.39749203823e-09
1.70542014675e-09	-3.41974215612e-09
1.70662709661e-09	-3.99515576177e-09
1.70783404646e-09	-3.9840429289e-09
1.70904099632e-09	-3.32805533132e-09
1.71024794618e-09	-2.03889732875e-09
1.71145489603e-09	-2.57002325671e-10
1.71266184589e-09	1.77638481702e-09
1.71386879574e-09	3.73027975176e-09
1.7150757456e-09	5.23080034842e-09
1.71628269546e-09	5.95868410169e-09
1.71748964531e-09	5.69652436333e-09
1.71869659517e-09	4.40778319399e-09
1.71990354503e-09	2.25481194827e-09
1.72111049488e-09	-4.31670615919e-10
1.72231744474e-09	-3.18498794005e-09
1.72352439459e-09	-5.52268464293e-09
1.72473134445e-09	-7.01397107061e-09
1.72593829431e-09	-7.37960947905e-09
1.72714524416e-09	-6.53915555038e-09
1.72835219402e-09	-4.60340371378e-09
1.72955914387e-09	-1.87714863098e-09
1.73076609373e-09	1.23529489415e-09
1.73197304359e-09	4.25053403585e-09
1.73317999344e-09	6.70342181763e-09
1.7343869433e-09	8.18881495945e-09
1.73559389316e-09	8.42201564044e-09
1.73680084301e-09	7.30379012825e-09
1.73800779287e-09	4.93895424558e-09
1.73921474272e-09	1.66018773728e-09
1.74042169258e-09	-2.01611552453e-09
1.74162864244e-09	-5.47524081629e-09
1.74283559229e-09	-8.10362588144e-09
1.74404254215e-09	-9.43547928678e-09
1.745249492e-09	-9.21563014789e-09
1.74645644186e-09	-7.47778239329e-09
1.74766339172e-09	-4.50934278806e-09
1.74887034157e-09	-7.9934696362e-10
1.75007729143e-09	3.04759639747e-09
1.75128424129e-09	6.43447783943e-09
1.75249119114e-09	8.82678607983e-09
1.753698141e-09	9.85920833863e-09
1.75490509085e-09	9.35775190669e-09
1.75611204071e-09	7.37193206479e-09
1.75731899057e-09	4.1850532484e-09
1.75852594042e-09	2.69364100469e-10
1.75973289028e-09	-3.75198627722e-09
1.76093984013e-09	-7.21710202711e-09
1.76214678999e-09	-9.53085521616e-09
1.76335373985e-09	-1.02752708564e-08
1.7645606897e-09	-9.3199961082e-09
1.76576763956e-09	-6.82262724094e-09
1.76697458942e-09	-3.23770310562e-09
1.76818153927e-09	8.13718675774e-10
1.76938848913e-09	4.64554494872e-09
1.77059543898e-09	7.64480689863e-09
1.77180238884e-09	9.37602817608e-09
1.7730093387e-09	9.61910417985e-09
1.77421628855e-09	8.39434388666e-09
1.77542323841e-09	5.91840032538e-09
1.77663018826e-09	2.57805848891e-09
1.77783713812e-09	-1.12571409139e-09
1.77904408798e-09	-4.6409734944e-09
1.78025103783e-09	-7.41722860909e-09
1.78145798769e-09	-9.01238750295e-09
1.78266493755e-09	-9.15310849336e-09
1.7838718874e-09	-7.81054043664e-09
1.78507883726e-09	-5.22451260032e-09
1.78628578711e-09	-1.84295800842e-09
1.78749273697e-09	1.73500452894e-09
1.78869968683e-09	4.91282503567e-09
1.78990663668e-09	7.18290571466e-09
1.79111358654e-09	8.23006995887e-09
1.79232053639e-09	7.96093357902e-09
1.79352748625e-09	6.48886433474e-09
1.79473443611e-09	4.10456640898e-09
1.79594138596e-09	1.20243648372e-09
1.79714833582e-09	-1.7700255428e-09
1.79835528568e-09	-4.37204661363e-09
1.79956223553e-09	-6.234602834e-09
1.80076918539e-09	-7.08557368334e-09
1.80197613524e-09	-6.82436873678e-09
1.8031830851e-09	-5.51073076061e-09
1.80439003496e-09	-3.38449829274e-09
1.80559698481e-09	-8.19746395764e-10
1.80680393467e-09	1.75194669882e-09
1.80801088452e-09	3.89939558421e-09
1.80921783438e-09	5.3053701432e-09
1.81042478424e-09	5.78863290635e-09
1.81163173409e-09	5.35183930506e-09
1.81283868395e-09	4.14685163985e-09
1.81404563381e-09	2.43168579717e-09
1.81525258366e-09	5.16554805874e-10
1.81645953352e-09	-1.3082526451e-09
1.81766648337e-09	-2.79692402572e-09
1.81887343323e-09	-3.78187348105e-09
1.82008038309e-09	-4.1802056816e-09
1.82128733294e-09	-3.97682514697e-09
1.8224942828e-09	-3.2445154341e-09
1.82370123265e-09	-2.10292336322e-09
1.82490818251e-09	-7.39324004795e-10
1.82611513237e-09	6.36258698505e-10
1.82732208222e-09	1.81275078281e-09
1.82852903208e-09	2.6118532892e-09
1.82973598194e-09	2.94083207786e-09
1.83094293179e-09	2.78839967782e-09
1.83214988165e-09	2.24965546192e-09
1.8333568315e-09	1.47767625913e-09
1.83456378136e-09	6.43861478022e-10
1.83577073122e-09	-9.88263255952e-11
1.83697768107e-09	-6.69226771222e-10
1.83818463093e-09	-1.04141736901e-09
1.83939158078e-09	-1.24710061722e-09
1.84059853064e-09	-1.3347299932e-09
1.8418054805e-09	-1.3376371677e-09
1.84301243035e-09	-1.27679458672e-09
1.84421938021e-09	-1.1403697292e-09
1.84542633007e-09	-9.30344384864e-10
1.84663327992e-09	-6.46526665538e-10
1.84784022978e-09	-3.16357252894e-10
1.84904717963e-09	3.1953562192e-11
1.85025412949e-09	3.79395140304e-10
1.85146107935e-09	7.16827042169e-10
1.8526680292e-09	1.0502492348e-09
1.85387497906e-09	1.37058236982e-09
1.85508192891e-09	1.63895788607e-09
1.85628887877e-09	1.78902578862e-09
1.85749582863e-09	1.72849329294e-09
1.85870277848e-09	1.39495043294e-09
1.85990972834e-09	7.70178767984e-10
1.8611166782e-09	-8.4492269084e-11
1.86232362805e-09	-1.04187972139e-09
1.86353057791e-09	-1.94318502955e-09
1.86473752776e-09	-2.62073934776e-09
1.86594447762e-09	-2.95841978692e-09
1.86715142748e-09	-2.8800769547e-09
1.86835837733e-09	-2.3808304217e-09
1.86956532719e-09	-1.50477949545e-09
1.87077227704e-09	-3.44382786177e-10
1.8719792269e-09	9.54974155309e-10
1.87318617676e-09	2.22321758225e-09
1.87439312661e-09	3.2640183889e-09
1.87560007647e-09	3.89673404655e-09
1.87680702633e-09	3.99042471289e-09
1.87801397618e-09	3.48219969526e-09
1.87922092604e-09	2.41617459373e-09
1.88042787589e-09	9.09634464974e-10
1.88163482575e-09	-8.29035368133e-10
1.88284177561e-09	-2.55589288622e-09
1.88404872546e-09	-4.00547284229e-09
1.88525567532e-09	-4.92805518615e-09
1.88646262517e-09	-5.14072517888e-09
1.88766957503e-09	-4.54681403639e-09
1.88887652489e-09	-3.19271958871e-09
1.89008347474e-09	-1.2558021012e-09
1.8912904246e-09	9.64002946913e-10
1.89249737446e-09	3.10114367519e-09
1.89370432431e-09	4.80439088513e-09
1.89491127417e-09	5.79275216683e-09
1.89611822402e-09	5.91837234776e-09
1.89732517388e-09	5.16620890512e-09
1.89853212374e-09	3.64413027532e-09
1.89973907359e-09	1.56084248304e-09
1.90094602345e-09	-8.20189319239e-10
1.9021529733e-09	-3.17602033562e-09
1.90335992316e-09	-5.1757825803e-09
1.90456687302e-09	-6.49023701449e-09
