% time-domain current integration by openEMS v0.37.0-rc1-2-g7b051bb @Tue Jul 14 00:01:31 2026
% start-coordinates: (0.00550705,-0.000264777,-0.000889) m -> [141,39,13]
% stop-coordinates: (0.00598092,0.000195173,-0.000889) m -> [149,46,13]
% t/s	current
7.21641059801e-14	0
1.22678980166e-12	0
2.38141549734e-12	0
3.53604119303e-12	0
4.69066688871e-12	0
5.84529258439e-12	0
6.99991828007e-12	0
8.15454397575e-12	0
9.30916967143e-12	0
1.04637953671e-11	0
1.16184210628e-11	0
1.27730467585e-11	0
1.39276724542e-11	0
1.50822981498e-11	0
1.62369238455e-11	0
1.73915495412e-11	0
1.85461752369e-11	0
1.97008009326e-11	0
2.08554266283e-11	0
2.20100523239e-11	0
2.31646780196e-11	0
2.43193037153e-11	0
2.5473929411e-11	0
2.66285551067e-11	0
2.77831808023e-11	0
2.8937806498e-11	0
3.00924321937e-11	0
3.12470578894e-11	0
3.24016835851e-11	0
3.35563092808e-11	0
3.47109349764e-11	0
3.58655606721e-11	0
3.70201863678e-11	0
3.81748120635e-11	0
3.93294377592e-11	0
4.04840634548e-11	0
4.16386891505e-11	0
4.27933148462e-11	0
4.39479405419e-11	0
4.51025662376e-11	0
4.62571919333e-11	0
4.74118176289e-11	0
4.85664433246e-11	0
4.97210690203e-11	0
5.0875694716e-11	0
5.20303204117e-11	0
5.31849461073e-11	0
5.4339571803e-11	0
5.54941974987e-11	0
5.66488231944e-11	0
5.78034488901e-11	0
5.89580745858e-11	0
6.01127002814e-11	0
6.12673259771e-11	0
6.24219516728e-11	0
6.35765773685e-11	0
6.47312030642e-11	0
6.58858287598e-11	0
6.70404544555e-11	0
6.81950801512e-11	0
6.93497058469e-11	0
7.05043315426e-11	0
7.16589572383e-11	0
7.28135829339e-11	0
7.39682086296e-11	0
7.51228343253e-11	0
7.6277460021e-11	0
7.74320857167e-11	0
7.85867114123e-11	0
7.9741337108e-11	0
8.08959628037e-11	0
8.20505884994e-11	0
8.32052141951e-11	0
8.43598398908e-11	0
8.55144655864e-11	0
8.66690912821e-11	0
8.78237169778e-11	0
8.89783426735e-11	0
9.01329683692e-11	0
9.12875940648e-11	0
9.24422197605e-11	0
9.35968454562e-11	0
9.47514711519e-11	0
9.59060968476e-11	0
9.70607225432e-11	0
9.82153482389e-11	0
9.93699739346e-11	0
1.0052459963e-10	0
1.01679225326e-10	0
1.02833851022e-10	0
1.03988476717e-10	0
1.05143102413e-10	0
1.06297728109e-10	0
1.07452353804e-10	0
1.086069795e-10	-6.83368867916e-38
1.09761605196e-10	-9.3120095383e-36
1.10916230891e-10	-2.15727733453e-34
1.12070856587e-10	-3.97058151213e-33
1.13225482283e-10	-6.13239592425e-32
1.14380107978e-10	-7.8880288282e-31
1.15534733674e-10	-8.25192821305e-30
1.1668935937e-10	-6.64048908689e-29
1.17843985066e-10	-3.42480129401e-28
1.18998610761e-10	1.36559603451e-28
1.20153236457e-10	2.64526046453e-26
1.21307862153e-10	3.40898746013e-25
1.22462487848e-10	2.71373614258e-24
1.23617113544e-10	1.41006346676e-23
1.2477173924e-10	2.7535789431e-23
1.25926364935e-10	-3.46148782575e-22
1.27080990631e-10	-5.04827681606e-21
1.28235616327e-10	-4.14071654307e-20
1.29390242022e-10	-2.5979706108e-19
1.30544867718e-10	-1.35087155349e-18
1.31699493414e-10	-6.02303787533e-18
1.32854119109e-10	-2.34358912187e-17
1.34008744805e-10	-8.03326642746e-17
1.35163370501e-10	-2.43492167364e-16
1.36317996196e-10	-6.5140661174e-16
1.37472621892e-10	-1.52261816741e-15
1.38627247588e-10	-3.02636804065e-15
1.39781873283e-10	-4.73970202889e-15
1.40936498979e-10	-4.17948417845e-15
1.42091124675e-10	6.309790252e-15
1.43245750371e-10	4.494260934e-14
1.44400376066e-10	1.4794509205e-13
1.45555001762e-10	3.7674857266e-13
1.46709627458e-10	8.18904731352e-13
1.47864253153e-10	1.57186861183e-12
1.49018878849e-10	2.69456484035e-12
1.50173504545e-10	4.11154226984e-12
1.5132813024e-10	5.46355191991e-12
1.52482755936e-10	5.92182466258e-12
1.53637381632e-10	4.02348423675e-12
1.54792007327e-10	-2.36284581311e-12
1.55946633023e-10	-1.57868787487e-11
1.57101258719e-10	-3.85208392961e-11
1.58255884414e-10	-7.13290815302e-11
1.5941051011e-10	-1.11796162605e-10
1.60565135806e-10	-1.52593854219e-10
1.61719761501e-10	-1.80389744808e-10
1.62874387197e-10	-1.76322970113e-10
1.64029012893e-10	-1.18914336711e-10
1.65183638588e-10	1.02059975055e-11
1.66338264284e-10	2.18301127175e-10
1.6749288998e-10	4.9300541427e-10
1.68647515676e-10	7.96099464129e-10
1.69802141371e-10	1.0628534719e-09
1.70956767067e-10	1.20960119698e-09
1.72111392763e-10	1.15035792003e-09
1.73266018458e-10	8.20489010067e-10
1.74420644154e-10	2.02332317567e-10
1.7557526985e-10	-6.54661436172e-10
1.76729895545e-10	-1.6272723169e-09
1.77884521241e-10	-2.53140819417e-09
1.79039146937e-10	-3.15610648727e-09
1.80193772632e-10	-3.31385119345e-09
1.81348398328e-10	-2.89583890201e-09
1.82503024024e-10	-1.91614657474e-09
1.83657649719e-10	-5.2840193332e-10
1.84812275415e-10	9.96177140777e-10
1.85966901111e-10	2.32965691183e-09
1.87121526806e-10	3.17385762116e-09
1.88276152502e-10	3.34743499586e-09
1.89430778198e-10	2.84424661601e-09
1.90585403893e-10	1.84016979432e-09
1.91740029589e-10	6.42244701865e-10
1.92894655285e-10	-4.0463837836e-10
1.94049280981e-10	-1.02110020439e-09
1.95203906676e-10	-1.069569322e-09
1.96358532372e-10	-5.773552747e-10
1.97513158068e-10	2.97140478889e-10
1.98667783763e-10	1.33499977739e-09
1.99822409459e-10	2.33050578835e-09
2.00977035155e-10	3.13753290015e-09
2.0213166085e-10	3.67584163108e-09
2.03286286546e-10	3.90696497377e-09
2.04440912242e-10	3.8044292161e-09
2.05595537937e-10	3.34277983072e-09
2.06750163633e-10	2.51511567129e-09
2.07904789329e-10	1.36825772934e-09
2.09059415024e-10	3.02576852462e-11
2.1021404072e-10	-1.29485044909e-09
2.11368666416e-10	-2.37478281484e-09
2.12523292111e-10	-3.02617797487e-09
2.13677917807e-10	-3.18985704517e-09
2.14832543503e-10	-2.96876634387e-09
2.15987169198e-10	-2.60598098656e-09
2.17141794894e-10	-2.40453057465e-09
2.1829642059e-10	-2.61593746664e-09
2.19451046286e-10	-3.33941940767e-09
2.20605671981e-10	-4.47189263397e-09
2.21760297677e-10	-5.73060310316e-09
2.22914923373e-10	-6.74260602906e-09
2.24069549068e-10	-7.16974835058e-09
2.25224174764e-10	-6.82466572144e-09
2.2637880046e-10	-5.73738478948e-09
2.27533426155e-10	-4.1506331705e-09
2.28688051851e-10	-2.44718423303e-09
2.29842677547e-10	-1.03469810497e-09
2.30997303242e-10	-2.25477136961e-10
2.32151928938e-10	-1.47204387568e-10
2.33306554634e-10	-7.08570147001e-10
2.34461180329e-10	-1.62642277424e-09
2.35615806025e-10	-2.50449772032e-09
2.36770431721e-10	-2.94167379344e-09
2.37925057416e-10	-2.64170973985e-09
2.39079683112e-10	-1.49663959004e-09
2.40234308808e-10	3.77864656231e-10
2.41388934503e-10	2.66583644049e-09
2.42543560199e-10	4.92940754881e-09
2.43698185895e-10	6.72357547415e-09
2.44852811591e-10	7.71675878752e-09
2.46007437286e-10	7.782137601e-09
2.47162062982e-10	7.03124092283e-09
2.48316688678e-10	5.77800163271e-09
2.49471314373e-10	4.44345671369e-09
2.50625940069e-10	3.43029471495e-09
2.51780565765e-10	3.0063456169e-09
2.5293519146e-10	3.23314996997e-09
2.54089817156e-10	3.96041510697e-09
2.55244442852e-10	4.88425788703e-09
2.56399068547e-10	5.64587798735e-09
2.57553694243e-10	5.93638516122e-09
2.58708319939e-10	5.57607116036e-09
2.59862945634e-10	4.54941107009e-09
2.6101757133e-10	2.99369129486e-09
2.62172197026e-10	1.15300580195e-09
2.63326822721e-10	-6.84100109893e-10
2.64481448417e-10	-2.24626339751e-09
2.65636074113e-10	-3.3289950796e-09
2.66790699808e-10	-3.82710485525e-09
2.67945325504e-10	-3.74812758608e-09
2.690999512e-10	-3.20660498154e-09
2.70254576896e-10	-2.40031727827e-09
2.71409202591e-10	-1.57160329195e-09
2.72563828287e-10	-9.5985153159e-10
2.73718453983e-10	-7.53369033824e-10
2.74873079678e-10	-1.0488950819e-09
2.76027705374e-10	-1.82563697493e-09
2.7718233107e-10	-2.93913116067e-09
2.78336956765e-10	-4.13924805542e-09
2.79491582461e-10	-5.11491737853e-09
2.80646208157e-10	-5.56371260174e-09
2.81800833852e-10	-5.27539345541e-09
2.82955459548e-10	-4.20741441687e-09
2.84110085244e-10	-2.52381915367e-09
2.85264710939e-10	-5.74297331912e-10
2.86419336635e-10	1.19219423222e-09
2.87573962331e-10	2.35973485196e-09
2.88728588026e-10	2.68165334383e-09
2.89883213722e-10	2.16986917323e-09
2.91037839418e-10	1.09927456027e-09
2.92192465113e-10	-7.97685736909e-11
2.93347090809e-10	-8.91740736808e-10
2.94501716505e-10	-9.94805682275e-10
2.95656342201e-10	-2.89902324369e-10
2.96810967896e-10	1.05867981048e-09
2.97965593592e-10	2.69465427749e-09
2.99120219288e-10	4.20060519701e-09
3.00274844983e-10	5.23536280994e-09
3.01429470679e-10	5.62743984744e-09
3.02584096375e-10	5.39669997579e-09
3.0373872207e-10	4.70787853146e-09
3.04893347766e-10	3.78548303814e-09
3.06047973462e-10	2.82944201402e-09
3.07202599157e-10	1.96279992259e-09
3.08357224853e-10	1.22336707431e-09
3.09511850549e-10	5.90636095588e-10
3.10666476244e-10	2.65973666702e-11
3.1182110194e-10	-4.91064855446e-10
3.12975727636e-10	-9.55399315217e-10
3.14130353331e-10	-1.33648936362e-09
3.15284979027e-10	-1.60004287597e-09
3.16439604723e-10	-1.72789360597e-09
3.17594230418e-10	-1.73194780739e-09
3.18748856114e-10	-1.65747682246e-09
3.1990348181e-10	-1.57558477376e-09
3.21058107506e-10	-1.56667312456e-09
3.22212733201e-10	-1.69828140439e-09
3.23367358897e-10	-2.00242378234e-09
3.24521984593e-10	-2.4586808145e-09
3.25676610288e-10	-2.98917157693e-09
3.26831235984e-10	-3.4696836515e-09
3.2798586168e-10	-3.75704622968e-09
3.29140487375e-10	-3.72665809323e-09
3.30295113071e-10	-3.30885940869e-09
3.31449738767e-10	-2.5122464109e-09
3.32604364462e-10	-1.42647349488e-09
3.33758990158e-10	-2.03951550093e-10
3.34913615854e-10	9.73619740385e-10
3.36068241549e-10	1.93366744838e-09
3.37222867245e-10	2.54563992108e-09
3.38377492941e-10	2.742037708e-09
3.39532118636e-10	2.5263964254e-09
3.40686744332e-10	1.97006255753e-09
3.41841370028e-10	1.20027576767e-09
3.42995995723e-10	3.81309983588e-10
3.44150621419e-10	-3.11226100447e-10
3.45305247115e-10	-7.2279177088e-10
3.46459872811e-10	-7.5532946564e-10
3.47614498506e-10	-3.97259836138e-10
3.48769124202e-10	2.62406901763e-10
3.49923749898e-10	1.04464226158e-09
3.51078375593e-10	1.71915504055e-09
3.52233001289e-10	2.0651940158e-09
3.53387626985e-10	1.937662919e-09
3.5454225268e-10	1.31676503035e-09
3.55696878376e-10	3.22984583523e-10
3.56851504072e-10	-8.10405353935e-10
3.58006129767e-10	-1.8010035685e-09
3.59160755463e-10	-2.39738673358e-09
3.60315381159e-10	-2.44964137863e-09
3.61470006854e-10	-1.94826088595e-09
3.6262463255e-10	-1.02091790577e-09
3.63779258246e-10	1.09169943918e-10
3.64933883941e-10	1.18733090027e-09
3.66088509637e-10	1.99214822416e-09
3.67243135333e-10	2.38166952826e-09
3.68397761028e-10	2.31140662166e-09
3.69552386724e-10	1.82554349415e-09
3.7070701242e-10	1.03083785952e-09
3.71861638116e-10	6.57797288861e-11
3.73016263811e-10	-9.249058186e-10
3.74170889507e-10	-1.80651760218e-09
3.75325515203e-10	-2.46352760414e-09
3.76480140898e-10	-2.80672685093e-09
3.77634766594e-10	-2.78267209275e-09
3.7878939229e-10	-2.38586306267e-09
3.79944017985e-10	-1.66911917621e-09
3.81098643681e-10	-7.45127071156e-10
3.82253269377e-10	2.25993432301e-10
3.83407895072e-10	1.06388686749e-09
3.84562520768e-10	1.60582636077e-09
3.85717146464e-10	1.74620684579e-09
3.86871772159e-10	1.46566347947e-09
3.88026397855e-10	8.39670555308e-10
3.89181023551e-10	2.27230682187e-11
3.90335649246e-10	-7.88298815113e-10
3.91490274942e-10	-1.40173384011e-09
3.92644900638e-10	-1.67641112103e-09
3.93799526333e-10	-1.55216506315e-09
3.94954152029e-10	-1.05828268371e-09
3.96108777725e-10	-2.99787111802e-10
3.97263403421e-10	5.72209946093e-10
3.98418029116e-10	1.39677591715e-09
3.99572654812e-10	2.03683248046e-09
4.00727280508e-10	2.4030901713e-09
4.01881906203e-10	2.46466047571e-09
4.03036531899e-10	2.24641327762e-09
4.04191157595e-10	1.81587633818e-09
4.0534578329e-10	1.26426880076e-09
4.06500408986e-10	6.86899426228e-10
4.07655034682e-10	1.6724292784e-10
4.08809660377e-10	-2.32910218889e-10
4.09964286073e-10	-4.76970241081e-10
4.11118911769e-10	-5.52649537244e-10
4.12273537464e-10	-4.69693672844e-10
4.1342816316e-10	-2.58153831645e-10
4.14582788856e-10	3.29674447463e-11
4.15737414551e-10	3.38440164782e-10
4.16892040247e-10	5.83415149524e-10
4.18046665943e-10	6.95557555996e-10
4.19201291638e-10	6.21731222061e-10
4.20355917334e-10	3.45143025271e-10
4.2151054303e-10	-1.03286455777e-10
4.22665168726e-10	-6.45325959336e-10
4.23819794421e-10	-1.17044185455e-09
4.24974420117e-10	-1.56308044286e-09
4.26129045813e-10	-1.73484271393e-09
4.27283671508e-10	-1.65124469653e-09
4.28438297204e-10	-1.34345712333e-09
4.295929229e-10	-9.00360730416e-10
4.30747548595e-10	-4.43163283848e-10
4.31902174291e-10	-9.07589975396e-11
4.33056799987e-10	7.30332183618e-11
4.34211425682e-10	2.01691267854e-11
4.35366051378e-10	-2.18411858044e-10
4.36520677074e-10	-5.66250546452e-10
4.37675302769e-10	-9.254290112e-10
4.38829928465e-10	-1.20273480064e-09
4.39984554161e-10	-1.32991828661e-09
4.41139179856e-10	-1.27365051839e-09
4.42293805552e-10	-1.03548603025e-09
4.43448431248e-10	-6.45156539303e-10
4.44603056943e-10	-1.51639326096e-10
4.45757682639e-10	3.84595688629e-10
4.46912308335e-10	8.97571517111e-10
4.48066934031e-10	1.32166300126e-09
4.49221559726e-10	1.59900581664e-09
4.50376185422e-10	1.68860869731e-09
4.51530811118e-10	1.57559321146e-09
4.52685436813e-10	1.27723853716e-09
4.53840062509e-10	8.42532654755e-10
4.54994688205e-10	3.44348494163e-10
4.561493139e-10	-1.34139824248e-10
4.57303939596e-10	-5.15717135663e-10
4.58458565292e-10	-7.440356109e-10
4.59613190987e-10	-7.93653420761e-10
4.60767816683e-10	-6.73332611889e-10
4.61922442379e-10	-4.22577473014e-10
4.63077068074e-10	-1.02485339659e-10
4.6423169377e-10	2.17289242155e-10
4.65386319466e-10	4.72576422439e-10
4.66540945161e-10	6.16697748423e-10
4.67695570857e-10	6.28439189576e-10
4.68850196553e-10	5.14911169258e-10
4.70004822248e-10	3.08903624902e-10
4.71159447944e-10	6.12413245116e-11
4.7231407364e-10	-1.70044645031e-10
4.73468699336e-10	-3.31821958799e-10
4.74623325031e-10	-3.87281012815e-10
4.75777950727e-10	-3.23915921863e-10
4.76932576423e-10	-1.55853441264e-10
4.78087202118e-10	8.00878877105e-11
4.79241827814e-10	3.33771399408e-10
4.8039645351e-10	5.54057466573e-10
4.81551079205e-10	7.00614344318e-10
4.82705704901e-10	7.52065298926e-10
4.83860330597e-10	7.0881939207e-10
4.85014956292e-10	5.9073845815e-10
4.86169581988e-10	4.31140845247e-10
4.87324207684e-10	2.69192251823e-10
4.88478833379e-10	1.42102829503e-10
4.89633459075e-10	7.81177275644e-11
4.90788084771e-10	9.12490361049e-11
4.91942710466e-10	1.78223061309e-10
4.93097336162e-10	3.1823294e-10
4.94251961858e-10	4.76094330626e-10
4.95406587553e-10	6.08788852663e-10
4.96561213249e-10	6.74471645201e-10
4.97715838945e-10	6.42071729118e-10
4.98870464641e-10	4.99435603984e-10
5.00025090336e-10	2.5793034375e-10
5.01179716032e-10	-4.81361062121e-11
5.02334341728e-10	-3.67494673581e-10
5.03488967423e-10	-6.42219111224e-10
5.04643593119e-10	-8.20406742541e-10
5.05798218815e-10	-8.68525640296e-10
5.0695284451e-10	-7.80221776076e-10
5.08107470206e-10	-5.7905785722e-10
5.09262095902e-10	-3.14543946445e-10
5.10416721597e-10	-5.1939664375e-11
5.11571347293e-10	1.42312245321e-10
5.12725972989e-10	2.15957210448e-10
5.13880598684e-10	1.43535017205e-10
5.1503522438e-10	-6.67332369919e-11
5.16189850076e-10	-3.73939657017e-10
5.17344475771e-10	-7.13703818267e-10
5.18499101467e-10	-1.01355168702e-09
5.19653727163e-10	-1.21049203994e-09
5.20808352858e-10	-1.26614552176e-09
5.21962978554e-10	-1.17503951014e-09
5.2311760425e-10	-9.63519375397e-10
5.24272229946e-10	-6.80178080525e-10
5.25426855641e-10	-3.81451675802e-10
5.26581481337e-10	-1.17393594845e-10
5.27736107033e-10	7.80064485228e-11
5.28890732728e-10	1.8981012595e-10
5.30045358424e-10	2.19222626163e-10
5.3119998412e-10	1.78179637711e-10
5.32354609815e-10	8.49847206497e-11
5.33509235511e-10	-3.74712656737e-11
5.34663861207e-10	-1.6146570192e-10
5.35818486902e-10	-2.54713999892e-10
5.36973112598e-10	-2.8401486718e-10
5.38127738294e-10	-2.23210880335e-10
5.39282363989e-10	-6.34041014136e-11
5.40436989685e-10	1.78871986667e-10
5.41591615381e-10	4.60025045834e-10
5.42746241076e-10	7.16911141563e-10
5.43900866772e-10	8.82353301535e-10
5.45055492468e-10	9.04181229888e-10
5.46210118163e-10	7.61738061517e-10
5.47364743859e-10	4.73848904559e-10
5.48519369555e-10	9.52045248193e-11
5.49673995251e-10	-2.97606161936e-10
5.50828620946e-10	-6.25941409815e-10
5.51983246642e-10	-8.28600854597e-10
5.53137872338e-10	-8.7504548052e-10
5.54292498033e-10	-7.68986263555e-10
5.55447123729e-10	-5.42790423719e-10
5.56601749425e-10	-2.4613794336e-10
5.5775637512e-10	6.67152583178e-11
5.58911000816e-10	3.47085721275e-10
5.60065626512e-10	5.57506929511e-10
5.61220252207e-10	6.73648137273e-10
5.62374877903e-10	6.84512613258e-10
5.63529503599e-10	5.9249360973e-10
5.64684129294e-10	4.13475864658e-10
5.6583875499e-10	1.76031286769e-10
5.66993380686e-10	-8.15752049244e-11
5.68148006381e-10	-3.17273124439e-10
5.69302632077e-10	-4.92960450238e-10
5.70457257773e-10	-5.8193078134e-10
5.71611883468e-10	-5.73577074725e-10
5.72766509164e-10	-4.73792227673e-10
5.7392113486e-10	-3.01322522489e-10
5.75075760556e-10	-8.18703785321e-11
5.76230386251e-10	1.57726762207e-10
5.77385011947e-10	3.93336280213e-10
5.78539637643e-10	6.04645444824e-10
5.79694263338e-10	7.74283637206e-10
5.80848889034e-10	8.86854423232e-10
5.8200351473e-10	9.29566368324e-10
5.83158140425e-10	8.94815110897e-10
5.84312766121e-10	7.83761167078e-10
5.85467391817e-10	6.08832706472e-10
5.86622017512e-10	3.93089227835e-10
5.87776643208e-10	1.65678290531e-10
5.88931268904e-10	-4.53473161799e-11
5.90085894599e-10	-2.19913309785e-10
5.91240520295e-10	-3.49482359718e-10
5.92395145991e-10	-4.35726205117e-10
5.93549771686e-10	-4.85069595602e-10
5.94704397382e-10	-5.01971408884e-10
5.95859023078e-10	-4.84525697342e-10
5.97013648773e-10	-4.24964674561e-10
5.98168274469e-10	-3.15185183508e-10
5.99322900165e-10	-1.54891446891e-10
6.00477525861e-10	4.15318751612e-11
6.01632151556e-10	2.43379483233e-10
6.02786777252e-10	4.09004469182e-10
6.03941402948e-10	4.97023144863e-10
6.05096028643e-10	4.79721595781e-10
6.06250654339e-10	3.53524542973e-10
6.07405280035e-10	1.42051162499e-10
6.0855990573e-10	-1.09936788839e-10
6.09714531426e-10	-3.49795692411e-10
6.10869157122e-10	-5.32549615517e-10
6.12023782817e-10	-6.32688734736e-10
6.13178408513e-10	-6.47796205566e-10
6.14333034209e-10	-5.93392224246e-10
6.15487659904e-10	-4.92047569356e-10
6.166422856e-10	-3.62132074327e-10
6.17796911296e-10	-2.11759484947e-10
6.18951536991e-10	-4.04573666235e-11
6.20106162687e-10	1.53005108583e-10
6.21260788383e-10	3.61026569751e-10
6.22415414078e-10	5.61205915073e-10
6.23570039774e-10	7.17864712119e-10
6.2472466547e-10	7.91419985102e-10
6.25879291166e-10	7.52232609535e-10
6.27033916861e-10	5.93387616821e-10
6.28188542557e-10	3.36953687174e-10
6.29343168253e-10	3.06201071443e-11
6.30497793948e-10	-2.64484656398e-10
6.31652419644e-10	-4.90682550147e-10
6.3280704534e-10	-6.09471695334e-10
6.33961671035e-10	-6.10581085692e-10
6.35116296731e-10	-5.11599540509e-10
6.36270922427e-10	-3.49093448593e-10
6.37425548122e-10	-1.65216007542e-10
6.38580173818e-10	5.00235920395e-12
6.39734799514e-10	1.41381073515e-10
6.40889425209e-10	2.39400221869e-10
6.42044050905e-10	3.05106551135e-10
6.43198676601e-10	3.47361361897e-10
6.44353302296e-10	3.71206787531e-10
6.45507927992e-10	3.74904773892e-10
6.46662553688e-10	3.51316031821e-10
6.47817179383e-10	2.92539659164e-10
6.48971805079e-10	1.95506083545e-10
6.50126430775e-10	6.60294874333e-11
6.51281056471e-10	-8.03197647281e-11
6.52435682166e-10	-2.21016677182e-10
6.53590307862e-10	-3.3212119166e-10
6.54744933558e-10	-3.94726695774e-10
6.55899559253e-10	-4.00388971977e-10
6.57054184949e-10	-3.53788387475e-10
6.58208810645e-10	-2.71634603699e-10
6.5936343634e-10	-1.77917319766e-10
6.60518062036e-10	-9.68040508864e-11
6.61672687732e-10	-4.54768445124e-11
6.62827313427e-10	-2.91633210636e-11
6.63981939123e-10	-4.00251533306e-11
6.65136564819e-10	-6.05909766804e-11
6.66291190514e-10	-7.08214945022e-11
6.6744581621e-10	-5.61807267374e-11
6.68600441906e-10	-1.36198231512e-11
6.69755067601e-10	4.68140144705e-11
6.70909693297e-10	1.05600694855e-10
6.72064318993e-10	1.41368472484e-10
6.73218944688e-10	1.39321942871e-10
6.74373570384e-10	9.70155344948e-11
6.7552819608e-10	2.51362663323e-11
6.76682821776e-10	-5.69264982375e-11
6.77837447471e-10	-1.2860267018e-10
6.78992073167e-10	-1.75368650157e-10
6.80146698863e-10	-1.92550947409e-10
6.81301324558e-10	-1.84253640123e-10
6.82455950254e-10	-1.58367818859e-10
6.8361057595e-10	-1.20490881161e-10
6.84765201645e-10	-6.99533347914e-11
6.85919827341e-10	-3.74698102407e-14
6.87074453037e-10	9.74115232921e-11
6.88229078732e-10	2.25027191325e-10
6.89383704428e-10	3.74003217285e-10
6.90538330124e-10	5.22269671954e-10
6.91692955819e-10	6.38305408529e-10
6.92847581515e-10	6.89836743284e-10
6.94002207211e-10	6.54561238544e-10
6.95156832906e-10	5.28914967379e-10
6.96311458602e-10	3.31338873005e-10
6.97466084298e-10	9.86350098819e-11
6.98620709993e-10	-1.23565518928e-10
6.99775335689e-10	-2.9316632455e-10
7.00929961385e-10	-3.82638642993e-10
7.02084587081e-10	-3.85145054738e-10
7.03239212776e-10	-3.14084092068e-10
7.04393838472e-10	-1.96803170982e-10
7.05548464168e-10	-6.5135723204e-11
7.06703089863e-10	5.38652802917e-11
7.07857715559e-10	1.43984019152e-10
7.09012341255e-10	2.01213143369e-10
7.1016696695e-10	2.3070326205e-10
7.11321592646e-10	2.41165670767e-10
7.12476218342e-10	2.39323949547e-10
7.13630844037e-10	2.26555427196e-10
7.14785469733e-10	1.98905850124e-10
7.15940095429e-10	1.50181228564e-10
7.17094721124e-10	7.65540686398e-11
7.1824934682e-10	-1.92957923945e-11
7.19403972516e-10	-1.26389995692e-10
7.20558598211e-10	-2.26999211095e-10
7.21713223907e-10	-3.01136532377e-10
7.22867849603e-10	-3.32440547313e-10
7.24022475298e-10	-3.13438025534e-10
7.25177100994e-10	-2.48312426177e-10
7.2633172669e-10	-1.51985049546e-10
7.27486352386e-10	-4.56671957194e-11
7.28640978081e-10	4.95124705124e-11
7.29795603777e-10	1.18532433868e-10
7.30950229473e-10	1.55996493501e-10
7.32104855168e-10	1.65948796371e-10
7.33259480864e-10	1.5821743915e-10
7.3441410656e-10	1.42982251039e-10
7.35568732255e-10	1.25973634302e-10
7.36723357951e-10	1.0632065367e-10
7.37877983647e-10	7.79436029608e-11
7.39032609342e-10	3.37105100778e-11
7.40187235038e-10	-2.96103384867e-11
7.41341860734e-10	-1.07777585467e-10
7.42496486429e-10	-1.8864272644e-10
7.43651112125e-10	-2.55271415117e-10
7.44805737821e-10	-2.91421581311e-10
7.45960363516e-10	-2.87246670894e-10
7.47114989212e-10	-2.43034897762e-10
7.48269614908e-10	-1.69421948693e-10
7.49424240603e-10	-8.38187436125e-11
7.50578866299e-10	-4.51133921886e-12
7.51733491995e-10	5.52637727247e-11
7.52888117691e-10	9.10576683499e-11
7.54042743386e-10	1.07259250093e-10
7.55197369082e-10	1.13582789008e-10
7.56351994778e-10	1.1967447866e-10
7.57506620473e-10	1.3016233924e-10
7.58661246169e-10	1.42280492943e-10
7.59815871865e-10	1.47070133849e-10
7.6097049756e-10	1.33540511982e-10
7.62125123256e-10	9.40201180799e-11
7.63279748952e-10	2.85086607099e-11
7.64434374647e-10	-5.37679518964e-11
7.65589000343e-10	-1.36278530127e-10
7.66743626039e-10	-1.99872646212e-10
7.67898251734e-10	-2.28577240469e-10
7.6905287743e-10	-2.14544923494e-10
7.70207503126e-10	-1.60420038364e-10
7.71362128821e-10	-7.83790740644e-11
7.72516754517e-10	1.37229004202e-11
7.73671380213e-10	9.77161615512e-11
7.74826005908e-10	1.60103624802e-10
7.75980631604e-10	1.9503981763e-10
7.771352573e-10	2.04454717045e-10
7.78289882995e-10	1.95501628775e-10
7.79444508691e-10	1.76605341462e-10
7.80599134387e-10	1.53775506218e-10
7.81753760083e-10	1.28611718497e-10
7.82908385778e-10	9.87332091085e-11
7.84063011474e-10	6.03197283788e-11
7.8521763717e-10	1.15868434639e-11
7.86372262865e-10	-4.44307507452e-11
7.87526888561e-10	-9.91457055344e-11
7.88681514257e-10	-1.40347164446e-10
7.89836139952e-10	-1.56255564043e-10
7.90990765648e-10	-1.40134459592e-10
7.92145391344e-10	-9.3603763629e-11
7.93300017039e-10	-2.7098819716e-11
7.94454642735e-10	4.29612109776e-11
7.95609268431e-10	9.93285037554e-11
7.96763894126e-10	1.29521934844e-10
7.97918519822e-10	1.29633206947e-10
7.99073145518e-10	1.04890984787e-10
8.00227771213e-10	6.69238206519e-11
8.01382396909e-10	2.89020578303e-11
8.02537022605e-10	5.4161075581e-13
8.036916483e-10	-1.5047635013e-11
8.04846273996e-10	-2.15087236216e-11
8.06000899692e-10	-2.6577174489e-11
8.07155525388e-10	-3.78891466812e-11
8.08310151083e-10	-5.90272553058e-11
8.09464776779e-10	-8.75668426659e-11
8.10619402475e-10	-1.15857802518e-10
8.1177402817e-10	-1.34117994488e-10
8.12928653866e-10	-1.34577723965e-10
8.14083279562e-10	-1.14808898499e-10
8.15237905257e-10	-7.88151696685e-11
8.16392530953e-10	-3.55121869411e-11
8.17547156649e-10	4.65399593863e-12
8.18701782344e-10	3.35035471588e-11
8.1985640804e-10	4.76724215659e-11
8.21011033736e-10	4.89149380722e-11
8.22165659431e-10	4.22511886589e-11
8.23320285127e-10	3.293555359e-11
8.24474910823e-10	2.36783787022e-11
8.25629536518e-10	1.34354853631e-11
8.26784162214e-10	-1.70252939351e-12
8.2793878791e-10	-2.59485818249e-11
8.29093413605e-10	-6.07478789494e-11
8.30248039301e-10	-1.02648639588e-10
8.31402664997e-10	-1.4320820918e-10
8.32557290693e-10	-1.71218844658e-10
8.33711916388e-10	-1.7651276274e-10
8.34866542084e-10	-1.53881032916e-10
8.3602116778e-10	-1.05545884532e-10
8.37175793475e-10	-4.10644920845e-11
8.38330419171e-10	2.54036947728e-11
8.39485044867e-10	7.94291646344e-11
8.40639670562e-10	1.1065940525e-10
8.41794296258e-10	1.1555535695e-10
8.42948921954e-10	9.75993383334e-11
8.44103547649e-10	6.50890383258e-11
8.45258173345e-10	2.75848111714e-11
8.46412799041e-10	-7.45082467946e-12
8.47567424736e-10	-3.65386991497e-11
8.48722050432e-10	-5.99869806606e-11
8.49876676128e-10	-7.99791136097e-11
8.51031301823e-10	-9.80715578192e-11
8.52185927519e-10	-1.13377862654e-10
8.53340553215e-10	-1.22331422769e-10
8.5449517891e-10	-1.20132154224e-10
8.55649804606e-10	-1.03166808429e-10
8.56804430302e-10	-7.12406175718e-11
8.57959055998e-10	-2.84875057571e-11
8.59113681693e-10	1.75386753731e-11
8.60268307389e-10	5.82612291744e-11
8.61422933085e-10	8.69454230834e-11
8.6257755878e-10	1.00776997858e-10
8.63732184476e-10	1.01339298064e-10
8.64886810172e-10	9.32933730269e-11
8.66041435867e-10	8.18916531808e-11
8.67196061563e-10	7.05017225155e-11
8.68350687259e-10	5.92246807152e-11
8.69505312954e-10	4.52547825602e-11
8.7065993865e-10	2.48310001033e-11
8.71814564346e-10	-4.14912982444e-12
8.72969190041e-10	-4.0040495225e-11
8.74123815737e-10	-7.6853599873e-11
8.75278441433e-10	-1.055169771e-10
8.76433067128e-10	-1.16637893788e-10
8.77587692824e-10	-1.03723557521e-10
8.7874231852e-10	-6.56845897118e-11
8.79896944215e-10	-7.71659906112e-12
8.81051569911e-10	5.97777036204e-11
8.82206195607e-10	1.2381537462e-10
8.83360821303e-10	1.72102915252e-10
8.84515446998e-10	1.95954585891e-10
8.85670072694e-10	1.91965290885e-10
8.8682469839e-10	1.62110935786e-10
8.87979324085e-10	1.12496477411e-10
8.89133949781e-10	5.13861800333e-11
8.90288575477e-10	-1.27370830896e-11
8.91443201172e-10	-7.24975704469e-11
8.92597826868e-10	-1.22109461431e-10
8.93752452564e-10	-1.57262383671e-10
8.94907078259e-10	-1.74816564003e-10
8.96061703955e-10	-1.72710359903e-10
8.97216329651e-10	-1.50331871951e-10
8.98370955346e-10	-1.09189497721e-10
8.99525581042e-10	-5.350695928e-11
9.00680206738e-10	9.68244755206e-12
9.01834832433e-10	7.1271606672e-11
9.02989458129e-10	1.21626833605e-10
9.04144083825e-10	1.5258989905e-10
9.0529870952e-10	1.5935071318e-10
9.06453335216e-10	1.41600065007e-10
9.07607960912e-10	1.03567467102e-10
9.08762586608e-10	5.28840721215e-11
9.09917212303e-10	-1.35063444803e-12
9.11071837999e-10	-5.07211460332e-11
9.12226463695e-10	-8.92025273092e-11
9.1338108939e-10	-1.13963824488e-10
9.14535715086e-10	-1.2513885761e-10
9.15690340782e-10	-1.24785473621e-10
9.16844966477e-10	-1.15501150311e-10
9.17999592173e-10	-9.92673027111e-11
9.19154217869e-10	-7.69259794753e-11
9.20308843564e-10	-4.84617276864e-11
9.2146346926e-10	-1.39211836503e-11
9.22618094956e-10	2.54841512476e-11
9.23772720651e-10	6.66087393575e-11
9.24927346347e-10	1.04359104691e-10
9.26081972043e-10	1.32549429765e-10
9.27236597738e-10	1.45406769958e-10
9.28391223434e-10	1.39203606975e-10
9.2954584913e-10	1.1348628981e-10
9.30700474825e-10	7.14683381919e-11
9.31855100521e-10	1.94298865192e-11
9.33009726217e-10	-3.46340595092e-11
9.34164351913e-10	-8.27364496359e-11
9.35318977608e-10	-1.18510312674e-10
9.36473603304e-10	-1.38256420201e-10
9.37628229e-10	-1.41230069306e-10
9.38782854695e-10	-1.29198249321e-10
9.39937480391e-10	-1.05479666668e-10
9.41092106087e-10	-7.39100308733e-11
9.42246731782e-10	-3.80839804137e-11
9.43401357478e-10	-1.0894395195e-12
9.44555983174e-10	3.43069045394e-11
9.45710608869e-10	6.52820852931e-11
9.46865234565e-10	8.87621365298e-11
9.48019860261e-10	1.01674266229e-10
9.49174485956e-10	1.01635956595e-10
9.50329111652e-10	8.7868400056e-11
9.51483737348e-10	6.19172560445e-11
9.52638363043e-10	2.77767565893e-11
9.53792988739e-10	-8.72194590856e-12
9.54947614435e-10	-4.11837092207e-11
9.5610224013e-10	-6.42209618817e-11
9.57256865826e-10	-7.4780091841e-11
9.58411491522e-10	-7.27934240663e-11
9.59566117218e-10	-6.09270203733e-11
9.60720742913e-10	-4.34661681648e-11
9.61875368609e-10	-2.47650268348e-11
9.63029994305e-10	-7.85040261964e-12
9.6418462e-10	6.3146076909e-12
9.65339245696e-10	1.86445390377e-11
9.66493871392e-10	3.09520326036e-11
9.67648497087e-10	4.46311043678e-11
9.68803122783e-10	5.96072149972e-11
9.69957748479e-10	7.39633077007e-11
9.71112374174e-10	8.43968922526e-11
9.7226699987e-10	8.72908481608e-11
9.73421625566e-10	7.99567217991e-11
9.74576251261e-10	6.16103071338e-11
9.75730876957e-10	3.37549432849e-11
9.76885502653e-10	-9.07378555973e-14
9.78040128348e-10	-3.51616860628e-11
9.79194754044e-10	-6.6446050051e-11
9.8034937974e-10	-8.96061697064e-11
9.81504005435e-10	-1.01622724125e-10
9.82658631131e-10	-1.01082572868e-10
9.83813256827e-10	-8.81804698705e-11
9.84967882523e-10	-6.45528561161e-11
9.86122508218e-10	-3.3029433355e-11
9.87277133914e-10	2.5968047157e-12
9.8843175961e-10	3.78834325021e-11
9.89586385305e-10	6.8179531465e-11
9.90741011001e-10	8.92326490476e-11
9.91895636697e-10	9.79165359904e-11
9.93050262392e-10	9.28886828566e-11
9.94204888088e-10	7.49466808059e-11
9.95359513784e-10	4.69573130379e-11
9.96514139479e-10	1.33309301098e-11
9.97668765175e-10	-2.08346950803e-11
9.98823390871e-10	-5.06999928152e-11
9.99978016566e-10	-7.244799205e-11
1.00113264226e-09	-8.37328470449e-11
1.00228726796e-09	-8.38086613997e-11
1.00344189365e-09	-7.33878374737e-11
1.00459651935e-09	-5.43932954233e-11
1.00575114504e-09	-2.96815350076e-11
1.00690577074e-09	-2.73390229726e-12
1.00806039644e-09	2.27235400635e-11
1.00921502213e-09	4.32126348593e-11
1.01036964783e-09	5.60966134655e-11
1.01152427352e-09	6.01466931816e-11
1.01267889922e-09	5.58658674876e-11
1.01383352491e-09	4.53927763433e-11
1.01498815061e-09	3.19362869483e-11
1.01614277631e-09	1.88594400513e-11
1.017297402e-09	8.67554552503e-12
1.0184520277e-09	2.34059212983e-12
1.01960665339e-09	-9.11444964641e-13
1.02076127909e-09	-3.07772102075e-12
1.02191590478e-09	-6.41494886724e-12
1.02307053048e-09	-1.23364599786e-11
1.02422515618e-09	-2.0625149158e-11
1.02537978187e-09	-2.93125038131e-11
1.02653440757e-09	-3.53106779927e-11
1.02768903326e-09	-3.55937397611e-11
1.02884365896e-09	-2.84680924667e-11
1.02999828465e-09	-1.44350382342e-11
1.03115291035e-09	3.74333333428e-12
1.03230753605e-09	2.18262352636e-11
1.03346216174e-09	3.54468780717e-11
1.03461678744e-09	4.1535809514e-11
1.03577141313e-09	3.92888881151e-11
1.03692603883e-09	3.03184630179e-11
1.03808066452e-09	1.79739868822e-11
1.03923529022e-09	6.09281852401e-12
1.04038991592e-09	-2.34062899271e-12
1.04154454161e-09	-6.12517241788e-12
1.04269916731e-09	-6.04495967171e-12
1.043853793e-09	-4.29642085797e-12
1.0450084187e-09	-3.38130977211e-12
1.04616304439e-09	-4.96137766287e-12
1.04731767009e-09	-9.13865597779e-12
1.04847229579e-09	-1.44659397308e-11
1.04962692148e-09	-1.86682370951e-11
1.05078154718e-09	-1.97459236462e-11
1.05193617287e-09	-1.69503647229e-11
1.05309079857e-09	-1.12003383998e-11
1.05424542426e-09	-4.75015686507e-12
1.05540004996e-09	-2.23137318085e-13
1.05655467565e-09	5.46543658855e-13
1.05770930135e-09	-2.61824719891e-12
1.05886392705e-09	-8.03262404508e-12
1.06001855274e-09	-1.27357907206e-11
1.06117317844e-09	-1.36885728447e-11
1.06232780413e-09	-9.09158425627e-12
1.06348242983e-09	6.56679354991e-13
1.06463705552e-09	1.28035039168e-11
1.06579168122e-09	2.30196348094e-11
1.06694630692e-09	2.68893102229e-11
1.06810093261e-09	2.15484106253e-11
1.06925555831e-09	6.89886776178e-12
1.070410184e-09	-1.40940722634e-11
1.0715648097e-09	-3.62091814865e-11
1.07271943539e-09	-5.35622345088e-11
1.07387406109e-09	-6.14375564312e-11
1.07502868679e-09	-5.7738595155e-11
1.07618331248e-09	-4.35468813786e-11
1.07733793818e-09	-2.26273409731e-11
1.07849256387e-09	-1.23783633083e-13
1.07964718957e-09	1.90982559628e-11
1.08080181526e-09	3.18695521362e-11
1.08195644096e-09	3.74187590635e-11
1.08311106666e-09	3.71630226592e-11
1.08426569235e-09	3.37341821144e-11
1.08542031805e-09	2.96535782041e-11
1.08657494374e-09	2.62058066219e-11
1.08772956944e-09	2.29925540413e-11
1.08888419513e-09	1.83080876848e-11
1.09003882083e-09	1.0190348565e-11
1.09119344653e-09	-2.32056604835e-12
1.09234807222e-09	-1.82749683442e-11
1.09350269792e-09	-3.467056503e-11
1.09465732361e-09	-4.72067628043e-11
1.09581194931e-09	-5.17051471083e-11
1.096966575e-09	-4.56599549836e-11
1.0981212007e-09	-2.93457827483e-11
1.0992758264e-09	-6.03129785698e-12
1.10043045209e-09	1.88636658377e-11
1.10158507779e-09	3.9404299268e-11
1.10273970348e-09	5.0992411682e-11
1.10389432918e-09	5.1776093829e-11
1.10504895487e-09	4.31019490932e-11
1.10620358057e-09	2.88055222036e-11
1.10735820626e-09	1.36543320053e-11
1.10851283196e-09	1.54314907207e-12
1.10966745766e-09	-5.85556126156e-12
1.11082208335e-09	-9.43810481158e-12
1.11197670905e-09	-1.19131276025e-11
1.11313133474e-09	-1.62801438996e-11
1.11428596044e-09	-2.42013405843e-11
1.11544058613e-09	-3.4942607835e-11
1.11659521183e-09	-4.53992815563e-11
1.11774983753e-09	-5.12006999298e-11
1.11890446322e-09	-4.8493892929e-11
1.12005908892e-09	-3.56998076934e-11
1.12121371461e-09	-1.45190812498e-11
1.12236834031e-09	1.02942697769e-11
1.123522966e-09	3.23545912284e-11
1.1246775917e-09	4.57642396201e-11
1.1258322174e-09	4.71762351406e-11
1.12698684309e-09	3.69677205514e-11
1.12814146879e-09	1.90819981344e-11
1.12929609448e-09	-4.15006164199e-13
1.13045072018e-09	-1.55238356891e-11
1.13160534587e-09	-2.2403459296e-11
1.13275997157e-09	-2.05748230953e-11
1.13391459727e-09	-1.28076551101e-11
1.13506922296e-09	-3.78123227174e-12
1.13622384866e-09	1.92703817313e-12
1.13737847435e-09	1.69495656659e-12
1.13853310005e-09	-4.17430933569e-12
1.13968772574e-09	-1.27153747601e-11
1.14084235144e-09	-1.96641748024e-11
1.14199697714e-09	-2.13380424441e-11
1.14315160283e-09	-1.62389077879e-11
1.14430622853e-09	-5.72846804714e-12
1.14546085422e-09	6.49078317136e-12
1.14661547992e-09	1.58895622354e-11
1.14777010561e-09	1.8980341604e-11
1.14892473131e-09	1.47780780668e-11
1.15007935701e-09	5.24353824249e-12
1.1512339827e-09	-5.49168696629e-12
1.1523886084e-09	-1.27989398593e-11
1.15354323409e-09	-1.34591140316e-11
1.15469785979e-09	-7.02704734679e-12
1.15585248548e-09	3.91582686415e-12
1.15700711118e-09	1.47364950104e-11
1.15816173687e-09	2.05591516034e-11
1.15931636257e-09	1.8208252614e-11
1.16047098827e-09	7.51374309993e-12
1.16162561396e-09	-8.55689390872e-12
1.16278023966e-09	-2.49782260847e-11
1.16393486535e-09	-3.65251197343e-11
1.16508949105e-09	-3.97027480337e-11
1.16624411674e-09	-3.39824106355e-11
1.16739874244e-09	-2.18766081639e-11
1.16855336814e-09	-7.84905127005e-12
1.16970799383e-09	3.47670026449e-12
1.17086261953e-09	9.11141301296e-12
1.17201724522e-09	8.76887625012e-12
1.17317187092e-09	4.79669689385e-12
1.17432649661e-09	1.03556540513e-12
1.17548112231e-09	1.0712420534e-12
1.17663574801e-09	6.59484749796e-12
1.1777903737e-09	1.6563526592e-11
1.1789449994e-09	2.7489760468e-11
1.18009962509e-09	3.47462544847e-11
1.18125425079e-09	3.43950666559e-11
1.18240887648e-09	2.47929871078e-11
1.18356350218e-09	7.34366473881e-12
1.18471812788e-09	-1.38652726453e-11
1.18587275357e-09	-3.34101149524e-11
1.18702737927e-09	-4.63415521235e-11
1.18818200496e-09	-4.97589851267e-11
1.18933663066e-09	-4.35749769601e-11
1.19049125635e-09	-3.02681664455e-11
1.19164588205e-09	-1.37665564712e-11
1.19280050775e-09	2.03581097293e-12
1.19395513344e-09	1.45145033145e-11
1.19510975914e-09	2.28722821932e-11
1.19626438483e-09	2.78565590733e-11
1.19741901053e-09	3.08498088186e-11
1.19857363622e-09	3.28168464625e-11
1.19972826192e-09	3.35930103179e-11
1.20088288762e-09	3.18475974759e-11
1.20203751331e-09	2.5760645353e-11
1.20319213901e-09	1.40949361557e-11
1.2043467647e-09	-2.82597556467e-12
1.2055013904e-09	-2.2685364004e-11
1.20665601609e-09	-4.15487193262e-11
1.20781064179e-09	-5.49652164061e-11
1.20896526748e-09	-5.93859336706e-11
1.21011989318e-09	-5.33860906871e-11
1.21127451888e-09	-3.82103966523e-11
1.21242914457e-09	-1.74234862649e-11
1.21358377027e-09	4.18856399217e-12
1.21473839596e-09	2.20646452498e-11
1.21589302166e-09	3.31512699236e-11
1.21704764735e-09	3.65708921479e-11
1.21820227305e-09	3.35078388647e-11
1.21935689875e-09	2.64461022526e-11
1.22051152444e-09	1.80937660688e-11
1.22166615014e-09	1.04239420914e-11
1.22282077583e-09	4.19206553151e-12
1.22397540153e-09	-9.72952079147e-13
1.22513002722e-09	-6.01686322294e-12
1.22628465292e-09	-1.1730711888e-11
1.22743927862e-09	-1.81790051762e-11
1.22859390431e-09	-2.45490242717e-11
1.22974853001e-09	-2.94225338537e-11
1.2309031557e-09	-3.13492218296e-11
1.2320577814e-09	-2.9444526678e-11
1.23321240709e-09	-2.37480087678e-11
1.23436703279e-09	-1.52053855618e-11
1.23552165849e-09	-5.33020806312e-12
1.23667628418e-09	4.30415555627e-12
1.23783090988e-09	1.24952123301e-11
1.23898553557e-09	1.8602511892e-11
1.24014016127e-09	2.24689867406e-11
1.24129478696e-09	2.41681830798e-11
1.24244941266e-09	2.37303336703e-11
1.24360403836e-09	2.10145859048e-11
1.24475866405e-09	1.5795113481e-11
1.24591328975e-09	8.01465317724e-12
1.24706791544e-09	-1.92033932159e-12
1.24822254114e-09	-1.29649077932e-11
1.24937716683e-09	-2.35074026217e-11
1.25053179253e-09	-3.16940536316e-11
1.25168641823e-09	-3.59081445134e-11
1.25284104392e-09	-3.52429439798e-11
1.25399566962e-09	-2.97738465826e-11
1.25515029531e-09	-2.05404946524e-11
1.25630492101e-09	-9.25068008306e-12
1.2574595467e-09	2.17846704217e-12
1.2586141724e-09	1.20654293848e-11
1.25976879809e-09	1.92542128075e-11
1.26092342379e-09	2.3192699497e-11
1.26207804949e-09	2.38382837775e-11
1.26323267518e-09	2.14795958797e-11
1.26438730088e-09	1.6605607514e-11
1.26554192657e-09	9.85039133594e-12
1.26669655227e-09	2.01467076529e-12
1.26785117796e-09	-5.90743860079e-12
1.26900580366e-09	-1.27749946038e-11
1.27016042936e-09	-1.74840610739e-11
1.27131505505e-09	-1.92361161722e-11
1.27246968075e-09	-1.78231110426e-11
1.27362430644e-09	-1.37857433802e-11
1.27477893214e-09	-8.33880534068e-12
1.27593355783e-09	-3.04487511593e-12
1.27708818353e-09	6.69069508998e-13
1.27824280923e-09	1.99311444085e-12
1.27939743492e-09	1.0167741215e-12
1.28055206062e-09	-1.31283146246e-12
1.28170668631e-09	-3.55753490902e-12
1.28286131201e-09	-4.35224165735e-12
1.2840159377e-09	-2.96095895198e-12
1.2851705634e-09	3.97906425691e-13
1.2863251891e-09	4.60012019796e-12
1.28747981479e-09	8.01480756762e-12
1.28863444049e-09	9.12288126986e-12
1.28978906618e-09	7.11885368362e-12
1.29094369188e-09	2.2640873551e-12
1.29209831757e-09	-4.16458230748e-12
1.29325294327e-09	-1.03034004939e-11
1.29440756897e-09	-1.43679157114e-11
1.29556219466e-09	-1.5284540994e-11
1.29671682036e-09	-1.30413032803e-11
1.29787144605e-09	-8.63316709787e-12
1.29902607175e-09	-3.63552157129e-12
1.30018069744e-09	4.18871128104e-13
1.30133532314e-09	2.59175385146e-12
1.30248994884e-09	2.80959717297e-12
1.30364457453e-09	1.76399845252e-12
1.30479920023e-09	5.02475882083e-13
1.30595382592e-09	-9.24696313986e-14
1.30710845162e-09	2.86129328781e-13
1.30826307731e-09	1.24588371304e-12
1.30941770301e-09	1.91390740062e-12
1.3105723287e-09	1.39980930493e-12
1.3117269544e-09	-7.06664219328e-13
1.3128815801e-09	-4.02754565809e-12
1.31403620579e-09	-7.43742741005e-12
1.31519083149e-09	-9.46199542329e-12
1.31634545718e-09	-8.89434619705e-12
1.31750008288e-09	-5.36506039248e-12
1.31865470857e-09	3.68081108128e-13
1.31980933427e-09	6.57206971136e-12
1.32096395997e-09	1.10932070821e-11
1.32211858566e-09	1.21191719854e-11
1.32327321136e-09	8.86901142805e-12
1.32442783705e-09	1.94364749989e-12
1.32558246275e-09	-6.8033833775e-12
1.32673708844e-09	-1.48509468612e-11
1.32789171414e-09	-1.98366861132e-11
1.32904633984e-09	-2.03505805957e-11
1.33020096553e-09	-1.64016977083e-11
1.33135559123e-09	-9.39170442804e-12
1.33251021692e-09	-1.6061954284e-12
1.33366484262e-09	4.59880397652e-12
1.33481946831e-09	7.61483064105e-12
1.33597409401e-09	7.0935171799e-12
1.33712871971e-09	3.97475715536e-12
1.3382833454e-09	2.51170324095e-14
1.3394379711e-09	-2.9179180773e-12
1.34059259679e-09	-3.6933702624e-12
1.34174722249e-09	-2.25177038474e-12
1.34290184818e-09	3.78489855559e-13
1.34405647388e-09	2.57230044556e-12
1.34521109958e-09	2.82702398817e-12
1.34636572527e-09	4.29318961024e-13
1.34752035097e-09	-4.20942490933e-12
1.34867497666e-09	-9.67312861755e-12
1.34982960236e-09	-1.40687921382e-11
1.35098422805e-09	-1.57525346933e-11
1.35213885375e-09	-1.39609504513e-11
1.35329347945e-09	-9.10178182822e-12
1.35444810514e-09	-2.59542604422e-12
1.35560273084e-09	3.68143363016e-12
1.35675735653e-09	8.10291937714e-12
1.35791198223e-09	9.88094415316e-12
1.35906660792e-09	9.28231450037e-12
1.36022123362e-09	7.40012131434e-12
1.36137585931e-09	5.58192988359e-12
1.36253048501e-09	4.77119342299e-12
1.36368511071e-09	5.05625836339e-12
1.3648397364e-09	5.61782868488e-12
1.3659943621e-09	5.11034140352e-12
1.36714898779e-09	2.31243474889e-12
1.36830361349e-09	-3.22430710603e-12
1.36945823918e-09	-1.08088095765e-11
1.37061286488e-09	-1.86895585813e-11
1.37176749058e-09	-2.45696900325e-11
1.37292211627e-09	-2.63797751004e-11
1.37407674197e-09	-2.30324492118e-11
1.37523136766e-09	-1.48749675771e-11
1.37638599336e-09	-3.66826794634e-12
1.37754061905e-09	7.91146835544e-12
1.37869524475e-09	1.70880289085e-11
1.37984987045e-09	2.18284956083e-11
1.38100449614e-09	2.14254811809e-11
1.38215912184e-09	1.66176915978e-11
1.38331374753e-09	9.22710432366e-12
1.38446837323e-09	1.46718336265e-12
1.38562299892e-09	-4.81559410404e-12
1.38677762462e-09	-8.68265442183e-12
1.38793225032e-09	-1.02563851509e-11
1.38908687601e-09	-1.04553353822e-11
1.39024150171e-09	-1.04594579525e-11
1.3913961274e-09	-1.11273872061e-11
1.3925507531e-09	-1.26031355491e-11
1.39370537879e-09	-1.42510205026e-11
1.39486000449e-09	-1.49470366639e-11
1.39601463019e-09	-1.35872502485e-11
1.39716925588e-09	-9.61892024365e-12
1.39832388158e-09	-3.35915323335e-12
1.39947850727e-09	4.02260212987e-12
1.40063313297e-09	1.08643432792e-11
1.40178775866e-09	1.55813799363e-11
1.40294238436e-09	1.72053708086e-11
1.40409701006e-09	1.5689640559e-11
1.40525163575e-09	1.18522717682e-11
1.40640626145e-09	6.99986856673e-12
1.40756088714e-09	2.38610476863e-12
1.40871551284e-09	-1.25352842256e-12
1.40987013853e-09	-3.90785277402e-12
1.41102476423e-09	-6.15671662957e-12
1.41217938992e-09	-8.76741387823e-12
1.41333401562e-09	-1.22024031504e-11
1.41448864132e-09	-1.62504263518e-11
1.41564326701e-09	-1.99670818074e-11
1.41679789271e-09	-2.19463561907e-11
1.4179525184e-09	-2.08502902443e-11
1.4191071441e-09	-1.59825694346e-11
1.42026176979e-09	-7.68439999133e-12
1.42141639549e-09	2.62689653016e-12
1.42257102119e-09	1.27970039079e-11
1.42372564688e-09	2.05595662023e-11
1.42488027258e-09	2.42087270369e-11
1.42603489827e-09	2.3093254739e-11
1.42718952397e-09	1.77566850112e-11
1.42834414966e-09	9.69624640995e-12
1.42949877536e-09	8.46229770285e-13
1.43065340106e-09	-7.01823842097e-12
1.43180802675e-09	-1.27415447984e-11
1.43296265245e-09	-1.59822086121e-11
1.43411727814e-09	-1.70941264616e-11
1.43527190384e-09	-1.67976986487e-11
1.43642652953e-09	-1.57840233939e-11
1.43758115523e-09	-1.44205827834e-11
1.43873578093e-09	-1.26569831005e-11
1.43989040662e-09	-1.01595511517e-11
1.44104503232e-09	-6.5830201533e-12
1.44219965801e-09	-1.85159981965e-12
1.44335428371e-09	3.67186099234e-12
1.4445089094e-09	9.21213192534e-12
1.4456635351e-09	1.37926059463e-11
1.4468181608e-09	1.65278069009e-11
1.44797278649e-09	1.69013830709e-11
1.44912741219e-09	1.49038871522e-11
1.45028203788e-09	1.09951422966e-11
1.45143666358e-09	5.92070750066e-12
1.45259128927e-09	4.62733584089e-13
1.45374591497e-09	-4.7688853734e-12
1.45490054067e-09	-9.43378795221e-12
1.45605516636e-09	-1.34167234614e-11
1.45720979206e-09	-1.66856632677e-11
1.45836441775e-09	-1.91262179705e-11
1.45951904345e-09	-2.04390931263e-11
1.46067366914e-09	-2.01611071587e-11
1.46182829484e-09	-1.7817964118e-11
1.46298292053e-09	-1.31540585716e-11
1.46413754623e-09	-6.34338458497e-12
1.46529217193e-09	1.9055124232e-12
1.46644679762e-09	1.04135944659e-11
1.46760142332e-09	1.77693068593e-11
1.46875604901e-09	2.26520590479e-11
1.46991067471e-09	2.41532471107e-11
1.4710653004e-09	2.19920227862e-11
1.4722199261e-09	1.65594829515e-11
1.4733745518e-09	8.79141377752e-12
1.47452917749e-09	-6.65590900537e-14
1.47568380319e-09	-8.72875122876e-12
1.47683842888e-09	-1.6100410935e-11
1.47799305458e-09	-2.14116675779e-11
1.47914768027e-09	-2.42524004351e-11
1.48030230597e-09	-2.45354396522e-11
1.48145693167e-09	-2.24230044255e-11
1.48261155736e-09	-1.82545454447e-11
1.48376618306e-09	-1.25049892316e-11
1.48492080875e-09	-5.76451083048e-12
1.48607543445e-09	1.28393237882e-12
