% time-domain voltage integration by openEMS v0.37.0-rc1-2-g7b051bb @Tue Jul 14 00:01:31 2026
% start-coordinates: (0.00742736,0.00433931,0.0165342) m -> [176,124,255]
% stop-coordinates: (0.00770577,0.00433931,0.0165342) m -> [181,124,255]
% t/s	voltage
0	0
1.15462569568e-12	0
2.30925139136e-12	0
3.46387708705e-12	0
4.61850278273e-12	0
5.77312847841e-12	0
6.92775417409e-12	1.16142728727e-36
8.08237986977e-12	1.37267996128e-30
9.23700556545e-12	1.97361778741e-26
1.03916312611e-11	2.1496326547e-23
1.15462569568e-11	-1.48130917436e-21
1.27008826525e-11	-2.00789141244e-18
1.38555083482e-11	-2.19263726276e-16
1.50101340439e-11	-8.60871898601e-15
1.61647597395e-11	-1.60884172534e-13
1.73193854352e-11	-1.67722498216e-12
1.84740111309e-11	-1.08848660337e-11
1.96286368266e-11	-4.74664565465e-11
2.07832625223e-11	-1.45270811006e-10
2.1937888218e-11	-3.12130758739e-10
2.30925139136e-11	-4.2300590114e-10
2.42471396093e-11	-8.11385359942e-11
2.5401765305e-11	1.47966476571e-09
2.65563910007e-11	5.41701900003e-09
2.77110166964e-11	1.32322021118e-08
2.8865642392e-11	2.6459632485e-08
3.00202680877e-11	4.56234685586e-08
3.11748937834e-11	6.83599381546e-08
3.23295194791e-11	8.71038396966e-08
3.34841451748e-11	8.7147703276e-08
3.46387708705e-11	4.6570913792e-08
3.57933965661e-11	-6.05967009903e-08
3.69480222618e-11	-2.56915043906e-07
3.81026479575e-11	-5.49996912014e-07
3.92572736532e-11	-9.19950565503e-07
4.04118993489e-11	-1.31065777964e-06
4.15665250445e-11	-1.63079211291e-06
4.27211507402e-11	-1.76849844991e-06
4.38757764359e-11	-1.61820032929e-06
4.50304021316e-11	-1.11337583064e-06
4.61850278273e-11	-2.5484146704e-07
4.7339653523e-11	8.7682822425e-07
4.84942792186e-11	2.1302035691e-06
4.96489049143e-11	3.3119405316e-06
5.080353061e-11	4.22848989956e-06
5.19581563057e-11	4.72706921073e-06
5.31127820014e-11	4.72545451657e-06
5.4267407697e-11	4.2272811811e-06
5.54220333927e-11	3.32142525394e-06
5.65766590884e-11	2.16695420363e-06
5.77312847841e-11	9.65976724387e-07
5.88859104798e-11	-7.609792263e-08
6.00405361755e-11	-7.97810962183e-07
6.11951618711e-11	-1.12689347986e-06
6.23497875668e-11	-1.11036777639e-06
6.35044132625e-11	-9.11330594988e-07
6.46590389582e-11	-7.65206102926e-07
6.58136646539e-11	-9.00671409454e-07
6.69682903495e-11	-1.4478682715e-06
6.81229160452e-11	-2.3704331511e-06
6.92775417409e-11	-3.45238572663e-06
7.04321674366e-11	-4.35489306483e-06
7.15867931323e-11	-4.73280357483e-06
7.2741418828e-11	-4.36686349303e-06
7.38960445236e-11	-3.26059986833e-06
7.50506702193e-11	-1.65496368254e-06
7.6205295915e-11	5.22777030554e-08
7.73599216107e-11	1.45289452291e-06
7.85145473064e-11	2.28030455673e-06
7.9669173002e-11	2.5006505382e-06
8.08237986977e-11	2.30252527444e-06
8.19784243934e-11	1.99305716819e-06
8.31330500891e-11	1.84832182981e-06
8.42876757848e-11	1.98990130684e-06
8.54423014805e-11	2.33959207208e-06
8.65969271761e-11	2.66819682793e-06
8.77515528718e-11	2.70907605682e-06
8.89061785675e-11	2.281147232e-06
9.00608042632e-11	1.37011546997e-06
9.12154299589e-11	1.37619664997e-07
9.23700556545e-11	-1.13781653965e-06
9.35246813502e-11	-2.15929560454e-06
9.46793070459e-11	-2.71024279641e-06
9.58339327416e-11	-2.71909252092e-06
9.69885584373e-11	-2.27070933079e-06
9.8143184133e-11	-1.56406713359e-06
9.92978098286e-11	-8.35415768563e-07
1.00452435524e-10	-2.76541850752e-07
1.0160706122e-10	2.23154699164e-08
1.02761686916e-10	8.56180228936e-08
1.03916312611e-10	2.19928808498e-08
1.05070938307e-10	-3.35846919164e-08
1.06225564003e-10	2.21566365255e-08
1.07380189698e-10	2.24983033092e-07
1.08534815394e-10	5.38752622958e-07
1.0968944109e-10	8.7944289362e-07
1.10844066785e-10	1.15045223481e-06
1.11998692481e-10	1.27400996064e-06
1.13153318177e-10	1.21088470451e-06
1.14307943872e-10	9.64077749188e-07
1.15462569568e-10	5.71382997805e-07
1.16617195264e-10	9.24180030282e-08
1.1777182096e-10	-4.05732169639e-07
1.18926446655e-10	-8.58440721174e-07
1.20081072351e-10	-1.20864604014e-06
1.21235698047e-10	-1.40910583468e-06
1.22390323742e-10	-1.42381867363e-06
1.23544949438e-10	-1.23377250816e-06
1.24699575134e-10	-8.46797469478e-07
1.25854200829e-10	-3.07244853559e-07
1.27008826525e-10	2.99922561453e-07
1.28163452221e-10	8.60398969849e-07
1.29318077916e-10	1.25779027371e-06
1.30472703612e-10	1.40785945746e-06
1.31627329308e-10	1.28853054093e-06
1.32781955003e-10	9.49097113789e-07
1.33936580699e-10	4.93413221392e-07
1.35091206395e-10	4.25297130846e-08
1.3624583209e-10	-3.0846217669e-07
1.37400457786e-10	-5.19772797247e-07
1.38555083482e-10	-6.10676771373e-07
1.39709709177e-10	-6.37303230633e-07
1.40864334873e-10	-6.56169682145e-07
1.42018960569e-10	-6.91786731011e-07
1.43173586265e-10	-7.22057322378e-07
1.4432821196e-10	-6.89133116794e-07
1.45482837656e-10	-5.28051103288e-07
1.46637463352e-10	-2.02568223528e-07
1.47792089047e-10	2.68900237188e-07
1.48946714743e-10	8.07269699976e-07
1.50101340439e-10	1.29023227657e-06
1.51255966134e-10	1.58723651111e-06
1.5241059183e-10	1.60045001962e-06
1.53565217526e-10	1.29869138732e-06
1.54719843221e-10	7.31921268482e-07
1.55874468917e-10	2.07417549802e-08
1.57029094613e-10	-6.74319309724e-07
1.58183720308e-10	-1.19664385068e-06
1.59338346004e-10	-1.43403239861e-06
1.604929717e-10	-1.34575458333e-06
1.61647597395e-10	-9.689104985e-07
1.62802223091e-10	-4.04131668574e-07
1.63956848787e-10	2.12223996598e-07
1.65111474482e-10	7.4088104185e-07
1.66266100178e-10	1.07055883802e-06
1.67420725874e-10	1.13927181644e-06
1.6857535157e-10	9.44387082313e-07
1.69729977265e-10	5.38603892153e-07
1.70884602961e-10	1.5854235258e-08
1.72039228657e-10	-5.101889613e-07
1.73193854352e-10	-9.28618881346e-07
1.74348480048e-10	-1.15132367284e-06
1.75503105744e-10	-1.12697235011e-06
1.76657731439e-10	-8.49054330843e-07
1.77812357135e-10	-3.58490229502e-07
1.78966982831e-10	2.59012377768e-07
1.80121608526e-10	8.82201732111e-07
1.81276234222e-10	1.3733062616e-06
1.82430859918e-10	1.60645743108e-06
1.83585485613e-10	1.50081153549e-06
1.84740111309e-10	1.0491075102e-06
1.85894737005e-10	3.29793689247e-07
1.870493627e-10	-5.04376238553e-07
1.88203988396e-10	-1.26118219157e-06
1.89358614092e-10	-1.76005231367e-06
1.90513239787e-10	-1.88283077307e-06
1.91667865483e-10	-1.60889753431e-06
1.92822491179e-10	-1.02242171351e-06
1.93977116875e-10	-2.88435078488e-07
1.9513174257e-10	3.94815536708e-07
1.96286368266e-10	8.53086667973e-07
1.97440993962e-10	9.85812761201e-07
1.98595619657e-10	7.92114875026e-07
1.99750245353e-10	3.66122019813e-07
2.00904871049e-10	-1.36192856104e-07
2.02059496744e-10	-5.47674922302e-07
2.0321412244e-10	-7.41135252724e-07
2.04368748136e-10	-6.65440978764e-07
2.05523373831e-10	-3.56555979408e-07
2.06677999527e-10	7.90735308343e-08
2.07832625223e-10	5.00391145408e-07
2.08987250918e-10	7.76038589834e-07
2.10141876614e-10	8.22913278853e-07
2.1129650231e-10	6.28096813671e-07
2.12451128005e-10	2.50056075402e-07
2.13605753701e-10	-2.01593213234e-07
2.14760379397e-10	-5.99566696735e-07
2.15915005092e-10	-8.35759621509e-07
2.17069630788e-10	-8.5071268785e-07
2.18224256484e-10	-6.47075985682e-07
2.1937888218e-10	-2.84866363387e-07
2.20533507875e-10	1.38914069581e-07
2.21688133571e-10	5.19435303659e-07
2.22842759267e-10	7.71863433613e-07
2.23997384962e-10	8.50403040431e-07
2.25152010658e-10	7.54470470099e-07
2.26306636354e-10	5.22445041895e-07
2.27461262049e-10	2.16725268842e-07
2.28615887745e-10	-9.45906535321e-08
2.29770513441e-10	-3.54277965187e-07
2.30925139136e-10	-5.26959020419e-07
2.32079764832e-10	-6.02054555543e-07
2.33234390528e-10	-5.89891406833e-07
2.34389016223e-10	-5.12285282639e-07
2.35543641919e-10	-3.91686647561e-07
2.36698267615e-10	-2.43185212412e-07
2.3785289331e-10	-7.24825701681e-08
2.39007519006e-10	1.18422414097e-07
2.40162144702e-10	3.21650471591e-07
2.41316770397e-10	5.15395456091e-07
2.42471396093e-10	6.62826195708e-07
2.43626021789e-10	7.20880464655e-07
2.44780647485e-10	6.56210097816e-07
2.4593527318e-10	4.62411932745e-07
2.47089898876e-10	1.69893265678e-07
2.48244524572e-10	-1.57238901011e-07
2.49399150267e-10	-4.37733486791e-07
2.50553775963e-10	-5.97781138367e-07
2.51708401659e-10	-5.95055269059e-07
2.52863027354e-10	-4.33048256809e-07
2.5401765305e-10	-1.60814726868e-07
2.55172278746e-10	1.41950332377e-07
2.56326904441e-10	3.89550010027e-07
2.57481530137e-10	5.16337856027e-07
2.58636155833e-10	4.95312384885e-07
2.59790781528e-10	3.43944801529e-07
2.60945407224e-10	1.15313076421e-07
2.6210003292e-10	-1.21229367878e-07
2.63254658615e-10	-3.02196024649e-07
2.64409284311e-10	-3.87491073894e-07
2.65563910007e-10	-3.67588931738e-07
2.66718535702e-10	-2.60351750825e-07
2.67873161398e-10	-1.00602748354e-07
2.69027787094e-10	7.15979053822e-08
2.7018241279e-10	2.19757712472e-07
2.71337038485e-10	3.15768637904e-07
2.72491664181e-10	3.41506108725e-07
2.73646289877e-10	2.89777045026e-07
2.74800915572e-10	1.65846650191e-07
2.75955541268e-10	-1.11707776362e-08
2.77110166964e-10	-2.08799272983e-07
2.78264792659e-10	-3.8598352603e-07
2.79419418355e-10	-5.01606180592e-07
2.80574044051e-10	-5.2478113588e-07
2.81728669746e-10	-4.43533739514e-07
2.82883295442e-10	-2.69084548421e-07
2.84037921138e-10	-3.42123738228e-08
2.85192546833e-10	2.14389967113e-07
2.86347172529e-10	4.27204071229e-07
2.87501798225e-10	5.63856737301e-07
2.8865642392e-10	6.02552390205e-07
2.89811049616e-10	5.44877153175e-07
2.90965675312e-10	4.1477508006e-07
2.92120301007e-10	2.51683868413e-07
2.93274926703e-10	1.00297770977e-07
2.94429552399e-10	-8.35245539399e-10
2.95584178095e-10	-2.88143233718e-08
2.9673880379e-10	1.86665144453e-08
2.97893429486e-10	1.23260400997e-07
2.99048055182e-10	2.51324422607e-07
3.00202680877e-10	3.62859150727e-07
3.01357306573e-10	4.22083900276e-07
3.02511932269e-10	4.07113343925e-07
3.03666557964e-10	3.1608510298e-07
3.0482118366e-10	1.68245470888e-07
3.05975809356e-10	-7.62656826581e-10
3.07130435051e-10	-1.48509700537e-07
3.08285060747e-10	-2.37507826739e-07
3.09439686443e-10	-2.45836986323e-07
3.10594312138e-10	-1.73277003412e-07
3.11748937834e-10	-4.12906855374e-08
3.1290356353e-10	1.13222420772e-07
3.14058189225e-10	2.48213950726e-07
3.15212814921e-10	3.27946999334e-07
3.16367440617e-10	3.32154783678e-07
3.17522066312e-10	2.60318042677e-07
3.18676692008e-10	1.3075018046e-07
3.19831317704e-10	-2.57082524158e-08
3.209859434e-10	-1.74588519641e-07
3.22140569095e-10	-2.86789955339e-07
3.23295194791e-10	-3.44857387091e-07
3.24449820487e-10	-3.45054974815e-07
3.25604446182e-10	-2.95182982057e-07
3.26759071878e-10	-2.09683253871e-07
3.27913697574e-10	-1.04445433635e-07
3.29068323269e-10	6.16812301235e-09
3.30222948965e-10	1.09954729766e-07
3.31377574661e-10	1.95402440895e-07
3.32532200356e-10	2.50813720015e-07
3.33686826052e-10	2.65138659472e-07
3.34841451748e-10	2.31643756621e-07
3.35996077443e-10	1.52478722981e-07
3.37150703139e-10	4.18982675221e-08
3.38305328835e-10	-7.4965918806e-08
3.3945995453e-10	-1.68142037182e-07
3.40614580226e-10	-2.12458663995e-07
3.41769205922e-10	-1.97288763104e-07
3.42923831617e-10	-1.32172342404e-07
3.44078457313e-10	-4.51934143442e-08
3.45233083009e-10	2.57340109222e-08
3.46387708705e-10	4.6422852229e-08
3.475423344e-10	-6.87925050258e-10
3.48696960096e-10	-1.08741323501e-07
3.49851585792e-10	-2.47410753218e-07
3.51006211487e-10	-3.72555298611e-07
3.52160837183e-10	-4.40916430478e-07
3.53315462879e-10	-4.24816931854e-07
3.54470088574e-10	-3.21624749944e-07
3.5562471427e-10	-1.54791889528e-07
3.56779339966e-10	3.35706413779e-08
3.57933965661e-10	1.95711599815e-07
3.59088591357e-10	2.92075036157e-07
3.60243217053e-10	3.01670024072e-07
3.61397842748e-10	2.26244591062e-07
3.62552468444e-10	8.76976820052e-08
3.6370709414e-10	-7.96466119724e-08
3.64861719835e-10	-2.38940735642e-07
3.66016345531e-10	-3.59629385827e-07
3.67170971227e-10	-4.23161605312e-07
3.68325596922e-10	-4.24455254944e-07
3.69480222618e-10	-3.70025446728e-07
3.70634848314e-10	-2.73950856666e-07
3.7178947401e-10	-1.53835731709e-07
3.72944099705e-10	-2.78053133851e-08
3.74098725401e-10	8.73834409276e-08
3.75253351097e-10	1.77278812075e-07
3.76407976792e-10	2.30710661242e-07
3.77562602488e-10	2.41153884417e-07
3.78717228184e-10	2.08166408555e-07
3.79871853879e-10	1.38571005337e-07
3.81026479575e-10	4.60255140666e-08
3.82181105271e-10	-5.10598758829e-08
3.83335730966e-10	-1.33244224543e-07
3.84490356662e-10	-1.84481903531e-07
3.85644982358e-10	-1.96219762216e-07
3.86799608053e-10	-1.69801818828e-07
3.87954233749e-10	-1.16387221638e-07
3.89108859445e-10	-5.39719255954e-08
3.9026348514e-10	-2.20259627204e-09
3.91418110836e-10	2.36689081667e-08
3.92572736532e-10	1.7760770854e-08
3.93727362227e-10	-1.42357609034e-08
3.94881987923e-10	-5.68752782648e-08
3.96036613619e-10	-8.99495731232e-08
3.97191239315e-10	-9.54515142482e-08
3.9834586501e-10	-6.37389669933e-08
3.99500490706e-10	2.99309743657e-09
4.00655116402e-10	9.09400981186e-08
4.01809742097e-10	1.78638538628e-07
4.02964367793e-10	2.43025890967e-07
4.04118993489e-10	2.6594172553e-07
4.05273619184e-10	2.39185649065e-07
4.0642824488e-10	1.66520873535e-07
4.07582870576e-10	6.26353235944e-08
4.08737496271e-10	-5.10349549288e-08
4.09892121967e-10	-1.5191615077e-07
4.11046747663e-10	-2.21877879625e-07
4.12201373358e-10	-2.51006422758e-07
4.13355999054e-10	-2.38579545453e-07
4.1451062475e-10	-1.91548803485e-07
4.15665250445e-10	-1.21417786048e-07
4.16819876141e-10	-4.12385481319e-08
4.17974501837e-10	3.6511955237e-08
4.19129127532e-10	1.00869808506e-07
4.20283753228e-10	1.42832620398e-07
4.21438378924e-10	1.56097017978e-07
4.2259300462e-10	1.38258229754e-07
4.23747630315e-10	9.22590128738e-08
4.24902256011e-10	2.69714710566e-08
4.26056881707e-10	-4.39426481869e-08
4.27211507402e-10	-1.04737922335e-07
4.28366133098e-10	-1.41717439561e-07
4.29520758794e-10	-1.46898132769e-07
4.30675384489e-10	-1.20586731711e-07
4.31830010185e-10	-7.15134937934e-08
4.32984635881e-10	-1.46571461634e-08
4.34139261576e-10	3.28173856978e-08
4.35293887272e-10	5.63377278162e-08
4.36448512968e-10	4.81637969507e-08
4.37603138663e-10	9.64313917606e-09
4.38757764359e-10	-4.89835834117e-08
4.39912390055e-10	-1.11575857886e-07
4.4106701575e-10	-1.60694959561e-07
4.42221641446e-10	-1.82626138212e-07
4.43376267142e-10	-1.70915214426e-07
4.44530892837e-10	-1.27745499512e-07
4.45685518533e-10	-6.27784135787e-08
4.46840144229e-10	9.73722702469e-09
4.47994769925e-10	7.46089661163e-08
4.4914939562e-10	1.19154565326e-07
4.50304021316e-10	1.35568210879e-07
4.51458647012e-10	1.22180534134e-07
4.52613272707e-10	8.33651609966e-08
4.53767898403e-10	2.82998944279e-08
4.54922524099e-10	-3.1177190607e-08
4.56077149794e-10	-8.33059141669e-08
4.5723177549e-10	-1.1887954976e-07
4.58386401186e-10	-1.33083831955e-07
4.59541026881e-10	-1.26093285147e-07
4.60695652577e-10	-1.02386285228e-07
4.61850278273e-10	-6.92069441754e-08
4.63004903968e-10	-3.44935848773e-08
4.64159529664e-10	-5.14703232812e-09
4.6531415536e-10	1.43641385453e-08
4.66468781055e-10	2.25904575046e-08
4.67623406751e-10	2.10782371557e-08
4.68778032447e-10	1.37359287278e-08
4.69932658142e-10	5.57910986854e-09
4.71087283838e-10	1.21104947598e-09
4.72241909534e-10	3.30850297159e-09
4.7339653523e-10	1.16069158729e-08
4.74551160925e-10	2.29387215889e-08
4.75705786621e-10	3.20860200631e-08
4.76860412317e-10	3.36093983755e-08
4.78015038012e-10	2.36535617759e-08
4.79169663708e-10	1.39641542773e-09
4.80324289404e-10	-3.05960319302e-08
4.81478915099e-10	-6.70231790068e-08
4.82633540795e-10	-1.01189430168e-07
4.83788166491e-10	-1.26596958694e-07
4.84942792186e-10	-1.38229196978e-07
4.86097417882e-10	-1.33308713401e-07
4.87252043578e-10	-1.11549801396e-07
4.88406669273e-10	-7.50447792797e-08
4.89561294969e-10	-2.81096310673e-08
4.90715920665e-10	2.30792995826e-08
4.9187054636e-10	7.09568199753e-08
4.93025172056e-10	1.07461740839e-07
4.94179797752e-10	1.25343889934e-07
4.95334423447e-10	1.19650644947e-07
4.96489049143e-10	8.9253464175e-08
4.97643674839e-10	3.76986961648e-08
4.98798300535e-10	-2.67751876226e-08
4.9995292623e-10	-9.24891923049e-08
5.01107551926e-10	-1.46584424598e-07
5.02262177622e-10	-1.77942174773e-07
5.03416803317e-10	-1.80067454281e-07
5.04571429013e-10	-1.53027171379e-07
5.05726054709e-10	-1.03791238715e-07
5.06880680404e-10	-4.45893237888e-08
5.080353061e-10	1.0385875493e-08
5.09189931796e-10	4.89773439583e-08
5.10344557491e-10	6.45136024602e-08
5.11499183187e-10	5.73794358694e-08
5.12653808883e-10	3.43336714614e-08
5.13808434578e-10	5.66792301981e-09
5.14963060274e-10	-1.84304806972e-08
5.1611768597e-10	-3.11243550932e-08
5.17272311665e-10	-3.06188385757e-08
5.18426937361e-10	-1.98622351899e-08
5.19581563057e-10	-4.74034111964e-09
5.20736188752e-10	8.45319692022e-09
5.21890814448e-10	1.51611765364e-08
5.23045440144e-10	1.37426687807e-08
5.2420006584e-10	5.4383850201e-09
5.25354691535e-10	-6.73573169463e-09
5.26509317231e-10	-1.94591780467e-08
5.27663942927e-10	-3.03347635899e-08
5.28818568622e-10	-3.84036278334e-08
5.29973194318e-10	-4.36538862836e-08
5.31127820014e-10	-4.60428863924e-08
5.32282445709e-10	-4.44843388792e-08
5.33437071405e-10	-3.6764883582e-08
5.34591697101e-10	-2.04964378803e-08
5.35746322796e-10	5.09959569017e-09
5.36900948492e-10	3.75067652492e-08
5.38055574188e-10	7.03150595527e-08
5.39210199883e-10	9.43338775983e-08
5.40364825579e-10	1.00291615013e-07
5.41519451275e-10	8.22064087913e-08
5.4267407697e-10	4.01448376763e-08
5.43828702666e-10	-1.87295259302e-08
5.44983328362e-10	-8.14087375289e-08
5.46137954057e-10	-1.3227881368e-07
5.47292579753e-10	-1.5753981053e-07
5.48447205449e-10	-1.4936771997e-07
5.49601831145e-10	-1.08559834011e-07
5.5075645684e-10	-4.46993162484e-08
5.51911082536e-10	2.64161488239e-08
5.53065708232e-10	8.72815979491e-08
5.54220333927e-10	1.23814045239e-07
5.55374959623e-10	1.29236221724e-07
5.56529585319e-10	1.05522321547e-07
5.57684211014e-10	6.19450055694e-08
5.5883883671e-10	1.14623927017e-08
5.59993462406e-10	-3.35407528418e-08
5.61148088101e-10	-6.46189235454e-08
5.62302713797e-10	-7.86371261441e-08
5.63457339493e-10	-7.7200267512e-08
5.64611965188e-10	-6.47472031545e-08
5.65766590884e-10	-4.63848310872e-08
5.6692121658e-10	-2.64043573672e-08
5.68075842275e-10	-7.7169674817e-09
5.69230467971e-10	7.79872999512e-09
5.70385093667e-10	1.87719684241e-08
5.71539719362e-10	2.3903533819e-08
5.72694345058e-10	2.20943752183e-08
5.73848970754e-10	1.30396767828e-08
5.7500359645e-10	-2.04204753107e-09
5.76158222145e-10	-1.99534442302e-08
5.77312847841e-10	-3.58161806879e-08
5.78467473537e-10	-4.42752035035e-08
5.79622099232e-10	-4.12924596738e-08
5.80776724928e-10	-2.60638510774e-08
5.81931350624e-10	-2.02020883355e-09
5.83085976319e-10	2.35055217512e-08
5.84240602015e-10	4.13091765239e-08
5.85395227711e-10	4.33644644637e-08
5.86549853406e-10	2.5891415234e-08
5.87704479102e-10	-8.74861755262e-09
5.88859104798e-10	-5.22407788139e-08
5.90013730493e-10	-9.25472134483e-08
5.91168356189e-10	-1.17556309576e-07
5.92322981885e-10	-1.18865094656e-07
5.9347760758e-10	-9.43809830289e-08
5.94632233276e-10	-4.90283604826e-08
5.95786858972e-10	6.73687872155e-09
5.96941484667e-10	5.98699063659e-08
5.98096110363e-10	9.82849881481e-08
5.99250736059e-10	1.1386893739e-07
6.00405361755e-10	1.04210580609e-07
6.0155998745e-10	7.27015692092e-08
6.02714613146e-10	2.71044886535e-08
6.03869238842e-10	-2.27329768343e-08
6.05023864537e-10	-6.73483180336e-08
6.06178490233e-10	-9.95580249352e-08
6.07333115929e-10	-1.15391616262e-07
6.08487741624e-10	-1.14094824255e-07
6.0964236732e-10	-9.74494627215e-08
6.10796993016e-10	-6.89583101732e-08
6.11951618711e-10	-3.31934724151e-08
6.13106244407e-10	4.6277543464e-09
6.14260870103e-10	3.89800209888e-08
6.15415495798e-10	6.46181224084e-08
6.16570121494e-10	7.73863506609e-08
6.1772474719e-10	7.52911324398e-08
6.18879372885e-10	5.92455560167e-08
6.20033998581e-10	3.32324257002e-08
6.21188624277e-10	3.55195578505e-09
6.22343249972e-10	-2.27035177325e-08
6.23497875668e-10	-3.95566686073e-08
6.24652501364e-10	-4.3833540353e-08
6.2580712706e-10	-3.61069032451e-08
6.26961752755e-10	-2.05050523228e-08
6.28116378451e-10	-3.50216083911e-09
6.29271004147e-10	8.14626210932e-09
6.30425629842e-10	9.50125522703e-09
6.31580255538e-10	-8.6163845503e-10
6.32734881234e-10	-2.03231282914e-08
6.33889506929e-10	-4.29328750329e-08
6.35044132625e-10	-6.12294162039e-08
6.36198758321e-10	-6.85937315836e-08
6.37353384016e-10	-6.13361024193e-08
6.38508009712e-10	-3.98683948077e-08
6.39662635408e-10	-8.57343929184e-09
6.40817261103e-10	2.54787158038e-08
6.41971886799e-10	5.44797336133e-08
6.43126512495e-10	7.19177579711e-08
6.4428113819e-10	7.40242667163e-08
6.45435763886e-10	6.04304570828e-08
6.46590389582e-10	3.39265224802e-08
6.47745015277e-10	-4.07616718157e-10
6.48899640973e-10	-3.63160856942e-08
6.50054266669e-10	-6.76045202042e-08
6.51208892365e-10	-8.91050699892e-08
6.5236351806e-10	-9.74834870604e-08
6.53518143756e-10	-9.16995457345e-08
6.54672769452e-10	-7.31854576941e-08
6.55827395147e-10	-4.56272277738e-08
6.56982020843e-10	-1.43802320052e-08
6.58136646539e-10	1.44963541171e-08
6.59291272234e-10	3.54392444279e-08
6.6044589793e-10	4.46175629776e-08
6.61600523626e-10	4.08461744428e-08
6.62755149321e-10	2.60105561534e-08
6.63909775017e-10	4.6540876153e-09
6.65064400713e-10	-1.70959462142e-08
6.66219026408e-10	-3.31747034288e-08
6.67373652104e-10	-3.92579067032e-08
6.685282778e-10	-3.40678734112e-08
6.69682903495e-10	-1.97684313363e-08
6.70837529191e-10	-1.36951636143e-09
6.71992154887e-10	1.47547782881e-08
6.73146780582e-10	2.28013514736e-08
6.74301406278e-10	1.93026559181e-08
6.75456031974e-10	4.15821360678e-09
6.7661065767e-10	-1.92741127503e-08
6.77765283365e-10	-4.51191994877e-08
6.78919909061e-10	-6.65601156413e-08
6.80074534757e-10	-7.76461952512e-08
6.81229160452e-10	-7.48273549789e-08
6.82383786148e-10	-5.78094052628e-08
6.83538411844e-10	-2.96089663898e-08
6.84693037539e-10	4.25214657929e-09
6.85847663235e-10	3.70645105718e-08
6.87002288931e-10	6.25047036351e-08
6.88156914626e-10	7.59260183614e-08
6.89311540322e-10	7.5189497295e-08
6.90466166018e-10	6.0810162239e-08
6.91620791713e-10	3.56168055049e-08
6.92775417409e-10	4.02504524155e-09
6.93930043105e-10	-2.87467807336e-08
6.950846688e-10	-5.74739922321e-08
6.96239294496e-10	-7.76392656832e-08
6.97393920192e-10	-8.61182067879e-08
6.98548545887e-10	-8.16874043963e-08
6.99703171583e-10	-6.53776801585e-08
7.00857797279e-10	-4.03809354843e-08
7.02012422975e-10	-1.15438991699e-08
7.0316704867e-10	1.55837109883e-08
7.04321674366e-10	3.59289096252e-08
7.05476300062e-10	4.59932523178e-08
7.06630925757e-10	4.46481340788e-08
7.07785551453e-10	3.3380750164e-08
7.08940177149e-10	1.59047207626e-08
7.10094802844e-10	-2.77360170942e-09
7.1124942854e-10	-1.76619481262e-08
7.12404054236e-10	-2.51205021229e-08
7.13558679931e-10	-2.38629984661e-08
7.14713305627e-10	-1.53106969325e-08
7.15867931323e-10	-3.12632003618e-09
7.17022557018e-10	7.92270693495e-09
7.18177182714e-10	1.34713313837e-08
7.1933180841e-10	1.0903590697e-08
7.20486434105e-10	1.86296422733e-10
7.21641059801e-10	-1.61192013071e-08
7.22795685497e-10	-3.35659597894e-08
7.23950311192e-10	-4.70816341469e-08
7.25104936888e-10	-5.23338807845e-08
7.26259562584e-10	-4.68997605196e-08
7.2741418828e-10	-3.09349741379e-08
7.28568813975e-10	-7.1948954572e-09
7.29723439671e-10	1.95778651069e-08
7.30878065367e-10	4.37332472458e-08
7.32032691062e-10	6.00602696466e-08
7.33187316758e-10	6.49809699382e-08
7.34341942454e-10	5.73352831879e-08
7.35496568149e-10	3.85499538957e-08
7.36651193845e-10	1.21765949546e-08
7.37805819541e-10	-1.6974426531e-08
7.38960445236e-10	-4.38675082925e-08
7.40115070932e-10	-6.4114527909e-08
7.41269696628e-10	-7.46141353147e-08
7.42424322323e-10	-7.38738323847e-08
7.43578948019e-10	-6.21670928069e-08
7.44733573715e-10	-4.14841476726e-08
7.4588819941e-10	-1.53426602534e-08
7.47042825106e-10	1.16872138634e-08
7.48197450802e-10	3.47045516769e-08
7.49352076497e-10	4.94195280254e-08
7.50506702193e-10	5.31012083194e-08
7.51661327889e-10	4.52601987e-08
7.52815953585e-10	2.78626637318e-08
7.5397057928e-10	5.0041550903e-09
7.55125204976e-10	-1.79994448235e-08
7.56279830672e-10	-3.58157192792e-08
7.57434456367e-10	-4.4422754808e-08
7.58589082063e-10	-4.2180894777e-08
7.59743707759e-10	-3.03474503305e-08
7.60898333454e-10	-1.2838719643e-08
7.6205295915e-10	4.82157802573e-09
7.63207584846e-10	1.70834832947e-08
7.64362210541e-10	2.00231824454e-08
7.65516836237e-10	1.25681165475e-08
7.66671461933e-10	-3.19954984729e-09
7.67826087628e-10	-2.26791156965e-08
7.68980713324e-10	-4.01529480776e-08
7.7013533902e-10	-5.04431940662e-08
7.71289964715e-10	-5.03276451624e-08
7.72444590411e-10	-3.93266685883e-08
7.73599216107e-10	-1.97209535369e-08
7.74753841802e-10	4.13182277281e-09
7.75908467498e-10	2.69257465213e-08
7.77063093194e-10	4.36903411227e-08
7.7821771889e-10	5.09208564203e-08
7.79372344585e-10	4.72896606318e-08
7.80526970281e-10	3.37895351699e-08
7.81681595977e-10	1.33627836574e-08
7.82836221672e-10	-9.91328519273e-09
7.83990847368e-10	-3.17394266425e-08
7.85145473064e-10	-4.8415203846e-08
7.86300098759e-10	-5.73989935582e-08
7.87454724455e-10	-5.75487271171e-08
7.88609350151e-10	-4.91633960209e-08
7.89763975846e-10	-3.38688277424e-08
7.90918601542e-10	-1.43816758502e-08
7.92073227238e-10	5.85017834176e-09
7.93227852933e-10	2.31988930288e-08
7.94382478629e-10	3.45248660771e-08
7.95537104325e-10	3.78624021025e-08
7.9669173002e-10	3.292146733e-08
7.97846355716e-10	2.12205324424e-08
7.99000981412e-10	5.7815603971e-09
8.00155607107e-10	-9.58084411806e-09
8.01310232803e-10	-2.12112825082e-08
8.02464858499e-10	-2.6536906006e-08
8.03619484195e-10	-2.47360909533e-08
8.0477410989e-10	-1.69602614175e-08
8.05928735586e-10	-6.02477351341e-09
8.07083361282e-10	4.34716507236e-09
8.08237986977e-10	1.05731466915e-08
8.09392612673e-10	1.02697588211e-08
8.10547238369e-10	2.99863162079e-09
8.11701864064e-10	-9.52817003075e-09
8.1285648976e-10	-2.38474617831e-08
8.14011115456e-10	-3.57258316264e-08
8.15165741151e-10	-4.13264316101e-08
8.16320366847e-10	-3.83323648379e-08
8.17474992543e-10	-2.65958315371e-08
8.18629618238e-10	-8.21009582541e-09
8.19784243934e-10	1.30146692312e-08
8.2093886963e-10	3.24856270773e-08
8.22093495325e-10	4.58875484277e-08
8.23248121021e-10	5.013025417e-08
8.24402746717e-10	4.40006471258e-08
8.25557372412e-10	2.83978396354e-08
8.26711998108e-10	6.16492673577e-09
8.27866623804e-10	-1.84946258308e-08
8.290212495e-10	-4.08651152917e-08
8.30175875195e-10	-5.67057840684e-08
8.31330500891e-10	-6.31421359643e-08
8.32485126587e-10	-5.92339763905e-08
8.33639752282e-10	-4.61122806605e-08
8.34794377978e-10	-2.66379489577e-08
8.35949003674e-10	-4.72030914356e-09
8.37103629369e-10	1.55364741072e-08
8.38258255065e-10	3.06291925156e-08
8.39412880761e-10	3.82819806966e-08
8.40567506456e-10	3.78013638169e-08
8.41722132152e-10	3.01013687309e-08
8.42876757848e-10	1.74425138777e-08
8.44031383543e-10	2.89415166832e-09
8.45186009239e-10	-1.03843627031e-08
8.46340634935e-10	-1.98434846332e-08
8.4749526063e-10	-2.40893007764e-08
8.48649886326e-10	-2.30948806745e-08
8.49804512022e-10	-1.80633599189e-08
8.50959137717e-10	-1.10101117112e-08
8.52113763413e-10	-4.19955256681e-09
8.53268389109e-10	3.75144519615e-10
8.54423014805e-10	1.41898821859e-09
8.555776405e-10	-1.40509402724e-09
8.56732266196e-10	-7.39290223484e-09
8.57886891892e-10	-1.48760983532e-08
8.59041517587e-10	-2.15441551266e-08
8.60196143283e-10	-2.49689902088e-08
8.61350768979e-10	-2.32694614688e-08
8.62505394674e-10	-1.5734021197e-08
8.6366002037e-10	-3.20176302138e-09
8.64814646066e-10	1.19904368656e-08
8.65969271761e-10	2.64820267937e-08
8.67123897457e-10	3.67029220349e-08
8.68278523153e-10	3.97949886377e-08
8.69433148848e-10	3.43621504584e-08
8.70587774544e-10	2.090450546e-08
8.7174240024e-10	1.78800274586e-09
8.72897025935e-10	-1.92219631323e-08
8.74051651631e-10	-3.77865316814e-08
8.75206277327e-10	-5.00074017751e-08
8.76360903022e-10	-5.33727497753e-08
8.77515528718e-10	-4.73937253886e-08
8.78670154414e-10	-3.37150209972e-08
8.7982478011e-10	-1.5640608364e-08
8.80979405805e-10	2.76201919669e-09
8.82134031501e-10	1.7725481305e-08
8.83288657197e-10	2.66581383634e-08
8.84443282892e-10	2.85991170745e-08
8.85597908588e-10	2.42046462873e-08
8.86752534284e-10	1.53390471436e-08
8.87907159979e-10	4.49720716222e-09
8.89061785675e-10	-5.8075347309e-09
8.90216411371e-10	-1.35258931833e-08
8.91371037066e-10	-1.74204553005e-08
8.92525662762e-10	-1.72227458961e-08
8.93680288458e-10	-1.36092077607e-08
8.94834914153e-10	-7.98822086256e-09
8.95989539849e-10	-2.13683090666e-09
8.97144165545e-10	2.21394513833e-09
8.9829879124e-10	3.76820780135e-09
8.99453416936e-10	1.92882115835e-09
9.00608042632e-10	-3.10949760385e-09
9.01762668327e-10	-1.03836669263e-08
9.02917294023e-10	-1.83269073251e-08
9.04071919719e-10	-2.50174543304e-08
9.05226545415e-10	-2.85431240865e-08
9.0638117111e-10	-2.74286815483e-08
9.07535796806e-10	-2.1073474743e-08
9.08690422502e-10	-1.00543582349e-08
9.09845048197e-10	3.8403023539e-09
9.10999673893e-10	1.78993189159e-08
9.12154299589e-10	2.90721993146e-08
9.13308925284e-10	3.47050841398e-08
9.1446355098e-10	3.3202451899e-08
9.15618176676e-10	2.44725841814e-08
9.16772802371e-10	1.00111499091e-08
9.17927428067e-10	-7.37168925902e-09
9.19082053763e-10	-2.41556459279e-08
9.20236679458e-10	-3.68849533139e-08
9.21391305154e-10	-4.29778759248e-08
9.2254593085e-10	-4.13552383449e-08
9.23700556545e-10	-3.27112368304e-08
9.24855182241e-10	-1.93457132536e-08
9.26009807937e-10	-4.54602006039e-09
9.27164433632e-10	8.27847601581e-09
9.28319059328e-10	1.6492592847e-08
9.29473685024e-10	1.88707509619e-08
9.3062831072e-10	1.57981807636e-08
9.31782936415e-10	9.01075014603e-09
9.32937562111e-10	9.65787144702e-10
9.34092187807e-10	-5.90931498179e-09
9.35246813502e-10	-9.87355963655e-09
9.36401439198e-10	-1.02721184891e-08
9.37556064894e-10	-7.56133622382e-09
9.38710690589e-10	-3.04557490338e-09
9.39865316285e-10	1.58529830929e-09
9.41019941981e-10	4.76046740916e-09
9.42174567676e-10	5.41262867859e-09
9.43329193372e-10	3.19465737197e-09
9.44483819068e-10	-1.52962814637e-09
9.45638444763e-10	-7.83961928708e-09
9.46793070459e-10	-1.45043300703e-08
9.47947696155e-10	-2.02262941951e-08
9.4910232185e-10	-2.384582376e-08
9.50256947546e-10	-2.44905902225e-08
9.51411573242e-10	-2.16860913671e-08
9.52566198937e-10	-1.54630563909e-08
9.53720824633e-10	-6.43840591952e-09
9.54875450329e-10	4.14728779097e-09
9.56030076025e-10	1.45196912271e-08
9.5718470172e-10	2.26333933817e-08
9.58339327416e-10	2.6587368529e-08
9.59493953112e-10	2.51382510363e-08
9.60648578807e-10	1.81247150621e-08
9.61803204503e-10	6.66713051434e-09
9.62957830199e-10	-6.97583102394e-09
9.64112455894e-10	-1.99059841943e-08
9.6526708159e-10	-2.92788222556e-08
9.66421707286e-10	-3.30523910463e-08
9.67576332981e-10	-3.05204421736e-08
9.68730958677e-10	-2.25066429937e-08
9.69885584373e-10	-1.11557666438e-08
9.71040210068e-10	6.3912011794e-10
9.72194835764e-10	1.00017284455e-08
9.7334946146e-10	1.4836397888e-08
9.74504087155e-10	1.43637034489e-08
9.75658712851e-10	9.28161136837e-09
9.76813338547e-10	1.49642659375e-09
9.77967964242e-10	-6.48838016648e-09
9.79122589938e-10	-1.23154230147e-08
9.80277215634e-10	-1.44398681901e-08
9.8143184133e-10	-1.24878886121e-08
9.82586467025e-10	-7.26150495289e-09
9.83741092721e-10	-4.08723464795e-10
9.84895718417e-10	6.09014261244e-09
9.86050344112e-10	1.04488115937e-08
9.87204969808e-10	1.15012513957e-08
9.88359595504e-10	8.91590967722e-09
9.89514221199e-10	3.2068339928e-09
9.90668846895e-10	-4.43122066818e-09
9.91823472591e-10	-1.24333303653e-08
9.92978098286e-10	-1.9189365652e-08
9.94132723982e-10	-2.33641677116e-08
9.95287349678e-10	-2.41150368563e-08
9.96441975373e-10	-2.11963508967e-08
9.97596601069e-10	-1.49818628614e-08
9.98751226765e-10	-6.39898123378e-09
9.9990585246e-10	3.16814757761e-09
1.00106047816e-09	1.20595899933e-08
1.00221510385e-09	1.85802035979e-08
1.00336972955e-09	2.13357176371e-08
1.00452435524e-09	1.95791667323e-08
1.00567898094e-09	1.34778678218e-08
1.00683360663e-09	4.18678969272e-09
1.00798823233e-09	-6.34633412488e-09
1.00914285803e-09	-1.58099155989e-08
1.01029748372e-09	-2.20931748451e-08
1.01145210942e-09	-2.3827927409e-08
1.01260673511e-09	-2.07429571297e-08
1.01376136081e-09	-1.37569257097e-08
1.0149159865e-09	-4.73746925023e-09
1.0160706122e-09	3.96374078004e-09
1.0172252379e-09	1.01308442746e-08
1.01837986359e-09	1.22693919469e-08
1.01953448929e-09	1.0001452333e-08
1.02068911498e-09	4.15797113407e-09
1.02184374068e-09	-3.47718664973e-09
1.02299836637e-09	-1.0688235963e-08
1.02415299207e-09	-1.54515389372e-08
1.02530761777e-09	-1.64836646555e-08
1.02646224346e-09	-1.35338379392e-08
1.02761686916e-09	-7.39275957118e-09
1.02877149485e-09	3.82034952284e-10
1.02992612055e-09	7.8841314588e-09
1.03108074624e-09	1.33281857773e-08
1.03223537194e-09	1.54337678193e-08
1.03338999764e-09	1.36767221992e-08
1.03454462333e-09	8.37185099023e-09
1.03569924903e-09	5.79775491505e-10
1.03685387472e-09	-8.12162614938e-09
1.03800850042e-09	-1.59677655542e-08
1.03916312611e-09	-2.1369986003e-08
1.04031775181e-09	-2.32301864411e-08
1.0414723775e-09	-2.11583544019e-08
1.0426270032e-09	-1.55348662823e-08
1.0437816289e-09	-7.44342548709e-09
1.04493625459e-09	1.53732016006e-09
1.04609088029e-09	9.63052182446e-09
1.04724550598e-09	1.5198624137e-08
1.04840013168e-09	1.70994221005e-08
1.04955475737e-09	1.49431049756e-08
1.05070938307e-09	9.2260711293e-09
1.05186400877e-09	1.25023176534e-09
1.05301863446e-09	-7.15801412587e-09
1.05417326016e-09	-1.40798245285e-08
1.05532788585e-09	-1.79783414822e-08
1.05648251155e-09	-1.8071369734e-08
1.05763713724e-09	-1.45149693376e-08
1.05879176294e-09	-8.3348645763e-09
1.05994638864e-09	-1.14319115285e-09
1.06110101433e-09	5.26344035023e-09
1.06225564003e-09	9.35072730357e-09
1.06341026572e-09	1.01943388175e-08
1.06456489142e-09	7.68763885883e-09
1.06571951711e-09	2.54349832862e-09
1.06687414281e-09	-3.89394005929e-09
1.06802876851e-09	-9.99009164282e-09
1.0691833942e-09	-1.42308144158e-08
1.0703380199e-09	-1.55861574758e-08
1.07149264559e-09	-1.37509444942e-08
1.07264727129e-09	-9.18792530946e-09
1.07380189698e-09	-2.98073177252e-09
1.07495652268e-09	3.43830000582e-09
1.07611114838e-09	8.6265138366e-09
1.07726577407e-09	1.14326214051e-08
1.07842039977e-09	1.1227550667e-08
1.07957502546e-09	8.02484245721e-09
1.08072965116e-09	2.47720641222e-09
1.08188427685e-09	-4.23621915324e-09
1.08303890255e-09	-1.06506062858e-08
1.08419352825e-09	-1.53156285432e-08
1.08534815394e-09	-1.71312755093e-08
1.08650277964e-09	-1.56147095254e-08
1.08765740533e-09	-1.10444149382e-08
1.08881203103e-09	-4.42108982757e-09
1.08996665672e-09	2.7468469721e-09
1.09112128242e-09	8.78565886708e-09
1.09227590811e-09	1.2254154691e-08
1.09343053381e-09	1.22901175903e-08
1.09458515951e-09	8.83240902638e-09
1.0957397852e-09	2.66434940777e-09
1.0968944109e-09	-4.75926015264e-09
1.09804903659e-09	-1.16455314281e-08
1.09920366229e-09	-1.63121407493e-08
1.10035828798e-09	-1.76114518524e-08
1.10151291368e-09	-1.52324350911e-08
1.10266753938e-09	-9.78213265945e-09
1.10382216507e-09	-2.60939381214e-09
1.10497679077e-09	4.55479132189e-09
1.10613141646e-09	1.00548007698e-08
1.10728604216e-09	1.27169661468e-08
1.10844066785e-09	1.20950955917e-08
1.10959529355e-09	8.51355519416e-09
1.11074991925e-09	2.911998781e-09
1.11190454494e-09	-3.42120229369e-09
1.11305917064e-09	-9.16272346885e-09
1.11421379633e-09	-1.32198713088e-08
1.11536842203e-09	-1.49162273644e-08
1.11652304772e-09	-1.40776125201e-08
1.11767767342e-09	-1.10154605437e-08
1.11883229912e-09	-6.43849712434e-09
1.11998692481e-09	-1.30038813051e-09
1.12114155051e-09	3.3800129362e-09
1.1222961762e-09	6.70015137816e-09
1.1234508019e-09	8.03201882782e-09
1.12460542759e-09	7.13403347508e-09
1.12576005329e-09	4.21471380019e-09
1.12691467899e-09	-8.27173746165e-11
1.12806930468e-09	-4.7712634399e-09
1.12922393038e-09	-8.70177241374e-09
1.13037855607e-09	-1.08272857346e-08
1.13153318177e-09	-1.04862318828e-08
1.13268780746e-09	-7.63861884856e-09
1.13384243316e-09	-2.95002267059e-09
1.13499705886e-09	2.3299495111e-09
1.13615168455e-09	6.68757438316e-09
1.13730631025e-09	8.78252126579e-09
1.13846093594e-09	7.85736831155e-09
1.13961556164e-09	3.99211297353e-09
1.14077018733e-09	-1.89466783929e-09
1.14192481303e-09	-8.28759849636e-09
1.14307943872e-09	-1.34903598292e-08
1.14423406442e-09	-1.60892692502e-08
1.14538869012e-09	-1.53324077878e-08
1.14654331581e-09	-1.13276353852e-08
1.14769794151e-09	-5.00496832867e-09
1.1488525672e-09	2.13180811892e-09
1.1500071929e-09	8.40639136079e-09
1.15116181859e-09	1.24053809447e-08
1.15231644429e-09	1.33190721785e-08
1.15347106999e-09	1.11103901634e-08
1.15462569568e-09	6.45026476676e-09
1.15578032138e-09	4.83256400174e-10
1.15693494707e-09	-5.49960010865e-09
1.15808957277e-09	-1.03648654104e-08
1.15924419846e-09	-1.33371318434e-08
1.16039882416e-09	-1.40767981716e-08
1.16155344986e-09	-1.26515667942e-08
1.16270807555e-09	-9.45931155627e-09
1.16386270125e-09	-5.1386818134e-09
1.16501732694e-09	-4.74072975321e-10
1.16617195264e-09	3.70142172468e-09
1.16732657833e-09	6.63125226952e-09
1.16848120403e-09	7.76692732352e-09
1.16963582973e-09	6.89747803317e-09
1.17079045542e-09	4.22058682448e-09
1.17194508112e-09	3.33702260269e-10
1.17309970681e-09	-3.86653620232e-09
1.17425433251e-09	-7.37382555016e-09
1.1754089582e-09	-9.30208876593e-09
1.1765635839e-09	-9.11964015415e-09
1.1777182096e-09	-6.81651129986e-09
1.17887283529e-09	-2.95230304093e-09
1.18002746099e-09	1.44099601695e-09
1.18118208668e-09	5.11903758271e-09
1.18233671238e-09	6.96241908571e-09
1.18349133807e-09	6.3216202828e-09
1.18464596377e-09	3.23859691842e-09
1.18580058947e-09	-1.53459839281e-09
1.18695521516e-09	-6.72830074988e-09
1.18810984086e-09	-1.09149350669e-08
1.18926446655e-09	-1.29169966945e-08
1.19041909225e-09	-1.2132208127e-08
1.19157371794e-09	-8.69239635826e-09
1.19272834364e-09	-3.41341513388e-09
1.19388296933e-09	2.43130718336e-09
1.19503759503e-09	7.44496742033e-09
1.19619222073e-09	1.04539441548e-08
1.19734684642e-09	1.07905611113e-08
1.19850147212e-09	8.43580871823e-09
1.19965609781e-09	3.99983318689e-09
1.20081072351e-09	-1.44988111794e-09
1.2019653492e-09	-6.67528876619e-09
1.2031199749e-09	-1.05666343453e-08
1.2042746006e-09	-1.23949417397e-08
1.20542922629e-09	-1.19334386817e-08
1.20658385199e-09	-9.45025824262e-09
1.20773847768e-09	-5.58920693061e-09
1.20889310338e-09	-1.19505803864e-09
1.21004772907e-09	2.86235990465e-09
1.21120235477e-09	5.83586190483e-09
1.21235698047e-09	7.21209353349e-09
1.21351160616e-09	6.78257011666e-09
1.21466623186e-09	4.679232668e-09
1.21582085755e-09	1.35846890681e-09
1.21697548325e-09	-2.47253265084e-09
1.21813010894e-09	-5.99198213269e-09
1.21928473464e-09	-8.43354608371e-09
1.22043936034e-09	-9.25590082357e-09
1.22159398603e-09	-8.26874835269e-09
1.22274861173e-09	-5.68091396147e-09
1.22390323742e-09	-2.06988312601e-09
1.22505786312e-09	1.73669503778e-09
1.22621248881e-09	4.83380879768e-09
1.22736711451e-09	6.44422271101e-09
1.22852174021e-09	6.11651584936e-09
1.2296763659e-09	3.8548053638e-09
1.2308309916e-09	1.56632644355e-10
1.23198561729e-09	-4.08671058105e-09
1.23314024299e-09	-7.8031459072e-09
1.23429486868e-09	-1.00157681038e-08
1.23544949438e-09	-1.01134356445e-08
1.23660412008e-09	-8.01850574828e-09
1.23775874577e-09	-4.21830853581e-09
1.23891337147e-09	3.58734479622e-10
1.24006799716e-09	4.58143190052e-09
1.24122262286e-09	7.40071837146e-09
1.24237724855e-09	8.11316547278e-09
1.24353187425e-09	6.53318460442e-09
1.24468649994e-09	3.03984235006e-09
1.24584112564e-09	-1.51557355554e-09
1.24699575134e-09	-6.02104982539e-09
1.24815037703e-09	-9.38394573158e-09
1.24930500273e-09	-1.08090074669e-08
1.25045962842e-09	-9.99579430339e-09
1.25161425412e-09	-7.2021171249e-09
1.25276887981e-09	-3.15431164521e-09
1.25392350551e-09	1.16098004821e-09
1.25507813121e-09	4.75558903368e-09
1.2562327569e-09	6.87616646955e-09
1.2573873826e-09	7.15168602117e-09
1.25854200829e-09	5.63827007305e-09
1.25969663399e-09	2.76046305259e-09
1.26085125968e-09	-8.10066694279e-10
1.26200588538e-09	-4.30891772263e-09
1.26316051108e-09	-7.0336615976e-09
1.26431513677e-09	-8.4713118742e-09
1.26546976247e-09	-8.38905600542e-09
1.26662438816e-09	-6.86492340751e-09
1.26777901386e-09	-4.25812257676e-09
1.26893363955e-09	-1.1296377167e-09
1.27008826525e-09	1.87714493949e-09
1.27124289095e-09	4.15665551978e-09
1.27239751664e-09	5.25195270606e-09
1.27355214234e-09	4.93739915619e-09
1.27470676803e-09	3.26722279786e-09
1.27586139373e-09	5.82191225784e-10
1.27701601942e-09	-2.53777363013e-09
1.27817064512e-09	-5.37741212669e-09
1.27932527082e-09	-7.24482990266e-09
1.28047989651e-09	-7.64575813772e-09
1.28163452221e-09	-6.42704045539e-09
1.2827891479e-09	-3.84483667126e-09
1.2839437736e-09	-5.17562253471e-10
1.28509839929e-09	2.71900946203e-09
1.28625302499e-09	5.02677605096e-09
1.28740765069e-09	5.77885245212e-09
1.28856227638e-09	4.72941402707e-09
1.28971690208e-09	2.08559849946e-09
1.29087152777e-09	-1.53134281644e-09
1.29202615347e-09	-5.22870324815e-09
1.29318077916e-09	-8.06366440287e-09
1.29433540486e-09	-9.28810417467e-09
1.29549003055e-09	-8.55110726672e-09
1.29664465625e-09	-6.0047368744e-09
1.29779928195e-09	-2.26960311656e-09
1.29895390764e-09	1.7292487442e-09
1.30010853334e-09	5.01207469972e-09
1.30126315903e-09	6.80447576062e-09
1.30241778473e-09	6.72800687385e-09
1.30357241042e-09	4.87702905838e-09
1.30472703612e-09	1.76719860967e-09
1.30588166182e-09	-1.818997869e-09
1.30703628751e-09	-5.03867364499e-09
1.30819091321e-09	-7.19308784758e-09
1.3093455389e-09	-7.88067167079e-09
1.3105001646e-09	-7.06838626519e-09
1.31165479029e-09	-5.06391856225e-09
1.31280941599e-09	-2.41346956309e-09
1.31396404169e-09	2.52859237021e-10
1.31511866738e-09	2.37217570587e-09
1.31627329308e-09	3.56326332329e-09
1.31742791877e-09	3.67724523054e-09
1.31858254447e-09	2.78758996441e-09
1.31973717016e-09	1.14175598143e-09
1.32089179586e-09	-9.0373361572e-10
1.32204642156e-09	-2.94310795179e-09
1.32320104725e-09	-4.57468940507e-09
1.32435567295e-09	-5.45717193656e-09
1.32551029864e-09	-5.36671174167e-09
1.32666492434e-09	-4.25607710186e-09
1.32781955003e-09	-2.29472332802e-09
1.32897417573e-09	1.33029046112e-10
1.33012880143e-09	2.48596038199e-09
1.33128342712e-09	4.17673529096e-09
1.33243805282e-09	4.71464628449e-09
1.33359267851e-09	3.84951814869e-09
1.33474730421e-09	1.66501491761e-09
1.3359019299e-09	-1.40300074336e-09
1.3370565556e-09	-4.64419147583e-09
1.3382111813e-09	-7.24288273801e-09
1.33936580699e-09	-8.49092907096e-09
1.34052043269e-09	-7.99543109498e-09
1.34167505838e-09	-5.80948655848e-09
1.34282968408e-09	-2.4417727007e-09
1.34398430977e-09	1.27119378912e-09
1.34513893547e-09	4.392326447e-09
1.34629356116e-09	6.14682654776e-09
1.34744818686e-09	6.13630929402e-09
1.34860281256e-09	4.43746539514e-09
1.34975743825e-09	1.56006974006e-09
1.35091206395e-09	-1.71188832554e-09
1.35206668964e-09	-4.54954512952e-09
1.35322131534e-09	-6.2959545355e-09
1.35437594103e-09	-6.62188359701e-09
1.35553056673e-09	-5.57924528799e-09
1.35668519243e-09	-3.54955323467e-09
1.35783981812e-09	-1.11705021621e-09
1.35899444382e-09	1.09814171645e-09
1.36014906951e-09	2.5941300219e-09
1.36130369521e-09	3.09217806915e-09
1.3624583209e-09	2.57256782543e-09
1.3636129466e-09	1.23900732729e-09
1.3647675723e-09	-5.58158505526e-10
1.36592219799e-09	-2.41704772863e-09
1.36707682369e-09	-3.96124244517e-09
1.36823144938e-09	-4.89435603157e-09
1.36938607508e-09	-5.03101138527e-09
1.37054070077e-09	-4.31475011275e-09
1.37169532647e-09	-2.83338300044e-09
1.37284995217e-09	-8.23462950605e-10
1.37400457786e-09	1.34648060757e-09
1.37515920356e-09	3.23003704339e-09
1.37631382925e-09	4.38909580902e-09
1.37746845495e-09	4.50029868926e-09
1.37862308064e-09	3.44905459748e-09
1.37977770634e-09	1.37995138927e-09
1.38093233204e-09	-1.31335843589e-09
1.38208695773e-09	-4.06348993343e-09
1.38324158343e-09	-6.25357327033e-09
1.38439620912e-09	-7.36416227998e-09
1.38555083482e-09	-7.10751829613e-09
1.38670546051e-09	-5.51222745226e-09
1.38786008621e-09	-2.9345701702e-09
1.38901471191e-09	2.00345504076e-11
1.3901693376e-09	2.64600311106e-09
1.3913239633e-09	4.32141122886e-09
1.39247858899e-09	4.67685523642e-09
1.39363321469e-09	3.68984337529e-09
1.39478784038e-09	1.68338656903e-09
1.39594246608e-09	-7.70209056256e-10
1.39709709177e-09	-3.01570635131e-09
1.39825171747e-09	-4.48750669957e-09
1.39940634317e-09	-4.85364098912e-09
1.40056096886e-09	-4.08732875323e-09
1.40171559456e-09	-2.45778325469e-09
1.40287022025e-09	-4.48021814092e-10
1.40402484595e-09	1.37698973057e-09
1.40517947164e-09	2.51914980542e-09
1.40633409734e-09	2.67327382453e-09
1.40748872304e-09	1.80079007261e-09
1.40864334873e-09	1.32047320994e-10
1.40979797443e-09	-1.90469928718e-09
1.41095260012e-09	-3.80096643049e-09
1.41210722582e-09	-5.098345357e-09
1.41326185151e-09	-5.49681045126e-09
1.41441647721e-09	-4.90880658344e-09
1.41557110291e-09	-3.46113074312e-09
1.4167257286e-09	-1.44898813781e-09
1.4178803543e-09	7.35349281467e-10
1.41903497999e-09	2.67776173457e-09
1.42018960569e-09	4.01622479718e-09
1.42134423138e-09	4.49890269483e-09
1.42249885708e-09	4.02516114884e-09
1.42365348278e-09	2.66691640993e-09
1.42480810847e-09	6.58238505369e-10
1.42596273417e-09	-1.6387973617e-09
1.42711735986e-09	-3.79972736608e-09
1.42827198556e-09	-5.4152367035e-09
1.42942661125e-09	-6.17109735535e-09
1.43058123695e-09	-5.91451521093e-09
1.43173586265e-09	-4.69223265798e-09
1.43289048834e-09	-2.75299269492e-09
1.43404511404e-09	-5.06686036877e-10
1.43519973973e-09	1.55618777586e-09
1.43635436543e-09	2.97492722123e-09
1.43750899112e-09	3.43486786236e-09
1.43866361682e-09	2.8547631481e-09
1.43981824252e-09	1.41986131186e-09
1.44097286821e-09	-4.60230221988e-10
1.44212749391e-09	-2.26090171584e-09
1.4432821196e-09	-3.48633583114e-09
1.4444367453e-09	-3.8108224909e-09
1.44559137099e-09	-3.16617201901e-09
1.44674599669e-09	-1.75949813053e-09
1.44790062238e-09	-8.09509230482e-12
1.44905524808e-09	1.57743039464e-09
1.45020987378e-09	2.53307885778e-09
1.45136449947e-09	2.5657019842e-09
1.45251912517e-09	1.62819493998e-09
1.45367375086e-09	-7.00716498714e-11
1.45482837656e-09	-2.11767645086e-09
1.45598300225e-09	-4.00895727726e-09
1.45713762795e-09	-5.27318227972e-09
1.45829225365e-09	-5.59354385032e-09
1.45944687934e-09	-4.88101398188e-09
1.46060150504e-09	-3.28903060343e-09
1.46175613073e-09	-1.16384156479e-09
1.46291075643e-09	1.04605606122e-09
1.46406538212e-09	2.89649285112e-09
1.46522000782e-09	4.03986366582e-09
1.46637463352e-09	4.28548380116e-09
1.46752925921e-09	3.62167451584e-09
1.46868388491e-09	2.20326448752e-09
1.4698385106e-09	3.15855064326e-10
1.4709931363e-09	-1.68028377323e-09
1.47214776199e-09	-3.41460365538e-09
1.47330238769e-09	-4.5737716392e-09
1.47445701339e-09	-4.96268071082e-09
1.47561163908e-09	-4.5415787242e-09
1.47676626478e-09	-3.4346343547e-09
1.47792089047e-09	-1.90199163363e-09
1.47907551617e-09	-2.81671675567e-10
1.48023014186e-09	1.08092421125e-09
1.48138476756e-09	1.90810531264e-09
1.48253939326e-09	2.04446995444e-09
1.48369401895e-09	1.49203410738e-09
1.48484864465e-09	4.11674992706e-10
1.48600327034e-09	-9.070951143e-10
