% time-domain voltage integration by openEMS v0.37.0-rc1-2-g7b051bb @Mon Jul 13 23:46:16 2026
% start-coordinates: (0.00308805,0.00289287,-0.000889) m -> [95,98,13]
% stop-coordinates: (0.00336646,0.00289287,-0.000889) m -> [100,98,13]
% t/s	voltage
0	0
1.15462569568e-12	0
2.30925139136e-12	0
3.46387708705e-12	0
4.61850278273e-12	0
5.77312847841e-12	0
6.92775417409e-12	0
8.08237986977e-12	0
9.23700556545e-12	0
1.03916312611e-11	0
1.15462569568e-11	0
1.27008826525e-11	0
1.38555083482e-11	0
1.50101340439e-11	0
1.61647597395e-11	0
1.73193854352e-11	0
1.84740111309e-11	0
1.96286368266e-11	0
2.07832625223e-11	0
2.1937888218e-11	0
2.30925139136e-11	0
2.42471396093e-11	0
2.5401765305e-11	0
2.65563910007e-11	0
2.77110166964e-11	0
2.8865642392e-11	0
3.00202680877e-11	0
3.11748937834e-11	0
3.23295194791e-11	0
3.34841451748e-11	0
3.46387708705e-11	0
3.57933965661e-11	0
3.69480222618e-11	0
3.81026479575e-11	0
3.92572736532e-11	0
4.04118993489e-11	0
4.15665250445e-11	0
4.27211507402e-11	0
4.38757764359e-11	0
4.50304021316e-11	0
4.61850278273e-11	0
4.7339653523e-11	0
4.84942792186e-11	0
4.96489049143e-11	0
5.080353061e-11	0
5.19581563057e-11	0
5.31127820014e-11	0
5.4267407697e-11	0
5.54220333927e-11	0
5.65766590884e-11	0
5.77312847841e-11	0
5.88859104798e-11	0
6.00405361755e-11	0
6.11951618711e-11	0
6.23497875668e-11	0
6.35044132625e-11	0
6.46590389582e-11	0
6.58136646539e-11	0
6.69682903495e-11	0
6.81229160452e-11	0
6.92775417409e-11	0
7.04321674366e-11	0
7.15867931323e-11	0
7.2741418828e-11	0
7.38960445236e-11	0
7.50506702193e-11	0
7.6205295915e-11	0
7.73599216107e-11	0
7.85145473064e-11	0
7.9669173002e-11	0
8.08237986977e-11	0
8.19784243934e-11	0
8.31330500891e-11	0
8.42876757848e-11	0
8.54423014805e-11	0
8.65969271761e-11	0
8.77515528718e-11	0
8.89061785675e-11	0
9.00608042632e-11	0
9.12154299589e-11	0
9.23700556545e-11	0
9.35246813502e-11	0
9.46793070459e-11	0
9.58339327416e-11	0
9.69885584373e-11	0
9.8143184133e-11	0
9.92978098286e-11	2.40511060247e-34
1.00452435524e-10	6.9518879171e-33
1.0160706122e-10	1.55664245783e-31
1.02761686916e-10	2.96147581527e-30
1.03916312611e-10	4.74938597443e-29
1.05070938307e-10	6.27033624512e-28
1.06225564003e-10	6.43090695886e-27
1.07380189698e-10	4.17448000192e-26
1.08534815394e-10	-7.67985712035e-26
1.0968944109e-10	-7.39641033445e-24
1.10844066785e-10	-1.37239422258e-22
1.11998692481e-10	-1.77534916293e-21
1.13153318177e-10	-1.84878209151e-20
1.14307943872e-10	-1.62858858751e-19
1.15462569568e-10	-1.24289417514e-18
1.16617195264e-10	-8.33224707552e-18
1.1777182096e-10	-4.95104124909e-17
1.18926446655e-10	-2.62391533751e-16
1.20081072351e-10	-1.2458382802e-15
1.21235698047e-10	-5.31603182241e-15
1.22390323742e-10	-2.04248245768e-14
1.23544949438e-10	-7.07026922225e-14
1.24699575134e-10	-2.20262891449e-13
1.25854200829e-10	-6.15262161152e-13
1.27008826525e-10	-1.5281632974e-12
1.28163452221e-10	-3.31522916758e-12
1.29318077916e-10	-6.02480695541e-12
1.30472703612e-10	-8.08180594929e-12
1.31627329308e-10	-3.06484828835e-12
1.32781955003e-10	2.66844315741e-11
1.33936580699e-10	1.20520619526e-10
1.35091206395e-10	3.53178122164e-10
1.3624583209e-10	8.46983171099e-10
1.37400457786e-10	1.77178682836e-09
1.38555083482e-10	3.314570729e-09
1.39709709177e-10	5.59536089684e-09
1.40864334873e-10	8.50792292173e-09
1.42018960569e-10	1.14794823647e-08
1.43173586265e-10	1.31795520053e-08
1.4432821196e-10	1.12646521e-08
1.45482837656e-10	2.3121067283e-09
1.46637463352e-10	-1.78565204845e-08
1.47792089047e-10	-5.32776986972e-08
1.48946714743e-10	-1.06312794124e-07
1.50101340439e-10	-1.75665128666e-07
1.51255966134e-10	-2.54459038729e-07
1.5241059183e-10	-3.29180245728e-07
1.53565217526e-10	-3.80355160701e-07
1.54719843221e-10	-3.8556204629e-07
1.55874468917e-10	-3.24674626739e-07
1.57029094613e-10	-1.86289906168e-07
1.58183720308e-10	2.65625623719e-08
1.59338346004e-10	2.93655524786e-07
1.604929717e-10	5.79425936564e-07
1.61647597395e-10	8.39741382208e-07
1.62802223091e-10	1.03201317359e-06
1.63956848787e-10	1.12558821286e-06
1.65111474482e-10	1.10893655858e-06
1.66266100178e-10	9.91181821064e-07
1.67420725874e-10	7.97667972563e-07
1.6857535157e-10	5.6161273676e-07
1.69729977265e-10	3.15322562727e-07
1.70884602961e-10	8.42569942705e-08
1.72039228657e-10	-1.14508984517e-07
1.73193854352e-10	-2.70217729081e-07
1.74348480048e-10	-3.75293129906e-07
1.75503105744e-10	-4.23858129039e-07
1.76657731439e-10	-4.13254717557e-07
1.77812357135e-10	-3.47777831422e-07
1.78966982831e-10	-2.42170699494e-07
1.80121608526e-10	-1.22127616464e-07
1.81276234222e-10	-2.0291087921e-08
1.82430859918e-10	3.16845136794e-08
1.83585485613e-10	1.25123806871e-08
1.84740111309e-10	-8.12555676077e-08
1.85894737005e-10	-2.32536971012e-07
1.870493627e-10	-4.07128204927e-07
1.88203988396e-10	-5.62552514793e-07
1.89358614092e-10	-6.59938422132e-07
1.90513239787e-10	-6.75475149592e-07
1.91667865483e-10	-6.0785230005e-07
1.92822491179e-10	-4.79022716604e-07
1.93977116875e-10	-3.27500977448e-07
1.9513174257e-10	-1.95855003327e-07
1.96286368266e-10	-1.16337332656e-07
1.97440993962e-10	-9.97935760694e-08
1.98595619657e-10	-1.3227142226e-07
1.99750245353e-10	-1.81072616456e-07
2.00904871049e-10	-2.08281079495e-07
2.02059496744e-10	-1.86546060377e-07
2.0321412244e-10	-1.10598563197e-07
2.04368748136e-10	4.8860204771e-10
2.05523373831e-10	1.11329504726e-07
2.06677999527e-10	1.8501572363e-07
2.07832625223e-10	1.9820593522e-07
2.08987250918e-10	1.5002937559e-07
2.10141876614e-10	6.12183912452e-08
2.1129650231e-10	-3.56005234181e-08
2.12451128005e-10	-1.09601178799e-07
2.13605753701e-10	-1.43213323867e-07
2.14760379397e-10	-1.36776304061e-07
2.15915005092e-10	-1.05317931265e-07
2.17069630788e-10	-6.9959938287e-08
2.18224256484e-10	-4.84495994435e-08
2.1937888218e-10	-4.89271307913e-08
2.20533507875e-10	-6.88111212455e-08
2.21688133571e-10	-9.80747687507e-08
2.22842759267e-10	-1.24512402166e-07
2.23997384962e-10	-1.38414034012e-07
2.25152010658e-10	-1.35089770481e-07
2.26306636354e-10	-1.15141483015e-07
2.27461262049e-10	-8.33219813146e-08
2.28615887745e-10	-4.69462198005e-08
2.29770513441e-10	-1.44199292507e-08
2.30925139136e-10	6.02702232566e-09
2.32079764832e-10	7.59651286319e-09
2.33234390528e-10	-1.3753900463e-08
2.34389016223e-10	-5.81446921721e-08
2.35543641919e-10	-1.21161858324e-07
2.36698267615e-10	-1.94052567792e-07
2.3785289331e-10	-2.64768836189e-07
2.39007519006e-10	-3.19742216703e-07
2.40162144702e-10	-3.46181227684e-07
2.41316770397e-10	-3.34566561122e-07
2.42471396093e-10	-2.80947620723e-07
2.43626021789e-10	-1.88577239157e-07
2.44780647485e-10	-6.84381813443e-08
2.4593527318e-10	6.17258093527e-08
2.47089898876e-10	1.80091642932e-07
2.48244524572e-10	2.64931973248e-07
2.49399150267e-10	2.99436255347e-07
2.50553775963e-10	2.7589143059e-07
2.51708401659e-10	1.97995456475e-07
2.52863027354e-10	8.05665685277e-08
2.5401765305e-10	-5.34273540964e-08
2.55172278746e-10	-1.7790328144e-07
2.56326904441e-10	-2.6950169385e-07
2.57481530137e-10	-3.12715336293e-07
2.58636155833e-10	-3.03050292416e-07
2.59790781528e-10	-2.47487831118e-07
2.60945407224e-10	-1.62145745719e-07
2.6210003292e-10	-6.7682067062e-08
2.63254658615e-10	1.64360516308e-08
2.64409284311e-10	7.72569439533e-08
2.65563910007e-10	1.1161149871e-07
2.66718535702e-10	1.26056257876e-07
2.67873161398e-10	1.33216817133e-07
2.69027787094e-10	1.45596748879e-07
2.7018241279e-10	1.69091508795e-07
2.71337038485e-10	1.99026281678e-07
2.72491664181e-10	2.20929972983e-07
2.73646289877e-10	2.16278284171e-07
2.74800915572e-10	1.71141090632e-07
2.75955541268e-10	8.41893141867e-08
2.77110166964e-10	-2.96035496117e-08
2.78264792659e-10	-1.41746381743e-07
2.79419418355e-10	-2.18960193976e-07
2.80574044051e-10	-2.34653997566e-07
2.81728669746e-10	-1.78707088239e-07
2.82883295442e-10	-6.17574942297e-08
2.84037921138e-10	8.76822658924e-08
2.85192546833e-10	2.32161889713e-07
2.86347172529e-10	3.36861280203e-07
2.87501798225e-10	3.79586658994e-07
2.8865642392e-10	3.55885614312e-07
2.89811049616e-10	2.78081344618e-07
2.90965675312e-10	1.69444072995e-07
2.92120301007e-10	5.62892203959e-08
2.93274926703e-10	-3.9047678424e-08
2.94429552399e-10	-1.02378457711e-07
2.95584178095e-10	-1.28502099628e-07
2.9673880379e-10	-1.19645401142e-07
2.97893429486e-10	-8.30783877248e-08
2.99048055182e-10	-2.91270878527e-08
3.00202680877e-10	3.00402871467e-08
3.01357306573e-10	8.12419926888e-08
3.02511932269e-10	1.11508355438e-07
3.03666557964e-10	1.10251212604e-07
3.0482118366e-10	7.20781772046e-08
3.05975809356e-10	-6.87213508321e-10
3.07130435051e-10	-9.68171196547e-08
3.08285060747e-10	-1.97223142706e-07
3.09439686443e-10	-2.78636004936e-07
3.10594312138e-10	-3.19308298913e-07
3.11748937834e-10	-3.05132974887e-07
3.1290356353e-10	-2.34300559399e-07
3.14058189225e-10	-1.18937813376e-07
3.15212814921e-10	1.71805996096e-08
3.16367440617e-10	1.44585360573e-07
3.17522066312e-10	2.36114546581e-07
3.18676692008e-10	2.74543339174e-07
3.19831317704e-10	2.57385970315e-07
3.209859434e-10	1.97213607223e-07
3.22140569095e-10	1.17312813686e-07
3.23295194791e-10	4.40887761854e-08
3.24449820487e-10	-1.27018578988e-09
3.25604446182e-10	-9.03460128931e-09
3.26759071878e-10	1.69766771752e-08
3.27913697574e-10	6.19680937675e-08
3.29068323269e-10	1.0621684865e-07
3.30222948965e-10	1.32255356888e-07
3.31377574661e-10	1.30651368835e-07
3.32532200356e-10	1.02536256819e-07
3.33686826052e-10	5.82510510938e-08
3.34841451748e-10	1.29395218984e-08
3.35996077443e-10	-1.90626072705e-08
3.37150703139e-10	-2.90881816412e-08
3.38305328835e-10	-1.68072498141e-08
3.3945995453e-10	1.00200407971e-08
3.40614580226e-10	3.85426561778e-08
3.41769205922e-10	5.5476995886e-08
3.42923831617e-10	5.17861780125e-08
3.44078457313e-10	2.58431693823e-08
3.45233083009e-10	-1.59756299301e-08
3.46387708705e-10	-6.15001725102e-08
3.475423344e-10	-9.69811608797e-08
3.48696960096e-10	-1.11732500585e-07
3.49851585792e-10	-1.01498658367e-07
3.51006211487e-10	-6.93175392641e-08
3.52160837183e-10	-2.36795587583e-08
3.53315462879e-10	2.50653928724e-08
3.54470088574e-10	6.84696717101e-08
3.5562471427e-10	1.0237419712e-07
3.56779339966e-10	1.26984925686e-07
3.57933965661e-10	1.44838271154e-07
3.59088591357e-10	1.57847400928e-07
3.60243217053e-10	1.64945523906e-07
3.61397842748e-10	1.61579409408e-07
3.62552468444e-10	1.41510495766e-07
3.6370709414e-10	1.0019155372e-07
3.64861719835e-10	3.81392326609e-08
3.66016345531e-10	-3.72919006786e-08
3.67170971227e-10	-1.1269236655e-07
3.68325596922e-10	-1.71938832949e-07
3.69480222618e-10	-2.0099409781e-07
3.70634848314e-10	-1.92343751593e-07
3.7178947401e-10	-1.47449252808e-07
3.72944099705e-10	-7.64368000006e-08
3.74098725401e-10	4.79752659821e-09
3.75253351097e-10	7.89663516798e-08
3.76407976792e-10	1.31791487945e-07
3.77562602488e-10	1.55180829964e-07
3.78717228184e-10	1.48333439753e-07
3.79871853879e-10	1.16706608821e-07
3.81026479575e-10	6.9563931504e-08
3.82181105271e-10	1.70328144922e-08
3.83335730966e-10	-3.24301914212e-08
3.84490356662e-10	-7.34460581242e-08
3.85644982358e-10	-1.03769614235e-07
3.86799608053e-10	-1.23338599778e-07
3.87954233749e-10	-1.32979337764e-07
3.89108859445e-10	-1.33437648486e-07
3.9026348514e-10	-1.25117045613e-07
3.91418110836e-10	-1.08472668181e-07
3.92572736532e-10	-8.46691357026e-08
3.93727362227e-10	-5.60615829315e-08
3.94881987923e-10	-2.61037746974e-08
3.96036613619e-10	1.40509889834e-09
3.97191239315e-10	2.33294894514e-08
3.9834586501e-10	3.79711244669e-08
3.99500490706e-10	4.52950925656e-08
4.00655116402e-10	4.64588616467e-08
4.01809742097e-10	4.28592215052e-08
4.02964367793e-10	3.52262188308e-08
4.04118993489e-10	2.3241386593e-08
4.05273619184e-10	5.89260240602e-09
4.0642824488e-10	-1.74934622343e-08
4.07582870576e-10	-4.59663014318e-08
4.08737496271e-10	-7.61152989526e-08
4.09892121967e-10	-1.02167819094e-07
4.11046747663e-10	-1.1711176473e-07
4.12201373358e-10	-1.14625883008e-07
4.13355999054e-10	-9.12242814621e-08
4.1451062475e-10	-4.78339448051e-08
4.15665250445e-10	9.75059788466e-09
4.16819876141e-10	7.17128942895e-08
4.17974501837e-10	1.26190421668e-07
4.19129127532e-10	1.61914082142e-07
4.20283753228e-10	1.70868505123e-07
4.21438378924e-10	1.50319483083e-07
4.2259300462e-10	1.03677518126e-07
4.23747630315e-10	3.99557045228e-08
4.24902256011e-10	-2.80904677297e-08
4.26056881707e-10	-8.67702487639e-08
4.27211507402e-10	-1.24537590906e-07
4.28366133098e-10	-1.34563601151e-07
4.29520758794e-10	-1.16179431409e-07
4.30675384489e-10	-7.48449373589e-08
4.31830010185e-10	-2.06643786527e-08
4.32984635881e-10	3.41341843679e-08
4.34139261576e-10	7.80384441512e-08
4.35293887272e-10	1.02746819053e-07
4.36448512968e-10	1.04842906801e-07
4.37603138663e-10	8.62050546502e-08
4.38757764359e-10	5.30697414902e-08
4.39912390055e-10	1.41272333831e-08
4.4106701575e-10	-2.1817261775e-08
4.42221641446e-10	-4.79949413545e-08
4.43376267142e-10	-6.10858919003e-08
4.44530892837e-10	-6.15204500676e-08
4.45685518533e-10	-5.26341317197e-08
4.46840144229e-10	-3.91311019143e-08
4.47994769925e-10	-2.54222456419e-08
4.4914939562e-10	-1.43737037828e-08
4.50304021316e-10	-6.86713941267e-09
4.51458647012e-10	-2.18313220279e-09
4.52613272707e-10	1.05371504577e-09
4.53767898403e-10	3.85083992471e-09
4.54922524099e-10	6.23773299679e-09
4.56077149794e-10	7.27526644484e-09
4.5723177549e-10	5.69727004462e-09
4.58386401186e-10	8.33983788279e-10
4.59541026881e-10	-6.71924471618e-09
4.60695652577e-10	-1.50100967211e-08
4.61850278273e-10	-2.13229203183e-08
4.63004903968e-10	-2.32490569019e-08
4.64159529664e-10	-1.97279288461e-08
4.6531415536e-10	-1.15777385457e-08
4.66468781055e-10	-1.22516205514e-09
4.67623406751e-10	8.26639501295e-09
4.68778032447e-10	1.44218489373e-08
4.69932658142e-10	1.62942921378e-08
4.71087283838e-10	1.47086333113e-08
4.72241909534e-10	1.17506593345e-08
4.7339653523e-10	9.77157810222e-09
4.74551160925e-10	1.03454966816e-08
4.75705786621e-10	1.36511475457e-08
4.76860412317e-10	1.84932411607e-08
4.78015038012e-10	2.28529886126e-08
4.79169663708e-10	2.47415916643e-08
4.80324289404e-10	2.30200449813e-08
4.81478915099e-10	1.7834470567e-08
4.82633540795e-10	1.05932835837e-08
4.83788166491e-10	3.53875134751e-09
4.84942792186e-10	-1.00546396209e-09
4.86097417882e-10	-1.44096090615e-09
4.87252043578e-10	2.53212725787e-09
4.88406669273e-10	9.70845215331e-09
4.89561294969e-10	1.76160872556e-08
4.90715920665e-10	2.32189076854e-08
4.9187054636e-10	2.387789233e-08
4.93025172056e-10	1.81756185658e-08
4.94179797752e-10	6.36545721688e-09
4.95334423447e-10	-9.64782154167e-09
4.96489049143e-10	-2.68446262996e-08
4.97643674839e-10	-4.19281631636e-08
4.98798300535e-10	-5.21262144559e-08
4.9995292623e-10	-5.57253527766e-08
5.01107551926e-10	-5.22225538369e-08
5.02262177622e-10	-4.21947552454e-08
5.03416803317e-10	-2.70392763735e-08
5.04571429013e-10	-8.69965288697e-09
5.05726054709e-10	1.05057439415e-08
5.06880680404e-10	2.80056660085e-08
5.080353061e-10	4.12062979294e-08
5.09189931796e-10	4.78895318956e-08
5.10344557491e-10	4.67374214885e-08
5.11499183187e-10	3.78329207962e-08
5.12653808883e-10	2.29061691837e-08
5.13808434578e-10	5.11450615193e-09
5.14963060274e-10	-1.16654904625e-08
5.1611768597e-10	-2.38441464351e-08
5.17272311665e-10	-2.91302708622e-08
5.18426937361e-10	-2.71539575269e-08
5.19581563057e-10	-1.94251092989e-08
5.20736188752e-10	-8.69483884891e-09
5.21890814448e-10	2.04071787246e-09
5.23045440144e-10	1.05177664356e-08
5.2420006584e-10	1.57538702084e-08
5.25354691535e-10	1.80138324257e-08
5.26509317231e-10	1.832532881e-08
5.27663942927e-10	1.78125107997e-08
5.28818568622e-10	1.71638498969e-08
5.29973194318e-10	1.64429836413e-08
5.31127820014e-10	1.52537696918e-08
5.32282445709e-10	1.30751521832e-08
5.33437071405e-10	9.57279822078e-09
5.34591697101e-10	4.7844099238e-09
5.35746322796e-10	-8.69261607139e-10
5.36900948492e-10	-6.7114064306e-09
5.38055574188e-10	-1.19624554706e-08
5.39210199883e-10	-1.58773869607e-08
5.40364825579e-10	-1.78737291634e-08
5.41519451275e-10	-1.76200483093e-08
5.4267407697e-10	-1.50923609166e-08
5.43828702666e-10	-1.06373354569e-08
5.44983328362e-10	-4.98150548589e-09
5.46137954057e-10	8.65225995017e-10
5.47292579753e-10	5.77428910242e-09
5.48447205449e-10	8.72699412735e-09
5.49601831145e-10	9.10936537313e-09
5.5075645684e-10	6.96280605395e-09
5.51911082536e-10	3.03650360411e-09
5.53065708232e-10	-1.42780598456e-09
5.54220333927e-10	-5.13037923255e-09
5.55374959623e-10	-7.23811793835e-09
5.56529585319e-10	-7.7529474507e-09
5.57684211014e-10	-7.49400341782e-09
5.5883883671e-10	-7.65784125001e-09
5.59993462406e-10	-9.12293074418e-09
5.61148088101e-10	-1.18462299969e-08
5.62302713797e-10	-1.46996435024e-08
5.63457339493e-10	-1.58717088361e-08
5.64611965188e-10	-1.37149714918e-08
5.65766590884e-10	-7.65550012272e-09
5.6692121658e-10	1.30903617113e-09
5.68075842275e-10	1.07784565717e-08
5.69230467971e-10	1.77730525852e-08
5.70385093667e-10	1.98997729406e-08
5.71539719362e-10	1.63509936701e-08
5.72694345058e-10	8.32004276585e-09
5.73848970754e-10	-1.35728477069e-09
5.7500359645e-10	-9.2095610027e-09
5.76158222145e-10	-1.23787358142e-08
5.77312847841e-10	-9.64070301368e-09
5.78467473537e-10	-1.79874576345e-09
5.79622099232e-10	8.67347627054e-09
5.80776724928e-10	1.85611486181e-08
5.81931350624e-10	2.50507479205e-08
5.83085976319e-10	2.66241571012e-08
5.84240602015e-10	2.34016872547e-08
5.85395227711e-10	1.68907501319e-08
5.86549853406e-10	9.28822319057e-09
5.87704479102e-10	2.65263391808e-09
5.88859104798e-10	-1.70587610704e-09
5.90013730493e-10	-3.45026590631e-09
5.91168356189e-10	-3.07330169647e-09
5.92322981885e-10	-1.51549700567e-09
5.9347760758e-10	2.66641989738e-10
5.94632233276e-10	1.59112380216e-09
5.95786858972e-10	2.1300679276e-09
5.96941484667e-10	1.8314352257e-09
5.98096110363e-10	7.51615672479e-10
5.99250736059e-10	-1.11101929046e-09
6.00405361755e-10	-3.85649420731e-09
6.0155998745e-10	-7.58128432254e-09
6.02714613146e-10	-1.22150395354e-08
6.03869238842e-10	-1.73396135228e-08
6.05023864537e-10	-2.21069258455e-08
6.06178490233e-10	-2.53584744314e-08
6.07333115929e-10	-2.59162633576e-08
6.08487741624e-10	-2.29767669335e-08
6.0964236732e-10	-1.64657707469e-08
6.10796993016e-10	-7.22397081043e-09
6.11951618711e-10	3.0392690864e-09
6.13106244407e-10	1.20781622481e-08
6.14260870103e-10	1.76400016816e-08
6.15415495798e-10	1.80634345259e-08
6.16570121494e-10	1.28235563279e-08
6.1772474719e-10	2.82378184724e-09
6.18879372885e-10	-9.6933830962e-09
6.20033998581e-10	-2.16482622939e-08
6.21188624277e-10	-2.99420288563e-08
6.22343249972e-10	-3.2338281386e-08
6.23497875668e-10	-2.81332326324e-08
6.24652501364e-10	-1.83471282611e-08
6.2580712706e-10	-5.35766070398e-09
6.26961752755e-10	7.85645615231e-09
6.28116378451e-10	1.86083317644e-08
6.29271004147e-10	2.52021576941e-08
6.30425629842e-10	2.72137330448e-08
6.31580255538e-10	2.53530147987e-08
6.32734881234e-10	2.10165322923e-08
6.33889506929e-10	1.57562933811e-08
6.35044132625e-10	1.08753660522e-08
6.36198758321e-10	7.21394932679e-09
6.37353384016e-10	5.14563147647e-09
6.38508009712e-10	4.69506400425e-09
6.39662635408e-10	5.66430274906e-09
6.40817261103e-10	7.72318675679e-09
6.41971886799e-10	1.04198695228e-08
6.43126512495e-10	1.31599637854e-08
6.4428113819e-10	1.52377772622e-08
6.45435763886e-10	1.59504283115e-08
6.46590389582e-10	1.47905727665e-08
6.47745015277e-10	1.16558873664e-08
6.48899640973e-10	6.98998708915e-09
6.50054266669e-10	1.74739883674e-09
6.51208892365e-10	-2.84563106412e-09
6.5236351806e-10	-5.6410774385e-09
6.53518143756e-10	-5.93996735132e-09
6.54672769452e-10	-3.747679167e-09
6.55827395147e-10	2.14438036772e-10
6.56982020843e-10	4.71151440085e-09
6.58136646539e-10	8.34420976759e-09
6.59291272234e-10	9.95067273024e-09
6.6044589793e-10	8.9321429142e-09
6.61600523626e-10	5.40757627565e-09
6.62755149321e-10	1.83296045009e-10
6.63909775017e-10	-5.44913036915e-09
6.65064400713e-10	-1.00518505741e-08
6.66219026408e-10	-1.24144714508e-08
6.67373652104e-10	-1.18688817663e-08
6.685282778e-10	-8.47694370254e-09
6.69682903495e-10	-3.01472299902e-09
6.70837529191e-10	3.24386609241e-09
6.71992154887e-10	8.87187157073e-09
6.73146780582e-10	1.26645480769e-08
6.74301406278e-10	1.39339413341e-08
6.75456031974e-10	1.26400313549e-08
6.7661065767e-10	9.33304011852e-09
6.77765283365e-10	4.94485102864e-09
6.78919909061e-10	5.13761033716e-10
6.80074534757e-10	-3.07457728721e-09
6.81229160452e-10	-5.25939675144e-09
6.82383786148e-10	-5.86592302509e-09
6.83538411844e-10	-5.06094038899e-09
6.84693037539e-10	-3.23804005831e-09
6.85847663235e-10	-8.93214835429e-10
6.87002288931e-10	1.48515297282e-09
6.88156914626e-10	3.49697223956e-09
6.89311540322e-10	4.86897755447e-09
6.90466166018e-10	5.48196660288e-09
6.91620791713e-10	5.38558270202e-09
6.92775417409e-10	4.78855355368e-09
6.93930043105e-10	4.02419458867e-09
6.950846688e-10	3.46598547085e-09
6.96239294496e-10	3.40237982233e-09
6.97393920192e-10	3.905142959e-09
6.98548545887e-10	4.74598016442e-09
6.99703171583e-10	5.4246566128e-09
7.00857797279e-10	5.3039558856e-09
7.02012422975e-10	3.81846243513e-09
7.0316704867e-10	7.01086196042e-10
7.04321674366e-10	-3.87489484943e-09
7.05476300062e-10	-9.28571997072e-09
7.06630925757e-10	-1.45773585425e-08
7.07785551453e-10	-1.8673153912e-08
7.08940177149e-10	-2.06145234216e-08
7.10094802844e-10	-1.97758076581e-08
7.1124942854e-10	-1.59949347101e-08
7.12404054236e-10	-9.62816193439e-09
7.13558679931e-10	-1.52094806194e-09
7.14713305627e-10	7.12516967649e-09
7.15867931323e-10	1.49396954807e-08
7.17022557018e-10	2.06105270628e-08
7.18177182714e-10	2.31299619458e-08
7.1933180841e-10	2.1985588905e-08
7.20486434105e-10	1.72709782031e-08
7.21641059801e-10	9.70363089881e-09
7.22795685497e-10	5.34264424368e-10
7.23950311192e-10	-8.64516536137e-09
7.25104936888e-10	-1.61728901382e-08
7.26259562584e-10	-2.0627070052e-08
7.2741418828e-10	-2.11337078948e-08
7.28568813975e-10	-1.7587570067e-08
7.29723439671e-10	-1.07080840861e-08
7.30878065367e-10	-1.91138653516e-09
7.32032691062e-10	7.00539459775e-09
7.33187316758e-10	1.42869720499e-08
7.34341942454e-10	1.8620785136e-08
7.35496568149e-10	1.94234281992e-08
7.36651193845e-10	1.69290192975e-08
7.37805819541e-10	1.20698775419e-08
7.38960445236e-10	6.20719414757e-09
7.40115070932e-10	7.82195225257e-10
7.41269696628e-10	-3.02180214184e-09
7.42424322323e-10	-4.52930759565e-09
7.43578948019e-10	-3.68678648721e-09
7.44733573715e-10	-1.02263782858e-09
7.4588819941e-10	2.527258125e-09
7.47042825106e-10	5.87981641154e-09
7.48197450802e-10	8.08353717296e-09
7.49352076497e-10	8.54395199035e-09
7.50506702193e-10	7.14910719513e-09
7.51661327889e-10	4.27420782101e-09
7.52815953585e-10	6.70819760851e-10
7.5397057928e-10	-2.7251054191e-09
7.55125204976e-10	-5.02302860417e-09
7.56279830672e-10	-5.60219359791e-09
7.57434456367e-10	-4.28749802328e-09
7.58589082063e-10	-1.41743210225e-09
7.59743707759e-10	2.21957766056e-09
7.60898333454e-10	5.5747790273e-09
7.6205295915e-10	7.62636298557e-09
7.63207584846e-10	7.67371288735e-09
7.64362210541e-10	5.54956303134e-09
7.65516836237e-10	1.68664471278e-09
7.66671461933e-10	-2.99423186245e-09
7.67826087628e-10	-7.32773242085e-09
7.68980713324e-10	-1.02123244305e-08
7.7013533902e-10	-1.0892857838e-08
7.71289964715e-10	-9.14080044989e-09
7.72444590411e-10	-5.30106231134e-09
7.73599216107e-10	-1.96359213611e-10
7.74753841802e-10	5.06584019178e-09
7.75908467498e-10	9.34732724556e-09
7.77063093194e-10	1.17382736864e-08
7.7821771889e-10	1.17450793535e-08
7.79372344585e-10	9.39164368496e-09
7.80526970281e-10	5.2091577718e-09
7.81681595977e-10	1.09238645907e-10
7.82836221672e-10	-4.81162265586e-09
7.83990847368e-10	-8.50222969806e-09
7.85145473064e-10	-1.0171850362e-08
7.86300098759e-10	-9.45262013108e-09
7.87454724455e-10	-6.47795755926e-09
7.88609350151e-10	-1.8549424774e-09
7.89763975846e-10	3.45125542034e-09
7.90918601542e-10	8.31231350418e-09
7.92073227238e-10	1.16834517616e-08
7.93227852933e-10	1.28334719518e-08
7.94382478629e-10	1.15198550699e-08
7.95537104325e-10	8.06806133014e-09
7.9669173002e-10	3.31594479652e-09
7.97846355716e-10	-1.56507844185e-09
7.99000981412e-10	-5.33789185075e-09
8.00155607107e-10	-7.00282593025e-09
8.01310232803e-10	-6.06063355058e-09
8.02464858499e-10	-2.66012986638e-09
8.03619484195e-10	2.41919090316e-09
8.0477410989e-10	7.94576782148e-09
8.05928735586e-10	1.25439129084e-08
8.07083361282e-10	1.50513523867e-08
8.08237986977e-10	1.48138841194e-08
8.09392612673e-10	1.18508807212e-08
8.10547238369e-10	6.84469220191e-09
8.11701864064e-10	9.55483955845e-10
8.1285648976e-10	-4.47363218692e-09
8.14011115456e-10	-8.24295687263e-09
8.15165741151e-10	-9.56437795629e-09
8.16320366847e-10	-8.21427248443e-09
8.17474992543e-10	-4.54170945297e-09
8.18629618238e-10	6.56641088725e-10
8.19784243934e-10	6.34125002508e-09
8.2093886963e-10	1.14602595191e-08
8.22093495325e-10	1.51489529809e-08
8.23248121021e-10	1.68635025943e-08
8.24402746717e-10	1.64357167876e-08
8.25557372412e-10	1.40587554931e-08
8.26711998108e-10	1.02352261111e-08
8.27866623804e-10	5.68949265478e-09
8.290212495e-10	1.25797884609e-09
8.30175875195e-10	-2.22910989667e-09
8.31330500891e-10	-4.08957351317e-09
8.32485126587e-10	-3.93075155758e-09
8.33639752282e-10	-1.76453757161e-09
8.34794377978e-10	1.94308061308e-09
8.35949003674e-10	6.32764857178e-09
8.37103629369e-10	1.02917031564e-08
8.38258255065e-10	1.27685250151e-08
8.39412880761e-10	1.30225351613e-08
8.40567506456e-10	1.08817314048e-08
8.41722132152e-10	6.83567796811e-09
8.42876757848e-10	1.94762000971e-09
8.44031383543e-10	-2.42229031278e-09
8.45186009239e-10	-5.00067104392e-09
8.46340634935e-10	-4.9753591802e-09
8.4749526063e-10	-2.25055735159e-09
8.48649886326e-10	2.50483964126e-09
8.49804512022e-10	8.03618427359e-09
8.50959137717e-10	1.28599613181e-08
8.52113763413e-10	1.56800745721e-08
8.53268389109e-10	1.57421629066e-08
8.54423014805e-10	1.30261849085e-08
8.555776405e-10	8.21404722018e-09
8.56732266196e-10	2.46278417104e-09
8.57886891892e-10	-2.93390811645e-09
8.59041517587e-10	-6.89076068427e-09
8.60196143283e-10	-8.7716368613e-09
8.61350768979e-10	-8.4728202232e-09
8.62505394674e-10	-6.34898394969e-09
8.6366002037e-10	-3.03876235286e-09
8.64814646066e-10	7.33995211832e-10
8.65969271761e-10	4.3159619767e-09
8.67123897457e-10	7.20004317278e-09
8.68278523153e-10	9.03553776244e-09
8.69433148848e-10	9.61331880767e-09
8.70587774544e-10	8.86356688046e-09
8.7174240024e-10	6.88289381046e-09
8.72897025935e-10	3.97932320428e-09
8.74051651631e-10	6.90042894352e-10
8.75206277327e-10	-2.27405538844e-09
8.76360903022e-10	-4.16946138726e-09
8.77515528718e-10	-4.42433262249e-09
8.78670154414e-10	-2.84315934684e-09
8.7982478011e-10	2.73757762986e-10
8.80979405805e-10	4.15465312154e-09
8.82134031501e-10	7.7420525546e-09
8.83288657197e-10	9.99629534704e-09
8.84443282892e-10	1.02200694574e-08
8.85597908588e-10	8.30012047981e-09
8.86752534284e-10	4.77128980769e-09
8.87907159979e-10	6.74120058386e-10
8.89061785675e-10	-2.75030728747e-09
8.90216411371e-10	-4.43692083074e-09
8.91371037066e-10	-3.82313936065e-09
8.92525662762e-10	-1.01941743935e-09
8.93680288458e-10	3.23008492176e-09
8.94834914153e-10	7.77390118945e-09
8.95989539849e-10	1.13889918607e-08
8.97144165545e-10	1.3125738163e-08
8.9829879124e-10	1.25566853582e-08
8.99453416936e-10	9.86073389608e-09
9.00608042632e-10	5.74411301857e-09
9.01762668327e-10	1.22985291395e-09
9.02917294023e-10	-2.61955487857e-09
9.04071919719e-10	-4.95675089862e-09
9.05226545415e-10	-5.32722249647e-09
9.0638117111e-10	-3.73775144169e-09
9.07535796806e-10	-6.07428489452e-10
9.08690422502e-10	3.36309927129e-09
9.09845048197e-10	7.36508776189e-09
9.10999673893e-10	1.0650781479e-08
9.12154299589e-10	1.26615009588e-08
9.13308925284e-10	1.31014853411e-08
9.1446355098e-10	1.19535623622e-08
9.15618176676e-10	9.45114120299e-09
9.16772802371e-10	6.02673011496e-09
9.17927428067e-10	2.24240295776e-09
9.19082053763e-10	-1.28399947619e-09
9.20236679458e-10	-3.96056548668e-09
9.21391305154e-10	-5.31097793521e-09
9.2254593085e-10	-5.06578373694e-09
9.23700556545e-10	-3.24018276099e-09
9.24855182241e-10	-1.70076303735e-10
9.26009807937e-10	3.51822679323e-09
9.27164433632e-10	7.02050229062e-09
9.28319059328e-10	9.54107870488e-09
9.29473685024e-10	1.05012429863e-08
9.3062831072e-10	9.7139100097e-09
9.31782936415e-10	7.45812861469e-09
9.32937562111e-10	4.4128090626e-09
9.34092187807e-10	1.46404323387e-09
9.35246813502e-10	-5.59238294562e-10
9.36401439198e-10	-1.13982430439e-09
9.37556064894e-10	-2.28426767085e-10
9.38710690589e-10	1.74934614017e-09
9.39865316285e-10	4.03694055962e-09
9.41019941981e-10	5.7912157847e-09
9.42174567676e-10	6.34980379388e-09
9.43329193372e-10	5.43439376832e-09
9.44483819068e-10	3.22830071009e-09
9.45638444763e-10	3.1186614749e-10
9.46793070459e-10	-2.51983436894e-09
9.47947696155e-10	-4.49018927595e-09
9.4910232185e-10	-5.05104458259e-09
9.50256947546e-10	-4.01962618746e-09
9.51411573242e-10	-1.60132515581e-09
9.52566198937e-10	1.68653578603e-09
9.53720824633e-10	5.15415410351e-09
9.54875450329e-10	8.10277567265e-09
9.56030076025e-10	9.96952054244e-09
9.5718470172e-10	1.04228994324e-08
9.58339327416e-10	9.40595235033e-09
9.59493953112e-10	7.12722597607e-09
9.60648578807e-10	4.00748884077e-09
9.61803204503e-10	5.98918081796e-10
9.62957830199e-10	-2.50936627033e-09
9.64112455894e-10	-4.78948219973e-09
9.6526708159e-10	-5.86034992756e-09
9.66421707286e-10	-5.54880891235e-09
9.67576332981e-10	-3.92064997135e-09
9.68730958677e-10	-1.2746084882e-09
9.69885584373e-10	1.90510029974e-09
9.71040210068e-10	5.03026947873e-09
9.72194835764e-10	7.51523543396e-09
9.7334946146e-10	8.89344597965e-09
9.74504087155e-10	8.92031237765e-09
9.75658712851e-10	7.63614627086e-09
9.76813338547e-10	5.37162703207e-09
9.77967964242e-10	2.68622399324e-09
9.79122589938e-10	2.45395447018e-10
9.80277215634e-10	-1.34108515959e-09
9.8143184133e-10	-1.67613936619e-09
9.82586467025e-10	-6.89965570788e-10
9.83741092721e-10	1.3268032506e-09
9.84895718417e-10	3.79074949208e-09
9.86050344112e-10	5.98210930791e-09
9.87204969808e-10	7.24942650354e-09
9.88359595504e-10	7.20537346455e-09
9.89514221199e-10	5.85046411317e-09
9.90668846895e-10	3.58045856852e-09
9.91823472591e-10	1.07235995084e-09
9.92978098286e-10	-9.16560480291e-10
9.94132723982e-10	-1.77638206922e-09
9.95287349678e-10	-1.22211588072e-09
9.96441975373e-10	6.30537386193e-10
9.97596601069e-10	3.30808022642e-09
9.98751226765e-10	6.1276762553e-09
9.9990585246e-10	8.39170954947e-09
1.00106047816e-09	9.56929002704e-09
1.00221510385e-09	9.41939815036e-09
1.00336972955e-09	8.02135136091e-09
1.00452435524e-09	5.72296332546e-09
1.00567898094e-09	3.03411593072e-09
1.00683360663e-09	4.997075774e-10
1.00798823233e-09	-1.40746571342e-09
1.00914285803e-09	-2.36105154872e-09
1.01029748372e-09	-2.21379931054e-09
1.01145210942e-09	-1.00013726467e-09
1.01260673511e-09	1.07479473932e-09
1.01376136081e-09	3.66086472248e-09
1.0149159865e-09	6.30087498843e-09
1.0160706122e-09	8.4867068928e-09
1.0172252379e-09	9.74457625702e-09
1.01837986359e-09	9.73481328881e-09
1.01953448929e-09	8.34657898352e-09
1.02068911498e-09	5.76024800081e-09
1.02184374068e-09	2.44543188477e-09
1.02299836637e-09	-9.18236348069e-10
1.02415299207e-09	-3.58834467695e-09
1.02530761777e-09	-4.94178614696e-09
1.02646224346e-09	-4.64275889955e-09
1.02761686916e-09	-2.74890019081e-09
1.02877149485e-09	2.87571983587e-10
1.02992612055e-09	3.72641323354e-09
1.03108074624e-09	6.72951772085e-09
1.03223537194e-09	8.58754978239e-09
1.03338999764e-09	8.90764395578e-09
1.03454462333e-09	7.71026742452e-09
1.03569924903e-09	5.40713984698e-09
1.03685387472e-09	2.66672728344e-09
1.03800850042e-09	2.15362835204e-10
1.03916312611e-09	-1.36338808299e-09
1.04031775181e-09	-1.77123589407e-09
1.0414723775e-09	-1.04267362799e-09
1.0426270032e-09	5.04499976517e-10
1.0437816289e-09	2.39002298508e-09
1.04493625459e-09	4.11296452452e-09
1.04609088029e-09	5.27494514735e-09
1.04724550598e-09	5.65632390925e-09
1.04840013168e-09	5.2321816324e-09
1.04955475737e-09	4.1440079146e-09
1.05070938307e-09	2.64934735261e-09
1.05186400877e-09	1.06337967598e-09
1.05301863446e-09	-2.93710139543e-10
1.05417326016e-09	-1.13975220928e-09
1.05532788585e-09	-1.27149395179e-09
1.05648251155e-09	-6.05878611171e-10
1.05763713724e-09	7.90401369355e-10
1.05879176294e-09	2.69014088783e-09
1.05994638864e-09	4.7262695424e-09
1.06110101433e-09	6.45709902214e-09
1.06225564003e-09	7.46599004842e-09
1.06341026572e-09	7.47195000317e-09
1.06456489142e-09	6.41994374329e-09
1.06571951711e-09	4.51813431113e-09
1.06687414281e-09	2.20122056693e-09
1.06802876851e-09	2.44938444527e-11
1.0691833942e-09	-1.48260492772e-09
1.0703380199e-09	-1.96084032345e-09
1.07149264559e-09	-1.32114916229e-09
1.07264727129e-09	2.35826108641e-10
1.07380189698e-09	2.28003260716e-09
1.07495652268e-09	4.2748629081e-09
1.07611114838e-09	5.72792596687e-09
1.07726577407e-09	6.31956353914e-09
1.07842039977e-09	5.97620686271e-09
1.07957502546e-09	4.87421925044e-09
1.08072965116e-09	3.37420014151e-09
1.08188427685e-09	1.91159646445e-09
1.08303890255e-09	8.78091287182e-10
1.08419352825e-09	5.25463183382e-10
1.08534815394e-09	9.13614413289e-10
1.08650277964e-09	1.91112645154e-09
1.08765740533e-09	3.24151472331e-09
1.08881203103e-09	4.55518966991e-09
1.08996665672e-09	5.51036044572e-09
1.09112128242e-09	5.84791576275e-09
1.09227590811e-09	5.44315892359e-09
1.09343053381e-09	4.33277513867e-09
1.09458515951e-09	2.7129097302e-09
1.0957397852e-09	9.03960933885e-10
1.0968944109e-09	-7.08678470074e-10
1.09804903659e-09	-1.75264172619e-09
1.09920366229e-09	-1.95158825211e-09
1.10035828798e-09	-1.19420479061e-09
1.10151291368e-09	4.26525811198e-10
1.10266753938e-09	2.61736082807e-09
1.10382216507e-09	4.9321035589e-09
1.10497679077e-09	6.86179246756e-09
1.10613141646e-09	7.94904997381e-09
1.10728604216e-09	7.89711174232e-09
1.10844066785e-09	6.65279814571e-09
1.10959529355e-09	4.43514330817e-09
1.11074991925e-09	1.69516815862e-09
1.11190454494e-09	-9.83559497736e-10
1.11305917064e-09	-3.02197089574e-09
1.11421379633e-09	-3.98551391889e-09
1.11536842203e-09	-3.68922237204e-09
1.11652304772e-09	-2.23676022149e-09
1.11767767342e-09	1.3924045944e-11
1.11883229912e-09	2.54324322713e-09
1.11998692481e-09	4.80072437359e-09
1.12114155051e-09	6.33304259035e-09
1.1222961762e-09	6.87714679648e-09
1.1234508019e-09	6.40377495476e-09
1.12460542759e-09	5.10196274117e-09
1.12576005329e-09	3.31599753212e-09
1.12691467899e-09	1.45741838042e-09
1.12806930468e-09	-8.61724927526e-11
1.12922393038e-09	-1.02728568707e-09
1.13037855607e-09	-1.22607936304e-09
1.13153318177e-09	-7.04935165796e-10
1.13268780746e-09	3.64545050396e-10
1.13384243316e-09	1.69879200984e-09
1.13499705886e-09	2.96075944317e-09
1.13615168455e-09	3.82798936993e-09
1.13730631025e-09	4.06435368694e-09
1.13846093594e-09	3.58290236369e-09
1.13961556164e-09	2.48082959731e-09
1.14077018733e-09	1.03116370997e-09
1.14192481303e-09	-3.7119035623e-10
1.14307943872e-09	-1.30486219052e-09
1.14423406442e-09	-1.43660140728e-09
1.14538869012e-09	-6.21580467652e-10
1.14654331581e-09	1.04120184696e-09
1.14769794151e-09	3.21628365607e-09
1.1488525672e-09	5.40678157801e-09
1.1500071929e-09	7.07673830647e-09
1.15116181859e-09	7.78813147306e-09
1.15231644429e-09	7.31491600625e-09
1.15347106999e-09	5.70520852783e-09
1.15462569568e-09	3.27168725445e-09
1.15578032138e-09	5.16385094407e-10
1.15693494707e-09	-1.98649557914e-09
1.15808957277e-09	-3.72359121315e-09
1.15924419846e-09	-4.35222202722e-09
1.16039882416e-09	-3.7631001093e-09
1.16155344986e-09	-2.09081132962e-09
1.16270807555e-09	3.29051140502e-10
1.16386270125e-09	3.03904112986e-09
1.16501732694e-09	5.55235785127e-09
1.16617195264e-09	7.44016137588e-09
1.16732657833e-09	8.40425096182e-09
1.16848120403e-09	8.32094182446e-09
1.16963582973e-09	7.25274357238e-09
1.17079045542e-09	5.43291100996e-09
1.17194508112e-09	3.22090826232e-09
1.17309970681e-09	1.03477422464e-09
1.17425433251e-09	-7.27221928509e-10
1.1754089582e-09	-1.76316496125e-09
1.1765635839e-09	-1.92877719352e-09
1.1777182096e-09	-1.26936232359e-09
1.17887283529e-09	-8.64737101369e-12
1.18002746099e-09	1.50310740243e-09
1.18118208668e-09	2.874185695e-09
1.18233671238e-09	3.77289377518e-09
1.18349133807e-09	4.01446081932e-09
1.18464596377e-09	3.60946361688e-09
1.18580058947e-09	2.75867106936e-09
1.18695521516e-09	1.79075766715e-09
1.18810984086e-09	1.06024582169e-09
1.18926446655e-09	8.39218312898e-10
1.19041909225e-09	1.23359060467e-09
1.19157371794e-09	2.14989173686e-09
1.19272834364e-09	3.32426558503e-09
1.19388296933e-09	4.4011211342e-09
1.19503759503e-09	5.03639552285e-09
1.19619222073e-09	4.99471264348e-09
1.19734684642e-09	4.21518497884e-09
1.19850147212e-09	2.82468326507e-09
1.19965609781e-09	1.10231518358e-09
1.20081072351e-09	-5.88511760158e-10
1.2019653492e-09	-1.88852211647e-09
1.2031199749e-09	-2.52191578731e-09
1.2042746006e-09	-2.34952315936e-09
1.20542922629e-09	-1.39255824927e-09
1.20658385199e-09	1.78254040001e-10
1.20773847768e-09	2.07969799715e-09
1.20889310338e-09	3.96939903169e-09
1.21004772907e-09	5.50580253611e-09
1.21120235477e-09	6.40701547372e-09
1.21235698047e-09	6.50100545618e-09
1.21351160616e-09	5.75934411273e-09
1.21466623186e-09	4.30876145874e-09
1.21582085755e-09	2.41671715973e-09
1.21697548325e-09	4.44329406601e-10
1.21813010894e-09	-1.22227365729e-09
1.21928473464e-09	-2.25214077942e-09
1.22043936034e-09	-2.44631306878e-09
1.22159398603e-09	-1.78562775677e-09
1.22274861173e-09	-4.37722601221e-10
1.22390323742e-09	1.27869152766e-09
1.22505786312e-09	2.96877608608e-09
1.22621248881e-09	4.25832880069e-09
1.22736711451e-09	4.88323409487e-09
1.22852174021e-09	4.75085332186e-09
1.2296763659e-09	3.95942861831e-09
1.2308309916e-09	2.76698855495e-09
1.23198561729e-09	1.51769140311e-09
1.23314024299e-09	5.49453336995e-10
1.23429486868e-09	1.07523895169e-10
1.23544949438e-09	2.82119209938e-10
1.23660412008e-09	9.9320852931e-10
1.23775874577e-09	2.02108155212e-09
1.23891337147e-09	3.06877895317e-09
1.24006799716e-09	3.84278248111e-09
1.24122262286e-09	4.12889222812e-09
1.24237724855e-09	3.84110809826e-09
1.24353187425e-09	3.03918623601e-09
1.24468649994e-09	1.90988838633e-09
1.24584112564e-09	7.19663523219e-10
1.24699575134e-09	-2.49484221476e-10
1.24815037703e-09	-7.62907181873e-10
1.24930500273e-09	-6.85138501488e-10
1.25045962842e-09	-7.88613965796e-12
1.25161425412e-09	1.15019750668e-09
1.25276887981e-09	2.56825219425e-09
1.25392350551e-09	3.967088269e-09
1.25507813121e-09	5.06507075171e-09
1.2562327569e-09	5.63380908591e-09
1.2573873826e-09	5.54398937869e-09
1.25854200829e-09	4.79490597227e-09
1.25969663399e-09	3.52032497597e-09
1.26085125968e-09	1.96403771024e-09
1.26200588538e-09	4.33348554957e-10
1.26316051108e-09	-7.64055665958e-10
1.26431513677e-09	-1.38801958816e-09
1.26546976247e-09	-1.31903284128e-09
1.26662438816e-09	-5.85253560892e-10
1.26777901386e-09	6.41727740391e-10
1.26893363955e-09	2.08523129319e-09
1.27008826525e-09	3.42560937949e-09
1.27124289095e-09	4.37310021528e-09
1.27239751664e-09	4.73296246639e-09
1.27355214234e-09	4.45066400401e-09
1.27470676803e-09	3.62370991547e-09
1.27586139373e-09	2.47555803634e-09
1.27701601942e-09	1.30036854895e-09
1.27817064512e-09	3.9036412991e-10
1.27932527082e-09	-3.84113799795e-11
1.28047989651e-09	1.0230255575e-10
1.28163452221e-09	7.53820145194e-10
1.2827891479e-09	1.72729007486e-09
1.2839437736e-09	2.75390002469e-09
1.28509839929e-09	3.55509535699e-09
1.28625302499e-09	3.91196869343e-09
1.28740765069e-09	3.71850536474e-09
1.28856227638e-09	3.00743688286e-09
1.28971690208e-09	1.94001167908e-09
1.29087152777e-09	7.64103731676e-10
1.29202615347e-09	-2.44416348272e-10
1.29318077916e-09	-8.48140335741e-10
1.29433540486e-09	-9.03260327645e-10
1.29549003055e-09	-3.8938718222e-10
1.29664465625e-09	5.8856864521e-10
1.29779928195e-09	1.82544204752e-09
1.29895390764e-09	3.06329225874e-09
1.30010853334e-09	4.04730249315e-09
1.30126315903e-09	4.57759646855e-09
1.30241778473e-09	4.54922671755e-09
1.30357241042e-09	3.972141005e-09
1.30472703612e-09	2.96627403196e-09
1.30588166182e-09	1.73642984713e-09
1.30703628751e-09	5.31280276717e-10
1.30819091321e-09	-4.07868405716e-10
1.3093455389e-09	-8.95550203439e-10
1.3105001646e-09	-8.39896374671e-10
1.31165479029e-09	-2.62510284343e-10
1.31280941599e-09	7.05243807797e-10
1.31396404169e-09	1.85037171696e-09
1.31511866738e-09	2.92283375281e-09
1.31627329308e-09	3.68989708233e-09
1.31742791877e-09	3.98980531946e-09
1.31858254447e-09	3.76893555254e-09
1.31973717016e-09	3.09528427889e-09
1.32089179586e-09	2.14493184325e-09
1.32204642156e-09	1.16027580599e-09
1.32320104725e-09	3.90419151869e-10
1.32435567295e-09	3.01383156712e-11
1.32551029864e-09	1.70448865092e-10
1.32666492434e-09	7.73877871507e-10
1.32781955003e-09	1.68431173175e-09
1.32897417573e-09	2.66701527529e-09
1.33012880143e-09	3.46874090562e-09
1.33128342712e-09	3.88215293246e-09
1.33243805282e-09	3.79904124825e-09
1.33359267851e-09	3.2363915714e-09
1.33474730421e-09	2.32957142465e-09
1.3359019299e-09	1.29725361009e-09
1.3370565556e-09	3.85370218375e-10
1.3382111813e-09	-1.94743308285e-10
1.33936580699e-09	-3.14380112221e-10
1.34052043269e-09	4.45877640365e-11
1.34167505838e-09	7.90396845196e-10
1.34282968408e-09	1.74939519815e-09
1.34398430977e-09	2.70941724612e-09
1.34513893547e-09	3.46807310647e-09
1.34629356116e-09	3.87510140643e-09
1.34744818686e-09	3.85915743806e-09
1.34860281256e-09	3.43719072649e-09
1.34975743825e-09	2.70531522184e-09
1.35091206395e-09	1.81835398128e-09
1.35206668964e-09	9.57883418418e-10
1.35322131534e-09	2.96822059986e-10
1.35437594103e-09	-3.32878381977e-11
1.35553056673e-09	3.00709945226e-11
1.35668519243e-09	4.65583089443e-10
1.35783981812e-09	1.17149753787e-09
1.35899444382e-09	1.98480193392e-09
1.36014906951e-09	2.71589367662e-09
1.36130369521e-09	3.19216245104e-09
1.3624583209e-09	3.29938235066e-09
1.3636129466e-09	3.01064040364e-09
1.3647675723e-09	2.39561875892e-09
1.36592219799e-09	1.60656850323e-09
1.36707682369e-09	8.40831571036e-10
1.36823144938e-09	2.91017623194e-10
1.36938607508e-09	9.55430875475e-11
1.37054070077e-09	3.01574945571e-10
1.37169532647e-09	8.52735479451e-10
1.37284995217e-09	1.60517085734e-09
1.37400457786e-09	2.36517136432e-09
1.37515920356e-09	2.93942017948e-09
1.37631382925e-09	3.18508933117e-09
1.37746845495e-09	3.04214667346e-09
1.37862308064e-09	2.54533952249e-09
1.37977770634e-09	1.81316153758e-09
1.38093233204e-09	1.01654010209e-09
1.38208695773e-09	3.36867370804e-10
1.38324158343e-09	-7.39580575601e-11
1.38439620912e-09	-1.2725729498e-10
1.38555083482e-09	1.84918783411e-10
1.38670546051e-09	7.90779955406e-10
1.38786008621e-09	1.55596491247e-09
1.38901471191e-09	2.31254435046e-09
1.3901693376e-09	2.89544754839e-09
1.3913239633e-09	3.17828288687e-09
1.39247858899e-09	3.09992714831e-09
1.39363321469e-09	2.67869032511e-09
1.39478784038e-09	2.00999922262e-09
1.39594246608e-09	1.24566340576e-09
1.39709709177e-09	5.59710153225e-10
1.39825171747e-09	1.0863036165e-10
1.39940634317e-09	-6.1298842521e-12
1.40056096886e-09	2.37597955199e-10
1.40171559456e-09	7.77766066828e-10
1.40287022025e-09	1.48405349121e-09
1.40402484595e-09	2.18925558237e-09
1.40517947164e-09	2.73047401356e-09
1.40633409734e-09	2.98717914293e-09
1.40748872304e-09	2.90776283607e-09
1.40864334873e-09	2.51972270826e-09
1.40979797443e-09	1.92094978813e-09
1.41095260012e-09	1.25409874152e-09
1.41210722582e-09	6.73601958934e-10
1.41326185151e-09	3.11594861024e-10
1.41441647721e-09	2.48298470326e-10
1.41557110291e-09	4.96779940101e-10
1.4167257286e-09	1.0023541025e-09
1.4178803543e-09	1.6538884845e-09
1.41903497999e-09	2.30791777356e-09
1.42018960569e-09	2.81954329329e-09
1.42134423138e-09	3.07213146589e-09
1.42249885708e-09	3.00309596635e-09
1.42365348278e-09	2.62040369958e-09
1.42480810847e-09	2.00268276962e-09
1.42596273417e-09	1.28465606208e-09
1.42711735986e-09	6.28490620658e-10
1.42827198556e-09	1.86216719128e-10
1.42942661125e-09	6.27377069566e-11
1.43058123695e-09	2.89181765339e-10
1.43173586265e-09	8.13061520888e-10
1.43289048834e-09	1.50947469801e-09
1.43404511404e-09	2.21170481929e-09
1.43519973973e-09	2.75251674231e-09
1.43635436543e-09	3.00512345563e-09
1.43750899112e-09	2.91570273481e-09
1.43866361682e-09	2.51464418732e-09
1.43981824252e-09	1.90729632088e-09
1.44097286821e-09	1.24557247849e-09
1.44212749391e-09	6.89034718171e-10
1.4432821196e-09	3.65126387458e-10
1.4444367453e-09	3.39485557721e-10
1.44559137099e-09	6.03960208234e-10
1.44674599669e-09	1.08292989853e-09
1.44790062238e-09	1.65332278423e-09
1.44905524808e-09	2.1766630165e-09
1.45020987378e-09	2.53087970026e-09
1.45136449947e-09	2.63471691686e-09
1.45251912517e-09	2.46413314753e-09
1.45367375086e-09	2.05554481769e-09
1.45482837656e-09	1.49584912512e-09
1.45598300225e-09	9.04415306535e-10
1.45713762795e-09	4.08864886392e-10
1.45829225365e-09	1.18848891666e-10
1.45944687934e-09	1.03316524606e-10
1.46060150504e-09	3.76080732528e-10
1.46175613073e-09	8.90182719204e-10
1.46291075643e-09	1.54531581975e-09
1.46406538212e-09	2.20779799998e-09
1.46522000782e-09	2.73670605622e-09
1.46637463352e-09	3.0141638907e-09
1.46752925921e-09	2.97360822077e-09
1.46868388491e-09	2.61515326061e-09
1.4698385106e-09	2.00797953265e-09
1.4709931363e-09	1.27804432315e-09
1.47214776199e-09	5.78953558705e-10
1.47330238769e-09	5.74822051937e-11
1.47445701339e-09	-1.79035128736e-10
1.47561163908e-09	-8.82649413628e-11
1.47676626478e-09	2.98014449923e-10
1.47792089047e-09	8.83584067024e-10
1.47907551617e-09	1.53152773796e-09
1.48023014186e-09	2.09800865569e-09
