% time-domain current integration by openEMS v0.37.0-rc1-2-g7b051bb @Mon Aug  3 21:25:04 2026
% start-coordinates: (0.00636325,0.00371692,0.00192004) m -> [133,95,47]
% stop-coordinates: (0.006805,0.00415867,0.00192004) m -> [140,102,47]
% t/s	current
9.94510575543e-14	-0
1.29286374821e-12	-0
2.48627643886e-12	-0
3.67968912951e-12	-0
4.87310182016e-12	-0
6.06651451081e-12	6.6781310785e-33
7.25992720146e-12	5.81733071566e-27
8.45333989211e-12	3.27837591782e-23
9.64675258276e-12	1.77299491926e-20
1.08401652734e-11	2.14063382386e-18
1.20335779641e-11	8.77546647435e-17
1.32269906547e-11	1.59468997743e-15
1.44204033454e-11	1.54696913645e-14
1.5613816036e-11	9.1755555519e-14
1.68072287267e-11	3.69459996451e-13
1.80006414173e-11	1.08716063495e-12
1.9194054108e-11	2.39675944022e-12
2.03874667986e-11	3.69874790518e-12
2.15808794893e-11	2.22506193158e-12
2.27742921799e-11	-9.0549165388e-12
2.39677048706e-11	-4.35505728702e-11
2.51611175612e-11	-1.22142018721e-10
2.63545302519e-11	-2.70678979231e-10
2.75479429425e-11	-5.10975706192e-10
2.87413556332e-11	-8.4129608835e-10
2.99347683238e-11	-1.2045709985e-09
3.11281810145e-11	-1.44986300743e-09
3.23215937051e-11	-1.3017650291e-09
3.35150063958e-11	-3.63969548944e-10
3.47084190864e-11	1.81935333465e-09
3.59018317771e-11	5.62240520807e-09
3.70952444677e-11	1.11400453306e-08
3.82886571584e-11	1.79712902337e-08
3.9482069849e-11	2.50854146344e-08
4.06754825397e-11	3.08478504962e-08
4.18688952303e-11	3.3293510171e-08
4.3062307921e-11	3.05983043347e-08
4.42557206116e-11	2.16642774831e-08
4.54491333023e-11	6.59775523104e-09
4.66425459929e-11	-1.31024400218e-08
4.78359586836e-11	-3.47739543827e-08
4.90293713742e-11	-5.52079306715e-08
5.02227840649e-11	-7.14606684937e-08
5.14161967556e-11	-8.1598500401e-08
5.26096094462e-11	-8.50737507108e-08
5.38030221369e-11	-8.26327877235e-08
5.49964348275e-11	-7.57761355885e-08
5.61898475182e-11	-6.60321006762e-08
5.73832602088e-11	-5.43524691921e-08
5.85766728995e-11	-4.09344664831e-08
5.97700855901e-11	-2.55362451185e-08
6.09634982808e-11	-8.14598788423e-09
6.21569109714e-11	1.04078150542e-08
6.33503236621e-11	2.82552630182e-08
6.45437363527e-11	4.29393161028e-08
6.57371490434e-11	5.2319705901e-08
6.6930561734e-11	5.55092825039e-08
6.81239744247e-11	5.32770165762e-08
6.93173871153e-11	4.76665640292e-08
7.0510799806e-11	4.09986853356e-08
7.17042124966e-11	3.47972388681e-08
7.28976251873e-11	2.92657773571e-08
7.40910378779e-11	2.35764687773e-08
7.52844505686e-11	1.67773048787e-08
7.64778632592e-11	8.70896865734e-09
7.76712759499e-11	3.4201308452e-10
7.88646886405e-11	-6.67756250294e-09
8.00581013312e-11	-1.10057927216e-08
8.12515140218e-11	-1.24799841572e-08
8.24449267125e-11	-1.23514185546e-08
8.36383394031e-11	-1.27166313035e-08
8.48317520938e-11	-1.5413181842e-08
8.60251647844e-11	-2.1006938411e-08
8.72185774751e-11	-2.83550463109e-08
8.84119901657e-11	-3.50093003476e-08
8.96054028564e-11	-3.82214579986e-08
9.0798815547e-11	-3.61066270216e-08
9.19922282377e-11	-2.84340906376e-08
9.31856409283e-11	-1.6722612628e-08
9.4379053619e-11	-3.65903018995e-09
9.55724663096e-11	7.89383491906e-09
9.67658790003e-11	1.58548658646e-08
9.79592916909e-11	1.94857907587e-08
9.91527043816e-11	1.93815345995e-08
1.00346117072e-10	1.69838063613e-08
1.01539529763e-10	1.38797711102e-08
1.02732942454e-10	1.12017071174e-08
1.03926355144e-10	9.34476407366e-09
1.05119767835e-10	8.04971644897e-09
1.06313180525e-10	6.73815048202e-09
1.07506593216e-10	4.90092322281e-09
1.08700005907e-10	2.37006103632e-09
1.09893418597e-10	-6.42339514911e-10
1.11086831288e-10	-3.69627550789e-09
1.12280243979e-10	-6.37638741807e-09
1.13473656669e-10	-8.49152748117e-09
1.1466706936e-10	-1.01157455745e-08
1.15860482051e-10	-1.14498206472e-08
1.17053894741e-10	-1.25876251644e-08
1.18247307432e-10	-1.3332236648e-08
1.19440720123e-10	-1.32077646597e-08
1.20634132813e-10	-1.16557936636e-08
1.21827545504e-10	-8.37038882651e-09
1.23020958195e-10	-3.53138007725e-09
1.24214370885e-10	2.14590767378e-09
1.25407783576e-10	7.63823493344e-09
1.26601196267e-10	1.19683729594e-08
1.27794608957e-10	1.45229588355e-08
1.28988021648e-10	1.51868224663e-08
1.30181434339e-10	1.42367460043e-08
1.31374847029e-10	1.21202772263e-08
1.3256825972e-10	9.22747300791e-09
1.3376167241e-10	5.80629233582e-09
1.34955085101e-10	2.01134198186e-09
1.36148497792e-10	-1.97603444718e-09
1.37341910482e-10	-5.85831250177e-09
1.38535323173e-10	-9.23600840252e-09
1.39728735864e-10	-1.17107443742e-08
1.40922148554e-10	-1.30058745995e-08
1.42115561245e-10	-1.3052516401e-08
1.43308973936e-10	-1.19701617507e-08
1.44502386626e-10	-1.00013046733e-08
1.45695799317e-10	-7.40316341563e-09
1.46889212008e-10	-4.39564562527e-09
1.48082624698e-10	-1.14857368061e-09
1.49276037389e-10	2.17214934928e-09
1.5046945008e-10	5.34924327056e-09
1.5166286277e-10	8.08747913084e-09
1.52856275461e-10	1.00407078207e-08
1.54049688152e-10	1.08930873211e-08
1.55243100842e-10	1.04695470071e-08
1.56436513533e-10	8.82131079294e-09
1.57629926223e-10	6.25063023563e-09
1.58823338914e-10	3.2403100203e-09
1.60016751605e-10	3.19694437589e-10
1.61210164295e-10	-2.09255834882e-09
1.62403576986e-10	-3.79284159635e-09
1.63596989677e-10	-4.80045159179e-09
1.64790402367e-10	-5.27325028088e-09
1.65983815058e-10	-5.37681010826e-09
1.67177227749e-10	-5.18466025667e-09
1.68370640439e-10	-4.65679628192e-09
1.6956405313e-10	-3.71007535804e-09
1.70757465821e-10	-2.32887842344e-09
1.71950878511e-10	-6.53071430268e-10
1.73144291202e-10	1.01592123603e-09
1.74337703893e-10	2.29955610109e-09
1.75531116583e-10	2.87895662865e-09
1.76724529274e-10	2.62383670346e-09
1.77917941965e-10	1.64640434619e-09
1.79111354655e-10	2.73524092265e-10
1.80304767346e-10	-1.06997621874e-09
1.81498180037e-10	-1.99264427181e-09
1.82691592727e-10	-2.25922791586e-09
1.83885005418e-10	-1.84074455678e-09
1.85078418108e-10	-9.05147790053e-10
1.86271830799e-10	2.53811138773e-10
1.8746524349e-10	1.31108990331e-09
1.8865865618e-10	1.99911398546e-09
1.89852068871e-10	2.17354956256e-09
1.91045481562e-10	1.83262183207e-09
1.92238894252e-10	1.10695241862e-09
1.93432306943e-10	2.10912828869e-10
1.94625719634e-10	-6.13452288967e-10
1.95819132324e-10	-1.15930931521e-09
1.97012545015e-10	-1.29831545514e-09
1.98205957706e-10	-1.00737307385e-09
1.99399370396e-10	-3.67538138812e-10
2.00592783087e-10	4.54218912482e-10
2.01786195778e-10	1.24269228241e-09
2.02979608468e-10	1.77835635107e-09
2.04173021159e-10	1.88790472144e-09
2.0536643385e-10	1.48835366254e-09
2.0655984654e-10	6.2187821559e-10
2.07753259231e-10	-5.40440692198e-10
2.08946671921e-10	-1.72225866901e-09
2.10140084612e-10	-2.61285615366e-09
2.11333497303e-10	-2.9525062395e-09
2.12526909993e-10	-2.62248289751e-09
2.13720322684e-10	-1.69328306932e-09
2.14913735375e-10	-4.15105089191e-10
2.16107148065e-10	8.5711382436e-10
2.17300560756e-10	1.77727199624e-09
2.18493973447e-10	2.11953166129e-09
2.19687386137e-10	1.84597837016e-09
2.20880798828e-10	1.10503672879e-09
2.22074211519e-10	1.68112843091e-10
2.23267624209e-10	-6.68814725824e-10
2.244610369e-10	-1.17830600832e-09
2.25654449591e-10	-1.25857824163e-09
2.26847862281e-10	-9.42242617263e-10
2.28041274972e-10	-3.63340579845e-10
2.29234687663e-10	2.9590951911e-10
2.30428100353e-10	8.62316773542e-10
2.31621513044e-10	1.20925613967e-09
2.32814925735e-10	1.27872068489e-09
2.34008338425e-10	1.07746900291e-09
2.35201751116e-10	6.66777633107e-10
2.36395163806e-10	1.41711184454e-10
2.37588576497e-10	-3.84840354029e-10
2.38781989188e-10	-8.02786948029e-10
2.39975401878e-10	-1.02460739893e-09
2.41168814569e-10	-1.0099255876e-09
2.4236222726e-10	-7.87813703162e-10
2.4355563995e-10	-4.61014726394e-10
2.44749052641e-10	-1.85912188422e-10
2.45942465332e-10	-1.15138329426e-10
2.47135878022e-10	-3.31449673263e-10
2.48329290713e-10	-7.89419418723e-10
2.49522703404e-10	-1.30962107825e-09
2.50716116094e-10	-1.63037505718e-09
2.51909528785e-10	-1.51018531014e-09
2.53102941476e-10	-8.34033120345e-10
2.54296354166e-10	3.19824694506e-10
2.55489766857e-10	1.68999692018e-09
2.56683179548e-10	2.91426971444e-09
2.57876592238e-10	3.65139896097e-09
2.59070004929e-10	3.69215658047e-09
2.60263417619e-10	3.01436942074e-09
2.6145683031e-10	1.77387005085e-09
2.62650243001e-10	2.3794191617e-10
2.63843655691e-10	-1.29482891076e-09
2.65037068382e-10	-2.56563859047e-09
2.66230481073e-10	-3.39215011635e-09
2.67423893763e-10	-3.67839780857e-09
2.68617306454e-10	-3.41023431716e-09
2.69810719145e-10	-2.64772603842e-09
2.71004131835e-10	-1.52005230625e-09
2.72197544526e-10	-2.16329176794e-10
2.73390957217e-10	1.0392426919e-09
2.74584369907e-10	2.02546956984e-09
2.75777782598e-10	2.57693133499e-09
2.76971195289e-10	2.62665711404e-09
2.78164607979e-10	2.22808527184e-09
2.7935802067e-10	1.54092216764e-09
2.80551433361e-10	7.81303577391e-10
2.81744846051e-10	1.54840931743e-10
2.82938258742e-10	-2.13531733961e-10
2.84131671433e-10	-3.1424210456e-10
2.85325084123e-10	-2.50458626061e-10
2.86518496814e-10	-1.84695966854e-10
2.87711909504e-10	-2.65495375684e-10
2.88905322195e-10	-5.56417967257e-10
2.90098734886e-10	-1.00382679946e-09
2.91292147576e-10	-1.45603273882e-09
2.92485560267e-10	-1.72671521526e-09
2.93678972958e-10	-1.67461144951e-09
2.94872385648e-10	-1.26279542378e-09
2.96065798339e-10	-5.73859793018e-10
2.9725921103e-10	2.25389110153e-10
2.9845262372e-10	9.44473610431e-10
2.99646036411e-10	1.43468104064e-09
3.00839449102e-10	1.62197633102e-09
3.02032861792e-10	1.51361778666e-09
3.03226274483e-10	1.17204879135e-09
3.04419687174e-10	6.88246515335e-10
3.05613099864e-10	1.5800408204e-10
3.06806512555e-10	-3.27425392355e-10
3.07999925246e-10	-6.86025125596e-10
3.09193337936e-10	-8.53351889152e-10
3.10386750627e-10	-7.9794243435e-10
3.11580163317e-10	-5.39582101222e-10
3.12773576008e-10	-1.56899201964e-10
3.13966988699e-10	2.2493218399e-10
3.15160401389e-10	4.70016081611e-10
3.1635381408e-10	4.78298789464e-10
3.17547226771e-10	2.2896799734e-10
3.18740639461e-10	-2.04729178055e-10
3.19934052152e-10	-6.71542155217e-10
3.21127464843e-10	-9.94264781617e-10
3.22320877533e-10	-1.03311159627e-09
3.23514290224e-10	-7.41322225828e-10
3.24707702915e-10	-1.87195536849e-10
3.25901115605e-10	4.6601195125e-10
3.27094528296e-10	1.01674002551e-09
3.28287940987e-10	1.29777444347e-09
3.29481353677e-10	1.23554011466e-09
3.30674766368e-10	8.73016714475e-10
3.31868179059e-10	3.48370471359e-10
3.33061591749e-10	-1.62235141987e-10
3.3425500444e-10	-5.11083453336e-10
3.35448417131e-10	-6.28004315217e-10
3.36641829821e-10	-5.35102351318e-10
3.37835242512e-10	-3.21996707076e-10
3.39028655202e-10	-1.02251734857e-10
3.40222067893e-10	3.46754500113e-11
3.41415480584e-10	4.9218712439e-11
3.42608893274e-10	-4.36615882338e-11
3.43802305965e-10	-1.92728513704e-10
3.44995718656e-10	-3.33087391002e-10
3.46189131346e-10	-4.08028527632e-10
3.47382544037e-10	-3.79668380068e-10
3.48575956728e-10	-2.34879865557e-10
3.49769369418e-10	1.3769848109e-11
3.50962782109e-10	3.27078447659e-10
3.521561948e-10	6.41309116922e-10
3.5334960749e-10	8.78177364161e-10
3.54543020181e-10	9.61442814251e-10
3.55736432872e-10	8.42425185166e-10
3.56929845562e-10	5.19551568434e-10
3.58123258253e-10	5.04135934387e-11
3.59316670944e-10	-4.59175142353e-10
3.60510083634e-10	-8.8101836937e-10
3.61703496325e-10	-1.10455600222e-09
3.62896909015e-10	-1.07266073801e-09
3.64090321706e-10	-8.02837851754e-10
3.65283734397e-10	-3.83426235206e-10
3.66477147087e-10	5.55080391373e-11
3.67670559778e-10	3.85558529548e-10
3.68863972469e-10	5.24787047151e-10
3.70057385159e-10	4.63578814225e-10
3.7125079785e-10	2.64813004858e-10
3.72444210541e-10	3.59509158554e-11
3.73637623231e-10	-1.13925910372e-10
3.74831035922e-10	-1.15787733568e-10
3.76024448613e-10	3.51507364882e-11
3.77217861303e-10	2.80693884802e-10
3.78411273994e-10	5.24325360907e-10
3.79604686685e-10	6.67119748332e-10
3.80798099375e-10	6.427849919e-10
3.81991512066e-10	4.37194142e-10
3.83184924757e-10	9.20689288697e-11
3.84378337447e-10	-3.1032140746e-10
3.85571750138e-10	-6.70669964009e-10
3.86765162829e-10	-8.99678220811e-10
3.87958575519e-10	-9.40111433145e-10
3.8915198821e-10	-7.79981745858e-10
3.903454009e-10	-4.54861009969e-10
3.91538813591e-10	-3.88856204181e-11
3.92732226282e-10	3.72391367742e-10
3.93925638972e-10	6.84736156664e-10
3.95119051663e-10	8.2668477619e-10
3.96312464354e-10	7.67230723397e-10
3.97505877044e-10	5.2329268696e-10
3.98699289735e-10	1.56963692044e-10
3.99892702426e-10	-2.38924269258e-10
4.01086115116e-10	-5.63337099191e-10
4.02279527807e-10	-7.32925664604e-10
4.03472940498e-10	-7.04922398231e-10
4.04666353188e-10	-4.89955576111e-10
4.05859765879e-10	-1.5019631372e-10
4.0705317857e-10	2.18630683002e-10
4.0824659126e-10	5.15098408371e-10
4.09440003951e-10	6.6355720918e-10
4.10633416642e-10	6.35019425932e-10
4.11826829332e-10	4.55050136461e-10
4.13020242023e-10	1.90644999787e-10
4.14213654713e-10	-7.23385518153e-11
4.15407067404e-10	-2.5931806702e-10
4.16600480095e-10	-3.28029270413e-10
4.17793892785e-10	-2.79716555474e-10
4.18987305476e-10	-1.5376105944e-10
4.20180718167e-10	-1.22754124574e-11
4.21374130857e-10	8.1501326521e-11
4.22567543548e-10	8.41866368284e-11
4.23760956239e-10	-1.44194205187e-11
4.24954368929e-10	-1.8624964071e-10
4.2614778162e-10	-3.73939962328e-10
4.27341194311e-10	-5.05994413036e-10
4.28534607001e-10	-5.20285425853e-10
4.29728019692e-10	-3.83742149168e-10
4.30921432383e-10	-1.06460062987e-10
4.32114845073e-10	2.57080634558e-10
4.33308257764e-10	6.20003715035e-10
4.34501670455e-10	8.85060302824e-10
4.35695083145e-10	9.71658531412e-10
4.36888495836e-10	8.39966984856e-10
4.38081908526e-10	5.04704389392e-10
4.39275321217e-10	3.55559089116e-11
4.40468733908e-10	-4.59015520038e-10
4.41662146598e-10	-8.58067228382e-10
4.42855559289e-10	-1.06084374618e-09
4.4404897198e-10	-1.01451969048e-09
4.4524238467e-10	-7.29716898018e-10
4.46435797361e-10	-2.7897550936e-10
4.47629210052e-10	2.23053145398e-10
4.48822622742e-10	6.50466847052e-10
4.50016035433e-10	9.00370944468e-10
4.51209448124e-10	9.19617437756e-10
4.52402860814e-10	7.16850190319e-10
4.53596273505e-10	3.57319646094e-10
4.54789686196e-10	-5.75845239548e-11
4.55983098886e-10	-4.19334345025e-10
4.57176511577e-10	-6.40790975837e-10
4.58369924268e-10	-6.783281159e-10
4.59563336958e-10	-5.40454458964e-10
4.60756749649e-10	-2.82714907041e-10
4.6195016234e-10	1.01593941593e-11
4.6314357503e-10	2.49817583287e-10
4.64336987721e-10	3.69910546638e-10
4.65530400411e-10	3.45332651364e-10
4.66723813102e-10	1.98524668926e-10
4.67917225793e-10	-8.61572532068e-12
4.69110638483e-10	-1.96024432797e-10
4.70304051174e-10	-2.92163709892e-10
4.71497463865e-10	-2.58754739857e-10
4.72690876555e-10	-1.0364684111e-10
4.73884289246e-10	1.20850024432e-10
4.75077701937e-10	3.35844629884e-10
4.76271114627e-10	4.61894328341e-10
4.77464527318e-10	4.46307490964e-10
4.78657940009e-10	2.81301287819e-10
4.79851352699e-10	7.40963020107e-12
4.8104476539e-10	-2.97790014869e-10
4.82238178081e-10	-5.44081557585e-10
4.83431590771e-10	-6.55074217093e-10
4.84625003462e-10	-5.9210930603e-10
4.85818416153e-10	-3.65294544613e-10
4.87011828843e-10	-3.1019763147e-11
4.88205241534e-10	3.23789856038e-10
4.89398654224e-10	6.06128314207e-10
4.90592066915e-10	7.41438355156e-10
4.91785479606e-10	6.93634871762e-10
4.92978892296e-10	4.73282080193e-10
4.94172304987e-10	1.34127653428e-10
4.95365717678e-10	-2.41120179378e-10
4.96559130368e-10	-5.62009550009e-10
4.97752543059e-10	-7.51832707202e-10
4.9894595575e-10	-7.66619989712e-10
5.0013936844e-10	-6.05075156646e-10
5.01332781131e-10	-3.08837455609e-10
5.02526193822e-10	4.74457799438e-11
5.03719606512e-10	3.75326630886e-10
5.04913019203e-10	5.95008597948e-10
5.06106431894e-10	6.57113030655e-10
5.07299844584e-10	5.56155954623e-10
5.08493257275e-10	3.31626753836e-10
5.09686669966e-10	5.56876801616e-11
5.10880082656e-10	-1.89085094804e-10
5.12073495347e-10	-3.35471400659e-10
5.13266908038e-10	-3.51208367944e-10
5.14460320728e-10	-2.47887710358e-10
5.15653733419e-10	-7.42894148975e-11
5.16847146109e-10	1.01391402219e-10
5.180405588e-10	2.14715842328e-10
5.19233971491e-10	2.26444349383e-10
5.20427384181e-10	1.33518529566e-10
5.21620796872e-10	-3.0897426978e-11
5.22814209563e-10	-2.10048436977e-10
5.24007622253e-10	-3.42496142558e-10
5.25201034944e-10	-3.81967124596e-10
5.26394447635e-10	-3.11421083365e-10
5.27587860325e-10	-1.47709580678e-10
5.28781273016e-10	6.45994646664e-11
5.29974685707e-10	2.66695304729e-10
5.31168098397e-10	4.02968491908e-10
5.32361511088e-10	4.35951025279e-10
5.33554923779e-10	3.55691143206e-10
5.34748336469e-10	1.82001608229e-10
5.3594174916e-10	-4.14258488624e-11
5.37135161851e-10	-2.56839660651e-10
5.38328574541e-10	-4.07169631345e-10
5.39521987232e-10	-4.49462078667e-10
5.40715399922e-10	-3.67182284577e-10
5.41908812613e-10	-1.76405640095e-10
5.43102225304e-10	7.57892429371e-11
5.44295637994e-10	3.21759702215e-10
5.45489050685e-10	4.91461593644e-10
5.46682463376e-10	5.32924315788e-10
5.47875876066e-10	4.29134644486e-10
5.49069288757e-10	2.05001779441e-10
5.50262701448e-10	-7.86706810807e-11
5.51456114138e-10	-3.42895378758e-10
5.52649526829e-10	-5.14261078166e-10
5.5384293952e-10	-5.47587253319e-10
5.5503635221e-10	-4.38955372051e-10
5.56229764901e-10	-2.26221416599e-10
5.57423177592e-10	2.42125208771e-11
5.58616590282e-10	2.38580266654e-10
5.59810002973e-10	3.58855195559e-10
5.61003415664e-10	3.59875101941e-10
5.62196828354e-10	2.54836485247e-10
5.63390241045e-10	8.87998424792e-11
5.64583653736e-10	-7.82291870172e-11
5.65777066426e-10	-1.91176088848e-10
5.66970479117e-10	-2.17030407534e-10
5.68163891807e-10	-1.53401652492e-10
5.69357304498e-10	-2.64719149379e-11
5.70550717189e-10	1.189305876e-10
5.71744129879e-10	2.34530089793e-10
5.7293754257e-10	2.82165069088e-10
5.74130955261e-10	2.44071179933e-10
5.75324367951e-10	1.26855803639e-10
5.76517780642e-10	-4.09089012665e-11
5.77711193333e-10	-2.15289869265e-10
5.78904606023e-10	-3.48468448541e-10
5.80098018714e-10	-4.00271815693e-10
5.81291431405e-10	-3.50147355554e-10
5.82484844095e-10	-2.04115863101e-10
5.83678256786e-10	4.39281770681e-12
5.84871669477e-10	2.21719087534e-10
5.86065082167e-10	3.8843081529e-10
5.87258494858e-10	4.5601761256e-10
5.88451907549e-10	4.02608335559e-10
5.89645320239e-10	2.40236830429e-10
5.9083873293e-10	1.29471745824e-11
5.9203214562e-10	-2.16115694784e-10
5.93225558311e-10	-3.83090642542e-10
5.94418971002e-10	-4.42773623321e-10
5.95612383692e-10	-3.81874087907e-10
5.96805796383e-10	-2.2240227715e-10
5.97999209074e-10	-1.39891145542e-11
5.99192621764e-10	1.82007506289e-10
6.00386034455e-10	3.11692643917e-10
6.01579447146e-10	3.44253819895e-10
6.02772859836e-10	2.7979379924e-10
6.03966272527e-10	1.46794118527e-10
6.05159685218e-10	-8.80593428038e-12
6.06353097908e-10	-1.38868902488e-10
6.07546510599e-10	-2.07889691572e-10
6.0873992329e-10	-2.01735836369e-10
6.0993333598e-10	-1.30094796047e-10
6.11126748671e-10	-2.08211729108e-11
6.12320161362e-10	8.9259502567e-11
6.13513574052e-10	1.65389257845e-10
6.14706986743e-10	1.84307430429e-10
6.15900399434e-10	1.39666195276e-10
6.17093812124e-10	4.34765314028e-11
6.18287224815e-10	-7.72240188462e-11
6.19480637505e-10	-1.87298759835e-10
6.20674050196e-10	-2.52613485685e-10
6.21867462887e-10	-2.49772563743e-10
6.23060875577e-10	-1.73473180265e-10
6.24254288268e-10	-3.94298829698e-11
6.25447700959e-10	1.18199769417e-10
6.26641113649e-10	2.55770071789e-10
6.2783452634e-10	3.32137428671e-10
6.29027939031e-10	3.21311088847e-10
6.30221351721e-10	2.21456769589e-10
6.31414764412e-10	5.64598645614e-11
6.32608177103e-10	-1.29444122088e-10
6.33801589793e-10	-2.84592960309e-10
6.34995002484e-10	-3.64745927905e-10
6.36188415175e-10	-3.46538409079e-10
6.37381827865e-10	-2.34984365299e-10
6.38575240556e-10	-6.13196299293e-11
6.39768653247e-10	1.2556682083e-10
6.40962065937e-10	2.74797490318e-10
6.42155478628e-10	3.47564921288e-10
6.43348891318e-10	3.28285953977e-10
6.44542304009e-10	2.27710780787e-10
6.457357167e-10	7.78317341132e-11
6.4692912939e-10	-7.80132694556e-11
6.48122542081e-10	-1.98886074276e-10
6.49315954772e-10	-2.56245746844e-10
6.50509367462e-10	-2.41457520644e-10
6.51702780153e-10	-1.65681190989e-10
6.52896192844e-10	-5.57455297201e-11
6.54089605534e-10	5.4309900327e-11
6.55283018225e-10	1.32962363342e-10
6.56476430916e-10	1.59264657018e-10
6.57669843606e-10	1.28733690374e-10
6.58863256297e-10	5.38893651925e-11
6.60056668988e-10	-3.93212545857e-11
6.61250081678e-10	-1.19108861663e-10
6.62443494369e-10	-1.57562268788e-10
6.6363690706e-10	-1.39095873708e-10
6.6483031975e-10	-6.59186663587e-11
6.66023732441e-10	4.18881214437e-11
6.67217145132e-10	1.51842607932e-10
6.68410557822e-10	2.28453089779e-10
6.69603970513e-10	2.44428866036e-10
6.70797383203e-10	1.89606705336e-10
6.71990795894e-10	7.52056125708e-11
6.73184208585e-10	-6.85139098233e-11
6.74377621275e-10	-2.00714916909e-10
6.75571033966e-10	-2.82282197617e-10
6.76764446657e-10	-2.87811496857e-10
6.77957859347e-10	-2.13919743031e-10
6.79151272038e-10	-8.03038954778e-11
6.80344684729e-10	7.5923059506e-11
6.81538097419e-10	2.11392348071e-10
6.8273151011e-10	2.89269969089e-10
6.83924922801e-10	2.89470170056e-10
6.85118335491e-10	2.13817380468e-10
6.86311748182e-10	8.45565284457e-11
6.87505160873e-10	-6.27498469852e-11
6.88698573563e-10	-1.8894384668e-10
6.89891986254e-10	-2.6230090322e-10
6.91085398945e-10	-2.65983235437e-10
6.92278811635e-10	-2.02241029479e-10
6.93472224326e-10	-9.09040412389e-11
6.94665637016e-10	3.67062803763e-11
6.95859049707e-10	1.46090292641e-10
6.97052462398e-10	2.09711928378e-10
6.98245875088e-10	2.135230881e-10
6.99439287779e-10	1.61015770161e-10
7.0063270047e-10	7.09422173784e-11
7.0182611316e-10	-2.83042166094e-11
7.03019525851e-10	-1.07251270365e-10
7.04212938542e-10	-1.44012343717e-10
7.05406351232e-10	-1.29991378772e-10
7.06599763923e-10	-7.26698076714e-11
7.07793176614e-10	7.64811304566e-12
7.08986589304e-10	8.35165270274e-11
7.10180001995e-10	1.29318208919e-10
7.11373414686e-10	1.29032867724e-10
7.12566827376e-10	8.14479733657e-11
7.13760240067e-10	1.03082256273e-12
7.14953652758e-10	-8.69649699475e-11
7.16147065448e-10	-1.53904083922e-10
7.17340478139e-10	-1.77403425283e-10
7.1853389083e-10	-1.47959131058e-10
7.1972730352e-10	-7.21874574006e-11
7.20920716211e-10	2.92490164033e-11
7.22114128901e-10	1.27983443288e-10
7.23307541592e-10	1.95883032017e-10
7.24500954283e-10	2.13345313638e-10
7.25694366973e-10	1.7422682741e-10
7.26887779664e-10	8.78718417474e-11
7.28081192355e-10	-2.3615897432e-11
7.29274605045e-10	-1.30983765501e-10
7.30468017736e-10	-2.05698111322e-10
7.31661430427e-10	-2.275440808e-10
7.32854843117e-10	-1.90191390415e-10
7.34048255808e-10	-1.03220557102e-10
7.35241668499e-10	1.06105410916e-11
7.36435081189e-10	1.21169907441e-10
7.3762849388e-10	1.99690680658e-10
7.38821906571e-10	2.26164642569e-10
7.40015319261e-10	1.95057026087e-10
7.41208731952e-10	1.16288784158e-10
7.42402144643e-10	1.22991235252e-11
7.43595557333e-10	-8.82845949124e-11
7.44788970024e-10	-1.58845658849e-10
7.45982382714e-10	-1.81971368529e-10
7.47175795405e-10	-1.54237358996e-10
7.48369208096e-10	-8.67836913443e-11
7.49562620786e-10	-1.59755628865e-12
7.50756033477e-10	7.51254475295e-11
7.51949446168e-10	1.21135740327e-10
7.53142858858e-10	1.24676005631e-10
7.54336271549e-10	8.74401107076e-11
7.5552968424e-10	2.37984666696e-11
7.5672309693e-10	-4.46849293678e-11
7.57916509621e-10	-9.55796414237e-11
7.59109922312e-10	-1.12857063972e-10
7.60303335002e-10	-9.11180575436e-11
7.61496747693e-10	-3.69186001214e-11
7.62690160384e-10	3.32458713337e-11
7.63883573074e-10	9.81454847948e-11
7.65076985765e-10	1.37408917578e-10
7.66270398456e-10	1.37839947789e-10
7.67463811146e-10	9.70564809077e-11
7.68657223837e-10	2.47801952569e-11
7.69850636527e-10	-5.9440320721e-11
7.71044049218e-10	-1.31743976839e-10
7.72237461909e-10	-1.70382360998e-10
7.73430874599e-10	-1.62623886579e-10
7.7462428729e-10	-1.08547837385e-10
7.75817699981e-10	-2.16738606229e-11
7.77011112671e-10	7.45937756008e-11
7.78204525362e-10	1.53633175626e-10
7.79397938053e-10	1.93046384434e-10
7.80591350743e-10	1.81319653736e-10
7.81784763434e-10	1.21137405662e-10
7.82978176125e-10	2.88024951112e-11
7.84171588815e-10	-7.04569388943e-11
7.85365001506e-10	-1.49633513913e-10
7.86558414197e-10	-1.87791102113e-10
7.87751826887e-10	-1.75812614467e-10
7.88945239578e-10	-1.18883972111e-10
7.90138652269e-10	-3.451442257e-11
7.91332064959e-10	5.30359159367e-11
7.9252547765e-10	1.19827772704e-10
7.93718890341e-10	1.49419560058e-10
7.94912303031e-10	1.36521460803e-10
7.96105715722e-10	8.82860104467e-11
7.97299128412e-10	2.09013709118e-11
7.98492541103e-10	-4.51867258888e-11
7.99685953794e-10	-9.13016537374e-11
8.00879366484e-10	-1.05694980546e-10
8.02072779175e-10	-8.58669593762e-11
8.03266191866e-10	-3.94624333211e-11
8.04459604556e-10	1.87227663928e-11
8.05653017247e-10	7.05736510898e-11
8.06846429938e-10	9.98624793969e-11
8.08039842628e-10	9.70888161533e-11
8.09233255319e-10	6.21467252659e-11
8.1042666801e-10	4.81687953413e-12
8.116200807e-10	-5.78701774001e-11
8.12813493391e-10	-1.0668393946e-10
8.14006906082e-10	-1.25695773234e-10
8.15200318772e-10	-1.07610212408e-10
8.16393731463e-10	-5.60996804566e-11
8.17587144154e-10	1.48790701981e-11
8.18780556844e-10	8.48929745945e-11
8.19973969535e-10	1.33228955645e-10
8.21167382225e-10	1.4489247302e-10
8.22360794916e-10	1.15438936188e-10
8.23554207607e-10	5.2388877958e-11
8.24747620297e-10	-2.68207886456e-11
8.25941032988e-10	-9.98620214299e-11
8.27134445679e-10	-1.46146775237e-10
8.28327858369e-10	-1.52815191057e-10
8.2952127106e-10	-1.18372187052e-10
8.30714683751e-10	-5.28923189969e-11
8.31908096441e-10	2.52251206034e-11
8.33101509132e-10	9.47849715383e-11
8.34294921823e-10	1.37720043702e-10
8.35488334513e-10	1.4394137271e-10
8.36681747204e-10	1.13541953617e-10
8.37875159895e-10	5.61596429083e-11
8.39068572585e-10	-1.2050343362e-11
8.40261985276e-10	-7.29587432136e-11
8.41455397967e-10	-1.11110821932e-10
8.42648810657e-10	-1.17587620196e-10
8.43842223348e-10	-9.21482334881e-11
8.45035636039e-10	-4.30489810466e-11
8.46229048729e-10	1.50980512814e-11
8.4742246142e-10	6.54762494223e-11
8.4861587411e-10	9.35253749446e-11
8.49809286801e-10	9.13728676055e-11
8.51002699492e-10	5.99851557315e-11
8.52196112182e-10	9.26557441883e-12
8.53389524873e-10	-4.4929813342e-11
8.54582937564e-10	-8.5440154951e-11
8.55776350254e-10	-9.90834567172e-11
8.56969762945e-10	-8.08852082534e-11
8.58163175636e-10	-3.56976045945e-11
8.59356588326e-10	2.28692620396e-11
8.60550001017e-10	7.68029806419e-11
8.61743413708e-10	1.08933972953e-10
8.62936826398e-10	1.08669725996e-10
8.64130239089e-10	7.50675424599e-11
8.6532365178e-10	1.76064284679e-11
8.6651706447e-10	-4.69586522445e-11
8.67710477161e-10	-9.9461688885e-11
8.68903889852e-10	-1.24302040883e-10
8.70097302542e-10	-1.14006200314e-10
8.71290715233e-10	-7.13087228155e-11
8.72484127923e-10	-8.25358358048e-12
8.73677540614e-10	5.7672047693e-11
8.74870953305e-10	1.08296691059e-10
8.76064365995e-10	1.30121621811e-10
8.77257778686e-10	1.17561127499e-10
8.78451191377e-10	7.43012734672e-11
8.79644604067e-10	1.21192465785e-11
8.80838016758e-10	-5.25948243291e-11
8.82031429449e-10	-1.0295401337e-10
8.83224842139e-10	-1.26162316705e-10
8.8441825483e-10	-1.16741727396e-10
8.85611667521e-10	-7.78418510206e-11
8.86805080211e-10	-2.05369245915e-11
8.87998492902e-10	3.93605842364e-11
8.89191905593e-10	8.54300657993e-11
8.90385318283e-10	1.05318732901e-10
8.91578730974e-10	9.42050742969e-11
8.92772143665e-10	5.6236015844e-11
8.93965556355e-10	3.32249809262e-12
8.95158969046e-10	-4.82474407648e-11
8.96352381737e-10	-8.27814414239e-11
8.97545794427e-10	-8.98830662677e-11
8.98739207118e-10	-6.76875638872e-11
8.99932619808e-10	-2.35174345276e-11
9.01126032499e-10	2.85576510356e-11
9.0231944519e-10	7.18693854429e-11
9.0351285788e-10	9.26775670096e-11
9.04706270571e-10	8.41831743204e-11
9.05899683262e-10	4.87741722011e-11
9.07093095952e-10	-2.8677810994e-12
9.08286508643e-10	-5.5133078658e-11
9.09479921334e-10	-9.22197387898e-11
9.10673334024e-10	-1.02978285621e-10
9.11866746715e-10	-8.40848224382e-11
9.13060159406e-10	-4.08864539447e-11
9.14253572096e-10	1.42478953982e-11
9.15446984787e-10	6.5678622263e-11
9.16640397478e-10	9.88589349271e-11
9.17833810168e-10	1.04420180835e-10
9.19027222859e-10	8.07468536479e-11
9.2022063555e-10	3.40995183479e-11
9.2141404824e-10	-2.28440391603e-11
9.22607460931e-10	-7.48406822626e-11
9.23800873621e-10	-1.07721428999e-10
9.24994286312e-10	-1.12560419319e-10
9.26187699003e-10	-8.77976580327e-11
9.27381111693e-10	-3.9837716459e-11
9.28574524384e-10	1.85014156773e-11
9.29767937075e-10	7.16830969583e-11
9.30961349765e-10	1.05221428792e-10
9.32154762456e-10	1.10272881104e-10
9.33348175147e-10	8.57060603043e-11
9.34541587837e-10	3.88527786332e-11
9.35735000528e-10	-1.67459466432e-11
9.36928413219e-10	-6.52852841232e-11
9.38121825909e-10	-9.3133716017e-11
9.393152386e-10	-9.31398569382e-11
9.40508651291e-10	-6.63423135872e-11
9.41702063981e-10	-2.17722298523e-11
9.42895476672e-10	2.65513860898e-11
9.44088889363e-10	6.3899295577e-11
9.45282302053e-10	7.91220075569e-11
9.46475714744e-10	6.81721970541e-11
9.47669127435e-10	3.48735831879e-11
9.48862540125e-10	-1.00788734997e-11
9.50055952816e-10	-5.26548388224e-11
9.51249365506e-10	-7.96936683312e-11
9.52442778197e-10	-8.27126839242e-11
9.53636190888e-10	-6.06133546133e-11
9.54829603578e-10	-1.96892918636e-11
9.56023016269e-10	2.80421432602e-11
9.5721642896e-10	6.85988349458e-11
9.5840984165e-10	8.99796973042e-11
9.59603254341e-10	8.56720805409e-11
9.60796667032e-10	5.6465349757e-11
9.61990079722e-10	1.02230654497e-11
9.63183492413e-10	-4.02740653327e-11
9.64376905104e-10	-8.08621988813e-11
9.65570317794e-10	-9.99246796418e-11
9.66763730485e-10	-9.16741960122e-11
9.67957143176e-10	-5.78425050912e-11
9.69150555866e-10	-7.39383554382e-12
9.70343968557e-10	4.59206284109e-11
9.71537381248e-10	8.72263442031e-11
9.72730793938e-10	1.04863139005e-10
9.73924206629e-10	9.3684074387e-11
9.75117619319e-10	5.66224948872e-11
9.7631103201e-10	3.94174016344e-12
9.77504444701e-10	-4.97124841292e-11
9.78697857391e-10	-8.95350807384e-11
9.79891270082e-10	-1.04706243675e-10
9.81084682773e-10	-9.16135223239e-11
9.82278095463e-10	-5.45928996454e-11
9.83471508154e-10	-4.69640082032e-12
9.84664920845e-10	4.36089428457e-11
9.85858333535e-10	7.67632415966e-11
9.87051746226e-10	8.58322163344e-11
9.88245158917e-10	6.92463100749e-11
9.89438571607e-10	3.28141749883e-11
9.90631984298e-10	-1.18389369488e-11
9.91825396989e-10	-5.10878735149e-11
9.93018809679e-10	-7.31961088962e-11
9.9421222237e-10	-7.18530027144e-11
9.95405635061e-10	-4.80016165705e-11
9.96599047751e-10	-9.18934806721e-12
9.97792460442e-10	3.24504173532e-11
9.98985873133e-10	6.42177699905e-11
1.00017928582e-09	7.62953658584e-11
1.00137269851e-09	6.4773394981e-11
1.0025661112e-09	3.27606934636e-11
1.0037595239e-09	-1.06319102827e-11
1.00495293659e-09	-5.27019330954e-11
1.00614634928e-09	-8.10367536963e-11
1.00733976197e-09	-8.69260635694e-11
1.00853317466e-09	-6.80305950462e-11
1.00972658735e-09	-2.92521909473e-11
1.01092000004e-09	1.86931720103e-11
1.01211341273e-09	6.21335899398e-11
1.01330682542e-09	8.85287537722e-11
1.01450023811e-09	8.99962465661e-11
1.0156936508e-09	6.57208315546e-11
1.01688706349e-09	2.22248885962e-11
1.01808047618e-09	-2.8463887497e-11
1.01927388887e-09	-7.22425383404e-11
1.02046730156e-09	-9.69057681321e-11
1.02166071425e-09	-9.55940049341e-11
1.02285412695e-09	-6.87344625661e-11
1.02404753964e-09	-2.37664540825e-11
1.02524095233e-09	2.67542758781e-11
1.02643436502e-09	6.90019014149e-11
1.02762777771e-09	9.14582853895e-11
1.0288211904e-09	8.83969286658e-11
1.03001460309e-09	6.13038925179e-11
1.03120801578e-09	1.83800075854e-11
1.03240142847e-09	-2.78243504626e-11
1.03359484116e-09	-6.42159034281e-11
1.03478825385e-09	-8.08243541539e-11
1.03598166654e-09	-7.36559424563e-11
1.03717507923e-09	-4.5735828319e-11
1.03836849192e-09	-5.99157919459e-12
1.03956190461e-09	3.33872998692e-11
1.04075531731e-09	6.06582145624e-11
1.04194873e-09	6.79151318517e-11
1.04314214269e-09	5.32498108108e-11
1.04433555538e-09	2.14520588793e-11
1.04552896807e-09	-1.7736380073e-11
1.04672238076e-09	-5.22132372061e-11
1.04791579345e-09	-7.13985745526e-11
1.04910920614e-09	-6.91804669106e-11
1.05030261883e-09	-4.58822806138e-11
1.05149603152e-09	-8.21501373871e-12
1.05268944421e-09	3.2801768246e-11
1.0538828569e-09	6.48893161426e-11
1.05507626959e-09	7.83818565608e-11
1.05626968228e-09	6.88387402636e-11
1.05746309497e-09	3.86260780305e-11
1.05865650767e-09	-3.9159617389e-12
1.05984992036e-09	-4.67415064986e-11
1.06104333305e-09	-7.75369213279e-11
1.06223674574e-09	-8.73135730384e-11
1.06343015843e-09	-7.28817978191e-11
1.06462357112e-09	-3.79235982895e-11
1.06581698381e-09	8.03222072188e-12
1.0670103965e-09	5.22522372592e-11
1.06820380919e-09	8.23082019208e-11
1.06939722188e-09	8.97619131801e-11
1.07059063457e-09	7.24041521183e-11
1.07178404726e-09	3.5096304335e-11
1.07297745995e-09	-1.17933362728e-11
1.07417087264e-09	-5.51977699659e-11
1.07536428533e-09	-8.31814409019e-11
1.07655769802e-09	-8.83181930367e-11
1.07775111072e-09	-6.96584873117e-11
1.07894452341e-09	-3.30455385278e-11
1.0801379361e-09	1.08510214702e-11
1.08133134879e-09	4.94135357632e-11
1.08252476148e-09	7.19632478607e-11
1.08371817417e-09	7.25414658898e-11
1.08491158686e-09	5.17726417293e-11
1.08610499955e-09	1.63832003519e-11
1.08729841224e-09	-2.2722821888e-11
1.08849182493e-09	-5.37698531533e-11
1.08968523762e-09	-6.76421765822e-11
1.09087865031e-09	-6.04545996596e-11
1.092072063e-09	-3.47453975313e-11
1.09326547569e-09	1.42798663519e-12
1.09445888838e-09	3.69360098063e-11
1.09565230108e-09	6.09090000658e-11
1.09684571377e-09	6.60251783802e-11
1.09803912646e-09	5.05949240837e-11
1.09923253915e-09	1.90363731722e-11
1.10042595184e-09	-1.9325235856e-11
1.10161936453e-09	-5.32085070448e-11
1.10281277722e-09	-7.23875265285e-11
1.10400618991e-09	-7.09628050766e-11
1.1051996026e-09	-4.88828873213e-11
1.10639301529e-09	-1.22004108205e-11
1.10758642798e-09	2.86963300344e-11
1.10877984067e-09	6.20446749533e-11
1.10997325336e-09	7.80234557518e-11
1.11116666605e-09	7.17616868706e-11
1.11236007874e-09	4.4615006134e-11
1.11355349144e-09	4.07401673161e-12
1.11474690413e-09	-3.85763331001e-11
1.11594031682e-09	-7.12893563626e-11
1.11713372951e-09	-8.48111719742e-11
1.1183271422e-09	-7.52913703606e-11
1.11952055489e-09	-4.53485547725e-11
1.12071396758e-09	-3.3982335175e-12
1.12190738027e-09	3.88582811761e-11
1.12310079296e-09	6.96514304566e-11
1.12429420565e-09	8.06101782547e-11
1.12548761834e-09	6.90269577608e-11
1.12668103103e-09	3.86059309521e-11
1.12787444372e-09	-1.63934924663e-12
1.12906785641e-09	-4.0126790779e-11
1.1302612691e-09	-6.59687374172e-11
1.13145468179e-09	-7.21980669693e-11
1.13264809449e-09	-5.76582323553e-11
1.13384150718e-09	-2.72212079266e-11
1.13503491987e-09	9.73273718563e-12
1.13622833256e-09	4.21841520049e-11
1.13742174525e-09	6.06415681559e-11
1.13861515794e-09	5.99696958758e-11
1.13980857063e-09	4.07007379188e-11
1.14100198332e-09	8.91857768193e-12
1.14219539601e-09	-2.57417299282e-11
1.1433888087e-09	-5.27866084177e-11
1.14458222139e-09	-6.40742042757e-11
1.14577563408e-09	-5.61267941845e-11
1.14696904677e-09	-3.11719053347e-11
1.14816245946e-09	3.46808909715e-12
1.14935587215e-09	3.75493178217e-11
1.15054928485e-09	6.08784966882e-11
1.15174269754e-09	6.63224614117e-11
1.15293611023e-09	5.19728045323e-11
1.15412952292e-09	2.16862118541e-11
1.15532293561e-09	-1.59158554391e-11
1.1565163483e-09	-4.99663019293e-11
1.15770976099e-09	-7.05363753517e-11
1.15890317368e-09	-7.13825110132e-11
1.16009658637e-09	-5.20271568882e-11
1.16128999906e-09	-1.76742457475e-11
1.16248341175e-09	2.2033616251e-11
1.16367682444e-09	5.58739339518e-11
1.16487023713e-09	7.42478648008e-11
1.16606364982e-09	7.18344203565e-11
1.16725706251e-09	4.9330779045e-11
1.1684504752e-09	1.30275052898e-11
1.1696438879e-09	-2.67889373878e-11
1.17083730059e-09	-5.89549520313e-11
1.17203071328e-09	-7.45383754719e-11
1.17322412597e-09	-6.94254584377e-11
1.17441753866e-09	-4.54424727014e-11
1.17561095135e-09	-9.72850619507e-12
1.17680436404e-09	2.7355567464e-11
1.17799777673e-09	5.52865982162e-11
1.17919118942e-09	6.63483226693e-11
1.18038460211e-09	5.78697610665e-11
1.1815780148e-09	3.27873492245e-11
1.18277142749e-09	-1.19946934329e-12
1.18396484018e-09	-3.39790556803e-11
1.18515825287e-09	-5.59871246586e-11
1.18635166556e-09	-6.08946434943e-11
1.18754507826e-09	-4.75617253914e-11
1.18873849095e-09	-2.01632807673e-11
1.18993190364e-09	1.29756969058e-11
1.19112531633e-09	4.18847560801e-11
1.19231872902e-09	5.79130979284e-11
1.19351214171e-09	5.62225925538e-11
1.1947055544e-09	3.72871490628e-11
1.19589896709e-09	6.67010847596e-12
1.19709237978e-09	-2.65541026667e-11
1.19828579247e-09	-5.25103224791e-11
1.19947920516e-09	-6.33759988933e-11
1.20067261785e-09	-5.57398849299e-11
1.20186603054e-09	-3.15772651083e-11
1.20305944323e-09	2.2449954222e-12
1.20425285592e-09	3.59567688124e-11
1.20544626862e-09	5.97165233929e-11
1.20663968131e-09	6.6455008163e-11
1.207833094e-09	5.39927061394e-11
1.20902650669e-09	2.57028183459e-11
1.21021991938e-09	-1.04329036729e-11
1.21141333207e-09	-4.41408749829e-11
1.21260674476e-09	-6.57797705195e-11
1.21380015745e-09	-6.91869755931e-11
1.21499357014e-09	-5.33780727952e-11
1.21618698283e-09	-2.29160683485e-11
1.21738039552e-09	1.35688127401e-11
1.21857380821e-09	4.57423161848e-11
1.2197672209e-09	6.46214193267e-11
1.22096063359e-09	6.51239062677e-11
1.22215404628e-09	4.73319473893e-11
1.22334745897e-09	1.66701930038e-11
1.22454087167e-09	-1.80087472712e-11
1.22573428436e-09	-4.67154891159e-11
1.22692769705e-09	-6.14385972653e-11
1.22812110974e-09	-5.82360687451e-11
1.22931452243e-09	-3.84314940982e-11
1.23050793512e-09	-8.11667660167e-12
1.23170134781e-09	2.37035946427e-11
1.2328947605e-09	4.76779449254e-11
1.23408817319e-09	5.69556624086e-11
1.23528158588e-09	4.89918036695e-11
1.23647499857e-09	2.64083564044e-11
1.23766841126e-09	-3.98339651195e-12
1.23886182395e-09	-3.30829599826e-11
1.24005523664e-09	-5.22452948959e-11
1.24124864933e-09	-5.57848975347e-11
1.24244206203e-09	-4.26201435255e-11
1.24363547472e-09	-1.66270452268e-11
1.24482888741e-09	1.45370286989e-11
1.2460223001e-09	4.16339220044e-11
1.24721571279e-09	5.65630355054e-11
1.24840912548e-09	5.47873135748e-11
1.24960253817e-09	3.66184409184e-11
1.25079595086e-09	7.24825494763e-12
1.25198936355e-09	-2.48406521047e-11
1.25318277624e-09	-5.02856922768e-11
1.25437618893e-09	-6.15741554966e-11
1.25556960162e-09	-5.53150025784e-11
1.25676301431e-09	-3.31415658805e-11
1.257956427e-09	-1.32544452844e-12
1.25914983969e-09	3.10762804379e-11
1.26034325239e-09	5.48383283228e-11
1.26153666508e-09	6.31731056355e-11
1.26273007777e-09	5.37390132394e-11
1.26392349046e-09	2.92660722045e-11
1.26511690315e-09	-3.25384641106e-12
1.26631031584e-09	-3.45668181578e-11
1.26750372853e-09	-5.58589667576e-11
1.26869714122e-09	-6.12158032598e-11
1.26989055391e-09	-4.93615946728e-11
1.2710839666e-09	-2.39025865073e-11
1.27227737929e-09	7.67276086416e-12
1.27347079198e-09	3.62943945731e-11
1.27466420467e-09	5.38309084808e-11
1.27585761736e-09	5.54889675874e-11
1.27705103005e-09	4.1080416846e-11
1.27824444274e-09	1.5041618992e-11
1.27943785544e-09	-1.48453697252e-11
1.28063126813e-09	-3.98720015338e-11
1.28182468082e-09	-5.27429731834e-11
1.28301809351e-09	-4.98894259238e-11
1.2842115062e-09	-3.22666719732e-11
1.28540491889e-09	-5.21166139758e-12
1.28659833158e-09	2.31905675219e-11
1.28779174427e-09	4.4547705802e-11
1.28898515696e-09	5.24879306685e-11
1.29017856965e-09	4.47119737068e-11
1.29137198234e-09	2.34687737993e-11
1.29256539503e-09	-4.92415830333e-12
1.29375880772e-09	-3.20693922806e-11
1.29495222041e-09	-4.99147216615e-11
1.2961456331e-09	-5.30785242148e-11
1.2973390458e-09	-4.05396029246e-11
1.29853245849e-09	-1.58281634327e-11
1.29972587118e-09	1.38859106505e-11
1.30091928387e-09	3.99657008876e-11
1.30211269656e-09	5.47786191407e-11
1.30330610925e-09	5.39155525781e-11
1.30449952194e-09	3.7537754155e-11
1.30569293463e-09	1.02520127804e-11
1.30688634732e-09	-2.01279149598e-11
1.30807976001e-09	-4.4935340171e-11
1.3092731727e-09	-5.70716078563e-11
1.31046658539e-09	-5.31121396863e-11
1.31165999808e-09	-3.42563269418e-11
1.31285341077e-09	-5.91279629425e-12
1.31404682346e-09	2.38154877763e-11
1.31524023616e-09	4.65187020848e-11
1.31643364885e-09	5.58369878112e-11
1.31762706154e-09	4.93290894243e-11
1.31882047423e-09	2.90434447325e-11
1.32001388692e-09	9.59866734707e-13
1.32120729961e-09	-2.67921726471e-11
1.3224007123e-09	-4.62939062085e-11
1.32359412499e-09	-5.20673157367e-11
1.32478753768e-09	-4.26687921107e-11
1.32598095037e-09	-2.10454119409e-11
1.32717436306e-09	6.36995577813e-12
1.32836777575e-09	3.15088927172e-11
1.32956118844e-09	4.70899153004e-11
1.33075460113e-09	4.86382427389e-11
1.33194801382e-09	3.58482341034e-11
1.33314142651e-09	1.26198548139e-11
1.33433483921e-09	-1.41501003623e-11
1.3355282519e-09	-3.64834169819e-11
1.33672166459e-09	-4.78430281503e-11
1.33791507728e-09	-4.48283493659e-11
1.33910848997e-09	-2.83952479585e-11
1.34030190266e-09	-3.37710393504e-12
1.34149531535e-09	2.28251757772e-11
1.34268872804e-09	4.24388094111e-11
1.34388214073e-09	4.96757947277e-11
1.34507555342e-09	4.22900360564e-11
1.34626896611e-09	2.24196460008e-11
1.3474623788e-09	-4.21756466557e-12
1.34865579149e-09	-2.98462643489e-11
1.34984920418e-09	-4.70001051966e-11
1.35104261687e-09	-5.06559065527e-11
1.35223602957e-09	-3.96766647315e-11
1.35342944226e-09	-1.71727996406e-11
1.35462285495e-09	1.04446763738e-11
1.35581626764e-09	3.52724446873e-11
1.35700968033e-09	5.02366134802e-11
1.35820309302e-09	5.10960024291e-11
1.35939650571e-09	3.76600937935e-11
1.3605899184e-09	1.37995934124e-11
1.36178333109e-09	-1.36424465474e-11
1.36297674378e-09	-3.68684215102e-11
1.36417015647e-09	-4.93280832847e-11
1.36536356916e-09	-4.75907577235e-11
1.36655698185e-09	-3.23328308571e-11
1.36775039454e-09	-8.04963300877e-12
1.36894380723e-09	1.81896320922e-11
1.37013721992e-09	3.88610185698e-11
1.37133063262e-09	4.80973282035e-11
1.37252404531e-09	4.33952596079e-11
1.373717458e-09	2.62977209453e-11
1.37491087069e-09	1.91046961237e-12
1.37610428338e-09	-2.25836536971e-11
1.37729769607e-09	-4.0043010574e-11
1.37849110876e-09	-4.54304649455e-11
1.37968452145e-09	-3.72918709801e-11
1.38087793414e-09	-1.81086153017e-11
1.38207134683e-09	6.35718344286e-12
1.38326475952e-09	2.89080374222e-11
1.38445817221e-09	4.28570859357e-11
1.3856515849e-09	4.41554362518e-11
1.38684499759e-09	3.2437941222e-11
1.38803841028e-09	1.1192018666e-11
1.38923182298e-09	-1.3288502243e-11
1.39042523567e-09	-3.38109679143e-11
1.39161864836e-09	-4.42743688933e-11
1.39281206105e-09	-4.16083001387e-11
1.39400547374e-09	-2.6514252599e-11
1.39519888643e-09	-3.37725463914e-12
1.39639229912e-09	2.10964440361e-11
1.39758571181e-09	3.97769317484e-11
1.3987791245e-09	4.72223093961e-11
1.39997253719e-09	4.12399454863e-11
1.40116594988e-09	2.34855537795e-11
1.40235936257e-09	-9.37507666984e-13
1.40355277526e-09	-2.50729645379e-11
1.40474618795e-09	-4.20001325385e-11
1.40593960064e-09	-4.6914371693e-11
1.40713301334e-09	-3.8443477568e-11
1.40832642603e-09	-1.90421567403e-11
1.40951983872e-09	5.71261440929e-12
1.41071325141e-09	2.87654882553e-11
1.4119066641e-09	4.35658523146e-11
1.41310007679e-09	4.59759279259e-11
1.41429348948e-09	3.54311580075e-11
1.41548690217e-09	1.50771391899e-11
1.41668031486e-09	-9.13847990336e-12
1.41787372755e-09	-3.02283753584e-11
1.41906714024e-09	-4.21538429163e-11
1.42026055293e-09	-4.1582608884e-11
1.42145396562e-09	-2.88372433571e-11
1.42264737831e-09	-7.74364253275e-12
1.423840791e-09	1.54580272194e-11
1.42503420369e-09	3.40110752062e-11
1.42622761639e-09	4.25438850815e-11
1.42742102908e-09	3.86645195027e-11
1.42861444177e-09	2.36273188514e-11
1.42980785446e-09	1.91802346575e-12
1.43100126715e-09	-2.00195728051e-11
1.43219467984e-09	-3.57628371361e-11
1.43338809253e-09	-4.06920851181e-11
1.43458150522e-09	-3.34120543732e-11
1.43577491791e-09	-1.61013372774e-11
1.4369683306e-09	6.13077600839e-12
1.43816174329e-09	2.67244958801e-11
1.43935515598e-09	3.96473548436e-11
1.44054856867e-09	4.10702513665e-11
1.44174198136e-09	3.05899368336e-11
1.44293539405e-09	1.11986409729e-11
1.44412880675e-09	-1.14454747763e-11
1.44532221944e-09	-3.07697478608e-11
1.44651563213e-09	-4.11755352037e-11
1.44770904482e-09	-3.95915418505e-11
1.44890245751e-09	-2.64665910715e-11
1.4500958702e-09	-5.50649109643e-12
1.45128928289e-09	1.72522985481e-11
1.45248269558e-09	3.53258221286e-11
1.45367610827e-09	4.35325143988e-11
1.45486952096e-09	3.95508174822e-11
1.45606293365e-09	2.45542145644e-11
1.45725634634e-09	2.85521584674e-12
1.45844975903e-09	-1.93091619083e-11
1.45964317172e-09	-3.56263456236e-11
1.46083658441e-09	-4.14640405344e-11
1.46202999711e-09	-3.52753312671e-11
1.4632234098e-09	-1.89192238265e-11
1.46441682249e-09	2.788930328e-12
1.46561023518e-09	2.35601121945e-11
1.46680364787e-09	3.74530163827e-11
1.46799706056e-09	4.04996175485e-11
1.46919047325e-09	3.1990070315e-11
1.47038388594e-09	1.44812625433e-11
1.47157729863e-09	-6.84658753303e-12
1.47277071132e-09	-2.57457683644e-11
1.47396412401e-09	-3.6759411487e-11
1.4751575367e-09	-3.6732328984e-11
1.47635094939e-09	-2.57865014064e-11
1.47754436208e-09	-7.20769234228e-12
1.47873777477e-09	1.35231678286e-11
1.47993118746e-09	3.03071803764e-11
1.48112460016e-09	3.82595274906e-11
1.48231801285e-09	3.50906387281e-11
1.48351142554e-09	2.17731145613e-11
1.48470483823e-09	2.25559154687e-12
1.48589825092e-09	-1.7743669381e-11
1.48709166361e-09	-3.23537689695e-11
1.4882850763e-09	-3.72968600448e-11
1.48947848899e-09	-3.1118128907e-11
1.49067190168e-09	-1.55933304463e-11
1.49186531437e-09	4.77590536563e-12
1.49305872706e-09	2.40727472678e-11
1.49425213975e-09	3.66997023049e-11
1.49544555244e-09	3.89666389433e-11
1.49663896513e-09	3.01910024758e-11
1.49783237782e-09	1.28802073174e-11
1.49902579052e-09	-8.01668540579e-12
1.50021920321e-09	-2.6462535288e-11
1.5014126159e-09	-3.72157131501e-11
1.50260602859e-09	-3.71725462911e-11
1.50379944128e-09	-2.6390957128e-11
1.50499285397e-09	-7.99958797121e-12
1.50618626666e-09	1.27390112348e-11
1.50737967935e-09	2.98406369059e-11
1.50857309204e-09	3.84971429734e-11
1.50976650473e-09	3.62608762461e-11
1.51095991742e-09	2.38826319832e-11
1.51215333011e-09	5.00858425914e-12
1.5133467428e-09	-1.48865503258e-11
1.51454015549e-09	-3.00521170449e-11
1.51573356818e-09	-3.61907968871e-11
1.51692698088e-09	-3.15842248189e-11
1.51812039357e-09	-1.77236038346e-11
1.51931380626e-09	1.32217891149e-12
1.52050721895e-09	1.99567706111e-11
1.52170063164e-09	3.27807329892e-11
1.52289404433e-09	3.61236214552e-11
1.52408745702e-09	2.90764651939e-11
1.52528086971e-09	1.38127408816e-11
1.5264742824e-09	-5.19417148181e-12
1.52766769509e-09	-2.23358657958e-11
1.52886110778e-09	-3.26416393914e-11
1.53005452047e-09	-3.31178730273e-11
1.53124793316e-09	-2.3672928201e-11
1.53244134585e-09	-7.10040099633e-12
1.53363475854e-09	1.17392658094e-11
1.53482817123e-09	2.73184374427e-11
1.53602158393e-09	3.50977510943e-11
1.53721499662e-09	3.2786568599e-11
1.53840840931e-09	2.1054614649e-11
