% time-domain voltage integration by openEMS v0.37.0-rc1-2-g7b051bb @Wed Aug  5 23:28:41 2026
% start-coordinates: (0.00205582,0.00175571,0.00671161) m -> [81,77,117]
% stop-coordinates: (0.00257239,0.00175571,0.00671161) m -> [89,77,117]
% t/s	voltage
0	0
1.14537166239e-12	0
2.29074332477e-12	0
3.43611498716e-12	0
4.58148664955e-12	0
5.72685831193e-12	0
6.87222997432e-12	0
8.01760163671e-12	0
9.16297329909e-12	0
1.03083449615e-11	0
1.14537166239e-11	0
1.25990882863e-11	0
1.37444599486e-11	0
1.4889831611e-11	0
1.60352032734e-11	0
1.71805749358e-11	0
1.83259465982e-11	0
1.94713182606e-11	0
2.0616689923e-11	0
2.17620615853e-11	0
2.29074332477e-11	0
2.40528049101e-11	0
2.51981765725e-11	0
2.63435482349e-11	0
2.74889198973e-11	0
2.86342915597e-11	0
2.97796632221e-11	0
3.09250348844e-11	0
3.20704065468e-11	0
3.32157782092e-11	0
3.43611498716e-11	2.23235809417e-35
3.5506521534e-11	7.20050395924e-33
3.66518931964e-11	1.70988524696e-30
3.77972648588e-11	2.80156262502e-28
3.89426365211e-11	3.23007753976e-26
4.00880081835e-11	2.66677348412e-24
4.12333798459e-11	1.60046717103e-22
4.23787515083e-11	7.07311265611e-21
4.35241231707e-11	2.32759653825e-19
4.46694948331e-11	5.75840214371e-18
4.58148664955e-11	1.07996759918e-16
4.69602381579e-11	1.54680671523e-15
4.81056098202e-11	1.70341042551e-14
4.92509814826e-11	1.45187141762e-13
5.0396353145e-11	9.64429646983e-13
5.15417248074e-11	5.03130623644e-12
5.26870964698e-11	2.07876131673e-11
5.38324681322e-11	6.85441846511e-11
5.49778397946e-11	1.80741038455e-10
5.61232114569e-11	3.74564381247e-10
5.72685831193e-11	5.60507570913e-10
5.84139547817e-11	3.49757445228e-10
5.95593264441e-11	-1.24337856677e-09
6.07046981065e-11	-6.1256322792e-09
6.18500697689e-11	-1.72672270926e-08
6.29954414313e-11	-3.83190232878e-08
6.41408130937e-11	-7.22915936002e-08
6.5286184756e-11	-1.18876839927e-07
6.64315564184e-11	-1.70182511638e-07
6.75769280808e-11	-2.05399867781e-07
6.87222997432e-11	-1.86310053607e-07
6.98676714056e-11	-5.70362059804e-08
7.1013043068e-11	2.47725093772e-07
7.21584147304e-11	7.82378812403e-07
7.33037863927e-11	1.5586194948e-06
7.44491580551e-11	2.50930838774e-06
7.55945297175e-11	3.46133032281e-06
7.67399013799e-11	4.13653188502e-06
7.78852730423e-11	4.19655944484e-06
7.90306447047e-11	3.33468521774e-06
8.01760163671e-11	1.39770006768e-06
8.13213880295e-11	-1.50202043159e-06
8.24667596918e-11	-4.93454405159e-06
8.36121313542e-11	-8.2043512748e-06
8.47575030166e-11	-1.05148718035e-05
8.5902874679e-11	-1.12095621603e-05
8.70482463414e-11	-1.00103754903e-05
8.81936180038e-11	-7.15614754654e-06
8.93389896662e-11	-3.37195280053e-06
9.04843613285e-11	3.4117037373e-07
9.16297329909e-11	3.02925197104e-06
9.27751046533e-11	4.10397379369e-06
9.39204763157e-11	3.53030841893e-06
9.50658479781e-11	1.80821718487e-06
9.62112196405e-11	-2.43142808998e-07
9.73565913029e-11	-1.80838318897e-06
9.85019629653e-11	-2.37103408551e-06
9.96473346276e-11	-1.86522389356e-06
1.0079270629e-10	-6.32936586697e-07
1.01938077952e-10	7.75735017555e-07
1.03083449615e-10	1.85932351826e-06
1.04228821277e-10	2.36048472857e-06
1.0537419294e-10	2.32332384087e-06
1.06519564602e-10	2.00354439528e-06
1.07664936264e-10	1.6935970919e-06
1.08810307927e-10	1.55722705131e-06
1.09955679589e-10	1.55429011528e-06
1.11101051252e-10	1.48662451238e-06
1.12246422914e-10	1.13187560657e-06
1.13391794576e-10	3.92611887889e-07
1.14537166239e-10	-6.173900573e-07
1.15682537901e-10	-1.59239304764e-06
1.16827909563e-10	-2.15170634021e-06
1.17973281226e-10	-2.00048596355e-06
1.19118652888e-10	-1.06429713753e-06
1.20264024551e-10	4.61103068616e-07
1.21409396213e-10	2.16356603744e-06
1.22554767875e-10	3.54929125024e-06
1.23700139538e-10	4.20613670826e-06
1.248455112e-10	3.93600643633e-06
1.25990882863e-10	2.81160852467e-06
1.27136254525e-10	1.14436321041e-06
1.28281626187e-10	-6.20421317876e-07
1.2942699785e-10	-2.04211774246e-06
1.30572369512e-10	-2.8110241459e-06
1.31717741174e-10	-2.82608938562e-06
1.32863112837e-10	-2.20271466844e-06
1.34008484499e-10	-1.21690561627e-06
1.35153856162e-10	-2.06459279894e-07
1.36299227824e-10	5.36429716647e-07
1.37444599486e-10	8.479278506e-07
1.38589971149e-10	7.27905579367e-07
1.39735342811e-10	3.19559719131e-07
1.40880714474e-10	-1.54372567618e-07
1.42026086136e-10	-4.76493163148e-07
1.43171457798e-10	-5.09514574532e-07
1.44316829461e-10	-2.37977053175e-07
1.45462201123e-10	2.3501905666e-07
1.46607572785e-10	7.3344222784e-07
1.47752944448e-10	1.07655643689e-06
1.4889831611e-10	1.14770764981e-06
1.50043687773e-10	9.3678450952e-07
1.51189059435e-10	5.43655801266e-07
1.52334431097e-10	1.40279690752e-07
1.5347980276e-10	-9.43597524561e-08
1.54625174422e-10	-4.35956895029e-08
1.55770546085e-10	2.98091775264e-07
1.56915917747e-10	8.16949452087e-07
1.58061289409e-10	1.31462115149e-06
1.59206661072e-10	1.57675785317e-06
1.60352032734e-10	1.45006212904e-06
1.61497404397e-10	9.01599520375e-07
1.62642776059e-10	3.73267914355e-08
1.63788147721e-10	-9.25556705056e-07
1.64933519384e-10	-1.72605766124e-06
1.66078891046e-10	-2.14220179373e-06
1.67224262708e-10	-2.06102033928e-06
1.68369634371e-10	-1.51369380319e-06
1.69515006033e-10	-6.62195638768e-07
1.70660377696e-10	2.54946364464e-07
1.71805749358e-10	1.00032721662e-06
1.7295112102e-10	1.41102862727e-06
1.74096492683e-10	1.44407046321e-06
1.75241864345e-10	1.17965071667e-06
1.76387236008e-10	7.83352199107e-07
1.7753260767e-10	4.41085900249e-07
1.78677979332e-10	2.90143042925e-07
1.79823350995e-10	3.70999785559e-07
1.80968722657e-10	6.14931916942e-07
1.82114094319e-10	8.72518839401e-07
1.83259465982e-10	9.72095129725e-07
1.84404837644e-10	7.86880193004e-07
1.85550209307e-10	2.87093371298e-07
1.86695580969e-10	-4.42656791222e-07
1.87840952631e-10	-1.22738192232e-06
1.88986324294e-10	-1.85816301723e-06
1.90131695956e-10	-2.16214887416e-06
1.91277067619e-10	-2.05901567085e-06
1.92422439281e-10	-1.58550106732e-06
1.93567810943e-10	-8.79901811857e-07
1.94713182606e-10	-1.33739826769e-07
1.95858554268e-10	4.70621291271e-07
1.97003925931e-10	8.15122135123e-07
1.98149297593e-10	8.75864415661e-07
1.99294669255e-10	7.20583692271e-07
2.00440040918e-10	4.77035698054e-07
2.0158541258e-10	2.85430601821e-07
2.02730784242e-10	2.49893304716e-07
2.03876155905e-10	4.04259717257e-07
2.05021527567e-10	7.02658848439e-07
2.0616689923e-10	1.03562818765e-06
2.07312270892e-10	1.26737942452e-06
2.08457642554e-10	1.28241473618e-06
2.09603014217e-10	1.0257207208e-06
2.10748385879e-10	5.23478373538e-07
2.11893757542e-10	-1.22425657167e-07
2.13039129204e-10	-7.65484351462e-07
2.14184500866e-10	-1.26016294644e-06
2.15329872529e-10	-1.5055446454e-06
2.16475244191e-10	-1.47339842016e-06
2.17620615853e-10	-1.21043192536e-06
2.18765987516e-10	-8.15847464253e-07
2.19911359178e-10	-4.03820365591e-07
2.21056730841e-10	-6.61286241321e-08
2.22202102503e-10	1.52868899761e-07
2.23347474165e-10	2.59838301986e-07
2.24492845828e-10	2.97699880747e-07
2.2563821749e-10	3.20610777038e-07
2.26783589153e-10	3.69554939539e-07
2.27928960815e-10	4.58766162836e-07
2.29074332477e-10	5.74989602597e-07
2.3021970414e-10	6.87509682962e-07
2.31365075802e-10	7.62572412327e-07
2.32510447464e-10	7.75254907381e-07
2.33655819127e-10	7.15571584209e-07
2.34801190789e-10	5.88364130749e-07
2.35946562452e-10	4.09351132546e-07
2.37091934114e-10	1.99669766054e-07
2.38237305776e-10	-1.86792239454e-08
2.39382677439e-10	-2.26488314325e-07
2.40528049101e-10	-4.09376088584e-07
2.41673420764e-10	-5.58514116733e-07
2.42818792426e-10	-6.6985148095e-07
2.43964164088e-10	-7.41564537776e-07
2.45109535751e-10	-7.70744851053e-07
2.46254907413e-10	-7.51259808141e-07
2.47400279076e-10	-6.73698785647e-07
2.48545650738e-10	-5.29478231925e-07
2.496910224e-10	-3.17682109952e-07
2.50836394063e-10	-5.15725295802e-08
2.51981765725e-10	2.38218598625e-07
2.53127137387e-10	5.07307863273e-07
2.5427250905e-10	7.08337580591e-07
2.55417880712e-10	8.05335176324e-07
2.56563252375e-10	7.86526371144e-07
2.57708624037e-10	6.69432875355e-07
2.58853995699e-10	4.95626167663e-07
2.59999367362e-10	3.16127708899e-07
2.61144739024e-10	1.73740172471e-07
2.62290110687e-10	8.85519955141e-08
2.63435482349e-10	5.29641784319e-08
2.64580854011e-10	3.80225533281e-08
2.65726225674e-10	6.85942669332e-09
2.66871597336e-10	-6.87929613274e-08
2.68016968998e-10	-1.96837421917e-07
2.69162340661e-10	-3.61012411076e-07
2.70307712323e-10	-5.25621338454e-07
2.71453083986e-10	-6.46804689808e-07
2.72598455648e-10	-6.86394365346e-07
2.7374382731e-10	-6.23544529788e-07
2.74889198973e-10	-4.61632296833e-07
2.76034570635e-10	-2.28353266962e-07
2.77179942298e-10	3.12084929011e-08
2.7832531396e-10	2.66264779114e-07
2.79470685622e-10	4.34138250682e-07
2.80616057285e-10	5.12139926911e-07
2.81761428947e-10	5.0306216437e-07
2.82906800609e-10	4.33129127231e-07
2.84052172272e-10	3.41829458961e-07
2.85197543934e-10	2.67401185639e-07
2.86342915597e-10	2.33131301819e-07
2.87488287259e-10	2.39482002229e-07
2.88633658921e-10	2.64906091729e-07
2.89779030584e-10	2.75598388555e-07
2.90924402246e-10	2.39729610385e-07
2.92069773909e-10	1.40828767314e-07
2.93215145571e-10	-1.47757278635e-08
2.94360517233e-10	-1.99453420002e-07
2.95505888896e-10	-3.73274827936e-07
2.96651260558e-10	-4.97180067782e-07
2.97796632221e-10	-5.45082183834e-07
2.98942003883e-10	-5.10903770845e-07
3.00087375545e-10	-4.08562350174e-07
3.01232747208e-10	-2.65764404261e-07
3.0237811887e-10	-1.14358863712e-07
3.03523490532e-10	1.95381565371e-08
3.04668862195e-10	1.2168964858e-07
3.05814233857e-10	1.91719834675e-07
3.0695960552e-10	2.3958972406e-07
3.08104977182e-10	2.79184870777e-07
3.09250348844e-10	3.20987908253e-07
3.10395720507e-10	3.67084513897e-07
3.11541092169e-10	4.09793905476e-07
3.12686463832e-10	4.34962991847e-07
3.13831835494e-10	4.27812796744e-07
3.14977207156e-10	3.79197881983e-07
3.16122578819e-10	2.89929873887e-07
3.17267950481e-10	1.70911365061e-07
3.18413322143e-10	3.98249839773e-08
3.19558693806e-10	-8.44506260478e-08
3.20704065468e-10	-1.87176535604e-07
3.21849437131e-10	-2.61303238602e-07
3.22994808793e-10	-3.07246796893e-07
3.24140180455e-10	-3.30557995198e-07
3.25285552118e-10	-3.37694924468e-07
3.2643092378e-10	-3.3231637353e-07
3.27576295443e-10	-3.13380244421e-07
3.28721667105e-10	-2.75720937637e-07
3.29867038767e-10	-2.12592468074e-07
3.3101241043e-10	-1.19678987609e-07
3.32157782092e-10	1.34353295156e-09
3.33303153755e-10	1.40941349258e-07
3.34448525417e-10	2.81991786366e-07
3.35593897079e-10	4.0314719385e-07
3.36739268742e-10	4.83674295282e-07
3.37884640404e-10	5.09102576984e-07
3.39030012066e-10	4.75427846425e-07
3.40175383729e-10	3.90593571709e-07
3.41320755391e-10	2.72543077884e-07
3.42466127054e-10	1.44035170457e-07
3.43611498716e-10	2.61953414515e-08
3.44756870378e-10	-6.73826403563e-08
3.45902242041e-10	-1.33382224377e-07
3.47047613703e-10	-1.77823832992e-07
3.48192985366e-10	-2.11411636641e-07
3.49338357028e-10	-2.43254357102e-07
3.5048372869e-10	-2.75545021466e-07
3.51629100353e-10	-3.01399605718e-07
3.52774472015e-10	-3.0711260024e-07
3.53919843677e-10	-2.77823069439e-07
3.5506521534e-10	-2.04298602924e-07
3.56210587002e-10	-8.83236612736e-08
3.57355958665e-10	5.58084694013e-08
3.58501330327e-10	2.04245933055e-07
3.59646701989e-10	3.29709267888e-07
3.60792073652e-10	4.08873354729e-07
3.61937445314e-10	4.28577102696e-07
3.63082816977e-10	3.88496626869e-07
3.64228188639e-10	3.00702122757e-07
3.65373560301e-10	1.85491029647e-07
3.66518931964e-10	6.59767329658e-08
3.67664303626e-10	-3.78078248708e-08
3.68809675288e-10	-1.12977279976e-07
3.69955046951e-10	-1.55693976822e-07
3.71100418613e-10	-1.70265908928e-07
3.72245790276e-10	-1.65992348755e-07
3.73391161938e-10	-1.53291873417e-07
3.745365336e-10	-1.3968105339e-07
3.75681905263e-10	-1.27831166985e-07
3.76827276925e-10	-1.15372614573e-07
3.77972648588e-10	-9.71597358124e-08
3.7911802025e-10	-6.81981702222e-08
3.80263391912e-10	-2.66586441811e-08
3.81408763575e-10	2.46987437169e-08
3.82554135237e-10	7.8956854388e-08
3.836995069e-10	1.27043168874e-07
3.84844878562e-10	1.6053834262e-07
3.85990250224e-10	1.74126895125e-07
3.87135621887e-10	1.66800246504e-07
3.88280993549e-10	1.41691169908e-07
3.89426365211e-10	1.04778186572e-07
3.90571736874e-10	6.30439491722e-08
3.91717108536e-10	2.28712074835e-08
3.92862480199e-10	-1.12586506784e-08
3.94007851861e-10	-3.71415784794e-08
3.95153223523e-10	-5.47386416194e-08
3.96298595186e-10	-6.55463048282e-08
3.97443966848e-10	-7.15187966627e-08
3.98589338511e-10	-7.40440739833e-08
3.99734710173e-10	-7.30357716527e-08
4.00880081835e-10	-6.69410713527e-08
4.02025453498e-10	-5.33097654909e-08
4.0317082516e-10	-3.04063270118e-08
4.04316196822e-10	1.24285380598e-09
4.05461568485e-10	3.79282425467e-08
4.06606940147e-10	7.30343154842e-08
4.0775231181e-10	9.88619266451e-08
4.08897683472e-10	1.09200048115e-07
4.10043055134e-10	1.01798495855e-07
4.11188426797e-10	7.93483394546e-08
4.12333798459e-10	4.86876956529e-08
4.13479170122e-10	1.82016921535e-08
4.14624541784e-10	-5.2314299559e-09
4.15769913446e-10	-1.87140423158e-08
4.16915285109e-10	-2.38628954374e-08
4.18060656771e-10	-2.53905751979e-08
4.19206028434e-10	-2.84793060246e-08
4.20351400096e-10	-3.58890708263e-08
4.21496771758e-10	-4.66317335857e-08
4.22642143421e-10	-5.6128963255e-08
4.23787515083e-10	-5.84774810797e-08
4.24932886745e-10	-4.88773879148e-08
4.26078258408e-10	-2.6185666524e-08
4.2722363007e-10	6.42454935085e-09
4.28369001733e-10	4.21958541441e-08
4.29514373395e-10	7.29165932079e-08
4.30659745057e-10	9.18105884651e-08
4.3180511672e-10	9.56000025809e-08
4.32950488382e-10	8.56748330058e-08
4.34095860045e-10	6.73543452123e-08
4.35241231707e-10	4.79762076733e-08
4.36386603369e-10	3.39699564034e-08
4.37531975032e-10	2.85085669516e-08
4.38677346694e-10	3.01142395465e-08
4.39822718356e-10	3.33035352629e-08
4.40968090019e-10	3.06570817621e-08
4.42113461681e-10	1.60196172994e-08
4.43258833344e-10	-1.27454015675e-08
4.44404205006e-10	-5.22022538529e-08
4.45549576668e-10	-9.39337287953e-08
4.46694948331e-10	-1.26943244361e-07
4.47840319993e-10	-1.41159644862e-07
4.48985691656e-10	-1.30724647995e-07
4.50131063318e-10	-9.58734522882e-08
4.5127643498e-10	-4.29369833022e-08
4.52421806643e-10	1.76223085013e-08
4.53567178305e-10	7.430103377e-08
4.54712549967e-10	1.17649658016e-07
4.5585792163e-10	1.42476948461e-07
4.57003293292e-10	1.48509278652e-07
4.58148664955e-10	1.39444477298e-07
4.59294036617e-10	1.21032361911e-07
4.60439408279e-10	9.87958559406e-08
4.61584779942e-10	7.63204526244e-08
4.62730151604e-10	5.44355041043e-08
4.63875523267e-10	3.16565305081e-08
4.65020894929e-10	5.53790213687e-09
4.66166266591e-10	-2.56007690602e-08
4.67311638254e-10	-6.11256210092e-08
4.68457009916e-10	-9.74907887752e-08
4.69602381579e-10	-1.28761596052e-07
4.70747753241e-10	-1.48221610097e-07
4.71893124903e-10	-1.50536813237e-07
4.73038496566e-10	-1.33668311086e-07
4.74183868228e-10	-9.96631062122e-08
4.7532923989e-10	-5.42487006427e-08
4.76474611553e-10	-4.93794180545e-09
4.77619983215e-10	4.11563805258e-08
4.78765354878e-10	7.94059280551e-08
4.7991072654e-10	1.08438769075e-07
4.81056098202e-10	1.2968215124e-07
4.82201469865e-10	1.455522467e-07
4.83346841527e-10	1.57514510768e-07
4.8449221319e-10	1.64529438074e-07
4.85637584852e-10	1.62852005658e-07
4.86782956514e-10	1.47319781263e-07
4.87928328177e-10	1.1345062223e-07
4.89073699839e-10	6.01057132954e-08
4.90219071501e-10	-9.03560581911e-09
4.91364443164e-10	-8.50757810866e-08
4.92509814826e-10	-1.5558043831e-07
4.93655186489e-10	-2.07320827172e-07
4.94800558151e-10	-2.29841530697e-07
4.95945929813e-10	-2.1830542174e-07
4.97091301476e-10	-1.75203998865e-07
4.98236673138e-10	-1.09761434608e-07
4.99382044801e-10	-3.57089935399e-08
5.00527416463e-10	3.24625215598e-08
5.01672788125e-10	8.33159230496e-08
5.02818159788e-10	1.11397151059e-07
5.0396353145e-10	1.18238511426e-07
5.05108903113e-10	1.1113381948e-07
5.06254274775e-10	1.00094240896e-07
5.07399646437e-10	9.40677482575e-08
5.085450181e-10	9.75697269645e-08
5.09690389762e-10	1.09156003347e-07
5.10835761424e-10	1.21962149713e-07
5.11981133087e-10	1.26309374515e-07
5.13126504749e-10	1.13373192612e-07
5.14271876412e-10	7.85454066232e-08
5.15417248074e-10	2.35754273881e-08
5.16562619736e-10	-4.35639160301e-08
5.17707991399e-10	-1.10572178968e-07
5.18853363061e-10	-1.64198924679e-07
5.19998734724e-10	-1.93764666534e-07
5.21144106386e-10	-1.93978712204e-07
5.22289478048e-10	-1.66154515036e-07
5.23434849711e-10	-1.17650369447e-07
5.24580221373e-10	-5.96870184388e-08
5.25725593035e-10	-4.20833282111e-09
5.26870964698e-10	3.92308729946e-08
5.2801633636e-10	6.5860098708e-08
5.29161708023e-10	7.64293264233e-08
5.30307079685e-10	7.63414309546e-08
5.31452451347e-10	7.31511198282e-08
5.3259782301e-10	7.37375240867e-08
5.33743194672e-10	8.1562962162e-08
5.34888566335e-10	9.55678194359e-08
5.36033937997e-10	1.1053804716e-07
5.37179309659e-10	1.19159599521e-07
5.38324681322e-10	1.14769719062e-07
5.39470052984e-10	9.3773135923e-08
5.40615424646e-10	5.71258325088e-08
5.41760796309e-10	1.0005643758e-08
5.42906167971e-10	-3.96119532731e-08
5.44051539634e-10	-8.33335058736e-08
5.45196911296e-10	-1.14509095539e-07
5.46342282958e-10	-1.29817190775e-07
5.47487654621e-10	-1.29521844805e-07
5.48633026283e-10	-1.16890938706e-07
5.49778397946e-10	-9.65772315453e-08
5.50923769608e-10	-7.31586760061e-08
5.5206914127e-10	-4.97458811921e-08
5.53214512933e-10	-2.751988748e-08
5.54359884595e-10	-6.00645361226e-09
5.55505256258e-10	1.60115503078e-08
5.5665062792e-10	3.93877905847e-08
5.57795999582e-10	6.36954204936e-08
5.58941371245e-10	8.7029684348e-08
5.60086742907e-10	1.06383112985e-07
5.61232114569e-10	1.18573699304e-07
5.62377486232e-10	1.2135228733e-07
5.63522857894e-10	1.14121331052e-07
5.64668229557e-10	9.80964891539e-08
5.65813601219e-10	7.58043019466e-08
5.66958972881e-10	5.01129027164e-08
5.68104344544e-10	2.32844895587e-08
5.69249716206e-10	-3.55357501758e-09
5.70395087869e-10	-3.03500001797e-08
5.71540459531e-10	-5.73281422334e-08
5.72685831193e-10	-8.41385103811e-08
5.73831202856e-10	-1.08988650105e-07
5.74976574518e-10	-1.2858901588e-07
5.7612194618e-10	-1.38808584182e-07
5.77267317843e-10	-1.35851118799e-07
5.78412689505e-10	-1.1768813124e-07
5.79558061168e-10	-8.49877257458e-08
5.8070343283e-10	-4.1364672354e-08
5.81848804492e-10	7.25383153544e-09
5.82994176155e-10	5.39313580461e-08
5.84139547817e-10	9.23523852947e-08
5.8528491948e-10	1.18199365851e-07
5.86430291142e-10	1.30063371628e-07
5.87575662804e-10	1.29411071192e-07
5.88721034467e-10	1.1990822113e-07
5.89866406129e-10	1.05969302222e-07
5.91011777792e-10	9.12826014776e-08
5.92157149454e-10	7.75758759453e-08
5.93302521116e-10	6.41193036444e-08
5.94447892779e-10	4.82109658861e-08
5.95593264441e-10	2.64282613571e-08
5.96738636103e-10	-3.63598523512e-09
5.97884007766e-10	-4.19122567763e-08
5.99029379428e-10	-8.50040215994e-08
6.00174751091e-10	-1.26624700947e-07
6.01320122753e-10	-1.58939158723e-07
6.02465494415e-10	-1.7470892022e-07
6.03610866078e-10	-1.69323962851e-07
6.0475623774e-10	-1.42294922512e-07
6.05901609403e-10	-9.74595724124e-08
6.07046981065e-10	-4.21703405529e-08
6.08192352727e-10	1.4652081548e-08
6.0933772439e-10	6.45958042611e-08
6.10483096052e-10	1.01699009214e-07
6.11628467714e-10	1.23514267258e-07
6.12773839377e-10	1.31095275968e-07
6.13919211039e-10	1.281122195e-07
6.15064582702e-10	1.19237066443e-07
6.16209954364e-10	1.08436647217e-07
6.17355326026e-10	9.77003944413e-08
6.18500697689e-10	8.65409650608e-08
6.19646069351e-10	7.24929964946e-08
6.20791441014e-10	5.23939451824e-08
6.21936812676e-10	2.39901101207e-08
6.23082184338e-10	-1.2642968672e-08
6.24227556001e-10	-5.45045857336e-08
6.25372927663e-10	-9.60506172376e-08
6.26518299325e-10	-1.30528285958e-07
6.27663670988e-10	-1.51773003942e-07
6.2880904265e-10	-1.55938143287e-07
6.29954414313e-10	-1.42476928922e-07
6.31099785975e-10	-1.14220123137e-07
6.32245157637e-10	-7.64223742067e-08
6.333905293e-10	-3.52450408858e-08
6.34535900962e-10	3.8554014703e-09
6.35681272625e-10	3.72586008712e-08
6.36826644287e-10	6.36295660605e-08
6.37972015949e-10	8.3492346814e-08
6.39117387612e-10	9.83640369157e-08
6.40262759274e-10	1.0960801422e-07
6.41408130937e-10	1.17630210461e-07
6.42553502599e-10	1.21482266024e-07
6.43698874261e-10	1.19134524468e-07
6.44844245924e-10	1.08262432796e-07
6.45989617586e-10	8.72070566871e-08
6.47134989248e-10	5.59694330882e-08
6.48280360911e-10	1.66974565285e-08
6.49425732573e-10	-2.63913497722e-08
6.50571104236e-10	-6.77727154397e-08
6.51716475898e-10	-1.01818087295e-07
6.5286184756e-10	-1.24101503296e-07
6.54007219223e-10	-1.32377181217e-07
6.55152590885e-10	-1.26981192672e-07
6.56297962548e-10	-1.10474605464e-07
6.5744333421e-10	-8.67535940863e-08
6.58588705872e-10	-5.99123204381e-08
6.59734077535e-10	-3.31792200381e-08
6.60879449197e-10	-8.37097152706e-09
6.62024820859e-10	1.42007871018e-08
6.63170192522e-10	3.51832418755e-08
6.64315564184e-10	5.54565331434e-08
6.65460935847e-10	7.52632280943e-08
6.66606307509e-10	9.37129702727e-08
6.67751679171e-10	1.08693138934e-07
6.68897050834e-10	1.17286866441e-07
6.70042422496e-10	1.16581315268e-07
6.71187794159e-10	1.04606248108e-07
6.72333165821e-10	8.11176508186e-08
6.73478537483e-10	4.80288895321e-08
6.74623909146e-10	9.21802578713e-09
6.75769280808e-10	-3.01142846215e-08
6.76914652471e-10	-6.45697242341e-08
6.78060024133e-10	-8.97115914889e-08
6.79205395795e-10	-1.03004975216e-07
6.80350767458e-10	-1.04278251811e-07
6.8149613912e-10	-9.54955909904e-08
6.82641510782e-10	-7.99944701591e-08
6.83786882445e-10	-6.14315180947e-08
6.84932254107e-10	-4.27664257341e-08
6.8607762577e-10	-2.56219379047e-08
6.87222997432e-10	-1.01844168654e-08
6.88368369094e-10	4.4348706929e-09
6.89513740757e-10	1.94534802711e-08
6.90659112419e-10	3.56703806492e-08
6.91804484082e-10	5.28323491622e-08
6.92949855744e-10	6.94853357075e-08
6.94095227406e-10	8.3118093297e-08
6.95240599069e-10	9.08746824457e-08
6.96385970731e-10	9.02848227291e-08
6.97531342393e-10	8.0158983895e-08
6.98676714056e-10	6.10131714041e-08
6.99822085718e-10	3.51753732808e-08
7.00967457381e-10	6.30586591277e-09
7.02112829043e-10	-2.14056150583e-08
7.03258200705e-10	-4.41936292006e-08
7.04403572368e-10	-5.95471538745e-08
7.0554894403e-10	-6.66388384474e-08
7.06694315693e-10	-6.63244628107e-08
7.07839687355e-10	-6.06316441498e-08
7.08985059017e-10	-5.20512350999e-08
7.1013043068e-10	-4.26846527013e-08
7.11275802342e-10	-3.37660073235e-08
7.12421174004e-10	-2.53876308864e-08
7.13566545667e-10	-1.68276080847e-08
7.14711917329e-10	-7.03218538955e-09
7.15857288992e-10	4.74446623655e-09
7.17002660654e-10	1.84351582888e-08
7.18148032316e-10	3.30178036023e-08
7.19293403979e-10	4.66473562e-08
7.20438775641e-10	5.71374481062e-08
7.21584147304e-10	6.25062894777e-08
7.22729518966e-10	6.15918840374e-08
7.23874890628e-10	5.43186997604e-08
7.25020262291e-10	4.18335188712e-08
7.26165633953e-10	2.61324135664e-08
7.27311005616e-10	9.67258911855e-09
7.28456377278e-10	-5.32763472227e-09
7.2960174894e-10	-1.72760318273e-08
7.30747120603e-10	-2.55709207142e-08
7.31892492265e-10	-3.04708021037e-08
7.33037863927e-10	-3.28601859056e-08
7.3418323559e-10	-3.3763112528e-08
7.35328607252e-10	-3.39124188731e-08
7.36473978915e-10	-3.35357253078e-08
7.37619350577e-10	-3.22497735183e-08
7.38764722239e-10	-2.93917605809e-08
7.39910093902e-10	-2.42741475809e-08
7.41055465564e-10	-1.66236304722e-08
7.42200837227e-10	-6.69117777852e-09
7.43346208889e-10	4.63735108647e-09
7.44491580551e-10	1.61494581041e-08
7.45636952214e-10	2.64458639432e-08
7.46782323876e-10	3.43408042003e-08
7.47927695538e-10	3.89596326311e-08
7.49073067201e-10	3.99366772985e-08
7.50218438863e-10	3.73981898782e-08
7.51363810526e-10	3.19261472814e-08
7.52509182188e-10	2.44543619798e-08
7.5365455385e-10	1.60459119325e-08
7.54799925513e-10	7.70783911697e-09
7.55945297175e-10	1.57363823361e-10
7.57090668838e-10	-6.21803930567e-09
7.582360405e-10	-1.1396953048e-08
7.59381412162e-10	-1.55101309574e-08
7.60526783825e-10	-1.87596785883e-08
7.61672155487e-10	-2.1197063993e-08
7.6281752715e-10	-2.27511396389e-08
7.63962898812e-10	-2.32202572725e-08
7.65108270474e-10	-2.23740105332e-08
7.66253642137e-10	-2.00651086857e-08
7.67399013799e-10	-1.62632287637e-08
7.68544385461e-10	-1.11017415816e-08
7.69689757124e-10	-4.86777260167e-09
7.70835128786e-10	2.00114558258e-09
7.71980500449e-10	8.99017227329e-09
7.73125872111e-10	1.54506760719e-08
7.74271243773e-10	2.07653443329e-08
7.75416615436e-10	2.42946035511e-08
7.76561987098e-10	2.5579506735e-08
7.77707358761e-10	2.43769674446e-08
7.78852730423e-10	2.07961831089e-08
7.79998102085e-10	1.53131872738e-08
7.81143473748e-10	8.74263361705e-09
7.8228884541e-10	2.07647389561e-09
7.83434217072e-10	-3.66783858841e-09
7.84579588735e-10	-7.71086039464e-09
7.85724960397e-10	-9.65404312048e-09
7.8687033206e-10	-9.56201157143e-09
7.88015703722e-10	-7.97778093586e-09
7.89161075384e-10	-5.72691216671e-09
7.90306447047e-10	-3.76621420162e-09
7.91451818709e-10	-2.83057420211e-09
7.92597190372e-10	-3.27674382419e-09
7.93742562034e-10	-4.88660301112e-09
7.94887933696e-10	-6.97802660099e-09
7.96033305359e-10	-8.56061388443e-09
7.97178677021e-10	-8.70535543651e-09
7.98324048683e-10	-6.84754103419e-09
7.99469420346e-10	-3.0475375834e-09
8.00614792008e-10	2.00665596639e-09
8.01760163671e-10	7.14655057354e-09
8.02905535333e-10	1.10857465985e-08
8.04050906995e-10	1.28076408368e-08
8.05196278658e-10	1.19035202806e-08
8.0634165032e-10	8.71270522396e-09
8.07487021983e-10	4.23885593293e-09
8.08632393645e-10	-1.35316230443e-10
8.09777765307e-10	-3.09675261476e-09
8.1092313697e-10	-3.76044063943e-09
8.12068508632e-10	-1.96544821043e-09
8.13213880295e-10	1.71414200889e-09
8.14359251957e-10	6.15387457659e-09
8.15504623619e-10	9.99569416127e-09
8.16649995282e-10	1.20658962821e-08
8.17795366944e-10	1.16796822214e-08
8.18940738606e-10	8.82075634756e-09
8.20086110269e-10	4.1182700028e-09
8.21231481931e-10	-1.34320629966e-09
8.22376853594e-10	-6.37685002025e-09
8.23522225256e-10	-9.99290278303e-09
8.24667596918e-10	-1.17385999809e-08
8.25812968581e-10	-1.17119393073e-08
8.26958340243e-10	-1.05236032666e-08
8.28103711906e-10	-8.97184182502e-09
8.29249083568e-10	-7.75657579832e-09
8.3039445523e-10	-7.18142700862e-09
8.31539826893e-10	-7.07211558759e-09
8.32685198555e-10	-6.8350914928e-09
8.33830570217e-10	-5.72128888709e-09
8.3497594188e-10	-3.11949692466e-09
8.36121313542e-10	1.19572438062e-09
8.37266685205e-10	6.89834248058e-09
8.38412056867e-10	1.31996698571e-08
8.39557428529e-10	1.89853450738e-08
8.40702800192e-10	2.31551233743e-08
8.41848171854e-10	2.48599267838e-08
8.42993543517e-10	2.3772666724e-08
8.44138915179e-10	2.00987034793e-08
8.45284286841e-10	1.45579346356e-08
8.46429658504e-10	8.09973510485e-09
8.47575030166e-10	1.68985986315e-09
8.48720401828e-10	-4.01168787079e-09
8.49865773491e-10	-8.73938399426e-09
8.51011145153e-10	-1.26376904497e-08
8.52156516816e-10	-1.60918460779e-08
8.53301888478e-10	-1.94189716529e-08
8.5444726014e-10	-2.26893932531e-08
8.55592631803e-10	-2.55095284896e-08
8.56738003465e-10	-2.71213929093e-08
8.57883375128e-10	-2.65667221555e-08
8.5902874679e-10	-2.30436263404e-08
8.60174118452e-10	-1.61974110791e-08
8.61319490115e-10	-6.36183372649e-09
8.62464861777e-10	5.43369568784e-09
8.6361023344e-10	1.76124683726e-08
8.64755605102e-10	2.83885457364e-08
8.65900976764e-10	3.61664345139e-08
8.67046348427e-10	3.98677280078e-08
8.68191720089e-10	3.91923586918e-08
8.69337091751e-10	3.45768664811e-08
8.70482463414e-10	2.71101783245e-08
8.71627835076e-10	1.81478965189e-08
8.72773206739e-10	9.05639691018e-09
8.73918578401e-10	8.13631710617e-10
8.75063950063e-10	-6.09359981918e-09
8.76209321726e-10	-1.17405253297e-08
8.77354693388e-10	-1.65626504733e-08
8.78500065051e-10	-2.11070773082e-08
8.79645436713e-10	-2.56895537065e-08
8.80790808375e-10	-3.01803173564e-08
8.81936180038e-10	-3.39166352781e-08
8.830815517e-10	-3.58282201685e-08
8.84226923362e-10	-3.47673621004e-08
8.85372295025e-10	-2.98480782313e-08
8.86517666687e-10	-2.08581009131e-08
8.8766303835e-10	-8.36407498817e-09
8.88808410012e-10	6.21692652913e-09
8.89953781674e-10	2.09552595276e-08
8.91099153337e-10	3.37283374563e-08
8.92244524999e-10	4.27407960135e-08
8.93389896662e-10	4.68425964684e-08
8.94535268324e-10	4.57961248923e-08
8.95680639986e-10	4.02444819692e-08
8.96826011649e-10	3.15038946042e-08
8.97971383311e-10	2.12050238479e-08
8.99116754974e-10	1.08666532439e-08
9.00262126636e-10	1.57328891581e-09
9.01407498298e-10	-6.22423002028e-09
9.02552869961e-10	-1.26414435586e-08
9.03698241623e-10	-1.81883101913e-08
9.04843613285e-10	-2.338994054e-08
9.05988984948e-10	-2.85185377535e-08
9.0713435661e-10	-3.3332338667e-08
9.08279728273e-10	-3.71022732537e-08
9.09425099935e-10	-3.87412488756e-08
9.10570471597e-10	-3.71720090264e-08
9.1171584326e-10	-3.16654602539e-08
9.12861214922e-10	-2.21546049284e-08
9.14006586585e-10	-9.3795985423e-09
9.15151958247e-10	5.22595405839e-09
9.16297329909e-10	1.97628752252e-08
9.17442701572e-10	3.2314979137e-08
9.18588073234e-10	4.12885792223e-08
9.19733444896e-10	4.5774085855e-08
9.20878816559e-10	4.56186064479e-08
9.22024188221e-10	4.14332752552e-08
9.23169559884e-10	3.42930570607e-08
9.24314931546e-10	2.54943994804e-08
9.25460303208e-10	1.61689354128e-08
9.26605674871e-10	7.11665881781e-09
9.27751046533e-10	-1.32872816222e-09
9.28896418196e-10	-9.18676917872e-09
9.30041789858e-10	-1.66525165879e-08
9.3118716152e-10	-2.38537382069e-08
9.32332533183e-10	-3.06236995762e-08
9.33477904845e-10	-3.64606003167e-08
9.34623276507e-10	-4.05236446621e-08
9.3576864817e-10	-4.18883712161e-08
9.36914019832e-10	-3.97534245522e-08
9.38059391495e-10	-3.37541463669e-08
9.39204763157e-10	-2.4087750683e-08
9.40350134819e-10	-1.15979787996e-08
9.41495506482e-10	2.39343445063e-09
9.42640878144e-10	1.62716170538e-08
9.43786249807e-10	2.84857188948e-08
9.44931621469e-10	3.77668163409e-08
9.46076993131e-10	4.33709883563e-08
9.47222364794e-10	4.51075579111e-08
9.48367736456e-10	4.3282761375e-08
9.49513108119e-10	3.85438552186e-08
9.50658479781e-10	3.16578614434e-08
9.51803851443e-10	2.33564617647e-08
9.52949223106e-10	1.41889666683e-08
9.54094594768e-10	4.54084614354e-09
9.5523996643e-10	-5.34122490681e-09
9.56385338093e-10	-1.51897289191e-08
9.57530709755e-10	-2.46314840746e-08
9.58676081418e-10	-3.30918248359e-08
9.5982145308e-10	-3.98379937927e-08
9.60966824742e-10	-4.40489176246e-08
9.62112196405e-10	-4.50097985549e-08
9.63257568067e-10	-4.2262892741e-08
9.6440293973e-10	-3.57546741103e-08
9.65548311392e-10	-2.58973564815e-08
9.66693683054e-10	-1.35316876593e-08
9.67839054717e-10	1.57626384167e-10
9.68984426379e-10	1.38399577354e-08
9.70129798041e-10	2.61772923338e-08
9.71275169704e-10	3.606309118e-08
9.72420541366e-10	4.26933202125e-08
9.73565913029e-10	4.56995981057e-08
9.74711284691e-10	4.50896999737e-08
9.75856656353e-10	4.12251961457e-08
9.77002028016e-10	3.46704851495e-08
9.78147399678e-10	2.6110587914e-08
9.79292771341e-10	1.62156834627e-08
9.80438143003e-10	5.62062194009e-09
9.81583514665e-10	-5.11848169404e-09
9.82728886328e-10	-1.54947865649e-08
9.8387425799e-10	-2.50111734656e-08
9.85019629653e-10	-3.31685712229e-08
9.86165001315e-10	-3.9413927011e-08
9.87310372977e-10	-4.32126847638e-08
9.8845574464e-10	-4.40459420048e-08
9.89601116302e-10	-4.15723151459e-08
9.90746487964e-10	-3.56633638177e-08
9.91891859627e-10	-2.65529631616e-08
9.93037231289e-10	-1.48334311501e-08
9.94182602952e-10	-1.47415991913e-09
9.95327974614e-10	1.22970130745e-08
9.96473346276e-10	2.51151799358e-08
9.97618717939e-10	3.56775919919e-08
9.98764089601e-10	4.29209043862e-08
9.99909461264e-10	4.61933267193e-08
1.00105483293e-09	4.53454735982e-08
1.00220020459e-09	4.07314084683e-08
1.00334557625e-09	3.31348162241e-08
1.00449094791e-09	2.35639671109e-08
1.00563631958e-09	1.30882116256e-08
1.00678169124e-09	2.61688125336e-09
1.0079270629e-09	-7.17964865338e-09
1.00907243456e-09	-1.59202909744e-08
1.01021780623e-09	-2.34264955212e-08
1.01136317789e-09	-2.9624429132e-08
1.01250854955e-09	-3.44105659522e-08
1.01365392121e-09	-3.75671851405e-08
1.01479929287e-09	-3.87398253476e-08
1.01594466454e-09	-3.74914108647e-08
1.0170900362e-09	-3.34345855446e-08
1.01823540786e-09	-2.63874073703e-08
1.01938077952e-09	-1.65391933482e-08
1.02052615119e-09	-4.51318615813e-09
1.02167152285e-09	8.61476906477e-09
1.02281689451e-09	2.14774238394e-08
1.02396226617e-09	3.25850588734e-08
1.02510763784e-09	4.06268312325e-08
1.0262530095e-09	4.46669299325e-08
1.02739838116e-09	4.43477532475e-08
1.02854375282e-09	3.99045632093e-08
1.02968912449e-09	3.21251587554e-08
1.03083449615e-09	2.21447146176e-08
1.03197986781e-09	1.12274773922e-08
1.03312523947e-09	5.26471734263e-10
1.03427061114e-09	-9.08175074033e-09
1.0354159828e-09	-1.70778894359e-08
1.03656135446e-09	-2.32744286066e-08
1.03770672612e-09	-2.77197425014e-08
1.03885209778e-09	-3.05742677842e-08
1.03999746945e-09	-3.19600370613e-08
1.04114284111e-09	-3.19111659319e-08
1.04228821277e-09	-3.03063383278e-08
1.04343358443e-09	-2.69601774239e-08
1.0445789561e-09	-2.16785196461e-08
1.04572432776e-09	-1.44308969219e-08
1.04686969942e-09	-5.42618627808e-09
1.04801507108e-09	4.78844855434e-09
1.04916044275e-09	1.53638270994e-08
1.05030581441e-09	2.52252276844e-08
1.05145118607e-09	3.32419087812e-08
1.05259655773e-09	3.84018181698e-08
1.0537419294e-09	3.99984807498e-08
1.05488730106e-09	3.77545965602e-08
1.05603267272e-09	3.18936121957e-08
1.05717804438e-09	2.31104274606e-08
1.05832341605e-09	1.24672878132e-08
1.05946878771e-09	1.23102623234e-09
1.06061415937e-09	-9.3523712108e-09
1.06175953103e-09	-1.82248992564e-08
1.06290490269e-09	-2.46968944184e-08
1.06405027436e-09	-2.84854764221e-08
1.06519564602e-09	-2.97072033639e-08
1.06634101768e-09	-2.87686576783e-08
1.06748638934e-09	-2.62175468002e-08
1.06863176101e-09	-2.25881214844e-08
1.06977713267e-09	-1.82728160381e-08
1.07092250433e-09	-1.34649043027e-08
1.07206787599e-09	-8.17864970193e-09
1.07321324766e-09	-2.33650307435e-09
1.07435861932e-09	4.10090247871e-09
1.07550399098e-09	1.09929850778e-08
1.07664936264e-09	1.79594912275e-08
1.07779473431e-09	2.43341927719e-08
1.07894010597e-09	2.92962996085e-08
1.08008547763e-09	3.19819963845e-08
1.08123084929e-09	3.17253820992e-08
1.08237622096e-09	2.82130767637e-08
1.08352159262e-09	2.16261875075e-08
1.08466696428e-09	1.26531083944e-08
1.08581233594e-09	2.40218944736e-09
1.0869577076e-09	-7.80427861224e-09
1.08810307927e-09	-1.6670452796e-08
1.08924845093e-09	-2.31775536541e-08
1.09039382259e-09	-2.6768364858e-08
1.09153919425e-09	-2.73966296316e-08
1.09268456592e-09	-2.54932457366e-08
1.09382993758e-09	-2.17792973656e-08
1.09497530924e-09	-1.70819977052e-08
1.0961206809e-09	-1.2098242963e-08
1.09726605257e-09	-7.29165361424e-09
1.09841142423e-09	-2.80916268025e-09
1.09955679589e-09	1.4253716818e-09
1.10070216755e-09	5.61364782437e-09
1.10184753922e-09	9.89173704058e-09
1.10299291088e-09	1.4217409805e-08
1.10413828254e-09	1.82856756403e-08
1.1052836542e-09	2.15597767417e-08
1.10642902587e-09	2.3392474402e-08
1.10757439753e-09	2.31941458262e-08
1.10871976919e-09	2.06231006716e-08
1.10986514085e-09	1.57143534851e-08
1.11101051252e-09	8.93204371577e-09
1.11215588418e-09	1.09593940867e-09
1.11330125584e-09	-6.76214406692e-09
1.1144466275e-09	-1.36167643827e-08
1.11559199916e-09	-1.8634584209e-08
1.11673737083e-09	-2.13426831763e-08
1.11788274249e-09	-2.16695830169e-08
1.11902811415e-09	-1.99208265439e-08
1.12017348581e-09	-1.66543185909e-08
1.12131885748e-09	-1.2514299208e-08
1.12246422914e-09	-8.08868261259e-09
1.1236096008e-09	-3.78112177679e-09
1.12475497246e-09	2.02763588905e-10
1.12590034413e-09	3.84032322609e-09
1.12704571579e-09	7.17645171067e-09
1.12819108745e-09	1.02455418594e-08
1.12933645911e-09	1.29668937809e-08
1.13048183078e-09	1.51412661298e-08
1.13162720244e-09	1.6451111251e-08
1.1327725741e-09	1.6569164818e-08
1.13391794576e-09	1.52319643565e-08
1.13506331743e-09	1.23657601936e-08
1.13620868909e-09	8.12042738607e-09
1.13735406075e-09	2.90235428746e-09
1.13849943241e-09	-2.69385366791e-09
1.13964480407e-09	-7.98831967241e-09
1.14079017574e-09	-1.2325037213e-08
1.1419355474e-09	-1.52183934343e-08
1.14308091906e-09	-1.64048318263e-08
1.14422629072e-09	-1.58916985127e-08
1.14537166239e-09	-1.3906720997e-08
1.14651703405e-09	-1.08413941713e-08
1.14766240571e-09	-7.13975217836e-09
1.14880777737e-09	-3.23214449649e-09
1.14995314904e-09	5.47779106796e-10
1.1510985207e-09	3.9621577963e-09
1.15224389236e-09	6.88458290377e-09
1.15338926402e-09	9.24025711502e-09
1.15453463569e-09	1.09835491258e-08
1.15568000735e-09	1.20584653374e-08
1.15682537901e-09	1.23815884212e-08
1.15797075067e-09	1.18662518145e-08
1.15911612234e-09	1.04385459165e-08
1.160261494e-09	8.09068301244e-09
1.16140686566e-09	4.90872678616e-09
1.16255223732e-09	1.10082221116e-09
1.16369760898e-09	-3.00520366925e-09
1.16484298065e-09	-6.98982816072e-09
1.16598835231e-09	-1.03992609524e-08
1.16713372397e-09	-1.28127299881e-08
1.16827909563e-09	-1.39199671789e-08
1.1694244673e-09	-1.35716218264e-08
1.17056983896e-09	-1.18052435605e-08
1.17171521062e-09	-8.84504208765e-09
1.17286058228e-09	-5.05199090894e-09
1.17400595395e-09	-8.8166251383e-10
1.17515132561e-09	3.20266646536e-09
1.17629669727e-09	6.77431488683e-09
1.17744206893e-09	9.52204709526e-09
1.1785874406e-09	1.12572718369e-08
1.17973281226e-09	1.19425497824e-08
1.18087818392e-09	1.16443092946e-08
1.18202355558e-09	1.05094184466e-08
1.18316892725e-09	8.70397021124e-09
1.18431429891e-09	6.38657099428e-09
1.18545967057e-09	3.69127919897e-09
1.18660504223e-09	7.33070250336e-10
1.18775041389e-09	-2.37006485271e-09
1.18889578556e-09	-5.47321299393e-09
1.19004115722e-09	-8.38148095372e-09
1.19118652888e-09	-1.08548628419e-08
1.19233190054e-09	-1.26098815834e-08
1.19347727221e-09	-1.33733422114e-08
1.19462264387e-09	-1.29178862052e-08
1.19576801553e-09	-1.11435046746e-08
1.19691338719e-09	-8.09895511766e-09
1.19805875886e-09	-4.03202563004e-09
1.19920413052e-09	6.5277832792e-10
1.20034950218e-09	5.4319947429e-09
1.20149487384e-09	9.74545855126e-09
1.20264024551e-09	1.30894746153e-08
1.20378561717e-09	1.50881945826e-08
1.20493098883e-09	1.55583195216e-08
1.20607636049e-09	1.45165878207e-08
1.20722173216e-09	1.21746100978e-08
1.20836710382e-09	8.86955442425e-09
1.20951247548e-09	5.00867658459e-09
1.21065784714e-09	9.76687793142e-10
1.21180321881e-09	-2.90075141685e-09
1.21294859047e-09	-6.40006844743e-09
1.21409396213e-09	-9.37597133266e-09
1.21523933379e-09	-1.17418996748e-08
1.21638470545e-09	-1.342656053e-08
1.21753007712e-09	-1.4343164656e-08
1.21867544878e-09	-1.43902730843e-08
1.21982082044e-09	-1.34433320031e-08
1.2209661921e-09	-1.14221062608e-08
1.22211156377e-09	-8.30146357211e-09
1.22325693543e-09	-4.1923931271e-09
1.22440230709e-09	6.56394511661e-10
1.22554767875e-09	5.83172221624e-09
1.22669305042e-09	1.08139395771e-08
1.22783842208e-09	1.50253729458e-08
1.22898379374e-09	1.7942941799e-08
1.2301291654e-09	1.91741688083e-08
1.23127453707e-09	1.85451866086e-08
