% time-domain voltage integration by openEMS v0.37.0-rc1-2-g7b051bb @Wed Aug  5 23:28:41 2026
% start-coordinates: (0.00381152,0.00175571,-0.000889) m -> [108,77,13]
% stop-coordinates: (0.0043281,0.00175571,-0.000889) m -> [116,77,13]
% t/s	voltage
0	0
1.14537166239e-12	0
2.29074332477e-12	0
3.43611498716e-12	0
4.58148664955e-12	0
5.72685831193e-12	0
6.87222997432e-12	0
8.01760163671e-12	0
9.16297329909e-12	0
1.03083449615e-11	0
1.14537166239e-11	0
1.25990882863e-11	4.2456554773e-36
1.37444599486e-11	1.54327760086e-31
1.4889831611e-11	7.82201720192e-28
1.60352032734e-11	1.09040740791e-24
1.71805749358e-11	5.11659030598e-22
1.83259465982e-11	9.31309496692e-20
1.94713182606e-11	7.25934236458e-18
2.0616689923e-11	2.56353449047e-16
2.17620615853e-11	4.00616223214e-15
2.29074332477e-11	1.74069179718e-14
2.40528049101e-11	-2.48700680106e-13
2.51981765725e-11	-3.90855314575e-12
2.63435482349e-11	-2.49376175634e-11
2.74889198973e-11	-9.27648765095e-11
2.86342915597e-11	-2.20762724941e-10
2.97796632221e-11	-3.3273324547e-10
3.09250348844e-11	-2.01121813648e-10
3.20704065468e-11	6.14000333649e-10
3.32157782092e-11	2.87815089817e-09
3.43611498716e-11	7.70479186007e-09
3.5506521534e-11	1.63396137176e-08
3.66518931964e-11	2.96925810606e-08
3.77972648588e-11	4.7294619554e-08
3.89426365211e-11	6.55134946292e-08
4.00880081835e-11	7.58214695473e-08
4.12333798459e-11	6.39931649893e-08
4.23787515083e-11	1.06627575658e-08
4.35241231707e-11	-1.05444940779e-07
4.46694948331e-11	-3.00793878694e-07
4.58148664955e-11	-5.78384103278e-07
4.69602381579e-11	-9.19208687833e-07
4.81056098202e-11	-1.27536051053e-06
4.92509814826e-11	-1.568826697e-06
5.0396353145e-11	-1.69969055719e-06
5.15417248074e-11	-1.5623627263e-06
5.26870964698e-11	-1.06785506659e-06
5.38324681322e-11	-1.70259390586e-07
5.49778397946e-11	1.10771613748e-06
5.61232114569e-11	2.65807150868e-06
5.72685831193e-11	4.28431494015e-06
5.84139547817e-11	5.71707928998e-06
5.95593264441e-11	6.65545078959e-06
6.07046981065e-11	6.8271526743e-06
6.18500697689e-11	6.05534702913e-06
6.29954414313e-11	4.31753579733e-06
6.41408130937e-11	1.77347465069e-06
6.5286184756e-11	-1.25070523893e-06
6.64315564184e-11	-4.3206734972e-06
6.75769280808e-11	-6.97580421161e-06
6.87222997432e-11	-8.81681546616e-06
6.98676714056e-11	-9.57134722057e-06
7.1013043068e-11	-9.12748186011e-06
7.21584147304e-11	-7.53852293656e-06
7.33037863927e-11	-5.00721642993e-06
7.44491580551e-11	-1.85729605562e-06
7.55945297175e-11	1.50234129848e-06
7.67399013799e-11	4.62360765141e-06
7.78852730423e-11	7.08031760155e-06
7.90306447047e-11	8.53625306263e-06
8.01760163671e-11	8.80811791149e-06
8.13213880295e-11	7.90413349705e-06
8.24667596918e-11	6.02513770787e-06
8.36121313542e-11	3.52155805672e-06
8.47575030166e-11	8.19723176448e-07
8.5902874679e-11	-1.66498930554e-06
8.70482463414e-11	-3.60599977967e-06
8.81936180038e-11	-4.817230149e-06
8.93389896662e-11	-5.26870891804e-06
9.04843613285e-11	-5.06691222313e-06
9.16297329909e-11	-4.40723425754e-06
9.27751046533e-11	-3.50991219022e-06
9.39204763157e-11	-2.55847766084e-06
9.50658479781e-11	-1.65591833223e-06
9.62112196405e-11	-8.14759715695e-07
9.73565913029e-11	1.75335248542e-08
9.85019629653e-11	9.04286419967e-07
9.96473346276e-11	1.86142858638e-06
1.0079270629e-10	2.81766143928e-06
1.01938077952e-10	3.61542006999e-06
1.03083449615e-10	4.05455790542e-06
1.04228821277e-10	3.96427498117e-06
1.0537419294e-10	3.27544888989e-06
1.06519564602e-10	2.06356826027e-06
1.07664936264e-10	5.46402404211e-07
1.08810307927e-10	-9.68829390047e-07
1.09955679589e-10	-2.16948747322e-06
1.11101051252e-10	-2.82497735782e-06
1.12246422914e-10	-2.84887175894e-06
1.13391794576e-10	-2.31821297803e-06
1.14537166239e-10	-1.44393688828e-06
1.15682537901e-10	-5.02695773008e-07
1.16827909563e-10	2.43774609388e-07
1.17973281226e-10	6.2134211376e-07
1.19118652888e-10	5.86095588062e-07
1.20264024551e-10	2.23145473655e-07
1.21409396213e-10	-2.9129241419e-07
1.22554767875e-10	-7.51245149644e-07
1.23700139538e-10	-9.86871555142e-07
1.248455112e-10	-9.14975228028e-07
1.25990882863e-10	-5.55780381717e-07
1.27136254525e-10	-1.8364436194e-08
1.28281626187e-10	5.40902217239e-07
1.2942699785e-10	9.72292284018e-07
1.30572369512e-10	1.17931698185e-06
1.31717741174e-10	1.1433544671e-06
1.32863112837e-10	9.21071745097e-07
1.34008484499e-10	6.18391618801e-07
1.35153856162e-10	3.47700486625e-07
1.36299227824e-10	1.88677533153e-07
1.37444599486e-10	1.63025193567e-07
1.38589971149e-10	2.32559633773e-07
1.39735342811e-10	3.1821469193e-07
1.40880714474e-10	3.36420251656e-07
1.42026086136e-10	2.34570099344e-07
1.43171457798e-10	1.53322761154e-08
1.44316829461e-10	-2.60478996594e-07
1.45462201123e-10	-4.95024078617e-07
1.46607572785e-10	-5.91791483373e-07
1.47752944448e-10	-4.95826817826e-07
1.4889831611e-10	-2.19680920566e-07
1.50043687773e-10	1.54473051239e-07
1.51189059435e-10	5.01274616482e-07
1.52334431097e-10	6.94886090002e-07
1.5347980276e-10	6.54864535932e-07
1.54625174422e-10	3.75390417418e-07
1.55770546085e-10	-7.0003645547e-08
1.56915917747e-10	-5.51214224487e-07
1.58061289409e-10	-9.21707297152e-07
1.59206661072e-10	-1.06451700077e-06
1.60352032734e-10	-9.28333463435e-07
1.61497404397e-10	-5.43905095185e-07
1.62642776059e-10	-1.6845475681e-08
1.63788147721e-10	5.03322183931e-07
1.64933519384e-10	8.67180851571e-07
1.66078891046e-10	9.72402595778e-07
1.67224262708e-10	7.96706736139e-07
1.68369634371e-10	4.05702376582e-07
1.69515006033e-10	-6.88971040219e-08
1.70660377696e-10	-4.74625974078e-07
1.71805749358e-10	-6.90855276986e-07
1.7295112102e-10	-6.70026299332e-07
1.74096492683e-10	-4.50499502591e-07
1.75241864345e-10	-1.38126998284e-07
1.76387236008e-10	1.37409199574e-07
1.7753260767e-10	2.73473318657e-07
1.78677979332e-10	2.3167238794e-07
1.79823350995e-10	4.94815692864e-08
1.80968722657e-10	-1.78183912958e-07
1.82114094319e-10	-3.39332682842e-07
1.83259465982e-10	-3.49710379766e-07
1.84404837644e-10	-1.86023507709e-07
1.85550209307e-10	1.05061916278e-07
1.86695580969e-10	4.24480228745e-07
1.87840952631e-10	6.57280175176e-07
1.88986324294e-10	7.13852934098e-07
1.90131695956e-10	5.61583014758e-07
1.91277067619e-10	2.34331801963e-07
1.92422439281e-10	-1.79487594565e-07
1.93567810943e-10	-5.67375366245e-07
1.94713182606e-10	-8.28626383509e-07
1.95858554268e-10	-9.03349864245e-07
1.97003925931e-10	-7.85484495225e-07
1.98149297593e-10	-5.18033836272e-07
1.99294669255e-10	-1.73053946284e-07
2.00440040918e-10	1.73217574506e-07
2.0158541258e-10	4.61306683519e-07
2.02730784242e-10	6.59262969549e-07
2.03876155905e-10	7.61625713608e-07
2.05021527567e-10	7.80652506194e-07
2.0616689923e-10	7.3522915045e-07
2.07312270892e-10	6.43017550317e-07
2.08457642554e-10	5.17358987651e-07
2.09603014217e-10	3.67490985198e-07
2.10748385879e-10	1.99835399783e-07
2.11893757542e-10	1.88424797987e-08
2.13039129204e-10	-1.72293240563e-07
2.14184500866e-10	-3.69590271276e-07
2.15329872529e-10	-5.63638497653e-07
2.16475244191e-10	-7.35599062551e-07
2.17620615853e-10	-8.558153759e-07
2.18765987516e-10	-8.89509351509e-07
2.19911359178e-10	-8.09421109693e-07
2.21056730841e-10	-6.10709754767e-07
2.22202102503e-10	-3.21416580462e-07
2.23347474165e-10	-1.48671142064e-09
2.24492845828e-10	2.71771650517e-07
2.2563821749e-10	4.28572452194e-07
2.26783589153e-10	4.31692846803e-07
2.27928960815e-10	2.92369298549e-07
2.29074332477e-10	6.90564705419e-08
2.3021970414e-10	-1.51439360607e-07
2.31365075802e-10	-2.83948809354e-07
2.32510447464e-10	-2.74737290695e-07
2.33655819127e-10	-1.20842363671e-07
2.34801190789e-10	1.28507144481e-07
2.35946562452e-10	3.89172376103e-07
2.37091934114e-10	5.70154440993e-07
2.38237305776e-10	6.04004338101e-07
2.39382677439e-10	4.69143628834e-07
2.40528049101e-10	1.95996936014e-07
2.41673420764e-10	-1.43197700808e-07
2.42818792426e-10	-4.58319796337e-07
2.43964164088e-10	-6.70242631173e-07
2.45109535751e-10	-7.35762373694e-07
2.46254907413e-10	-6.59874057618e-07
2.47400279076e-10	-4.91748087583e-07
2.48545650738e-10	-3.04941456974e-07
2.496910224e-10	-1.69749532208e-07
2.50836394063e-10	-1.26505657061e-07
2.51981765725e-10	-1.70623841278e-07
2.53127137387e-10	-2.55009398487e-07
2.5427250905e-10	-3.08919812397e-07
2.55417880712e-10	-2.66893280809e-07
2.56563252375e-10	-9.64116653179e-08
2.57708624037e-10	1.86673357661e-07
2.58853995699e-10	5.20230120316e-07
2.59999367362e-10	8.15410384547e-07
2.61144739024e-10	9.85616402716e-07
2.62290110687e-10	9.7442407565e-07
2.63435482349e-10	7.73014303235e-07
2.64580854011e-10	4.21647325055e-07
2.65726225674e-10	-3.91442100955e-09
2.66871597336e-10	-4.14546789784e-07
2.68016968998e-10	-7.3147818469e-07
2.69162340661e-10	-9.04372292609e-07
2.70307712323e-10	-9.19466295102e-07
2.71453083986e-10	-7.97970841404e-07
2.72598455648e-10	-5.86594609331e-07
2.7374382731e-10	-3.42904842299e-07
2.74889198973e-10	-1.20292138028e-07
2.76034570635e-10	4.46048287195e-08
2.77179942298e-10	1.39004151301e-07
2.7832531396e-10	1.73502168188e-07
2.79470685622e-10	1.74893364679e-07
2.80616057285e-10	1.74276613585e-07
2.81761428947e-10	1.94467314252e-07
2.82906800609e-10	2.41597806649e-07
2.84052172272e-10	3.03287649217e-07
2.85197543934e-10	3.54363967503e-07
2.86342915597e-10	3.67440769367e-07
2.87488287259e-10	3.24041771194e-07
2.88633658921e-10	2.22152915619e-07
2.89779030584e-10	7.75382695828e-08
2.90924402246e-10	-8.12911942205e-08
2.92069773909e-10	-2.22051770749e-07
2.93215145571e-10	-3.18071069927e-07
2.94360517233e-10	-3.55255915352e-07
2.95505888896e-10	-3.3406841915e-07
2.96651260558e-10	-2.68030432515e-07
2.97796632221e-10	-1.78255953998e-07
2.98942003883e-10	-8.76033933173e-08
3.00087375545e-10	-1.46343233087e-08
3.01232747208e-10	3.02681814057e-08
3.0237811887e-10	4.66025382728e-08
3.03523490532e-10	4.25386745828e-08
3.04668862195e-10	3.10471073572e-08
3.05814233857e-10	2.46491836386e-08
3.0695960552e-10	3.02940095787e-08
3.08104977182e-10	4.68939789222e-08
3.09250348844e-10	6.61463399609e-08
3.10395720507e-10	7.72909096725e-08
3.11541092169e-10	7.27633095998e-08
3.12686463832e-10	5.27508183801e-08
3.13831835494e-10	2.58925410002e-08
3.14977207156e-10	5.29431010143e-09
3.16122578819e-10	2.41440543947e-09
3.17267950481e-10	2.08277033953e-08
3.18413322143e-10	5.39124488941e-08
3.19558693806e-10	8.68232037377e-08
3.20704065468e-10	1.02635574706e-07
3.21849437131e-10	8.92159999211e-08
3.22994808793e-10	4.46625610939e-08
3.24140180455e-10	-2.18435595167e-08
3.25285552118e-10	-9.31871677601e-08
3.2643092378e-10	-1.50545613309e-07
3.27576295443e-10	-1.80191761068e-07
3.28721667105e-10	-1.78271885254e-07
3.29867038767e-10	-1.51634115042e-07
3.3101241043e-10	-1.14941928864e-07
3.32157782092e-10	-8.47657752878e-08
3.33303153755e-10	-7.29385205567e-08
3.34448525417e-10	-8.17732184188e-08
3.35593897079e-10	-1.02449674522e-07
3.36739268742e-10	-1.17732679161e-07
3.37884640404e-10	-1.07968448848e-07
3.39030012066e-10	-5.83924304465e-08
3.40175383729e-10	3.42102733919e-08
3.41320755391e-10	1.58271872053e-07
3.42466127054e-10	2.8881090941e-07
3.43611498716e-10	3.93379309571e-07
3.44756870378e-10	4.41293929399e-07
3.45902242041e-10	4.13182622339e-07
3.47047613703e-10	3.07641254693e-07
3.48192985366e-10	1.42837078165e-07
3.49338357028e-10	-4.79042322477e-08
3.5048372869e-10	-2.25273038446e-07
3.51629100353e-10	-3.54596988217e-07
3.52774472015e-10	-4.14991328412e-07
3.53919843677e-10	-4.03721177378e-07
3.5506521534e-10	-3.35477182034e-07
3.56210587002e-10	-2.36197283954e-07
3.57355958665e-10	-1.34877605085e-07
3.58501330327e-10	-5.49497913838e-08
3.59646701989e-10	-8.36921121294e-09
3.60792073652e-10	6.32650885846e-09
3.61937445314e-10	1.94410326379e-09
3.63082816977e-10	-2.98408603383e-09
3.64228188639e-10	8.90951473709e-09
3.65373560301e-10	4.73694254932e-08
3.66518931964e-10	1.10935283182e-07
3.67664303626e-10	1.86721670126e-07
3.68809675288e-10	2.54491963503e-07
3.69955046951e-10	2.92882623043e-07
3.71100418613e-10	2.86391971471e-07
3.72245790276e-10	2.30937498458e-07
3.73391161938e-10	1.35293037218e-07
3.745365336e-10	1.9079256508e-08
3.75681905263e-10	-9.32181936086e-08
3.76827276925e-10	-1.79486693952e-07
3.77972648588e-10	-2.26416637439e-07
3.7911802025e-10	-2.32494726582e-07
3.80263391912e-10	-2.07497582672e-07
3.81408763575e-10	-1.67580403776e-07
3.82554135237e-10	-1.2931876725e-07
3.836995069e-10	-1.03801654827e-07
3.84844878562e-10	-9.33821970861e-08
3.85990250224e-10	-9.19280869205e-08
3.87135621887e-10	-8.82013941883e-08
3.88280993549e-10	-7.09939231847e-08
3.89426365211e-10	-3.4171873331e-08
3.90571736874e-10	2.03013476585e-08
3.91717108536e-10	8.24613168859e-08
3.92862480199e-10	1.37284173363e-07
3.94007851861e-10	1.69996281052e-07
3.95153223523e-10	1.71171926411e-07
3.96298595186e-10	1.40463860987e-07
3.97443966848e-10	8.68600533721e-08
3.98589338511e-10	2.58348316351e-08
3.99734710173e-10	-2.59409387304e-08
4.00880081835e-10	-5.62495405809e-08
4.02025453498e-10	-6.13490818147e-08
4.0317082516e-10	-4.67756792188e-08
4.04316196822e-10	-2.4773841048e-08
4.05461568485e-10	-9.37069162543e-09
4.06606940147e-10	-1.08387018666e-08
4.0775231181e-10	-3.17770073588e-08
4.08897683472e-10	-6.61165149296e-08
4.10043055134e-10	-1.01391346874e-07
4.11188426797e-10	-1.23381894035e-07
4.12333798459e-10	-1.21274045917e-07
4.13479170122e-10	-9.16564606435e-08
4.14624541784e-10	-3.97356081372e-08
4.15769913446e-10	2.22456767451e-08
4.16915285109e-10	7.89117162725e-08
4.18060656771e-10	1.16421147389e-07
4.19206028434e-10	1.2628871815e-07
4.20351400096e-10	1.07343499867e-07
4.21496771758e-10	6.55503991087e-08
4.22642143421e-10	1.1612803219e-08
4.23787515083e-10	-4.20215253705e-08
4.24932886745e-10	-8.4589200533e-08
4.26078258408e-10	-1.0926380245e-07
4.2722363007e-10	-1.14337080248e-07
4.28369001733e-10	-1.02716420258e-07
4.29514373395e-10	-8.05554631889e-08
4.30659745057e-10	-5.47129219708e-08
4.3180511672e-10	-3.07828857959e-08
4.32950488382e-10	-1.14543421414e-08
4.34095860045e-10	3.9405295138e-09
4.35241231707e-10	1.84199874798e-08
4.36386603369e-10	3.56371003818e-08
4.37531975032e-10	5.77345498076e-08
4.38677346694e-10	8.37897968786e-08
4.39822718356e-10	1.09308808227e-07
4.40968090019e-10	1.27235374237e-07
4.42113461681e-10	1.29881768451e-07
4.43258833344e-10	1.1160612079e-07
4.44404205006e-10	7.09216898542e-08
4.45549576668e-10	1.16961225705e-08
4.46694948331e-10	-5.74608480797e-08
4.47840319993e-10	-1.2497701718e-07
4.48985691656e-10	-1.79153920143e-07
4.50131063318e-10	-2.11108477366e-07
4.5127643498e-10	-2.16708513356e-07
4.52421806643e-10	-1.97192921547e-07
4.53567178305e-10	-1.58385087268e-07
4.54712549967e-10	-1.08503222407e-07
4.5585792163e-10	-5.56906698534e-08
4.57003293292e-10	-6.00766977832e-09
4.58148664955e-10	3.78531379575e-08
4.59294036617e-10	7.61565526197e-08
4.60439408279e-10	1.10858725755e-07
4.61584779942e-10	1.43763569049e-07
4.62730151604e-10	1.74798386432e-07
4.63875523267e-10	2.01213402384e-07
4.65020894929e-10	2.17885231635e-07
4.66166266591e-10	2.18597601354e-07
4.67311638254e-10	1.97851809602e-07
4.68457009916e-10	1.52770722295e-07
4.69602381579e-10	8.4173241266e-08
4.70747753241e-10	-2.7724367524e-09
4.71893124903e-10	-9.92417970025e-08
4.73038496566e-10	-1.93831538375e-07
4.74183868228e-10	-2.74315656412e-07
4.7532923989e-10	-3.29555234657e-07
4.76474611553e-10	-3.5138035237e-07
4.77619983215e-10	-3.3592895754e-07
4.78765354878e-10	-2.8455857759e-07
4.7991072654e-10	-2.03653325315e-07
4.81056098202e-10	-1.0378713089e-07
4.82201469865e-10	2.0718182725e-09
4.83346841527e-10	1.00759002031e-07
4.8449221319e-10	1.81312437064e-07
4.85637584852e-10	2.36789986729e-07
4.86782956514e-10	2.65386796983e-07
4.87928328177e-10	2.69951218712e-07
4.89073699839e-10	2.56498928763e-07
4.90219071501e-10	2.31945652018e-07
4.91364443164e-10	2.01569969605e-07
4.92509814826e-10	1.67556857278e-07
4.93655186489e-10	1.28637799079e-07
4.94800558151e-10	8.12726166366e-08
4.95945929813e-10	2.16912351414e-08
4.97091301476e-10	-5.14523281758e-08
4.98236673138e-10	-1.35398589229e-07
4.99382044801e-10	-2.22335255096e-07
5.00527416463e-10	-3.00355065264e-07
5.01672788125e-10	-3.55715309652e-07
5.02818159788e-10	-3.7617012083e-07
5.0396353145e-10	-3.54122562385e-07
5.05108903113e-10	-2.89293570432e-07
5.06254274775e-10	-1.89332864053e-07
5.07399646437e-10	-6.86107886061e-08
5.085450181e-10	5.47231246983e-08
5.09690389762e-10	1.62790595226e-07
5.10835761424e-10	2.41897096132e-07
5.11981133087e-10	2.85203297423e-07
5.13126504749e-10	2.93589721423e-07
5.14271876412e-10	2.74397530475e-07
5.15417248074e-10	2.38428178534e-07
5.16562619736e-10	1.96487275339e-07
5.17707991399e-10	1.56009395624e-07
5.18853363061e-10	1.19373498642e-07
5.19998734724e-10	8.3988163091e-08
5.21144106386e-10	4.41888665659e-08
5.22289478048e-10	-5.70927732868e-09
5.23434849711e-10	-6.84014560548e-08
5.24580221373e-10	-1.41435225309e-07
5.25725593035e-10	-2.1682738538e-07
5.26870964698e-10	-2.82339765789e-07
5.2801633636e-10	-3.24630939019e-07
5.29161708023e-10	-3.32627518418e-07
5.30307079685e-10	-3.01045561812e-07
5.31452451347e-10	-2.32226009089e-07
5.3259782301e-10	-1.3617911776e-07
5.33743194672e-10	-2.83265231271e-08
5.34888566335e-10	7.4098144065e-08
5.36033937997e-10	1.56365620896e-07
5.37179309659e-10	2.09507946991e-07
5.38324681322e-10	2.31976402532e-07
5.39470052984e-10	2.28958697335e-07
5.40615424646e-10	2.09667248008e-07
5.41760796309e-10	1.83912436391e-07
5.42906167971e-10	1.58664311911e-07
5.44051539634e-10	1.36159465036e-07
5.45196911296e-10	1.13866790219e-07
5.46342282958e-10	8.63580793542e-08
5.47487654621e-10	4.80898327826e-08
5.48633026283e-10	-3.55624123205e-09
5.49778397946e-10	-6.65711050729e-08
5.50923769608e-10	-1.33970146088e-07
5.5206914127e-10	-1.95364769695e-07
5.53214512933e-10	-2.39527503609e-07
5.54359884595e-10	-2.57498893319e-07
5.55505256258e-10	-2.4496673845e-07
5.5665062792e-10	-2.0358880537e-07
5.57795999582e-10	-1.40624782041e-07
5.58941371245e-10	-6.71877269376e-08
5.60086742907e-10	4.51379006394e-09
5.61232114569e-10	6.41546495928e-08
5.62377486232e-10	1.05512255821e-07
5.63522857894e-10	1.27448298137e-07
5.64668229557e-10	1.33243754696e-07
5.65813601219e-10	1.28728125048e-07
5.66958972881e-10	1.19798180265e-07
5.68104344544e-10	1.10347386784e-07
5.69249716206e-10	1.01218716075e-07
5.70395087869e-10	9.04919454925e-08
5.71540459531e-10	7.49189128513e-08
5.72685831193e-10	5.17509342046e-08
5.73831202856e-10	2.04381169766e-08
5.74976574518e-10	-1.66788683975e-08
5.7612194618e-10	-5.46591647499e-08
5.77267317843e-10	-8.74015269048e-08
5.78412689505e-10	-1.09322757957e-07
5.79558061168e-10	-1.1712577308e-07
5.8070343283e-10	-1.10547010657e-07
5.81848804492e-10	-9.24004228686e-08
5.82994176155e-10	-6.75036613274e-08
5.84139547817e-10	-4.12621361523e-08
5.8528491948e-10	-1.81798924248e-08
5.86430291142e-10	-8.78244726943e-10
5.87575662804e-10	1.02531160784e-08
5.88721034467e-10	1.66136183699e-08
5.89866406129e-10	2.0514904997e-08
5.91011777792e-10	2.40976196775e-08
5.92157149454e-10	2.84340206935e-08
5.93302521116e-10	3.32024772121e-08
5.94447892779e-10	3.69114698806e-08
5.95593264441e-10	3.77152282738e-08
5.96738636103e-10	3.43331754138e-08
5.97884007766e-10	2.68195944342e-08
5.99029379428e-10	1.66450243588e-08
6.00174751091e-10	6.28115520707e-09
6.01320122753e-10	-1.76512793271e-09
6.02465494415e-10	-5.88331938722e-09
6.03610866078e-10	-5.92869163485e-09
6.0475623774e-10	-3.2571450554e-09
6.05901609403e-10	-9.57884743746e-11
6.07046981065e-10	1.38089545354e-09
6.08192352727e-10	-1.89885298457e-10
6.0933772439e-10	-4.78929026299e-09
6.10483096052e-10	-1.12319576417e-08
6.11628467714e-10	-1.76997063672e-08
6.12773839377e-10	-2.25586477276e-08
6.13919211039e-10	-2.499593732e-08
6.15064582702e-10	-2.53035223885e-08
6.16209954364e-10	-2.45370113117e-08
6.17355326026e-10	-2.40126662998e-08
6.18500697689e-10	-2.45713230873e-08
6.19646069351e-10	-2.61028479942e-08
6.20791441014e-10	-2.74708179537e-08
6.21936812676e-10	-2.68141577831e-08
6.23082184338e-10	-2.21870188888e-08
6.24227556001e-10	-1.23689176679e-08
6.25372927663e-10	2.52592907701e-09
6.26518299325e-10	2.06788905999e-08
6.27663670988e-10	3.88352201508e-08
6.2880904265e-10	5.30462469506e-08
6.29954414313e-10	5.98441096678e-08
6.31099785975e-10	5.73548057936e-08
6.32245157637e-10	4.60994435958e-08
6.333905293e-10	2.89397252828e-08
6.34535900962e-10	1.03471284874e-08
6.35681272625e-10	-5.05119482352e-09
6.36826644287e-10	-1.39754038897e-08
6.37972015949e-10	-1.55918962186e-08
6.39117387612e-10	-1.17865607829e-08
6.40262759274e-10	-6.49226691851e-09
6.41408130937e-10	-4.26608927004e-09
6.42553502599e-10	-8.53835319115e-09
6.43698874261e-10	-2.03087950901e-08
6.44844245924e-10	-3.75754534154e-08
6.45989617586e-10	-5.58133992357e-08
6.47134989248e-10	-6.93739949931e-08
6.48280360911e-10	-7.32925435898e-08
6.49425732573e-10	-6.48887739096e-08
6.50571104236e-10	-4.47863621744e-08
6.51716475898e-10	-1.67311640098e-08
6.5286184756e-10	1.33576933403e-08
6.54007219223e-10	3.9119536499e-08
6.55152590885e-10	5.55987664796e-08
6.56297962548e-10	6.0592383555e-08
6.5744333421e-10	5.51997612064e-08
6.58588705872e-10	4.32896034575e-08
6.59734077535e-10	3.01323461738e-08
6.60879449197e-10	2.0570599446e-08
6.62024820859e-10	1.74563333788e-08
6.63170192522e-10	2.0685960167e-08
6.64315564184e-10	2.74003386647e-08
6.65460935847e-10	3.30589200459e-08
6.66606307509e-10	3.30258669301e-08
6.67751679171e-10	2.42951645468e-08
6.68897050834e-10	6.47716469349e-09
6.70042422496e-10	-1.79667709599e-08
6.71187794159e-10	-4.44927914511e-08
6.72333165821e-10	-6.77527469684e-08
6.73478537483e-10	-8.32006632479e-08
6.74623909146e-10	-8.81086101856e-08
6.75769280808e-10	-8.22991208516e-08
6.76914652471e-10	-6.77697968854e-08
6.78060024133e-10	-4.79992456892e-08
6.79205395795e-10	-2.67405237953e-08
6.80350767458e-10	-7.03056082796e-09
6.8149613912e-10	9.55544299241e-09
6.82641510782e-10	2.29259307094e-08
6.83786882445e-10	3.41521331215e-08
6.84932254107e-10	4.45690708784e-08
6.8607762577e-10	5.49978182995e-08
6.87222997432e-10	6.5146309236e-08
6.88368369094e-10	7.34554892468e-08
6.89513740757e-10	7.75716415546e-08
6.90659112419e-10	7.50956634654e-08
6.91804484082e-10	6.45269531141e-08
6.92949855744e-10	4.58863225195e-08
6.94095227406e-10	2.10158411784e-08
6.95240599069e-10	-6.90776319479e-09
6.96385970731e-10	-3.40436456803e-08
6.97531342393e-10	-5.69090259361e-08
6.98676714056e-10	-7.31303551049e-08
6.99822085718e-10	-8.18582313045e-08
7.00967457381e-10	-8.36032296725e-08
7.02112829043e-10	-7.9760377858e-08
7.03258200705e-10	-7.19432935448e-08
7.04403572368e-10	-6.13620207979e-08
7.0554894403e-10	-4.86034441582e-08
7.06694315693e-10	-3.36660648248e-08
7.07839687355e-10	-1.63248539131e-08
7.08985059017e-10	3.39461851684e-09
7.1013043068e-10	2.48232490119e-08
7.11275802342e-10	4.64851577231e-08
7.12421174004e-10	6.61306307492e-08
7.13566545667e-10	8.11842073567e-08
7.14711917329e-10	8.92414337983e-08
7.15857288992e-10	8.87215843015e-08
7.17002660654e-10	7.93484105088e-08
7.18148032316e-10	6.22535587524e-08
7.19293403979e-10	3.98536788015e-08
7.20438775641e-10	1.52465106096e-08
7.21584147304e-10	-8.47060438458e-09
7.22729518966e-10	-2.88765440448e-08
7.23874890628e-10	-4.4569522295e-08
7.25020262291e-10	-5.53220362853e-08
7.26165633953e-10	-6.16601525394e-08
7.27311005616e-10	-6.45104352159e-08
7.28456377278e-10	-6.46186832931e-08
7.2960174894e-10	-6.23069982275e-08
7.30747120603e-10	-5.73811222981e-08
7.31892492265e-10	-4.9435614935e-08
7.33037863927e-10	-3.81170932595e-08
7.3418323559e-10	-2.3586100184e-08
7.35328607252e-10	-6.61512494782e-09
7.36473978915e-10	1.14038762877e-08
7.37619350577e-10	2.87296619828e-08
7.38764722239e-10	4.36225189304e-08
7.39910093902e-10	5.46540155355e-08
7.41055465564e-10	6.09240418115e-08
7.42200837227e-10	6.21583189364e-08
7.43346208889e-10	5.86397908009e-08
7.44491580551e-10	5.10761060113e-08
7.45636952214e-10	4.04757876105e-08
7.46782323876e-10	2.7905157407e-08
7.47927695538e-10	1.43966798483e-08
7.49073067201e-10	7.92187142273e-10
7.50218438863e-10	-1.22144376835e-08
7.51363810526e-10	-2.41031472559e-08
7.52509182188e-10	-3.43644657175e-08
7.5365455385e-10	-4.25230950452e-08
7.54799925513e-10	-4.80816348958e-08
7.55945297175e-10	-5.0599488377e-08
7.57090668838e-10	-4.98036820673e-08
7.582360405e-10	-4.56985431718e-08
7.59381412162e-10	-3.86069201053e-08
7.60526783825e-10	-2.91566703003e-08
7.61672155487e-10	-1.8194361795e-08
7.6281752715e-10	-6.61877080921e-09
7.63962898812e-10	4.72741543134e-09
7.65108270474e-10	1.51767377554e-08
7.66253642137e-10	2.41948622248e-08
7.67399013799e-10	3.13794137341e-08
7.68544385461e-10	3.63844736562e-08
7.69689757124e-10	3.89505996345e-08
7.70835128786e-10	3.89551306768e-08
7.71980500449e-10	3.65150789605e-08
7.73125872111e-10	3.1990292193e-08
7.74271243773e-10	2.59131058833e-08
7.75416615436e-10	1.88668252132e-08
7.76561987098e-10	1.12648551043e-08
7.77707358761e-10	3.37403462114e-09
7.78852730423e-10	-4.73740346951e-09
7.79998102085e-10	-1.29745941213e-08
7.81143473748e-10	-2.11329838073e-08
7.8228884541e-10	-2.87211245897e-08
7.83434217072e-10	-3.50699829177e-08
7.84579588735e-10	-3.93076720062e-08
7.85724960397e-10	-4.06774118833e-08
7.8687033206e-10	-3.86098386596e-08
7.88015703722e-10	-3.30074911847e-08
7.89161075384e-10	-2.43113187359e-08
7.90306447047e-10	-1.35407949853e-08
7.91451818709e-10	-2.12324497567e-09
7.92597190372e-10	8.37476471505e-09
7.93742562034e-10	1.6610746667e-08
7.94887933696e-10	2.18121203321e-08
7.96033305359e-10	2.39249705603e-08
7.97178677021e-10	2.36344048776e-08
7.98324048683e-10	2.20630391734e-08
7.99469420346e-10	2.04348088451e-08
8.00614792008e-10	1.96123298712e-08
8.01760163671e-10	1.98432547061e-08
8.02905535333e-10	2.05925106966e-08
8.04050906995e-10	2.07763044546e-08
8.05196278658e-10	1.90564739544e-08
8.0634165032e-10	1.43824305243e-08
8.07487021983e-10	6.37113958812e-09
8.08632393645e-10	-4.40510382338e-09
8.09777765307e-10	-1.64906740485e-08
8.1092313697e-10	-2.78297676015e-08
8.12068508632e-10	-3.63068082265e-08
8.13213880295e-10	-4.02898916452e-08
8.14359251957e-10	-3.90772483261e-08
8.15504623619e-10	-3.30911844593e-08
8.16649995282e-10	-2.37477127962e-08
8.17795366944e-10	-1.30881759319e-08
8.18940738606e-10	-3.20871728493e-09
8.20086110269e-10	4.29545796155e-09
8.21231481931e-10	8.69067295906e-09
8.22376853594e-10	1.02592510598e-08
8.23522225256e-10	1.00972852857e-08
8.24667596918e-10	9.69727559363e-09
8.25812968581e-10	1.04147503954e-08
8.26958340243e-10	1.30188938519e-08
8.28103711906e-10	1.73685867355e-08
8.29249083568e-10	2.24792853221e-08
8.3039445523e-10	2.67446965685e-08
8.31539826893e-10	2.84649336324e-08
8.32685198555e-10	2.63437363035e-08
8.33830570217e-10	1.99592410377e-08
8.3497594188e-10	9.88289250436e-09
8.36121313542e-10	-2.35125170028e-09
8.37266685205e-10	-1.46790561928e-08
8.38412056867e-10	-2.49740287339e-08
8.39557428529e-10	-3.15968311515e-08
8.40702800192e-10	-3.37168839515e-08
8.41848171854e-10	-3.15092238967e-08
8.42993543517e-10	-2.59741982367e-08
8.44138915179e-10	-1.86783020162e-08
8.45284286841e-10	-1.1277146772e-08
8.46429658504e-10	-5.09772826729e-09
8.47575030166e-10	-8.49817147208e-10
8.48720401828e-10	1.51920100111e-09
8.49865773491e-10	2.67551938937e-09
8.51011145153e-10	3.63713591189e-09
8.52156516816e-10	5.36584812694e-09
8.53301888478e-10	8.42049346916e-09
8.5444726014e-10	1.27280634366e-08
8.55592631803e-10	1.75854022455e-08
8.56738003465e-10	2.18224899262e-08
8.57883375128e-10	2.41705977455e-08
8.5902874679e-10	2.36230743855e-08
8.60174118452e-10	1.97701365279e-08
8.61319490115e-10	1.29104803515e-08
8.62464861777e-10	4.05819039484e-09
8.6361023344e-10	-5.32670638154e-09
8.64755605102e-10	-1.36470822976e-08
8.65900976764e-10	-1.95526252966e-08
8.67046348427e-10	-2.22309818332e-08
8.68191720089e-10	-2.15827227201e-08
8.69337091751e-10	-1.82088016887e-08
8.70482463414e-10	-1.32457805835e-08
8.71627835076e-10	-8.03224542434e-09
8.72773206739e-10	-3.77202052926e-09
8.73918578401e-10	-1.20488094502e-09
8.75063950063e-10	-4.55371880828e-10
8.76209321726e-10	-1.02414197262e-09
8.77354693388e-10	-2.01571667691e-09
8.78500065051e-10	-2.41101839882e-09
8.79645436713e-10	-1.45406746366e-09
8.80790808375e-10	1.15717396255e-09
8.81936180038e-10	5.08787915965e-09
8.830815517e-10	9.52107431784e-09
8.84226923362e-10	1.33208887809e-08
8.85372295025e-10	1.54187074219e-08
8.86517666687e-10	1.50930367648e-08
8.8766303835e-10	1.22330827135e-08
8.88808410012e-10	7.34814312175e-09
8.89953781674e-10	1.47903141123e-09
8.91099153337e-10	-4.11452372173e-09
8.92244524999e-10	-8.26338178439e-09
8.93389896662e-10	-1.01979767964e-08
8.94535268324e-10	-9.73302502483e-09
8.95680639986e-10	-7.30180646502e-09
8.96826011649e-10	-3.82187542725e-09
8.97971383311e-10	-4.35659026216e-10
8.99116754974e-10	1.80760088841e-09
9.00262126636e-10	2.2740256761e-09
9.01407498298e-10	8.92031327276e-10
9.02552869961e-10	-1.80426723562e-09
9.03698241623e-10	-4.89566098771e-09
9.04843613285e-10	-7.35519678496e-09
9.05988984948e-10	-8.39703773181e-09
9.0713435661e-10	-7.68437213861e-09
9.08279728273e-10	-5.41454397984e-09
9.09425099935e-10	-2.21944390644e-09
9.10570471597e-10	1.07365022602e-09
9.1171584326e-10	3.65679600489e-09
9.12861214922e-10	5.00670210846e-09
9.14006586585e-10	4.99175425994e-09
9.15151958247e-10	3.90388656124e-09
9.16297329909e-10	2.35161645018e-09
9.17442701572e-10	1.06125530586e-09
9.18588073234e-10	6.44742452136e-10
9.19733444896e-10	1.38016625559e-09
9.20878816559e-10	3.13374461103e-09
9.22024188221e-10	5.37457428562e-09
9.23169559884e-10	7.3831067926e-09
9.24314931546e-10	8.43799446981e-09
9.25460303208e-10	8.08770317384e-09
9.26605674871e-10	6.21710696813e-09
9.27751046533e-10	3.12765734145e-09
9.28896418196e-10	-6.38370117184e-10
9.30041789858e-10	-4.40130334955e-09
9.3118716152e-10	-7.59338664169e-09
9.32332533183e-10	-9.83950981803e-09
9.33477904845e-10	-1.10808494602e-08
9.34623276507e-10	-1.14835239651e-08
9.3576864817e-10	-1.13446696481e-08
9.36914019832e-10	-1.09190305131e-08
9.38059391495e-10	-1.03194756074e-08
9.39204763157e-10	-9.43153921629e-09
9.40350134819e-10	-8.01095234593e-09
9.41495506482e-10	-5.76576381084e-09
9.42640878144e-10	-2.50845497152e-09
9.43786249807e-10	1.7069193281e-09
9.44931621469e-10	6.57897947232e-09
9.46076993131e-10	1.15531744727e-08
9.47222364794e-10	1.59393108712e-08
9.48367736456e-10	1.90507787323e-08
9.49513108119e-10	2.03713682589e-08
9.50658479781e-10	1.96497017546e-08
9.51803851443e-10	1.69829940111e-08
9.52949223106e-10	1.27523946958e-08
9.54094594768e-10	7.53321430236e-09
9.5523996643e-10	1.95111616447e-09
9.56385338093e-10	-3.46377226901e-09
9.57530709755e-10	-8.34399854766e-09
9.58676081418e-10	-1.24954608327e-08
9.5982145308e-10	-1.58702112563e-08
9.60966824742e-10	-1.84769852751e-08
9.62112196405e-10	-2.02842411756e-08
9.63257568067e-10	-2.11959806373e-08
9.6440293973e-10	-2.10119341926e-08
9.65548311392e-10	-1.94917463281e-08
9.66693683054e-10	-1.64307067951e-08
9.67839054717e-10	-1.17689161194e-08
9.68984426379e-10	-5.66396032853e-09
9.70129798041e-10	1.47347317681e-09
9.71275169704e-10	9.01388752528e-09
9.72420541366e-10	1.62101213563e-08
9.73565913029e-10	2.22852241105e-08
9.74711284691e-10	2.6577885448e-08
9.75856656353e-10	2.86059229637e-08
9.77002028016e-10	2.81580208039e-08
9.78147399678e-10	2.52760983255e-08
9.79292771341e-10	2.0291038072e-08
9.80438143003e-10	1.37029533276e-08
9.81583514665e-10	6.16775619466e-09
9.82728886328e-10	-1.67641248106e-09
9.8387425799e-10	-9.20415493821e-09
9.85019629653e-10	-1.59231786645e-08
9.86165001315e-10	-2.14239808116e-08
9.87310372977e-10	-2.54130998467e-08
9.8845574464e-10	-2.76730982574e-08
9.89601116302e-10	-2.80902761052e-08
9.90746487964e-10	-2.66235268276e-08
9.91891859627e-10	-2.33490182744e-08
9.93037231289e-10	-1.84397429548e-08
9.94182602952e-10	-1.21649034179e-08
9.95327974614e-10	-4.89936446968e-09
9.96473346276e-10	2.89016063859e-09
9.97618717939e-10	1.06605775319e-08
9.98764089601e-10	1.78144083929e-08
9.99909461264e-10	2.37547287396e-08
1.00105483293e-09	2.7962544058e-08
1.00220020459e-09	3.00276723486e-08
1.00334557625e-09	2.9737111884e-08
1.00449094791e-09	2.70778854894e-08
1.00563631958e-09	2.22542511086e-08
1.00678169124e-09	1.56759712988e-08
1.0079270629e-09	7.91656595833e-09
1.00907243456e-09	-3.60972175761e-10
1.01021780623e-09	-8.46485626038e-09
1.01136317789e-09	-1.57799510125e-08
1.01250854955e-09	-2.18088208603e-08
1.01365392121e-09	-2.61937297408e-08
1.01479929287e-09	-2.87212460481e-08
1.01594466454e-09	-2.92755466536e-08
1.0170900362e-09	-2.78307983326e-08
1.01823540786e-09	-2.44463665977e-08
1.01938077952e-09	-1.92869068494e-08
1.02052615119e-09	-1.26355245711e-08
1.02167152285e-09	-4.91340948483e-09
1.02281689451e-09	3.33285213316e-09
1.02396226617e-09	1.14594503331e-08
1.02510763784e-09	1.87618014458e-08
1.0262530095e-09	2.45747090455e-08
1.02739838116e-09	2.83215431107e-08
1.02854375282e-09	2.96455668902e-08
1.02968912449e-09	2.84427605912e-08
1.03083449615e-09	2.49218448101e-08
1.03197986781e-09	1.95194261865e-08
1.03312523947e-09	1.28603929173e-08
1.03427061114e-09	5.59182036786e-09
1.0354159828e-09	-1.66883822039e-09
1.03656135446e-09	-8.44176800685e-09
1.03770672612e-09	-1.43638212435e-08
1.03885209778e-09	-1.92128877252e-08
1.03999746945e-09	-2.28148696602e-08
1.04114284111e-09	-2.50575095118e-08
1.04228821277e-09	-2.58079193571e-08
1.04343358443e-09	-2.49387821505e-08
1.0445789561e-09	-2.23537247601e-08
1.04572432776e-09	-1.80293079355e-08
1.04686969942e-09	-1.21067991188e-08
1.04801507108e-09	-4.93332358298e-09
1.04916044275e-09	2.93457047551e-09
1.05030581441e-09	1.07641313085e-08
1.05145118607e-09	1.7749196779e-08
1.05259655773e-09	2.31450726362e-08
1.0537419294e-09	2.6371302031e-08
1.05488730106e-09	2.71254956274e-08
1.05603267272e-09	2.54143277534e-08
1.05717804438e-09	2.15441731122e-08
1.05832341605e-09	1.60551570927e-08
1.05946878771e-09	9.61087565088e-09
1.06061415937e-09	2.88237543555e-09
1.06175953103e-09	-3.55164261889e-09
1.06290490269e-09	-9.25859666712e-09
1.06405027436e-09	-1.39690773393e-08
1.06519564602e-09	-1.75372008027e-08
1.06634101768e-09	-1.98928591377e-08
1.06748638934e-09	-2.1001313133e-08
1.06863176101e-09	-2.08245046762e-08
1.06977713267e-09	-1.93401733517e-08
1.07092250433e-09	-1.65592368706e-08
1.07206787599e-09	-1.25630532088e-08
1.07321324766e-09	-7.55175721956e-09
1.07435861932e-09	-1.85644788431e-09
1.07550399098e-09	4.07908554156e-09
1.07664936264e-09	9.72308566993e-09
1.07779473431e-09	1.45494126746e-08
1.07894010597e-09	1.80965222807e-08
1.08008547763e-09	2.0051744154e-08
1.08123084929e-09	2.02725365384e-08
1.08237622096e-09	1.88162682102e-08
1.08352159262e-09	1.58829928099e-08
1.08466696428e-09	1.18105814018e-08
1.08581233594e-09	6.98756077999e-09
1.0869577076e-09	1.8344967212e-09
1.08810307927e-09	-3.25349452934e-09
1.08924845093e-09	-7.91109427967e-09
1.09039382259e-09	-1.18351349276e-08
1.09153919425e-09	-1.47658787419e-08
1.09268456592e-09	-1.65247628914e-08
1.09382993758e-09	-1.69963716434e-08
1.09497530924e-09	-1.61697834011e-08
1.0961206809e-09	-1.41338220017e-08
1.09726605257e-09	-1.1081958351e-08
1.09841142423e-09	-7.28886129231e-09
1.09955679589e-09	-3.08853964626e-09
1.10070216755e-09	1.17004697597e-09
1.10184753922e-09	5.15447090566e-09
1.10299291088e-09	8.57526955e-09
1.10413828254e-09	1.12145972508e-08
1.1052836542e-09	1.29307690111e-08
1.10642902587e-09	1.36579263454e-08
1.10757439753e-09	1.34033472654e-08
1.10871976919e-09	1.22281327841e-08
1.10986514085e-09	1.02311775163e-08
1.11101051252e-09	7.55520085383e-09
1.11215588418e-09	4.37034633483e-09
1.11330125584e-09	8.90923175512e-10
1.1144466275e-09	-2.6370463313e-09
1.11559199916e-09	-5.94605575888e-09
1.11673737083e-09	-8.76575845243e-09
1.11788274249e-09	-1.08606607041e-08
1.11902811415e-09	-1.20546226889e-08
1.12017348581e-09	-1.22567941352e-08
1.12131885748e-09	-1.14723022748e-08
1.12246422914e-09	-9.79550601743e-09
1.1236096008e-09	-7.40771699537e-09
1.12475497246e-09	-4.5364680068e-09
1.12590034413e-09	-1.44786768685e-09
1.12704571579e-09	1.60127823501e-09
1.12819108745e-09	4.37837954781e-09
1.12933645911e-09	6.70161540151e-09
1.13048183078e-09	8.43509384563e-09
1.13162720244e-09	9.50624884366e-09
1.1327725741e-09	9.86575504625e-09
1.13391794576e-09	9.51840772867e-09
1.13506331743e-09	8.48203274284e-09
1.13620868909e-09	6.83653864075e-09
1.13735406075e-09	4.68932084829e-09
1.13849943241e-09	2.21175312787e-09
1.13964480407e-09	-4.04303744997e-10
1.14079017574e-09	-2.94395378908e-09
1.1419355474e-09	-5.20681969762e-09
1.14308091906e-09	-7.01198582531e-09
1.14422629072e-09	-8.22142548484e-09
1.14537166239e-09	-8.74048189381e-09
1.14651703405e-09	-8.53606751949e-09
1.14766240571e-09	-7.64549445975e-09
1.14880777737e-09	-6.16853967905e-09
1.14995314904e-09	-4.26336654868e-09
1.1510985207e-09	-2.11631843994e-09
1.15224389236e-09	8.5150032858e-11
1.15338926402e-09	2.17171090833e-09
1.15453463569e-09	3.99796171169e-09
1.15568000735e-09	5.45123082785e-09
1.15682537901e-09	6.44315237275e-09
1.15797075067e-09	6.92167279048e-09
1.15911612234e-09	6.87038648195e-09
1.160261494e-09	6.30899837928e-09
1.16140686566e-09	5.29809129901e-09
1.16255223732e-09	3.9191755119e-09
1.16369760898e-09	2.27539427577e-09
1.16484298065e-09	4.81314758882e-10
1.16598835231e-09	-1.34018528219e-09
1.16713372397e-09	-3.06018518859e-09
1.16827909563e-09	-4.55293394652e-09
1.1694244673e-09	-5.70296479485e-09
1.17056983896e-09	-6.41209807473e-09
1.17171521062e-09	-6.60407406539e-09
1.17286058228e-09	-6.23918608444e-09
1.17400595395e-09	-5.3142352463e-09
1.17515132561e-09	-3.88710824639e-09
1.17629669727e-09	-2.07025037391e-09
1.17744206893e-09	-4.72444444677e-11
1.1785874406e-09	1.9739048035e-09
1.17973281226e-09	3.75371878025e-09
1.18087818392e-09	5.09984005026e-09
1.18202355558e-09	5.85390319552e-09
1.18316892725e-09	5.95327392938e-09
1.18431429891e-09	5.41481884331e-09
1.18545967057e-09	4.35527754139e-09
1.18660504223e-09	2.9479998026e-09
1.18775041389e-09	1.42113762772e-09
1.18889578556e-09	-2.66529983847e-11
1.19004115722e-09	-1.22992743073e-09
1.19118652888e-09	-2.11734114269e-09
1.19233190054e-09	-2.6900689315e-09
1.19347727221e-09	-3.02281610853e-09
1.19462264387e-09	-3.21111846835e-09
1.19576801553e-09	-3.34511772448e-09
1.19691338719e-09	-3.46294398712e-09
1.19805875886e-09	-3.53184559376e-09
1.19920413052e-09	-3.45970008198e-09
1.20034950218e-09	-3.10358325151e-09
1.20149487384e-09	-2.33823908846e-09
1.20264024551e-09	-1.10561554356e-09
1.20378561717e-09	5.40205118485e-10
1.20493098883e-09	2.41547618018e-09
1.20607636049e-09	4.22533549815e-09
1.20722173216e-09	5.63845975465e-09
1.20836710382e-09	6.34859023685e-09
1.20951247548e-09	6.16079764981e-09
1.21065784714e-09	5.04988076355e-09
1.21180321881e-09	3.16779194542e-09
1.21294859047e-09	8.35742193332e-10
1.21409396213e-09	-1.53441892525e-09
1.21523933379e-09	-3.52035167683e-09
1.21638470545e-09	-4.80179462858e-09
1.21753007712e-09	-5.22103341116e-09
1.21867544878e-09	-4.83131770701e-09
1.21982082044e-09	-3.85408731318e-09
1.2209661921e-09	-2.6190815211e-09
1.22211156377e-09	-1.46261277395e-09
1.22325693543e-09	-6.2904535747e-10
1.22440230709e-09	-2.19303708873e-10
1.22554767875e-09	-1.56965762436e-10
1.22669305042e-09	-2.32847265774e-10
1.22783842208e-09	-1.67805232817e-10
1.22898379374e-09	2.72070282969e-10
1.2301291654e-09	1.21015733545e-09
1.23127453707e-09	2.55923604531e-09
