% time-domain current integration by openEMS v0.37.0-rc1-2-g7b051bb @Wed Aug  5 23:28:41 2026
% start-coordinates: (0.00308216,0.00132646,0.00645761) m -> [98,71,115]
% stop-coordinates: (0.0038761,0.00212039,0.00645761) m -> [109,82,115]
% t/s	current
6.36317590215e-14	-0
1.20900342141e-12	-0
2.35437508379e-12	-0
3.49974674618e-12	-0
4.64511840857e-12	-0
5.79049007095e-12	-0
6.93586173334e-12	-0
8.08123339573e-12	-0
9.22660505811e-12	-0
1.03719767205e-11	-0
1.15173483829e-11	-0
1.26627200453e-11	-0
1.38080917077e-11	-0
1.495346337e-11	-0
1.60988350324e-11	-0
1.72442066948e-11	-0
1.83895783572e-11	-0
1.95349500196e-11	-0
2.0680321682e-11	-0
2.18256933444e-11	-0
2.29710650068e-11	-0
2.41164366691e-11	-0
2.52618083315e-11	-0
2.64071799939e-11	-0
2.75525516563e-11	-0
2.86979233187e-11	-0
2.98432949811e-11	-0
3.09886666435e-11	-0
3.21340383058e-11	-0
3.32794099682e-11	-0
3.44247816306e-11	-0
3.5570153293e-11	-1.85928811037e-35
3.67155249554e-11	-5.17649324865e-33
3.78608966178e-11	-9.39946817974e-31
3.90062682802e-11	-1.15535791066e-28
4.01516399426e-11	-9.7786157809e-27
4.12970116049e-11	-5.77578464735e-25
4.24423832673e-11	-2.40427732961e-23
4.35877549297e-11	-7.09496398959e-22
4.47331265921e-11	-1.48559925492e-20
4.58784982545e-11	-2.19281961473e-19
4.70238699169e-11	-2.23576517777e-18
4.81692415793e-11	-1.49162204226e-17
4.93146132416e-11	-5.41422930489e-17
5.0459984904e-11	1.50209050922e-17
5.16053565664e-11	1.2692335552e-15
5.27507282288e-11	6.52126939146e-15
5.38960998912e-11	1.30304024949e-14
5.50414715536e-11	-2.33061640597e-14
5.6186843216e-11	-2.64918404054e-13
5.73322148784e-11	-1.06596665089e-12
5.84775865407e-11	-2.8868071128e-12
5.96229582031e-11	-5.75593565866e-12
6.07683298655e-11	-7.94090661282e-12
6.19137015279e-11	-3.65671555536e-12
6.30590731903e-11	1.99967681302e-11
6.42044448527e-11	8.59535775888e-11
6.53498165151e-11	2.27674948339e-10
6.64951881774e-11	4.83311002331e-10
6.76405598398e-11	8.78886352584e-10
6.87859315022e-11	1.39657130305e-09
6.99313031646e-11	1.92803994992e-09
7.1076674827e-11	2.22270379879e-09
7.22220464894e-11	1.85341353376e-09
7.33674181518e-11	2.32627070385e-10
7.45127898142e-11	-3.2838458619e-09
7.56581614765e-11	-9.18321152454e-09
7.68035331389e-11	-1.74914802642e-08
7.79489048013e-11	-2.74573626058e-08
7.90942764637e-11	-3.7353242277e-08
8.02396481261e-11	-4.45429506613e-08
8.13850197885e-11	-4.59264164476e-08
8.25303914509e-11	-3.87362959486e-08
8.36757631132e-11	-2.15159055017e-08
8.48211347756e-11	5.04105646115e-09
8.5966506438e-11	3.7758418614e-08
8.71118781004e-11	7.13915042638e-08
8.82572497628e-11	9.97900073685e-08
8.94026214252e-11	1.17488674789e-07
9.05479930876e-11	1.21192513802e-07
9.169336475e-11	1.10611630078e-07
9.28387364123e-11	8.83435475885e-08
9.39841080747e-11	5.88822466341e-08
9.51294797371e-11	2.72034874627e-08
9.62748513995e-11	-2.47305331769e-09
9.74202230619e-11	-2.73034483911e-08
9.85655947243e-11	-4.57252049557e-08
9.97109663867e-11	-5.69457903055e-08
1.00856338049e-10	-6.04749388344e-08
1.02001709711e-10	-5.60623902857e-08
1.03147081374e-10	-4.40649081668e-08
1.04292453036e-10	-2.59523282864e-08
1.05437824699e-10	-4.51518689104e-09
1.06583196361e-10	1.65129119267e-08
1.07728568023e-10	3.33663159324e-08
1.08873939686e-10	4.33386020404e-08
1.10019311348e-10	4.55468942562e-08
1.11164683011e-10	4.10358964587e-08
1.12310054673e-10	3.21675877046e-08
1.13455426335e-10	2.15950510807e-08
1.14600797998e-10	1.1262884847e-08
1.1574616966e-10	1.85023185661e-09
1.16891541322e-10	-7.16931669587e-09
1.18036912985e-10	-1.69136207262e-08
1.19182284647e-10	-2.82275571806e-08
1.2032765631e-10	-4.09357099329e-08
1.21473027972e-10	-5.35072572916e-08
1.22618399634e-10	-6.32916439258e-08
1.23763771297e-10	-6.7245508717e-08
1.24909142959e-10	-6.29162570931e-08
1.26054514622e-10	-4.93521739031e-08
1.27199886284e-10	-2.76280545108e-08
1.28345257946e-10	-7.93507926033e-10
1.29490629609e-10	2.67444573154e-08
1.30636001271e-10	5.02462214058e-08
1.31781372933e-10	6.57549819039e-08
1.32926744596e-10	7.09959593337e-08
1.34072116258e-10	6.58090542061e-08
1.35217487921e-10	5.20237435353e-08
1.36362859583e-10	3.28480602718e-08
1.37508231245e-10	1.1989458315e-08
1.38653602908e-10	-7.21527682046e-09
1.3979897457e-10	-2.24254250725e-08
1.40944346233e-10	-3.25298827875e-08
1.42089717895e-10	-3.75143827114e-08
1.43235089557e-10	-3.80961289181e-08
1.4438046122e-10	-3.5313171054e-08
1.45525832882e-10	-3.02202671776e-08
1.46671204545e-10	-2.37512871593e-08
1.47816576207e-10	-1.67012217389e-08
1.48961947869e-10	-9.75001235304e-09
1.50107319532e-10	-3.45886674857e-09
1.51252691194e-10	1.77980974403e-09
1.52398062856e-10	5.77730840945e-09
1.53543434519e-10	8.52011972086e-09
1.54688806181e-10	1.00646762036e-08
1.55834177844e-10	1.04039319382e-08
1.56979549506e-10	9.39464683825e-09
1.58124921168e-10	6.81250078571e-09
1.59270292831e-10	2.53015697282e-09
1.60415664493e-10	-3.26857074739e-09
1.61561036156e-10	-9.94783544428e-09
1.62706407818e-10	-1.64602642627e-08
1.6385177948e-10	-2.15691802197e-08
1.64997151143e-10	-2.41785365063e-08
1.66142522805e-10	-2.36543549192e-08
1.67287894467e-10	-2.00041707643e-08
1.6843326613e-10	-1.38751277134e-08
1.69578637792e-10	-6.3778267112e-09
1.70724009455e-10	1.18460230514e-09
1.71869381117e-10	7.59666640704e-09
1.73014752779e-10	1.19532144183e-08
1.74160124442e-10	1.38020617158e-08
1.75305496104e-10	1.31815287574e-08
1.76450867767e-10	1.05716528864e-08
1.77596239429e-10	6.76777744957e-09
1.78741611091e-10	2.67672572996e-09
1.79886982754e-10	-8.96114071836e-10
1.81032354416e-10	-3.43631567645e-09
1.82177726078e-10	-4.81336881464e-09
1.83323097741e-10	-5.24260279633e-09
1.84468469403e-10	-5.13325959517e-09
1.85613841066e-10	-4.88707918578e-09
1.86759212728e-10	-4.71629668652e-09
1.8790458439e-10	-4.57248550134e-09
1.89049956053e-10	-4.18471390873e-09
1.90195327715e-10	-3.19540993665e-09
1.91340699378e-10	-1.32142297105e-09
1.9248607104e-10	1.52519352703e-09
1.93631442702e-10	5.18436138464e-09
1.94776814365e-10	9.26915078026e-09
1.95922186027e-10	1.32327899749e-08
1.9706755769e-10	1.64562514726e-08
1.98212929352e-10	1.83364932127e-08
1.99358301014e-10	1.83851582847e-08
2.00503672677e-10	1.6325694574e-08
2.01649044339e-10	1.21901333472e-08
2.02794416001e-10	6.37157793193e-09
2.03939787664e-10	-3.92691545947e-10
2.05085159326e-10	-7.13843073541e-09
2.06230530989e-10	-1.28724249038e-08
2.07375902651e-10	-1.68015859003e-08
2.08521274313e-10	-1.85289348309e-08
2.09666645976e-10	-1.81338108973e-08
2.10812017638e-10	-1.61182409641e-08
2.11957389301e-10	-1.32276944953e-08
2.13102760963e-10	-1.02122044154e-08
2.14248132625e-10	-7.60229301733e-09
2.15393504288e-10	-5.58302337694e-09
2.1653887595e-10	-3.98865784845e-09
2.17684247612e-10	-2.42212783164e-09
2.18829619275e-10	-4.49514619971e-10
2.19974990937e-10	2.20318030486e-09
2.211203626e-10	5.50376677566e-09
2.22265734262e-10	9.07450825594e-09
2.23411105924e-10	1.22718661899e-08
2.24556477587e-10	1.43632963301e-08
2.25701849249e-10	1.47482355217e-08
2.26847220912e-10	1.31585409235e-08
2.27992592574e-10	9.76001945929e-09
2.29137964236e-10	5.12903719496e-09
2.30283335899e-10	9.56109705297e-11
2.31428707561e-10	-4.48829773347e-09
2.32574079224e-10	-7.97944821329e-09
2.33719450886e-10	-1.00925623414e-08
2.34864822548e-10	-1.09232694001e-08
2.36010194211e-10	-1.08380966424e-08
2.37155565873e-10	-1.02878878749e-08
2.38300937535e-10	-9.61611945627e-09
2.39446309198e-10	-8.93734686258e-09
2.4059168086e-10	-8.12935407879e-09
2.41737052523e-10	-6.93117785389e-09
2.42882424185e-10	-5.09913578028e-09
2.44027795847e-10	-2.55586107833e-09
2.4517316751e-10	5.40391176251e-10
2.46318539172e-10	3.81993148224e-09
2.47463910835e-10	6.81496459265e-09
2.48609282497e-10	9.10411035449e-09
2.49754654159e-10	1.04277395607e-08
2.50900025822e-10	1.07394324544e-08
2.52045397484e-10	1.01728181434e-08
2.53190769146e-10	8.95966589809e-09
2.54336140809e-10	7.3349841756e-09
2.55481512471e-10	5.47139711315e-09
2.56626884134e-10	3.46088557812e-09
2.57772255796e-10	1.34207100988e-09
2.58917627458e-10	-8.52101056381e-10
2.60062999121e-10	-3.04681946339e-09
2.61208370783e-10	-5.10271780385e-09
2.62353742446e-10	-6.82491752002e-09
2.63499114108e-10	-7.99791433082e-09
2.6464448577e-10	-8.44089154128e-09
2.65789857433e-10	-8.05894728728e-09
2.66935229095e-10	-6.87994061721e-09
2.68080600757e-10	-5.0589950007e-09
2.6922597242e-10	-2.84696355379e-09
2.70371344082e-10	-5.351699639e-10
2.71516715745e-10	1.60593338627e-09
2.72662087407e-10	3.37499117542e-09
2.73807459069e-10	4.6552743882e-09
2.74952830732e-10	5.40603428689e-09
2.76098202394e-10	5.63720758961e-09
2.77243574057e-10	5.38759659108e-09
2.78388945719e-10	4.71856509421e-09
2.79534317381e-10	3.71930175547e-09
2.80679689044e-10	2.51214826719e-09
2.81825060706e-10	1.24336951846e-09
2.82970432369e-10	5.51372419944e-11
2.84115804031e-10	-9.56425161291e-10
2.85261175693e-10	-1.76821635112e-09
2.86406547356e-10	-2.43278930334e-09
2.87551919018e-10	-3.03919400757e-09
2.8869729068e-10	-3.65621266596e-09
2.89842662343e-10	-4.27465218777e-09
2.90988034005e-10	-4.78687622874e-09
2.92133405668e-10	-5.01226837812e-09
2.9327877733e-10	-4.76416062156e-09
2.94424148992e-10	-3.93254762088e-09
2.95569520655e-10	-2.54563436997e-09
2.96714892317e-10	-7.86240517137e-10
2.9786026398e-10	1.04627639885e-09
2.99005635642e-10	2.61448063199e-09
3.00151007304e-10	3.63603747111e-09
3.01296378967e-10	3.95765198391e-09
3.02441750629e-10	3.58820484436e-09
3.03587122291e-10	2.6845190515e-09
3.04732493954e-10	1.49422241247e-09
3.05877865616e-10	2.80317352663e-10
3.07023237279e-10	-7.51307571711e-10
3.08168608941e-10	-1.5018702948e-09
3.09313980603e-10	-1.98815119923e-09
3.10459352266e-10	-2.31950880725e-09
3.11604723928e-10	-2.64272070893e-09
3.12750095591e-10	-3.07961700585e-09
3.13895467253e-10	-3.67302299686e-09
3.15040838915e-10	-4.36034186535e-09
3.16186210578e-10	-4.98286567563e-09
3.1733158224e-10	-5.33024691052e-09
3.18476953903e-10	-5.2066164713e-09
3.19622325565e-10	-4.49608128505e-09
3.20767697227e-10	-3.21123438951e-09
3.2191306889e-10	-1.49993417686e-09
3.23058440552e-10	3.82008091826e-10
3.24203812214e-10	2.13216511114e-09
3.25349183877e-10	3.47302453463e-09
3.26494555539e-10	4.21516332949e-09
3.27639927202e-10	4.29752944342e-09
3.28785298864e-10	3.79379194726e-09
3.29930670526e-10	2.88793522429e-09
3.31076042189e-10	1.82372350555e-09
3.32221413851e-10	8.41811842456e-10
3.33366785514e-10	1.17957560386e-10
3.34512157176e-10	-2.80258871665e-10
3.35657528838e-10	-4.08477779379e-10
3.36802900501e-10	-4.21757656577e-10
3.37948272163e-10	-5.21819143451e-10
3.39093643825e-10	-8.8484791716e-10
3.40239015488e-10	-1.59487401064e-09
3.4138438715e-10	-2.60078336645e-09
3.42529758813e-10	-3.7174505696e-09
3.43675130475e-10	-4.66705074587e-09
3.44820502137e-10	-5.15779774446e-09
3.459658738e-10	-4.96967889063e-09
3.47111245462e-10	-4.03036626295e-09
3.48256617125e-10	-2.45084774697e-09
3.49401988787e-10	-5.11386988311e-10
3.50547360449e-10	1.39999112303e-09
3.51692732112e-10	2.88487367328e-09
3.52838103774e-10	3.63530805458e-09
3.53983475436e-10	3.5157732281e-09
3.55128847099e-10	2.59831955951e-09
3.56274218761e-10	1.14469189683e-09
3.57419590424e-10	-4.63907273707e-10
3.58564962086e-10	-1.82282089423e-09
3.59710333748e-10	-2.61007770952e-09
3.60855705411e-10	-2.66574473606e-09
3.62001077073e-10	-2.0298565051e-09
3.63146448736e-10	-9.26998866557e-10
3.64291820398e-10	3.00603736347e-10
3.6543719206e-10	1.29088884027e-09
3.66582563723e-10	1.76542014341e-09
3.67727935385e-10	1.61021729284e-09
3.68873307048e-10	9.04423536063e-10
3.7001867871e-10	-1.07416305017e-10
3.71164050372e-10	-1.09242559443e-09
3.72309422035e-10	-1.73356884403e-09
3.73454793697e-10	-1.8247870992e-09
3.74600165359e-10	-1.33157107562e-09
3.75745537022e-10	-3.98860416917e-10
3.76890908684e-10	6.94395818623e-10
3.78036280347e-10	1.61824598166e-09
3.79181652009e-10	2.08565675841e-09
3.80327023671e-10	1.93538962634e-09
3.81472395334e-10	1.17659415544e-09
3.82617766996e-10	-1.23524818846e-11
3.83763138659e-10	-1.33096056398e-09
3.84908510321e-10	-2.43897702035e-09
3.86053881983e-10	-3.04708014376e-09
3.87199253646e-10	-2.99777380697e-09
3.88344625308e-10	-2.30662355882e-09
3.8948999697e-10	-1.15788434396e-09
3.90635368633e-10	1.48572168457e-10
3.91780740295e-10	1.27950905426e-09
3.92926111958e-10	1.96050065071e-09
3.9407148362e-10	2.04658223701e-09
3.95216855282e-10	1.55847790229e-09
3.96362226945e-10	6.70359601163e-10
3.97507598607e-10	-3.43371969747e-10
3.9865297027e-10	-1.1866759797e-09
3.99798341932e-10	-1.62670443782e-09
4.00943713594e-10	-1.55824775305e-09
4.02089085257e-10	-1.03243036342e-09
4.03234456919e-10	-2.39515018929e-10
4.04379828582e-10	5.49538525796e-10
4.05525200244e-10	1.06668618383e-09
4.06670571906e-10	1.12912967865e-09
4.07815943569e-10	7.00050406532e-10
4.08961315231e-10	-9.83814349431e-11
4.10106686893e-10	-1.01694519472e-09
4.11252058556e-10	-1.7552206355e-09
4.12397430218e-10	-2.05431049949e-09
4.13542801881e-10	-1.77968251247e-09
4.14688173543e-10	-9.68640834209e-10
4.15833545205e-10	1.73959971428e-10
4.16978916868e-10	1.33378086353e-09
4.1812428853e-10	2.17919549073e-09
4.19269660193e-10	2.46055842368e-09
4.20415031855e-10	2.08652584099e-09
4.21560403517e-10	1.14963827347e-09
4.2270577518e-10	-1.00371960743e-10
4.23851146842e-10	-1.3329294335e-09
4.24996518504e-10	-2.23332952132e-09
4.26141890167e-10	-2.59072518993e-09
4.27287261829e-10	-2.35335906318e-09
4.28432633492e-10	-1.63578783852e-09
4.29578005154e-10	-6.76993017201e-10
4.30723376816e-10	2.3268399707e-10
4.31868748479e-10	8.36063274168e-10
4.33014120141e-10	9.81803638389e-10
4.34159491804e-10	6.60846655176e-10
4.35304863466e-10	5.77969269666e-12
4.36450235128e-10	-7.54044049422e-10
4.37595606791e-10	-1.36168276654e-09
4.38740978453e-10	-1.60922464243e-09
4.39886350115e-10	-1.39741473948e-09
4.41031721778e-10	-7.63621499367e-10
4.4217709344e-10	1.32762995042e-10
4.43322465103e-10	1.05670328043e-09
4.44467836765e-10	1.7670070962e-09
4.45613208427e-10	2.08170969351e-09
4.4675858009e-10	1.92501636853e-09
4.47903951752e-10	1.34328836943e-09
4.49049323415e-10	4.86468643146e-10
4.50194695077e-10	-4.35280395061e-10
4.51340066739e-10	-1.20907073242e-09
4.52485438402e-10	-1.67402414153e-09
4.53630810064e-10	-1.75975856109e-09
4.54776181727e-10	-1.49882184441e-09
4.55921553389e-10	-1.0133703876e-09
4.57066925051e-10	-4.75237404984e-10
4.58212296714e-10	-5.71755212619e-11
4.59357668376e-10	1.17580029046e-10
4.60503040038e-10	8.75263750366e-12
4.61648411701e-10	-3.31331739822e-10
4.62793783363e-10	-7.73950403765e-10
4.63939155026e-10	-1.15406817436e-09
4.65084526688e-10	-1.31883204357e-09
4.6622989835e-10	-1.17393295085e-09
4.67375270013e-10	-7.11669667641e-10
4.68520641675e-10	-1.50963876816e-11
4.69666013338e-10	7.65887575582e-10
4.70811385e-10	1.45493861403e-09
4.71956756662e-10	1.89896298686e-09
4.73102128325e-10	2.00642991111e-09
4.74247499987e-10	1.76809655805e-09
4.75392871649e-10	1.2528070803e-09
4.76538243312e-10	5.81794223908e-10
4.77683614974e-10	-1.06310751868e-10
4.78828986637e-10	-6.93035573374e-10
4.79974358299e-10	-1.10416997767e-09
4.81119729961e-10	-1.32062738523e-09
4.82265101624e-10	-1.37057099003e-09
4.83410473286e-10	-1.31302058115e-09
4.84555844949e-10	-1.2129360849e-09
4.85701216611e-10	-1.12189346702e-09
4.86846588273e-10	-1.06360209529e-09
4.87991959936e-10	-1.03171882149e-09
4.89137331598e-10	-9.95550974991e-10
4.90282703261e-10	-9.13101760869e-10
4.91428074923e-10	-7.46494921433e-10
4.92573446585e-10	-4.75090911056e-10
4.93718818248e-10	-1.04762060138e-10
4.9486418991e-10	3.31061011938e-10
4.96009561572e-10	7.76309072581e-10
4.97154933235e-10	1.16390241889e-09
4.98300304897e-10	1.43044920353e-09
4.9944567656e-10	1.530320759e-09
5.00591048222e-10	1.44534073598e-09
5.01736419884e-10	1.18783249903e-09
5.02881791547e-10	7.96540278181e-10
5.04027163209e-10	3.28399002436e-10
5.05172534872e-10	-1.53919918477e-10
5.06317906534e-10	-5.91886206713e-10
5.07463278196e-10	-9.40881261791e-10
5.08608649859e-10	-1.17510001729e-09
5.09754021521e-10	-1.28997790227e-09
5.10899393183e-10	-1.30004973453e-09
5.12044764846e-10	-1.23328813828e-09
5.13190136508e-10	-1.12235143401e-09
5.14335508171e-10	-9.95760807143e-10
5.15480879833e-10	-8.70241045892e-10
5.16626251495e-10	-7.47374051535e-10
5.17771623158e-10	-6.1574478849e-10
5.1891699482e-10	-4.56230636603e-10
5.20062366483e-10	-2.51673126783e-10
5.21207738145e-10	6.535537736e-12
5.22353109807e-10	3.11498077332e-10
5.2349848147e-10	6.40188013712e-10
5.24643853132e-10	9.55727164076e-10
5.25789224794e-10	1.21408016973e-09
5.26934596457e-10	1.37241873421e-09
5.28079968119e-10	1.39758726814e-09
5.29225339782e-10	1.27274168982e-09
5.30370711444e-10	1.00102315326e-09
5.31516083106e-10	6.06007855009e-10
5.32661454769e-10	1.28284716183e-10
5.33806826431e-10	-3.78322373429e-10
5.34952198094e-10	-8.5583312659e-10
5.36097569756e-10	-1.24784282907e-09
5.37242941418e-10	-1.51018109129e-09
5.38388313081e-10	-1.61711910529e-09
5.39533684743e-10	-1.56779678129e-09
5.40679056406e-10	-1.38615829925e-09
5.41824428068e-10	-1.1173265646e-09
5.4296979973e-10	-8.15966127998e-10
5.44115171393e-10	-5.32903443595e-10
5.45260543055e-10	-3.00698882461e-10
5.46405914717e-10	-1.24834836912e-10
5.4755128638e-10	1.54780320505e-11
5.48696658042e-10	1.59058530236e-10
5.49842029705e-10	3.44539563546e-10
5.50987401367e-10	5.94228888318e-10
5.52132773029e-10	9.00220786804e-10
5.53278144692e-10	1.22118826162e-09
5.54423516354e-10	1.48955781043e-09
5.55568888017e-10	1.62764357547e-09
5.56714259679e-10	1.56853563471e-09
5.57859631341e-10	1.27698307484e-09
5.59005003004e-10	7.63604512954e-10
5.60150374666e-10	8.87711154585e-11
5.61295746328e-10	-6.46300069018e-10
5.62441117991e-10	-1.32077337955e-09
5.63586489653e-10	-1.82164627827e-09
5.64731861316e-10	-2.0713324389e-09
5.65877232978e-10	-2.04612238264e-09
5.6702260464e-10	-1.77986048122e-09
5.68167976303e-10	-1.35269007107e-09
5.69313347965e-10	-8.66871963101e-10
5.70458719628e-10	-4.18353601761e-10
5.7160409129e-10	-7.23190257679e-11
5.72749462952e-10	1.51158419115e-10
5.73894834615e-10	2.7601632091e-10
5.75040206277e-10	3.56913443245e-10
5.7618557794e-10	4.55770365893e-10
5.77330949602e-10	6.17980944195e-10
5.78476321264e-10	8.53814630108e-10
5.79621692927e-10	1.13225973042e-09
5.80767064589e-10	1.38826083962e-09
5.81912436251e-10	1.54134105479e-09
5.83057807914e-10	1.51965207085e-09
5.84203179576e-10	1.2814223016e-09
5.85348551239e-10	8.29554536175e-10
5.86493922901e-10	2.13017992134e-10
5.87639294563e-10	-4.81415296516e-10
5.88784666226e-10	-1.14777021221e-09
5.89930037888e-10	-1.6823308302e-09
5.91075409551e-10	-2.0060022532e-09
5.92220781213e-10	-2.0792718658e-09
5.93366152875e-10	-1.91031501728e-09
5.94511524538e-10	-1.55023616166e-09
5.956568962e-10	-1.07983921804e-09
5.96802267862e-10	-5.88716908556e-10
5.97947639525e-10	-1.53711945949e-10
5.99093011187e-10	1.77832762405e-10
6.0023838285e-10	3.95813576359e-10
6.01383754512e-10	5.23558918442e-10
6.02529126174e-10	6.05335226389e-10
6.03674497837e-10	6.88024581752e-10
6.04819869499e-10	8.04422473077e-10
6.05965241162e-10	9.60557855478e-10
6.07110612824e-10	1.13281684033e-09
6.08255984486e-10	1.27280808115e-09
6.09401356149e-10	1.32077548898e-09
6.10546727811e-10	1.22294308014e-09
6.11692099473e-10	9.48772060916e-10
6.12837471136e-10	5.03962316323e-10
6.13982842798e-10	-6.56331378135e-11
6.15128214461e-10	-6.80337230996e-10
6.16273586123e-10	-1.24306576144e-09
6.17418957785e-10	-1.66119529244e-09
6.18564329448e-10	-1.86897541887e-09
6.1970970111e-10	-1.84245374513e-09
6.20855072773e-10	-1.60506652414e-09
6.22000444435e-10	-1.21975374245e-09
6.23145816097e-10	-7.72095831714e-10
6.2429118776e-10	-3.48309520115e-10
6.25436559422e-10	-1.33501135494e-11
6.26581931085e-10	2.03087824335e-10
6.27727302747e-10	3.11541931142e-10
6.28872674409e-10	3.55208501501e-10
6.30018046072e-10	3.93325483294e-10
6.31163417734e-10	4.7973941486e-10
6.32308789396e-10	6.43326669714e-10
6.33454161059e-10	8.75732875105e-10
6.34599532721e-10	1.13124387635e-09
6.35744904384e-10	1.33751310027e-09
6.36890276046e-10	1.416000317e-09
6.38035647708e-10	1.30484179017e-09
6.39181019371e-10	9.78920278172e-10
6.40326391033e-10	4.61231525195e-10
6.41471762696e-10	-1.77906120391e-10
6.42617134358e-10	-8.34628810509e-10
6.4376250602e-10	-1.3942706989e-09
6.44907877683e-10	-1.75909786737e-09
6.46053249345e-10	-1.87176363298e-09
6.47198621007e-10	-1.7294657928e-09
6.4834399267e-10	-1.38333067223e-09
6.49489364332e-10	-9.24268106495e-10
6.50634735995e-10	-4.57680504606e-10
6.51780107657e-10	-7.58763468722e-11
6.52925479319e-10	1.6576549855e-10
6.54070850982e-10	2.60896970694e-10
6.55216222644e-10	2.50102993871e-10
6.56361594307e-10	2.0557133773e-10
6.57506965969e-10	2.0548671098e-10
6.58652337631e-10	3.07971953495e-10
6.59797709294e-10	5.29928156912e-10
6.60943080956e-10	8.38790481517e-10
6.62088452618e-10	1.15909659648e-09
6.63233824281e-10	1.39278499844e-09
6.64379195943e-10	1.44754175313e-09
6.65524567606e-10	1.26545740553e-09
6.66669939268e-10	8.43092096137e-10
6.6781531093e-10	2.37242891998e-10
6.68960682593e-10	-4.45990688824e-10
6.70106054255e-10	-1.07716069397e-09
6.71251425918e-10	-1.53557733196e-09
6.7239679758e-10	-1.74069592074e-09
6.73542169242e-10	-1.6716340534e-09
6.74687540905e-10	-1.37041611392e-09
6.75832912567e-10	-9.28514432008e-10
6.7697828423e-10	-4.60075921804e-10
6.78123655892e-10	-7.05417738112e-11
6.79269027554e-10	1.70686992318e-10
6.80414399217e-10	2.46101528045e-10
6.81559770879e-10	1.9124113404e-10
6.82705142541e-10	7.96638588429e-11
6.83850514204e-10	-1.25390670069e-12
6.84995885866e-10	2.03954544226e-11
6.86141257529e-10	1.78303177778e-10
6.87286629191e-10	4.55588483605e-10
6.88432000853e-10	7.88793363959e-10
6.89577372516e-10	1.08528952492e-09
6.90722744178e-10	1.2506287117e-09
6.91868115841e-10	1.21581589241e-09
6.93013487503e-10	9.58910617577e-10
6.94158859165e-10	5.12254849649e-10
6.95304230828e-10	-4.41149478059e-11
6.9644960249e-10	-6.02476790679e-10
6.97594974152e-10	-1.05461661626e-09
6.98740345815e-10	-1.31848432172e-09
6.99885717477e-10	-1.3579186664e-09
7.0103108914e-10	-1.18944587513e-09
7.02176460802e-10	-8.75562622404e-10
7.03321832464e-10	-5.05808783746e-10
7.04467204127e-10	-1.71706787677e-10
7.05612575789e-10	5.77857275919e-11
7.06757947452e-10	1.53204768316e-10
7.07903319114e-10	1.29530941528e-10
7.09048690776e-10	3.83498059697e-11
7.10194062439e-10	-5.05077368818e-11
7.11339434101e-10	-7.18078027595e-11
7.12484805764e-10	1.42182671886e-11
7.13630177426e-10	2.08810399527e-10
7.14775549088e-10	4.73628469777e-10
7.15920920751e-10	7.41188665998e-10
7.17066292413e-10	9.33920940582e-10
7.18211664075e-10	9.87075310377e-10
7.19357035738e-10	8.67428295859e-10
7.205024074e-10	5.84197801246e-10
7.21647779063e-10	1.8729465201e-10
7.22793150725e-10	-2.45220899142e-10
7.23938522387e-10	-6.27631668859e-10
7.2508389405e-10	-8.8863216785e-10
7.26229265712e-10	-9.89076820446e-10
7.27374637375e-10	-9.2945046104e-10
7.28520009037e-10	-7.47255368694e-10
7.29665380699e-10	-5.03677433095e-10
7.30810752362e-10	-2.65173660807e-10
7.31956124024e-10	-8.58483006905e-11
7.33101495686e-10	7.12888255372e-12
7.34246867349e-10	1.72410627441e-11
7.35392239011e-10	-2.44695409768e-11
7.36537610674e-10	-7.18384379761e-11
7.37682982336e-10	-7.87806417324e-11
7.38828353998e-10	-1.51173483454e-11
7.39973725661e-10	1.23872828661e-10
7.41119097323e-10	3.14629766685e-10
7.42264468986e-10	5.12603848257e-10
7.43409840648e-10	6.64712618281e-10
7.4455521231e-10	7.25501103638e-10
7.45700583973e-10	6.70271449454e-10
7.46845955635e-10	5.02088148835e-10
7.47991327297e-10	2.51089010694e-10
7.4913669896e-10	-3.39923089676e-11
7.50282070622e-10	-2.9855817818e-10
7.51427442285e-10	-4.95768648356e-10
7.52572813947e-10	-5.97425553472e-10
7.53718185609e-10	-5.99536198465e-10
7.54863557272e-10	-5.20871235032e-10
7.56008928934e-10	-3.96307736628e-10
7.57154300597e-10	-2.65741373351e-10
7.58299672259e-10	-1.62930752223e-10
7.59445043921e-10	-1.06412600953e-10
7.60590415584e-10	-9.58362764147e-11
7.61735787246e-10	-1.14161916032e-10
7.62881158909e-10	-1.34662350715e-10
7.64026530571e-10	-1.30694857714e-10
7.65171902233e-10	-8.45711278785e-11
7.66317273896e-10	6.52409810203e-12
7.67462645558e-10	1.30043226187e-10
7.6860801722e-10	2.61506927224e-10
7.69753388883e-10	3.72109121294e-10
7.70898760545e-10	4.36420732886e-10
7.72044132208e-10	4.39492053861e-10
7.7318950387e-10	3.80195208649e-10
7.74334875532e-10	2.71252575956e-10
7.75480247195e-10	1.34965733034e-10
7.76625618857e-10	-2.80554659365e-12
7.7777099052e-10	-1.19323911862e-10
7.78916362182e-10	-2.00141458961e-10
7.80061733844e-10	-2.41082875885e-10
7.81207105507e-10	-2.47673381804e-10
7.82352477169e-10	-2.31277177964e-10
7.83497848831e-10	-2.05281014409e-10
7.84643220494e-10	-1.80815765138e-10
7.85788592156e-10	-1.64682059656e-10
7.86933963819e-10	-1.58313070986e-10
7.88079335481e-10	-1.59037408243e-10
7.89224707143e-10	-1.60887733691e-10
7.90370078806e-10	-1.57553498026e-10
7.91515450468e-10	-1.43100281624e-10
7.92660822131e-10	-1.14174239507e-10
7.93806193793e-10	-7.01729507835e-11
7.94951565455e-10	-1.34678986713e-11
7.96096937118e-10	5.13324417695e-11
7.9724230878e-10	1.18235143898e-10
7.98387680443e-10	1.80527509608e-10
7.99533052105e-10	2.31287697328e-10
8.00678423767e-10	2.63751520624e-10
8.0182379543e-10	2.72050854067e-10
8.02969167092e-10	2.52075527118e-10
8.04114538754e-10	2.03516425934e-10
8.05259910417e-10	1.30281646582e-10
8.06405282079e-10	4.15978709811e-11
8.07550653742e-10	-4.987734184e-11
8.08696025404e-10	-1.30081362348e-10
8.09841397066e-10	-1.86947082814e-10
8.10986768729e-10	-2.13304679475e-10
8.12132140391e-10	-2.08837280802e-10
8.13277512054e-10	-1.80289838614e-10
8.14422883716e-10	-1.39872349814e-10
8.15568255378e-10	-1.0223879382e-10
8.16713627041e-10	-8.02064248351e-11
8.17858998703e-10	-8.13009382039e-11
8.19004370365e-10	-1.04405331602e-10
8.20149742028e-10	-1.40078337818e-10
8.2129511369e-10	-1.71913983049e-10
8.22440485353e-10	-1.81720874459e-10
8.23585857015e-10	-1.54738832858e-10
8.24731228677e-10	-8.52196022083e-11
8.2587660034e-10	2.07514821299e-11
8.27021972002e-10	1.45374795535e-10
8.28167343665e-10	2.63161742398e-10
8.29312715327e-10	3.4732633436e-10
8.30458086989e-10	3.77027464804e-10
8.31603458652e-10	3.43608225206e-10
8.32748830314e-10	2.5291363448e-10
8.33894201976e-10	1.24818613778e-10
8.35039573639e-10	-1.26126930081e-11
8.36184945301e-10	-1.29802363302e-10
8.37330316964e-10	-2.04175815144e-10
8.38475688626e-10	-2.25626878292e-10
8.39621060288e-10	-1.99500860276e-10
8.40766431951e-10	-1.44041015226e-10
8.41911803613e-10	-8.50662179586e-11
8.43057175276e-10	-4.72869313151e-11
8.44202546938e-10	-4.68110897267e-11
8.453479186e-10	-8.56648571523e-11
8.46493290263e-10	-1.51175835739e-10
8.47638661925e-10	-2.19734327955e-10
8.48784033588e-10	-2.63996241534e-10
8.4992940525e-10	-2.61463989348e-10
8.51074776912e-10	-2.01301447733e-10
8.52220148575e-10	-8.8310976587e-11
8.53365520237e-10	5.80091148727e-11
8.54510891899e-10	2.0790030808e-10
8.55656263562e-10	3.29502369834e-10
8.56801635224e-10	3.96793597979e-10
8.57947006887e-10	3.9690362108e-10
8.59092378549e-10	3.33093330696e-10
8.60237750211e-10	2.23473267669e-10
8.61383121874e-10	9.54966453137e-11
8.62528493536e-10	-2.21362025932e-11
8.63673865199e-10	-1.07355180301e-10
8.64819236861e-10	-1.50211593164e-10
8.65964608523e-10	-1.54264198637e-10
8.67109980186e-10	-1.34171507238e-10
8.68255351848e-10	-1.09771927659e-10
8.6940072351e-10	-9.96610433068e-11
8.70546095173e-10	-1.14678565255e-10
8.71691466835e-10	-1.54825346987e-10
8.72836838498e-10	-2.08667486068e-10
8.7398221016e-10	-2.57058513364e-10
8.75127581822e-10	-2.7887137044e-10
8.76272953485e-10	-2.58028015621e-10
8.77418325147e-10	-1.88981205684e-10
8.7856369681e-10	-7.92993379295e-11
8.79709068472e-10	5.20204851417e-11
8.80854440134e-10	1.7957445253e-10
8.81999811797e-10	2.78488343497e-10
8.83145183459e-10	3.31264016218e-10
8.84290555122e-10	3.31627364458e-10
8.85435926784e-10	2.85946849532e-10
8.86581298446e-10	2.09944478469e-10
8.87726670109e-10	1.2432326002e-10
8.88872041771e-10	4.81546191811e-11
8.90017413433e-10	-5.51586510841e-12
8.91162785096e-10	-3.34046922068e-11
8.92308156758e-10	-4.13407363897e-11
8.93453528421e-10	-4.19322597478e-11
8.94598900083e-10	-4.94125920736e-11
8.95744271745e-10	-7.45253095347e-11
8.96889643408e-10	-1.20405199699e-10
8.9803501507e-10	-1.81050327508e-10
8.99180386733e-10	-2.42931758043e-10
9.00325758395e-10	-2.88827101125e-10
9.01471130057e-10	-3.03188585349e-10
9.0261650172e-10	-2.76559136703e-10
9.03761873382e-10	-2.08732156559e-10
9.04907245044e-10	-1.08820577549e-10
9.06052616707e-10	6.58255524741e-12
9.07197988369e-10	1.17724011095e-10
9.08343360032e-10	2.0610343987e-10
9.09488731694e-10	2.58914972795e-10
9.10634103356e-10	2.71618089132e-10
9.11779475019e-10	2.48488313259e-10
9.12924846681e-10	2.0073931406e-10
9.14070218344e-10	1.42987316432e-10
9.15215590006e-10	8.91432622163e-11
9.16360961668e-10	4.86235288144e-11
9.17506333331e-10	2.46707463486e-11
9.18651704993e-10	1.37929511562e-11
9.19797076655e-10	8.14795019649e-12
9.20942448318e-10	-2.07292538169e-12
9.2208781998e-10	-2.49402807434e-11
9.23233191643e-10	-6.44792066962e-11
9.24378563305e-10	-1.18829862616e-10
9.25523934967e-10	-1.80529771687e-10
9.2666930663e-10	-2.37781044854e-10
9.27814678292e-10	-2.77460471265e-10
9.28960049955e-10	-2.88175011631e-10
9.30105421617e-10	-2.6326191227e-10
9.31250793279e-10	-2.02873731703e-10
9.32396164942e-10	-1.13977598193e-10
9.33541536604e-10	-9.43317472746e-12
9.34686908267e-10	9.5117559662e-11
9.35832279929e-10	1.84088938537e-10
9.36977651591e-10	2.45367171026e-10
9.38123023254e-10	2.72347394636e-10
9.39268394916e-10	2.65104049824e-10
9.40413766578e-10	2.29585697675e-10
9.41559138241e-10	1.76283890263e-10
9.42704509903e-10	1.1711728809e-10
9.43849881566e-10	6.30911503596e-11
9.44995253228e-10	2.13858670356e-11
9.4614062489e-10	-5.91623104673e-12
9.47285996553e-10	-2.20624074565e-11
9.48431368215e-10	-3.42182185364e-11
9.49576739878e-10	-5.09013664551e-11
9.5072211154e-10	-7.8974909945e-11
9.51867483202e-10	-1.20828250183e-10
9.53012854865e-10	-1.730298127e-10
9.54158226527e-10	-2.26444460405e-10
9.55303598189e-10	-2.68486288757e-10
9.56448969852e-10	-2.86026757834e-10
9.57594341514e-10	-2.69272354414e-10
9.58739713177e-10	-2.14495185502e-10
9.59885084839e-10	-1.25769603065e-10
9.61030456501e-10	-1.47150208685e-11
9.62175828164e-10	1.01682377796e-10
9.63321199826e-10	2.04482833444e-10
9.64466571489e-10	2.77167400142e-10
9.65611943151e-10	3.09383157981e-10
9.66757314813e-10	2.99472419085e-10
9.67902686476e-10	2.54411242073e-10
9.69048058138e-10	1.8781652622e-10
9.70193429801e-10	1.15734095918e-10
9.71338801463e-10	5.24707430283e-11
9.72484173125e-10	6.66704799007e-12
9.73629544788e-10	-2.02511236946e-11
9.7477491645e-10	-3.37878787449e-11
9.75920288112e-10	-4.37674167741e-11
9.77065659775e-10	-6.08430111848e-11
9.78211031437e-10	-9.25179932665e-11
9.793564031e-10	-1.40182768171e-10
9.80501774762e-10	-1.97852040307e-10
9.81647146424e-10	-2.53141674289e-10
9.82792518087e-10	-2.90522522706e-10
9.83937889749e-10	-2.95688307173e-10
9.85083261412e-10	-2.60211102665e-10
9.86228633074e-10	-1.84384563173e-10
9.87374004736e-10	-7.80888548269e-11
9.88519376399e-10	4.17541869135e-11
9.89664748061e-10	1.54760732007e-10
9.90810119723e-10	2.42384945448e-10
9.91955491386e-10	2.91811436126e-10
9.93100863048e-10	2.98914559771e-10
9.94246234711e-10	2.6857999158e-10
9.95391606373e-10	2.12945577838e-10
9.96536978035e-10	1.47774611992e-10
9.97682349698e-10	8.80523362556e-11
9.9882772136e-10	4.36932261205e-11
9.99973093023e-10	1.7212915121e-11
1.00111846468e-09	3.48268267523e-12
1.00226383635e-09	-7.75688541177e-12
1.00340920801e-09	-2.77501233797e-11
1.00455457967e-09	-6.45357378648e-11
1.00569995133e-09	-1.1948100842e-10
1.006845323e-09	-1.86276008507e-10
1.00799069466e-09	-2.52165482939e-10
1.00913606632e-09	-3.01127733859e-10
1.01028143798e-09	-3.18292087131e-10
1.01142680965e-09	-2.94007651558e-10
1.01257218131e-09	-2.26933347114e-10
1.01371755297e-09	-1.25056257017e-10
1.01486292463e-09	-4.18144165126e-12
1.0160082963e-09	1.15560484792e-10
1.01715366796e-09	2.14443657276e-10
1.01829903962e-09	2.77902811874e-10
1.01944441128e-09	2.99588409636e-10
1.02058978295e-09	2.82507933713e-10
1.02173515461e-09	2.37255798341e-10
1.02288052627e-09	1.78595901956e-10
1.02402589793e-09	1.21012672105e-10
1.0251712696e-09	7.48601805545e-11
1.02631664126e-09	4.38105662859e-11
1.02746201292e-09	2.46590230873e-11
1.02860738458e-09	9.02876644976e-12
1.02975275624e-09	-1.32215913565e-11
1.03089812791e-09	-5.00864419384e-11
1.03204349957e-09	-1.04284872404e-10
1.03318887123e-09	-1.71395855841e-10
1.03433424289e-09	-2.40485131808e-10
1.03547961456e-09	-2.96503932518e-10
1.03662498622e-09	-3.24375304395e-10
1.03777035788e-09	-3.13120224193e-10
1.03891572954e-09	-2.59344684617e-10
1.04006110121e-09	-1.68471014916e-10
1.04120647287e-09	-5.40100845992e-11
1.04235184453e-09	6.56953866307e-11
1.04349721619e-09	1.71632638657e-10
1.04464258786e-09	2.48530723779e-10
1.04578795952e-09	2.879620431e-10
1.04693333118e-09	2.89759716221e-10
1.04807870284e-09	2.61038385352e-10
1.04922407451e-09	2.13698114759e-10
1.05036944617e-09	1.60668894855e-10
1.05151481783e-09	1.12423119425e-10
1.05266018949e-09	7.43231101663e-11
1.05380556115e-09	4.57930464381e-11
1.05495093282e-09	2.13172431096e-11
1.05609630448e-09	-6.79724852792e-12
1.05724167614e-09	-4.52169413023e-11
1.0583870478e-09	-9.64384613833e-11
1.05953241947e-09	-1.57361304542e-10
1.06067779113e-09	-2.19402468415e-10
1.06182316279e-09	-2.70580641226e-10
1.06296853445e-09	-2.98676194888e-10
1.06411390612e-09	-2.94613972107e-10
1.06525927778e-09	-2.54946647127e-10
1.06640464944e-09	-1.83202120141e-10
1.0675500211e-09	-8.91061460728e-11
1.06869539277e-09	1.32604266109e-11
1.06984076443e-09	1.0877226897e-10
1.07098613609e-09	1.84457379926e-10
1.07213150775e-09	2.32212499229e-10
1.07327687942e-09	2.50142295766e-10
1.07442225108e-09	2.42197872868e-10
1.07556762274e-09	2.16295995004e-10
1.0767129944e-09	1.8155939252e-10
1.07785836606e-09	1.45514836292e-10
1.07900373773e-09	1.12191825274e-10
1.08014910939e-09	8.16870945886e-11
1.08129448105e-09	5.09237374491e-11
1.08243985271e-09	1.56709731997e-11
1.08358522438e-09	-2.74593958682e-11
1.08473059604e-09	-7.90129281447e-11
1.0858759677e-09	-1.36006192419e-10
1.08702133936e-09	-1.91838378516e-10
1.08816671103e-09	-2.37765973576e-10
1.08931208269e-09	-2.64701344177e-10
1.09045745435e-09	-2.65761607166e-10
1.09160282601e-09	-2.38079334025e-10
1.09274819768e-09	-1.83943499321e-10
1.09389356934e-09	-1.10413046761e-10
1.095038941e-09	-2.78502724355e-11
1.09618431266e-09	5.25422864939e-11
1.09732968433e-09	1.20934928738e-10
1.09847505599e-09	1.70779612674e-10
1.09962042765e-09	1.99506924869e-10
1.10076579931e-09	2.08222439291e-10
1.10191117097e-09	2.00826924535e-10
1.10305654264e-09	1.82396805992e-10
1.1042019143e-09	1.57821644642e-10
1.10534728596e-09	1.30507743501e-10
1.10649265762e-09	1.01761585269e-10
1.10763802929e-09	7.09571706947e-11
1.10878340095e-09	3.63542702886e-11
1.10992877261e-09	-3.58653991922e-12
1.11107414427e-09	-4.89144141858e-11
1.11221951594e-09	-9.7507737995e-11
1.1133648876e-09	-1.45120832018e-10
1.11451025926e-09	-1.86065593488e-10
1.11565563092e-09	-2.14543119381e-10
1.11680100259e-09	-2.25652788122e-10
1.11794637425e-09	-2.16609410963e-10
1.11909174591e-09	-1.87113963213e-10
1.12023711757e-09	-1.3969302104e-10
1.12138248924e-09	-7.9265490005e-11
1.1225278609e-09	-1.25867441469e-11
1.12367323256e-09	5.29912953795e-11
1.12481860422e-09	1.10450301682e-10
1.12596397589e-09	1.54420712328e-10
1.12710934755e-09	1.8163737181e-10
1.12825471921e-09	1.91260410287e-10
1.12940009087e-09	1.84603374254e-10
1.13054546253e-09	1.64556007709e-10
1.1316908342e-09	1.34981054112e-10
1.13283620586e-09	9.99840973903e-11
1.13398157752e-09	6.33549740447e-11
1.13512694918e-09	2.79451826263e-11
1.13627232085e-09	-4.47572577958e-12
1.13741769251e-09	-3.3543463146e-11
1.13856306417e-09	-5.96646620998e-11
1.13970843583e-09	-8.38455763152e-11
1.1408538075e-09	-1.06571987346e-10
1.14199917916e-09	-1.27573063224e-10
1.14314455082e-09	-1.45149517405e-10
1.14428992248e-09	-1.56552451558e-10
1.14543529415e-09	-1.58282650875e-10
1.14658066581e-09	-1.47170747811e-10
1.14772603747e-09	-1.21249066343e-10
1.14887140913e-09	-8.07176478435e-11
1.1500167808e-09	-2.84942382189e-11
1.15116215246e-09	2.99255065173e-11
1.15230752412e-09	8.70309588286e-11
1.15345289578e-09	1.34735861357e-10
1.15459826744e-09	1.65905011951e-10
1.15574363911e-09	1.76066619617e-10
1.15688901077e-09	1.64455060681e-10
1.15803438243e-09	1.34423819298e-10
1.15917975409e-09	9.25985954581e-11
1.16032512576e-09	4.74641263792e-11
1.16147049742e-09	7.1819147851e-12
1.16261586908e-09	-2.22877046679e-11
1.16376124074e-09	-3.84748760629e-11
1.16490661241e-09	-4.28981815348e-11
1.16605198407e-09	-4.01838250175e-11
1.16719735573e-09	-3.66680436015e-11
1.16834272739e-09	-3.82507844843e-11
1.16948809906e-09	-4.85253608129e-11
1.17063347072e-09	-6.73986838562e-11
1.17177884238e-09	-9.08993713633e-11
1.17292421404e-09	-1.11951808934e-10
1.17406958571e-09	-1.22557172744e-10
1.17521495737e-09	-1.16006697304e-10
1.17636032903e-09	-8.94198604051e-11
1.17750570069e-09	-4.47995945896e-11
1.17865107235e-09	1.08964217857e-11
1.17979644402e-09	6.73276295826e-11
1.18094181568e-09	1.13334126806e-10
1.18208718734e-09	1.39761549556e-10
1.183232559e-09	1.41834058387e-10
1.18437793067e-09	1.20392751324e-10
1.18552330233e-09	8.17745385295e-11
1.18666867399e-09	3.60478209782e-11
1.18781404565e-09	-5.42501547157e-12
1.18895941732e-09	-3.32492575139e-11
1.19010478898e-09	-4.22754747875e-11
1.19125016064e-09	-3.32153610172e-11
1.1923955323e-09	-1.20782437871e-11
1.19354090397e-09	1.14802447063e-11
1.19468627563e-09	2.7356747076e-11
1.19583164729e-09	2.79359972655e-11
1.19697701895e-09	1.06219737867e-11
1.19812239062e-09	-2.14735434295e-11
1.19926776228e-09	-6.02385433202e-11
1.20041313394e-09	-9.49165537834e-11
1.2015585056e-09	-1.15169040971e-10
1.20270387726e-09	-1.14023124276e-10
1.20384924893e-09	-9.00012772642e-11
1.20499462059e-09	-4.76644557157e-11
1.20613999225e-09	3.3478176828e-12
1.20728536391e-09	5.09763516121e-11
1.20843073558e-09	8.39210298476e-11
1.20957610724e-09	9.4927565808e-11
1.2107214789e-09	8.27540189152e-11
1.21186685056e-09	5.25967706888e-11
1.21301222223e-09	1.44889204801e-11
1.21415759389e-09	-1.96295202315e-11
1.21530296555e-09	-3.93532012533e-11
1.21644833721e-09	-3.88770647619e-11
1.21759370888e-09	-1.84859818425e-11
1.21873908054e-09	1.54347212095e-11
1.2198844522e-09	5.24082582887e-11
1.22102982386e-09	8.06381766916e-11
1.22217519553e-09	9.06240013587e-11
1.22332056719e-09	7.76775033184e-11
1.22446593885e-09	4.35364973239e-11
1.22561131051e-09	-4.15705143919e-12
1.22675668218e-09	-5.38247918458e-11
1.22790205384e-09	-9.32708910106e-11
1.2290474255e-09	-1.13073259089e-10
1.23019279716e-09	-1.09229750245e-10
1.23133816882e-09	-8.41751598979e-11
