% time-domain current integration by openEMS v0.37.0-rc1-2-g7b051bb @Thu Aug  6 23:36:37 2026
% start-coordinates: (0.00268882,0.00268882,0.0143191) m -> [93,93,222]
% stop-coordinates: (0.00323,0.00323,0.0143191) m -> [104,104,222]
% t/s	current
6.68851896328e-14	-0
1.27081860302e-12	-0
2.47475201641e-12	-0
3.67868542981e-12	-0
4.8826188432e-12	-0
6.08655225659e-12	-0
7.29048566998e-12	-0
8.49441908337e-12	-0
9.69835249676e-12	9.93207392974e-38
1.09022859102e-11	3.38607583586e-32
1.21062193235e-11	4.42040500097e-28
1.33101527369e-11	8.19025319211e-25
1.45140861503e-11	3.56810900353e-22
1.57180195637e-11	5.14282452943e-20
1.69219529771e-11	3.11782694922e-18
1.81258863905e-11	9.3681347658e-17
1.93298198039e-11	1.56753748928e-15
2.05337532173e-11	1.60032679112e-14
2.17376866307e-11	1.07361087251e-13
2.29416200441e-11	5.01038121582e-13
2.41455534575e-11	1.6883405481e-12
2.53494868708e-11	4.14969187484e-12
2.65534202842e-11	7.05560393097e-12
2.77573536976e-11	5.54178231083e-12
2.8961287111e-11	-1.30888104174e-11
3.01652205244e-11	-7.29180396619e-11
3.13691539378e-11	-2.10093720199e-10
3.25730873512e-11	-4.66217453532e-10
3.37770207646e-11	-8.67987126618e-10
3.4980954178e-11	-1.38626776724e-09
3.61848875914e-11	-1.87441151489e-09
3.73888210048e-11	-2.00271732531e-09
3.85927544181e-11	-1.22655230417e-09
3.97966878315e-11	1.15844278614e-09
4.10006212449e-11	5.82230219592e-09
4.22045546583e-11	1.30547705979e-08
4.34084880717e-11	2.2334782912e-08
4.46124214851e-11	3.19769100088e-08
4.58163548985e-11	3.90848384768e-08
4.70202883119e-11	4.00177562199e-08
4.82242217253e-11	3.140922189e-08
4.94281551387e-11	1.15337135398e-08
5.06320885521e-11	-1.84375821277e-08
5.18360219654e-11	-5.38711475428e-08
5.30399553788e-11	-8.7241822655e-08
5.42438887922e-11	-1.09913322888e-07
5.54478222056e-11	-1.14710893229e-07
5.6651755619e-11	-9.84395072123e-08
5.78556890324e-11	-6.34204866401e-08
5.90596224458e-11	-1.74009429088e-08
6.02635558592e-11	2.82854504263e-08
6.14674892726e-11	6.18242381734e-08
6.2671422686e-11	7.43900514522e-08
6.38753560994e-11	6.29523384532e-08
6.50792895128e-11	3.15043386934e-08
6.62832229261e-11	-9.79186953742e-09
6.74871563395e-11	-4.74852974719e-08
6.86910897529e-11	-6.90337387255e-08
6.98950231663e-11	-6.70396929081e-08
7.10989565797e-11	-4.19907131288e-08
7.23028899931e-11	-2.30678987023e-09
7.35068234065e-11	3.86011436149e-08
7.47107568199e-11	6.73289335396e-08
7.59146902333e-11	7.5608383554e-08
7.71186236467e-11	6.34304058167e-08
7.83225570601e-11	3.87719545358e-08
7.95264904734e-11	1.40076314992e-08
8.07304238868e-11	5.45725686862e-10
8.19343573002e-11	3.99038535548e-09
8.31382907136e-11	2.18928448703e-08
8.4342224127e-11	4.49855690476e-08
8.55461575404e-11	6.12611472661e-08
8.67500909538e-11	6.10803567724e-08
8.79540243672e-11	4.11154701396e-08
8.91579577806e-11	5.53966028605e-09
9.0361891194e-11	-3.58577736392e-08
9.15658246074e-11	-7.16157941838e-08
9.27697580207e-11	-9.27733978529e-08
9.39736914341e-11	-9.55306163064e-08
9.51776248475e-11	-8.1529250906e-08
9.63815582609e-11	-5.60964430463e-08
9.75854916743e-11	-2.56300740631e-08
9.87894250877e-11	4.52131398987e-09
9.99933585011e-11	3.09228305184e-08
1.01197291914e-10	5.17358280661e-08
1.02401225328e-10	6.58967351796e-08
1.03605158741e-10	7.25533411128e-08
1.04809092155e-10	7.10860348363e-08
1.06013025568e-10	6.15599589082e-08
1.07216958981e-10	4.51509798438e-08
1.08420892395e-10	2.41664164236e-08
1.09624825808e-10	1.6012855486e-09
1.10828759222e-10	-1.95499350042e-08
1.12032692635e-10	-3.68973758214e-08
1.13236626048e-10	-4.900325834e-08
1.14440559462e-10	-5.54769847838e-08
1.15644492875e-10	-5.68910323295e-08
1.16848426289e-10	-5.4587157905e-08
1.18052359702e-10	-5.03416792696e-08
1.19256293115e-10	-4.58169111539e-08
1.20460226529e-10	-4.18722123641e-08
1.21664159942e-10	-3.79903966063e-08
1.22868093356e-10	-3.22104263262e-08
1.24072026769e-10	-2.18673044117e-08
1.25275960182e-10	-5.05272490514e-09
1.26479893596e-10	1.78042398602e-08
1.27683827009e-10	4.30868034584e-08
1.28887760422e-10	6.45639559593e-08
1.30091693836e-10	7.5449733572e-08
1.31295627249e-10	7.1174049765e-08
1.32499560663e-10	5.16165528097e-08
1.33703494076e-10	2.16718447632e-08
1.34907427489e-10	-1.02521484635e-08
1.36111360903e-10	-3.52097906386e-08
1.37315294316e-10	-4.69153889071e-08
1.3851922773e-10	-4.37944756015e-08
1.39723161143e-10	-2.91045214595e-08
1.40927094556e-10	-9.26285004255e-09
1.4213102797e-10	8.7879792332e-09
1.43334961383e-10	2.00061816003e-08
1.44538894797e-10	2.25520313535e-08
1.4574282821e-10	1.76639076699e-08
1.46946761623e-10	8.42596303841e-09
1.48150695037e-10	-1.84109516521e-09
1.4935462845e-10	-1.08193107806e-08
1.50558561864e-10	-1.76300449795e-08
1.51762495277e-10	-2.24863878628e-08
1.5296642869e-10	-2.59392702873e-08
1.54170362104e-10	-2.82000378604e-08
1.55374295517e-10	-2.88572259421e-08
1.5657822893e-10	-2.70279016945e-08
1.57782162344e-10	-2.17750972809e-08
1.58986095757e-10	-1.25433601283e-08
1.60190029171e-10	5.24408128033e-10
1.61393962584e-10	1.64232574207e-08
1.62597895997e-10	3.32905401024e-08
1.63801829411e-10	4.85744280354e-08
1.65005762824e-10	5.94384772512e-08
1.66209696238e-10	6.3400399597e-08
1.67413629651e-10	5.90748427953e-08
1.68617563064e-10	4.67650984604e-08
1.69821496478e-10	2.86104029357e-08
1.71025429891e-10	8.15848899549e-09
1.72229363305e-10	-1.05441930742e-08
1.73433296718e-10	-2.40321789136e-08
1.74637230131e-10	-3.02744709302e-08
1.75841163545e-10	-2.90100636846e-08
1.77045096958e-10	-2.15228617151e-08
1.78249030372e-10	-1.00285770799e-08
1.79452963785e-10	3.01039637662e-09
1.80656897198e-10	1.53773118683e-08
1.81860830612e-10	2.52765257613e-08
1.83064764025e-10	3.12824930404e-08
1.84268697438e-10	3.22403579389e-08
1.85472630852e-10	2.72966360626e-08
1.86676564265e-10	1.61314552827e-08
1.87880497679e-10	-7.1802919166e-10
1.89084431092e-10	-2.16054889535e-08
1.90288364505e-10	-4.37883578286e-08
1.91492297919e-10	-6.37833821315e-08
1.92696231332e-10	-7.80166473646e-08
1.93900164746e-10	-8.36211597743e-08
1.95104098159e-10	-7.91597756233e-08
1.96308031572e-10	-6.50544649261e-08
1.97511964986e-10	-4.35649738506e-08
1.98715898399e-10	-1.82719599451e-08
1.99919831813e-10	6.80870870795e-09
2.01123765226e-10	2.8224059534e-08
2.02327698639e-10	4.38694449656e-08
2.03531632053e-10	5.32824735444e-08
2.04735565466e-10	5.73690783767e-08
2.0593949888e-10	5.7699491407e-08
2.07143432293e-10	5.56978143607e-08
2.08347365706e-10	5.20616261213e-08
2.0955129912e-10	4.66298182289e-08
2.10755232533e-10	3.87099774457e-08
2.11959165946e-10	2.76666245469e-08
2.1316309936e-10	1.34901672055e-08
2.14367032773e-10	-2.91300050748e-09
2.15570966187e-10	-1.98247427363e-08
2.167748996e-10	-3.51557503109e-08
2.17978833013e-10	-4.70208547654e-08
2.19182766427e-10	-5.42065023978e-08
2.2038669984e-10	-5.63578197443e-08
2.21590633254e-10	-5.38448539089e-08
2.22794566667e-10	-4.74273420537e-08
2.2399850008e-10	-3.79185323141e-08
2.25202433494e-10	-2.60172345889e-08
2.26406366907e-10	-1.23763079785e-08
2.27610300321e-10	2.18753815062e-09
2.28814233734e-10	1.65121178952e-08
2.30018167147e-10	2.90899873079e-08
2.31222100561e-10	3.83298548456e-08
2.32426033974e-10	4.29773798771e-08
2.33629967387e-10	4.25332160603e-08
2.34833900801e-10	3.74783084567e-08
2.36037834214e-10	2.91782118467e-08
2.37241767628e-10	1.94926812469e-08
2.38445701041e-10	1.02236192845e-08
2.39649634454e-10	2.60748866943e-09
2.40853567868e-10	-2.94687052538e-09
2.42057501281e-10	-6.76544731348e-09
2.43261434695e-10	-9.52274170629e-09
2.44465368108e-10	-1.17398277766e-08
2.45669301521e-10	-1.34116984185e-08
2.46873234935e-10	-1.39555069723e-08
2.48077168348e-10	-1.25179697719e-08
2.49281101762e-10	-8.50335712954e-09
2.50485035175e-10	-2.05767403116e-09
2.51688968588e-10	5.73776315349e-09
2.52892902002e-10	1.30723050162e-08
2.54096835415e-10	1.79370349684e-08
2.55300768829e-10	1.87561628451e-08
2.56504702242e-10	1.48558356727e-08
2.57708635655e-10	6.62022658915e-09
2.58912569069e-10	-4.68058525271e-09
2.60116502482e-10	-1.72593921377e-08
2.61320435895e-10	-2.92051467454e-08
2.62524369309e-10	-3.87835683568e-08
2.63728302722e-10	-4.46242687246e-08
2.64932236136e-10	-4.58374742607e-08
2.66136169549e-10	-4.21145891494e-08
2.67340102962e-10	-3.38063834704e-08
2.68544036376e-10	-2.19339337804e-08
2.69747969789e-10	-8.07327449337e-09
2.70951903203e-10	5.9073252956e-09
2.72155836616e-10	1.81886488093e-08
2.73359770029e-10	2.73197269252e-08
2.74563703443e-10	3.2419766427e-08
2.75767636856e-10	3.32252554358e-08
2.7697157027e-10	3.00054701086e-08
2.78175503683e-10	2.34241124275e-08
2.79379437096e-10	1.44041640837e-08
2.8058337051e-10	4.02010336131e-09
2.81787303923e-10	-6.58592957947e-09
2.82991237337e-10	-1.62949724825e-08
2.8419517075e-10	-2.41149447078e-08
2.85399104163e-10	-2.92922326395e-08
2.86603037577e-10	-3.14009760416e-08
2.8780697099e-10	-3.03814466918e-08
2.89010904403e-10	-2.65229935792e-08
2.90214837817e-10	-2.03894661155e-08
2.9141877123e-10	-1.2718843756e-08
2.92622704644e-10	-4.31543289992e-09
2.93826638057e-10	4.0339571683e-09
2.9503057147e-10	1.16073355372e-08
2.96234504884e-10	1.77799694967e-08
2.97438438297e-10	2.20546994001e-08
2.98642371711e-10	2.41040840621e-08
2.99846305124e-10	2.38348860648e-08
3.01050238537e-10	2.14426609801e-08
3.02254171951e-10	1.74226606475e-08
3.03458105364e-10	1.25096590864e-08
3.04662038778e-10	7.53832374301e-09
3.05865972191e-10	3.26210591872e-09
3.07069905604e-10	1.81040044067e-10
3.08273839018e-10	-1.55762314158e-09
3.09477772431e-10	-2.15261497516e-09
3.10681705845e-10	-2.03532746212e-09
3.11885639258e-10	-1.69108105297e-09
3.13089572671e-10	-1.47978373999e-09
3.14293506085e-10	-1.5241121698e-09
3.15497439498e-10	-1.70185909809e-09
3.16701372911e-10	-1.74159608957e-09
3.17905306325e-10	-1.3829521972e-09
3.19109239738e-10	-5.19312870484e-10
3.20313173152e-10	7.45021544457e-10
3.21517106565e-10	2.14200612803e-09
3.22721039978e-10	3.371798174e-09
3.23924973392e-10	4.2392356292e-09
3.25128906805e-10	4.71743177854e-09
3.26332840219e-10	4.90945417653e-09
3.27536773632e-10	4.9244159861e-09
3.28740707045e-10	4.75289274604e-09
3.29944640459e-10	4.22337809169e-09
3.31148573872e-10	3.07077807626e-09
3.32352507286e-10	1.09397291226e-09
3.33556440699e-10	-1.67905123138e-09
3.34760374112e-10	-4.91017182469e-09
3.35964307526e-10	-7.9975155387e-09
3.37168240939e-10	-1.02313935102e-08
3.38372174353e-10	-1.10014370946e-08
3.39576107766e-10	-9.97387417101e-09
3.40780041179e-10	-7.17579373699e-09
3.41983974593e-10	-2.97687008377e-09
3.43187908006e-10	2.01435357283e-09
3.44391841419e-10	7.09664904619e-09
3.45595774833e-10	1.16142322426e-08
3.46799708246e-10	1.50595234061e-08
3.4800364166e-10	1.71162959361e-08
3.49207575073e-10	1.76484302727e-08
3.50411508486e-10	1.66558020709e-08
3.516154419e-10	1.42200384801e-08
3.52819375313e-10	1.04724691141e-08
3.54023308727e-10	5.59298163338e-09
3.5522724214e-10	-1.58083546253e-10
3.56431175553e-10	-6.39560138183e-09
3.57635108967e-10	-1.25877397394e-08
3.5883904238e-10	-1.80756245527e-08
3.60042975794e-10	-2.2146309675e-08
3.61246909207e-10	-2.41537634338e-08
3.6245084262e-10	-2.36531843001e-08
3.63654776034e-10	-2.05147614452e-08
3.64858709447e-10	-1.49817047657e-08
3.66062642861e-10	-7.64966312516e-09
3.67266576274e-10	6.25994645009e-10
3.68470509687e-10	8.86351525509e-09
3.69674443101e-10	1.60979105601e-08
3.70878376514e-10	2.15022293304e-08
3.72082309927e-10	2.44723530329e-08
3.73286243341e-10	2.46875391241e-08
3.74490176754e-10	2.21523688282e-08
3.75694110168e-10	1.72198326709e-08
3.76898043581e-10	1.05770441294e-08
3.78101976994e-10	3.1688927038e-09
3.79305910408e-10	-3.94271859605e-09
3.80509843821e-10	-9.77061009877e-09
3.81713777235e-10	-1.35942084256e-08
3.82917710648e-10	-1.50951819933e-08
3.84121644061e-10	-1.43959013599e-08
3.85325577475e-10	-1.1983977366e-08
3.86529510888e-10	-8.55474624473e-09
3.87733444302e-10	-4.82306017346e-09
3.88937377715e-10	-1.36349587176e-09
3.90141311128e-10	1.47493239844e-09
3.91345244542e-10	3.56545659663e-09
3.92549177955e-10	4.93515583955e-09
3.93753111369e-10	5.66802738078e-09
3.94957044782e-10	5.83396619902e-09
3.96160978195e-10	5.47261924666e-09
3.97364911609e-10	4.63032412412e-09
3.98568845022e-10	3.42261308184e-09
3.99772778435e-10	2.07681449815e-09
4.00976711849e-10	9.15125364376e-10
4.02180645262e-10	2.74366945829e-10
4.03384578676e-10	3.86163212518e-10
4.04588512089e-10	1.27048949139e-09
4.05792445502e-10	2.69800914943e-09
4.06996378916e-10	4.24438617586e-09
4.08200312329e-10	5.42656586333e-09
4.09404245743e-10	5.86860782192e-09
4.10608179156e-10	5.43365974437e-09
4.11812112569e-10	4.26779367402e-09
4.13016045983e-10	2.73633893322e-09
4.14219979396e-10	1.28441846048e-09
4.1542391281e-10	2.72841221838e-10
4.16627846223e-10	-1.45225956261e-10
4.17831779636e-10	-6.40240499505e-11
4.1903571305e-10	2.26739571563e-10
4.20239646463e-10	3.63406804649e-10
4.21443579877e-10	4.89281046234e-11
4.2264751329e-10	-8.35773561469e-10
4.23851446703e-10	-2.18928852824e-09
4.25055380117e-10	-3.72604125332e-09
4.2625931353e-10	-5.07384934068e-09
4.27463246943e-10	-5.89829340925e-09
4.28667180357e-10	-6.00432414899e-09
4.2987111377e-10	-5.38218491997e-09
4.31075047184e-10	-4.18578727235e-09
4.32278980597e-10	-2.65505684105e-09
4.3348291401e-10	-1.02382180511e-09
4.34686847424e-10	5.52055845482e-10
4.35890780837e-10	2.01542094125e-09
4.37094714251e-10	3.37213501567e-09
4.38298647664e-10	4.62295668413e-09
4.39502581077e-10	5.69837244058e-09
4.40706514491e-10	6.43331388162e-09
4.41910447904e-10	6.60107524197e-09
4.43114381318e-10	5.99671423629e-09
4.44318314731e-10	4.54128867844e-09
4.45522248144e-10	2.35840547091e-09
4.46726181558e-10	-2.15927678515e-10
4.47930114971e-10	-2.7034698924e-09
4.49134048384e-10	-4.61722216016e-09
4.50337981798e-10	-5.60989921183e-09
4.51541915211e-10	-5.58185009325e-09
4.52745848625e-10	-4.70297489841e-09
4.53949782038e-10	-3.33859095925e-09
4.55153715451e-10	-1.90882643025e-09
4.56357648865e-10	-7.39510341852e-10
4.57561582278e-10	3.49291984225e-11
4.58765515692e-10	4.79108142049e-10
4.59969449105e-10	7.78729747353e-10
4.61173382518e-10	1.11934728153e-09
4.62377315932e-10	1.5792915864e-09
4.63581249345e-10	2.0874597606e-09
4.64785182759e-10	2.45827447287e-09
4.65989116172e-10	2.48190001884e-09
4.67193049585e-10	2.02267735894e-09
4.68396982999e-10	1.07869635446e-09
4.69600916412e-10	-2.15977902229e-10
4.70804849826e-10	-1.64452629292e-09
4.72008783239e-10	-2.98212166072e-09
4.73212716652e-10	-4.05851352525e-09
4.74416650066e-10	-4.78441908314e-09
4.75620583479e-10	-5.13762588028e-09
4.76824516892e-10	-5.12763165261e-09
4.78028450306e-10	-4.76343808842e-09
4.79232383719e-10	-4.04113542629e-09
4.80436317133e-10	-2.96079072371e-09
4.81640250546e-10	-1.55888912889e-09
4.82844183959e-10	6.24869322952e-11
4.84048117373e-10	1.72761016604e-09
4.85252050786e-10	3.21084336896e-09
4.864559842e-10	4.28339097525e-09
4.87659917613e-10	4.77060391191e-09
4.88863851026e-10	4.59714044609e-09
4.9006778444e-10	3.80742415373e-09
4.91271717853e-10	2.55481680256e-09
4.92475651267e-10	1.06386333076e-09
4.9367958468e-10	-4.20943946366e-10
4.94883518093e-10	-1.68552072299e-09
4.96087451507e-10	-2.58192667246e-09
4.9729138492e-10	-3.04128677797e-09
4.98495318334e-10	-3.06585357102e-09
4.99699251747e-10	-2.70674838099e-09
5.0090318516e-10	-2.04046890495e-09
5.02107118574e-10	-1.15158504954e-09
5.03311051987e-10	-1.25397428552e-10
5.045149854e-10	9.52841805457e-10
5.05718918814e-10	1.99854888194e-09
5.06922852227e-10	2.92958768355e-09
5.08126785641e-10	3.67200758689e-09
5.09330719054e-10	4.16699208472e-09
5.10534652467e-10	4.37515934593e-09
5.11738585881e-10	4.28065494162e-09
5.12942519294e-10	3.89324839034e-09
5.14146452708e-10	3.25128390877e-09
5.15350386121e-10	2.42181763532e-09
5.16554319534e-10	1.49501100388e-09
5.17758252948e-10	5.73522951353e-10
5.18962186361e-10	-2.46538262028e-10
5.20166119775e-10	-8.94750940006e-10
5.21370053188e-10	-1.34197386537e-09
5.22573986601e-10	-1.60498714319e-09
5.23777920015e-10	-1.7374799377e-09
5.24981853428e-10	-1.81075843209e-09
5.26185786842e-10	-1.88680315816e-09
5.27389720255e-10	-1.99302840898e-09
5.28593653668e-10	-2.10708517301e-09
5.29797587082e-10	-2.15727058439e-09
5.31001520495e-10	-2.04251748848e-09
5.32205453908e-10	-1.66742253338e-09
5.33409387322e-10	-9.80311831711e-10
5.34613320735e-10	-3.28475289503e-12
5.35817254149e-10	1.16112963688e-09
5.37021187562e-10	2.34827068901e-09
5.38225120975e-10	3.37076189183e-09
5.39429054389e-10	4.06524414132e-09
5.40632987802e-10	4.32842872655e-09
5.41836921216e-10	4.13448564274e-09
5.43040854629e-10	3.52836937445e-09
5.44244788042e-10	2.60488186576e-09
5.45448721456e-10	1.48423651147e-09
5.46652654869e-10	2.94872820605e-10
5.47856588283e-10	-8.3454398947e-10
5.49060521696e-10	-1.77849845961e-09
5.50264455109e-10	-2.42074360557e-09
5.51468388523e-10	-2.66852917541e-09
5.52672321936e-10	-2.47304132728e-09
5.5387625535e-10	-1.8487796849e-09
5.55080188763e-10	-8.81556272425e-10
5.56284122176e-10	2.80002798725e-10
5.5748805559e-10	1.44836842519e-09
5.58691989003e-10	2.43139508527e-09
5.59895922416e-10	3.06802183658e-09
5.6109985583e-10	3.25763926945e-09
5.62303789243e-10	2.97959990014e-09
5.63507722657e-10	2.3001833771e-09
5.6471165607e-10	1.36376210325e-09
5.65915589483e-10	3.67799901646e-10
5.67119522897e-10	-4.77200390314e-10
5.6832345631e-10	-9.95204141319e-10
5.69527389724e-10	-1.08859554704e-09
5.70731323137e-10	-7.64925067731e-10
5.7193525655e-10	-1.36481631552e-10
5.73139189964e-10	6.08868844232e-10
5.74343123377e-10	1.25860977196e-09
5.75547056791e-10	1.63375335482e-09
5.76750990204e-10	1.63905289341e-09
5.77954923617e-10	1.28854482639e-09
5.79158857031e-10	7.00998481484e-10
5.80362790444e-10	6.3660708649e-11
5.81566723858e-10	-4.24437485158e-10
5.82770657271e-10	-6.13139816696e-10
5.83974590684e-10	-4.48218517857e-10
5.85178524098e-10	1.25763253978e-11
5.86382457511e-10	6.20619278191e-10
5.87586390924e-10	1.18638510127e-09
5.88790324338e-10	1.54212331793e-09
5.89994257751e-10	1.59307567138e-09
5.91198191165e-10	1.34079258807e-09
5.92402124578e-10	8.71459293617e-10
5.93606057991e-10	3.16685816459e-10
5.94809991405e-10	-1.92695956414e-10
5.96013924818e-10	-5.6357524203e-10
5.97217858232e-10	-7.54112661205e-10
5.98421791645e-10	-7.65148111537e-10
5.99625725058e-10	-6.20096696213e-10
6.00829658472e-10	-3.46815715035e-10
6.02033591885e-10	2.92940290081e-11
6.03237525299e-10	4.79340567239e-10
6.04441458712e-10	9.60945767403e-10
6.05645392125e-10	1.4129906134e-09
6.06849325539e-10	1.76277037411e-09
6.08053258952e-10	1.94307325785e-09
6.09257192366e-10	1.91312943265e-09
6.10461125779e-10	1.67409941465e-09
6.11665059192e-10	1.27118182647e-09
6.12868992606e-10	7.81648190618e-10
6.14072926019e-10	2.92744717356e-10
6.15276859432e-10	-1.21691282051e-10
6.16480792846e-10	-4.19911938554e-10
6.17684726259e-10	-5.99123195499e-10
6.18888659673e-10	-6.89368562234e-10
6.20092593086e-10	-7.38949179624e-10
6.21296526499e-10	-7.95259746944e-10
6.22500459913e-10	-8.87614981515e-10
6.23704393326e-10	-1.01784436435e-09
6.2490832674e-10	-1.15932874412e-09
6.26112260153e-10	-1.26505594888e-09
6.27316193566e-10	-1.28062982441e-09
6.2852012698e-10	-1.15913090237e-09
6.29724060393e-10	-8.74043726284e-10
6.30927993807e-10	-4.27255203439e-10
6.3213192722e-10	1.47867482148e-10
6.33335860633e-10	7.90131071682e-10
6.34539794047e-10	1.41899425543e-09
6.3574372746e-10	1.94708293932e-09
6.36947660874e-10	2.29503482885e-09
6.38151594287e-10	2.40606667923e-09
6.393555277e-10	2.25851737312e-09
6.40559461114e-10	1.87219861836e-09
6.41763394527e-10	1.30732136228e-09
6.4296732794e-10	6.53611942347e-10
6.44171261354e-10	1.06496816574e-11
6.45375194767e-10	-5.33599386898e-10
6.46579128181e-10	-9.21210441263e-10
6.47783061594e-10	-1.13231068966e-09
6.48986995007e-10	-1.18021958873e-09
6.50190928421e-10	-1.09740905252e-09
6.51394861834e-10	-9.18221165769e-10
6.52598795248e-10	-6.67235600105e-10
6.53802728661e-10	-3.57132268203e-10
6.55006662074e-10	4.78122532885e-12
6.56210595488e-10	4.05461358932e-10
6.57414528901e-10	8.19149859055e-10
6.58618462315e-10	1.20601084674e-09
6.59822395728e-10	1.5184770108e-09
6.61026329141e-10	1.71246006264e-09
6.62230262555e-10	1.75716052819e-09
6.63434195968e-10	1.64250890666e-09
6.64638129382e-10	1.38136557748e-09
6.65842062795e-10	1.00799735225e-09
6.67045996208e-10	5.72090042006e-10
6.68249929622e-10	1.30078614546e-10
6.69453863035e-10	-2.65104604935e-10
6.70657796448e-10	-5.74199021663e-10
6.71861729862e-10	-7.78109965349e-10
6.73065663275e-10	-8.78595030063e-10
6.74269596689e-10	-8.92293683386e-10
6.75473530102e-10	-8.4090695518e-10
6.76677463515e-10	-7.41868233511e-10
6.77881396929e-10	-6.027984778e-10
6.79085330342e-10	-4.22869628203e-10
6.80289263756e-10	-1.9822145314e-10
6.81493197169e-10	7.0803585217e-11
6.82697130582e-10	3.74413972049e-10
6.83901063996e-10	6.92100876609e-10
6.85104997409e-10	9.93956694728e-10
6.86308930823e-10	1.2453957865e-09
6.87512864236e-10	1.41192546543e-09
6.88716797649e-10	1.46525769296e-09
6.89920731063e-10	1.38926048443e-09
6.91124664476e-10	1.1836069902e-09
6.92328597889e-10	8.6537665922e-10
6.93532531303e-10	4.66355842832e-10
6.94736464716e-10	2.71654886086e-11
6.9594039813e-10	-4.08797218299e-10
6.97144331543e-10	-8.00351063202e-10
6.98348264956e-10	-1.10997544489e-09
6.9955219837e-10	-1.30462185499e-09
7.00756131783e-10	-1.35760247488e-09
7.01960065197e-10	-1.25266885753e-09
7.0316399861e-10	-9.91314585974e-10
7.04367932023e-10	-5.97454141715e-10
7.05571865437e-10	-1.17221024554e-10
7.0677579885e-10	3.88641008264e-10
7.07979732264e-10	8.58436322027e-10
7.09183665677e-10	1.24201227081e-09
7.1038759909e-10	1.50931767084e-09
7.11591532504e-10	1.65011049269e-09
7.12795465917e-10	1.66762692544e-09
7.13999399331e-10	1.57054458327e-09
7.15203332744e-10	1.36778322002e-09
7.16407266157e-10	1.06941278055e-09
7.17611199571e-10	6.9092531696e-10
7.18815132984e-10	2.5818974736e-10
7.20019066397e-10	-1.91250820736e-10
7.21222999811e-10	-6.11904471537e-10
7.22426933224e-10	-9.58162327258e-10
7.23630866638e-10	-1.1926913901e-09
7.24834800051e-10	-1.29307520247e-09
7.26038733464e-10	-1.25479404645e-09
7.27242666878e-10	-1.09059605791e-09
7.28446600291e-10	-8.26508861351e-10
7.29650533705e-10	-4.95881780083e-10
7.30854467118e-10	-1.32427402377e-10
7.32058400531e-10	2.35605451815e-10
7.33262333945e-10	5.88616655417e-10
7.34466267358e-10	9.14335829272e-10
7.35670200772e-10	1.20248211388e-09
7.36874134185e-10	1.43908274186e-09
7.38078067598e-10	1.60305946295e-09
7.39282001012e-10	1.66919045252e-09
7.40485934425e-10	1.61606950044e-09
7.41689867839e-10	1.43610134895e-09
7.42893801252e-10	1.14225440218e-09
7.44097734665e-10	7.67022223513e-10
7.45301668079e-10	3.54780593792e-10
7.46505601492e-10	-4.98836458251e-11
7.47709534905e-10	-4.11616518647e-10
7.48913468319e-10	-7.07948366596e-10
7.50117401732e-10	-9.2698981824e-10
7.51321335146e-10	-1.06147379775e-09
7.52525268559e-10	-1.10373121753e-09
7.53729201972e-10	-1.04476816087e-09
7.54933135386e-10	-8.77337147376e-10
7.56137068799e-10	-6.02106808856e-10
7.57341002213e-10	-2.33058461419e-10
7.58544935626e-10	1.99638194864e-10
7.59748869039e-10	6.50870302099e-10
7.60952802453e-10	1.06651165677e-09
7.62156735866e-10	1.3916209296e-09
7.6336066928e-10	1.58056345789e-09
7.64564602693e-10	1.60515556402e-09
7.65768536106e-10	1.46030854076e-09
7.6697246952e-10	1.16521037263e-09
7.68176402933e-10	7.59994345234e-10
7.69380336347e-10	2.99390373604e-10
7.7058426976e-10	-1.55996771056e-10
7.71788203173e-10	-5.48572742787e-10
7.72992136587e-10	-8.31841484583e-10
7.7419607e-10	-9.76690506249e-10
7.75400003413e-10	-9.75053593422e-10
7.76603936827e-10	-8.40109815048e-10
7.7780787024e-10	-6.02904393077e-10
7.79011803654e-10	-3.05579422877e-10
7.80215737067e-10	7.29363878321e-12
7.8141967048e-10	2.97115221315e-10
7.82623603894e-10	5.37420774549e-10
7.83827537307e-10	7.15972503507e-10
7.85031470721e-10	8.32588165078e-10
7.86235404134e-10	8.94286034114e-10
7.87439337547e-10	9.09316733022e-10
7.88643270961e-10	8.82800277324e-10
7.89847204374e-10	8.15295553291e-10
7.91051137788e-10	7.04520497496e-10
7.92255071201e-10	5.49719270104e-10
7.93459004614e-10	3.56128765366e-10
7.94662938028e-10	1.37859820781e-10
7.95866871441e-10	-8.21264306561e-11
7.97070804855e-10	-2.7587260254e-10
7.98274738268e-10	-4.16229384292e-10
7.99478671681e-10	-4.83276918484e-10
8.00682605095e-10	-4.69040306594e-10
8.01886538508e-10	-3.78355902164e-10
8.03090471921e-10	-2.26888619004e-10
8.04294405335e-10	-3.65756071263e-11
8.05498338748e-10	1.69057226551e-10
8.06702272162e-10	3.68301972253e-10
8.07906205575e-10	5.43284084387e-10
8.09110138988e-10	6.79997558262e-10
8.10314072402e-10	7.68673624751e-10
8.11518005815e-10	8.03456468024e-10
8.12721939229e-10	7.8273176829e-10
8.13925872642e-10	7.09232950147e-10
8.15129806055e-10	5.89927495742e-10
8.16333739469e-10	4.35889158101e-10
8.17537672882e-10	2.61707794325e-10
8.18741606296e-10	8.5000069483e-11
8.19945539709e-10	-7.52824261263e-11
8.21149473122e-10	-2.01359193208e-10
8.22353406536e-10	-2.8000859964e-10
8.23557339949e-10	-3.0576785548e-10
8.24761273363e-10	-2.82463691326e-10
8.25965206776e-10	-2.22277155015e-10
8.27169140189e-10	-1.42157841054e-10
8.28373073603e-10	-5.88193035944e-11
8.29577007016e-10	1.58035338288e-11
8.30780940429e-10	7.75435479716e-11
8.31984873843e-10	1.30200947246e-10
8.33188807256e-10	1.83257964359e-10
8.3439274067e-10	2.47751430482e-10
8.35596674083e-10	3.31357025152e-10
8.36800607496e-10	4.3419010054e-10
8.3800454091e-10	5.46384604228e-10
8.39208474323e-10	6.48993303543e-10
8.40412407737e-10	7.18227755048e-10
8.4161634115e-10	7.32286342675e-10
8.42820274563e-10	6.78946066035e-10
8.44024207977e-10	5.60243185177e-10
8.4522814139e-10	3.93230392692e-10
8.46432074804e-10	2.05247541185e-10
8.47636008217e-10	2.59636062649e-11
8.4883994163e-10	-1.20742679743e-10
8.50043875044e-10	-2.21822296642e-10
8.51247808457e-10	-2.7526916857e-10
8.52451741871e-10	-2.86247303638e-10
8.53655675284e-10	-2.61828558834e-10
8.54859608697e-10	-2.0675317014e-10
8.56063542111e-10	-1.22823820559e-10
8.57267475524e-10	-1.120816287e-11
8.58471408937e-10	1.23821924936e-10
8.59675342351e-10	2.71621919401e-10
8.60879275764e-10	4.14999951071e-10
8.62083209178e-10	5.32647925766e-10
8.63287142591e-10	6.0423444026e-10
8.64491076004e-10	6.15772488555e-10
8.65695009418e-10	5.63988578062e-10
8.66898942831e-10	4.57834381518e-10
8.68102876245e-10	3.17122522686e-10
8.69306809658e-10	1.68040414916e-10
8.70510743071e-10	3.73103666018e-11
8.71714676485e-10	-5.39224428997e-11
8.72918609898e-10	-9.45267197849e-11
8.74122543312e-10	-8.53417336799e-11
8.75326476725e-10	-3.81691310503e-11
8.76530410138e-10	2.80830185495e-11
8.77734343552e-10	9.24536280866e-11
8.78938276965e-10	1.37663838662e-10
8.80142210379e-10	1.54621648818e-10
8.81346143792e-10	1.44429662674e-10
8.82550077205e-10	1.17604440075e-10
8.83754010619e-10	9.02011659809e-11
8.84957944032e-10	7.8185576069e-11
8.86161877445e-10	9.2224040904e-11
8.87365810859e-10	1.34227434723e-10
8.88569744272e-10	1.97453178807e-10
8.89773677686e-10	2.69566702293e-10
8.90977611099e-10	3.37205346979e-10
8.92181544512e-10	3.90131121852e-10
8.93385477926e-10	4.2285477897e-10
8.94589411339e-10	4.33854618898e-10
8.95793344753e-10	4.23137413996e-10
8.96997278166e-10	3.8979419692e-10
8.98201211579e-10	3.31754151928e-10
8.99405144993e-10	2.47335790737e-10
9.00609078406e-10	1.38467098898e-10
9.0181301182e-10	1.33492505244e-11
9.03016945233e-10	-1.12722192691e-10
9.04220878646e-10	-2.19071982777e-10
9.0542481206e-10	-2.83891715691e-10
9.06628745473e-10	-2.89755885952e-10
9.07832678886e-10	-2.28775012823e-10
9.090366123e-10	-1.06314540504e-10
9.10240545713e-10	5.86584253393e-11
9.11444479127e-10	2.367682439e-10
9.1264841254e-10	3.94819260618e-10
9.13852345953e-10	5.04291830516e-10
9.15056279367e-10	5.48657730359e-10
9.1626021278e-10	5.27572929787e-10
9.17464146194e-10	4.55542992217e-10
9.18668079607e-10	3.56328216933e-10
9.1987201302e-10	2.54674004108e-10
9.21075946434e-10	1.6912843348e-10
9.22279879847e-10	1.08124641185e-10
