% time-domain current integration by openEMS v0.37.0-rc1-2-g7b051bb @Tue Jul 14 01:59:42 2026
% start-coordinates: (0.00695348,0.00407453,0.0165342) m -> [168,120,255]
% stop-coordinates: (0.00742736,0.00457625,0.0165342) m -> [176,128,255]
% t/s	current
7.21641059801e-14	-0
1.22678980166e-12	-0
2.38141549734e-12	-0
3.53604119303e-12	-0
4.69066688871e-12	-0
5.84529258439e-12	-0
6.99991828007e-12	-0
8.15454397575e-12	-0
9.30916967143e-12	-0
1.04637953671e-11	-0
1.16184210628e-11	-0
1.27730467585e-11	-0
1.39276724542e-11	-0
1.50822981498e-11	-0
1.62369238455e-11	-0
1.73915495412e-11	-0
1.85461752369e-11	-0
1.97008009326e-11	-0
2.08554266283e-11	-0
2.20100523239e-11	-0
2.31646780196e-11	-0
2.43193037153e-11	-0
2.5473929411e-11	-0
2.66285551067e-11	-0
2.77831808023e-11	-0
2.8937806498e-11	-0
3.00924321937e-11	-0
3.12470578894e-11	-0
3.24016835851e-11	-0
3.35563092808e-11	-0
3.47109349764e-11	-0
3.58655606721e-11	-0
3.70201863678e-11	-0
3.81748120635e-11	-0
3.93294377592e-11	-0
4.04840634548e-11	-0
4.16386891505e-11	-0
4.27933148462e-11	-0
4.39479405419e-11	-0
4.51025662376e-11	-0
4.62571919333e-11	-0
4.74118176289e-11	-0
4.85664433246e-11	-0
4.97210690203e-11	-0
5.0875694716e-11	-0
5.20303204117e-11	-0
5.31849461073e-11	-0
5.4339571803e-11	-0
5.54941974987e-11	-0
5.66488231944e-11	-0
5.78034488901e-11	-0
5.89580745858e-11	-0
6.01127002814e-11	-0
6.12673259771e-11	-0
6.24219516728e-11	-0
6.35765773685e-11	-0
6.47312030642e-11	-0
6.58858287598e-11	-0
6.70404544555e-11	-0
6.81950801512e-11	-0
6.93497058469e-11	-0
7.05043315426e-11	-0
7.16589572383e-11	-0
7.28135829339e-11	-0
7.39682086296e-11	-0
7.51228343253e-11	-0
7.6277460021e-11	-0
7.74320857167e-11	-0
7.85867114123e-11	-0
7.9741337108e-11	-0
8.08959628037e-11	-0
8.20505884994e-11	-0
8.32052141951e-11	-0
8.43598398908e-11	-0
8.55144655864e-11	-0
8.66690912821e-11	-0
8.78237169778e-11	-0
8.89783426735e-11	-0
9.01329683692e-11	-0
9.12875940648e-11	-0
9.24422197605e-11	-0
9.35968454562e-11	-0
9.47514711519e-11	-0
9.59060968476e-11	-0
9.70607225432e-11	-0
9.82153482389e-11	-0
9.93699739346e-11	-0
1.0052459963e-10	-0
1.01679225326e-10	-0
1.02833851022e-10	-1.81662637344e-38
1.03988476717e-10	-1.22339230179e-35
1.05143102413e-10	-3.91315870493e-34
1.06297728109e-10	-1.01713035598e-32
1.07452353804e-10	-2.30982594576e-31
1.086069795e-10	-4.60765122268e-30
1.09761605196e-10	-8.09013414862e-29
1.10916230891e-10	-1.25268213225e-27
1.12070856587e-10	-1.71387966491e-26
1.13225482283e-10	-2.07606324016e-25
1.14380107978e-10	-2.23109112203e-24
1.15534733674e-10	-2.13176911644e-23
1.1668935937e-10	-1.81499312159e-22
1.17843985066e-10	-1.38013439325e-21
1.18998610761e-10	-9.39516021044e-21
1.20153236457e-10	-5.73928282027e-20
1.21307862153e-10	-3.1535431088e-19
1.22462487848e-10	-1.56203246251e-18
1.23617113544e-10	-6.98850571551e-18
1.2477173924e-10	-2.82845278389e-17
1.25926364935e-10	-1.0364672337e-16
1.27080990631e-10	-3.43805114637e-16
1.28235616327e-10	-1.03035385281e-15
1.29390242022e-10	-2.7764685455e-15
1.30544867718e-10	-6.65928112824e-15
1.31699493414e-10	-1.39138959753e-14
1.32854119109e-10	-2.40527846392e-14
1.34008744805e-10	-2.90152592979e-14
1.35163370501e-10	6.09381495578e-16
1.36317996196e-10	1.42092636485e-13
1.37472621892e-10	5.6268086978e-13
1.38627247588e-10	1.57262148182e-12
1.39781873283e-10	3.66893494752e-12
1.40936498979e-10	7.52673617876e-12
1.42091124675e-10	1.38695305241e-11
1.43245750371e-10	2.31336148154e-11
1.44400376066e-10	3.48523571114e-11
1.45555001762e-10	4.67457357545e-11
1.46709627458e-10	5.36299650522e-11
1.47864253153e-10	4.64635691033e-11
1.49018878849e-10	1.2080257801e-11
1.50173504545e-10	-6.56796214638e-11
1.5132813024e-10	-2.02800554128e-10
1.52482755936e-10	-4.09702410886e-10
1.53637381632e-10	-6.84301726395e-10
1.54792007327e-10	-1.00524144564e-09
1.55946633023e-10	-1.32782462803e-09
1.57101258719e-10	-1.58529656069e-09
1.58255884414e-10	-1.69721792176e-09
1.5941051011e-10	-1.58478707935e-09
1.60565135806e-10	-1.19057463888e-09
1.61719761501e-10	-4.97979824043e-10
1.62874387197e-10	4.55270793287e-10
1.64029012893e-10	1.57451707228e-09
1.65183638588e-10	2.71886269054e-09
1.66338264284e-10	3.72413611061e-09
1.6749288998e-10	4.43380798743e-09
1.68647515676e-10	4.73139483148e-09
1.69802141371e-10	4.56714976949e-09
1.70956767067e-10	3.97233046456e-09
1.72111392763e-10	3.05617531282e-09
1.73266018458e-10	1.98416527653e-09
1.74420644154e-10	9.41215438921e-10
1.7557526985e-10	8.91060142338e-11
1.76729895545e-10	-4.68834471246e-10
1.77884521241e-10	-7.0359629234e-10
1.79039146937e-10	-6.51232567872e-10
1.80193772632e-10	-3.83067993992e-10
1.81348398328e-10	3.05179770343e-11
1.82503024024e-10	5.45005318653e-10
1.83657649719e-10	1.14268383644e-09
1.84812275415e-10	1.80908243941e-09
1.85966901111e-10	2.49771114902e-09
1.87121526806e-10	3.10373260426e-09
1.88276152502e-10	3.4650431413e-09
1.89430778198e-10	3.39794703486e-09
1.90585403893e-10	2.75904943337e-09
1.91740029589e-10	1.51187173891e-09
1.92894655285e-10	-2.28623758813e-10
1.94049280981e-10	-2.19532503287e-09
1.95203906676e-10	-4.01996036459e-09
1.96358532372e-10	-5.32537125508e-09
1.97513158068e-10	-5.83203929594e-09
1.98667783763e-10	-5.44304112893e-09
1.99822409459e-10	-4.27550173043e-09
2.00977035155e-10	-2.6241275819e-09
2.0213166085e-10	-8.67906635449e-10
2.03286286546e-10	6.46386499881e-10
2.04440912242e-10	1.70124003773e-09
2.05595537937e-10	2.2514887732e-09
2.06750163633e-10	2.40060105128e-09
2.07904789329e-10	2.32398500444e-09
2.09059415024e-10	2.17410356385e-09
2.1021404072e-10	2.00831018482e-09
2.11368666416e-10	1.76884384917e-09
2.12523292111e-10	1.32157884636e-09
2.13677917807e-10	5.3638071762e-10
2.14832543503e-10	-6.24350349199e-10
2.15987169198e-10	-2.04673034077e-09
2.17141794894e-10	-3.46450801381e-09
2.1829642059e-10	-4.52351400781e-09
2.19451046286e-10	-4.8927497609e-09
2.20605671981e-10	-4.38286162918e-09
2.21760297677e-10	-3.02648883732e-09
2.22914923373e-10	-1.08650810571e-09
2.24069549068e-10	1.01520358786e-09
2.25224174764e-10	2.82386913852e-09
2.2637880046e-10	3.98492794318e-09
2.27533426155e-10	4.33384927945e-09
2.28688051851e-10	3.91244769915e-09
2.29842677547e-10	2.91430035659e-09
2.30997303242e-10	1.59141966272e-09
2.32151928938e-10	1.6723025742e-10
2.33306554634e-10	-1.20825216499e-09
2.34461180329e-10	-2.45025666423e-09
2.35615806025e-10	-3.49497097929e-09
2.36770431721e-10	-4.25274437887e-09
2.37925057416e-10	-4.59145566012e-09
2.39079683112e-10	-4.36531388814e-09
2.40234308808e-10	-3.47911988108e-09
2.41388934503e-10	-1.95801419522e-09
2.42543560199e-10	1.25625352135e-11
2.43698185895e-10	2.10124517785e-09
2.44852811591e-10	3.90274834672e-09
2.46007437286e-10	5.0464050716e-09
2.47162062982e-10	5.30328758686e-09
2.48316688678e-10	4.65332039568e-09
2.49471314373e-10	3.28933702498e-09
2.50625940069e-10	1.5582808377e-09
2.51780565765e-10	-1.38643360681e-10
2.5293519146e-10	-1.45241219052e-09
2.54089817156e-10	-2.16604356673e-09
2.55244442852e-10	-2.22885532253e-09
2.56399068547e-10	-1.74425873745e-09
2.57553694243e-10	-9.23015941456e-10
2.58708319939e-10	-1.98858724626e-11
2.59862945634e-10	7.27692239799e-10
2.6101757133e-10	1.14510201321e-09
2.62172197026e-10	1.14524967287e-09
2.63326822721e-10	7.34497573873e-10
2.64481448417e-10	3.89063043935e-12
2.65636074113e-10	-8.90722717806e-10
2.66790699808e-10	-1.75691927673e-09
2.67945325504e-10	-2.4002049237e-09
2.690999512e-10	-2.66277644378e-09
2.70254576896e-10	-2.4621504835e-09
2.71409202591e-10	-1.8208380359e-09
2.72563828287e-10	-8.75126859867e-10
2.73718453983e-10	1.46632095355e-10
2.74873079678e-10	9.76838832045e-10
2.76027705374e-10	1.38084244039e-09
2.7718233107e-10	1.2270253702e-09
2.78336956765e-10	5.31298283146e-10
2.79491582461e-10	-5.40426869922e-10
2.80646208157e-10	-1.71476854938e-09
2.81800833852e-10	-2.68549960047e-09
2.82955459548e-10	-3.19517234892e-09
2.84110085244e-10	-3.09758885209e-09
2.85264710939e-10	-2.38539255015e-09
2.86419336635e-10	-1.18117138292e-09
2.87573962331e-10	2.98748054073e-10
2.88728588026e-10	1.79376724585e-09
2.89883213722e-10	3.04908831517e-09
2.91037839418e-10	3.85934262326e-09
2.92192465113e-10	4.10316980393e-09
2.93347090809e-10	3.76615183484e-09
2.94501716505e-10	2.94687807489e-09
2.95656342201e-10	1.84030668482e-09
2.96810967896e-10	6.96663005062e-10
2.97965593592e-10	-2.37656949675e-10
2.99120219288e-10	-7.8205575349e-10
3.00274844983e-10	-8.6735119087e-10
3.01429470679e-10	-5.49730760913e-10
3.02584096375e-10	1.1547211104e-11
3.0373872207e-10	6.04936101212e-10
3.04893347766e-10	1.02930708401e-09
3.06047973462e-10	1.14944120888e-09
3.07202599157e-10	9.28582266635e-10
3.08357224853e-10	4.30231961168e-10
3.09511850549e-10	-2.08630390741e-10
3.10666476244e-10	-8.22240719955e-10
3.1182110194e-10	-1.26395127698e-09
3.12975727636e-10	-1.4433531037e-09
3.14130353331e-10	-1.34358746351e-09
3.15284979027e-10	-1.01758124149e-09
3.16439604723e-10	-5.68533831125e-10
3.17594230418e-10	-1.22660104296e-10
3.18748856114e-10	1.98404626062e-10
3.1990348181e-10	3.00834052114e-10
3.21058107506e-10	1.36067657142e-10
3.22212733201e-10	-2.87603302285e-10
3.23367358897e-10	-9.00988672559e-10
3.24521984593e-10	-1.58132495987e-09
3.25676610288e-10	-2.17350337728e-09
3.26831235984e-10	-2.52238341325e-09
3.2798586168e-10	-2.5086348554e-09
3.29140487375e-10	-2.07956962761e-09
3.30295113071e-10	-1.26682642154e-09
3.31449738767e-10	-1.84624857069e-10
3.32604364462e-10	9.9128205644e-10
3.33758990158e-10	2.05747419102e-09
3.34913615854e-10	2.82182677225e-09
3.36068241549e-10	3.14047476913e-09
3.37222867245e-10	2.94604984852e-09
3.38377492941e-10	2.26294738503e-09
3.39532118636e-10	1.20752963184e-09
3.40686744332e-10	-2.85304366937e-11
3.41841370028e-10	-1.2113321457e-09
3.42995995723e-10	-2.1096846492e-09
3.44150621419e-10	-2.54459786575e-09
3.45305247115e-10	-2.43289655089e-09
3.46459872811e-10	-1.81148906986e-09
3.47614498506e-10	-8.31753443897e-10
3.48769124202e-10	2.77392331327e-10
3.49923749898e-10	1.26822674584e-09
3.51078375593e-10	1.93689442263e-09
3.52233001289e-10	2.17020135196e-09
3.53387626985e-10	1.96322647028e-09
3.5454225268e-10	1.40559752726e-09
3.55696878376e-10	6.45151043699e-10
3.56851504072e-10	-1.55524357282e-10
3.58006129767e-10	-8.54842918674e-10
3.59160755463e-10	-1.35275002311e-09
3.60315381159e-10	-1.59658608556e-09
3.61470006854e-10	-1.577149078e-09
3.6262463255e-10	-1.32090882676e-09
3.63779258246e-10	-8.82534656466e-10
3.64933883941e-10	-3.38136324496e-10
3.66088509637e-10	2.23042931347e-10
3.67243135333e-10	7.09858838377e-10
3.68397761028e-10	1.04260278189e-09
3.69552386724e-10	1.16667464578e-09
3.7070701242e-10	1.0642413617e-09
3.71861638116e-10	7.60010665513e-10
3.73016263811e-10	3.17631754232e-10
3.74170889507e-10	-1.73875622234e-10
3.75325515203e-10	-6.21025952885e-10
3.76480140898e-10	-9.48673140044e-10
3.77634766594e-10	-1.11691844662e-09
3.7878939229e-10	-1.12509912498e-09
3.79944017985e-10	-1.00224351041e-09
3.81098643681e-10	-7.90209342405e-10
3.82253269377e-10	-5.27098253933e-10
3.83407895072e-10	-2.3797974702e-10
3.84562520768e-10	6.22573381737e-11
3.85717146464e-10	3.56918383737e-10
3.86871772159e-10	6.16261319752e-10
3.88026397855e-10	7.94864840614e-10
3.89181023551e-10	8.40206515473e-10
3.90335649246e-10	7.11023295796e-10
3.91490274942e-10	3.98605787266e-10
3.92644900638e-10	-5.95004809312e-11
3.93799526333e-10	-5.80233527891e-10
3.94954152029e-10	-1.05082054169e-09
3.96108777725e-10	-1.35611266661e-09
3.97263403421e-10	-1.40991385233e-09
3.98418029116e-10	-1.18049403586e-09
3.99572654812e-10	-7.01969815609e-10
4.00727280508e-10	-6.73804900764e-11
4.01881906203e-10	5.95103299972e-10
4.03036531899e-10	1.15581377802e-09
4.04191157595e-10	1.5163459377e-09
4.0534578329e-10	1.63108959672e-09
4.06500408986e-10	1.51179446739e-09
4.07655034682e-10	1.21575793877e-09
4.08809660377e-10	8.23752510648e-10
4.09964286073e-10	4.16461837238e-10
4.11118911769e-10	5.70921157572e-11
4.12273537464e-10	-2.15675199922e-10
4.1342816316e-10	-3.85464743458e-10
4.14582788856e-10	-4.51910509014e-10
4.15737414551e-10	-4.25501911483e-10
4.16892040247e-10	-3.25512922172e-10
4.18046665943e-10	-1.79869341643e-10
4.19201291638e-10	-2.49215925674e-11
4.20355917334e-10	9.811119972e-11
4.2151054303e-10	1.52399010078e-10
4.22665168726e-10	1.17923240617e-10
4.23819794421e-10	1.10835472744e-12
4.24974420117e-10	-1.63093677452e-10
4.26129045813e-10	-3.18912618535e-10
4.27283671508e-10	-4.06933570174e-10
4.28438297204e-10	-3.8583616857e-10
4.295929229e-10	-2.49690046417e-10
4.30747548595e-10	-3.33675309605e-11
4.31902174291e-10	1.96245214523e-10
4.33056799987e-10	3.60894730767e-10
4.34211425682e-10	3.96519289625e-10
4.35366051378e-10	2.74291950264e-10
4.36520677074e-10	1.0158988234e-11
4.37675302769e-10	-3.39207245625e-10
4.38829928465e-10	-6.91826429478e-10
4.39984554161e-10	-9.62009250038e-10
4.41139179856e-10	-1.08089326378e-09
4.42293805552e-10	-1.0102416681e-09
4.43448431248e-10	-7.4862266386e-10
4.44603056943e-10	-3.30857147235e-10
4.45757682639e-10	1.78573184018e-10
4.46912308335e-10	6.96586288651e-10
4.48066934031e-10	1.13497033993e-09
4.49221559726e-10	1.41552569666e-09
4.50376185422e-10	1.48582957049e-09
4.51530811118e-10	1.3314330749e-09
4.52685436813e-10	9.79819225755e-10
4.53840062509e-10	4.94456475764e-10
4.54994688205e-10	-3.99991741118e-11
4.561493139e-10	-5.37464961425e-10
4.57303939596e-10	-9.28580323745e-10
4.58458565292e-10	-1.17119847154e-09
4.59613190987e-10	-1.25110921623e-09
4.60767816683e-10	-1.17546405942e-09
4.61922442379e-10	-9.63572666102e-10
4.63077068074e-10	-6.40835273735e-10
4.6423169377e-10	-2.39352232478e-10
4.65386319466e-10	1.97094091048e-10
4.66540945161e-10	6.09294170673e-10
4.67695570857e-10	9.25516441264e-10
4.68850196553e-10	1.0742208234e-09
4.70004822248e-10	1.00525443525e-09
4.71159447944e-10	7.12374215173e-10
4.7231407364e-10	2.45981734981e-10
4.73468699336e-10	-2.92112445344e-10
4.74623325031e-10	-7.73308306279e-10
4.75777950727e-10	-1.08005970834e-09
4.76932576423e-10	-1.14354692382e-09
4.78087202118e-10	-9.66372204481e-10
4.79241827814e-10	-6.20629603265e-10
4.8039645351e-10	-2.21198628858e-10
4.81551079205e-10	1.15187644145e-10
4.82705704901e-10	3.08995606879e-10
4.83860330597e-10	3.40175748681e-10
4.85014956292e-10	2.46335840615e-10
4.86169581988e-10	9.99606925012e-11
4.87324207684e-10	-2.39044634781e-11
4.88478833379e-10	-7.51214021544e-11
4.89633459075e-10	-4.08671152474e-11
4.90788084771e-10	5.93670113069e-11
4.91942710466e-10	1.90830365399e-10
4.93097336162e-10	3.21794701996e-10
4.94251961858e-10	4.33990815507e-10
4.95406587553e-10	5.21923615437e-10
4.96561213249e-10	5.83820325417e-10
4.97715838945e-10	6.1161481435e-10
4.98870464641e-10	5.87253412565e-10
5.00025090336e-10	4.88627915907e-10
5.01179716032e-10	3.02475072766e-10
5.02334341728e-10	3.70599870236e-11
5.03488967423e-10	-2.72284944591e-10
5.04643593119e-10	-5.68257663147e-10
5.05798218815e-10	-7.85888132349e-10
5.0695284451e-10	-8.70915894957e-10
5.08107470206e-10	-7.95579269131e-10
5.09262095902e-10	-5.66169278127e-10
5.10416721597e-10	-2.21398802069e-10
5.11571347293e-10	1.76356013126e-10
5.12725972989e-10	5.5434906665e-10
5.13880598684e-10	8.43635106218e-10
5.1503522438e-10	9.91361215341e-10
5.16189850076e-10	9.69826663422e-10
5.17344475771e-10	7.81283593376e-10
5.18499101467e-10	4.57333032555e-10
5.19653727163e-10	5.26555223035e-11
5.20808352858e-10	-3.65170615968e-10
5.21962978554e-10	-7.28227145252e-10
5.2311760425e-10	-9.81480452467e-10
5.24272229946e-10	-1.09295805739e-09
5.25426855641e-10	-1.05818720453e-09
5.26581481337e-10	-8.98389473925e-10
5.27736107033e-10	-6.53071319245e-10
5.28890732728e-10	-3.68625630021e-10
5.30045358424e-10	-8.64234309117e-11
5.3119998412e-10	1.64774818789e-10
5.32354609815e-10	3.70019431761e-10
5.33509235511e-10	5.23688870047e-10
5.34663861207e-10	6.21750650964e-10
5.35818486902e-10	6.55752896428e-10
5.36973112598e-10	6.12770112429e-10
5.38127738294e-10	4.81793438478e-10
5.39282363989e-10	2.63558841418e-10
5.40436989685e-10	-2.11266872052e-11
5.41591615381e-10	-3.29522992226e-10
5.42746241076e-10	-6.04397698556e-10
5.43900866772e-10	-7.88628606863e-10
5.45055492468e-10	-8.41370695337e-10
5.46210118163e-10	-7.50091821988e-10
5.47364743859e-10	-5.34199684488e-10
5.48519369555e-10	-2.39100128585e-10
5.49673995251e-10	7.71720742865e-11
5.50828620946e-10	3.59651058934e-10
5.51983246642e-10	5.68857905225e-10
5.53137872338e-10	6.87059242832e-10
5.54292498033e-10	7.17278847429e-10
5.55447123729e-10	6.76300238034e-10
5.56601749425e-10	5.85137993614e-10
5.5775637512e-10	4.60827626059e-10
5.58911000816e-10	3.12708720029e-10
5.60065626512e-10	1.44031009341e-10
5.61220252207e-10	-4.23523507931e-11
5.62374877903e-10	-2.37212610665e-10
5.63529503599e-10	-4.20988383043e-10
5.64684129294e-10	-5.64887969734e-10
5.6583875499e-10	-6.37547348248e-10
5.66993380686e-10	-6.15430484352e-10
5.68148006381e-10	-4.92850260603e-10
5.69302632077e-10	-2.87331741733e-10
5.70457257773e-10	-3.80211209738e-11
5.71611883468e-10	2.02769287472e-10
5.72766509164e-10	3.8277278569e-10
5.7392113486e-10	4.63724614264e-10
5.75075760556e-10	4.31601088202e-10
5.76230386251e-10	3.00325764258e-10
5.77385011947e-10	1.07567461882e-10
5.78539637643e-10	-9.65326221736e-11
5.79694263338e-10	-2.6395335917e-10
5.80848889034e-10	-3.62165269996e-10
5.8200351473e-10	-3.82223502848e-10
5.83158140425e-10	-3.38615135931e-10
5.84312766121e-10	-2.6076801829e-10
5.85467391817e-10	-1.80184298038e-10
5.86622017512e-10	-1.18620849254e-10
5.87776643208e-10	-8.1743244118e-11
5.88931268904e-10	-6.054731716e-11
5.90085894599e-10	-3.91026100388e-11
5.91240520295e-10	-4.33502669525e-12
5.92395145991e-10	4.67846941743e-11
5.93549771686e-10	1.05771308379e-10
5.94704397382e-10	1.56885171521e-10
5.95859023078e-10	1.84552415017e-10
5.97013648773e-10	1.80254616788e-10
5.98168274469e-10	1.45821035802e-10
5.99322900165e-10	9.21649701002e-11
6.00477525861e-10	3.44727718593e-11
6.01632151556e-10	-1.37493367386e-11
6.02786777252e-10	-4.51280852964e-11
6.03941402948e-10	-5.96130089736e-11
6.05096028643e-10	-6.21335968787e-11
6.06250654339e-10	-5.83829859457e-11
6.07405280035e-10	-5.11857500829e-11
6.0855990573e-10	-3.92012221295e-11
6.09714531426e-10	-1.84360061939e-11
6.10869157122e-10	1.42293399286e-11
6.12023782817e-10	5.72945163535e-11
6.13178408513e-10	1.02847605432e-10
6.14333034209e-10	1.37801284272e-10
6.15487659904e-10	1.4756126876e-10
6.166422856e-10	1.20826848526e-10
6.17796911296e-10	5.39630423679e-11
6.18951536991e-10	-4.63465897604e-11
6.20106162687e-10	-1.63003915921e-10
6.21260788383e-10	-2.71251854311e-10
6.22415414078e-10	-3.43849448914e-10
6.23570039774e-10	-3.57771812176e-10
6.2472466547e-10	-3.00876407122e-10
6.25879291166e-10	-1.76710007738e-10
6.27033916861e-10	-5.72168701307e-12
6.28188542557e-10	1.7820755982e-10
6.29343168253e-10	3.35109828775e-10
6.30497793948e-10	4.28493823756e-10
6.31652419644e-10	4.34815461414e-10
6.3280704534e-10	3.49866940974e-10
6.33961671035e-10	1.90295612601e-10
6.35116296731e-10	-1.00279680393e-11
6.36270922427e-10	-2.08112291289e-10
6.37425548122e-10	-3.62432889256e-10
6.38580173818e-10	-4.42915371046e-10
6.39734799514e-10	-4.37308689261e-10
6.40889425209e-10	-3.52742557386e-10
6.42044050905e-10	-2.12386205845e-10
6.43198676601e-10	-4.82841648608e-11
6.44353302296e-10	1.07010220129e-10
6.45507927992e-10	2.27424343247e-10
6.46662553688e-10	2.9739491425e-10
6.47817179383e-10	3.1261643274e-10
6.48971805079e-10	2.78165906975e-10
6.50126430775e-10	2.05004138665e-10
6.51281056471e-10	1.06586989235e-10
6.52435682166e-10	-3.33869824148e-12
6.53590307862e-10	-1.11768289068e-10
6.54744933558e-10	-2.06694605875e-10
6.55899559253e-10	-2.77127432113e-10
6.57054184949e-10	-3.13603448765e-10
6.58208810645e-10	-3.09891473593e-10
6.5936343634e-10	-2.65302224634e-10
6.60518062036e-10	-1.86191728702e-10
6.61672687732e-10	-8.60335622188e-11
6.62827313427e-10	1.65764780374e-11
6.63981939123e-10	1.02023799131e-10
6.65136564819e-10	1.54730797619e-10
6.66291190514e-10	1.67460073586e-10
6.6744581621e-10	1.43296763344e-10
6.68600441906e-10	9.47901687698e-11
6.69755067601e-10	4.02597746807e-11
6.70909693297e-10	-1.90051967219e-12
6.72064318993e-10	-1.88418950581e-11
6.73218944688e-10	-7.02630965563e-12
6.74373570384e-10	2.69919954443e-11
6.7552819608e-10	6.90540610804e-11
6.76682821776e-10	1.0230152836e-10
6.77837447471e-10	1.12946381414e-10
6.78992073167e-10	9.4690352781e-11
6.80146698863e-10	5.0482899111e-11
6.81301324558e-10	-8.55601353655e-12
6.82455950254e-10	-6.6747225802e-11
6.8361057595e-10	-1.0864403821e-10
6.84765201645e-10	-1.23361001969e-10
6.85919827341e-10	-1.07279081452e-10
6.87074453037e-10	-6.45658387866e-11
6.88229078732e-10	-5.6818477874e-12
6.89383704428e-10	5.55858310769e-11
6.90538330124e-10	1.05540624851e-10
6.91692955819e-10	1.33433819549e-10
6.92847581515e-10	1.33325780971e-10
6.94002207211e-10	1.04787171995e-10
6.95156832906e-10	5.24611951103e-11
6.96311458602e-10	-1.52969390627e-11
6.97466084298e-10	-8.83050507716e-11
6.98620709993e-10	-1.5648612961e-10
6.99775335689e-10	-2.11572787068e-10
7.00929961385e-10	-2.48144310655e-10
7.02084587081e-10	-2.63572774717e-10
7.03239212776e-10	-2.57262544601e-10
7.04393838472e-10	-2.29798638451e-10
7.05548464168e-10	-1.82568807294e-10
7.06703089863e-10	-1.18270893079e-10
7.07857715559e-10	-4.20991123906e-11
7.09012341255e-10	3.73001698972e-11
7.1016696695e-10	1.08213341066e-10
7.11321592646e-10	1.57987428695e-10
7.12476218342e-10	1.76493569759e-10
7.13630844037e-10	1.59679783285e-10
7.14785469733e-10	1.11731221497e-10
7.15940095429e-10	4.48421369481e-11
7.17094721124e-10	-2.37550500104e-11
7.1824934682e-10	-7.66666313767e-11
7.19403972516e-10	-1.01361349869e-10
7.20558598211e-10	-9.38260302785e-11
7.21713223907e-10	-5.9610497094e-11
7.22867849603e-10	-1.16727322252e-11
7.24022475298e-10	3.42370298778e-11
7.25177100994e-10	6.51043455258e-11
7.2633172669e-10	7.50986078879e-11
7.27486352386e-10	6.71891431381e-11
7.28640978081e-10	5.12186751345e-11
7.29795603777e-10	3.9208972874e-11
7.30950229473e-10	3.98908649168e-11
7.32104855168e-10	5.46368818244e-11
7.33259480864e-10	7.65819421766e-11
7.3441410656e-10	9.33867358444e-11
7.35568732255e-10	9.2459623291e-11
7.36723357951e-10	6.6539315724e-11
7.37877983647e-10	1.72932276138e-11
7.39032609342e-10	-4.45287764994e-11
7.40187235038e-10	-1.02444976113e-10
7.41341860734e-10	-1.40076159005e-10
7.42496486429e-10	-1.4713204266e-10
7.43651112125e-10	-1.23222779203e-10
7.44805737821e-10	-7.80576159265e-11
7.45960363516e-10	-2.79140148496e-11
7.47114989212e-10	1.03580269362e-11
7.48269614908e-10	2.5432425263e-11
7.49424240603e-10	1.52753122651e-11
7.50578866299e-10	-1.28000561539e-11
7.51733491995e-10	-4.55742388272e-11
7.52888117691e-10	-6.93988339018e-11
7.54042743386e-10	-7.54168741346e-11
7.55197369082e-10	-6.25089632833e-11
7.56351994778e-10	-3.70367937708e-11
7.57506620473e-10	-9.67987235506e-12
7.58661246169e-10	9.12674883585e-12
7.59815871865e-10	1.33841401503e-11
7.6097049756e-10	3.94361973632e-12
7.62125123256e-10	-1.19973388862e-11
7.63279748952e-10	-2.40500987181e-11
7.64434374647e-10	-2.30722593808e-11
7.65589000343e-10	-5.31292761521e-12
7.66743626039e-10	2.54870517052e-11
7.67898251734e-10	5.90348048224e-11
7.6905287743e-10	8.23165355324e-11
7.70207503126e-10	8.48488224126e-11
7.71362128821e-10	6.31427826692e-11
7.72516754517e-10	2.26463656855e-11
7.73671380213e-10	-2.380210265e-11
7.74826005908e-10	-6.05128933073e-11
7.75980631604e-10	-7.4731824895e-11
7.771352573e-10	-6.15687986705e-11
7.78289882995e-10	-2.60533226937e-11
7.79444508691e-10	1.84015632593e-11
7.80599134387e-10	5.46123146705e-11
7.81753760083e-10	6.78426273493e-11
7.82908385778e-10	5.12014458609e-11
7.84063011474e-10	8.29872455477e-12
7.8521763717e-10	-4.78738333698e-11
7.86372262865e-10	-9.95190943542e-11
7.87526888561e-10	-1.30369395834e-10
7.88681514257e-10	-1.31439387152e-10
7.89836139952e-10	-1.03950285879e-10
7.90990765648e-10	-5.8429601435e-11
7.92145391344e-10	-1.04660741879e-11
7.93300017039e-10	2.51758752734e-11
7.94454642735e-10	3.96887835097e-11
7.95609268431e-10	3.2674533218e-11
7.96763894126e-10	1.10941247508e-11
7.97918519822e-10	-1.45301808779e-11
7.99073145518e-10	-3.48100090419e-11
8.00227771213e-10	-4.51460396844e-11
8.01382396909e-10	-4.68544543442e-11
8.02537022605e-10	-4.53736354045e-11
8.036916483e-10	-4.65645959291e-11
8.04846273996e-10	-5.29596262677e-11
8.06000899692e-10	-6.17464412933e-11
8.07155525388e-10	-6.54529000443e-11
8.08310151083e-10	-5.51952650252e-11
8.09464776779e-10	-2.52077265311e-11
8.10619402475e-10	2.33729476745e-11
8.1177402817e-10	8.11809369727e-11
8.12928653866e-10	1.32665767261e-10
8.14083279562e-10	1.60945687333e-10
8.15237905257e-10	1.53780640999e-10
8.16392530953e-10	1.08618232464e-10
8.17547156649e-10	3.44840683786e-11
8.18701782344e-10	-5.02276588377e-11
8.1985640804e-10	-1.23245899597e-10
8.21011033736e-10	-1.65401276009e-10
8.22165659431e-10	-1.66703581495e-10
8.23320285127e-10	-1.29268054594e-10
8.24474910823e-10	-6.61268401148e-11
8.25629536518e-10	3.45953322413e-12
8.26784162214e-10	6.0352743636e-11
8.2793878791e-10	9.14337078273e-11
8.29093413605e-10	9.3016976066e-11
8.30248039301e-10	7.07844199921e-11
8.31402664997e-10	3.66336926072e-11
8.32557290693e-10	3.7292690637e-12
8.33711916388e-10	-1.82439740398e-11
8.34866542084e-10	-2.60000597441e-11
8.3602116778e-10	-2.28267717228e-11
8.37175793475e-10	-1.60459198012e-11
8.38330419171e-10	-1.31250262395e-11
8.39485044867e-10	-1.81168673813e-11
8.40639670562e-10	-2.99009948745e-11
8.41794296258e-10	-4.29671853652e-11
8.42948921954e-10	-5.01715786971e-11
8.44103547649e-10	-4.62435645332e-11
8.45258173345e-10	-3.03980694782e-11
8.46412799041e-10	-6.89491606171e-12
8.47567424736e-10	1.65761709914e-11
8.48722050432e-10	3.20732364278e-11
8.49876676128e-10	3.46990318423e-11
8.51031301823e-10	2.47011352345e-11
8.52185927519e-10	7.47769901555e-12
8.53340553215e-10	-8.55872490935e-12
8.5449517891e-10	-1.53184617768e-11
8.55649804606e-10	-8.47013605088e-12
8.56804430302e-10	1.04657584682e-11
8.57959055998e-10	3.43533881897e-11
8.59113681693e-10	5.28637411623e-11
8.60268307389e-10	5.6319143793e-11
8.61422933085e-10	3.95264966591e-11
8.6257755878e-10	4.14863239248e-12
8.63732184476e-10	-4.1382609145e-11
8.64886810172e-10	-8.44386852106e-11
8.66041435867e-10	-1.1231311714e-10
8.67196061563e-10	-1.16514478621e-10
8.68350687259e-10	-9.55906603872e-11
8.69505312954e-10	-5.55055515439e-11
8.7065993865e-10	-7.60841476627e-12
8.71814564346e-10	3.5261078779e-11
8.72969190041e-10	6.28624513554e-11
8.74123815737e-10	7.04431166176e-11
8.75278441433e-10	5.96614285753e-11
8.76433067128e-10	3.7167616207e-11
8.77587692824e-10	1.16300294048e-11
8.7874231852e-10	-9.54703156808e-12
8.79896944215e-10	-2.25972036222e-11
8.81051569911e-10	-2.80803037073e-11
8.82206195607e-10	-2.97773611324e-11
8.83360821303e-10	-3.22801299579e-11
8.84515446998e-10	-3.84767391559e-11
8.85670072694e-10	-4.79317176227e-11
8.8682469839e-10	-5.68214329755e-11
8.87979324085e-10	-5.96082697091e-11
8.89133949781e-10	-5.16501216796e-11
8.90288575477e-10	-3.16743332951e-11
8.91443201172e-10	-3.00115769909e-12
8.92597826868e-10	2.71553075165e-11
8.93752452564e-10	5.01110021534e-11
8.94907078259e-10	5.89455220745e-11
8.96061703955e-10	5.12203925107e-11
8.97216329651e-10	3.00457263236e-11
8.98370955346e-10	3.05376795899e-12
8.99525581042e-10	-2.04687759797e-11
9.00680206738e-10	-3.3061220428e-11
9.01834832433e-10	-3.18633452956e-11
9.02989458129e-10	-1.96200711927e-11
9.04144083825e-10	-3.46903820773e-12
9.0529870952e-10	8.01910447767e-12
9.06453335216e-10	8.39565136163e-12
9.07607960912e-10	-3.89655235161e-12
9.08762586608e-10	-2.47326152614e-11
9.09917212303e-10	-4.58411919535e-11
9.11071837999e-10	-5.81185273518e-11
9.12226463695e-10	-5.53690530924e-11
9.1338108939e-10	-3.69387298527e-11
9.14535715086e-10	-8.1784986769e-12
9.15690340782e-10	2.15242407231e-11
9.16844966477e-10	4.23174793818e-11
9.17999592173e-10	4.76068039157e-11
9.19154217869e-10	3.64876288905e-11
9.20308843564e-10	1.389635889e-11
9.2146346926e-10	-1.14365001844e-11
9.22618094956e-10	-3.04519985617e-11
9.23772720651e-10	-3.72196509724e-11
9.24927346347e-10	-3.1038695919e-11
9.26081972043e-10	-1.64578472378e-11
9.27236597738e-10	-1.14322516297e-12
9.28391223434e-10	7.40495685603e-12
9.2954584913e-10	4.9775513572e-12
9.30700474825e-10	-7.57704662901e-12
9.31855100521e-10	-2.47954504151e-11
9.33009726217e-10	-3.89498711062e-11
9.34164351913e-10	-4.33321850624e-11
9.35318977608e-10	-3.50877590871e-11
9.36473603304e-10	-1.64174923656e-11
9.37628229e-10	6.37315070509e-12
9.38782854695e-10	2.55071259253e-11
9.39937480391e-10	3.48575369957e-11
9.41092106087e-10	3.22794256602e-11
9.42246731782e-10	2.02727921256e-11
9.43401357478e-10	4.63198836925e-12
9.44555983174e-10	-8.17664165542e-12
9.45710608869e-10	-1.3768364053e-11
9.46865234565e-10	-1.15556401253e-11
9.48019860261e-10	-4.71184506343e-12
9.49174485956e-10	1.56225130488e-12
9.50329111652e-10	2.6712644683e-12
9.51483737348e-10	-3.08681552541e-12
9.52638363043e-10	-1.35597800349e-11
9.53792988739e-10	-2.36157274291e-11
9.54947614435e-10	-2.74903294573e-11
9.5610224013e-10	-2.14760396966e-11
9.57256865826e-10	-5.85690610594e-12
9.58411491522e-10	1.4809882487e-11
9.59566117218e-10	3.32784876045e-11
9.60720742913e-10	4.23331578125e-11
9.61875368609e-10	3.75513196926e-11
9.63029994305e-10	1.90943909989e-11
9.6418462e-10	-8.25496615509e-12
9.65339245696e-10	-3.6698880046e-11
9.66493871392e-10	-5.80550503504e-11
9.67648497087e-10	-6.63789578859e-11
9.68803122783e-10	-5.97077456921e-11
9.69957748479e-10	-4.04342080651e-11
9.71112374174e-10	-1.4232508401e-11
9.7226699987e-10	1.19072347468e-11
9.73421625566e-10	3.17669363037e-11
9.74576251261e-10	4.14321667253e-11
9.75730876957e-10	3.9891673298e-11
9.76885502653e-10	2.87063116333e-11
9.78040128348e-10	1.10334380521e-11
9.79194754044e-10	-9.47450798372e-12
9.8034937974e-10	-2.94617975849e-11
9.81504005435e-10	-4.6278796767e-11
9.82658631131e-10	-5.79757283847e-11
9.83813256827e-10	-6.31261709572e-11
9.84967882523e-10	-6.07211642079e-11
9.86122508218e-10	-5.02679842196e-11
9.87277133914e-10	-3.2108999487e-11
9.8843175961e-10	-7.76959399595e-12
9.89586385305e-10	1.98626080861e-11
9.90741011001e-10	4.66768776408e-11
9.91895636697e-10	6.79023642869e-11
9.93050262392e-10	7.90455270683e-11
9.94204888088e-10	7.70036673314e-11
9.95359513784e-10	6.09939390661e-11
9.96514139479e-10	3.30956512196e-11
9.97668765175e-10	-1.81807281903e-12
9.98823390871e-10	-3.69821499813e-11
9.99978016566e-10	-6.52108297916e-11
1.00113264226e-09	-8.0617415521e-11
1.00228726796e-09	-8.01549174256e-11
1.00344189365e-09	-6.44817532702e-11
1.00459651935e-09	-3.78253782463e-11
1.00575114504e-09	-6.80165038874e-12
1.00690577074e-09	2.13681398964e-11
1.00806039644e-09	4.0786700406e-11
1.00921502213e-09	4.83267488527e-11
1.01036964783e-09	4.41434909459e-11
1.01152427352e-09	3.12438130923e-11
1.01267889922e-09	1.42361946884e-11
1.01383352491e-09	-2.22175099499e-12
1.01498815061e-09	-1.47160356817e-11
1.01614277631e-09	-2.18294340937e-11
1.017297402e-09	-2.41160928033e-11
1.0184520277e-09	-2.34395679949e-11
1.01960665339e-09	-2.20175735283e-11
1.02076127909e-09	-2.15060018405e-11
1.02191590478e-09	-2.2491737639e-11
1.02307053048e-09	-2.44830232476e-11
1.02422515618e-09	-2.63686138896e-11
1.02537978187e-09	-2.70469480146e-11
1.02653440757e-09	-2.58531685643e-11
1.02768903326e-09	-2.26818841487e-11
1.02884365896e-09	-1.77948680097e-11
1.02999828465e-09	-1.14834808329e-11
1.03115291035e-09	-3.8203485514e-12
1.03230753605e-09	5.31694219902e-12
1.03346216174e-09	1.59252108028e-11
1.03461678744e-09	2.74477818946e-11
1.03577141313e-09	3.84564186051e-11
1.03692603883e-09	4.66645125319e-11
1.03808066452e-09	4.93852216066e-11
1.03923529022e-09	4.4315034281e-11
1.04038991592e-09	3.0449261168e-11
1.04154454161e-09	8.78750891498e-12
1.04269916731e-09	-1.74387553009e-11
1.043853793e-09	-4.32289794239e-11
1.0450084187e-09	-6.29355595416e-11
1.04616304439e-09	-7.17590015187e-11
1.04731767009e-09	-6.71441582889e-11
1.04847229579e-09	-4.96360383351e-11
1.04962692148e-09	-2.28443566147e-11
1.05078154718e-09	7.48731285305e-12
1.05193617287e-09	3.50058593224e-11
1.05309079857e-09	5.43569390887e-11
1.05424542426e-09	6.2376541432e-11
1.05540004996e-09	5.85680254295e-11
1.05655467565e-09	4.48239743933e-11
1.05770930135e-09	2.46061278991e-11
1.05886392705e-09	1.94614203225e-12
1.06001855274e-09	-1.94276626037e-11
1.06117317844e-09	-3.66540027497e-11
1.06232780413e-09	-4.7981833784e-11
1.06348242983e-09	-5.27050243726e-11
1.06463705552e-09	-5.10062929393e-11
1.06579168122e-09	-4.37742168902e-11
1.06694630692e-09	-3.24451264466e-11
1.06810093261e-09	-1.88775644422e-11
1.06925555831e-09	-5.20803929496e-12
1.070410184e-09	6.41616924521e-12
1.0715648097e-09	1.42232276304e-11
1.07271943539e-09	1.7245241693e-11
1.07387406109e-09	1.56440173316e-11
1.07502868679e-09	1.07572197677e-11
1.07618331248e-09	4.78109522459e-12
1.07733793818e-09	8.69694263437e-14
1.07849256387e-09	-1.57107920423e-12
1.07964718957e-09	3.28708252024e-13
1.08080181526e-09	4.89737720863e-12
1.08195644096e-09	1.01565986524e-11
1.08311106666e-09	1.37450380938e-11
1.08426569235e-09	1.37211205939e-11
1.08542031805e-09	9.19509520608e-12
1.08657494374e-09	5.69876285918e-13
1.08772956944e-09	-1.06156758731e-11
1.08888419513e-09	-2.21278551038e-11
1.09003882083e-09	-3.16009406143e-11
1.09119344653e-09	-3.70425357055e-11
1.09234807222e-09	-3.7189102492e-11
1.09350269792e-09	-3.16963712221e-11
1.09465732361e-09	-2.11561271973e-11
1.09581194931e-09	-6.99703055912e-12
1.096966575e-09	8.71249079826e-12
1.0981212007e-09	2.35353334044e-11
1.0992758264e-09	3.49758659535e-11
1.10043045209e-09	4.08397309026e-11
1.10158507779e-09	3.96522606416e-11
1.10273970348e-09	3.10446425511e-11
1.10389432918e-09	1.60084428352e-11
1.10504895487e-09	-3.09169703727e-12
1.10620358057e-09	-2.28926946844e-11
1.10735820626e-09	-3.97359055382e-11
1.10851283196e-09	-5.05468340795e-11
1.10966745766e-09	-5.36067197576e-11
1.11082208335e-09	-4.89524185077e-11
1.11197670905e-09	-3.82420241307e-11
1.11313133474e-09	-2.41671682666e-11
1.11428596044e-09	-9.6024048088e-12
1.11544058613e-09	3.15207690678e-12
1.11659521183e-09	1.28164388824e-11
1.11774983753e-09	1.91509204328e-11
1.11890446322e-09	2.26454931196e-11
1.12005908892e-09	2.40624273978e-11
1.12121371461e-09	2.40049785605e-11
1.12236834031e-09	2.26871698511e-11
1.123522966e-09	1.99414235125e-11
1.1246775917e-09	1.54431988031e-11
1.1258322174e-09	9.01219290167e-12
1.12698684309e-09	8.963630619e-13
1.12814146879e-09	-8.12805552031e-12
1.12929609448e-09	-1.68922306698e-11
1.13045072018e-09	-2.41458814748e-11
1.13160534587e-09	-2.89157326555e-11
1.13275997157e-09	-3.07540798383e-11
1.13391459727e-09	-2.97818714134e-11
1.13506922296e-09	-2.64682234463e-11
1.13622384866e-09	-2.13311191627e-11
1.13737847435e-09	-1.47106320181e-11
1.13853310005e-09	-6.74293086644e-12
1.13968772574e-09	2.44901950282e-12
1.14084235144e-09	1.2460226427e-11
1.14199697714e-09	2.23905633617e-11
1.14315160283e-09	3.07896833029e-11
1.14430622853e-09	3.58913662679e-11
1.14546085422e-09	3.60167243252e-11
1.14661547992e-09	3.00877794901e-11
1.14777010561e-09	1.80768663927e-11
1.14892473131e-09	1.25547543282e-12
1.15007935701e-09	-1.78660350403e-11
1.1512339827e-09	-3.59611056211e-11
1.1523886084e-09	-4.95972846126e-11
1.15354323409e-09	-5.60608018341e-11
1.15469785979e-09	-5.40710913544e-11
1.15585248548e-09	-4.41280033348e-11
1.15700711118e-09	-2.83536701062e-11
1.15816173687e-09	-9.90217716851e-12
1.15931636257e-09	7.87430710913e-12
1.16047098827e-09	2.22217383383e-11
1.16162561396e-09	3.1523197247e-11
1.16278023966e-09	3.54420763571e-11
1.16393486535e-09	3.46841513843e-11
1.16508949105e-09	3.05255751232e-11
1.16624411674e-09	2.42838544412e-11
1.16739874244e-09	1.68981478116e-11
1.16855336814e-09	8.79098096401e-12
1.16970799383e-09	9.51848869906e-15
1.17086261953e-09	-9.41341882915e-12
1.17201724522e-09	-1.90822635471e-11
1.17317187092e-09	-2.80180358081e-11
1.17432649661e-09	-3.47493527009e-11
1.17548112231e-09	-3.77307247945e-11
1.17663574801e-09	-3.59146011542e-11
1.1777903737e-09	-2.92403254387e-11
1.1789449994e-09	-1.87885765973e-11
1.18009962509e-09	-6.54176539328e-12
1.18125425079e-09	5.19369790231e-12
1.18240887648e-09	1.44786812747e-11
1.18356350218e-09	2.02672757049e-11
1.18471812788e-09	2.2551171e-11
1.18587275357e-09	2.2115075396e-11
1.18702737927e-09	2.00028344582e-11
1.18818200496e-09	1.69571787167e-11
1.18933663066e-09	1.30686329813e-11
1.19049125635e-09	7.82865005461e-12
1.19164588205e-09	5.35758015643e-13
1.19280050775e-09	-9.11001656057e-12
1.19395513344e-09	-2.04860989284e-11
1.19510975914e-09	-3.18737952698e-11
1.19626438483e-09	-4.07673825253e-11
1.19741901053e-09	-4.4589460596e-11
1.19857363622e-09	-4.15894159389e-11
1.19972826192e-09	-3.15479795066e-11
1.20088288762e-09	-1.60397337773e-11
1.20203751331e-09	1.88600415667e-12
1.20319213901e-09	1.85284270565e-11
1.2043467647e-09	3.05691028046e-11
1.2055013904e-09	3.59872687206e-11
1.20665601609e-09	3.45177983418e-11
1.20781064179e-09	2.75355137996e-11
1.20896526748e-09	1.74438258976e-11
1.21011989318e-09	6.80835726338e-12
1.21127451888e-09	-2.39748910828e-12
1.21242914457e-09	-9.21413206151e-12
1.21358377027e-09	-1.36706999887e-11
1.21473839596e-09	-1.6405645939e-11
1.21589302166e-09	-1.81464582943e-11
1.21704764735e-09	-1.92648397235e-11
1.21820227305e-09	-1.96356403359e-11
1.21935689875e-09	-1.87534883456e-11
1.22051152444e-09	-1.60781318814e-11
1.22166615014e-09	-1.14179126223e-11
1.22282077583e-09	-5.16588334609e-12
1.22397540153e-09	1.70501590277e-12
1.22513002722e-09	7.89476643781e-12
1.22628465292e-09	1.21973629114e-11
1.22743927862e-09	1.39010929504e-11
1.22859390431e-09	1.30209914032e-11
1.22974853001e-09	1.02382468822e-11
1.2309031557e-09	6.60075770084e-12
1.2320577814e-09	3.09247310919e-12
1.23321240709e-09	2.40593921738e-13
1.23436703279e-09	-2.03060354989e-12
1.23552165849e-09	-4.28134264152e-12
1.23667628418e-09	-7.19751081651e-12
1.23783090988e-09	-1.1169594763e-11
1.23898553557e-09	-1.59718557824e-11
1.24014016127e-09	-2.06817028781e-11
1.24129478696e-09	-2.39139697628e-11
1.24244941266e-09	-2.42718692367e-11
1.24360403836e-09	-2.08568145393e-11
1.24475866405e-09	-1.36873160375e-11
1.24591328975e-09	-3.82795314544e-12
1.24706791544e-09	6.8413924699e-12
1.24822254114e-09	1.61015350358e-11
1.24937716683e-09	2.20200854079e-11
1.25053179253e-09	2.34707947522e-11
1.25168641823e-09	2.03902866813e-11
1.25284104392e-09	1.37290708316e-11
1.25399566962e-09	5.11107996204e-12
1.25515029531e-09	-3.63692192681e-12
1.25630492101e-09	-1.09515252769e-11
1.2574595467e-09	-1.58408564044e-11
1.2586141724e-09	-1.79799508615e-11
1.25976879809e-09	-1.76291065079e-11
1.26092342379e-09	-1.54042785472e-11
1.26207804949e-09	-1.203824887e-11
1.26323267518e-09	-8.2047268285e-12
1.26438730088e-09	-4.42057111402e-12
1.26554192657e-09	-1.06190772321e-12
1.26669655227e-09	1.61458346692e-12
1.26785117796e-09	3.43022810677e-12
1.26900580366e-09	4.30057291861e-12
1.27016042936e-09	4.2788450734e-12
1.27131505505e-09	3.58026477389e-12
1.27246968075e-09	2.53628216519e-12
1.27362430644e-09	1.50055304553e-12
1.27477893214e-09	7.20140039181e-13
1.27593355783e-09	2.41730517981e-13
1.27708818353e-09	-1.02040907191e-13
1.27824280923e-09	-6.20268756062e-13
1.27939743492e-09	-1.62865868795e-12
1.28055206062e-09	-3.31825257376e-12
1.28170668631e-09	-5.66978582139e-12
1.28286131201e-09	-8.4313033985e-12
1.2840159377e-09	-1.11546891515e-11
1.2851705634e-09	-1.32956874677e-11
1.2863251891e-09	-1.4340412538e-11
1.28747981479e-09	-1.39001622712e-11
1.28863444049e-09	-1.17965810731e-11
1.28978906618e-09	-8.09425356602e-12
1.29094369188e-09	-3.09616590179e-12
1.29209831757e-09	2.66976740194e-12
1.29325294327e-09	8.4703667691e-12
1.29440756897e-09	1.34039845195e-11
1.29556219466e-09	1.64969062716e-11
1.29671682036e-09	1.68791300381e-11
1.29787144605e-09	1.40249860336e-11
1.29902607175e-09	8.01389076627e-12
1.30018069744e-09	-3.46012172907e-13
1.30133532314e-09	-9.56238907501e-12
1.30248994884e-09	-1.77565809278e-11
1.30364457453e-09	-2.3142833136e-11
1.30479920023e-09	-2.451619463e-11
1.30595382592e-09	-2.16228701611e-11
1.30710845162e-09	-1.52453241004e-11
1.30826307731e-09	-6.96962930077e-12
1.30941770301e-09	1.28551596451e-12
1.3105723287e-09	7.8235768558e-12
1.3117269544e-09	1.16129510522e-11
1.3128815801e-09	1.24955297845e-11
1.31403620579e-09	1.10940093917e-11
1.31519083149e-09	8.44201878542e-12
1.31634545718e-09	5.54554839549e-12
1.31750008288e-09	3.02036585846e-12
1.31865470857e-09	9.37248976346e-13
1.31980933427e-09	-1.04551903159e-12
1.32096395997e-09	-3.37781755691e-12
1.32211858566e-09	-6.27091737912e-12
1.32327321136e-09	-9.48996697198e-12
1.32442783705e-09	-1.23718795625e-11
1.32558246275e-09	-1.40643495114e-11
1.32673708844e-09	-1.3896848082e-11
1.32789171414e-09	-1.16949904622e-11
1.32904633984e-09	-7.91018292534e-12
1.33020096553e-09	-3.48662483433e-12
1.33135559123e-09	4.88527837975e-13
1.33251021692e-09	3.18107194232e-12
1.33366484262e-09	4.30812677199e-12
1.33481946831e-09	4.19678571409e-12
1.33597409401e-09	3.57764165515e-12
1.33712871971e-09	3.20550140251e-12
1.3382833454e-09	3.49107331585e-12
1.3394379711e-09	4.2921517035e-12
1.34059259679e-09	4.94687927774e-12
