% time-domain voltage integration by openEMS v0.37.0-rc1-2-g7b051bb @Sat Aug  8 21:15:32 2026
% start-coordinates: (0.00161438,0.00393163,-0.000762) m -> [55,88,14]
% stop-coordinates: (0.00189632,0.00393163,-0.000762) m -> [59,88,14]
% t/s	voltage
0	0
1.20694985616e-12	0
2.41389971232e-12	0
3.62084956847e-12	0
4.82779942463e-12	0
6.03474928079e-12	0
7.24169913695e-12	0
8.44864899311e-12	0
9.65559884926e-12	0
1.08625487054e-11	0
1.20694985616e-11	0
1.32764484177e-11	0
1.44833982739e-11	0
1.56903481301e-11	0
1.68972979862e-11	0
1.81042478424e-11	0
1.93111976985e-11	0
2.05181475547e-11	-3.25032646052e-33
2.17250974108e-11	-6.12692961691e-30
2.2932047267e-11	-5.030530074e-27
2.41389971232e-11	-1.9397301538e-24
2.53459469793e-11	-3.72518275868e-22
2.65528968355e-11	-3.74525070106e-20
2.77598466916e-11	-2.05883837918e-18
2.89667965478e-11	-6.43931527782e-17
3.01737464039e-11	-1.19148413627e-15
3.13806962601e-11	-1.35980198134e-14
3.25876461163e-11	-1.0036509655e-13
3.37945959724e-11	-5.05624439073e-13
3.50015458286e-11	-1.83910495882e-12
3.62084956847e-11	-5.04975998083e-12
3.74154455409e-11	-1.05330709432e-11
3.86223953971e-11	-1.51163727802e-11
3.98293452532e-11	-4.86035831807e-12
4.10362951094e-11	5.73156279382e-11
4.22432449655e-11	2.42500072106e-10
4.34501948217e-11	6.51516895989e-10
4.46571446778e-11	1.3776687291e-09
4.5864094534e-11	2.42914233173e-09
4.70710443902e-11	3.5952086308e-09
4.82779942463e-11	4.26852581059e-09
4.94849441025e-11	3.28363708446e-09
5.06918939586e-11	-1.0622015767e-09
5.18988438148e-11	-1.06293844837e-08
5.3105793671e-11	-2.65393236276e-08
5.43127435271e-11	-4.78215413935e-08
5.55196933833e-11	-6.99657061176e-08
5.67266432394e-11	-8.41932319418e-08
5.79335930956e-11	-7.84673197529e-08
5.91405429517e-11	-4.10536218354e-08
6.03474928079e-11	3.35943313168e-08
6.15544426641e-11	1.38512714187e-07
6.27613925202e-11	2.50680667335e-07
6.39683423764e-11	3.33624619486e-07
6.51752922325e-11	3.47575955573e-07
6.63822420887e-11	2.65411369327e-07
6.75891919448e-11	8.84455175765e-08
6.8796141801e-11	-1.45827733888e-07
7.00030916572e-11	-3.70696142227e-07
7.12100415133e-11	-5.12021728127e-07
7.24169913695e-11	-5.17519403331e-07
7.36239412256e-11	-3.80551774981e-07
7.48308910818e-11	-1.46525737321e-07
7.6037840938e-11	1.03352292058e-07
7.72447907941e-11	2.8462013546e-07
7.84517406503e-11	3.4378391689e-07
7.96586905064e-11	2.77771459167e-07
8.08656403626e-11	1.30320321645e-07
8.20725902187e-11	-3.11760155469e-08
8.32795400749e-11	-1.45266259466e-07
8.44864899311e-11	-1.77880618679e-07
8.56934397872e-11	-1.28027958013e-07
8.69003896434e-11	-1.94560429989e-08
8.81073394995e-11	1.12704926281e-07
8.93142893557e-11	2.32927916954e-07
9.05212392118e-11	3.10652609414e-07
9.1728189068e-11	3.2327730537e-07
9.29351389242e-11	2.60985245859e-07
9.41420887803e-11	1.33022545867e-07
9.53490386365e-11	-2.9143158109e-08
9.65559884926e-11	-1.78234913051e-07
9.77629383488e-11	-2.66923954939e-07
9.8969888205e-11	-2.68502983403e-07
1.00176838061e-10	-1.89753031066e-07
1.01383787917e-10	-6.9526167934e-08
1.02590737773e-10	3.84858056535e-08
1.0379768763e-10	8.89388349634e-08
1.05004637486e-10	6.28981879913e-08
1.06211587342e-10	-2.80457403967e-08
1.07418537198e-10	-1.51372107737e-07
1.08625487054e-10	-2.68651938029e-07
1.0983243691e-10	-3.48816534768e-07
1.11039386767e-10	-3.73313724822e-07
1.12246336623e-10	-3.35649886551e-07
1.13453286479e-10	-2.38650049056e-07
1.14660236335e-10	-9.36103621285e-08
1.15867186191e-10	8.01636810266e-08
1.17074136047e-10	2.57460342823e-07
1.18281085903e-10	4.11229926556e-07
1.1948803576e-10	5.17869139571e-07
1.20694985616e-10	5.59557946644e-07
1.21901935472e-10	5.24077783837e-07
1.23108885328e-10	4.0481360486e-07
1.24315835184e-10	2.04716652519e-07
1.2552278504e-10	-5.44404867853e-08
1.26729734897e-10	-3.24558087073e-07
1.27936684753e-10	-5.32842292955e-07
1.29143634609e-10	-6.00898346192e-07
1.30350584465e-10	-4.75894708529e-07
1.31557534321e-10	-1.60792271942e-07
1.32764484177e-10	2.73462745781e-07
1.33971434034e-10	7.04470281221e-07
1.3517838389e-10	9.98515417905e-07
1.36385333746e-10	1.05971358266e-06
1.37592283602e-10	8.64449205551e-07
1.38799233458e-10	4.67980285634e-07
1.40006183314e-10	-1.98817080577e-08
1.4121313317e-10	-4.76024233365e-07
1.42420083027e-10	-8.04830136758e-07
1.43627032883e-10	-9.60907385661e-07
1.44833982739e-10	-9.49336936173e-07
1.46040932595e-10	-8.08858402479e-07
1.47247882451e-10	-5.89643406101e-07
1.48454832307e-10	-3.3724408155e-07
1.49661782164e-10	-8.66150404732e-08
1.5086873202e-10	1.35181075223e-07
1.52075681876e-10	3.05604295647e-07
1.53282631732e-10	4.05515272917e-07
1.54489581588e-10	4.22533851463e-07
1.55696531444e-10	3.54126832747e-07
1.56903481301e-10	2.08847172445e-07
1.58110431157e-10	4.62329174944e-09
1.59317381013e-10	-2.33151961737e-07
1.60524330869e-10	-4.70991373902e-07
1.61731280725e-10	-6.65909738018e-07
1.62938230581e-10	-7.66144239606e-07
1.64145180437e-10	-7.21356371969e-07
1.65352130294e-10	-5.00761295541e-07
1.6655908015e-10	-1.14587226818e-07
1.67766030006e-10	3.74241672318e-07
1.68972979862e-10	8.57352304706e-07
1.70179929718e-10	1.20969235695e-06
1.71386879574e-10	1.33150811621e-06
1.72593829431e-10	1.18541984762e-06
1.73800779287e-10	8.12716066889e-07
1.75007729143e-10	3.19875034904e-07
1.76214678999e-10	-1.59362482322e-07
1.77421628855e-10	-5.10097784456e-07
1.78628578711e-10	-6.72985009942e-07
1.79835528568e-10	-6.55571980701e-07
1.81042478424e-10	-5.18368075575e-07
1.8224942828e-10	-3.41865174391e-07
1.83456378136e-10	-1.92412695554e-07
1.84663327992e-10	-1.00567703498e-07
1.85870277848e-10	-5.95680385018e-08
1.87077227704e-10	-4.17190584301e-08
1.88284177561e-10	-2.19588900396e-08
1.89491127417e-10	3.42447317725e-09
1.90698077273e-10	1.32772814965e-08
1.91905027129e-10	-2.65680650813e-08
1.93111976985e-10	-1.41723688785e-07
1.94318926841e-10	-3.29101602858e-07
1.95525876698e-10	-5.48875220829e-07
1.96732826554e-10	-7.32159449512e-07
1.9793977641e-10	-8.03717384201e-07
1.99146726266e-10	-7.09808119836e-07
2.00353676122e-10	-4.41541757823e-07
2.01560625978e-10	-4.39932552609e-08
2.02767575835e-10	3.93446747182e-07
2.03974525691e-10	7.63248266367e-07
2.05181475547e-10	9.74536632725e-07
2.06388425403e-10	9.83095787888e-07
2.07595375259e-10	8.05686866556e-07
2.08802325115e-10	5.1251166866e-07
2.10009274971e-10	1.99849853999e-07
2.11216224828e-10	-4.44428218671e-08
2.12423174684e-10	-1.69268954409e-07
2.1363012454e-10	-1.70180499026e-07
2.14837074396e-10	-7.98529242729e-08
2.16044024252e-10	5.36134301399e-08
2.17250974108e-10	1.88865641348e-07
2.18457923965e-10	3.02354550286e-07
2.19664873821e-10	3.87156276815e-07
2.20871823677e-10	4.4330626281e-07
2.22078773533e-10	4.68887535021e-07
2.23285723389e-10	4.57341684523e-07
2.24492673245e-10	4.01762669355e-07
2.25699623102e-10	3.01483751741e-07
2.26906572958e-10	1.65994713086e-07
2.28113522814e-10	1.37783713328e-08
2.2932047267e-10	-1.32170814737e-07
2.30527422526e-10	-2.5013598659e-07
2.31734372382e-10	-3.23050763029e-07
2.32941322238e-10	-3.41272837545e-07
2.34148272095e-10	-3.04817689312e-07
2.35355221951e-10	-2.25577071689e-07
2.36562171807e-10	-1.27778656989e-07
2.37769121663e-10	-4.42590701866e-08
2.38976071519e-10	-7.96329727853e-09
2.40183021375e-10	-4.05042532847e-08
2.41389971232e-10	-1.42917855328e-07
2.42596921088e-10	-2.92140164504e-07
2.43803870944e-10	-4.46401799081e-07
2.450108208e-10	-5.57232006315e-07
2.46217770656e-10	-5.83834157908e-07
2.47424720512e-10	-5.05999018685e-07
2.48631670369e-10	-3.3068729266e-07
2.49838620225e-10	-9.18371281244e-08
2.51045570081e-10	1.57762865882e-07
2.52252519937e-10	3.6046030516e-07
2.53459469793e-10	4.69741962661e-07
2.54666419649e-10	4.64297649216e-07
2.55873369505e-10	3.5424626077e-07
2.57080319362e-10	1.77226713305e-07
2.58287269218e-10	-1.49708658803e-08
2.59494219074e-10	-1.74226840954e-07
2.6070116893e-10	-2.70112231249e-07
2.61908118786e-10	-2.96374508935e-07
2.63115068642e-10	-2.65608878891e-07
2.64322018499e-10	-1.9831865572e-07
2.65528968355e-10	-1.11034960781e-07
2.66735918211e-10	-1.12377533945e-08
2.67942868067e-10	9.98994380552e-08
2.69149817923e-10	2.19088665432e-07
2.70356767779e-10	3.32463592656e-07
2.71563717636e-10	4.1429590425e-07
2.72770667492e-10	4.33230773922e-07
2.73977617348e-10	3.65557227155e-07
2.75184567204e-10	2.07819120135e-07
2.7639151706e-10	-1.6409912762e-08
2.77598466916e-10	-2.59903497835e-07
2.78805416772e-10	-4.64023983682e-07
2.80012366629e-10	-5.75303211292e-07
2.81219316485e-10	-5.6088765632e-07
2.82426266341e-10	-4.17116922335e-07
2.83633216197e-10	-1.70141387201e-07
2.84840166053e-10	1.30490731109e-07
2.86047115909e-10	4.22697041813e-07
2.87254065766e-10	6.43927521082e-07
2.88461015622e-10	7.43705214745e-07
2.89667965478e-10	6.9425915683e-07
2.90874915334e-10	4.98688244477e-07
2.9208186519e-10	1.934019771e-07
2.93288815046e-10	-1.57200403805e-07
2.94495764903e-10	-4.74789672467e-07
2.95702714759e-10	-6.87441257696e-07
2.96909664615e-10	-7.49737949945e-07
2.98116614471e-10	-6.55969060404e-07
2.99323564327e-10	-4.40335071517e-07
3.00530514183e-10	-1.63935403918e-07
3.01737464039e-10	1.06318770676e-07
3.02944413896e-10	3.18529664867e-07
3.04151363752e-10	4.47292883621e-07
3.05358313608e-10	4.93119387102e-07
3.06565263464e-10	4.71278994496e-07
3.0777221332e-10	3.98120256762e-07
3.08979163176e-10	2.81808326008e-07
3.10186113033e-10	1.2315026332e-07
3.11393062889e-10	-7.52841673446e-08
3.12600012745e-10	-2.97880436761e-07
3.13806962601e-10	-5.09641417068e-07
3.15013912457e-10	-6.60543605591e-07
3.16220862313e-10	-6.999610207e-07
3.1742781217e-10	-5.9616559156e-07
3.18634762026e-10	-3.52093323386e-07
3.19841711882e-10	-1.06970308167e-08
3.21048661738e-10	3.53181633272e-07
3.22255611594e-10	6.52639741361e-07
3.2346256145e-10	8.13202376548e-07
3.24669511307e-10	7.94189489284e-07
3.25876461163e-10	6.00546499641e-07
3.27083411019e-10	2.80805380726e-07
3.28290360875e-10	-8.70175238532e-08
3.29497310731e-10	-4.17833774691e-07
3.30704260587e-10	-6.42136186002e-07
3.31911210443e-10	-7.22652288232e-07
3.331181603e-10	-6.59814574533e-07
3.34325110156e-10	-4.85505637471e-07
3.35532060012e-10	-2.48795132052e-07
3.36739009868e-10	1.58834501107e-10
3.37945959724e-10	2.21860968708e-07
3.3915290958e-10	3.9172779509e-07
3.40359859437e-10	4.97457833148e-07
3.41566809293e-10	5.33332666919e-07
3.42773759149e-10	4.96365181846e-07
3.43980709005e-10	3.86359765514e-07
3.45187658861e-10	2.09940218099e-07
3.46394608717e-10	-1.47395000649e-08
3.47601558574e-10	-2.56154887524e-07
3.4880850843e-10	-4.72198543378e-07
3.50015458286e-10	-6.18359550231e-07
3.51222408142e-10	-6.57827783357e-07
3.52429357998e-10	-5.72022301526e-07
3.53636307854e-10	-3.67589429118e-07
3.5484325771e-10	-7.79579476529e-08
3.56050207567e-10	2.41171196791e-07
3.57257157423e-10	5.23161887145e-07
3.58464107279e-10	7.05634761289e-07
3.59671057135e-10	7.4692650287e-07
3.60878006991e-10	6.37661727865e-07
3.62084956847e-10	4.04366616635e-07
3.63291906704e-10	1.02412339942e-07
3.6449885656e-10	-1.99311894988e-07
3.65705806416e-10	-4.36451344399e-07
3.66912756272e-10	-5.65068539515e-07
3.68119706128e-10	-5.69287159635e-07
3.69326655984e-10	-4.60875966724e-07
3.70533605841e-10	-2.71990703737e-07
3.71740555697e-10	-4.47212329391e-08
3.72947505553e-10	1.78343082524e-07
3.74154455409e-10	3.61435546381e-07
3.75361405265e-10	4.79206853754e-07
3.76568355121e-10	5.18147075468e-07
3.77775304977e-10	4.75924863963e-07
3.78982254834e-10	3.60095008034e-07
3.8018920469e-10	1.86647834965e-07
3.81396154546e-10	-2.09981547705e-08
3.82603104402e-10	-2.32880129403e-07
3.83810054258e-10	-4.14217034006e-07
3.85017004114e-10	-5.29523873638e-07
3.86223953971e-10	-5.4983699016e-07
3.87430903827e-10	-4.61911078276e-07
3.88637853683e-10	-2.75861246735e-07
3.89844803539e-10	-2.74754214935e-08
3.91051753395e-10	2.28269524172e-07
3.92258703251e-10	4.31408643919e-07
3.93465653108e-10	5.34374500205e-07
3.94672602964e-10	5.16421174268e-07
3.9587955282e-10	3.88323229572e-07
3.97086502676e-10	1.87075205105e-07
3.98293452532e-10	-3.77034758969e-08
3.99500402388e-10	-2.38602499536e-07
4.00707352244e-10	-3.81012299044e-07
4.01914302101e-10	-4.46900905615e-07
4.03121251957e-10	-4.32730651312e-07
4.04328201813e-10	-3.45833925053e-07
4.05535151669e-10	-2.01662729182e-07
4.06742101525e-10	-2.33315553544e-08
4.07949051381e-10	1.58901773517e-07
4.09156001238e-10	3.10808495385e-07
4.10362951094e-10	4.00951343238e-07
4.1156990095e-10	4.09469457452e-07
4.12776850806e-10	3.34812533254e-07
4.13983800662e-10	1.95114452595e-07
4.15190750518e-10	2.285278633e-08
4.16397700375e-10	-1.44802491775e-07
4.17604650231e-10	-2.75956580253e-07
4.18811600087e-10	-3.50383409398e-07
4.20018549943e-10	-3.60701633895e-07
4.21225499799e-10	-3.10016396554e-07
4.22432449655e-10	-2.08815105651e-07
4.23639399511e-10	-7.30488585177e-08
4.24846349368e-10	7.6039356145e-08
4.26053299224e-10	2.12603030292e-07
4.2726024908e-10	3.09332861548e-07
4.28467198936e-10	3.43553445248e-07
4.29674148792e-10	3.04835964471e-07
4.30881098648e-10	2.00092294733e-07
4.32088048505e-10	5.34477955227e-08
4.33294998361e-10	-1.00184898599e-07
4.34501948217e-10	-2.25346312277e-07
4.35708898073e-10	-2.96207097961e-07
4.36915847929e-10	-3.02674877162e-07
4.38122797785e-10	-2.50429327053e-07
4.39329747642e-10	-1.56530742146e-07
4.40536697498e-10	-4.28190007895e-08
4.41743647354e-10	6.93880179981e-08
4.4295059721e-10	1.62337013165e-07
4.44157547066e-10	2.22845429221e-07
4.45364496922e-10	2.42465770128e-07
4.46571446778e-10	2.18545459063e-07
4.47778396635e-10	1.55230388543e-07
4.48985346491e-10	6.42207309554e-08
4.50192296347e-10	-3.68234625014e-08
4.51399246203e-10	-1.27905321889e-07
4.52606196059e-10	-1.91549165862e-07
4.53813145915e-10	-2.17112990697e-07
4.55020095772e-10	-2.02591035503e-07
4.56227045628e-10	-1.53892976584e-07
4.57433995484e-10	-8.21210814905e-08
4.5864094534e-10	-4.79652428886e-10
4.59847895196e-10	7.78162849713e-08
4.61054845052e-10	1.40714513819e-07
4.62261794909e-10	1.78068340517e-07
4.63468744765e-10	1.82886367384e-07
4.64675694621e-10	1.53276236148e-07
4.65882644477e-10	9.41080120498e-08
4.67089594333e-10	1.73855845276e-08
4.68296544189e-10	-6.01781540155e-08
4.69503494045e-10	-1.21465609126e-07
4.70710443902e-10	-1.54094362159e-07
4.71917393758e-10	-1.53724222685e-07
4.73124343614e-10	-1.24476782659e-07
4.7433129347e-10	-7.63431931006e-08
4.75538243326e-10	-2.07842769662e-08
4.76745193182e-10	3.2489428925e-08
4.77952143039e-10	7.71793615684e-08
4.79159092895e-10	1.09439964646e-07
4.80366042751e-10	1.26262667877e-07
4.81572992607e-10	1.24741964314e-07
4.82779942463e-10	1.0291996233e-07
4.83986892319e-10	6.2141022994e-08
4.85193842176e-10	8.59094839711e-09
4.86400792032e-10	-4.68397809428e-08
4.87607741888e-10	-9.15832583104e-08
4.88814691744e-10	-1.15631557662e-07
4.900216416e-10	-1.15057613215e-07
4.91228591456e-10	-9.30803363275e-08
4.92435541312e-10	-5.77625129949e-08
4.93642491169e-10	-1.84754003207e-08
4.94849441025e-10	1.77738219698e-08
4.96056390881e-10	4.74673278461e-08
4.97263340737e-10	6.9426164373e-08
4.98470290593e-10	8.25920754011e-08
4.99677240449e-10	8.45162428931e-08
5.00884190306e-10	7.21743642629e-08
5.02091140162e-10	4.43576189113e-08
5.03298090018e-10	4.33435409786e-09
5.04505039874e-10	-3.95063795011e-08
5.0571198973e-10	-7.5902121921e-08
5.06918939586e-10	-9.49717140486e-08
5.08125889443e-10	-9.23972010014e-08
5.09332839299e-10	-7.11028222966e-08
5.10539789155e-10	-3.95770261008e-08
5.11746739011e-10	-7.69195673822e-09
5.12953688867e-10	1.76899304094e-08
5.14160638723e-10	3.47946311763e-08
5.15367588579e-10	4.59501254824e-08
5.16574538436e-10	5.42169544815e-08
5.17781488292e-10	6.01551874979e-08
5.18988438148e-10	6.06836740857e-08
5.20195388004e-10	5.09324902254e-08
5.2140233786e-10	2.79250733648e-08
5.22609287716e-10	-6.21788143196e-09
5.23816237573e-10	-4.36121396774e-08
5.25023187429e-10	-7.31945615229e-08
5.26230137285e-10	-8.52934185502e-08
5.27437087141e-10	-7.58952296565e-08
5.28644036997e-10	-4.83999986756e-08
5.29850986853e-10	-1.19770395823e-08
5.3105793671e-10	2.23662834919e-08
5.32264886566e-10	4.62644766941e-08
5.33471836422e-10	5.6537037274e-08
5.34678786278e-10	5.50815624223e-08
5.35885736134e-10	4.65429517149e-08
5.3709268599e-10	3.53052116431e-08
5.38299635846e-10	2.35168324814e-08
5.39506585703e-10	1.09408424542e-08
5.40713535559e-10	-3.48102863201e-09
5.41920485415e-10	-1.97678944325e-08
5.43127435271e-10	-3.5745951088e-08
5.44334385127e-10	-4.75757264695e-08
5.45541334983e-10	-5.128978664e-08
5.4674828484e-10	-4.47772370293e-08
5.47955234696e-10	-2.89323871527e-08
5.49162184552e-10	-7.37329663991e-09
5.50369134408e-10	1.48803045441e-08
5.51576084264e-10	3.3266026378e-08
5.5278303412e-10	4.48755397287e-08
5.53989983977e-10	4.87610680722e-08
5.55196933833e-10	4.5482826394e-08
5.56403883689e-10	3.61136049953e-08
5.57610833545e-10	2.18718523293e-08
5.58817783401e-10	4.17343221093e-09
5.60024733257e-10	-1.48515164611e-08
5.61231683113e-10	-3.19942810023e-08
5.6243863297e-10	-4.34505285085e-08
5.63645582826e-10	-4.59122322383e-08
5.64852532682e-10	-3.81634093216e-08
5.66059482538e-10	-2.19542108937e-08
5.67266432394e-10	-1.84124671065e-09
5.6847338225e-10	1.6400329983e-08
5.69680332107e-10	2.81196661511e-08
5.70887281963e-10	3.15565937825e-08
5.72094231819e-10	2.8522189055e-08
5.73301181675e-10	2.29919581152e-08
5.74508131531e-10	1.88866420281e-08
5.75715081387e-10	1.77216294972e-08
5.76922031244e-10	1.76805383667e-08
5.781289811e-10	1.48630148189e-08
5.79335930956e-10	5.69976033038e-09
5.80542880812e-10	-1.02477382136e-08
5.81749830668e-10	-2.9249937139e-08
5.82956780524e-10	-4.45790178105e-08
5.8416373038e-10	-4.95753917917e-08
5.85370680237e-10	-4.11381995136e-08
5.86577630093e-10	-2.14422759548e-08
5.87784579949e-10	2.75928296878e-09
5.88991529805e-10	2.33600188082e-08
5.90198479661e-10	3.463613929e-08
5.91405429517e-10	3.55699634191e-08
5.92612379374e-10	2.95976270159e-08
5.9381932923e-10	2.18173386024e-08
5.95026279086e-10	1.58245154758e-08
5.96233228942e-10	1.16154350582e-08
5.97440178798e-10	6.27016105703e-09
5.98647128654e-10	-3.42838568645e-09
5.99854078511e-10	-1.81224628637e-08
6.01061028367e-10	-3.45072823649e-08
6.02267978223e-10	-4.67522616177e-08
6.03474928079e-10	-4.9395088908e-08
6.04681877935e-10	-4.0421310743e-08
6.05888827791e-10	-2.23338454397e-08
6.07095777647e-10	-7.61680843397e-10
6.08302727504e-10	1.8404051616e-08
6.0950967736e-10	3.1650835286e-08
6.10716627216e-10	3.86252070328e-08
6.11923577072e-10	4.09297902237e-08
6.13130526928e-10	3.99719324307e-08
6.14337476784e-10	3.54918463508e-08
6.15544426641e-10	2.58020218524e-08
6.16751376497e-10	9.47244416238e-09
6.17958326353e-10	-1.26022972058e-08
6.19165276209e-10	-3.64490735372e-08
6.20372226065e-10	-5.59890809271e-08
6.21579175921e-10	-6.53132055106e-08
6.22786125778e-10	-6.11552923857e-08
6.23993075634e-10	-4.40292211579e-08
6.2520002549e-10	-1.79401600242e-08
6.26406975346e-10	1.12149540765e-08
6.27613925202e-10	3.75370552419e-08
6.28820875058e-10	5.63805002685e-08
6.30027824914e-10	6.50086748877e-08
6.31234774771e-10	6.25080591732e-08
6.32441724627e-10	4.96660268468e-08
6.33648674483e-10	2.87138286481e-08
6.34855624339e-10	3.02761388182e-09
6.36062574195e-10	-2.33113777171e-08
6.37269524051e-10	-4.6243384233e-08
6.38476473908e-10	-6.22688363094e-08
6.39683423764e-10	-6.89288466305e-08
6.4089037362e-10	-6.48095763722e-08
6.42097323476e-10	-4.97062293547e-08
6.43304273332e-10	-2.48536586867e-08
6.44511223188e-10	6.59802323888e-09
6.45718173045e-10	3.93198984483e-08
6.46925122901e-10	6.64224231173e-08
6.48132072757e-10	8.10253322214e-08
6.49339022613e-10	7.86109257689e-08
6.50545972469e-10	5.90271458378e-08
6.51752922325e-10	2.6933406172e-08
6.52959872181e-10	-9.4468561862e-09
6.54166822038e-10	-4.13708427516e-08
6.55373771894e-10	-6.24417220152e-08
6.5658072175e-10	-7.02878439895e-08
6.57787671606e-10	-6.6332299653e-08
6.58994621462e-10	-5.37080948604e-08
6.60201571318e-10	-3.53992404278e-08
6.61408521175e-10	-1.30834882928e-08
6.62615471031e-10	1.20728493869e-08
6.63822420887e-10	3.79236109183e-08
6.65029370743e-10	6.02398255722e-08
6.66236320599e-10	7.32068912157e-08
6.67443270455e-10	7.17528818583e-08
6.68650220312e-10	5.41433831103e-08
6.69857170168e-10	2.37151875915e-08
6.71064120024e-10	-1.18731535714e-08
6.7227106988e-10	-4.34432472218e-08
6.73478019736e-10	-6.3664295169e-08
6.74684969592e-10	-6.95262682981e-08
6.75891919448e-10	-6.2328112449e-08
6.77098869305e-10	-4.5990500297e-08
6.78305819161e-10	-2.45671811783e-08
6.79512769017e-10	-8.80139544579e-10
6.80719718873e-10	2.3135319438e-08
6.81926668729e-10	4.52253363648e-08
6.83133618585e-10	6.15705184615e-08
6.84340568442e-10	6.74757583141e-08
6.85547518298e-10	5.92699906932e-08
6.86754468154e-10	3.68791024385e-08
6.8796141801e-10	5.07625175228e-09
6.89168367866e-10	-2.77206280153e-08
6.90375317722e-10	-5.24626821985e-08
6.91582267579e-10	-6.31587715461e-08
6.92789217435e-10	-5.89364299586e-08
6.93996167291e-10	-4.36339533394e-08
6.95203117147e-10	-2.33193997445e-08
6.96410067003e-10	-3.16008047507e-09
6.97617016859e-10	1.42646032764e-08
6.98823966715e-10	2.87426065171e-08
7.00030916572e-10	4.0493501885e-08
7.01237866428e-10	4.84228568354e-08
7.02444816284e-10	4.97678920297e-08
7.0365176614e-10	4.14939380633e-08
7.04858715996e-10	2.27759664462e-08
7.06065665852e-10	-3.47655670918e-09
7.07272615709e-10	-3.07952636724e-08
7.08479565565e-10	-5.15036662208e-08
7.09686515421e-10	-5.9794813545e-08
7.10893465277e-10	-5.39183879766e-08
7.12100415133e-10	-3.6511636381e-08
7.13307364989e-10	-1.29578208163e-08
7.14514314846e-10	1.10498761252e-08
7.15721264702e-10	3.1304274728e-08
7.16928214558e-10	4.55780844177e-08
7.18135164414e-10	5.28139549871e-08
7.1934211427e-10	5.22412859638e-08
7.20549064126e-10	4.30657287609e-08
7.21756013982e-10	2.5279182303e-08
7.22962963839e-10	8.0063983221e-10
7.24169913695e-10	-2.59752424014e-08
7.25376863551e-10	-4.88396167952e-08
7.26583813407e-10	-6.17556166205e-08
7.27790763263e-10	-6.10536812218e-08
7.28997713119e-10	-4.68681280452e-08
7.30204662976e-10	-2.29873062807e-08
7.31411612832e-10	4.66262228827e-09
7.32618562688e-10	3.00895228733e-08
7.33825512544e-10	4.88979550184e-08
7.350324624e-10	5.88226400922e-08
7.36239412256e-10	5.9314125167e-08
7.37446362113e-10	5.07524005045e-08
7.38653311969e-10	3.3982504366e-08
7.39860261825e-10	1.05405952855e-08
7.41067211681e-10	-1.6819375448e-08
7.42274161537e-10	-4.37404104048e-08
7.43481111393e-10	-6.47068771897e-08
7.44688061249e-10	-7.43172687834e-08
7.45895011106e-10	-6.90415635773e-08
7.47101960962e-10	-4.87381077718e-08
7.48308910818e-10	-1.70800673605e-08
7.49515860674e-10	1.91339073474e-08
7.5072281053e-10	5.18614378109e-08
7.51929760386e-10	7.39788443838e-08
7.53136710243e-10	8.1091194204e-08
7.54343660099e-10	7.24544628738e-08
7.55550609955e-10	5.06481123708e-08
7.56757559811e-10	2.05324450775e-08
7.57964509667e-10	-1.21827208321e-08
7.59171459523e-10	-4.2128097455e-08
7.6037840938e-10	-6.49419300558e-08
7.61585359236e-10	-7.74780808399e-08
7.62792309092e-10	-7.77861135504e-08
7.63999258948e-10	-6.52497718079e-08
7.65206208804e-10	-4.09217335573e-08
7.6641315866e-10	-7.96728383268e-09
7.67620108516e-10	2.83140995094e-08
7.68827058373e-10	6.11139938655e-08
7.70034008229e-10	8.35257196741e-08
7.71240958085e-10	9.03356625059e-08
7.72447907941e-10	7.95848933421e-08
7.73654857797e-10	5.32373451989e-08
7.74861807653e-10	1.66859548401e-08
7.7606875751e-10	-2.26779302004e-08
7.77275707366e-10	-5.73248941649e-08
7.78482657222e-10	-8.11559743852e-08
7.79689607078e-10	-9.04571955118e-08
7.80896556934e-10	-8.41333474e-08
7.8210350679e-10	-6.35012193939e-08
7.83310456647e-10	-3.19429038775e-08
7.84517406503e-10	5.46598732942e-09
7.85724356359e-10	4.24419912548e-08
7.86931306215e-10	7.23340427555e-08
7.88138256071e-10	8.9278314519e-08
7.89345205927e-10	8.95888856434e-08
7.90552155783e-10	7.28652054249e-08
7.9175910564e-10	4.23401989025e-08
7.92966055496e-10	4.27832025363e-09
7.94173005352e-10	-3.35582073241e-08
7.95379955208e-10	-6.38002122244e-08
7.96586905064e-10	-8.11550115998e-08
7.9779385492e-10	-8.33739886019e-08
7.99000804777e-10	-7.12904775213e-08
8.00207754633e-10	-4.81352868675e-08
8.01414704489e-10	-1.84711956841e-08
8.02621654345e-10	1.27520514148e-08
8.03828604201e-10	4.08865785673e-08
8.05035554057e-10	6.1947313057e-08
8.06242503914e-10	7.28387608007e-08
8.0744945377e-10	7.17148651574e-08
8.08656403626e-10	5.83705377366e-08
8.09863353482e-10	3.4706130414e-08
8.11070303338e-10	4.74377559456e-09
8.12277253194e-10	-2.59159524951e-08
8.1348420305e-10	-5.12481976855e-08
8.14691152907e-10	-6.63324533079e-08
8.15898102763e-10	-6.85893741803e-08
8.17105052619e-10	-5.83968127188e-08
8.18312002475e-10	-3.86998326718e-08
8.19518952331e-10	-1.39561124879e-08
8.20725902187e-10	1.11730871222e-08
8.21932852044e-10	3.28030607122e-08
8.231398019e-10	4.81828381638e-08
8.24346751756e-10	5.56304975419e-08
8.25553701612e-10	5.42904023959e-08
8.26760651468e-10	4.41754473002e-08
8.27967601324e-10	2.65476258754e-08
8.29174551181e-10	4.19183771028e-09
8.30381501037e-10	-1.86624751208e-08
8.31588450893e-10	-3.72334127974e-08
8.32795400749e-10	-4.75558179502e-08
8.34002350605e-10	-4.78065560472e-08
8.35209300461e-10	-3.89167231774e-08
8.36416250317e-10	-2.40567930021e-08
8.37623200174e-10	-7.31870875015e-09
8.3883015003e-10	7.81564890584e-09
8.40037099886e-10	1.93751823474e-08
8.41244049742e-10	2.6861423752e-08
8.42450999598e-10	3.0552064878e-08
8.43657949454e-10	3.05799612299e-08
8.44864899311e-10	2.6714487511e-08
8.46071849167e-10	1.87362623194e-08
8.47278799023e-10	7.24852722289e-09
8.48485748879e-10	-5.80701198238e-09
8.49692698735e-10	-1.74857150981e-08
8.50899648591e-10	-2.48213054554e-08
8.52106598448e-10	-2.61585602068e-08
8.53313548304e-10	-2.18190474577e-08
8.5452049816e-10	-1.39537055244e-08
8.55727448016e-10	-5.38767241931e-09
8.56934397872e-10	1.6635589295e-09
8.58141347728e-10	6.35305363872e-09
8.59348297584e-10	9.16222098191e-09
8.60555247441e-10	1.10064191094e-08
8.61762197297e-10	1.23580330413e-08
8.62969147153e-10	1.28281383294e-08
8.64176097009e-10	1.1495274288e-08
8.65383046865e-10	7.80415476687e-09
8.66589996721e-10	2.21118606758e-09
8.67796946578e-10	-3.71213026984e-09
8.69003896434e-10	-8.00256194644e-09
8.7021084629e-10	-9.30116095255e-09
8.71417796146e-10	-7.56735596408e-09
8.72624746002e-10	-4.14228962242e-09
8.73831695858e-10	-8.99741642302e-10
8.75038645715e-10	6.89613741112e-10
8.76245595571e-10	3.39999039339e-10
8.77452545427e-10	-1.096013863e-09
8.78659495283e-10	-2.29612126534e-09
8.79866445139e-10	-2.29284641273e-09
8.81073394995e-10	-1.06116562759e-09
8.82280344851e-10	6.47429956868e-10
8.83487294708e-10	1.88360488318e-09
8.84694244564e-10	2.23380461351e-09
8.8590119442e-10	2.11243314507e-09
8.87108144276e-10	2.41077971475e-09
8.88315094132e-10	3.85857407137e-09
8.89522043988e-10	6.29181440281e-09
8.90728993845e-10	8.58376936197e-09
8.91935943701e-10	9.09859543263e-09
8.93142893557e-10	6.59308119211e-09
8.94349843413e-10	1.0254341265e-09
8.95556793269e-10	-6.27808316445e-09
8.96763743125e-10	-1.30601542914e-08
8.97970692982e-10	-1.71297518392e-08
8.99177642838e-10	-1.7233776628e-08
9.00384592694e-10	-1.35220816766e-08
9.0159154255e-10	-7.29543991884e-09
9.02798492406e-10	-2.865630927e-10
9.04005442262e-10	6.08422479065e-09
9.05212392118e-10	1.11582134643e-08
9.06419341975e-10	1.48962608915e-08
9.07626291831e-10	1.7384237383e-08
9.08833241687e-10	1.83913733132e-08
9.10040191543e-10	1.71493925727e-08
9.11247141399e-10	1.27975834374e-08
9.12454091255e-10	4.96958696417e-09
9.13661041112e-10	-5.55868073793e-09
9.14867990968e-10	-1.67525708861e-08
9.16074940824e-10	-2.58229437833e-08
9.1728189068e-10	-3.01387985679e-08
9.18488840536e-10	-2.82470820068e-08
9.19695790392e-10	-2.03832239976e-08
9.20902740249e-10	-8.41183200873e-09
9.22109690105e-10	4.92407026265e-09
9.23316639961e-10	1.69136074035e-08
9.24523589817e-10	2.55996015497e-08
9.25730539673e-10	3.00185809543e-08
9.26937489529e-10	2.9964443371e-08
9.28144439385e-10	2.55945526995e-08
9.29351389242e-10	1.72481646743e-08
9.30558339098e-10	5.54509727024e-09
9.31765288954e-10	-8.21424661623e-09
9.3297223881e-10	-2.18559303988e-08
9.34179188666e-10	-3.25317448535e-08
9.35386138522e-10	-3.75111586237e-08
9.36593088379e-10	-3.5159748446e-08
9.37800038235e-10	-2.56761589768e-08
9.39006988091e-10	-1.11933697866e-08
9.40213937947e-10	4.96652596826e-09
9.41420887803e-10	1.93691627182e-08
9.42627837659e-10	2.95151605378e-08
9.43834787516e-10	3.42932731101e-08
9.45041737372e-10	3.37314718379e-08
9.46248687228e-10	2.84533716588e-08
9.47455637084e-10	1.91819826689e-08
9.4866258694e-10	6.70403055292e-09
9.49869536796e-10	-7.76336217534e-09
9.51076486652e-10	-2.21906968356e-08
9.52283436509e-10	-3.37575336573e-08
9.53490386365e-10	-3.95381496432e-08
9.54697336221e-10	-3.75419073606e-08
9.55904286077e-10	-2.76965526069e-08
9.57111235933e-10	-1.21051733082e-08
9.58318185789e-10	5.53594659003e-09
9.59525135646e-10	2.1154019425e-08
9.60732085502e-10	3.16085784213e-08
9.61939035358e-10	3.54440170547e-08
9.63145985214e-10	3.29079274941e-08
9.6435293507e-10	2.53814826934e-08
9.65559884926e-10	1.46032572701e-08
9.66766834783e-10	2.23575047364e-09
9.67973784639e-10	-1.02343060693e-08
9.69180734495e-10	-2.12544128964e-08
9.70387684351e-10	-2.91269239838e-08
9.71594634207e-10	-3.22069153569e-08
9.72801584063e-10	-2.9443855798e-08
9.7400853392e-10	-2.09858703748e-08
9.75215483776e-10	-8.39495273297e-09
9.76422433632e-10	5.58025881059e-09
9.77629383488e-10	1.78366375003e-08
9.78836333344e-10	2.58168069145e-08
9.800432832e-10	2.82506658067e-08
9.81250233056e-10	2.53193195299e-08
9.82457182913e-10	1.83550894484e-08
9.83664132769e-10	9.18958409368e-09
9.84871082625e-10	-4.49652565182e-10
9.86078032481e-10	-9.23824550192e-09
9.87284982337e-10	-1.62559945505e-08
9.88491932193e-10	-2.07580939104e-08
9.8969888205e-10	-2.20671676487e-08
9.90905831906e-10	-1.96618890058e-08
9.92112781762e-10	-1.35267441692e-08
9.93319731618e-10	-4.48963166644e-09
9.94526681474e-10	5.65673052844e-09
9.9573363133e-10	1.45103822291e-08
9.96940581187e-10	1.98086418379e-08
9.98147531043e-10	2.02257801618e-08
9.99354480899e-10	1.5937074993e-08
1.00056143075e-09	8.53335913042e-09
1.00176838061e-09	3.9457452583e-10
1.00297533047e-09	-6.25499529949e-09
1.00418228032e-09	-1.01364114879e-08
1.00538923018e-09	-1.11588824847e-08
1.00659618004e-09	-1.00993791108e-08
1.00780312989e-09	-7.94245291758e-09
1.00901007975e-09	-5.32019195365e-09
1.0102170296e-09	-2.35353903033e-09
1.01142397946e-09	1.03670616536e-09
1.01263092932e-09	4.65205474143e-09
1.01383787917e-09	7.73963226841e-09
1.01504482903e-09	9.18317666354e-09
1.01625177889e-09	8.10157907427e-09
1.01745872874e-09	4.4749866035e-09
1.0186656786e-09	-6.18560036525e-10
1.01987262845e-09	-5.3308063519e-09
1.02107957831e-09	-7.89249310351e-09
1.02228652817e-09	-7.42278039034e-09
1.02349347802e-09	-4.35860769699e-09
1.02470042788e-09	-1.67637310283e-10
1.02590737773e-09	3.43137496195e-09
1.02711432759e-09	5.28427235302e-09
1.02832127745e-09	5.27835430919e-09
1.0295282273e-09	4.1200909906e-09
1.03073517716e-09	2.74403083589e-09
1.03194212702e-09	1.64635396982e-09
1.03314907687e-09	6.27553578547e-10
1.03435602673e-09	-9.18030332309e-10
1.03556297658e-09	-3.37852279486e-09
1.03676992644e-09	-6.40015074271e-09
1.0379768763e-09	-8.83132755813e-09
1.03918382615e-09	-9.21907084006e-09
1.04039077601e-09	-6.63655075339e-09
1.04159772586e-09	-1.30350966132e-09
1.04280467572e-09	5.31162158701e-09
1.04401162558e-09	1.10409557053e-08
1.04521857543e-09	1.39655971232e-08
1.04642552529e-09	1.3204470406e-08
1.04763247515e-09	9.20524279024e-09
1.048839425e-09	3.41144329452e-09
1.05004637486e-09	-2.4994215031e-09
1.05125332471e-09	-7.30123217441e-09
1.05246027457e-09	-1.05127675454e-08
1.05366722443e-09	-1.22166019523e-08
1.05487417428e-09	-1.2544269623e-08
1.05608112414e-09	-1.13617806274e-08
1.05728807399e-09	-8.26579016344e-09
1.05849502385e-09	-3.02962566145e-09
1.05970197371e-09	3.89300963688e-09
1.06090892356e-09	1.11396309954e-08
1.06211587342e-09	1.67165461473e-08
1.06332282328e-09	1.8786891598e-08
1.06452977313e-09	1.64422757631e-08
1.06573672299e-09	1.01962338572e-08
1.06694367284e-09	1.76858927503e-09
1.0681506227e-09	-6.59266108372e-09
1.06935757256e-09	-1.29788717551e-08
1.07056452241e-09	-1.64030444783e-08
1.07177147227e-09	-1.68302694004e-08
1.07297842212e-09	-1.48150545165e-08
1.07418537198e-09	-1.09618722988e-08
1.07539232184e-09	-5.68731528539e-09
1.07659927169e-09	6.81138589975e-10
1.07780622155e-09	7.58754137298e-09
1.07901317141e-09	1.39557954082e-08
1.08022012126e-09	1.83320953973e-08
1.08142707112e-09	1.93378162372e-08
1.08263402097e-09	1.62993085695e-08
1.08384097083e-09	9.67711155653e-09
1.08504792069e-09	9.66375354738e-10
1.08625487054e-09	-7.77226993876e-09
1.0874618204e-09	-1.46520220401e-08
1.08866877025e-09	-1.84833743866e-08
1.08987572011e-09	-1.89478872592e-08
1.09108266997e-09	-1.63918558727e-08
1.09228961982e-09	-1.14498084347e-08
1.09349656968e-09	-4.83691753317e-09
1.09470351954e-09	2.71026151522e-09
1.09591046939e-09	1.02426851445e-08
1.09711741925e-09	1.65317670664e-08
1.0983243691e-09	2.02186143383e-08
1.09953131896e-09	2.01810648193e-08
1.10073826882e-09	1.6064741315e-08
1.10194521867e-09	8.51574355476e-09
1.10315216853e-09	-8.5401097305e-10
1.10435911838e-09	-9.95488558253e-09
1.10556606824e-09	-1.68413278878e-08
1.1067730181e-09	-2.02419334627e-08
1.10797996795e-09	-1.9813470864e-08
1.10918691781e-09	-1.59997226579e-08
1.11039386767e-09	-9.76242620077e-09
1.11160081752e-09	-2.2237890418e-09
1.11280776738e-09	5.5017792544e-09
1.11401471723e-09	1.23565888632e-08
1.11522166709e-09	1.73510488199e-08
1.11642861695e-09	1.96034823929e-08
1.1176355668e-09	1.85347674986e-08
1.11884251666e-09	1.40996332387e-08
1.12004946651e-09	6.92702917249e-09
1.12125641637e-09	-1.68579433746e-09
1.12246336623e-09	-1.00704342643e-08
1.12367031608e-09	-1.65587044076e-08
1.12487726594e-09	-1.99194820638e-08
1.1260842158e-09	-1.96082772241e-08
1.12729116565e-09	-1.58250283988e-08
1.12849811551e-09	-9.39535427236e-09
1.12970506536e-09	-1.50604301252e-09
1.13091201522e-09	6.50173859196e-09
1.13211896508e-09	1.33596798069e-08
1.13332591493e-09	1.80007986295e-08
1.13453286479e-09	1.96645939532e-08
1.13573981464e-09	1.80233528102e-08
1.1369467645e-09	1.32458446434e-08
1.13815371436e-09	6.05942784837e-09
1.13936066421e-09	-2.33190955434e-09
1.14056761407e-09	-1.04190873707e-08
1.14177456393e-09	-1.66773213017e-08
1.14298151378e-09	-1.99111687138e-08
1.14418846364e-09	-1.94880263038e-08
1.14539541349e-09	-1.55361477017e-08
1.14660236335e-09	-8.86095341546e-09
1.14780931321e-09	-7.64661112207e-10
1.14901626306e-09	7.25046234162e-09
1.15022321292e-09	1.3823065137e-08
1.15143016277e-09	1.79297454661e-08
1.15263711263e-09	1.90358249164e-08
1.15384406249e-09	1.70776355279e-08
1.15505101234e-09	1.24028973758e-08
1.1562579622e-09	5.7104622142e-09
1.15746491206e-09	-2.02849784192e-09
1.15867186191e-09	-9.60730495159e-09
1.15987881177e-09	-1.57475454898e-08
1.16108576162e-09	-1.9272871743e-08
1.16229271148e-09	-1.93960110195e-08
1.16349966134e-09	-1.59735991101e-08
1.16470661119e-09	-9.58514800864e-09
1.16591356105e-09	-1.47716974763e-09
1.1671205109e-09	6.78400058352e-09
1.16832746076e-09	1.36644859872e-08
1.16953441062e-09	1.80159513974e-08
1.17074136047e-09	1.92603928362e-08
1.17194831033e-09	1.73572449746e-08
1.17315526019e-09	1.27202017808e-08
1.17436221004e-09	6.04668748405e-09
1.1755691599e-09	-1.71694425344e-09
1.17677610975e-09	-9.4146428431e-09
1.17798305961e-09	-1.57683890389e-08
1.17919000947e-09	-1.95204363784e-08
1.18039695932e-09	-1.97917087164e-08
1.18160390918e-09	-1.63301971945e-08
1.18281085903e-09	-9.73239933089e-09
1.18401780889e-09	-1.33358971088e-09
1.18522475875e-09	7.14116432654e-09
1.1864317086e-09	1.4024137629e-08
1.18763865846e-09	1.81437260771e-08
1.18884560832e-09	1.89908941906e-08
1.19005255817e-09	1.67059490686e-08
1.19125950803e-09	1.18619263301e-08
1.19246645788e-09	5.26857490968e-09
1.19367340774e-09	-2.13566644924e-09
1.1948803576e-09	-9.32089849748e-09
1.19608730745e-09	-1.51638641643e-08
1.19729425731e-09	-1.85883934911e-08
1.19850120716e-09	-1.87918480776e-08
1.19970815702e-09	-1.55213322195e-08
1.20091510688e-09	-9.28263843569e-09
1.20212205673e-09	-1.27104129999e-09
1.20332900659e-09	6.88316303954e-09
1.20453595645e-09	1.35605127127e-08
1.2057429063e-09	1.7558065446e-08
1.20694985616e-09	1.83088575412e-08
1.20815680601e-09	1.59247302012e-08
1.20936375587e-09	1.09989335417e-08
1.21057070573e-09	4.42757169816e-09
1.21177765558e-09	-2.77483902522e-09
1.21298460544e-09	-9.56199452951e-09
1.21419155529e-09	-1.48781829079e-08
1.21539850515e-09	-1.77936116952e-08
1.21660545501e-09	-1.76318162293e-08
1.21781240486e-09	-1.42201967979e-08
1.21901935472e-09	-8.03739341748e-09
1.22022630458e-09	-2.17417923942e-10
1.22143325443e-09	7.65654040169e-09
1.22264020429e-09	1.39510565322e-08
1.22384715414e-09	1.73967640293e-08
1.225054104e-09	1.74177523515e-08
1.22626105386e-09	1.42136646897e-08
1.22746800371e-09	8.62264348811e-09
1.22867495357e-09	1.838499325e-09
1.22988190342e-09	-4.92084994974e-09
1.23108885328e-09	-1.06087079121e-08
1.23229580314e-09	-1.44487943832e-08
1.23350275299e-09	-1.59423512169e-08
1.23470970285e-09	-1.48318159976e-08
1.23591665271e-09	-1.1191594762e-08
1.23712360256e-09	-5.46152822967e-09
1.23833055242e-09	1.44985110029e-09
1.23953750227e-09	8.27343926701e-09
1.24074445213e-09	1.36082742852e-08
1.24195140199e-09	1.62813371674e-08
1.24315835184e-09	1.57171433646e-08
1.2443653017e-09	1.20861751718e-08
1.24557225156e-09	6.2756257968e-09
1.24677920141e-09	-4.32433484854e-10
1.24798615127e-09	-6.71573918698e-09
1.24919310112e-09	-1.1524554866e-08
1.25040005098e-09	-1.42326013197e-08
1.25160700084e-09	-1.45774388116e-08
1.25281395069e-09	-1.25934895845e-08
1.25402090055e-09	-8.5315624565e-09
1.2552278504e-09	-2.89020885003e-09
1.25643480026e-09	3.51421713951e-09
1.25764175012e-09	9.57403001323e-09
1.25884869997e-09	1.40335141285e-08
1.26005564983e-09	1.58387454263e-08
1.26126259969e-09	1.44641048028e-08
1.26246954954e-09	1.01486317128e-08
1.2636764994e-09	3.86340459624e-09
1.26488344925e-09	-2.99137176141e-09
1.26609039911e-09	-8.97700158653e-09
1.26729734897e-09	-1.30187980396e-08
1.26850429882e-09	-1.45794460948e-08
1.26971124868e-09	-1.36308029308e-08
1.27091819853e-09	-1.05191684252e-08
1.27212514839e-09	-5.78052739009e-09
1.27333209825e-09	-9.72715658021e-11
1.2745390481e-09	5.73922687153e-09
1.27574599796e-09	1.07991788845e-08
1.27695294782e-09	1.41313718505e-08
1.27815989767e-09	1.49786540948e-08
1.27936684753e-09	1.30065735959e-08
1.28057379738e-09	8.5227478408e-09
1.28178074724e-09	2.40837239041e-09
1.2829876971e-09	-4.07369843414e-09
1.28419464695e-09	-9.63877466731e-09
1.28540159681e-09	-1.33167172844e-08
1.28660854666e-09	-1.46055534334e-08
1.28781549652e-09	-1.34877069513e-08
1.28902244638e-09	-1.02778756617e-08
1.29022939623e-09	-5.48959588897e-09
1.29143634609e-09	2.31422707386e-10
1.29264329595e-09	6.13028605656e-09
1.2938502458e-09	1.12980553801e-08
1.29505719566e-09	1.47945942164e-08
1.29626414551e-09	1.57999071604e-08
1.29747109537e-09	1.39113558451e-08
1.29867804523e-09	9.3403627055e-09
1.29988499508e-09	2.9234599741e-09
1.30109194494e-09	-4.03491007273e-09
1.30229889479e-09	-1.01564920918e-08
1.30350584465e-09	-1.43166305477e-08
1.30471279451e-09	-1.59028787916e-08
1.30591974436e-09	-1.48465504335e-08
1.30712669422e-09	-1.14823268671e-08
1.30833364408e-09	-6.40789388218e-09
1.30954059393e-09	-3.26777917226e-10
1.31074754379e-09	5.94965132716e-09
1.31195449364e-09	1.15146527868e-08
1.3131614435e-09	1.54289017118e-08
1.31436839336e-09	1.68503029307e-08
1.31557534321e-09	1.53368990841e-08
1.31678229307e-09	1.10034670264e-08
1.31798924292e-09	4.62223781472e-09
1.31919619278e-09	-2.56466292647e-09
1.32040314264e-09	-9.18650289172e-09
1.32161009249e-09	-1.40700682216e-08
1.32281704235e-09	-1.65270219732e-08
1.32402399221e-09	-1.63540876397e-08
1.32523094206e-09	-1.37507292219e-08
1.32643789192e-09	-9.15027009718e-09
1.32764484177e-09	-3.12479153664e-09
1.32885179163e-09	3.58559826275e-09
1.33005874149e-09	1.00733013042e-08
1.33126569134e-09	1.52586829838e-08
1.3324726412e-09	1.81027319801e-08
1.33367959105e-09	1.78822183727e-08
1.33488654091e-09	1.44515972522e-08
1.33609349077e-09	8.39608693681e-09
1.33730044062e-09	8.55288201373e-10
1.33850739048e-09	-6.73690669917e-09
1.33971434034e-09	-1.30618067473e-08
1.34092129019e-09	-1.71708460783e-08
1.34212824005e-09	-1.85749211568e-08
1.3433351899e-09	-1.72084069217e-08
1.34454213976e-09	-1.32801403208e-08
1.34574908962e-09	-7.25899629295e-09
1.34695603947e-09	1.36622893554e-10
1.34816298933e-09	7.89534004841e-09
1.34936993918e-09	1.47374379367e-08
1.35057688904e-09	1.93688287631e-08
1.3517838389e-09	2.07430725929e-08
1.35299078875e-09	1.84418387228e-08
1.35419773861e-09	1.28182831016e-08
1.35540468847e-09	4.9391838397e-09
1.35661163832e-09	-3.68690261654e-09
1.35781858818e-09	-1.15292630998e-08
1.35902553803e-09	-1.7324521373e-08
1.36023248789e-09	-2.0303433157e-08
1.36143943775e-09	-2.01610457218e-08
1.3626463876e-09	-1.69980864939e-08
1.36385333746e-09	-1.12416593812e-08
1.36506028731e-09	-3.60305790759e-09
1.36626723717e-09	4.87964579854e-09
1.36747418703e-09	1.29178723274e-08
1.36868113688e-09	1.91073477041e-08
1.36988808674e-09	2.22133467176e-08
1.3710950366e-09	2.15176352292e-08
1.37230198645e-09	1.70214107253e-08
1.37350893631e-09	9.53584722296e-09
1.37471588616e-09	4.50727580259e-10
1.37592283602e-09	-8.57823934108e-09
1.37712978588e-09	-1.60218120993e-08
1.37833673573e-09	-2.07621235759e-08
1.37954368559e-09	-2.21848037718e-08
1.38075063544e-09	-2.02042884645e-08
1.3819575853e-09	-1.51367554047e-08
1.38316453516e-09	-7.67334962237e-09
1.38437148501e-09	1.17249880638e-09
1.38557843487e-09	1.01101582661e-08
1.38678538473e-09	1.76680272634e-08
1.38799233458e-09	2.2465968641e-08
1.38919928444e-09	2.34927881593e-08
1.39040623429e-09	2.04214556376e-08
1.39161318415e-09	1.37451918736e-08
1.39282013401e-09	4.68520000574e-09
1.39402708386e-09	-5.07029729313e-09
1.39523403372e-09	-1.37964299984e-08
1.39644098357e-09	-2.00516327986e-08
1.39764793343e-09	-2.29355894277e-08
1.39885488329e-09	-2.21385332289e-08
1.40006183314e-09	-1.78830072972e-08
1.401268783e-09	-1.08551259093e-08
1.40247573286e-09	-2.08081812891e-09
1.40368268271e-09	7.1236658794e-09
1.40488963257e-09	1.53029304784e-08
1.40609658242e-09	2.10644586218e-08
1.40730353228e-09	2.33319603637e-08
1.40851048214e-09	2.16359041794e-08
1.40971743199e-09	1.62258442238e-08
1.41092438185e-09	8.08232081262e-09
1.4121313317e-09	-1.32555902366e-09
1.41333828156e-09	-1.03502233451e-08
1.41454523142e-09	-1.74852785584e-08
1.41575218127e-09	-2.16434172806e-08
1.41695913113e-09	-2.22404916705e-08
1.41816608099e-09	-1.92658897724e-08
1.41937303084e-09	-1.32179021062e-08
1.4205799807e-09	-5.04456265649e-09
1.42178693055e-09	3.95030902434e-09
1.42299388041e-09	1.23001406838e-08
1.42420083027e-09	1.85770496763e-08
1.42540778012e-09	2.16930744479e-08
1.42661472998e-09	2.11104507208e-08
1.42782167983e-09	1.69671006134e-08
1.42902862969e-09	1.00581154516e-08
1.43023557955e-09	1.61730340231e-09
1.4314425294e-09	-6.89468493409e-09
1.43264947926e-09	-1.41008207333e-08
1.43385642912e-09	-1.8879075192e-08
1.43506337897e-09	-2.05128229958e-08
1.43627032883e-09	-1.87810118568e-08
1.43747727868e-09	-1.39573055336e-08
1.43868422854e-09	-6.84246515004e-09
1.4398911784e-09	1.37092498464e-09
1.44109812825e-09	9.24788490231e-09
1.44230507811e-09	1.53971739802e-08
1.44351202796e-09	1.8763370413e-08
1.44471897782e-09	1.88278788116e-08
1.44592592768e-09	1.57295114711e-08
1.44713287753e-09	1.01490549298e-08
1.44833982739e-09	3.14652232047e-09
1.44954677725e-09	-4.09193284812e-09
1.4507537271e-09	-1.04546744595e-08
1.45196067696e-09	-1.50048851122e-08
1.45316762681e-09	-1.70963114776e-08
1.45437457667e-09	-1.63930455876e-08
1.45558152653e-09	-1.29672925731e-08
1.45678847638e-09	-7.34147909132e-09
1.45799542624e-09	-4.6606094678e-10
1.4592023761e-09	6.39766395416e-09
1.46040932595e-09	1.19619902872e-08
1.46161627581e-09	1.51939727466e-08
1.46282322566e-09	1.55838573157e-08
1.46403017552e-09	1.32389026408e-08
1.46523712538e-09	8.78241057656e-09
1.46644407523e-09	3.16804515954e-09
1.46765102509e-09	-2.60750121495e-09
1.46885797494e-09	-7.65478180842e-09
1.4700649248e-09	-1.12921336726e-08
1.47127187466e-09	-1.30561619294e-08
1.47247882451e-09	-1.26939552203e-08
1.47368577437e-09	-1.02324237972e-08
1.47489272423e-09	-6.01057636995e-09
1.47609967408e-09	-7.44439038192e-10
1.47730662394e-09	4.58155846594e-09
1.47851357379e-09	8.90648488294e-09
1.47972052365e-09	1.13660809653e-08
1.48092747351e-09	1.15528779876e-08
1.48213442336e-09	9.58306145549e-09
1.48334137322e-09	6.04504479806e-09
1.48454832307e-09	1.76824535569e-09
1.48575527293e-09	-2.42197450984e-09
1.48696222279e-09	-5.85668924469e-09
1.48816917264e-09	-8.11330957973e-09
1.4893761225e-09	-8.95527785261e-09
1.49058307236e-09	-8.32199598122e-09
1.49179002221e-09	-6.31152352604e-09
1.49299697207e-09	-3.21832810402e-09
1.49420392192e-09	4.21601441258e-10
1.49541087178e-09	3.91396060007e-09
1.49661782164e-09	6.51844966892e-09
1.49782477149e-09	7.68730623601e-09
1.49903172135e-09	7.22218662652e-09
1.5002386712e-09	5.3295982072e-09
1.50144562106e-09	2.55512977443e-09
1.50265257092e-09	-4.41285806507e-10
1.50385952077e-09	-3.04774511184e-09
1.50506647063e-09	-4.85408058193e-09
1.50627342049e-09	-5.66610025565e-09
1.50748037034e-09	-5.44655565093e-09
1.5086873202e-09	-4.28864421753e-09
1.50989427005e-09	-2.36135128118e-09
1.51110121991e-09	2.61276018182e-11
1.51230816977e-09	2.44692055507e-09
1.51351511962e-09	4.38004038594e-09
1.51472206948e-09	5.34377797567e-09
1.51592901933e-09	5.0707008592e-09
1.51713596919e-09	3.59921537019e-09
1.51834291905e-09	1.31689806282e-09
1.5195498689e-09	-1.18806700589e-09
1.52075681876e-09	-3.3068712213e-09
1.52196376862e-09	-4.59168347788e-09
1.52317071847e-09	-4.86424633905e-09
1.52437766833e-09	-4.17341544656e-09
1.52558461818e-09	-2.73032613185e-09
1.52679156804e-09	-8.01428340358e-10
1.5279985179e-09	1.32795130448e-09
1.52920546775e-09	3.33348959547e-09
1.53041241761e-09	4.86098961083e-09
1.53161936746e-09	5.52807710719e-09
1.53282631732e-09	5.06419739477e-09
1.53403326718e-09	3.42024092381e-09
1.53524021703e-09	8.62134960644e-10
1.53644716689e-09	-2.04135483517e-09
1.53765411675e-09	-4.5993875375e-09
1.5388610666e-09	-6.18810136466e-09
1.54006801646e-09	-6.46654196856e-09
1.54127496631e-09	-5.44074296727e-09
1.54248191617e-09	-3.40438793822e-09
1.54368886603e-09	-8.12559436403e-10
1.54489581588e-09	1.88823598424e-09
1.54610276574e-09	4.29934787771e-09
1.54730971559e-09	6.10227102182e-09
1.54851666545e-09	7.00342239757e-09
1.54972361531e-09	6.75227052049e-09
1.55093056516e-09	5.22950849291e-09
1.55213751502e-09	2.53647874926e-09
1.55334446488e-09	-8.9498233824e-10
1.55455141473e-09	-4.37753183702e-09
1.55575836459e-09	-7.11509740015e-09
1.55696531444e-09	-8.45605307997e-09
1.5581722643e-09	-8.10461264766e-09
