% time-domain current integration by openEMS v0.37.0-rc1-2-g7b051bb @Sat Aug  8 14:02:53 2026
% start-coordinates: (-0.000364661,-0.000364661,-0.000762) m -> [46,46,14]
% stop-coordinates: (0.000301303,0.000301303,-0.000762) m -> [57,57,14]
% t/s	current
8.67553647834e-14	0
1.30133047175e-12	0
2.51590557872e-12	0
3.73048068569e-12	0
4.94505579266e-12	0
6.15963089962e-12	0
7.37420600659e-12	0
8.58878111356e-12	0
9.80335622053e-12	0
1.10179313275e-11	0
1.22325064345e-11	0
1.34470815414e-11	0
1.46616566484e-11	0
1.58762317554e-11	0
1.70908068623e-11	0
1.83053819693e-11	0
1.95199570763e-11	0
2.07345321832e-11	0
2.19491072902e-11	0
2.31636823972e-11	0
2.43782575041e-11	0
2.55928326111e-11	0
2.68074077181e-11	0
2.8021982825e-11	0
2.9236557932e-11	0
3.0451133039e-11	0
3.1665708146e-11	0
3.28802832529e-11	-2.20688747223e-35
3.40948583599e-11	-7.75352326914e-33
3.53094334669e-11	-1.74185994227e-30
3.65240085738e-11	-2.60682875397e-28
3.77385836808e-11	-2.66545592e-26
3.89531587878e-11	-1.90244161093e-24
4.01677338947e-11	-9.65445525589e-23
4.13823090017e-11	-3.53966941931e-21
4.25968841087e-11	-9.50930127989e-20
4.38114592156e-11	-1.89604871764e-18
4.50260343226e-11	-2.83991684543e-17
4.62406094296e-11	-3.23355939345e-16
4.74551845365e-11	-2.83318650692e-15
4.86697596435e-11	-1.93471998269e-14
4.98843347505e-11	-1.04301522931e-13
5.10989098574e-11	-4.49032629656e-13
5.23134849644e-11	-1.55459933121e-12
5.35280600714e-11	-4.31330969206e-12
5.47426351783e-11	-9.32075337051e-12
5.59572102853e-11	-1.40202424323e-11
5.71717853923e-11	-6.06010120557e-12
5.83863604992e-11	4.73871428208e-11
5.96009356062e-11	2.11039380416e-10
6.08155107132e-11	5.8520194246e-10
6.20300858201e-11	1.28810573319e-09
6.32446609271e-11	2.39966091442e-09
6.44592360341e-11	3.85043330553e-09
6.56738111411e-11	5.25315346778e-09
6.6888386248e-11	5.71112623859e-09
6.8102961355e-11	3.70070241118e-09
6.9317536462e-11	-2.81272716229e-09
7.05321115689e-11	-1.58590172106e-08
7.17466866759e-11	-3.64847316803e-08
7.29612617829e-11	-6.34769676822e-08
7.41758368898e-11	-9.22486975696e-08
7.53904119968e-11	-1.14571051313e-07
7.66049871038e-11	-1.19813421406e-07
7.78195622107e-11	-9.79202141593e-08
7.90341373177e-11	-4.3552002893e-08
8.02487124247e-11	4.00604172057e-08
8.14632875316e-11	1.39449440439e-07
8.26778626386e-11	2.32913905052e-07
8.38924377456e-11	2.96335457506e-07
8.51070128525e-11	3.11148852461e-07
8.63215879595e-11	2.71434856813e-07
8.75361630665e-11	1.86986170547e-07
8.87507381734e-11	8.0652988288e-08
8.99653132804e-11	-1.92861602244e-08
9.11798883874e-11	-8.8702321932e-08
9.23944634943e-11	-1.15215037511e-07
9.36090386013e-11	-1.00857789676e-07
9.48236137083e-11	-5.91816196049e-08
9.60381888153e-11	-8.64997051764e-09
9.72527639222e-11	3.44656641005e-08
9.84673390292e-11	6.07766992289e-08
9.96819141362e-11	6.87175329972e-08
1.00896489243e-10	6.23152303092e-08
1.0211106435e-10	4.75994248461e-08
1.03325639457e-10	2.95881772416e-08
1.04540214564e-10	1.0974736675e-08
1.05754789671e-10	-7.47597628248e-09
1.06969364778e-10	-2.56142289601e-08
1.08183939885e-10	-4.26725534908e-08
1.09398514992e-10	-5.67837119547e-08
1.10613090099e-10	-6.54010960943e-08
1.11827665206e-10	-6.63145343083e-08
1.13042240313e-10	-5.87387489759e-08
1.1425681542e-10	-4.39810214914e-08
1.15471390527e-10	-2.53782115323e-08
1.16685965634e-10	-7.47755635189e-09
1.17900540741e-10	5.28510035736e-09
1.19115115848e-10	9.96738958037e-09
1.20329690955e-10	6.0478142494e-09
1.21544266062e-10	-4.43841541298e-09
1.22758841169e-10	-1.76368306626e-08
1.23973416276e-10	-2.91890991377e-08
1.25187991382e-10	-3.56476341778e-08
1.26402566489e-10	-3.54787736967e-08
1.27617141596e-10	-2.93352293568e-08
1.28831716703e-10	-1.95882705611e-08
1.3004629181e-10	-9.35544797187e-09
1.31260866917e-10	-1.42855560714e-09
1.32475442024e-10	2.54520626797e-09
1.33690017131e-10	2.40139352847e-09
1.34904592238e-10	-7.11531888964e-10
1.36119167345e-10	-4.88196816306e-09
1.37333742452e-10	-8.1588673595e-09
1.38548317559e-10	-9.20925913306e-09
1.39762892666e-10	-7.71684405265e-09
1.40977467773e-10	-4.40331104912e-09
1.4219204288e-10	-6.89507340113e-10
1.43406617987e-10	1.86567516991e-09
1.44621193094e-10	2.15686069005e-09
1.45835768201e-10	-7.74345310095e-11
1.47050343308e-10	-4.17640766415e-09
1.48264918415e-10	-8.82304451721e-09
1.49479493522e-10	-1.25338921464e-08
1.50694068629e-10	-1.41890659222e-08
1.51908643736e-10	-1.34010553765e-08
1.53123218843e-10	-1.05965076713e-08
1.5433779395e-10	-6.78529588072e-09
1.55552369057e-10	-3.13326764534e-09
1.56766944164e-10	-4.98729835208e-10
1.57981519271e-10	8.66527960497e-10
1.59196094378e-10	1.33376720779e-09
1.60410669485e-10	1.62458313469e-09
1.61625244592e-10	2.37312014484e-09
1.62839819698e-10	3.73881547944e-09
1.64054394805e-10	5.25842791532e-09
1.65268969912e-10	6.0249805145e-09
1.66483545019e-10	5.12166709044e-09
1.67698120126e-10	2.11791895133e-09
1.68912695233e-10	-2.60682120334e-09
1.7012727034e-10	-7.88290144271e-09
1.71341845447e-10	-1.21306031886e-08
1.72556420554e-10	-1.3948471711e-08
1.73770995661e-10	-1.26776802389e-08
1.74985570768e-10	-8.67698890517e-09
1.76200145875e-10	-3.21787663182e-09
1.77414720982e-10	1.98890925951e-09
1.78629296089e-10	5.40962608042e-09
1.79843871196e-10	6.22407325679e-09
1.81058446303e-10	4.56104487512e-09
1.8227302141e-10	1.37201727757e-09
1.83487596517e-10	-1.97819582937e-09
1.84702171624e-10	-4.2311278925e-09
1.85916746731e-10	-4.65142147021e-09
1.87131321838e-10	-3.21727844366e-09
1.88345896945e-10	-5.38886546497e-10
1.89560472052e-10	2.4184867442e-09
1.90775047159e-10	4.68812189069e-09
1.91989622266e-10	5.61278490352e-09
1.93204197373e-10	5.00805530379e-09
1.9441877248e-10	3.16018944346e-09
1.95633347587e-10	6.6856814529e-10
1.96847922694e-10	-1.78969228326e-09
1.98062497801e-10	-3.69095531916e-09
1.99277072908e-10	-4.81559370158e-09
2.00491648014e-10	-5.25602450452e-09
2.01706223121e-10	-5.31154364936e-09
2.02920798228e-10	-5.29644283986e-09
2.04135373335e-10	-5.37210986806e-09
2.05349948442e-10	-5.46034950588e-09
2.06564523549e-10	-5.28658361532e-09
2.07779098656e-10	-4.52459625322e-09
2.08993673763e-10	-2.97649105363e-09
2.1020824887e-10	-7.02434277411e-10
2.11422823977e-10	1.95408267345e-09
2.12637399084e-10	4.45931958026e-09
2.13851974191e-10	6.25423934864e-09
2.15066549298e-10	6.93203050517e-09
2.16281124405e-10	6.35636698831e-09
2.17495699512e-10	4.69180871931e-09
2.18710274619e-10	2.34092589757e-09
2.19924849726e-10	-1.77884929009e-10
2.21139424833e-10	-2.37215336263e-09
2.2235399994e-10	-3.89188636873e-09
2.23568575047e-10	-4.59999105473e-09
2.24783150154e-10	-4.58602489317e-09
2.25997725261e-10	-4.12173362108e-09
2.27212300368e-10	-3.57653462402e-09
2.28426875475e-10	-3.30106275648e-09
2.29641450582e-10	-3.51965612211e-09
2.30856025689e-10	-4.24452561987e-09
2.32070600796e-10	-5.25841503674e-09
2.33285175903e-10	-6.16801099085e-09
2.3449975101e-10	-6.52788934019e-09
2.35714326117e-10	-5.99395955092e-09
2.36928901224e-10	-4.45720971243e-09
2.38143476331e-10	-2.10851136551e-09
2.39358051437e-10	5.91308280118e-10
2.40572626544e-10	3.0376225979e-09
2.41787201651e-10	4.65755389811e-09
2.43001776758e-10	5.08591657677e-09
2.44216351865e-10	4.27381285917e-09
2.45430926972e-10	2.49580756062e-09
2.46645502079e-10	2.51852150246e-10
2.47860077186e-10	-1.8970331972e-09
2.49074652293e-10	-3.50311424313e-09
2.502892274e-10	-4.35159686063e-09
2.51503802507e-10	-4.49041026584e-09
2.52718377614e-10	-4.16698586747e-09
2.53932952721e-10	-3.70417008178e-09
2.55147527828e-10	-3.36737460138e-09
2.56362102935e-10	-3.26802362949e-09
2.57576678042e-10	-3.33873861891e-09
2.58791253149e-10	-3.38071437511e-09
2.60005828256e-10	-3.16440917913e-09
2.61220403363e-10	-2.54208032402e-09
2.6243497847e-10	-1.52899948258e-09
2.63649553577e-10	-3.17825543661e-10
2.64864128684e-10	7.80243869514e-10
2.66078703791e-10	1.44704981331e-09
2.67293278898e-10	1.47507717152e-09
2.68507854005e-10	8.49550485515e-10
2.69722429112e-10	-2.43920134091e-10
2.70937004219e-10	-1.47474121803e-09
2.72151579326e-10	-2.47432696554e-09
2.73366154433e-10	-2.94088464692e-09
2.7458072954e-10	-2.72275024749e-09
2.75795304647e-10	-1.85044968237e-09
2.77009879753e-10	-5.29000010463e-10
2.7822445486e-10	9.07969088804e-10
2.79439029967e-10	2.07056016777e-09
2.80653605074e-10	2.60307042588e-09
2.81868180181e-10	2.28084973131e-09
2.83082755288e-10	1.08504283336e-09
2.84297330395e-10	-7.68387575789e-10
2.85511905502e-10	-2.87040347047e-09
2.86726480609e-10	-4.72621408676e-09
2.87941055716e-10	-5.8951674653e-09
2.89155630823e-10	-6.11975847775e-09
2.9037020593e-10	-5.39014610723e-09
2.91584781037e-10	-3.93171628588e-09
2.92799356144e-10	-2.1206547629e-09
2.94013931251e-10	-3.66543406738e-10
2.95228506358e-10	9.97699700633e-10
2.96443081465e-10	1.78866199629e-09
2.97657656572e-10	1.98827687647e-09
2.98872231679e-10	1.71723202325e-09
3.00086806786e-10	1.17195186888e-09
3.01301381893e-10	5.56023949105e-10
3.02515957e-10	2.12958921331e-11
3.03730532107e-10	-3.61316698783e-10
3.04945107214e-10	-6.00679672669e-10
3.06159682321e-10	-7.55896567561e-10
3.07374257428e-10	-8.97347807172e-10
3.08588832535e-10	-1.07284214845e-09
3.09803407642e-10	-1.2941511196e-09
3.11017982749e-10	-1.54070001201e-09
3.12232557856e-10	-1.77674142066e-09
3.13447132963e-10	-1.96706939626e-09
3.14661708069e-10	-2.0871984141e-09
3.15876283176e-10	-2.12504858155e-09
3.17090858283e-10	-2.08115569222e-09
3.1830543339e-10	-1.96655225437e-09
3.19520008497e-10	-1.80275172568e-09
3.20734583604e-10	-1.61515567587e-09
3.21949158711e-10	-1.42406886283e-09
3.23163733818e-10	-1.23369003902e-09
3.24378308925e-10	-1.02811992253e-09
3.25592884032e-10	-7.81566089625e-10
3.26807459139e-10	-4.78243777913e-10
3.28022034246e-10	-1.35966446435e-10
3.29236609353e-10	1.84110171553e-10
3.3045118446e-10	3.87489096365e-10
3.31665759567e-10	3.78315490046e-10
3.32880334674e-10	9.8514862934e-11
3.34094909781e-10	-4.38926561763e-10
3.35309484888e-10	-1.13792675283e-09
3.36524059995e-10	-1.8362793508e-09
3.37738635102e-10	-2.34737651539e-09
3.38953210209e-10	-2.5168744866e-09
3.40167785316e-10	-2.2764645724e-09
3.41382360423e-10	-1.67488911629e-09
3.4259693553e-10	-8.73628391851e-10
3.43811510637e-10	-9.96146498622e-11
3.45026085744e-10	4.23408808015e-10
3.46240660851e-10	5.51589607323e-10
3.47455235958e-10	2.65200361671e-10
3.48669811065e-10	-3.27592786231e-10
3.49884386172e-10	-1.03468111856e-09
3.51098961279e-10	-1.64805158409e-09
3.52313536385e-10	-2.01111438614e-09
3.53528111492e-10	-2.06061945285e-09
3.54742686599e-10	-1.83012338617e-09
3.55957261706e-10	-1.42415901294e-09
3.57171836813e-10	-9.73921165937e-10
3.5838641192e-10	-5.95990479191e-10
3.59600987027e-10	-3.62611468629e-10
3.60815562134e-10	-2.92946278346e-10
3.62030137241e-10	-3.58480550799e-10
3.63244712348e-10	-5.01172547906e-10
3.64459287455e-10	-6.54217791052e-10
3.65673862562e-10	-7.59332985378e-10
3.66888437669e-10	-7.76851194484e-10
3.68103012776e-10	-6.87223777884e-10
3.69317587883e-10	-4.89362328437e-10
3.7053216299e-10	-2.00154740004e-10
3.71746738097e-10	1.42991327112e-10
3.72961313204e-10	4.76483075218e-10
3.74175888311e-10	7.16370351928e-10
3.75390463418e-10	7.71570751734e-10
3.76605038525e-10	5.75436920336e-10
3.77819613632e-10	1.14216198999e-10
3.79034188739e-10	-5.53323054042e-10
3.80248763846e-10	-1.30210187077e-09
3.81463338953e-10	-1.97219529596e-09
3.8267791406e-10	-2.41452324801e-09
3.83892489167e-10	-2.53673548833e-09
3.85107064274e-10	-2.32823982316e-09
3.86321639381e-10	-1.8611968633e-09
3.87536214488e-10	-1.26385490962e-09
3.88750789595e-10	-6.79097389433e-10
3.89965364701e-10	-2.20680917984e-10
3.91179939808e-10	5.96704144429e-11
3.92394514915e-10	1.80571751995e-10
3.93609090022e-10	2.16594020497e-10
3.94823665129e-10	2.59253424284e-10
3.96038240236e-10	3.74132336223e-10
3.97252815343e-10	5.6698673534e-10
3.9846739045e-10	7.75255581953e-10
3.99681965557e-10	8.9398688452e-10
4.00896540664e-10	8.17392764585e-10
4.02111115771e-10	4.92761664805e-10
4.03325690878e-10	-5.3468434541e-11
4.04540265985e-10	-7.13214987069e-10
4.05754841092e-10	-1.33226807364e-09
4.06969416199e-10	-1.76142567199e-09
4.08183991306e-10	-1.90650473186e-09
4.09398566413e-10	-1.76021019982e-09
4.1061314152e-10	-1.39980282921e-09
4.11827716627e-10	-9.60194812549e-10
4.13042291734e-10	-5.85350712345e-10
4.14256866841e-10	-3.79942272088e-10
4.15471441948e-10	-3.75266234753e-10
4.16686017055e-10	-5.20310683427e-10
4.17900592162e-10	-7.03261504587e-10
4.19115167269e-10	-7.91970822256e-10
4.20329742376e-10	-6.85571766024e-10
4.21544317483e-10	-3.51089851636e-10
4.2275889259e-10	1.5929971231e-10
4.23973467697e-10	7.24019788567e-10
4.25188042804e-10	1.18933607407e-09
4.26402617911e-10	1.41706235635e-09
4.27617193018e-10	1.32779209849e-09
4.28831768124e-10	9.20906406687e-10
4.30046343231e-10	2.76364375829e-10
4.31260918338e-10	-4.73272698809e-10
4.32475493445e-10	-1.17571463676e-09
4.33690068552e-10	-1.69953928708e-09
4.34904643659e-10	-1.96329108526e-09
4.36119218766e-10	-1.95089011612e-09
4.37333793873e-10	-1.71150726924e-09
4.3854836898e-10	-1.34056621359e-09
4.39762944087e-10	-9.5248176013e-10
4.40977519194e-10	-6.45338005256e-10
4.42192094301e-10	-4.73269035073e-10
4.43406669408e-10	-4.31299412851e-10
4.44621244515e-10	-4.59604021508e-10
4.45835819622e-10	-4.69189354035e-10
4.47050394729e-10	-3.7458233737e-10
4.48264969836e-10	-1.31252828051e-10
4.49479544943e-10	2.47232428974e-10
4.5069412005e-10	6.85899448349e-10
4.51908695157e-10	1.07259578996e-09
4.53123270264e-10	1.29077182276e-09
4.54337845371e-10	1.25683685681e-09
4.55552420478e-10	9.48121581246e-10
4.56766995585e-10	4.09114381261e-10
4.57981570692e-10	-2.56219906403e-10
4.59196145799e-10	-9.17365794439e-10
4.60410720906e-10	-1.44865874852e-09
4.61625296013e-10	-1.76431913523e-09
4.6283987112e-10	-1.83545234567e-09
4.64054446227e-10	-1.69078628875e-09
4.65269021334e-10	-1.40206668497e-09
4.6648359644e-10	-1.05580255649e-09
4.67698171547e-10	-7.29526661303e-10
4.68912746654e-10	-4.69768501876e-10
4.70127321761e-10	-2.87460777404e-10
4.71341896868e-10	-1.62717617158e-10
4.72556471975e-10	-5.96351093507e-11
4.73771047082e-10	5.55946434722e-11
4.74985622189e-10	2.02244054837e-10
4.76200197296e-10	3.75017739085e-10
4.77414772403e-10	5.47840883769e-10
4.7862934751e-10	6.77634837132e-10
4.79843922617e-10	7.19727277776e-10
4.81058497724e-10	6.39125308233e-10
4.82273072831e-10	4.23917345671e-10
4.83487647938e-10	9.18288223239e-11
4.84702223045e-10	-3.12332826269e-10
4.85916798152e-10	-7.23812509928e-10
4.87131373259e-10	-1.07616049405e-09
4.88345948366e-10	-1.31362520861e-09
4.89560523473e-10	-1.40623357403e-09
4.9077509858e-10	-1.35264066614e-09
4.91989673687e-10	-1.17850462722e-09
4.93204248794e-10	-9.27766530268e-10
4.94418823901e-10	-6.49790832252e-10
4.95633399008e-10	-3.88605730928e-10
4.96847974115e-10	-1.71851893827e-10
4.98062549222e-10	-7.98409949265e-12
4.99277124329e-10	1.12420794895e-10
5.00491699436e-10	2.07780265216e-10
5.01706274543e-10	2.94487906283e-10
5.0292084965e-10	3.77872760859e-10
5.04135424756e-10	4.46437165014e-10
5.05349999863e-10	4.77518746766e-10
5.0656457497e-10	4.43625386426e-10
5.07779150077e-10	3.2669997263e-10
5.08993725184e-10	1.24737040141e-10
5.10208300291e-10	-1.4238125956e-10
5.11422875398e-10	-4.36544994598e-10
5.12637450505e-10	-7.09292957701e-10
5.13852025612e-10	-9.12299791267e-10
5.15066600719e-10	-1.01155384069e-09
5.16281175826e-10	-9.9480546023e-10
5.17495750933e-10	-8.78416173133e-10
5.1871032604e-10	-7.01245395085e-10
5.19924901147e-10	-5.13930842327e-10
5.21139476254e-10	-3.60740520788e-10
5.22354051361e-10	-2.64030713959e-10
5.23568626468e-10	-2.17304216288e-10
5.24783201575e-10	-1.88827203873e-10
5.25997776682e-10	-1.38557290641e-10
5.27212351789e-10	-3.67348096386e-11
5.28426926896e-10	1.19670676146e-10
5.29641502003e-10	3.02764341376e-10
5.3085607711e-10	4.61684940278e-10
5.32070652217e-10	5.39627398322e-10
5.33285227324e-10	4.95282481694e-10
5.34499802431e-10	3.16744269702e-10
5.35714377538e-10	3.04283577501e-11
5.36928952645e-10	-3.06963066077e-10
5.38143527752e-10	-6.21127427269e-10
5.39358102859e-10	-8.43360048464e-10
5.40572677966e-10	-9.2951990549e-10
5.41787253072e-10	-8.73210836971e-10
5.43001828179e-10	-7.0658251472e-10
5.44216403286e-10	-4.87396789595e-10
5.45430978393e-10	-2.79874456943e-10
5.466455535e-10	-1.32340957637e-10
5.47860128607e-10	-6.51568174415e-11
5.49074703714e-10	-6.74174466253e-11
5.50289278821e-10	-1.06660152932e-10
5.51503853928e-10	-1.43220449389e-10
5.52718429035e-10	-1.44622036569e-10
5.53933004142e-10	-9.56950421682e-11
5.55147579249e-10	-9.03792015186e-13
5.56362154356e-10	1.16944731676e-10
5.57576729463e-10	2.2490131979e-10
5.5879130457e-10	2.8713798006e-10
5.60005879677e-10	2.76000278188e-10
5.61220454784e-10	1.80662068638e-10
5.62435029891e-10	1.09561856115e-11
5.63649604998e-10	-2.02012975792e-10
5.64864180105e-10	-4.15788375951e-10
5.66078755212e-10	-5.85730131064e-10
5.67293330319e-10	-6.79272638138e-10
5.68507905426e-10	-6.80805911646e-10
5.69722480533e-10	-5.95365423628e-10
5.7093705564e-10	-4.44051767579e-10
5.72151630747e-10	-2.58361165795e-10
5.73366205854e-10	-7.39488054124e-11
5.74580780961e-10	7.6555102535e-11
5.75795356068e-10	1.68156613634e-10
5.77009931175e-10	1.90072055317e-10
5.78224506282e-10	1.46811590662e-10
5.79439081388e-10	5.83547030142e-11
5.80653656495e-10	-4.66482755201e-11
5.81868231602e-10	-1.39540268229e-10
5.83082806709e-10	-1.99607080864e-10
5.84297381816e-10	-2.20263987605e-10
5.85511956923e-10	-2.07527633966e-10
5.8672653203e-10	-1.77594494666e-10
5.87941107137e-10	-1.48913867348e-10
5.89155682244e-10	-1.37685085555e-10
5.90370257351e-10	-1.52500526096e-10
5.91584832458e-10	-1.9155856068e-10
5.92799407565e-10	-2.43040088055e-10
5.94013982672e-10	-2.8608249103e-10
5.95228557779e-10	-2.98355007367e-10
5.96443132886e-10	-2.62224381098e-10
5.97657707993e-10	-1.74533568154e-10
5.988722831e-10	-4.90316745538e-11
6.00086858207e-10	8.44134692701e-11
6.01301433314e-10	1.89531917938e-10
6.02516008421e-10	2.3481755429e-10
6.03730583528e-10	2.03974198643e-10
6.04945158635e-10	1.0197286765e-10
6.06159733742e-10	-4.80551293203e-11
6.07374308849e-10	-2.10745351725e-10
6.08588883956e-10	-3.49857726123e-10
6.09803459063e-10	-4.36911229418e-10
6.1101803417e-10	-4.58186100172e-10
6.12232609277e-10	-4.17293671839e-10
6.13447184384e-10	-3.32301630657e-10
6.14661759491e-10	-2.31260621764e-10
6.15876334598e-10	-1.41649442176e-10
6.17090909705e-10	-8.31481827834e-11
6.18305484811e-10	-6.04427341511e-11
6.19520059918e-10	-6.28319271612e-11
6.20734635025e-10	-6.95781904314e-11
6.21949210132e-10	-5.87106474548e-11
6.23163785239e-10	-1.73536740533e-11
6.24378360346e-10	5.3662681937e-11
6.25592935453e-10	1.37982000825e-10
6.2680751056e-10	2.10593292804e-10
6.28022085667e-10	2.44338799193e-10
6.29236660774e-10	2.19263995849e-10
6.30451235881e-10	1.28078617156e-10
6.31665810988e-10	-2.04903767564e-11
6.32880386095e-10	-2.02327710142e-10
6.34094961202e-10	-3.83132886528e-10
6.35309536309e-10	-5.2550208629e-10
6.36524111416e-10	-5.9985999501e-10
6.37738686523e-10	-5.92002558086e-10
6.3895326163e-10	-5.07887121248e-10
6.40167836737e-10	-3.71511543751e-10
6.41382411844e-10	-2.1649482207e-10
6.42596986951e-10	-7.61198187815e-11
6.43811562058e-10	2.74588546345e-11
6.45026137165e-10	8.73800545809e-11
6.46240712272e-10	1.12626880044e-10
6.47455287379e-10	1.21613982773e-10
6.48669862486e-10	1.34344438352e-10
6.49884437593e-10	1.63887431404e-10
6.510990127e-10	2.10430381453e-10
6.52313587807e-10	2.60301835642e-10
6.53528162914e-10	2.88931684134e-10
6.54742738021e-10	2.69891636817e-10
6.55957313127e-10	1.83768139594e-10
6.57171888234e-10	2.86221150947e-11
6.58386463341e-10	-1.77591885642e-10
6.59601038448e-10	-3.98332589135e-10
6.60815613555e-10	-5.88663617851e-10
6.62030188662e-10	-7.07970349012e-10
6.63244763769e-10	-7.31398663856e-10
6.64459338876e-10	-6.57248588887e-10
6.65673913983e-10	-5.05645414428e-10
6.6688848909e-10	-3.12015357995e-10
6.68103064197e-10	-1.15779011378e-10
6.69317639304e-10	5.02528539614e-11
6.70532214411e-10	1.67217101277e-10
6.71746789518e-10	2.33632502233e-10
6.72961364625e-10	2.61754395936e-10
6.74175939732e-10	2.71965727716e-10
6.75390514839e-10	2.8262256424e-10
6.76605089946e-10	3.02762676041e-10
6.77819665053e-10	3.26454474564e-10
6.7903424016e-10	3.34952565684e-10
6.80248815267e-10	3.02870589719e-10
6.81463390374e-10	2.09107883786e-10
6.82677965481e-10	4.7143604992e-11
6.83892540588e-10	-1.69962127705e-10
6.85107115695e-10	-4.09345696228e-10
6.86321690802e-10	-6.26957374905e-10
6.87536265909e-10	-7.7769723994e-10
6.88750841016e-10	-8.28466684144e-10
6.89965416123e-10	-7.66353092096e-10
6.9117999123e-10	-6.02708494224e-10
6.92394566337e-10	-3.70576902498e-10
6.93609141443e-10	-1.15840656512e-10
6.9482371655e-10	1.14118006711e-10
6.96038291657e-10	2.83225470854e-10
6.97252866764e-10	3.75239672668e-10
6.98467441871e-10	3.96350535725e-10
6.99682016978e-10	3.70368929969e-10
7.00896592085e-10	3.27965821167e-10
7.02111167192e-10	2.94625962516e-10
7.03325742299e-10	2.80076489778e-10
7.04540317406e-10	2.76064338056e-10
7.05754892513e-10	2.59058885455e-10
7.0696946762e-10	2.01599584249e-10
7.08184042727e-10	8.30993190926e-11
7.09398617834e-10	-9.91616302959e-11
7.10613192941e-10	-3.26263127626e-10
7.11827768048e-10	-5.59950308343e-10
7.13042343155e-10	-7.5129930055e-10
7.14256918262e-10	-8.54672277395e-10
7.15471493369e-10	-8.3987028443e-10
7.16686068476e-10	-7.02966351795e-10
7.17900643583e-10	-4.67937744109e-10
7.1911521869e-10	-1.81176434966e-10
7.20329793797e-10	1.01074933145e-10
7.21544368904e-10	3.28627902668e-10
7.22758944011e-10	4.69779215528e-10
7.23973519118e-10	5.18463383337e-10
7.25188094225e-10	4.9148118908e-10
7.26402669332e-10	4.20141865742e-10
7.27617244439e-10	3.37308986298e-10
7.28831819546e-10	2.6625679439e-10
7.30046394653e-10	2.14064488357e-10
7.31260969759e-10	1.71022626616e-10
7.32475544866e-10	1.17102744168e-10
7.33690119973e-10	3.06075824408e-11
7.3490469508e-10	-1.00294141048e-10
7.36119270187e-10	-2.71719202694e-10
7.37333845294e-10	-4.6077536231e-10
7.38548420401e-10	-6.3128718919e-10
7.39762995508e-10	-7.43136718828e-10
7.40977570615e-10	-7.64399543662e-10
7.42192145722e-10	-6.82043810318e-10
7.43406720829e-10	-5.05942454598e-10
7.44621295936e-10	-2.67423166944e-10
7.45835871043e-10	-9.81403153189e-12
7.4705044615e-10	2.22664262028e-10
7.48265021257e-10	3.96184224316e-10
7.49479596364e-10	4.9426873705e-10
7.50694171471e-10	5.18611376066e-10
7.51908746578e-10	4.85624207514e-10
7.53123321685e-10	4.18294066051e-10
7.54337896792e-10	3.38489541951e-10
7.55552471899e-10	2.59558236015e-10
7.56767047006e-10	1.83826898148e-10
7.57981622113e-10	1.03524293305e-10
7.5919619722e-10	6.56361250073e-12
7.60410772327e-10	-1.15510531695e-10
7.61625347434e-10	-2.61382054889e-10
7.62839922541e-10	-4.15850548441e-10
7.64054497648e-10	-5.53469103881e-10
7.65269072755e-10	-6.44501507718e-10
7.66483647862e-10	-6.65122845689e-10
7.67698222969e-10	-6.04662098169e-10
7.68912798075e-10	-4.69621730392e-10
7.70127373182e-10	-2.8232721716e-10
7.71341948289e-10	-7.45379383216e-11
7.72556523396e-10	1.20043280871e-10
7.73771098503e-10	2.74572031778e-10
7.7498567361e-10	3.74191094776e-10
7.76200248717e-10	4.18138440539e-10
7.77414823824e-10	4.17386986085e-10
7.78629398931e-10	3.88740761803e-10
7.79843974038e-10	3.47911671694e-10
7.81058549145e-10	3.0309316168e-10
7.82273124252e-10	2.5301538642e-10
7.83487699359e-10	1.88215040775e-10
7.84702274466e-10	9.75914349333e-11
7.85916849573e-10	-2.50653491018e-11
7.8713142468e-10	-1.7518037021e-10
7.88345999787e-10	-3.36084243768e-10
7.89560574894e-10	-4.82374362676e-10
7.90775150001e-10	-5.8605009734e-10
7.91989725108e-10	-6.25130003318e-10
7.93204300215e-10	-5.88765480813e-10
7.94418875322e-10	-4.81257034224e-10
7.95633450429e-10	-3.20392073982e-10
7.96848025536e-10	-1.33591637752e-10
7.98062600643e-10	4.86908673103e-11
7.9927717575e-10	2.001488697e-10
8.00491750857e-10	3.04155090003e-10
8.01706325964e-10	3.5695638112e-10
8.02920901071e-10	3.66175895161e-10
8.04135476178e-10	3.46646128468e-10
8.05350051285e-10	3.13632481097e-10
8.06564626392e-10	2.77254247338e-10
8.07779201498e-10	2.3951382544e-10
8.08993776605e-10	1.94915125706e-10
8.10208351712e-10	1.34471975222e-10
8.11422926819e-10	5.03398468743e-11
8.12637501926e-10	-5.92416116163e-11
8.13852077033e-10	-1.8822987613e-10
8.1506665214e-10	-3.22128573815e-10
8.16281227247e-10	-4.40865316476e-10
8.17495802354e-10	-5.22781040679e-10
8.18710377461e-10	-5.49624512569e-10
8.19924952568e-10	-5.11992004348e-10
8.21139527675e-10	-4.11993911209e-10
8.22354102782e-10	-2.64218397161e-10
8.23568677889e-10	-9.21893603123e-11
8.24783252996e-10	7.68752700386e-11
8.25997828103e-10	2.18910597982e-10
8.2721240321e-10	3.17818660278e-10
8.28426978317e-10	3.68015062868e-10
8.29641553424e-10	3.73531011677e-10
8.30856128531e-10	3.44844292011e-10
8.32070703638e-10	2.94790691857e-10
8.33285278745e-10	2.34718189329e-10
8.34499853852e-10	1.72040784396e-10
8.35714428959e-10	1.09012403271e-10
8.36929004066e-10	4.36634478573e-11
8.38143579173e-10	-2.81088069487e-11
8.3935815428e-10	-1.09549994076e-10
8.40572729387e-10	-1.99489286201e-10
8.41787304494e-10	-2.91078466885e-10
8.43001879601e-10	-3.71644298669e-10
8.44216454708e-10	-4.26018303967e-10
8.45431029814e-10	-4.4051279291e-10
8.46645604921e-10	-4.07481548503e-10
8.47860180028e-10	-3.27720101057e-10
8.49074755135e-10	-2.10588851912e-10
8.50289330242e-10	-7.20775036878e-11
8.51503905349e-10	6.88027551599e-11
8.52718480456e-10	1.93508445379e-10
8.53933055563e-10	2.87246310071e-10
8.5514763067e-10	3.41101452639e-10
8.56362205777e-10	3.53282486598e-10
8.57576780884e-10	3.28489180301e-10
8.58791355991e-10	2.76179495939e-10
8.60005931098e-10	2.07496991811e-10
8.61220506205e-10	1.32095237526e-10
8.62435081312e-10	5.62871901866e-11
8.63649656419e-10	-1.74408820719e-11
8.64864231526e-10	-8.87358242441e-11
8.66078806633e-10	-1.57307375459e-10
8.6729338174e-10	-2.21064583306e-10
8.68507956847e-10	-2.75468620137e-10
8.69722531954e-10	-3.14421516601e-10
8.70937107061e-10	-3.31467686632e-10
8.72151682168e-10	-3.21734527908e-10
8.73366257275e-10	-2.82970313847e-10
8.74580832382e-10	-2.16643397666e-10
8.75795407489e-10	-1.28226651519e-10
8.77009982596e-10	-2.70174906752e-11
8.78224557703e-10	7.50718168185e-11
8.7943913281e-10	1.65433611254e-10
8.80653707917e-10	2.33368740998e-10
8.81868283024e-10	2.72153188874e-10
8.8308285813e-10	2.79897632849e-10
8.84297433237e-10	2.59348875709e-10
8.85512008344e-10	2.16051829205e-10
8.86726583451e-10	1.56812784979e-10
8.87941158558e-10	8.82740477937e-11
8.89155733665e-10	1.6357868185e-11
8.90370308772e-10	-5.37039995807e-11
8.91584883879e-10	-1.17536688715e-10
8.92799458986e-10	-1.71382519287e-10
8.94014034093e-10	-2.12477202499e-10
8.952286092e-10	-2.38709857436e-10
8.96443184307e-10	-2.48424392169e-10
8.97657759414e-10	-2.40336334167e-10
8.98872334521e-10	-2.13739179133e-10
9.00086909628e-10	-1.69401159766e-10
9.01301484735e-10	-1.10371878304e-10
9.02516059842e-10	-4.22958126856e-11
9.03730634949e-10	2.73668171458e-11
9.04945210056e-10	9.06558300651e-11
9.06159785163e-10	1.40918859914e-10
9.0737436027e-10	1.73777797707e-10
9.08588935377e-10	1.87458049083e-10
9.09803510484e-10	1.82433804174e-10
9.11018085591e-10	1.60717966713e-10
9.12232660698e-10	1.25578006327e-10
9.13447235805e-10	8.09069061747e-11
9.14661810912e-10	3.11496349548e-11
9.15876386019e-10	-1.94453377012e-11
9.17090961126e-10	-6.71396688245e-11
9.18305536233e-10	-1.08935145626e-10
9.1952011134e-10	-1.42549111404e-10
9.20734686446e-10	-1.65797084395e-10
9.21949261553e-10	-1.76593489831e-10
9.2316383666e-10	-1.73115285995e-10
9.24378411767e-10	-1.54583137957e-10
9.25592986874e-10	-1.22094195865e-10
9.26807561981e-10	-7.90128726336e-11
9.28022137088e-10	-3.05481091811e-11
9.29236712195e-10	1.73056621117e-11
9.30451287302e-10	5.89309642751e-11
9.31665862409e-10	9.01177119039e-11
9.32880437516e-10	1.08339386073e-10
9.34095012623e-10	1.1295920449e-10
9.3530958773e-10	1.04875767792e-10
9.36524162837e-10	8.65599467104e-11
9.37738737944e-10	6.14993542203e-11
9.38953313051e-10	3.35660423068e-11
9.40167888158e-10	6.22195784478e-12
9.41382463265e-10	-1.85597509583e-11
9.42597038372e-10	-4.01780449188e-11
9.43811613479e-10	-5.91187862553e-11
9.45026188586e-10	-7.57585383315e-11
9.46240763693e-10	-8.95427273995e-11
9.474553388e-10	-9.87207260383e-11
9.48669913907e-10	-1.00863213615e-10
9.49884489014e-10	-9.39554059554e-11
9.51099064121e-10	-7.72419628259e-11
9.52313639228e-10	-5.17631319752e-11
9.53528214335e-10	-2.03067441334e-11
9.54742789442e-10	1.2976912947e-11
9.55957364549e-10	4.32119375005e-11
9.57171939656e-10	6.55055801269e-11
9.58386514762e-10	7.60143128997e-11
9.59601089869e-10	7.29324586835e-11
9.60815664976e-10	5.72167070667e-11
9.62030240083e-10	3.27090785013e-11
9.6324481519e-10	4.98550766642e-12
9.64459390297e-10	-2.00960584978e-11
9.65673965404e-10	-3.82727148585e-11
9.66888540511e-10	-4.78703743312e-11
9.68103115618e-10	-4.98303065477e-11
9.69317690725e-10	-4.68292730982e-11
9.70532265832e-10	-4.19441634203e-11
9.71746840939e-10	-3.75772989114e-11
9.72961416046e-10	-3.47877629481e-11
9.74175991153e-10	-3.32450733609e-11
9.7539056626e-10	-3.14848772054e-11
9.76605141367e-10	-2.73771647713e-11
9.77819716474e-10	-1.88930138895e-11
9.79034291581e-10	-5.05877154403e-12
9.80248866688e-10	1.33455139301e-11
9.81463441795e-10	3.32273548953e-11
9.82678016902e-10	4.98570074114e-11
9.83892592009e-10	5.82079245914e-11
9.85107167116e-10	5.47336551082e-11
9.86321742223e-10	3.87755973164e-11
9.8753631733e-10	1.29648089139e-11
9.88750892437e-10	-1.75895825683e-11
9.89965467544e-10	-4.67618929689e-11
9.91180042651e-10	-6.90444229567e-11
9.92394617758e-10	-8.06674727016e-11
9.93609192865e-10	-8.02567387548e-11
9.94823767972e-10	-6.8894112637e-11
9.96038343079e-10	-4.97956051393e-11
9.97252918185e-10	-2.76263092264e-11
9.98467493292e-10	-7.26350013122e-12
9.99682068399e-10	7.59739493539e-12
1.00089664351e-09	1.55312047945e-11
1.00211121861e-09	1.7865365437e-11
1.00332579372e-09	1.77646213712e-11
1.00454036883e-09	1.88259494799e-11
1.00575494393e-09	2.32556543467e-11
1.00696951904e-09	3.09183165181e-11
1.00818409415e-09	3.93827748191e-11
1.00939866926e-09	4.48526840668e-11
1.01061324436e-09	4.36649119639e-11
1.01182781947e-09	3.34340159724e-11
1.01304239458e-09	1.38830839186e-11
1.01425696968e-09	-1.30162165768e-11
1.01547154479e-09	-4.32200872313e-11
1.0166861199e-09	-7.1324578188e-11
1.017900695e-09	-9.16212036794e-11
1.01911527011e-09	-9.95743695831e-11
1.02032984522e-09	-9.31617213928e-11
1.02154442032e-09	-7.37199398748e-11
1.02275899543e-09	-4.57005058796e-11
1.02397357054e-09	-1.52488664057e-11
1.02518814565e-09	1.16441630643e-11
1.02640272075e-09	3.09436400114e-11
1.02761729586e-09	4.13912237818e-11
1.02883187097e-09	4.4221674933e-11
1.03004644607e-09	4.22425393276e-11
1.03126102118e-09	3.85321878571e-11
1.03247559629e-09	3.5548553684e-11
1.03369017139e-09	3.44164766131e-11
1.0349047465e-09	3.47000969625e-11
1.03611932161e-09	3.44469383573e-11
1.03733389672e-09	3.06550618223e-11
1.03854847182e-09	2.03731614912e-11
1.03976304693e-09	1.9815225849e-12
1.04097762204e-09	-2.35953392241e-11
1.04219219714e-09	-5.25954557684e-11
1.04340677225e-09	-7.9151823984e-11
1.04462134736e-09	-9.71207003708e-11
1.04583592246e-09	-1.01942738973e-10
1.04705049757e-09	-9.21444448521e-11
1.04826507268e-09	-6.96068688799e-11
1.04947964779e-09	-3.89184830196e-11
1.05069422289e-09	-6.04541373558e-12
1.051908798e-09	2.31516767563e-11
1.05312337311e-09	4.41356499958e-11
1.05433794821e-09	5.46117005784e-11
1.05555252332e-09	5.49335958666e-11
1.05676709843e-09	4.79102105211e-11
1.05798167353e-09	3.79427149422e-11
1.05919624864e-09	2.9439388427e-11
1.06041082375e-09	2.52728914185e-11
1.06162539885e-09	2.54985685344e-11
1.06283997396e-09	2.7444040096e-11
1.06405454907e-09	2.67715311725e-11
1.06526912418e-09	1.94206126874e-11
1.06648369928e-09	3.38591329453e-12
1.06769827439e-09	-2.03241121849e-11
1.0689128495e-09	-4.7833237371e-11
1.0701274246e-09	-7.35565289234e-11
1.07134199971e-09	-9.16307585364e-11
1.07255657482e-09	-9.75303726669e-11
1.07377114992e-09	-8.91001092351e-11
1.07498572503e-09	-6.73031561038e-11
1.07620030014e-09	-3.61472934918e-11
1.07741487525e-09	-1.96708166249e-12
1.07862945035e-09	2.82033337656e-11
1.07984402546e-09	4.85658596672e-11
1.08105860057e-09	5.63168088552e-11
1.08227317567e-09	5.24420923353e-11
1.08348775078e-09	4.11267409017e-11
1.08470232589e-09	2.80544788789e-11
1.08591690099e-09	1.83375363505e-11
1.0871314761e-09	1.47195589051e-11
1.08834605121e-09	1.69880186307e-11
1.08956062632e-09	2.22451137372e-11
1.09077520142e-09	2.61830331721e-11
1.09198977653e-09	2.44490989953e-11
1.09320435164e-09	1.42096872463e-11
1.09441892674e-09	-4.97438808894e-12
1.09563350185e-09	-3.05437029835e-11
1.09684807696e-09	-5.73996267184e-11
1.09806265206e-09	-7.90682866403e-11
1.09927722717e-09	-8.95683666124e-11
1.10049180228e-09	-8.54051898647e-11
1.10170637738e-09	-6.68320676578e-11
1.10292095249e-09	-3.80389886256e-11
1.1041355276e-09	-5.79296159653e-12
1.10535010271e-09	2.25579728508e-11
1.10656467781e-09	4.13612789851e-11
