% time-domain voltage integration by openEMS v0.37.0-rc1-2-g7b051bb @Mon Jul 13 23:08:05 2026
% start-coordinates: (0.00742736,0.00578575,-0.000762) m -> [176,152,14]
% stop-coordinates: (0.00770577,0.00578575,-0.000762) m -> [181,152,14]
% t/s	voltage
0	0
1.15462569568e-12	0
2.30925139136e-12	0
3.46387708705e-12	0
4.61850278273e-12	0
5.77312847841e-12	0
6.92775417409e-12	0
8.08237986977e-12	0
9.23700556545e-12	0
1.03916312611e-11	0
1.15462569568e-11	0
1.27008826525e-11	0
1.38555083482e-11	0
1.50101340439e-11	0
1.61647597395e-11	0
1.73193854352e-11	0
1.84740111309e-11	0
1.96286368266e-11	0
2.07832625223e-11	0
2.1937888218e-11	0
2.30925139136e-11	0
2.42471396093e-11	0
2.5401765305e-11	0
2.65563910007e-11	0
2.77110166964e-11	0
2.8865642392e-11	0
3.00202680877e-11	0
3.11748937834e-11	0
3.23295194791e-11	0
3.34841451748e-11	0
3.46387708705e-11	0
3.57933965661e-11	0
3.69480222618e-11	0
3.81026479575e-11	0
3.92572736532e-11	2.67046444726e-34
4.04118993489e-11	1.98826688736e-31
4.15665250445e-11	7.85991089048e-29
4.27211507402e-11	1.70266871114e-26
4.38757764359e-11	2.05608676755e-24
4.50304021316e-11	1.37058056825e-22
4.61850278273e-11	4.6137219948e-21
4.7339653523e-11	3.84317143724e-20
4.84942792186e-11	-2.53975318531e-18
4.96489049143e-11	-1.01868203575e-16
5.080353061e-11	-1.84438337888e-15
5.19581563057e-11	-2.00148763004e-14
5.31127820014e-11	-1.42155953892e-13
5.4267407697e-11	-6.92138376777e-13
5.54220333927e-11	-2.37394926308e-12
5.65766590884e-11	-5.75324374729e-12
5.77312847841e-11	-9.21203098612e-12
5.88859104798e-11	-5.60030781515e-12
6.00405361755e-11	2.04370723903e-11
6.11951618711e-11	9.25579977246e-11
6.23497875668e-11	2.40258750395e-10
6.35044132625e-11	4.9184560591e-10
6.46590389582e-11	8.55072582184e-10
6.58136646539e-11	1.27934331184e-09
6.69682903495e-11	1.60647579961e-09
6.81229160452e-11	1.5353632532e-09
6.92775417409e-11	6.32521292288e-10
7.04321674366e-11	-1.58330734634e-09
7.15867931323e-11	-5.45991729606e-09
7.2741418828e-11	-1.0946207496e-08
7.38960445236e-11	-1.73241541113e-08
7.50506702193e-11	-2.30959407155e-08
7.6205295915e-11	-2.61871235807e-08
7.73599216107e-11	-2.45342441918e-08
7.85145473064e-11	-1.69645024695e-08
7.9669173002e-11	-4.0483690289e-09
8.08237986977e-11	1.14859596279e-08
8.19784243934e-11	2.51512892735e-08
8.31330500891e-11	3.20162985012e-08
8.42876757848e-11	2.86106724978e-08
8.54423014805e-11	1.47152826591e-08
8.65969271761e-11	-5.77022141179e-09
8.77515528718e-11	-2.53896252911e-08
8.89061785675e-11	-3.50767219714e-08
9.00608042632e-11	-2.68268935955e-08
9.12154299589e-11	3.81902268143e-09
9.23700556545e-11	5.62118080971e-08
9.35246813502e-11	1.2422412965e-07
9.46793070459e-11	1.96824981202e-07
9.58339327416e-11	2.59286075277e-07
9.69885584373e-11	2.94968810266e-07
9.8143184133e-11	2.88125779235e-07
9.92978098286e-11	2.27978642187e-07
1.00452435524e-10	1.13711315919e-07
1.0160706122e-10	-4.1351609692e-08
1.02761686916e-10	-2.08920621247e-07
1.03916312611e-10	-3.50458513765e-07
1.05070938307e-10	-4.27613151999e-07
1.06225564003e-10	-4.15545727606e-07
1.07380189698e-10	-3.13989062306e-07
1.08534815394e-10	-1.50647169406e-07
1.0968944109e-10	2.56662255893e-08
1.10844066785e-10	1.60540066574e-07
1.11998692481e-10	2.12275812927e-07
1.13153318177e-10	1.65851524514e-07
1.14307943872e-10	3.71234269991e-08
1.15462569568e-10	-1.33656461898e-07
1.16617195264e-10	-2.95655517846e-07
1.1777182096e-10	-4.02810393041e-07
1.18926446655e-10	-4.25681822236e-07
1.20081072351e-10	-3.571311602e-07
1.21235698047e-10	-2.12123634213e-07
1.22390323742e-10	-2.30701611148e-08
1.23544949438e-10	1.6755197052e-07
1.24699575134e-10	3.16613604667e-07
1.25854200829e-10	3.9089680115e-07
1.27008826525e-10	3.76977990157e-07
1.28163452221e-10	2.87255023323e-07
1.29318077916e-10	1.58554284369e-07
1.30472703612e-10	4.19695256326e-08
1.31627329308e-10	-1.41314568936e-08
1.32781955003e-10	1.77963392911e-08
1.33936580699e-10	1.32494680116e-07
1.35091206395e-10	2.91589945078e-07
1.3624583209e-10	4.3591545662e-07
1.37400457786e-10	5.06207136652e-07
1.38555083482e-10	4.64177194459e-07
1.39709709177e-10	3.05878728568e-07
1.40864334873e-10	6.24852001252e-08
1.42018960569e-10	-2.10908577714e-07
1.43173586265e-10	-4.53302472891e-07
1.4432821196e-10	-6.15472139032e-07
1.45482837656e-10	-6.71340522729e-07
1.46637463352e-10	-6.20606641633e-07
1.47792089047e-10	-4.83932801387e-07
1.48946714743e-10	-2.94098395415e-07
1.50101340439e-10	-8.69842686768e-08
1.51255966134e-10	1.0535236239e-07
1.5241059183e-10	2.58558213062e-07
1.53565217526e-10	3.57223459702e-07
1.54719843221e-10	3.94202178455e-07
1.55874468917e-10	3.69126045285e-07
1.57029094613e-10	2.86792101178e-07
1.58183720308e-10	1.56411136487e-07
1.59338346004e-10	-8.1165456578e-09
1.604929717e-10	-1.87180534184e-07
1.61647597395e-10	-3.55076654301e-07
1.62802223091e-10	-4.8182062784e-07
1.63956848787e-10	-5.38096898595e-07
1.65111474482e-10	-5.02492021326e-07
1.66266100178e-10	-3.688023682e-07
1.67420725874e-10	-1.50418609124e-07
1.6857535157e-10	1.20290234662e-07
1.69729977265e-10	3.97810808295e-07
1.70884602961e-10	6.32971278947e-07
1.72039228657e-10	7.83388209413e-07
1.73193854352e-10	8.22084906815e-07
1.74348480048e-10	7.42403301501e-07
1.75503105744e-10	5.58504467563e-07
1.76657731439e-10	3.01650960211e-07
1.77812357135e-10	1.34043016686e-08
1.78966982831e-10	-2.62648061522e-07
1.80121608526e-10	-4.88740852234e-07
1.81276234222e-10	-6.38530558206e-07
1.82430859918e-10	-6.99415764416e-07
1.83585485613e-10	-6.71749710079e-07
1.84740111309e-10	-5.66217266851e-07
1.85894737005e-10	-4.00844530901e-07
1.870493627e-10	-1.98965214082e-07
1.88203988396e-10	1.22310211959e-08
1.89358614092e-10	2.03327333637e-07
1.90513239787e-10	3.45798007118e-07
1.91667865483e-10	4.16833273675e-07
1.92822491179e-10	4.04933189202e-07
1.93977116875e-10	3.14210133467e-07
1.9513174257e-10	1.65282894926e-07
1.96286368266e-10	-8.42899150477e-09
1.97440993962e-10	-1.68293803782e-07
1.98595619657e-10	-2.7985512574e-07
1.99750245353e-10	-3.21146814031e-07
2.00904871049e-10	-2.87402261989e-07
2.02059496744e-10	-1.90925026899e-07
2.0321412244e-10	-5.66917917055e-08
2.04368748136e-10	8.47385752678e-08
2.05523373831e-10	2.04507767165e-07
2.06677999527e-10	2.8131180585e-07
2.07832625223e-10	3.04785672256e-07
2.08987250918e-10	2.76338028016e-07
2.10141876614e-10	2.07775837424e-07
2.1129650231e-10	1.1821680701e-07
2.12451128005e-10	2.93276882779e-08
2.13605753701e-10	-4.0106719279e-08
2.14760379397e-10	-7.92849101927e-08
2.15915005092e-10	-8.83575310695e-08
2.17069630788e-10	-7.78714985827e-08
2.18224256484e-10	-6.45443751779e-08
2.1937888218e-10	-6.46431184137e-08
2.20533507875e-10	-8.7456744069e-08
2.21688133571e-10	-1.31756573651e-07
2.22842759267e-10	-1.86590234819e-07
2.23997384962e-10	-2.36070588855e-07
2.25152010658e-10	-2.65689344303e-07
2.26306636354e-10	-2.67488193373e-07
2.27461262049e-10	-2.41691100911e-07
2.28615887745e-10	-1.94683792643e-07
2.29770513441e-10	-1.34536517038e-07
2.30925139136e-10	-6.66942474581e-08
2.32079764832e-10	8.20951873148e-09
2.33234390528e-10	9.31859567288e-08
2.34389016223e-10	1.91231629643e-07
2.35543641919e-10	3.00648977714e-07
2.36698267615e-10	4.11972013836e-07
2.3785289331e-10	5.07873224365e-07
2.39007519006e-10	5.66640267152e-07
2.40162144702e-10	5.68081219399e-07
2.41316770397e-10	5.00303443118e-07
2.42471396093e-10	3.64883607773e-07
2.43626021789e-10	1.78875195544e-07
2.44780647485e-10	-2.74372853326e-08
2.4593527318e-10	-2.16670452247e-07
2.47089898876e-10	-3.52978982932e-07
2.48244524572e-10	-4.11051644278e-07
2.49399150267e-10	-3.83103422763e-07
2.50553775963e-10	-2.81637387189e-07
2.51708401659e-10	-1.36764409575e-07
2.52863027354e-10	1.17165137592e-08
2.5401765305e-10	1.25558699438e-07
2.55172278746e-10	1.79186672611e-07
2.56326904441e-10	1.67048241906e-07
2.57481530137e-10	1.04420927016e-07
2.58636155833e-10	2.10049349025e-08
2.59790781528e-10	-5.05236270598e-08
2.60945407224e-10	-8.68840492885e-08
2.6210003292e-10	-8.27423702887e-08
2.63254658615e-10	-5.19963951895e-08
2.64409284311e-10	-2.12555490986e-08
2.65563910007e-10	-1.80954886631e-08
2.66718535702e-10	-5.85996513536e-08
2.67873161398e-10	-1.39491660889e-07
2.69027787094e-10	-2.3781428915e-07
2.7018241279e-10	-3.18454556947e-07
2.71337038485e-10	-3.46639836835e-07
2.72491664181e-10	-3.00530647479e-07
2.73646289877e-10	-1.79368921494e-07
2.74800915572e-10	-4.32056279642e-09
2.75955541268e-10	1.87765234472e-07
2.77110166964e-10	3.55041496647e-07
2.78264792659e-10	4.61890461878e-07
2.79419418355e-10	4.87351123013e-07
2.80574044051e-10	4.28615560821e-07
2.81728669746e-10	2.9975121052e-07
2.82883295442e-10	1.26835901781e-07
2.84037921138e-10	-5.83810124688e-08
2.85192546833e-10	-2.24967376283e-07
2.86347172529e-10	-3.48006196305e-07
2.87501798225e-10	-4.12129598004e-07
2.8865642392e-10	-4.12880908129e-07
2.89811049616e-10	-3.56198157192e-07
2.90965675312e-10	-2.56125094467e-07
2.92120301007e-10	-1.31349871424e-07
2.93274926703e-10	-1.50952783606e-09
2.94429552399e-10	1.16099194258e-07
2.95584178095e-10	2.08671140811e-07
2.9673880379e-10	2.68643596257e-07
2.97893429486e-10	2.9329001805e-07
2.99048055182e-10	2.8334596891e-07
3.00202680877e-10	2.41680069735e-07
3.01357306573e-10	1.72329434278e-07
3.02511932269e-10	8.04151625289e-08
3.03666557964e-10	-2.72977687121e-08
3.0482118366e-10	-1.41733631054e-07
3.05975809356e-10	-2.51354087766e-07
3.07130435051e-10	-3.42920152718e-07
3.08285060747e-10	-4.03288581197e-07
3.09439686443e-10	-4.21752805124e-07
3.10594312138e-10	-3.92359019941e-07
3.11748937834e-10	-3.15639155701e-07
3.1290356353e-10	-1.9923010619e-07
3.14058189225e-10	-5.73523761815e-08
3.15212814921e-10	9.10428026302e-08
3.16367440617e-10	2.25203157456e-07
3.17522066312e-10	3.26322034283e-07
3.18676692008e-10	3.81303923547e-07
3.19831317704e-10	3.85693446958e-07
3.209859434e-10	3.44652917761e-07
3.22140569095e-10	2.71805227214e-07
3.23295194791e-10	1.85885848936e-07
3.24449820487e-10	1.06289127721e-07
3.25604446182e-10	4.86852411719e-08
3.26759071878e-10	2.17863118657e-08
3.27913697574e-10	2.60193715462e-08
3.29068323269e-10	5.42640723467e-08
3.30222948965e-10	9.43228988248e-08
3.31377574661e-10	1.32430013622e-07
3.32532200356e-10	1.56874786938e-07
3.33686826052e-10	1.60962530416e-07
3.34841451748e-10	1.44369252553e-07
3.35996077443e-10	1.12542858588e-07
3.37150703139e-10	7.43956443117e-08
3.38305328835e-10	3.9088781989e-08
3.3945995453e-10	1.29227866186e-08
3.40614580226e-10	-2.60083957149e-09
3.41769205922e-10	-1.09142105353e-08
3.42923831617e-10	-1.88221040975e-08
3.44078457313e-10	-3.3810100053e-08
3.45233083009e-10	-6.12229613672e-08
3.46387708705e-10	-1.02124109169e-07
3.475423344e-10	-1.52505533535e-07
3.48696960096e-10	-2.04088275169e-07
3.49851585792e-10	-2.46408397686e-07
3.51006211487e-10	-2.69688335663e-07
3.52160837183e-10	-2.67637357609e-07
3.53315462879e-10	-2.3928533821e-07
3.54470088574e-10	-1.89412778795e-07
3.5562471427e-10	-1.27298024566e-07
3.56779339966e-10	-6.43169517645e-08
3.57933965661e-10	-1.11702872507e-08
3.59088591357e-10	2.44153732787e-08
3.60243217053e-10	3.90020402641e-08
3.61397842748e-10	3.36844734328e-08
3.62552468444e-10	1.34209570124e-08
3.6370709414e-10	-1.41923515162e-08
3.64861719835e-10	-4.05286293415e-08
3.66016345531e-10	-5.77558849635e-08
3.67170971227e-10	-6.06914474233e-08
3.68325596922e-10	-4.82504987076e-08
3.69480222618e-10	-2.39438882055e-08
3.70634848314e-10	4.94805513229e-09
3.7178947401e-10	2.94417177304e-08
3.72944099705e-10	4.15867327241e-08
3.74098725401e-10	3.67641428412e-08
3.75253351097e-10	1.47484850999e-08
3.76407976792e-10	-2.07098442839e-08
3.77562602488e-10	-6.33677479378e-08
3.78717228184e-10	-1.06306507597e-07
3.79871853879e-10	-1.43281695841e-07
3.81026479575e-10	-1.69296871633e-07
3.82181105271e-10	-1.80710603814e-07
3.83335730966e-10	-1.75184251106e-07
3.84490356662e-10	-1.51982730401e-07
3.85644982358e-10	-1.12397518848e-07
3.86799608053e-10	-6.01668252997e-08
3.87954233749e-10	-1.42925610236e-09
3.89108859445e-10	5.59850854565e-08
3.9026348514e-10	1.03792247685e-07
3.91418110836e-10	1.34762762727e-07
3.92572736532e-10	1.44188517126e-07
3.93727362227e-10	1.30891967487e-07
3.94881987923e-10	9.76518554907e-08
3.96036613619e-10	5.09623738765e-08
3.97191239315e-10	1.70934433275e-10
3.9834586501e-10	-4.40177085892e-08
3.99500490706e-10	-7.14903434229e-08
4.00655116402e-10	-7.48860404798e-08
4.01809742097e-10	-5.1520592681e-08
4.02964367793e-10	-4.53030957193e-09
4.04118993489e-10	5.72271736665e-08
4.05273619184e-10	1.20865413678e-07
4.0642824488e-10	1.72430556944e-07
4.07582870576e-10	2.00500732461e-07
4.08737496271e-10	1.9932545392e-07
4.09892121967e-10	1.70390830334e-07
4.11046747663e-10	1.21913235063e-07
4.12201373358e-10	6.62558807818e-08
4.13355999054e-10	1.61816500199e-08
4.1451062475e-10	-1.8785602629e-08
4.15665250445e-10	-3.47715061189e-08
4.16819876141e-10	-3.39632566515e-08
4.17974501837e-10	-2.31322223598e-08
4.19129127532e-10	-1.085788226e-08
4.20283753228e-10	-4.49008920322e-09
4.21438378924e-10	-7.85155052085e-09
4.2259300462e-10	-2.02800671811e-08
4.23747630315e-10	-3.71427302248e-08
4.24902256011e-10	-5.15703253434e-08
4.26056881707e-10	-5.67733429158e-08
4.27211507402e-10	-4.82527924284e-08
4.28366133098e-10	-2.52424317004e-08
4.29520758794e-10	8.94011753516e-09
4.30675384489e-10	4.77324730852e-08
4.31830010185e-10	8.30122699469e-08
4.32984635881e-10	1.07187179132e-07
4.34139261576e-10	1.14992358746e-07
4.35293887272e-10	1.04607282836e-07
4.36448512968e-10	7.79219782032e-08
4.37603138663e-10	3.99280319918e-08
4.38757764359e-10	-2.37224723199e-09
4.39912390055e-10	-4.13573704172e-08
4.4106701575e-10	-7.0116636941e-08
4.42221641446e-10	-8.36410718463e-08
4.43376267142e-10	-7.97423940213e-08
4.44530892837e-10	-5.95421312255e-08
4.45685518533e-10	-2.73843676624e-08
4.46840144229e-10	9.89532122908e-09
4.47994769925e-10	4.43040959475e-08
4.4914939562e-10	6.83654493017e-08
4.50304021316e-10	7.68262893303e-08
4.51458647012e-10	6.79235876433e-08
4.52613272707e-10	4.39162266552e-08
4.53767898403e-10	1.06354700602e-08
4.54922524099e-10	-2.37783419621e-08
4.56077149794e-10	-5.07566952912e-08
4.5723177549e-10	-6.33344869883e-08
4.58386401186e-10	-5.78633767567e-08
4.59541026881e-10	-3.50093665169e-08
4.60695652577e-10	3.24713478328e-10
4.61850278273e-10	4.00957942404e-08
4.63004903968e-10	7.50297148855e-08
4.64159529664e-10	9.69733511269e-08
4.6531415536e-10	1.00926454749e-07
4.66468781055e-10	8.6321315429e-08
4.67623406751e-10	5.70954510337e-08
4.68778032447e-10	2.0515871002e-08
4.69932658142e-10	-1.48457901528e-08
4.71087283838e-10	-4.14537608684e-08
4.72241909534e-10	-5.46572258564e-08
4.7339653523e-10	-5.35455062511e-08
4.74551160925e-10	-4.06254709873e-08
4.75705786621e-10	-2.05442485246e-08
4.76860412317e-10	1.56476044622e-09
4.78015038012e-10	2.14978075341e-08
4.79169663708e-10	3.66960106746e-08
4.80324289404e-10	4.61466593826e-08
4.81478915099e-10	4.97368968233e-08
4.82633540795e-10	4.75502228703e-08
4.83788166491e-10	3.95554207167e-08
4.84942792186e-10	2.58311056989e-08
4.86097417882e-10	7.2229924819e-09
4.87252043578e-10	-1.41168530199e-08
4.88406669273e-10	-3.46944029062e-08
4.89561294969e-10	-5.04707338145e-08
4.90715920665e-10	-5.82717416542e-08
4.9187054636e-10	-5.71623530732e-08
4.93025172056e-10	-4.91488445498e-08
4.94179797752e-10	-3.86486851411e-08
4.95334423447e-10	-3.07880601014e-08
4.96489049143e-10	-2.91975057465e-08
4.97643674839e-10	-3.41914985214e-08
4.98798300535e-10	-4.22949919532e-08
4.9995292623e-10	-4.74075334544e-08
5.01107551926e-10	-4.32714992726e-08
5.02262177622e-10	-2.62590058586e-08
5.03416803317e-10	2.6792951191e-09
5.04571429013e-10	3.77811377739e-08
5.05726054709e-10	7.01342237619e-08
5.06880680404e-10	9.06173065474e-08
5.080353061e-10	9.29880519251e-08
5.09189931796e-10	7.59256186811e-08
5.10344557491e-10	4.331423753e-08
5.11499183187e-10	2.77996814457e-09
5.12653808883e-10	-3.68799240036e-08
5.13808434578e-10	-6.82538461305e-08
5.14963060274e-10	-8.69820837579e-08
5.1611768597e-10	-9.20865783627e-08
5.17272311665e-10	-8.51463219931e-08
5.18426937361e-10	-6.89237893425e-08
5.19581563057e-10	-4.61084854742e-08
5.20736188752e-10	-1.87623736547e-08
5.21890814448e-10	1.14852752864e-08
5.23045440144e-10	4.27697224303e-08
5.2420006584e-10	7.22869932801e-08
5.25354691535e-10	9.60747437162e-08
5.26509317231e-10	1.09518356162e-07
5.27663942927e-10	1.08563586565e-07
5.28818568622e-10	9.12351234561e-08
5.29973194318e-10	5.88784736522e-08
5.31127820014e-10	1.65473399427e-08
5.32282445709e-10	-2.7795979296e-08
5.33437071405e-10	-6.51639409099e-08
5.34591697101e-10	-8.79531310005e-08
5.35746322796e-10	-9.20482667865e-08
5.36900948492e-10	-7.78783730837e-08
5.38055574188e-10	-5.00652963531e-08
5.39210199883e-10	-1.58048680809e-08
5.40364825579e-10	1.73473215792e-08
5.41519451275e-10	4.35273954658e-08
5.4267407697e-10	5.97605938069e-08
5.43828702666e-10	6.60526522367e-08
5.44983328362e-10	6.45559863344e-08
5.46137954057e-10	5.82520103265e-08
5.47292579753e-10	4.97589920379e-08
5.48447205449e-10	4.06327913538e-08
5.49601831145e-10	3.13049413059e-08
5.5075645684e-10	2.15029458683e-08
5.51911082536e-10	1.08468921622e-08
5.53065708232e-10	-6.79404546511e-10
5.54220333927e-10	-1.25418793129e-08
5.55374959623e-10	-2.3776146385e-08
5.56529585319e-10	-3.32596439279e-08
5.57684211014e-10	-3.9968698573e-08
5.5883883671e-10	-4.31124362876e-08
5.59993462406e-10	-4.21625068192e-08
5.61148088101e-10	-3.68403960671e-08
5.62302713797e-10	-2.71746343206e-08
5.63457339493e-10	-1.36421315355e-08
5.64611965188e-10	2.66603333854e-09
5.65766590884e-10	1.9961482689e-08
5.6692121658e-10	3.58669591805e-08
5.68075842275e-10	4.77582222658e-08
5.69230467971e-10	5.32826778255e-08
5.70385093667e-10	5.09350379652e-08
5.71539719362e-10	4.04949598298e-08
5.72694345058e-10	2.32152927993e-08
5.73848970754e-10	1.67195476908e-09
5.7500359645e-10	-2.06926544788e-08
5.76158222145e-10	-4.02569755309e-08
5.77312847841e-10	-5.39387619014e-08
5.78467473537e-10	-5.97767910726e-08
5.79622099232e-10	-5.72427567569e-08
5.80776724928e-10	-4.72308308019e-08
5.81931350624e-10	-3.17629482716e-08
5.83085976319e-10	-1.34963596965e-08
5.84240602015e-10	4.79110817686e-09
5.85395227711e-10	2.06763768329e-08
5.86549853406e-10	3.24392104289e-08
5.87704479102e-10	3.92349166489e-08
5.88859104798e-10	4.11024103641e-08
5.90013730493e-10	3.87935612522e-08
5.91168356189e-10	3.34503935662e-08
5.92322981885e-10	2.62292678688e-08
5.9347760758e-10	1.79680672563e-08
5.94632233276e-10	9.03852870326e-09
5.95786858972e-10	-5.7057412961e-10
5.96941484667e-10	-1.09689460848e-08
5.98096110363e-10	-2.20003575357e-08
5.99250736059e-10	-3.29808491628e-08
6.00405361755e-10	-4.26528243835e-08
6.0155998745e-10	-4.93961329617e-08
6.02714613146e-10	-5.1626201536e-08
6.03869238842e-10	-4.82413722303e-08
6.05023864537e-10	-3.89993286554e-08
6.06178490233e-10	-2.47049642965e-08
6.07333115929e-10	-7.18331238936e-09
6.08487741624e-10	1.09746391974e-08
6.0964236732e-10	2.68577613483e-08
6.10796993016e-10	3.78048867766e-08
6.11951618711e-10	4.19773802385e-08
6.13106244407e-10	3.88169105747e-08
6.14260870103e-10	2.92192954277e-08
6.15415495798e-10	1.53532093705e-08
6.16570121494e-10	1.46796214073e-10
6.1772474719e-10	-1.34313721256e-08
6.18879372885e-10	-2.3078978284e-08
6.20033998581e-10	-2.76352620787e-08
6.21188624277e-10	-2.721142911e-08
6.22343249972e-10	-2.29500234372e-08
6.23497875668e-10	-1.65446214506e-08
6.24652501364e-10	-9.70521985e-09
6.2580712706e-10	-3.73064307224e-09
6.26961752755e-10	7.09939648735e-10
6.28116378451e-10	3.55870499735e-09
6.29271004147e-10	5.18790099768e-09
6.30425629842e-10	6.15286471772e-09
6.31580255538e-10	6.98111557451e-09
6.32734881234e-10	8.04030453327e-09
6.33889506929e-10	9.50495582241e-09
6.35044132625e-10	1.13680718172e-08
6.36198758321e-10	1.34578700406e-08
6.37353384016e-10	1.54348837045e-08
6.38508009712e-10	1.67718572364e-08
6.39662635408e-10	1.67713711807e-08
6.40817261103e-10	1.46910479337e-08
6.41971886799e-10	9.97096194499e-09
6.43126512495e-10	2.51618106906e-09
6.4428113819e-10	-7.06619307511e-09
6.45435763886e-10	-1.74152250398e-08
6.46590389582e-10	-2.66192929921e-08
6.47745015277e-10	-3.26490474656e-08
6.48899640973e-10	-3.39171983832e-08
6.50054266669e-10	-2.9776164201e-08
6.51208892365e-10	-2.07861068358e-08
6.5236351806e-10	-8.64334548378e-09
6.53518143756e-10	4.22547513645e-09
6.54672769452e-10	1.52851928892e-08
6.55827395147e-10	2.25298804057e-08
6.56982020843e-10	2.49547382758e-08
6.58136646539e-10	2.27011989207e-08
6.59291272234e-10	1.6873377584e-08
6.6044589793e-10	9.10677311339e-09
6.61600523626e-10	1.04964337222e-09
6.62755149321e-10	-6.0409032776e-09
6.63909775017e-10	-1.14931292261e-08
6.65064400713e-10	-1.51775314539e-08
6.66219026408e-10	-1.73150036531e-08
6.67373652104e-10	-1.82544741545e-08
6.685282778e-10	-1.83152393252e-08
6.69682903495e-10	-1.77426875414e-08
6.70837529191e-10	-1.67411755569e-08
6.71992154887e-10	-1.55165937876e-08
6.73146780582e-10	-1.42728565633e-08
6.74301406278e-10	-1.31345945231e-08
6.75456031974e-10	-1.20492728017e-08
6.7661065767e-10	-1.07148016015e-08
6.77765283365e-10	-8.60869275865e-09
6.78919909061e-10	-5.14981590705e-09
6.80074534757e-10	3.92553836659e-11
6.81229160452e-10	6.85343620743e-09
6.82383786148e-10	1.45273404417e-08
6.83538411844e-10	2.16536684139e-08
6.84693037539e-10	2.64557689089e-08
6.85847663235e-10	2.72710229954e-08
6.87002288931e-10	2.3100602764e-08
6.88156914626e-10	1.40300051577e-08
6.89311540322e-10	1.35926078726e-09
6.90466166018e-10	-1.26357123653e-08
6.91620791713e-10	-2.52395593314e-08
6.92775417409e-10	-3.39760051205e-08
6.93930043105e-10	-3.71936850208e-08
6.950846688e-10	-3.44044917e-08
6.96239294496e-10	-2.62880810453e-08
6.97393920192e-10	-1.44321077311e-08
6.98548545887e-10	-9.16870412926e-10
6.99703171583e-10	1.21209908777e-08
7.00857797279e-10	2.28464172025e-08
7.02012422975e-10	2.99533366999e-08
7.0316704867e-10	3.27674558598e-08
7.04321674366e-10	3.12443226846e-08
7.05476300062e-10	2.58931245334e-08
7.06630925757e-10	1.76578174305e-08
7.07785551453e-10	7.76541309033e-09
7.08940177149e-10	-2.43499292951e-09
7.10094802844e-10	-1.16422348428e-08
7.1124942854e-10	-1.87730984091e-08
7.12404054236e-10	-2.31027936781e-08
7.13558679931e-10	-2.43694591173e-08
7.14713305627e-10	-2.2792522314e-08
7.15867931323e-10	-1.89889530766e-08
7.17022557018e-10	-1.3803073573e-08
7.18177182714e-10	-8.08410460795e-09
7.1933180841e-10	-2.50346637864e-09
7.20486434105e-10	2.54769072505e-09
7.21641059801e-10	6.95000168527e-09
7.22795685497e-10	1.07523916437e-08
7.23950311192e-10	1.40481785094e-08
7.25104936888e-10	1.68652269927e-08
7.26259562584e-10	1.91108531222e-08
7.2741418828e-10	2.05626482508e-08
7.28568813975e-10	2.08872144025e-08
7.29723439671e-10	1.96930367569e-08
7.30878065367e-10	1.66078300001e-08
7.32032691062e-10	1.14111479155e-08
7.33187316758e-10	4.18996320972e-09
7.34341942454e-10	-4.52112741689e-09
7.35496568149e-10	-1.36916172844e-08
7.36651193845e-10	-2.19005660274e-08
7.37805819541e-10	-2.76069529459e-08
7.38960445236e-10	-2.95215247803e-08
7.40115070932e-10	-2.69718054557e-08
7.41269696628e-10	-2.01224128471e-08
7.42424322323e-10	-9.98603622016e-09
7.43578948019e-10	1.80351404644e-09
7.44733573715e-10	1.33634274757e-08
7.4588819941e-10	2.29803966967e-08
7.47042825106e-10	2.94271242929e-08
7.48197450802e-10	3.21099995482e-08
7.49352076497e-10	3.10421643945e-08
7.50506702193e-10	2.6690911481e-08
7.51661327889e-10	1.97948077929e-08
7.52815953585e-10	1.12190180479e-08
7.5397057928e-10	1.88689881775e-09
7.55125204976e-10	-7.24146970166e-09
7.56279830672e-10	-1.51981451868e-08
7.57434456367e-10	-2.10906618836e-08
7.58589082063e-10	-2.4244653396e-08
7.59743707759e-10	-2.43597073624e-08
7.60898333454e-10	-2.16111091245e-08
7.6205295915e-10	-1.66357645437e-08
7.63207584846e-10	-1.03918784689e-08
7.64362210541e-10	-3.92983282027e-09
7.65516836237e-10	1.8558246051e-09
7.66671461933e-10	6.39648445322e-09
7.67826087628e-10	9.50888001672e-09
7.68980713324e-10	1.1321416582e-08
7.7013533902e-10	1.21137028186e-08
7.71289964715e-10	1.21358989524e-08
7.72444590411e-10	1.14739898693e-08
7.73599216107e-10	1.00269739178e-08
7.74753841802e-10	7.58879309393e-09
7.75908467498e-10	4.01310812359e-09
7.77063093194e-10	-6.04703131318e-10
7.7821771889e-10	-5.82845322006e-09
7.79372344585e-10	-1.08966300427e-08
7.80526970281e-10	-1.48828692703e-08
7.81681595977e-10	-1.69350964363e-08
7.82836221672e-10	-1.65226854421e-08
7.83990847368e-10	-1.36011841789e-08
7.85145473064e-10	-8.63919336069e-09
7.86300098759e-10	-2.50441511973e-09
7.87454724455e-10	3.74300818118e-09
7.88609350151e-10	9.09762920553e-09
7.89763975846e-10	1.28070368755e-08
7.90918601542e-10	1.44928621326e-08
7.92073227238e-10	1.41594073133e-08
7.93227852933e-10	1.21234386974e-08
7.94382478629e-10	8.88653328701e-09
7.95537104325e-10	5.01323965674e-09
7.9669173002e-10	1.03699575316e-09
7.97846355716e-10	-2.57779142476e-09
7.99000981412e-10	-5.44147388259e-09
8.00155607107e-10	-7.24226728588e-09
8.01310232803e-10	-7.76707187455e-09
8.02464858499e-10	-6.95817181651e-09
8.03619484195e-10	-4.97613755757e-09
8.0477410989e-10	-2.21976448334e-09
8.05928735586e-10	7.24914100969e-10
8.07083361282e-10	3.22458754143e-09
8.08237986977e-10	4.78427575334e-09
8.09392612673e-10	5.21107934581e-09
8.10547238369e-10	4.68148986243e-09
8.11701864064e-10	3.66848604272e-09
8.1285648976e-10	2.7544103387e-09
8.14011115456e-10	2.39071062946e-09
8.15165741151e-10	2.70983513406e-09
8.16320366847e-10	3.46624801084e-09
8.17474992543e-10	4.13725398385e-09
8.18629618238e-10	4.13720480097e-09
8.19784243934e-10	3.06651373738e-09
8.2093886963e-10	8.92016446818e-10
8.22093495325e-10	-2.01737040961e-09
8.23248121021e-10	-5.00303476425e-09
8.24402746717e-10	-7.32876653808e-09
8.25557372412e-10	-8.41381952998e-09
8.26711998108e-10	-7.98943400326e-09
8.27866623804e-10	-6.14751566319e-09
8.290212495e-10	-3.25761179143e-09
8.30175875195e-10	1.69787711668e-10
8.31330500891e-10	3.62964377998e-09
8.32485126587e-10	6.71284194897e-09
8.33639752282e-10	9.11807818138e-09
8.34794377978e-10	1.06140031209e-08
8.35949003674e-10	1.1000020117e-08
8.37103629369e-10	1.01047906709e-08
8.38258255065e-10	7.85342857412e-09
8.39412880761e-10	4.36181257779e-09
8.40567506456e-10	2.5158375383e-11
8.41722132152e-10	-4.48366960226e-09
8.42876757848e-10	-8.318584932e-09
8.44031383543e-10	-1.06624207241e-08
8.45186009239e-10	-1.09595033049e-08
8.46340634935e-10	-9.09643838032e-09
8.4749526063e-10	-5.46266359924e-09
8.48649886326e-10	-8.6027845958e-10
8.49804512022e-10	3.70943903372e-09
8.50959137717e-10	7.3165092318e-09
8.52113763413e-10	9.34214006154e-09
8.53268389109e-10	9.61844504044e-09
8.54423014805e-10	8.43028635789e-09
8.555776405e-10	6.38183073054e-09
8.56732266196e-10	4.18246159928e-09
8.57886891892e-10	2.42062847544e-09
8.59041517587e-10	1.39821058898e-09
8.60196143283e-10	1.08332508242e-09
8.61350768979e-10	1.17401142974e-09
8.62505394674e-10	1.25629386061e-09
8.6366002037e-10	9.77844694106e-10
8.64814646066e-10	1.82742068006e-10
8.65969271761e-10	-1.03785538497e-09
8.67123897457e-10	-2.38835590194e-09
8.68278523153e-10	-3.47686951452e-09
8.69433148848e-10	-3.94906807255e-09
8.70587774544e-10	-3.5990641023e-09
8.7174240024e-10	-2.42559528019e-09
8.72897025935e-10	-6.26213116084e-10
8.74051651631e-10	1.471539543e-09
8.75206277327e-10	3.50132287052e-09
8.76360903022e-10	5.1464649764e-09
8.77515528718e-10	6.18662993057e-09
8.78670154414e-10	6.49746501047e-09
8.7982478011e-10	6.01778482601e-09
8.80979405805e-10	4.71763395016e-09
8.82134031501e-10	2.60592120105e-09
8.83288657197e-10	-2.21017634749e-10
8.84443282892e-10	-3.50371828772e-09
8.85597908588e-10	-6.77405714855e-09
8.86752534284e-10	-9.39003985678e-09
8.87907159979e-10	-1.06613887718e-08
8.89061785675e-10	-1.0054861721e-08
8.90216411371e-10	-7.39780903203e-09
8.91371037066e-10	-3.00954938748e-09
8.92525662762e-10	2.30779559351e-09
8.93680288458e-10	7.43774131173e-09
8.94834914153e-10	1.12294386012e-08
8.95989539849e-10	1.28166555147e-08
8.97144165545e-10	1.18588292519e-08
8.9829879124e-10	8.63608828894e-09
8.99453416936e-10	3.95813792853e-09
9.00608042632e-10	-1.08283740308e-09
9.01762668327e-10	-5.42077138732e-09
9.02917294023e-10	-8.29244783951e-09
9.04071919719e-10	-9.38609301393e-09
9.05226545415e-10	-8.83041773037e-09
9.0638117111e-10	-7.05646363564e-09
9.07535796806e-10	-4.59506060979e-09
9.08690422502e-10	-1.90523262444e-09
9.09845048197e-10	7.15709512489e-10
9.10999673893e-10	3.11315831447e-09
9.12154299589e-10	5.18972181895e-09
9.13308925284e-10	6.80822825894e-09
9.1446355098e-10	7.74519059998e-09
9.15618176676e-10	7.72973673957e-09
9.16772802371e-10	6.5550574968e-09
9.17927428067e-10	4.21595924838e-09
9.19082053763e-10	1.00344969139e-09
9.20236679458e-10	-2.50377235611e-09
9.21391305154e-10	-5.56157692122e-09
9.2254593085e-10	-7.47322748129e-09
9.23700556545e-10	-7.80553077728e-09
9.24855182241e-10	-6.53471415868e-09
9.26009807937e-10	-4.05351618937e-09
9.27164433632e-10	-1.03752244296e-09
9.28319059328e-10	1.78068440548e-09
9.29473685024e-10	3.84799869746e-09
9.3062831072e-10	4.93950164104e-09
9.31782936415e-10	5.17064119299e-09
9.32937562111e-10	4.87721324438e-09
9.34092187807e-10	4.41437342236e-09
9.35246813502e-10	3.97464500201e-09
9.36401439198e-10	3.49704998293e-09
9.37556064894e-10	2.71594996493e-09
9.38710690589e-10	1.31958641236e-09
9.39865316285e-10	-8.44477404671e-10
9.41019941981e-10	-3.61538940452e-09
9.42174567676e-10	-6.49376047379e-09
9.43329193372e-10	-8.75822570023e-09
9.44483819068e-10	-9.69222924141e-09
9.45638444763e-10	-8.83098816296e-09
9.46793070459e-10	-6.1385672101e-09
9.47947696155e-10	-2.04660638436e-09
9.4910232185e-10	2.65864766313e-09
9.50256947546e-10	7.05285974067e-09
9.51411573242e-10	1.03212078884e-08
9.52566198937e-10	1.19477944205e-08
9.53720824633e-10	1.17930135657e-08
9.54875450329e-10	1.00535354486e-08
9.56030076025e-10	7.13197711999e-09
9.5718470172e-10	3.4953839545e-09
9.58339327416e-10	-4.35518336672e-10
9.59493953112e-10	-4.32037711162e-09
9.60648578807e-10	-7.87031340099e-09
9.61803204503e-10	-1.07947222272e-08
9.62957830199e-10	-1.27673935868e-08
9.64112455894e-10	-1.34496057624e-08
9.6526708159e-10	-1.25702552811e-08
9.66421707286e-10	-1.00328075847e-08
9.67576332981e-10	-6.00813776508e-09
9.68730958677e-10	-9.63788077124e-10
9.69885584373e-10	4.38622077548e-09
9.71040210068e-10	9.21167442325e-09
9.72194835764e-10	1.27390300531e-08
9.7334946146e-10	1.44198147867e-08
9.74504087155e-10	1.40452653952e-08
9.75658712851e-10	1.17735743377e-08
9.76813338547e-10	8.06570665812e-09
9.77967964242e-10	3.55253873541e-09
9.79122589938e-10	-1.11824434434e-09
9.80277215634e-10	-5.4119765891e-09
9.8143184133e-10	-8.97192464766e-09
9.82586467025e-10	-1.16133577199e-08
9.83741092721e-10	-1.32681385878e-08
9.84895718417e-10	-1.39087302786e-08
9.86050344112e-10	-1.34971320787e-08
9.87204969808e-10	-1.1976500458e-08
9.88359595504e-10	-9.30970855961e-09
9.89514221199e-10	-5.5499576046e-09
9.90668846895e-10	-9.09031933061e-10
9.91823472591e-10	4.20317919358e-09
9.92978098286e-10	9.19678655453e-09
9.94132723982e-10	1.33784813228e-08
9.95287349678e-10	1.60762265722e-08
9.96441975373e-10	1.67815832341e-08
9.97596601069e-10	1.52654022756e-08
9.98751226765e-10	1.16413690909e-08
9.9990585246e-10	6.35661340231e-09
1.00106047816e-09	1.13026886461e-10
1.00221510385e-09	-6.25363810736e-09
1.00336972955e-09	-1.19088408024e-08
1.00452435524e-09	-1.61392581521e-08
1.00567898094e-09	-1.84403290415e-08
1.00683360663e-09	-1.8564598081e-08
1.00798823233e-09	-1.65342421976e-08
1.00914285803e-09	-1.26215323748e-08
1.01029748372e-09	-7.30416149786e-09
1.01145210942e-09	-1.20788964941e-09
1.01260673511e-09	4.96399138461e-09
1.01376136081e-09	1.05004533957e-08
1.0149159865e-09	1.4753528732e-08
1.0160706122e-09	1.72080611982e-08
1.0172252379e-09	1.75472407715e-08
1.01837986359e-09	1.57088104746e-08
1.01953448929e-09	1.19161523982e-08
1.02068911498e-09	6.67124333553e-09
1.02184374068e-09	6.93671800556e-10
1.02299836637e-09	-5.19046083891e-09
1.02415299207e-09	-1.0190398414e-08
1.02530761777e-09	-1.36925053518e-08
1.02646224346e-09	-1.53643602285e-08
1.02761686916e-09	-1.51904023804e-08
1.02877149485e-09	-1.34350733871e-08
1.02992612055e-09	-1.05418358487e-08
1.03108074624e-09	-7.00523833386e-09
1.03223537194e-09	-3.25404148072e-09
1.03338999764e-09	4.15144210675e-10
1.03454462333e-09	3.84125437014e-09
1.03569924903e-09	6.94021645709e-09
1.03685387472e-09	9.62160806584e-09
1.03800850042e-09	1.17176652825e-08
1.03916312611e-09	1.29627052425e-08
1.04031775181e-09	1.30422717071e-08
1.0414723775e-09	1.16950049645e-08
1.0426270032e-09	8.8330308623e-09
1.0437816289e-09	4.63153121411e-09
1.04493625459e-09	-4.51146162095e-10
1.04609088029e-09	-5.73930847292e-09
1.04724550598e-09	-1.047361331e-08
1.04840013168e-09	-1.39709737113e-08
1.04955475737e-09	-1.57623720742e-08
1.05070938307e-09	-1.56695858511e-08
1.05186400877e-09	-1.38008177109e-08
1.05301863446e-09	-1.04857467154e-08
1.05417326016e-09	-6.17659623448e-09
1.05532788585e-09	-1.35776656585e-09
1.05648251155e-09	3.50799880811e-09
1.05763713724e-09	7.99195565282e-09
1.05879176294e-09	1.16881997414e-08
1.05994638864e-09	1.42064450204e-08
1.06110101433e-09	1.51970247497e-08
1.06225564003e-09	1.44163945226e-08
1.06341026572e-09	1.18150456085e-08
1.06456489142e-09	7.61233409641e-09
1.06571951711e-09	2.31734537115e-09
1.06687414281e-09	-3.33033423061e-09
1.06802876851e-09	-8.49467129971e-09
1.0691833942e-09	-1.24202029772e-08
1.0703380199e-09	-1.45939662577e-08
1.07149264559e-09	-1.48446716031e-08
1.07264727129e-09	-1.3345921257e-08
1.07380189698e-09	-1.05284623242e-08
1.07495652268e-09	-6.93723545275e-09
1.07611114838e-09	-3.08554587436e-09
1.07726577407e-09	6.44617734191e-10
1.07842039977e-09	4.02725408577e-09
1.07957502546e-09	6.94728358175e-09
1.08072965116e-09	9.31586596753e-09
1.08188427685e-09	1.09963551598e-08
1.08303890255e-09	1.1779126452e-08
1.08419352825e-09	1.14245178873e-08
1.08534815394e-09	9.75989022933e-09
1.08650277964e-09	6.78972744694e-09
1.08765740533e-09	2.7678445369e-09
1.08881203103e-09	-1.80622848622e-09
1.08996665672e-09	-6.27252261243e-09
1.09112128242e-09	-9.95660753844e-09
1.09227590811e-09	-1.23209663583e-08
1.09343053381e-09	-1.30765128725e-08
1.09458515951e-09	-1.22174920181e-08
1.0957397852e-09	-9.98142546393e-09
1.0968944109e-09	-6.75609007628e-09
1.09804903659e-09	-2.97874813704e-09
1.09920366229e-09	9.40064914801e-10
1.10035828798e-09	4.64661797928e-09
1.10151291368e-09	7.83528619763e-09
1.10266753938e-09	1.02245203415e-08
1.10382216507e-09	1.15495714104e-08
1.10497679077e-09	1.15877377693e-08
1.10613141646e-09	1.02204903429e-08
1.10728604216e-09	7.50696349527e-09
1.10844066785e-09	3.73334788084e-09
1.10959529355e-09	-5.92771290386e-10
1.11074991925e-09	-4.81865408686e-09
1.11190454494e-09	-8.27962143291e-09
1.11305917064e-09	-1.04494879416e-08
1.11421379633e-09	-1.10597645486e-08
1.11536842203e-09	-1.01487593884e-08
1.11652304772e-09	-8.02533384192e-09
1.11767767342e-09	-5.16317366639e-09
1.11883229912e-09	-2.06663680613e-09
1.11998692481e-09	8.45960662632e-10
1.12114155051e-09	3.30558633244e-09
1.1222961762e-09	5.19132736798e-09
1.1234508019e-09	6.48045117568e-09
1.12460542759e-09	7.1817808367e-09
1.12576005329e-09	7.28825561014e-09
1.12691467899e-09	6.76681044531e-09
1.12806930468e-09	5.58975266074e-09
1.12922393038e-09	3.7857249835e-09
1.13037855607e-09	1.48230830388e-09
1.13153318177e-09	-1.08142515776e-09
1.13268780746e-09	-3.58543145174e-09
1.13384243316e-09	-5.69132035944e-09
1.13499705886e-09	-7.11558284516e-09
1.13615168455e-09	-7.68841085241e-09
1.13730631025e-09	-7.37761590708e-09
1.13846093594e-09	-6.27510082785e-09
1.13961556164e-09	-4.5550696548e-09
1.14077018733e-09	-2.42527029015e-09
1.14192481303e-09	-9.12088460314e-11
1.14307943872e-09	2.25467874926e-09
1.14423406442e-09	4.42378772503e-09
1.14538869012e-09	6.21570184212e-09
1.14654331581e-09	7.41664318848e-09
1.14769794151e-09	7.8241237933e-09
1.1488525672e-09	7.29467375393e-09
1.1500071929e-09	5.79979164694e-09
1.15116181859e-09	3.46691231279e-09
1.15231644429e-09	5.8479066728e-10
1.15347106999e-09	-2.43436029668e-09
1.15462569568e-09	-5.13040132599e-09
1.15578032138e-09	-7.08780129033e-09
1.15693494707e-09	-8.02078292672e-09
1.15808957277e-09	-7.82918230247e-09
1.15924419846e-09	-6.60918098028e-09
1.16039882416e-09	-4.62032401227e-09
1.16155344986e-09	-2.21789672739e-09
1.16270807555e-09	2.27826049692e-10
1.16386270125e-09	2.40166314613e-09
1.16501732694e-09	4.08680744801e-09
1.16617195264e-09	5.17437892533e-09
1.16732657833e-09	5.64569224704e-09
1.16848120403e-09	5.54158607891e-09
1.16963582973e-09	4.93533186541e-09
1.17079045542e-09	3.91482790629e-09
1.17194508112e-09	2.57927723624e-09
1.17309970681e-09	1.04245155563e-09
1.17425433251e-09	-5.65273598763e-10
1.1754089582e-09	-2.09983247457e-09
1.1765635839e-09	-3.41505859702e-09
1.1777182096e-09	-4.38050579143e-09
1.17887283529e-09	-4.90069429482e-09
1.18002746099e-09	-4.93244289856e-09
1.18118208668e-09	-4.49037929062e-09
1.18233671238e-09	-3.64233262995e-09
1.18349133807e-09	-2.48987142015e-09
1.18464596377e-09	-1.14466613965e-09
1.18580058947e-09	2.89782649265e-10
1.18695521516e-09	1.72434283519e-09
1.18810984086e-09	3.0731495404e-09
1.18926446655e-09	4.2349216911e-09
1.19041909225e-09	5.07977887532e-09
1.19157371794e-09	5.45542050423e-09
1.19272834364e-09	5.21687237853e-09
1.19388296933e-09	4.27629026634e-09
1.19503759503e-09	2.65341118522e-09
1.19619222073e-09	5.06205868889e-10
1.19734684642e-09	-1.87402893204e-09
1.19850147212e-09	-4.10840811371e-09
1.19965609781e-09	-5.80987014054e-09
1.20081072351e-09	-6.67203697846e-09
1.2019653492e-09	-6.54468207406e-09
1.2031199749e-09	-5.46863537787e-09
1.2042746006e-09	-3.6625812383e-09
1.20542922629e-09	-1.46244169552e-09
1.20658385199e-09	7.6362800111e-10
1.20773847768e-09	2.69672220665e-09
1.20889310338e-09	4.1217148028e-09
1.21004772907e-09	4.94031499043e-09
1.21120235477e-09	5.14872983137e-09
1.21235698047e-09	4.79907846795e-09
1.21351160616e-09	3.96485344556e-09
1.21466623186e-09	2.72807512691e-09
1.21582085755e-09	1.18840660923e-09
1.21697548325e-09	-5.16893472469e-10
1.21813010894e-09	-2.20242288296e-09
1.21928473464e-09	-3.64694602295e-09
1.22043936034e-09	-4.63257948669e-09
1.22159398603e-09	-4.99981284152e-09
1.22274861173e-09	-4.69667205127e-09
1.22390323742e-09	-3.80114578702e-09
1.22505786312e-09	-2.50395224e-09
1.22621248881e-09	-1.05655523219e-09
1.22736711451e-09	2.99279771104e-10
1.22852174021e-09	1.39382165532e-09
1.2296763659e-09	2.15940351711e-09
1.2308309916e-09	2.62142088592e-09
1.23198561729e-09	2.85394011201e-09
1.23314024299e-09	2.92282692493e-09
1.23429486868e-09	2.8425956311e-09
1.23544949438e-09	2.56585588887e-09
1.23660412008e-09	2.01191235893e-09
1.23775874577e-09	1.12083170523e-09
1.23891337147e-09	-8.99894707362e-11
1.24006799716e-09	-1.49529287563e-09
1.24122262286e-09	-2.87332718729e-09
1.24237724855e-09	-3.95778465556e-09
1.24353187425e-09	-4.5146998362e-09
1.24468649994e-09	-4.41339353952e-09
1.24584112564e-09	-3.66680980024e-09
1.24699575134e-09	-2.42529613059e-09
1.24815037703e-09	-9.29716817422e-10
1.24930500273e-09	5.5749727057e-10
1.25045962842e-09	1.81810611011e-09
1.25161425412e-09	2.71691466547e-09
1.25276887981e-09	3.20723353431e-09
1.25392350551e-09	3.30786842362e-09
1.25507813121e-09	3.06703695774e-09
1.2562327569e-09	2.53455451071e-09
1.2573873826e-09	1.75158770821e-09
1.25854200829e-09	7.6235809332e-10
1.25969663399e-09	-3.63370625256e-10
1.26085125968e-09	-1.51217791067e-09
1.26200588538e-09	-2.52850027027e-09
1.26316051108e-09	-3.24148091702e-09
1.26431513677e-09	-3.51024442846e-09
1.26546976247e-09	-3.27269819578e-09
1.26662438816e-09	-2.57476359677e-09
1.26777901386e-09	-1.56656071448e-09
1.26893363955e-09	-4.63507530968e-10
1.27008826525e-09	5.1520167299e-10
1.27124289095e-09	1.20835097484e-09
1.27239751664e-09	1.55252355416e-09
1.27355214234e-09	1.58489957269e-09
1.27470676803e-09	1.41178256585e-09
1.27586139373e-09	1.15828797942e-09
1.27701601942e-09	9.16697627529e-10
1.27817064512e-09	7.17776192649e-10
1.27932527082e-09	5.29438763663e-10
1.28047989651e-09	2.85060201138e-10
1.28163452221e-09	-7.52700844361e-11
1.2827891479e-09	-5.66322419515e-10
1.2839437736e-09	-1.1387974036e-09
1.28509839929e-09	-1.68834840553e-09
1.28625302499e-09	-2.08736347651e-09
1.28740765069e-09	-2.22888640877e-09
1.28856227638e-09	-2.06337974484e-09
1.28971690208e-09	-1.61589959469e-09
1.29087152777e-09	-9.77210631858e-10
1.29202615347e-09	-2.7352970236e-10
1.29318077916e-09	3.70582106668e-10
1.29433540486e-09	8.64024331249e-10
1.29549003055e-09	1.16352183444e-09
1.29664465625e-09	1.2681925371e-09
1.29779928195e-09	1.20445371732e-09
1.29895390764e-09	1.00464329911e-09
1.30010853334e-09	6.95853465127e-10
1.30126315903e-09	2.98295735335e-10
1.30241778473e-09	-1.65905622573e-10
1.30357241042e-09	-6.60687768383e-10
1.30472703612e-09	-1.1290562929e-09
1.30588166182e-09	-1.49639095559e-09
1.30703628751e-09	-1.68640199028e-09
1.30819091321e-09	-1.64470219388e-09
1.3093455389e-09	-1.36060625266e-09
1.3105001646e-09	-8.80204804876e-10
1.31165479029e-09	-3.01483449316e-10
1.31280941599e-09	2.47544949816e-10
1.31396404169e-09	6.43177046344e-10
1.31511866738e-09	8.01482574753e-10
1.31627329308e-09	7.03518021616e-10
1.31742791877e-09	4.00998668298e-10
1.31858254447e-09	-1.3409442827e-12
1.31973717016e-09	-3.78439942578e-10
1.32089179586e-09	-6.25158196044e-10
1.32204642156e-09	-6.87693506307e-10
1.32320104725e-09	-5.77037938265e-10
1.32435567295e-09	-3.60360057766e-10
1.32551029864e-09	-1.33398297616e-10
1.32666492434e-09	1.44730792021e-11
1.32781955003e-09	3.10649691734e-11
1.32897417573e-09	-8.35792966954e-11
1.33012880143e-09	-2.82362300208e-10
1.33128342712e-09	-4.91105451444e-10
1.33243805282e-09	-6.39019691329e-10
1.33359267851e-09	-6.8337010356e-10
1.33474730421e-09	-6.22384178917e-10
1.3359019299e-09	-4.90977272727e-10
1.3370565556e-09	-3.42612507809e-10
1.3382111813e-09	-2.25347445565e-10
1.33936580699e-09	-1.6369664825e-10
1.34052043269e-09	-1.52701273501e-10
1.34167505838e-09	-1.66042476643e-10
1.34282968408e-09	-1.73810714085e-10
1.34398430977e-09	-1.60314386766e-10
1.34513893547e-09	-1.32013964864e-10
1.34629356116e-09	-1.13252603476e-10
1.34744818686e-09	-1.30278486783e-10
1.34860281256e-09	-1.93319247763e-10
1.34975743825e-09	-2.85379296583e-10
1.35091206395e-09	-3.6477889459e-10
1.35206668964e-09	-3.82863764997e-10
1.35322131534e-09	-3.06484743834e-10
1.35437594103e-09	-1.39843031252e-10
1.35553056673e-09	6.89062288131e-11
1.35668519243e-09	2.3895725329e-10
1.35783981812e-09	2.8401562352e-10
1.35899444382e-09	1.45759647407e-10
1.36014906951e-09	-1.78449380273e-10
1.36130369521e-09	-6.26773119516e-10
1.3624583209e-09	-1.08650358155e-09
1.3636129466e-09	-1.42653093504e-09
1.3647675723e-09	-1.53788862201e-09
1.36592219799e-09	-1.36936374739e-09
1.36707682369e-09	-9.43097246131e-10
1.36823144938e-09	-3.48001176487e-10
1.36938607508e-09	2.87416465627e-10
1.37054070077e-09	8.32191718314e-10
1.37169532647e-09	1.18693381512e-09
1.37284995217e-09	1.30407162846e-09
1.37400457786e-09	1.18927781512e-09
1.37515920356e-09	8.88417651945e-10
1.37631382925e-09	4.65623921364e-10
1.37746845495e-09	-1.63837025544e-11
1.37862308064e-09	-5.06253490518e-10
1.37977770634e-09	-9.63951266031e-10
1.38093233204e-09	-1.35412681068e-09
1.38208695773e-09	-1.63885224835e-09
1.38324158343e-09	-1.7776033423e-09
1.38439620912e-09	-1.73585772145e-09
1.38555083482e-09	-1.49856629883e-09
1.38670546051e-09	-1.08280642785e-09
1.38786008621e-09	-5.42975657492e-10
1.38901471191e-09	3.79134909231e-11
1.3901693376e-09	5.65813430831e-10
1.3913239633e-09	9.59233636966e-10
1.39247858899e-09	1.16913405346e-09
1.39363321469e-09	1.18870471799e-09
1.39478784038e-09	1.04961560277e-09
1.39594246608e-09	8.06572371392e-10
1.39709709177e-09	5.16310640075e-10
1.39825171747e-09	2.19073762603e-10
1.39940634317e-09	-7.14082742589e-11
1.40056096886e-09	-3.62901618478e-10
1.40171559456e-09	-6.7118668956e-10
1.40287022025e-09	-1.00141264725e-09
1.40402484595e-09	-1.33347465014e-09
1.40517947164e-09	-1.61960082845e-09
1.40633409734e-09	-1.79490718122e-09
1.40748872304e-09	-1.7967712318e-09
1.40864334873e-09	-1.58644963832e-09
1.40979797443e-09	-1.1647996595e-09
1.41095260012e-09	-5.75571972028e-10
1.41210722582e-09	1.02251941289e-10
1.41326185151e-09	7.7154204553e-10
1.41441647721e-09	1.33623291598e-09
1.41557110291e-09	1.71864353304e-09
1.4167257286e-09	1.86987225703e-09
1.4178803543e-09	1.77347327102e-09
1.41903497999e-09	1.44302619853e-09
1.42018960569e-09	9.17183461124e-10
1.42134423138e-09	2.52396933215e-10
1.42249885708e-09	-4.80912004663e-10
1.42365348278e-09	-1.20317696084e-09
1.42480810847e-09	-1.83072282334e-09
1.42596273417e-09	-2.2828548496e-09
1.42711735986e-09	-2.49316872702e-09
1.42827198556e-09	-2.42245021265e-09
1.42942661125e-09	-2.06928199575e-09
1.43058123695e-09	-1.47514463145e-09
1.43173586265e-09	-7.20502338347e-10
1.43289048834e-09	8.88584778674e-11
1.43404511404e-09	8.41211024449e-10
1.43519973973e-09	1.43941406017e-09
1.43635436543e-09	1.81643450281e-09
1.43750899112e-09	1.94413818377e-09
1.43866361682e-09	1.83104105489e-09
1.43981824252e-09	1.51363940826e-09
1.44097286821e-09	1.04378733434e-09
1.44212749391e-09	4.77483080852e-10
1.4432821196e-09	-1.3325480476e-10
