% time-domain current integration by openEMS v0.37.0-rc1-2-g7b051bb @Sat Jul 18 22:12:55 2026
% start-coordinates: (0.00110812,0.00366087,0.01246) m -> [49,90,216]
% stop-coordinates: (0.00130341,0.00387028,0.01246) m -> [53,94,216]
% t/s	current
7.80859651804e-14	-0
1.32746140807e-12	-0
2.57683685095e-12	-0
3.82621229384e-12	-0
5.07558773672e-12	-0
6.32496317961e-12	-0
7.57433862249e-12	-0
8.82371406538e-12	-0
1.00730895083e-11	-0
1.13224649512e-11	-0
1.2571840394e-11	-0
1.38212158369e-11	-0
1.50705912798e-11	-0
1.63199667227e-11	-0
1.75693421656e-11	-0
1.88187176085e-11	-0
2.00680930514e-11	-0
2.13174684942e-11	-0
2.25668439371e-11	-0
2.381621938e-11	-0
2.50655948229e-11	-0
2.63149702658e-11	-0
2.75643457087e-11	-0
2.88137211515e-11	-0
3.00630965944e-11	-0
3.13124720373e-11	-0
3.25618474802e-11	-0
3.38112229231e-11	-0
3.5060598366e-11	-0
3.63099738089e-11	-0
3.75593492517e-11	-0
3.88087246946e-11	-0
4.00581001375e-11	-0
4.13074755804e-11	-0
4.25568510233e-11	-0
4.38062264662e-11	-0
4.50556019091e-11	-0
4.63049773519e-11	-0
4.75543527948e-11	-0
4.88037282377e-11	-0
5.00531036806e-11	-0
5.13024791235e-11	-0
5.25518545664e-11	-0
5.38012300093e-11	-0
5.50506054521e-11	-0
5.6299980895e-11	-0
5.75493563379e-11	-0
5.87987317808e-11	-0
6.00481072237e-11	-0
6.12974826666e-11	-0
6.25468581095e-11	-0
6.37962335523e-11	-0
6.50456089952e-11	-0
6.62949844381e-11	-0
6.7544359881e-11	-0
6.87937353239e-11	-0
7.00431107668e-11	-0
7.12924862097e-11	-0
7.25418616525e-11	3.44606735407e-37
7.37912370954e-11	5.2268729391e-35
7.50406125383e-11	4.58476151473e-33
7.62899879812e-11	3.13352704593e-31
7.75393634241e-11	1.69298089352e-29
7.8788738867e-11	7.29525122157e-28
8.00381143099e-11	2.52665800077e-26
8.12874897527e-11	7.08009269146e-25
8.25368651956e-11	1.61426437193e-23
8.37862406385e-11	3.00959825942e-22
8.50356160814e-11	4.60914528889e-21
8.62849915243e-11	5.82428079809e-20
8.75343669672e-11	6.100652439e-19
8.87837424101e-11	5.3235718814e-18
9.00331178529e-11	3.89185665792e-17
9.12824932958e-11	2.39831026268e-16
9.25318687387e-11	1.25361066776e-15
9.37812441816e-11	5.58854805016e-15
9.50306196245e-11	2.13195990538e-14
9.62799950674e-11	6.956655846e-14
9.75293705103e-11	1.9271742405e-13
9.87787459531e-11	4.43104645857e-13
1.00028121396e-10	7.91406220071e-13
1.01277496839e-10	8.30094673554e-13
1.02526872282e-10	-9.08274378018e-13
1.03776247725e-10	-8.16240477985e-12
1.05025623168e-10	-2.85715357623e-11
1.0627499861e-10	-7.50014494955e-11
1.07524374053e-10	-1.64853936058e-10
1.08773749496e-10	-3.14512332844e-10
1.10023124939e-10	-5.254847113e-10
1.11272500382e-10	-7.59977192288e-10
1.12521875825e-10	-9.07964758934e-10
1.13771251268e-10	-7.5597555993e-10
1.15020626711e-10	2.16009848897e-11
1.16270002154e-10	1.8195273066e-09
1.17519377596e-10	4.97972774127e-09
1.18768753039e-10	9.58370005577e-09
1.20018128482e-10	1.51963117645e-08
1.21267503925e-10	2.06559054305e-08
1.22516879368e-10	2.40518289729e-08
1.23766254811e-10	2.30261303358e-08
1.25015630254e-10	1.54478776437e-08
1.26265005697e-10	3.38961414492e-10
1.2751438114e-10	-2.12616289019e-08
1.28763756582e-10	-4.59192577296e-08
1.30013132025e-10	-6.82654359707e-08
1.31262507468e-10	-8.23727077659e-08
1.32511882911e-10	-8.36984312969e-08
1.33761258354e-10	-7.0884468073e-08
1.35010633797e-10	-4.65972647135e-08
1.3626000924e-10	-1.68877303253e-08
1.37509384683e-10	1.0829791286e-08
1.38758760125e-10	3.0422476982e-08
1.40008135568e-10	3.92094747781e-08
1.41257511011e-10	3.87371876798e-08
1.42506886454e-10	3.38565513403e-08
1.43756261897e-10	3.05421323787e-08
1.4500563734e-10	3.33991501122e-08
1.46255012783e-10	4.38527045787e-08
1.47504388226e-10	5.96399871711e-08
1.48753763669e-10	7.56658806722e-08
1.50003139111e-10	8.58096029788e-08
1.51252514554e-10	8.50317505297e-08
1.52501889997e-10	7.11177818857e-08
1.5375126544e-10	4.55402116017e-08
1.55000640883e-10	1.31794175573e-08
1.56250016326e-10	-1.90177011916e-08
1.57499391769e-10	-4.40232810206e-08
1.58748767212e-10	-5.67224667236e-08
1.59998142655e-10	-5.52820900168e-08
1.61247518097e-10	-4.1499845338e-08
1.6249689354e-10	-2.01076186812e-08
1.63746268983e-10	2.66911448499e-09
1.64995644426e-10	2.08222115106e-08
1.66245019869e-10	3.005807514e-08
1.67494395312e-10	2.87175847546e-08
1.68743770755e-10	1.79511339127e-08
1.69993146198e-10	1.18322107667e-09
1.71242521641e-10	-1.69334946065e-08
1.72491897083e-10	-3.17590433951e-08
1.73741272526e-10	-3.97649273509e-08
1.74990647969e-10	-3.92520682624e-08
1.76240023412e-10	-3.05932665867e-08
1.77489398855e-10	-1.60169513208e-08
1.78738774298e-10	9.76633107719e-10
1.79988149741e-10	1.64360880461e-08
1.81237525184e-10	2.68679869464e-08
1.82486900626e-10	3.00570519585e-08
1.83736276069e-10	2.5591001318e-08
1.84985651512e-10	1.49226710988e-08
1.86235026955e-10	9.33462862562e-10
1.87484402398e-10	-1.28720207826e-08
1.88733777841e-10	-2.32882459983e-08
1.89983153284e-10	-2.81701169058e-08
1.91232528727e-10	-2.68307012163e-08
1.9248190417e-10	-2.002288646e-08
1.93731279612e-10	-9.59576329507e-09
1.94980655055e-10	2.032175761e-09
1.96230030498e-10	1.2448029274e-08
1.97479405941e-10	1.9728869205e-08
1.98728781384e-10	2.27418333054e-08
1.99978156827e-10	2.12522088816e-08
2.0122753227e-10	1.58562141195e-08
2.02476907713e-10	7.76674546898e-09
2.03726283156e-10	-1.47002154893e-09
2.04975658598e-10	-1.02598161078e-08
2.06225034041e-10	-1.72194312142e-08
2.07474409484e-10	-2.13737898491e-08
2.08723784927e-10	-2.22728449017e-08
2.0997316037e-10	-2.00374064008e-08
2.11222535813e-10	-1.53142547532e-08
2.12471911256e-10	-9.12740905079e-09
2.13721286699e-10	-2.66412203409e-09
2.14970662142e-10	2.95718871612e-09
2.16220037584e-10	6.88698476026e-09
2.17469413027e-10	8.66613625305e-09
2.1871878847e-10	8.25832380258e-09
2.19968163913e-10	6.00636695935e-09
2.21217539356e-10	2.53934051564e-09
2.22466914799e-10	-1.34321487266e-09
2.23716290242e-10	-4.81305173494e-09
2.24965665685e-10	-7.1693397885e-09
2.26215041127e-10	-7.97890553628e-09
2.2746441657e-10	-7.18097004082e-09
2.28713792013e-10	-5.10509501339e-09
2.29963167456e-10	-2.36383779217e-09
2.31212542899e-10	3.29882232641e-10
2.32461918342e-10	2.36447128543e-09
2.33711293785e-10	3.40034445045e-09
2.34960669228e-10	3.43029005201e-09
2.36210044671e-10	2.72123057421e-09
2.37459420113e-10	1.69417713192e-09
2.38708795556e-10	7.75191411062e-10
2.39958170999e-10	2.69069405645e-10
2.41207546442e-10	3.0423402686e-10
2.42456921885e-10	8.35588376269e-10
2.43706297328e-10	1.68953373514e-09
2.44955672771e-10	2.63312505133e-09
2.46205048214e-10	3.43566730621e-09
2.47454423657e-10	3.91301879787e-09
2.48703799099e-10	3.94541688209e-09
2.49953174542e-10	3.47407369539e-09
2.51202549985e-10	2.50779974564e-09
2.52451925428e-10	1.13394871271e-09
2.53701300871e-10	-4.78425299377e-10
2.54950676314e-10	-2.07790318285e-09
2.56200051757e-10	-3.36544236923e-09
2.574494272e-10	-4.07606126629e-09
2.58698802643e-10	-4.05972855333e-09
2.59948178085e-10	-3.33687277809e-09
2.61197553528e-10	-2.10990735994e-09
2.62446928971e-10	-7.06310676613e-10
2.63696304414e-10	5.17429099567e-10
2.64945679857e-10	1.26718346927e-09
2.661950553e-10	1.38075428868e-09
2.67444430743e-10	8.575391508e-10
2.68693806186e-10	-1.57139565249e-10
2.69943181628e-10	-1.41840339474e-09
2.71192557071e-10	-2.64694621777e-09
2.72441932514e-10	-3.59783158821e-09
2.73691307957e-10	-4.11386880117e-09
2.749406834e-10	-4.14951983885e-09
2.76190058843e-10	-3.75587072554e-09
2.77439434286e-10	-3.03716207739e-09
2.78688809729e-10	-2.10796557987e-09
2.79938185172e-10	-1.07087316792e-09
2.81187560614e-10	-1.69280006679e-11
2.82436936057e-10	9.54489043359e-10
2.836863115e-10	1.71918790315e-09
2.84935686943e-10	2.14617923433e-09
2.86185062386e-10	2.14194351145e-09
2.87434437829e-10	1.6946151149e-09
2.88683813272e-10	9.03600028135e-10
2.89933188715e-10	-3.17540473083e-11
2.91182564158e-10	-8.73033922932e-10
2.924319396e-10	-1.4156205097e-09
2.93681315043e-10	-1.54775214867e-09
2.94930690486e-10	-1.28013888379e-09
2.96180065929e-10	-7.2813782781e-10
2.97429441372e-10	-6.47632503181e-11
2.98678816815e-10	5.3129362021e-10
2.99928192258e-10	9.24027354632e-10
3.01177567701e-10	1.04485953223e-09
3.02426943144e-10	8.92943496922e-10
3.03676318586e-10	5.22116183621e-10
3.04925694029e-10	1.27411605572e-11
3.06175069472e-10	-5.54270629394e-10
3.07424444915e-10	-1.10795139729e-09
3.08673820358e-10	-1.59017277124e-09
3.09923195801e-10	-1.94757920902e-09
3.11172571244e-10	-2.12436868097e-09
3.12421946687e-10	-2.07286632303e-09
3.13671322129e-10	-1.77126091572e-09
3.14920697572e-10	-1.24471444263e-09
3.16170073015e-10	-5.78923409211e-10
3.17419448458e-10	9.61566798408e-11
3.18668823901e-10	6.39132191615e-10
3.19918199344e-10	9.34407107245e-10
3.21167574787e-10	9.29996912813e-10
3.2241695023e-10	6.49899523086e-10
3.23666325673e-10	1.82791184966e-10
3.24915701115e-10	-3.3913827302e-10
3.26165076558e-10	-7.76895048293e-10
3.27414452001e-10	-1.02032671201e-09
3.28663827444e-10	-1.00957764371e-09
3.29913202887e-10	-7.50831508078e-10
3.3116257833e-10	-3.13067766156e-10
3.32411953773e-10	1.95370220002e-10
3.33661329216e-10	6.5588851017e-10
3.34910704659e-10	9.7098140639e-10
3.36160080101e-10	1.0859495525e-09
3.37409455544e-10	9.9375185858e-10
3.38658830987e-10	7.28700433328e-10
3.3990820643e-10	3.48135742456e-10
3.41157581873e-10	-8.29053700691e-11
3.42406957316e-10	-4.96993002308e-10
3.43656332759e-10	-8.33606406125e-10
3.44905708202e-10	-1.04503505849e-09
3.46155083644e-10	-1.09881770349e-09
3.47404459087e-10	-9.89966886245e-10
3.4865383453e-10	-7.48520023741e-10
3.49903209973e-10	-4.34424163309e-10
3.51152585416e-10	-1.28032556779e-10
3.52401960859e-10	8.76774070013e-11
3.53651336302e-10	1.48184325921e-10
3.54900711745e-10	2.51840926585e-11
3.56150087188e-10	-2.61532850931e-10
3.5739946263e-10	-6.47345510529e-10
3.58648838073e-10	-1.03793618145e-09
3.59898213516e-10	-1.33139810288e-09
3.61147588959e-10	-1.4476366772e-09
3.62396964402e-10	-1.35120992173e-09
3.63646339845e-10	-1.05866726496e-09
3.64895715288e-10	-6.30465957219e-10
3.66145090731e-10	-1.49268153393e-10
3.67394466174e-10	3.03607861074e-10
3.68643841616e-10	6.661065588e-10
3.69893217059e-10	9.05280350683e-10
3.71142592502e-10	1.01287722654e-09
3.72391967945e-10	9.9788999286e-10
3.73641343388e-10	8.83868311874e-10
3.74890718831e-10	7.04355684888e-10
3.76140094274e-10	4.98938890203e-10
3.77389469717e-10	3.09782727248e-10
3.7863884516e-10	1.72730357795e-10
3.79888220602e-10	1.0848181381e-10
3.81137596045e-10	1.181158088e-10
3.82386971488e-10	1.85282081344e-10
3.83636346931e-10	2.84167106512e-10
3.84885722374e-10	3.85865284169e-10
3.86135097817e-10	4.64630389718e-10
3.8738447326e-10	5.02341834796e-10
3.88633848703e-10	4.88477425176e-10
3.89883224145e-10	4.22452017812e-10
3.91132599588e-10	3.17468412669e-10
3.92381975031e-10	1.9908240334e-10
3.93631350474e-10	1.00139958825e-10
3.94880725917e-10	5.17449000315e-11
3.9613010136e-10	7.19470039101e-11
3.97379476803e-10	1.59074114991e-10
3.98628852246e-10	2.91796975471e-10
3.99878227689e-10	4.36394781422e-10
4.01127603131e-10	5.58237567283e-10
4.02376978574e-10	6.31424468267e-10
4.03626354017e-10	6.44104436454e-10
4.0487572946e-10	5.99129079681e-10
4.06125104903e-10	5.10914310858e-10
4.07374480346e-10	3.98751531794e-10
4.08623855789e-10	2.80006823283e-10
4.09873231232e-10	1.67705030418e-10
4.11122606675e-10	6.89756099459e-11
4.12371982117e-10	-1.57794732142e-11
4.1362135756e-10	-8.73369154775e-11
4.14870733003e-10	-1.43284287213e-10
4.16120108446e-10	-1.79323403349e-10
4.17369483889e-10	-1.90439511383e-10
4.18618859332e-10	-1.74733283398e-10
4.19868234775e-10	-1.38598396648e-10
4.21117610218e-10	-9.64440333151e-11
4.22366985661e-10	-6.58716831081e-11
4.23616361103e-10	-6.06324088159e-11
4.24865736546e-10	-8.47462655607e-11
4.26115111989e-10	-1.31731833775e-10
4.27364487432e-10	-1.87659179862e-10
4.28613862875e-10	-2.37717567853e-10
4.29863238318e-10	-2.71857009126e-10
4.31112613761e-10	-2.85086870777e-10
4.32361989204e-10	-2.75944850303e-10
4.33611364646e-10	-2.44719938758e-10
4.34860740089e-10	-1.91907142955e-10
4.36110115532e-10	-1.20304835538e-10
4.37359490975e-10	-3.69701422254e-11
4.38608866418e-10	4.74385218607e-11
4.39858241861e-10	1.20607912546e-10
4.41107617304e-10	1.73250899738e-10
4.42356992747e-10	2.03000893872e-10
4.4360636819e-10	2.13502493462e-10
4.44855743632e-10	2.11799272565e-10
4.46105119075e-10	2.04995423414e-10
4.47354494518e-10	1.97445962358e-10
4.48603869961e-10	1.91133414651e-10
4.49853245404e-10	1.88285026459e-10
4.51102620847e-10	1.93081009514e-10
4.5235199629e-10	2.1049087473e-10
4.53601371733e-10	2.42976500031e-10
4.54850747176e-10	2.87237983398e-10
4.56100122618e-10	3.32472049891e-10
4.57349498061e-10	3.62383095753e-10
4.58598873504e-10	3.61137147964e-10
4.59848248947e-10	3.19356568967e-10
4.6109762439e-10	2.37989711271e-10
4.62346999833e-10	1.2858823728e-10
4.63596375276e-10	9.24412803249e-12
4.64845750719e-10	-1.01672045782e-10
4.66095126162e-10	-1.90683843715e-10
4.67344501604e-10	-2.51917986471e-10
4.68593877047e-10	-2.86753537582e-10
4.6984325249e-10	-3.01137587089e-10
4.71092627933e-10	-3.02275177111e-10
4.72342003376e-10	-2.9655999878e-10
4.73591378819e-10	-2.89545970533e-10
4.74840754262e-10	-2.86509843628e-10
4.76090129705e-10	-2.92317392514e-10
4.77339505147e-10	-3.10870579279e-10
4.7858888059e-10	-3.43525929924e-10
4.79838256033e-10	-3.86823961751e-10
4.81087631476e-10	-4.32202912348e-10
4.82337006919e-10	-4.68636573991e-10
4.83586382362e-10	-4.85977369458e-10
4.84835757805e-10	-4.7861492547e-10
4.86085133248e-10	-4.47804626713e-10
4.87334508691e-10	-4.00517535804e-10
4.88583884133e-10	-3.4672553717e-10
4.89833259576e-10	-2.96320912252e-10
4.91082635019e-10	-2.562629553e-10
4.92332010462e-10	-2.30400157286e-10
4.93581385905e-10	-2.20836363085e-10
4.94830761348e-10	-2.27901017502e-10
4.96080136791e-10	-2.50184206685e-10
4.97329512234e-10	-2.83726209194e-10
4.98578887677e-10	-3.20728499315e-10
4.99828263119e-10	-3.50575263264e-10
5.01077638562e-10	-3.63253011004e-10
5.02327014005e-10	-3.53132301179e-10
5.03576389448e-10	-3.21778437229e-10
5.04825764891e-10	-2.77637468571e-10
5.06075140334e-10	-2.32733873839e-10
5.07324515777e-10	-1.9770089732e-10
5.0857389122e-10	-1.78014644692e-10
5.09823266663e-10	-1.73135686343e-10
5.11072642105e-10	-1.78232720249e-10
5.12322017548e-10	-1.87791837636e-10
5.13571392991e-10	-1.98465438528e-10
5.14820768434e-10	-2.08837322435e-10
5.16070143877e-10	-2.18287971032e-10
5.1731951932e-10	-2.25441401658e-10
5.18568894763e-10	-2.26588858787e-10
5.19818270206e-10	-2.17731152552e-10
5.21067645648e-10	-1.97292640558e-10
5.22317021091e-10	-1.67268643381e-10
5.23566396534e-10	-1.34019517706e-10
5.24815771977e-10	-1.06272303457e-10
5.2606514742e-10	-9.0950406928e-11
5.27314522863e-10	-9.12812603282e-11
5.28563898306e-10	-1.05931319272e-10
5.29813273749e-10	-1.29612917621e-10
5.31062649192e-10	-1.56332294332e-10
5.32312024634e-10	-1.81442763592e-10
5.33561400077e-10	-2.02184616271e-10
5.3481077552e-10	-2.18135343122e-10
5.36060150963e-10	-2.2963077273e-10
5.37309526406e-10	-2.36608704851e-10
5.38558901849e-10	-2.39122249779e-10
5.39808277292e-10	-2.37777048051e-10
5.41057652735e-10	-2.34492758544e-10
5.42307028178e-10	-2.33137981143e-10
5.4355640362e-10	-2.37949854265e-10
5.44805779063e-10	-2.51850845734e-10
5.46055154506e-10	-2.7506541489e-10
5.47304529949e-10	-3.03788050271e-10
5.48553905392e-10	-3.31678046139e-10
5.49803280835e-10	-3.52923190672e-10
5.51052656278e-10	-3.63835211958e-10
5.52302031721e-10	-3.64422630961e-10
5.53551407164e-10	-3.58024609959e-10
5.54800782606e-10	-3.48094414404e-10
5.56050158049e-10	-3.36618621866e-10
5.57299533492e-10	-3.23518684064e-10
5.58548908935e-10	-3.06970532327e-10
5.59798284378e-10	-2.86509899139e-10
5.61047659821e-10	-2.64590793719e-10
5.62297035264e-10	-2.45006542832e-10
5.63546410707e-10	-2.31802618766e-10
5.64795786149e-10	-2.26352631083e-10
5.66045161592e-10	-2.24987861674e-10
5.67294537035e-10	-2.21420382029e-10
5.68543912478e-10	-2.09685463437e-10
5.69793287921e-10	-1.86650778167e-10
5.71042663364e-10	-1.54419421694e-10
5.72292038807e-10	-1.18442533559e-10
5.7354141425e-10	-8.41498121185e-11
5.74790789693e-10	-5.51099964274e-11
5.76040165135e-10	-3.12998932328e-11
5.77289540578e-10	-1.04502248868e-11
5.78538916021e-10	8.66635582741e-12
5.79788291464e-10	2.55457287268e-11
5.81037666907e-10	3.81658732396e-11
5.8228704235e-10	4.42523864774e-11
5.83536417793e-10	4.41214009772e-11
5.84785793236e-10	4.11696093883e-11
5.86035168679e-10	4.01542583905e-11
5.87284544121e-10	4.51667592216e-11
5.88533919564e-10	5.71560958285e-11
5.89783295007e-10	7.34410449121e-11
5.9103267045e-10	8.94279927888e-11
5.92282045893e-10	1.00668806624e-10
5.93531421336e-10	1.05159173036e-10
5.94780796779e-10	1.03719748068e-10
5.96030172222e-10	9.85502651707e-11
5.97279547665e-10	9.17882506113e-11
5.98528923107e-10	8.4294252134e-11
5.9977829855e-10	7.54355883315e-11
6.01027673993e-10	6.430773275e-11
6.02277049436e-10	5.10398182052e-11
6.03526424879e-10	3.76794428991e-11
6.04775800322e-10	2.72607492136e-11
6.06025175765e-10	2.20598036366e-11
6.07274551208e-10	2.27404171882e-11
6.0852392665e-10	2.72243061428e-11
6.09773302093e-10	3.11698618305e-11
6.11022677536e-10	3.05708722226e-11
6.12272052979e-10	2.32249410675e-11
6.13521428422e-10	9.67246074901e-12
6.14770803865e-10	-6.68424994174e-12
6.16020179308e-10	-2.19551876679e-11
6.17269554751e-10	-3.35152600117e-11
6.18518930194e-10	-4.06716015033e-11
6.19768305636e-10	-4.51071957563e-11
6.21017681079e-10	-4.88438664514e-11
6.22267056522e-10	-5.25430567111e-11
6.23516431965e-10	-5.54938109354e-11
6.24765807408e-10	-5.56193008316e-11
6.26015182851e-10	-5.15595031947e-11
6.27264558294e-10	-4.43304663811e-11
6.28513933737e-10	-3.66309101107e-11
6.2976330918e-10	-3.2106709652e-11
6.31012684622e-10	-3.31220398331e-11
6.32262060065e-10	-3.8673432512e-11
6.33511435508e-10	-4.54818543938e-11
6.34760810951e-10	-4.91948010106e-11
6.36010186394e-10	-4.66341895655e-11
6.37259561837e-10	-3.81525748494e-11
6.3850893728e-10	-2.61988573197e-11
6.39758312723e-10	-1.39368169783e-11
6.41007688166e-10	-3.94996665584e-12
6.42257063608e-10	4.22778565629e-12
6.43506439051e-10	1.26667339811e-11
6.44755814494e-10	2.26310740981e-11
6.46005189937e-10	3.42056348523e-11
6.4725456538e-10	4.5110422342e-11
6.48503940823e-10	5.20897006084e-11
6.49753316266e-10	5.36784262872e-11
6.51002691709e-10	5.04442321247e-11
6.52252067151e-10	4.56561108364e-11
6.53501442594e-10	4.35680207189e-11
6.54750818037e-10	4.59937365971e-11
6.5600019348e-10	5.22483063758e-11
6.57249568923e-10	5.93878349275e-11
6.58498944366e-10	6.33147076434e-11
6.59748319809e-10	6.20307416543e-11
6.60997695252e-10	5.6063882703e-11
6.62247070695e-10	4.75844606773e-11
6.63496446137e-10	3.95018913413e-11
6.6474582158e-10	3.25976572124e-11
6.65995197023e-10	2.5579302565e-11
6.67244572466e-10	1.6601768571e-11
6.68493947909e-10	3.78691132272e-12
6.69743323352e-10	-1.24933379614e-11
6.70992698795e-10	-2.93496268955e-11
6.72242074238e-10	-4.39810271535e-11
6.73491449681e-10	-5.43846391532e-11
6.74740825123e-10	-6.0776092492e-11
6.75990200566e-10	-6.60553625687e-11
6.77239576009e-10	-7.32465546549e-11
6.78488951452e-10	-8.41772901383e-11
6.79738326895e-10	-9.87092282911e-11
6.80987702338e-10	-1.14324445744e-10
6.82237077781e-10	-1.28358615403e-10
6.83486453224e-10	-1.39414382816e-10
6.84735828667e-10	-1.47552511875e-10
6.85985204109e-10	-1.54683293951e-10
6.87234579552e-10	-1.62564253725e-10
6.88483954995e-10	-1.71375885705e-10
6.89733330438e-10	-1.80119280602e-10
6.90982705881e-10	-1.86674564695e-10
6.92232081324e-10	-1.89308485554e-10
6.93481456767e-10	-1.88332918705e-10
6.9473083221e-10	-1.85463075453e-10
6.95980207652e-10	-1.83272869103e-10
6.97229583095e-10	-1.83750334393e-10
6.98478958538e-10	-1.86736681673e-10
6.99728333981e-10	-1.90625334962e-10
7.00977709424e-10	-1.93102034363e-10
7.02227084867e-10	-1.9213633462e-10
7.0347646031e-10	-1.8781665112e-10
7.04725835753e-10	-1.81705414604e-10
7.05975211196e-10	-1.75682593473e-10
7.07224586638e-10	-1.71256397952e-10
7.08473962081e-10	-1.68171282455e-10
7.09723337524e-10	-1.64916136303e-10
7.10972712967e-10	-1.60003690852e-10
7.1222208841e-10	-1.52598766956e-10
7.13471463853e-10	-1.43687090004e-10
7.14720839296e-10	-1.35490355047e-10
7.15970214739e-10	-1.29765295731e-10
7.17219590182e-10	-1.27284363605e-10
7.18468965624e-10	-1.27000729377e-10
7.19718341067e-10	-1.26446436655e-10
7.2096771651e-10	-1.23655446993e-10
7.22217091953e-10	-1.1795533994e-10
7.23466467396e-10	-1.10422726518e-10
7.24715842839e-10	-1.03507154237e-10
7.25965218282e-10	-9.90598714168e-11
7.27214593725e-10	-9.76260877694e-11
7.28463969168e-10	-9.81169659409e-11
7.2971334461e-10	-9.83726988757e-11
7.30962720053e-10	-9.70370520048e-11
7.32212095496e-10	-9.42228864376e-11
7.33461470939e-10	-9.14521652851e-11
7.34710846382e-10	-9.09481726041e-11
7.35960221825e-10	-9.36973693078e-11
7.37209597268e-10	-9.89420767539e-11
7.38458972711e-10	-1.04657893463e-10
7.39708348153e-10	-1.08363408524e-10
7.40957723596e-10	-1.09075339039e-10
7.42207099039e-10	-1.07782692493e-10
7.43456474482e-10	-1.0659172156e-10
7.44705849925e-10	-1.07789645265e-10
7.45955225368e-10	-1.12059882207e-10
7.47204600811e-10	-1.18068055333e-10
7.48453976254e-10	-1.23737312063e-10
7.49703351697e-10	-1.27107657732e-10
7.50952727139e-10	-1.27799382188e-10
7.52202102582e-10	-1.27277646755e-10
7.53451478025e-10	-1.2748306577e-10
7.54700853468e-10	-1.29731711485e-10
7.55950228911e-10	-1.33569613703e-10
7.57199604354e-10	-1.37026084923e-10
7.58448979797e-10	-1.38079450651e-10
7.5969835524e-10	-1.35632075016e-10
7.60947730683e-10	-1.30413638222e-10
7.62197106125e-10	-1.24640048282e-10
7.63446481568e-10	-1.20261620107e-10
7.64695857011e-10	-1.1808626299e-10
7.65945232454e-10	-1.17227172414e-10
7.67194607897e-10	-1.15579108784e-10
7.6844398334e-10	-1.1150159962e-10
7.69693358783e-10	-1.04548106283e-10
7.70942734226e-10	-9.57461540607e-11
7.72192109668e-10	-8.71103536526e-11
7.73441485111e-10	-7.99377092298e-11
7.74690860554e-10	-7.42690839384e-11
7.75940235997e-10	-6.89442808399e-11
7.7718961144e-10	-6.22271123518e-11
7.78438986883e-10	-5.32700099309e-11
7.79688362326e-10	-4.24711203706e-11
7.80937737769e-10	-3.1355109481e-11
7.82187113212e-10	-2.17790282336e-11
7.83436488654e-10	-1.45445183675e-11
7.84685864097e-10	-9.21927291453e-12
7.8593523954e-10	-4.43379534476e-12
7.87184614983e-10	1.50556314377e-12
7.88433990426e-10	9.12702032008e-12
7.89683365869e-10	1.78236488069e-11
7.90932741312e-10	2.63153422664e-11
7.92182116755e-10	3.30293466189e-11
7.93431492198e-10	3.75063695379e-11
7.9468086764e-10	4.04749740668e-11
7.95930243083e-10	4.31163230119e-11
7.97179618526e-10	4.66541562327e-11
7.98428993969e-10	5.12601593117e-11
7.99678369412e-10	5.60135063332e-11
8.00927744855e-10	5.97073085418e-11
8.02177120298e-10	6.11636158387e-11
8.03426495741e-10	6.03546171374e-11
8.04675871184e-10	5.8459355412e-11
8.05925246626e-10	5.68127697664e-11
8.07174622069e-10	5.64907426392e-11
8.08423997512e-10	5.75204606168e-11
8.09673372955e-10	5.87786763706e-11
8.10922748398e-10	5.89964188613e-11
8.12172123841e-10	5.71938121863e-11
8.13421499284e-10	5.35547543812e-11
8.14670874727e-10	4.94107393889e-11
8.15920250169e-10	4.59564192257e-11
8.17169625612e-10	4.39741021374e-11
8.18419001055e-10	4.32500285585e-11
8.19668376498e-10	4.24698609613e-11
8.20917751941e-10	4.05118022462e-11
8.22167127384e-10	3.69074944218e-11
8.23416502827e-10	3.2230319108e-11
8.2466587827e-10	2.80300036654e-11
8.25915253713e-10	2.54613309603e-11
8.27164629155e-10	2.48108842499e-11
8.28414004598e-10	2.54435587183e-11
8.29663380041e-10	2.5841608367e-11
8.30912755484e-10	2.48773883438e-11
8.32162130927e-10	2.24697534884e-11
8.3341150637e-10	1.94725416347e-11
8.34660881813e-10	1.74002912773e-11
8.35910257256e-10	1.72058998993e-11
8.37159632699e-10	1.8751365044e-11
8.38409008141e-10	2.10422703567e-11
8.39658383584e-10	2.26889687593e-11
8.40907759027e-10	2.29091398629e-11
8.4215713447e-10	2.20713794463e-11
8.43406509913e-10	2.12621257406e-11
8.44655885356e-10	2.18015987208e-11
8.45905260799e-10	2.4152360667e-11
8.47154636242e-10	2.76524844689e-11
8.48404011685e-10	3.10476019894e-11
8.49653387127e-10	3.30893472344e-11
8.5090276257e-10	3.34048379236e-11
8.52152138013e-10	3.27339856609e-11
8.53401513456e-10	3.22730002444e-11
8.54650888899e-10	3.30660498982e-11
8.55900264342e-10	3.52028198258e-11
8.57149639785e-10	3.77232030335e-11
8.58399015228e-10	3.94612467702e-11
8.5964839067e-10	3.95585508794e-11
8.60897766113e-10	3.80569672997e-11
8.62147141556e-10	3.5891886685e-11
8.63396516999e-10	3.41507273849e-11
8.64645892442e-10	3.34334886165e-11
8.65895267885e-10	3.34641481192e-11
8.67144643328e-10	3.31815824817e-11
8.68394018771e-10	3.16366030595e-11
8.69643394214e-10	2.83832575498e-11
8.70892769656e-10	2.3803651758e-11
8.72142145099e-10	1.89432584202e-11
8.73391520542e-10	1.47397979239e-11
8.74640895985e-10	1.14875270754e-11
8.75890271428e-10	8.76321498006e-12
8.77139646871e-10	5.63560179426e-12
8.78389022314e-10	1.33106633354e-12
8.79638397757e-10	-4.25023080966e-12
8.808877732e-10	-1.06007390366e-11
8.82137148642e-10	-1.68222796804e-11
8.83386524085e-10	-2.21517509197e-11
8.84635899528e-10	-2.64922719179e-11
8.85885274971e-10	-3.04019170949e-11
8.87134650414e-10	-3.46498767179e-11
8.88384025857e-10	-3.97933873353e-11
8.896334013e-10	-4.58067368758e-11
8.90882776743e-10	-5.20190418518e-11
8.92132152186e-10	-5.76101978622e-11
8.93381527628e-10	-6.20282367136e-11
8.94630903071e-10	-6.52306958449e-11
8.95880278514e-10	-6.78880840432e-11
8.97129653957e-10	-7.08017811046e-11
8.983790294e-10	-7.4382972004e-11
8.99628404843e-10	-7.85499235101e-11
9.00877780286e-10	-8.26351279071e-11
9.02127155729e-10	-8.58064799769e-11
9.03376531171e-10	-8.76794400972e-11
9.04625906614e-10	-8.83892195547e-11
9.05875282057e-10	-8.86738391048e-11
9.071246575e-10	-8.93438587002e-11
9.08374032943e-10	-9.06782149368e-11
9.09623408386e-10	-9.2460601675e-11
9.10872783829e-10	-9.39171240777e-11
9.12122159272e-10	-9.42726105513e-11
9.13371534715e-10	-9.33482180443e-11
9.14620910157e-10	-9.15161141313e-11
9.158702856e-10	-8.96242802195e-11
9.17119661043e-10	-8.84983197835e-11
9.18369036486e-10	-8.82224987508e-11
9.19618411929e-10	-8.83818435105e-11
9.20867787372e-10	-8.81542269737e-11
9.22117162815e-10	-8.68151314726e-11
9.23366538258e-10	-8.44427514024e-11
9.24615913701e-10	-8.16451004026e-11
9.25865289143e-10	-7.92504672997e-11
9.27114664586e-10	-7.7946593624e-11
9.28364040029e-10	-7.75822184274e-11
9.29613415472e-10	-7.74703495798e-11
9.30862790915e-10	-7.68576591259e-11
9.32112166358e-10	-7.52189005526e-11
9.33361541801e-10	-7.28885840573e-11
9.34610917244e-10	-7.06522063076e-11
9.35860292687e-10	-6.92418414272e-11
9.37109668129e-10	-6.90756132848e-11
9.38359043572e-10	-6.97288962681e-11
9.39608419015e-10	-7.03554922654e-11
9.40857794458e-10	-7.03231708976e-11
9.42107169901e-10	-6.9369190947e-11
9.43356545344e-10	-6.7995685471e-11
9.44605920787e-10	-6.70327543473e-11
9.4585529623e-10	-6.69861041636e-11
9.47104671672e-10	-6.79792888647e-11
9.48354047115e-10	-6.94145088631e-11
9.49603422558e-10	-7.04524355521e-11
9.50852798001e-10	-7.06679229023e-11
9.52102173444e-10	-7.00866170655e-11
9.53351548887e-10	-6.92583282391e-11
9.5460092433e-10	-6.89489437766e-11
9.55850299773e-10	-6.94230298248e-11
9.57099675216e-10	-7.05198677231e-11
9.58349050658e-10	-7.1637466792e-11
9.59598426101e-10	-7.20528220421e-11
9.60847801544e-10	-7.15333278722e-11
9.62097176987e-10	-7.02868527269e-11
9.6334655243e-10	-6.88563581153e-11
9.64595927873e-10	-6.78354108996e-11
9.65845303316e-10	-6.73752303948e-11
9.67094678759e-10	-6.71941946528e-11
9.68344054202e-10	-6.67597019333e-11
9.69593429644e-10	-6.5532843041e-11
9.70842805087e-10	-6.34046079528e-11
9.7209218053e-10	-6.06489858335e-11
9.73341555973e-10	-5.7794026509e-11
9.74590931416e-10	-5.52861784131e-11
9.75840306859e-10	-5.32176594459e-11
9.77089682302e-10	-5.13301554039e-11
9.78339057745e-10	-4.91431617622e-11
9.79588433188e-10	-4.62187649264e-11
9.8083780863e-10	-4.24944454624e-11
9.82087184073e-10	-3.82746716265e-11
9.83336559516e-10	-3.40949248001e-11
9.84585934959e-10	-3.03935071555e-11
9.85835310402e-10	-2.72469061202e-11
9.87084685845e-10	-2.44179156061e-11
9.88334061288e-10	-2.13688945011e-11
9.89583436731e-10	-1.7677253758e-11
9.90832812173e-10	-1.33513373968e-11
9.92082187616e-10	-8.70359860572e-12
9.93331563059e-10	-4.3533059102e-12
9.94580938502e-10	-7.90802698932e-13
9.95830313945e-10	2.03414672259e-12
9.97079689388e-10	4.43178610129e-12
9.98329064831e-10	7.01098467476e-12
9.99578440274e-10	1.0269275881e-11
1.00082781572e-09	1.40382011571e-11
1.00207719116e-09	1.78527505279e-11
1.0033265666e-09	2.10601709683e-11
1.00457594205e-09	2.31571463394e-11
1.00582531749e-09	2.44010714412e-11
1.00707469293e-09	2.53389011162e-11
1.00832406837e-09	2.66196786836e-11
1.00957344382e-09	2.86623415974e-11
1.01082281926e-09	3.11277496834e-11
1.0120721947e-09	3.33214740522e-11
1.01332157015e-09	3.46417235175e-11
1.01457094559e-09	3.47598443085e-11
1.01582032103e-09	3.41726924535e-11
1.01706969647e-09	3.36649180754e-11
1.01831907192e-09	3.37783065407e-11
1.01956844736e-09	3.47428821823e-11
1.0208178228e-09	3.59677565509e-11
1.02206719825e-09	3.66188815382e-11
1.02331657369e-09	3.62731407411e-11
1.02456594913e-09	3.49170276026e-11
1.02581532457e-09	3.32367952605e-11
1.02706470002e-09	3.21174233042e-11
1.02831407546e-09	3.18796308796e-11
1.0295634509e-09	3.24060465962e-11
1.03081282635e-09	3.29832133827e-11
1.03206220179e-09	3.27927060506e-11
1.03331157723e-09	3.16587416005e-11
1.03456095267e-09	2.99178494478e-11
1.03581032812e-09	2.82994305073e-11
1.03705970356e-09	2.7569807548e-11
1.038309079e-09	2.77713841507e-11
1.03955845445e-09	2.84751423829e-11
1.04080782989e-09	2.89770620693e-11
1.04205720533e-09	2.86340239714e-11
1.04330658077e-09	2.7533366212e-11
1.04455595622e-09	2.61989908934e-11
1.04580533166e-09	2.53070793488e-11
1.0470547071e-09	2.53547044471e-11
1.04830408255e-09	2.6154427582e-11
