% time-domain current integration by openEMS v0.0.36-142-g32c5c6b @Thu Jul  9 20:12:00 2026
% start-coordinates: (9.53308e-05,3.73983e-05,0.000521833) m -> [11,6,93]
% stop-coordinates: (0.00011916,6.1227e-05,0.000521833) m -> [14,9,93]
% t/s	current
2.63122970763e-15	0
1.24983411112e-12	2.01520701168e-12
2.49703699254e-12	2.28652340117e-12
3.74423987396e-12	1.11596430881e-12
4.99144275538e-12	-8.63303786097e-13
6.23864563679e-12	-7.66437000671e-12
7.48584851821e-12	-2.43841457442e-11
8.73305139963e-12	-4.8239578998e-11
9.98025428104e-12	-8.8563691103e-11
1.12274571625e-11	-1.34984773359e-10
1.24746600439e-11	-1.62475463639e-10
1.37218629253e-11	-1.28414431866e-10
1.49690658067e-11	2.3344055855e-11
1.62162686881e-11	3.48304385334e-10
1.74634715695e-11	8.7070195498e-10
1.8710674451e-11	1.55500512466e-09
1.99578773324e-11	2.28435248495e-09
2.12050802138e-11	2.86169021813e-09
2.24522830952e-11	3.03673508562e-09
2.36994859766e-11	2.54771070907e-09
2.4946688858e-11	1.17127774146e-09
2.61938917395e-11	-1.22129373281e-09
2.74410946209e-11	-4.58417215299e-09
2.86882975023e-11	-8.58670201609e-09
2.99355003837e-11	-1.25046977217e-08
3.11827032651e-11	-1.52048134083e-08
3.24299061465e-11	-1.53365711242e-08
3.3677109028e-11	-1.17799858756e-08
3.49243119094e-11	-4.24204937843e-09
3.61715147908e-11	6.27086294003e-09
3.74187176722e-11	1.74231882255e-08
3.86659205536e-11	2.61322181672e-08
3.9913123435e-11	2.96222602003e-08
4.11603263165e-11	2.65194852744e-08
4.24075291979e-11	1.74683005838e-08
4.36547320793e-11	4.95026908354e-09
4.49019349607e-11	-7.62799601262e-09
4.61491378421e-11	-1.71571929997e-08
4.73963407235e-11	-2.18171045674e-08
4.8643543605e-11	-2.14570157198e-08
4.98907464864e-11	-1.73115193292e-08
5.11379493678e-11	-1.12964331223e-08
5.23851522492e-11	-5.25269783225e-09
5.36323551306e-11	-4.34419333839e-10
5.48795580121e-11	2.64796251592e-09
5.61267608935e-11	4.09362233e-09
5.73739637749e-11	4.34030766883e-09
5.86211666563e-11	3.90289400798e-09
5.98683695377e-11	3.20361537298e-09
6.11155724191e-11	2.50745824104e-09
6.23627753006e-11	1.93468085996e-09
6.3609978182e-11	1.50528833842e-09
6.48571810634e-11	1.19003407129e-09
6.61043839448e-11	9.45809985886e-10
6.73515868262e-11	7.37379823867e-10
6.85987897076e-11	5.42714873042e-10
6.98459925891e-11	3.57446627852e-10
7.10931954705e-11	1.86860971141e-10
7.23403983519e-11	3.95056556912e-11
7.35876012333e-11	-7.73130240384e-11
7.48348041147e-11	-1.60347110589e-10
7.60820069961e-11	-2.1085033719e-10
7.73292098776e-11	-2.33589203535e-10
7.8576412759e-11	-2.35176350616e-10
7.98236156404e-11	-2.22239643355e-10
8.10708185218e-11	-2.00886252077e-10
8.23180214032e-11	-1.75633133037e-10
8.35652242846e-11	-1.49245227288e-10
8.48124271661e-11	-1.23371923788e-10
8.60596300475e-11	-9.87700407573e-11
8.73068329289e-11	-7.6091667689e-11
8.85540358103e-11	-5.57003540513e-11
8.98012386917e-11	-3.73628593342e-11
9.10484415731e-11	-2.15172688695e-11
9.22956444546e-11	-8.63907903548e-12
9.3542847336e-11	1.30321166185e-12
9.47900502174e-11	8.57580065988e-12
9.60372530988e-11	1.39189423876e-11
9.72844559802e-11	1.71428080065e-11
9.85316588616e-11	1.8179771924e-11
9.97788617431e-11	1.85316813978e-11
1.01026064624e-10	1.8556748152e-11
1.02273267506e-10	1.77627322573e-11
1.03520470387e-10	1.579101086e-11
1.04767673269e-10	1.28107533262e-11
1.0601487615e-10	1.06937202149e-11
1.07262079032e-10	8.57970031826e-12
1.08509281913e-10	4.80512071105e-12
1.09756484794e-10	1.82992835294e-12
1.11003687676e-10	1.13891339935e-12
1.12250890557e-10	2.51382313403e-12
1.13498093439e-10	3.46124170991e-12
1.1474529632e-10	2.13716154149e-12
1.15992499201e-10	3.24353174527e-12
1.17239702083e-10	5.16710675982e-12
1.18486904964e-10	1.73004264994e-12
1.19734107846e-10	-4.9670237541e-12
1.20981310727e-10	-1.0232721788e-11
1.22228513609e-10	-8.51609407992e-12
1.2347571649e-10	-4.71701670779e-12
1.24722919371e-10	-6.02931593541e-12
1.25970122253e-10	2.54357407532e-13
1.27217325134e-10	1.5556890845e-11
1.28464528016e-10	2.41925264544e-11
1.29711730897e-10	1.73061790593e-11
1.30958933778e-10	-1.78059390149e-12
1.3220613666e-10	-1.04219107303e-11
1.33453339541e-10	-1.46883616381e-11
1.34700542423e-10	-3.73906391959e-11
1.35947745304e-10	-4.76501720026e-11
1.37194948186e-10	-1.89728423944e-11
1.38442151067e-10	3.38875767725e-11
1.39689353948e-10	6.828633492e-11
1.4093655683e-10	5.76356046222e-11
1.42183759711e-10	5.76756524484e-11
1.43430962593e-10	6.09645320337e-11
1.44678165474e-10	-1.43135017727e-11
1.45925368355e-10	-1.33082961318e-10
1.47172571237e-10	-1.95064395192e-10
1.48419774118e-10	-1.29810842631e-10
1.49666977e-10	-1.46619799635e-11
1.50914179881e-10	3.38397920796e-11
1.52161382763e-10	1.49856377307e-10
1.53408585644e-10	3.57546908747e-10
1.54655788525e-10	4.04363209583e-10
1.55902991407e-10	1.57118901223e-10
1.57150194288e-10	-2.49105153172e-10
1.5839739717e-10	-4.53361598263e-10
1.59644600051e-10	-4.82743622854e-10
1.60891802932e-10	-6.43775366349e-10
1.62139005814e-10	-5.54586376822e-10
1.63386208695e-10	1.58188906418e-10
1.64633411577e-10	1.11136688741e-09
1.65880614458e-10	1.52312340518e-09
1.6712781734e-10	1.04441055804e-09
1.68375020221e-10	5.10771869244e-10
1.69622223102e-10	1.31145927451e-11
1.70869425984e-10	-1.43434564226e-09
1.72116628865e-10	-3.14230552689e-09
1.73363831747e-10	-3.34970540194e-09
1.74611034628e-10	-1.25180132926e-09
1.75858237509e-10	1.545727768e-09
1.77105440391e-10	2.96851832005e-09
1.78352643272e-10	4.5053232256e-09
1.79599846154e-10	6.36760555395e-09
1.80847049035e-10	4.84689888225e-09
1.82094251917e-10	-1.3851788605e-09
1.83341454798e-10	-8.83753870085e-09
1.84588657679e-10	-1.14134159901e-08
1.85835860561e-10	-9.34464150504e-09
1.87083063442e-10	-7.45047756823e-09
1.88330266324e-10	-1.24085586251e-09
1.89577469205e-10	1.29772113056e-08
1.90824672086e-10	2.66784141445e-08
1.92071874968e-10	2.71501363613e-08
1.93319077849e-10	1.11177014261e-08
1.94566280731e-10	-6.39145225634e-09
1.95813483612e-10	-2.06104147082e-08
1.97060686494e-10	-4.24081250117e-08
1.98307889375e-10	-5.7940383158e-08
1.99555092256e-10	-4.15080378957e-08
2.00802295138e-10	1.05970112685e-08
2.02049498019e-10	6.54987744042e-08
2.03296700901e-10	8.60181472717e-08
2.04543903782e-10	9.04725538931e-08
2.05791106663e-10	8.24691852586e-08
2.07038309545e-10	1.44840370808e-08
2.08285512426e-10	-1.10585283153e-07
2.09532715308e-10	-2.1917645654e-07
2.10779918189e-10	-2.17182332563e-07
2.12027121071e-10	-1.14465926515e-07
2.13274323952e-10	-1.60940771821e-09
2.14521526833e-10	1.59793174248e-07
2.15768729715e-10	3.8311563344e-07
2.17015932596e-10	5.03230921822e-07
2.18263135478e-10	3.53676000486e-07
2.19510338359e-10	-5.82299861662e-08
2.2075754124e-10	-4.5106432367e-07
2.22004744122e-10	-6.84128053763e-07
2.23251947003e-10	-8.73130602486e-07
2.24499149885e-10	-7.93153333234e-07
2.25746352766e-10	-1.54137637765e-07
2.26993555648e-10	8.95589096217e-07
2.28240758529e-10	1.74490287463e-06
2.2948796141e-10	1.7695765564e-06
2.30735164292e-10	1.2408420389e-06
2.31982367173e-10	3.64173615708e-07
2.33229570055e-10	-1.30932335196e-06
2.34476772936e-10	-3.29678459821e-06
2.35723975817e-10	-4.27296708949e-06
2.36971178699e-10	-3.03434444504e-06
2.3821838158e-10	1.30816033561e-08
2.39465584462e-10	2.9786901905e-06
2.40712787343e-10	5.75827561988e-06
2.41959990225e-10	8.03618786449e-06
2.43207193106e-10	7.17542525308e-06
2.44454395987e-10	1.71243823388e-06
2.45701598869e-10	-6.92099911248e-06
2.4694880175e-10	-1.35831242005e-05
2.48196004632e-10	-1.50075939018e-05
2.49443207513e-10	-1.28646961457e-05
2.50690410395e-10	-4.96762868352e-06
2.51937613276e-10	1.04522550828e-05
2.53184816157e-10	2.74840986094e-05
2.54432019039e-10	3.58522811439e-05
2.5567922192e-10	2.65322669293e-05
2.56926424802e-10	5.13242048328e-06
2.58173627683e-10	-1.98091183847e-05
2.59420830564e-10	-4.92539911647e-05
2.60668033446e-10	-7.07073340891e-05
2.61915236327e-10	-6.39016725472e-05
2.63162439209e-10	-1.87821642612e-05
2.6440964209e-10	5.07298100274e-05
2.65656844972e-10	0.000105149701994
2.66904047853e-10	0.000131286476972
2.68151250734e-10	0.000124443133245
2.69398453616e-10	5.3678653785e-05
2.70645656497e-10	-7.89686964708e-05
2.71892859379e-10	-0.000225619471166
2.7314006226e-10	-0.000297845777823
2.74387265141e-10	-0.000237760337768
2.75634468023e-10	-8.86501802597e-05
2.76881670904e-10	0.00013571549789
2.78128873786e-10	0.000413840869442
2.79376076667e-10	0.000607926514931
2.80623279549e-10	0.000565988942981
2.8187048243e-10	0.000198341265786
2.83117685311e-10	-0.000347696535755
2.84364888193e-10	-0.000822776695713
2.85612091074e-10	-0.00115433253814
2.86859293956e-10	-0.00114333699457
2.88106496837e-10	-0.000550344469957
2.89353699718e-10	0.000572902150452
2.906009026e-10	0.00182676932309
2.91848105481e-10	0.0024579660967
2.93095308363e-10	0.00216817623004
2.94342511244e-10	0.00108205026481
2.95589714126e-10	-0.00092900742311
2.96836917007e-10	-0.00339865172282
2.98084119888e-10	-0.00518484413624
2.9933132277e-10	-0.00495141465217
3.00578525651e-10	-0.00205685081892
3.01825728533e-10	0.00219238270074
3.03072931414e-10	0.006542715244
3.04320134295e-10	0.0100199412555
3.05567337177e-10	0.0102365836501
3.06814540058e-10	0.00547559885308
3.0806174294e-10	-0.00403363443911
3.09308945821e-10	-0.0144849903882
3.10556148703e-10	-0.0203137602657
3.11803351584e-10	-0.019806753844
3.13050554465e-10	-0.0114218685776
3.14297757347e-10	0.00600616866723
3.15544960228e-10	0.0275674778968
