% time-domain current integration by openEMS v0.37.0-rc1-2-g7b051bb @Wed Aug  5 23:23:18 2026
% start-coordinates: (-0.000429252,0.00132646,-0.000889) m -> [44,71,13]
% stop-coordinates: (0.00036468,0.00212039,-0.000889) m -> [55,82,13]
% t/s	current
6.36317590215e-14	0
1.20900342141e-12	0
2.35437508379e-12	0
3.49974674618e-12	0
4.64511840857e-12	0
5.79049007095e-12	5.55160313872e-34
6.93586173334e-12	7.84015566407e-29
8.08123339573e-12	5.57547412807e-25
9.22660505811e-12	5.57162334694e-22
1.03719767205e-11	1.34476238523e-19
1.15173483829e-11	1.09455715027e-17
1.26627200453e-11	3.74980294609e-16
1.38080917077e-11	6.30142580165e-15
1.495346337e-11	5.81507498404e-14
1.60988350324e-11	3.23195300817e-13
1.72442066948e-11	1.1731623702e-12
1.83895783572e-11	2.96786748823e-12
1.95349500196e-11	5.34061380189e-12
2.0680321682e-11	5.96922771628e-12
2.18256933444e-11	-1.26823616713e-12
2.29710650068e-11	-2.89447181501e-11
2.41164366691e-11	-9.86397213909e-11
2.52618083315e-11	-2.40824526987e-10
2.64071799939e-11	-4.89308649154e-10
2.75525516563e-11	-8.66371141495e-10
2.86979233187e-11	-1.35612054919e-09
2.98432949811e-11	-1.86487048026e-09
3.09886666435e-11	-2.17700479865e-09
3.21340383058e-11	-1.92689975087e-09
3.32794099682e-11	-6.08917305467e-10
3.44247816306e-11	2.34883068551e-09
3.5570153293e-11	7.436971039e-09
3.67155249554e-11	1.48538212841e-08
3.78608966178e-11	2.42759146118e-08
3.90062682802e-11	3.46947075514e-08
4.01516399426e-11	4.44010055389e-08
4.12970116049e-11	5.11699731476e-08
4.24423832673e-11	5.26446299887e-08
4.35877549297e-11	4.68483349891e-08
4.47331265921e-11	3.26863371924e-08
4.58784982545e-11	1.02742010455e-08
4.70238699169e-11	-1.89741022893e-08
4.81692415793e-11	-5.25541423713e-08
4.93146132416e-11	-8.72938770158e-08
5.0459984904e-11	-1.19823425848e-07
5.16053565664e-11	-1.46999610706e-07
5.27507282288e-11	-1.66195476936e-07
5.38960998912e-11	-1.75429534011e-07
5.50414715536e-11	-1.73443481799e-07
5.6186843216e-11	-1.59749220074e-07
5.73322148784e-11	-1.34692911047e-07
5.84775865407e-11	-9.95189211039e-08
5.96229582031e-11	-5.63760345074e-08
6.07683298655e-11	-8.21282242214e-09
6.19137015279e-11	4.14117380387e-08
6.30590731903e-11	8.86012969659e-08
6.42044448527e-11	1.29436912744e-07
6.53498165151e-11	1.60293097906e-07
6.64951881774e-11	1.78244007998e-07
6.76405598398e-11	1.81483812867e-07
6.87859315022e-11	1.69744765799e-07
6.99313031646e-11	1.44572794625e-07
7.1076674827e-11	1.0925288052e-07
7.22220464894e-11	6.83456562456e-08
7.33674181518e-11	2.68648570056e-08
7.45127898142e-11	-1.06534479016e-08
7.56581614765e-11	-4.08936884355e-08
7.68035331389e-11	-6.20939886176e-08
7.79489048013e-11	-7.39431484931e-08
7.90942764637e-11	-7.72159935991e-08
8.02396481261e-11	-7.33479339488e-08
8.13850197885e-11	-6.41783159949e-08
8.25303914509e-11	-5.17824645385e-08
8.36757631132e-11	-3.83252363179e-08
8.48211347756e-11	-2.58058250324e-08
8.5966506438e-11	-1.56992854272e-08
8.71118781004e-11	-8.68361826889e-09
8.82572497628e-11	-4.61872629032e-09
8.94026214252e-11	-2.83073631202e-09
9.05479930876e-11	-2.57406584936e-09
9.169336475e-11	-3.36107830456e-09
9.28387364123e-11	-4.96798602256e-09
9.39841080747e-11	-7.11715220092e-09
9.51294797371e-11	-9.06555275293e-09
9.62748513995e-11	-9.50450740334e-09
9.74202230619e-11	-6.91449075774e-09
9.85655947243e-11	-3.07232073116e-10
9.97109663867e-11	1.00507833167e-08
1.00856338049e-10	2.23429097446e-08
1.02001709711e-10	3.36084369223e-08
1.03147081374e-10	4.07020550597e-08
1.04292453036e-10	4.13843572744e-08
1.05437824699e-10	3.51042857005e-08
1.06583196361e-10	2.3111669023e-08
1.07728568023e-10	7.94687338157e-09
1.08873939686e-10	-7.3948345225e-09
1.10019311348e-10	-2.02537666638e-08
1.11164683011e-10	-2.879388461e-08
1.12310054673e-10	-3.20810933374e-08
1.13455426335e-10	-2.99783096125e-08
1.14600797998e-10	-2.29686243358e-08
1.1574616966e-10	-1.20898491218e-08
1.16891541322e-10	1.06878017547e-09
1.18036912985e-10	1.44138665448e-08
1.19182284647e-10	2.55814658345e-08
1.2032765631e-10	3.23681597081e-08
1.21473027972e-10	3.3262850252e-08
1.22618399634e-10	2.79138827608e-08
1.23763771297e-10	1.7276741815e-08
1.24909142959e-10	3.44047856871e-09
1.26054514622e-10	-1.08990496628e-08
1.27199886284e-10	-2.31157724073e-08
1.28345257946e-10	-3.12646584177e-08
1.29490629609e-10	-3.44850974443e-08
1.30636001271e-10	-3.30793348269e-08
1.31781372933e-10	-2.82778440663e-08
1.32926744596e-10	-2.17878088904e-08
1.34072116258e-10	-1.5255517738e-08
1.35217487921e-10	-9.80479342161e-09
1.36362859583e-10	-5.79308290227e-09
1.37508231245e-10	-2.87698243007e-09
1.38653602908e-10	-3.17146892082e-10
1.3979897457e-10	2.560035961e-09
1.40944346233e-10	5.98708282951e-09
1.42089717895e-10	9.6272758654e-09
1.43235089557e-10	1.272301553e-08
1.4438046122e-10	1.44497569465e-08
1.45525832882e-10	1.42664458025e-08
1.46671204545e-10	1.20911600732e-08
1.47816576207e-10	8.26534396481e-09
1.48961947869e-10	3.37430550168e-09
1.50107319532e-10	-1.92288496237e-09
1.51252691194e-10	-6.94164503656e-09
1.52398062856e-10	-1.09558007111e-08
1.53543434519e-10	-1.31872504028e-08
1.54688806181e-10	-1.29379058578e-08
1.55834177844e-10	-9.85795711728e-09
1.56979549506e-10	-4.22100843167e-09
1.58124921168e-10	2.97792035475e-09
1.59270292831e-10	1.02002042368e-08
1.60415664493e-10	1.58100181835e-08
1.61561036156e-10	1.86005610914e-08
1.62706407818e-10	1.81681247824e-08
1.6385177948e-10	1.50243852914e-08
1.64997151143e-10	1.03806403473e-08
1.66142522805e-10	5.74036151946e-09
1.67287894467e-10	2.45378983799e-09
1.6843326613e-10	1.3539716015e-09
1.69578637792e-10	2.55835108653e-09
1.70724009455e-10	5.47072964707e-09
1.71869381117e-10	8.92604301583e-09
1.73014752779e-10	1.15160148084e-08
1.74160124442e-10	1.19780976249e-08
1.75305496104e-10	9.58802104378e-09
1.76450867767e-10	4.43839764941e-09
1.77596239429e-10	-2.53118992433e-09
1.78741611091e-10	-9.76502523287e-09
1.79886982754e-10	-1.55444759287e-08
1.81032354416e-10	-1.85098603112e-08
1.82177726078e-10	-1.80571486652e-08
1.83323097741e-10	-1.44613512276e-08
1.84468469403e-10	-8.71323546647e-09
1.85613841066e-10	-2.12420236956e-09
1.86759212728e-10	4.0955279168e-09
1.8790458439e-10	9.1417557968e-09
1.89049956053e-10	1.26894397212e-08
1.90195327715e-10	1.47646703752e-08
1.91340699378e-10	1.55231223431e-08
1.9248607104e-10	1.50839465363e-08
1.93631442702e-10	1.34895712378e-08
1.94776814365e-10	1.08114592834e-08
1.95922186027e-10	7.28405735728e-09
1.9706755769e-10	3.3596920801e-09
1.98212929352e-10	-3.62755658845e-10
1.99358301014e-10	-3.34760419385e-09
2.00503672677e-10	-5.32109645235e-09
2.01649044339e-10	-6.37069286213e-09
2.02794416001e-10	-6.86819445761e-09
2.03939787664e-10	-7.25402937718e-09
2.05085159326e-10	-7.79193154443e-09
2.06230530989e-10	-8.43372394144e-09
2.07375902651e-10	-8.84048656502e-09
2.08521274313e-10	-8.56832738094e-09
2.09666645976e-10	-7.29094518093e-09
2.10812017638e-10	-4.95607732631e-09
2.11957389301e-10	-1.8108988753e-09
2.13102760963e-10	1.72627256934e-09
2.14248132625e-10	5.23712984091e-09
2.15393504288e-10	8.44482794804e-09
2.1653887595e-10	1.12449951573e-08
2.17684247612e-10	1.36271216533e-08
2.18829619275e-10	1.55422554826e-08
2.19974990937e-10	1.68117768595e-08
2.211203626e-10	1.7137899988e-08
2.22265734262e-10	1.62191042818e-08
2.23411105924e-10	1.39281146616e-08
2.24556477587e-10	1.04341983942e-08
2.25701849249e-10	6.21889162389e-09
2.26847220912e-10	1.93807703219e-09
2.27992592574e-10	-1.79038717185e-09
2.29137964236e-10	-4.58983206997e-09
2.30283335899e-10	-6.41761932485e-09
2.31428707561e-10	-7.499076915e-09
2.32574079224e-10	-8.14996781173e-09
2.33719450886e-10	-8.58503135248e-09
2.34864822548e-10	-8.79249917318e-09
2.36010194211e-10	-8.55259152388e-09
2.37155565873e-10	-7.56617435371e-09
2.38300937535e-10	-5.61245849795e-09
2.39446309198e-10	-2.68463784536e-09
2.4059168086e-10	9.91438486864e-10
2.41737052523e-10	5.01276087306e-09
2.42882424185e-10	8.90899798378e-09
2.44027795847e-10	1.22484253851e-08
2.4517316751e-10	1.46967256143e-08
2.46318539172e-10	1.60427706675e-08
2.47463910835e-10	1.61930113762e-08
2.48609282497e-10	1.51724819375e-08
2.49754654159e-10	1.31171331574e-08
2.50900025822e-10	1.02775157274e-08
2.52045397484e-10	6.97799906746e-09
2.53190769146e-10	3.5679603716e-09
2.54336140809e-10	3.49328233007e-10
2.55481512471e-10	-2.48110110235e-09
2.56626884134e-10	-4.84659512523e-09
2.57772255796e-10	-6.76181821646e-09
2.58917627458e-10	-8.26832735612e-09
2.60062999121e-10	-9.37454203154e-09
2.61208370783e-10	-1.00155883587e-08
2.62353742446e-10	-1.00763033473e-08
2.63499114108e-10	-9.43337852277e-09
2.6464448577e-10	-8.02264743527e-09
2.65789857433e-10	-5.87700954569e-09
2.66935229095e-10	-3.13129477902e-09
2.68080600757e-10	1.13959328085e-11
2.6922597242e-10	3.32001959258e-09
2.70371344082e-10	6.56464571591e-09
2.71516715745e-10	9.51887368927e-09
2.72662087407e-10	1.19457643777e-08
2.73807459069e-10	1.35936639722e-08
2.74952830732e-10	1.42171927564e-08
2.76098202394e-10	1.36350815083e-08
2.77243574057e-10	1.17974385816e-08
2.78388945719e-10	8.8337088755e-09
2.79534317381e-10	5.05469444079e-09
2.80679689044e-10	8.9931989633e-10
2.81825060706e-10	-3.15095527448e-09
2.82970432369e-10	-6.66116894976e-09
2.84115804031e-10	-9.30394961074e-09
2.85261175693e-10	-1.08841682334e-08
2.86406547356e-10	-1.13336762197e-08
2.87551919018e-10	-1.07017248396e-08
2.8869729068e-10	-9.1410603531e-09
2.89842662343e-10	-6.90077506249e-09
2.90988034005e-10	-4.29912372368e-09
2.92133405668e-10	-1.67710345611e-09
2.9327877733e-10	6.66734112365e-10
2.94424148992e-10	2.54358267782e-09
2.95569520655e-10	3.90593246635e-09
2.96714892317e-10	4.83668349816e-09
2.9786026398e-10	5.48557510527e-09
2.99005635642e-10	5.99217964137e-09
3.00151007304e-10	6.41497610587e-09
3.01296378967e-10	6.7072507548e-09
3.02441750629e-10	6.742172598e-09
3.03587122291e-10	6.37169961237e-09
3.04732493954e-10	5.49904477509e-09
3.05877865616e-10	4.12143963402e-09
3.07023237279e-10	2.34405939104e-09
3.08168608941e-10	3.50569906438e-10
3.09313980603e-10	-1.64056013219e-09
3.10459352266e-10	-3.42080319626e-09
3.11604723928e-10	-4.82252193734e-09
3.12750095591e-10	-5.73268010839e-09
3.13895467253e-10	-6.09250117023e-09
3.15040838915e-10	-5.90280579971e-09
3.16186210578e-10	-5.22068832609e-09
3.1733158224e-10	-4.15406331555e-09
3.18476953903e-10	-2.8489841597e-09
3.19622325565e-10	-1.449855902e-09
3.20767697227e-10	-7.5197160998e-11
3.2191306889e-10	1.21087251337e-09
3.23058440552e-10	2.3896793433e-09
3.24203812214e-10	3.45770567733e-09
3.25349183877e-10	4.39016023535e-09
3.26494555539e-10	5.1174828819e-09
3.27639927202e-10	5.53772805389e-09
3.28785298864e-10	5.5585780423e-09
3.29930670526e-10	5.14936404628e-09
3.31076042189e-10	4.36862501729e-09
3.32221413851e-10	3.36007865975e-09
3.33366785514e-10	2.29750463099e-09
3.34512157176e-10	1.3247833941e-09
3.35657528838e-10	5.02582975237e-10
3.36802900501e-10	-2.01041530645e-10
3.37948272163e-10	-8.76804073791e-10
3.39093643825e-10	-1.61361202178e-09
3.40239015488e-10	-2.43771358654e-09
3.4138438715e-10	-3.28110472125e-09
3.42529758813e-10	-3.99444921584e-09
3.43675130475e-10	-4.39657110718e-09
3.44820502137e-10	-4.33982361159e-09
3.459658738e-10	-3.76651110301e-09
3.47111245462e-10	-2.73191091971e-09
3.48256617125e-10	-1.38720324117e-09
3.49401988787e-10	6.38248273677e-11
3.50547360449e-10	1.42401168635e-09
3.51692732112e-10	2.54376719688e-09
3.52838103774e-10	3.34254268708e-09
3.53983475436e-10	3.80578502046e-09
3.55128847099e-10	3.9613605729e-09
3.56274218761e-10	3.86142851028e-09
3.57419590424e-10	3.56255691614e-09
3.58564962086e-10	3.12159254001e-09
3.59710333748e-10	2.59205301667e-09
3.60855705411e-10	2.02102534708e-09
3.62001077073e-10	1.44497380727e-09
3.63146448736e-10	8.85312712029e-10
3.64291820398e-10	3.46159517717e-10
3.6543719206e-10	-1.77575704141e-10
3.66582563723e-10	-6.90731916109e-10
3.67727935385e-10	-1.18596643617e-09
3.68873307048e-10	-1.63666324937e-09
3.7001867871e-10	-2.00183758459e-09
3.71164050372e-10	-2.23380225428e-09
3.72309422035e-10	-2.29164243137e-09
3.73454793697e-10	-2.15081752408e-09
3.74600165359e-10	-1.80912440584e-09
3.75745537022e-10	-1.28473742755e-09
3.76890908684e-10	-6.16687145794e-10
3.78036280347e-10	1.41717873547e-10
3.79181652009e-10	9.22713350171e-10
3.80327023671e-10	1.65036029287e-09
3.81472395334e-10	2.24941798521e-09
3.82617766996e-10	2.65547805967e-09
3.83763138659e-10	2.83105383581e-09
3.84908510321e-10	2.77437428586e-09
3.86053881983e-10	2.5222268718e-09
3.87199253646e-10	2.14110462693e-09
3.88344625308e-10	1.70967129343e-09
3.8948999697e-10	1.29597832466e-09
3.90635368633e-10	9.44121669733e-10
3.91780740295e-10	6.64288679619e-10
3.92926111958e-10	4.41199132784e-10
3.9407148362e-10	2.46596493225e-10
3.95216855282e-10	5.23868969038e-11
3.96362226945e-10	-1.56763602099e-10
3.97507598607e-10	-3.84670767462e-10
3.9865297027e-10	-6.24231277779e-10
3.99798341932e-10	-8.61072879665e-10
4.00943713594e-10	-1.07369335645e-09
4.02089085257e-10	-1.2305513275e-09
4.03234456919e-10	-1.29036292762e-09
4.04379828582e-10	-1.20712739804e-09
4.05525200244e-10	-9.46770439825e-10
4.06670571906e-10	-5.02603014763e-10
4.07815943569e-10	8.9733796782e-11
4.08961315231e-10	7.54587947682e-10
4.10106686893e-10	1.39113731645e-09
4.11252058556e-10	1.90111015819e-09
4.12397430218e-10	2.21658735811e-09
4.13542801881e-10	2.3165700469e-09
4.14688173543e-10	2.22928075999e-09
4.15833545205e-10	2.01480365725e-09
4.16978916868e-10	1.74298175892e-09
4.1812428853e-10	1.46935752454e-09
4.19269660193e-10	1.22212284737e-09
4.20415031855e-10	9.98636284777e-10
4.21560403517e-10	7.75089881166e-10
4.2270577518e-10	5.18099729785e-10
4.23851146842e-10	1.99273070267e-10
4.24996518504e-10	-1.93382587721e-10
4.26141890167e-10	-6.48565312567e-10
4.27287261829e-10	-1.12527509533e-09
4.28432633492e-10	-1.5571592904e-09
4.29578005154e-10	-1.85949600162e-09
4.30723376816e-10	-1.9487444991e-09
4.31868748479e-10	-1.76485481784e-09
4.33014120141e-10	-1.29603450194e-09
4.34159491804e-10	-5.89032378429e-10
4.35304863466e-10	2.52527332378e-10
4.36450235128e-10	1.09376285806e-09
4.37595606791e-10	1.80119985593e-09
4.38740978453e-10	2.2778618991e-09
4.39886350115e-10	2.48604759001e-09
4.41031721778e-10	2.44941977812e-09
4.4217709344e-10	2.23689355927e-09
4.43322465103e-10	1.93510851787e-09
4.44467836765e-10	1.61856916758e-09
4.45613208427e-10	1.3296469481e-09
4.4675858009e-10	1.07129705107e-09
4.47903951752e-10	8.1241874339e-10
4.49049323415e-10	5.07378583592e-10
4.50194695077e-10	1.15350881624e-10
4.51340066739e-10	-3.78205633478e-10
4.52485438402e-10	-9.47834921661e-10
4.53630810064e-10	-1.52861334701e-09
4.54776181727e-10	-2.02445527009e-09
4.55921553389e-10	-2.33148300666e-09
4.57066925051e-10	-2.36606712001e-09
4.58212296714e-10	-2.08841965943e-09
4.59357668376e-10	-1.52040680046e-09
4.60503040038e-10	-7.43947792259e-10
4.61648411701e-10	1.16190973509e-10
4.62793783363e-10	9.21719867097e-10
4.63939155026e-10	1.55669843682e-09
4.65084526688e-10	1.95459803898e-09
4.6622989835e-10	2.11250150706e-09
4.67375270013e-10	2.08420236625e-09
4.68520641675e-10	1.95721217011e-09
4.69666013338e-10	1.8187094053e-09
4.70811385e-10	1.72562353296e-09
4.71956756662e-10	1.68434166614e-09
4.73102128325e-10	1.65145241926e-09
4.74247499987e-10	1.55050938755e-09
4.75392871649e-10	1.3002741106e-09
4.76538243312e-10	8.45927217163e-10
4.77683614974e-10	1.80360448798e-10
4.78828986637e-10	-6.44915842951e-10
4.79974358299e-10	-1.52757551053e-09
4.81119729961e-10	-2.33187735788e-09
4.82265101624e-10	-2.91863089252e-09
4.83410473286e-10	-3.17408166417e-09
4.84555844949e-10	-3.03940694835e-09
4.85701216611e-10	-2.52328202777e-09
4.86846588273e-10	-1.70449709902e-09
4.87991959936e-10	-7.12771619504e-10
4.89137331598e-10	3.01601188468e-10
4.90282703261e-10	1.2015572981e-09
4.91428074923e-10	1.89261895045e-09
4.92573446585e-10	2.33687469375e-09
4.93718818248e-10	2.54960030865e-09
4.9486418991e-10	2.58305998813e-09
4.96009561572e-10	2.50297049753e-09
4.97154933235e-10	2.36358776995e-09
4.98300304897e-10	2.19321916184e-09
4.9944567656e-10	1.98566274534e-09
5.00591048222e-10	1.70685832135e-09
5.01736419884e-10	1.31025335026e-09
5.02881791547e-10	7.58070051177e-10
5.04027163209e-10	4.56530403758e-11
5.05172534872e-10	-7.86334108938e-10
5.06317906534e-10	-1.64994140572e-09
5.07463278196e-10	-2.42585129762e-09
5.08608649859e-10	-2.99006464033e-09
5.09754021521e-10	-3.24451909783e-09
5.10899393183e-10	-3.13815751163e-09
5.12044764846e-10	-2.68123923064e-09
5.13190136508e-10	-1.93811944271e-09
5.14335508171e-10	-1.01401975705e-09
5.15480879833e-10	-3.3042187042e-11
5.16626251495e-10	8.87045714659e-10
5.17771623158e-10	1.6531670477e-09
5.1891699482e-10	2.21168772185e-09
5.20062366483e-10	2.55193732812e-09
5.21207738145e-10	2.69805755515e-09
5.22353109807e-10	2.69440381118e-09
5.2349848147e-10	2.58496268835e-09
5.24643853132e-10	2.39654762701e-09
5.25789224794e-10	2.13276174499e-09
5.26934596457e-10	1.77586134686e-09
5.28079968119e-10	1.30241195606e-09
5.29225339782e-10	6.99976909768e-10
5.30370711444e-10	-1.78358994241e-11
5.31516083106e-10	-8.03823785311e-10
5.32661454769e-10	-1.5807307685e-09
5.33806826431e-10	-2.25458118841e-09
5.34952198094e-10	-2.73175482235e-09
5.36097569756e-10	-2.94083668528e-09
5.37242941418e-10	-2.845899294e-09
5.38388313081e-10	-2.4566702006e-09
5.39533684743e-10	-1.8257761969e-09
5.40679056406e-10	-1.03901109938e-09
5.41824428068e-10	-1.98273703012e-10
5.4296979973e-10	5.97077609577e-10
5.44115171393e-10	1.26744104101e-09
5.45260543055e-10	1.76417913611e-09
5.46405914717e-10	2.07236561245e-09
5.4755128638e-10	2.20929607941e-09
5.48696658042e-10	2.21134266454e-09
5.49842029705e-10	2.1234249914e-09
5.50987401367e-10	1.98199279211e-09
5.52132773029e-10	1.80556158913e-09
5.53278144692e-10	1.58862756283e-09
5.54423516354e-10	1.30747024318e-09
5.55568888017e-10	9.30757471096e-10
5.56714259679e-10	4.39208558412e-10
5.57859631341e-10	-1.6012929871e-10
5.59005003004e-10	-8.24648127562e-10
5.60150374666e-10	-1.47831946684e-09
5.61295746328e-10	-2.0292332259e-09
5.62441117991e-10	-2.38696928889e-09
5.63586489653e-10	-2.48889731047e-09
5.64731861316e-10	-2.31217112123e-09
5.65877232978e-10	-1.88195348194e-09
5.6702260464e-10	-1.26403376655e-09
5.68167976303e-10	-5.52497048112e-10
5.69313347965e-10	1.51895884759e-10
5.70458719628e-10	7.60153662238e-10
5.7160409129e-10	1.21329157832e-09
5.72749462952e-10	1.49124290694e-09
5.73894834615e-10	1.61150826017e-09
5.75040206277e-10	1.61986457581e-09
5.7618557794e-10	1.57080670693e-09
5.77330949602e-10	1.51035661755e-09
5.78476321264e-10	1.45998246825e-09
5.79621692927e-10	1.41232137096e-09
5.80767064589e-10	1.33494437726e-09
5.81912436251e-10	1.1851686299e-09
5.83057807914e-10	9.24067711239e-10
5.84203179576e-10	5.35030797444e-10
5.85348551239e-10	3.04666500361e-11
5.86493922901e-10	-5.44136569136e-10
5.87639294563e-10	-1.1176849446e-09
5.88784666226e-10	-1.60700475149e-09
5.89930037888e-10	-1.93404980919e-09
5.91075409551e-10	-2.04393924008e-09
5.92220781213e-10	-1.91795823667e-09
5.93366152875e-10	-1.57808166534e-09
5.94511524538e-10	-1.08288722434e-09
5.956568962e-10	-5.13751874376e-10
5.96802267862e-10	4.40711876715e-11
5.97947639525e-10	5.18566856123e-10
5.99093011187e-10	8.6705709279e-10
6.0023838285e-10	1.07973141539e-09
6.01383754512e-10	1.1783397591e-09
6.02529126174e-10	1.20353593758e-09
6.03674497837e-10	1.20032939144e-09
6.04819869499e-10	1.20065046794e-09
6.05965241162e-10	1.21429111211e-09
6.07110612824e-10	1.22371668354e-09
6.08255984486e-10	1.19300835877e-09
6.09401356149e-10	1.08039899249e-09
6.10546727811e-10	8.55791049137e-10
6.11692099473e-10	5.14215170444e-10
6.12837471136e-10	8.0899557886e-11
6.13982842798e-10	-3.92607252264e-10
6.15128214461e-10	-8.40783886957e-10
6.16273586123e-10	-1.19926346631e-09
6.17418957785e-10	-1.4201056997e-09
6.18564329448e-10	-1.47863765676e-09
6.1970970111e-10	-1.37897004926e-09
6.20855072773e-10	-1.14773146542e-09
6.22000444435e-10	-8.29051549633e-10
6.23145816097e-10	-4.73158401348e-10
6.2429118776e-10	-1.26934865396e-10
6.25436559422e-10	1.74841391365e-10
6.26581931085e-10	4.14938722271e-10
6.27727302747e-10	5.931739544e-10
6.28872674409e-10	7.22776394291e-10
6.30018046072e-10	8.21454682054e-10
6.31163417734e-10	9.04336661112e-10
6.32308789396e-10	9.76491665305e-10
6.33454161059e-10	1.03249120365e-09
6.34599532721e-10	1.05649744508e-09
6.35744904384e-10	1.02901465127e-09
6.36890276046e-10	9.31763777245e-10
6.38035647708e-10	7.54867612862e-10
6.39181019371e-10	5.00869845599e-10
6.40326391033e-10	1.87174817312e-10
6.41471762696e-10	-1.55366886023e-10
6.42617134358e-10	-4.87626494738e-10
6.4376250602e-10	-7.69220909191e-10
6.44907877683e-10	-9.67565694232e-10
6.46053249345e-10	-1.06352082696e-09
6.47198621007e-10	-1.05499975422e-09
6.4834399267e-10	-9.54569756573e-10
6.49489364332e-10	-7.85584375329e-10
6.50634735995e-10	-5.75292424809e-10
6.51780107657e-10	-3.49390461007e-10
6.52925479319e-10	-1.27735155786e-10
6.54070850982e-10	7.72514066605e-11
6.55216222644e-10	2.61149546432e-10
6.56361594307e-10	4.2478356943e-10
6.57506965969e-10	5.7147014898e-10
6.58652337631e-10	7.02966018729e-10
6.59797709294e-10	8.1600237678e-10
6.60943080956e-10	9.01788033136e-10
6.62088452618e-10	9.47079747959e-10
6.63233824281e-10	9.38406019557e-10
6.64379195943e-10	8.66862359672e-10
6.65524567606e-10	7.3142830681e-10
6.66669939268e-10	5.402898684e-10
6.6781531093e-10	3.09196307446e-10
6.68960682593e-10	5.81867262706e-11
6.70106054255e-10	-1.91102536573e-10
6.71251425918e-10	-4.18264173296e-10
6.7239679758e-10	-6.05412386889e-10
6.73542169242e-10	-7.38486605201e-10
6.74687540905e-10	-8.08221933823e-10
6.75832912567e-10	-8.12491685043e-10
6.7697828423e-10	-7.55918772022e-10
6.78123655892e-10	-6.499792371e-10
6.79269027554e-10	-5.10277153865e-10
6.80414399217e-10	-3.52295137507e-10
6.81559770879e-10	-1.89366883285e-10
6.82705142541e-10	-2.89587295116e-11
6.83850514204e-10	1.25753379931e-10
6.84995885866e-10	2.75622913382e-10
6.86141257529e-10	4.21569834597e-10
6.87286629191e-10	5.62577817664e-10
6.88432000853e-10	6.92747470499e-10
6.89577372516e-10	8.01398836181e-10
6.90722744178e-10	8.73129235579e-10
6.91868115841e-10	8.9205376419e-10
6.93013487503e-10	8.45388370418e-10
6.94158859165e-10	7.27951976476e-10
6.95304230828e-10	5.45809619723e-10
6.9644960249e-10	3.15148518393e-10
6.97594974152e-10	6.14647291397e-11
6.98740345815e-10	-1.87374060712e-10
6.99885717477e-10	-4.04422800804e-10
7.0103108914e-10	-5.70481828444e-10
7.02176460802e-10	-6.75041855747e-10
7.03321832464e-10	-7.18397008548e-10
7.04467204127e-10	-7.09257652609e-10
7.05612575789e-10	-6.61840526828e-10
7.06757947452e-10	-5.91218463075e-10
7.07903319114e-10	-5.07963726637e-10
7.09048690776e-10	-4.15577156021e-10
7.10194062439e-10	-3.08595093923e-10
7.11339434101e-10	-1.76538159091e-10
7.12484805764e-10	-9.34316946727e-12
7.13630177426e-10	1.95270730141e-10
7.14775549088e-10	4.27555074678e-10
7.15920920751e-10	6.63679555757e-10
7.17066292413e-10	8.71439087557e-10
7.18211664075e-10	1.01588681911e-09
7.19357035738e-10	1.06951603129e-09
7.205024074e-10	1.01809660702e-09
7.21647779063e-10	8.64611771068e-10
7.22793150725e-10	6.28967211647e-10
7.23938522387e-10	3.43560069282e-10
7.2508389405e-10	4.71019820369e-11
7.26229265712e-10	-2.23249030373e-10
7.27374637375e-10	-4.39437319866e-10
7.28520009037e-10	-5.87291160148e-10
7.29665380699e-10	-6.67574995283e-10
7.30810752362e-10	-6.9389033408e-10
7.31956124024e-10	-6.85001944056e-10
7.33101495686e-10	-6.58413601418e-10
7.34246867349e-10	-6.22931484173e-10
7.35392239011e-10	-5.7688032129e-10
7.36537610674e-10	-5.08627195916e-10
7.37682982336e-10	-4.02688021817e-10
7.38828353998e-10	-2.45368558804e-10
7.39973725661e-10	-3.27593438487e-11
7.41119097323e-10	2.26040200446e-10
7.42264468986e-10	5.06987118953e-10
7.43409840648e-10	7.74491526467e-10
7.4455521231e-10	9.88123582957e-10
7.45700583973e-10	1.11119324853e-09
7.46845955635e-10	1.12000975161e-09
7.47991327297e-10	1.00980801498e-09
7.4913669896e-10	7.96341881326e-10
7.50282070622e-10	5.11787279223e-10
7.51427442285e-10	1.98049673883e-10
7.52572813947e-10	-1.03925069939e-10
7.53718185609e-10	-3.59906882075e-10
7.54863557272e-10	-5.49865541988e-10
7.56008928934e-10	-6.66879773625e-10
7.57154300597e-10	-7.17269410533e-10
7.58299672259e-10	-7.15104475635e-10
7.59445043921e-10	-6.77520539671e-10
7.60590415584e-10	-6.19105877675e-10
7.61735787246e-10	-5.47574652288e-10
7.62881158909e-10	-4.62757498987e-10
7.64026530571e-10	-3.57390450567e-10
7.65171902233e-10	-2.22723978149e-10
7.66317273896e-10	-5.24017461367e-11
7.67462645558e-10	1.50373810626e-10
7.6860801722e-10	3.72848613095e-10
7.69753388883e-10	5.91703130937e-10
7.70898760545e-10	7.7884582117e-10
7.72044132208e-10	9.06010544366e-10
7.7318950387e-10	9.51816625516e-10
7.74334875532e-10	9.05609587321e-10
7.75480247195e-10	7.70439267939e-10
7.76625618857e-10	5.62508206681e-10
7.7777099052e-10	3.0785743399e-10
7.78916362182e-10	3.84501284978e-11
7.80061733844e-10	-2.14982157076e-10
7.81207105507e-10	-4.26504609408e-10
7.82352477169e-10	-5.79743253404e-10
7.83497848831e-10	-6.68173683049e-10
7.84643220494e-10	-6.94114488109e-10
7.85788592156e-10	-6.66304789121e-10
7.86933963819e-10	-5.96716398515e-10
7.88079335481e-10	-4.97295038482e-10
7.89224707143e-10	-3.79073605838e-10
7.90370078806e-10	-2.4968802026e-10
7.91515450468e-10	-1.14564288611e-10
7.92660822131e-10	2.36217035515e-11
7.93806193793e-10	1.63076968596e-10
7.94951565455e-10	3.01262736979e-10
7.96096937118e-10	4.33125257882e-10
7.9724230878e-10	5.50143264277e-10
7.98387680443e-10	6.40307196154e-10
7.99533052105e-10	6.90405788095e-10
8.00678423767e-10	6.88705870111e-10
8.0182379543e-10	6.28281648929e-10
8.02969167092e-10	5.09828124162e-10
8.04114538754e-10	3.41890460387e-10
8.05259910417e-10	1.40907466251e-10
8.06405282079e-10	-7.18565415503e-11
8.07550653742e-10	-2.72650318989e-10
8.08696025404e-10	-4.39635772231e-10
8.09841397066e-10	-5.55198886865e-10
8.10986768729e-10	-6.09743477931e-10
8.12132140391e-10	-6.0199323304e-10
8.13277512054e-10	-5.39691291657e-10
8.14422883716e-10	-4.36888664135e-10
8.15568255378e-10	-3.1050539917e-10
8.16713627041e-10	-1.77197659323e-10
8.17858998703e-10	-4.93333499052e-11
8.19004370365e-10	6.5353639167e-11
8.20149742028e-10	1.64615862608e-10
8.2129511369e-10	2.49293807819e-10
8.22440485353e-10	3.21960125227e-10
8.23585857015e-10	3.83784393154e-10
8.24731228677e-10	4.3400491534e-10
8.2587660034e-10	4.67995808773e-10
8.27021972002e-10	4.78958372963e-10
8.28167343665e-10	4.58923093971e-10
8.29312715327e-10	4.01798150307e-10
8.30458086989e-10	3.06329239752e-10
8.31603458652e-10	1.7738217839e-10
8.32748830314e-10	2.69553077775e-11
8.33894201976e-10	-1.28357158236e-10
8.35039573639e-10	-2.69534117248e-10
8.36184945301e-10	-3.79584086385e-10
8.37330316964e-10	-4.45631087587e-10
8.38475688626e-10	-4.62036214843e-10
8.39621060288e-10	-4.30307012245e-10
8.40766431951e-10	-3.58960444702e-10
8.41911803613e-10	-2.61708626992e-10
8.43057175276e-10	-1.54192117408e-10
8.44202546938e-10	-5.1242378396e-11
8.453479186e-10	3.65922465939e-11
8.46493290263e-10	1.04632344455e-10
8.47638661925e-10	1.54074919489e-10
8.48784033588e-10	1.90474858108e-10
8.4992940525e-10	2.20580026467e-10
8.51074776912e-10	2.49270909469e-10
8.52220148575e-10	2.77765116463e-10
8.53365520237e-10	3.02437797028e-10
8.54510891899e-10	3.16403708789e-10
8.55656263562e-10	3.11560804933e-10
8.56801635224e-10	2.81042161765e-10
8.57947006887e-10	2.22242710346e-10
8.59092378549e-10	1.3762156692e-10
8.60237750211e-10	3.52860379804e-11
8.61383121874e-10	-7.22928106267e-11
8.62528493536e-10	-1.71016811823e-10
8.63673865199e-10	-2.47967896216e-10
8.64819236861e-10	-2.94334084883e-10
8.65964608523e-10	-3.07310121794e-10
8.67109980186e-10	-2.89816670662e-10
8.68255351848e-10	-2.49463616431e-10
8.6940072351e-10	-1.9562643172e-10
8.70546095173e-10	-1.37112626808e-10
8.71691466835e-10	-8.02915789411e-11
8.72836838498e-10	-2.84602480471e-11
8.7398221016e-10	1.81286097245e-11
8.75127581822e-10	6.08585473683e-11
8.76272953485e-10	1.02001636304e-10
8.77418325147e-10	1.4316636765e-10
8.7856369681e-10	1.84270487757e-10
8.79709068472e-10	2.23123547416e-10
8.80854440134e-10	2.55118787207e-10
8.81999811797e-10	2.74631539732e-10
8.83145183459e-10	2.76092537721e-10
8.84290555122e-10	2.56376142538e-10
8.85435926784e-10	2.15141487958e-10
8.86581298446e-10	1.55932433632e-10
8.87726670109e-10	8.40914143874e-11
8.88872041771e-10	6.72101783949e-12
8.90017413433e-10	-6.98943333766e-11
8.91162785096e-10	-1.39982386793e-10
8.92308156758e-10	-1.99054925321e-10
8.93453528421e-10	-2.43755488016e-10
8.94598900083e-10	-2.71418221232e-10
8.95744271745e-10	-2.80605566561e-10
8.96889643408e-10	-2.70464456387e-10
8.9803501507e-10	-2.41544062529e-10
8.99180386733e-10	-1.94884511306e-10
9.00325758395e-10	-1.33358102339e-10
9.01471130057e-10	-6.05745731352e-11
9.0261650172e-10	1.78288807329e-11
9.03761873382e-10	9.58258680739e-11
9.04907245044e-10	1.66869962293e-10
9.06052616707e-10	2.25779797636e-10
9.07197988369e-10	2.69125638441e-10
9.08343360032e-10	2.95657165417e-10
9.09488731694e-10	3.05647562815e-10
9.10634103356e-10	3.00015484678e-10
9.11779475019e-10	2.79692130567e-10
9.12924846681e-10	2.44782916159e-10
9.14070218344e-10	1.95788996127e-10
9.15215590006e-10	1.32853436585e-10
9.16360961668e-10	5.78314549027e-11
9.17506333331e-10	-2.64840371855e-11
9.18651704993e-10	-1.15266685086e-10
9.19797076655e-10	-2.02069472266e-10
9.20942448318e-10	-2.7884483611e-10
9.2208781998e-10	-3.37063571498e-10
9.23233191643e-10	-3.6854966301e-10
9.24378563305e-10	-3.67978231219e-10
9.25523934967e-10	-3.33590849388e-10
9.2666930663e-10	-2.68604471998e-10
9.27814678292e-10	-1.80697262708e-10
9.28960049955e-10	-7.99861357703e-11
9.30105421617e-10	2.22703105957e-11
9.31250793279e-10	1.16836901265e-10
9.32396164942e-10	1.96917135376e-10
9.33541536604e-10	2.59397808788e-10
9.34686908267e-10	3.03604419383e-10
9.35832279929e-10	3.3096420049e-10
9.36977651591e-10	3.42948863752e-10
9.38123023254e-10	3.40738354199e-10
9.39268394916e-10	3.2372460268e-10
9.40413766578e-10	2.9022570458e-10
9.41559138241e-10	2.37660141567e-10
9.42704509903e-10	1.64555924442e-10
9.43849881566e-10	7.1892727882e-11
9.44995253228e-10	-3.53858782554e-11
9.4614062489e-10	-1.48370191133e-10
9.47285996553e-10	-2.55195642396e-10
9.48431368215e-10	-3.43049477713e-10
9.49576739878e-10	-4.00978195092e-10
9.5072211154e-10	-4.2151429569e-10
9.51867483202e-10	-4.02789468446e-10
9.53012854865e-10	-3.47902179287e-10
9.54158226527e-10	-2.65133220934e-10
9.55303598189e-10	-1.65371924488e-10
9.56448969852e-10	-6.07106379058e-11
9.57594341514e-10	3.87788863521e-11
9.58739713177e-10	1.26083768426e-10
9.59885084839e-10	1.98704414034e-10
9.61030456501e-10	2.57288107486e-10
9.62175828164e-10	3.04146846597e-10
9.63321199826e-10	3.40755451633e-10
9.64466571489e-10	3.66027180787e-10
9.65611943151e-10	3.76076059183e-10
9.66757314813e-10	3.64925645258e-10
9.67902686476e-10	3.2701577557e-10
9.69048058138e-10	2.58896626359e-10
9.70193429801e-10	1.61947927291e-10
9.71338801463e-10	4.22695940749e-11
9.72484173125e-10	-8.85174988863e-11
9.73629544788e-10	-2.15914675028e-10
9.7477491645e-10	-3.24173993205e-10
9.75920288112e-10	-3.99883487434e-10
9.77065659775e-10	-4.3445119724e-10
9.78211031437e-10	-4.25932983328e-10
9.793564031e-10	-3.79096087855e-10
9.80501774762e-10	-3.04022168551e-10
9.81647146424e-10	-2.13103770741e-10
9.82792518087e-10	-1.18245538361e-10
9.83937889749e-10	-2.83633533327e-11
9.85083261412e-10	5.21988112456e-11
9.86228633074e-10	1.22606008679e-10
9.87374004736e-10	1.85126108887e-10
9.88519376399e-10	2.42006664708e-10
9.89664748061e-10	2.94277796575e-10
9.90810119723e-10	3.39784339554e-10
9.91955491386e-10	3.73248792984e-10
9.93100863048e-10	3.86854132062e-10
9.94246234711e-10	3.72691016937e-10
9.95391606373e-10	3.24877375002e-10
9.96536978035e-10	2.4249258157e-10
9.97682349698e-10	1.3068597593e-10
9.9882772136e-10	6.16934888592e-13
9.99973093023e-10	-1.32108352036e-10
1.00111846468e-09	-2.50971660121e-10
1.00226383635e-09	-3.41296380046e-10
1.00340920801e-09	-3.93692384248e-10
1.00455457967e-09	-4.05035421869e-10
1.00569995133e-09	-3.78972186965e-10
1.006845323e-09	-3.23967408455e-10
1.00799069466e-09	-2.5136920323e-10
1.00913606632e-09	-1.72289973954e-10
1.01028143798e-09	-9.55754017595e-11
1.01142680965e-09	-2.5962100525e-11
1.01257218131e-09	3.60248879339e-11
1.01371755297e-09	9.29432433794e-11
1.01486292463e-09	1.48473455752e-10
1.0160082963e-09	2.04864181175e-10
1.01715366796e-09	2.61043492378e-10
1.01829903962e-09	3.12038811456e-10
1.01944441128e-09	3.49735268523e-10
1.02058978295e-09	3.64845959e-10
1.02173515461e-09	3.49762607765e-10
1.02288052627e-09	3.00603320014e-10
1.02402589793e-09	2.1907817227e-10
1.0251712696e-09	1.12507766992e-10
1.02631664126e-09	-6.89325853342e-12
1.02746201292e-09	-1.24341995034e-10
1.02860738458e-09	-2.25149385247e-10
1.02975275624e-09	-2.97753988132e-10
1.03089812791e-09	-3.35823369113e-10
1.03204349957e-09	-3.39301725605e-10
1.03318887123e-09	-3.13753190095e-10
1.03433424289e-09	-2.68158134586e-10
1.03547961456e-09	-2.1249896287e-10
1.03662498622e-09	-1.5492564176e-10
1.03777035788e-09	-1.00309836826e-10
1.03891572954e-09	-4.98370164581e-11
1.04006110121e-09	-1.68539206029e-12
1.04120647287e-09	4.74602718237e-11
1.04235184453e-09	1.00276287274e-10
1.04349721619e-09	1.57513210808e-10
1.04464258786e-09	2.16416190524e-10
1.04578795952e-09	2.70842959171e-10
1.04693333118e-09	3.12162073968e-10
1.04807870284e-09	3.30986960062e-10
1.04922407451e-09	3.20269061271e-10
1.05036944617e-09	2.76895395501e-10
1.05151481783e-09	2.03584760161e-10
1.05266018949e-09	1.08532474674e-10
1.05380556115e-09	3.74502642439e-12
1.05495093282e-09	-9.70950334023e-11
1.05609630448e-09	-1.81654857823e-10
1.05724167614e-09	-2.41202030571e-10
1.0583870478e-09	-2.71744016178e-10
1.05953241947e-09	-2.74740646899e-10
1.06067779113e-09	-2.5572696738e-10
1.06182316279e-09	-2.22756743606e-10
1.06296853445e-09	-1.84083207011e-10
1.06411390612e-09	-1.4564169315e-10
1.06525927778e-09	-1.10173398182e-10
1.06640464944e-09	-7.64113355922e-11
1.0675500211e-09	-4.06756191229e-11
1.06869539277e-09	1.39749550907e-12
1.06984076443e-09	5.24582564887e-11
1.07098613609e-09	1.12015688392e-10
1.07213150775e-09	1.75438719108e-10
1.07327687942e-09	2.34972097335e-10
1.07442225108e-09	2.8093222193e-10
1.07556762274e-09	3.0409996743e-10
1.0767129944e-09	2.97996349818e-10
1.07785836606e-09	2.60487020842e-10
1.07900373773e-09	1.94985569357e-10
1.08014910939e-09	1.0981351245e-10
1.08129448105e-09	1.69015339918e-11
1.08243985271e-09	-7.10009967486e-11
1.08358522438e-09	-1.42821282578e-10
1.08473059604e-09	-1.91745452849e-10
1.0858759677e-09	-2.15877510312e-10
1.08702133936e-09	-2.18361120852e-10
1.08816671103e-09	-2.0541413015e-10
1.08931208269e-09	-1.84462653485e-10
1.09045745435e-09	-1.61706190105e-10
1.09160282601e-09	-1.40743833255e-10
1.09274819768e-09	-1.21677154463e-10
1.09389356934e-09	-1.01636012106e-10
1.095038941e-09	-7.59082588453e-11
1.09618431266e-09	-3.98908232835e-11
1.09732968433e-09	8.90801928749e-12
1.09847505599e-09	6.93270857388e-11
1.09962042765e-09	1.36016087282e-10
1.10076579931e-09	2.00136587858e-10
1.10191117097e-09	2.51132004081e-10
1.10305654264e-09	2.79524764446e-10
1.1042019143e-09	2.78851997049e-10
1.10534728596e-09	2.4792370934e-10
1.10649265762e-09	1.9048049249e-10
1.10763802929e-09	1.15195665507e-10
1.10878340095e-09	3.30924142256e-11
1.10992877261e-09	-4.4229460372e-11
1.11107414427e-09	-1.0717188248e-10
1.11221951594e-09	-1.49926016046e-10
1.1133648876e-09	-1.71219025069e-10
1.11451025926e-09	-1.74223593885e-10
1.11565563092e-09	-1.65147687192e-10
1.11680100259e-09	-1.5116020935e-10
1.11794637425e-09	-1.37994504712e-10
1.11909174591e-09	-1.28579091818e-10
1.12023711757e-09	-1.21679263887e-10
1.12138248924e-09	-1.13436378346e-10
1.1225278609e-09	-9.78299455334e-11
1.12367323256e-09	-6.9929229074e-11
1.12481860422e-09	-2.68993854968e-11
1.12596397589e-09	3.00878003068e-11
1.12710934755e-09	9.58130449979e-11
1.12825471921e-09	1.61605132054e-10
1.12940009087e-09	2.17040205253e-10
1.13054546253e-09	2.52038223625e-10
1.1316908342e-09	2.59430837923e-10
1.13283620586e-09	2.3669521898e-10
1.13398157752e-09	1.86838780558e-10
1.13512694918e-09	1.18106663338e-10
1.13627232085e-09	4.17020203092e-11
1.13741769251e-09	-3.02318552137e-11
1.13856306417e-09	-8.80067130282e-11
1.13970843583e-09	-1.25685878372e-10
1.1408538075e-09	-1.42564710037e-10
1.14199917916e-09	-1.42173148254e-10
1.14314455082e-09	-1.31294947137e-10
1.14428992248e-09	-1.17440626668e-10
1.14543529415e-09	-1.06938291555e-10
1.14658066581e-09	-1.02955526049e-10
1.14772603747e-09	-1.04609307328e-10
1.14887140913e-09	-1.07189916665e-10
1.1500167808e-09	-1.03662745055e-10
1.15116215246e-09	-8.70782543294e-11
1.15230752412e-09	-5.29532251381e-11
1.15345289578e-09	-1.44184035371e-12
1.15459826744e-09	6.24337873067e-11
1.15574363911e-09	1.29189825504e-10
1.15688901077e-09	1.87465890034e-10
1.15803438243e-09	2.2621143847e-10
1.15917975409e-09	2.37768638112e-10
1.16032512576e-09	2.19261955814e-10
1.16147049742e-09	1.73794284519e-10
1.16261586908e-09	1.0946879514e-10
1.16376124074e-09	3.79625011981e-11
1.16490661241e-09	-2.84515362658e-11
1.16605198407e-09	-7.95897792116e-11
1.16719735573e-09	-1.09745282306e-10
1.16834272739e-09	-1.18915433056e-10
1.16948809906e-09	-1.12040959843e-10
1.17063347072e-09	-9.740400847e-11
1.17177884238e-09	-8.35709904057e-11
1.17292421404e-09	-7.69999758399e-11
1.17406958571e-09	-7.9929125818e-11
1.17521495737e-09	-9.0163945754e-11
1.17636032903e-09	-1.01380230599e-10
1.17750570069e-09	-1.05679132112e-10
1.17865107235e-09	-9.52968814971e-11
1.17979644402e-09	-6.58195511982e-11
1.18094181568e-09	-1.73663635555e-11
1.18208718734e-09	4.44871570138e-11
1.183232559e-09	1.0966966224e-10
1.18437793067e-09	1.66085090125e-10
1.18552330233e-09	2.02349456635e-10
1.18666867399e-09	2.11116277238e-10
1.18781404565e-09	1.90729737559e-10
1.18895941732e-09	1.45811751562e-10
1.19010478898e-09	8.58389193059e-11
1.19125016064e-09	2.28336741875e-11
1.1923955323e-09	-3.18758006101e-11
1.19354090397e-09	-6.99506286228e-11
1.19468627563e-09	-8.81481762582e-11
1.19583164729e-09	-8.83840223231e-11
1.19697701895e-09	-7.70283697937e-11
1.19812239062e-09	-6.26469570664e-11
1.19926776228e-09	-5.33198936392e-11
1.20041313394e-09	-5.41434536094e-11
1.2015585056e-09	-6.54489448748e-11
1.20270387726e-09	-8.2890132258e-11
1.20384924893e-09	-9.85510839602e-11
1.20499462059e-09	-1.03816392982e-10
1.20613999225e-09	-9.19293668966e-11
1.20728536391e-09	-6.04365862911e-11
1.20843073558e-09	-1.2049120382e-11
1.20957610724e-09	4.56867668697e-11
1.2107214789e-09	1.02314920425e-10
1.21186685056e-09	1.4673469384e-10
1.21301222223e-09	1.70240668784e-10
1.21415759389e-09	1.68361491415e-10
1.21530296555e-09	1.42282616244e-10
1.21644833721e-09	9.84317766184e-11
1.21759370888e-09	4.67915220459e-11
1.21873908054e-09	-1.62305000169e-12
1.2198844522e-09	-3.78850700811e-11
1.22102982386e-09	-5.71708930197e-11
1.22217519553e-09	-5.98664659512e-11
1.22332056719e-09	-5.08622831352e-11
1.22446593885e-09	-3.7732685032e-11
1.22561131051e-09	-2.81064633373e-11
1.22675668218e-09	-2.75056540044e-11
1.22790205384e-09	-3.74964156946e-11
1.2290474255e-09	-5.5502238222e-11
1.23019279716e-09	-7.54482448739e-11
1.23133816882e-09	-8.95591448224e-11
1.23248354049e-09	-9.07441968789e-11
1.23362891215e-09	-7.4729736288e-11
1.23477428381e-09	-4.16936242476e-11
1.23591965547e-09	3.53352373403e-12
1.23706502714e-09	5.24300047822e-11
1.2382103988e-09	9.50926559717e-11
1.23935577046e-09	1.22631627075e-10
1.24050114212e-09	1.29892305245e-10
1.24164651379e-09	1.16290935215e-10
1.24279188545e-09	8.62187127249e-11
