% time-domain voltage integration by openEMS v0.37.0-rc1-2-g7b051bb @Mon Aug  3 23:37:12 2026
% start-coordinates: (0.00012576,0.00264633,-0.000889) m -> [38,78,13]
% stop-coordinates: (0.000506229,0.00264633,-0.000889) m -> [44,78,13]
% t/s	voltage
0	0
1.19341269065e-12	0
2.3868253813e-12	0
3.58023807195e-12	0
4.7736507626e-12	0
5.96706345326e-12	0
7.16047614391e-12	0
8.35388883456e-12	0
9.54730152521e-12	0
1.07407142159e-11	0
1.19341269065e-11	0
1.31275395972e-11	0
1.43209522878e-11	0
1.55143649785e-11	0
1.67077776691e-11	0
1.79011903598e-11	0
1.90946030504e-11	0
2.02880157411e-11	0
2.14814284317e-11	0
2.26748411224e-11	2.01673045127e-33
2.3868253813e-11	2.3890550041e-30
2.50616665037e-11	1.11925105604e-27
2.62550791943e-11	2.39759762186e-25
2.7448491885e-11	2.61794284001e-23
2.86419045756e-11	1.58906825559e-21
2.98353172663e-11	5.76866126256e-20
3.10287299569e-11	1.33755249806e-18
3.22221426476e-11	2.11179282763e-17
3.34155553382e-11	2.42578059995e-16
3.46089680289e-11	2.16453356322e-15
3.58023807195e-11	1.57866947155e-14
3.69957934102e-11	9.61382344312e-14
3.81892061008e-11	4.8602595337e-13
3.93826187915e-11	2.00641516205e-12
4.05760314821e-11	6.6538653927e-12
4.17694441728e-11	1.73753760945e-11
4.29628568634e-11	3.40518576877e-11
4.41562695541e-11	4.13049234572e-11
4.53496822447e-11	-1.42496982096e-11
4.65430949354e-11	-2.52058696831e-10
4.7736507626e-11	-8.74806269091e-10
4.89299203167e-11	-2.14954479216e-09
5.01233330073e-11	-4.31913882437e-09
5.1316745698e-11	-7.40409489275e-09
5.25101583886e-11	-1.08708547719e-08
5.37035710793e-11	-1.32095048233e-08
5.48969837699e-11	-1.15824796421e-08
5.60903964606e-11	-1.83982909463e-09
5.72838091513e-11	2.07203405544e-08
5.84772218419e-11	5.9585681722e-08
5.96706345326e-11	1.14397186834e-07
6.08640472232e-11	1.7820690168e-07
6.20574599139e-11	2.36009819687e-07
6.32508726045e-11	2.6617243698e-07
6.44442852952e-11	2.45585164649e-07
6.56376979858e-11	1.57723611949e-07
6.68311106765e-11	8.7846085961e-10
6.80245233671e-11	-2.07313343381e-07
6.92179360578e-11	-4.32282416085e-07
7.04113487484e-11	-6.32128404732e-07
7.16047614391e-11	-7.70794322591e-07
7.27981741297e-11	-8.28312984424e-07
7.39915868204e-11	-8.02119487275e-07
7.5184999511e-11	-6.98256741316e-07
7.63784122017e-11	-5.18218879364e-07
7.75718248923e-11	-2.51862001477e-07
7.8765237583e-11	1.1478814077e-07
7.99586502736e-11	5.7646922258e-07
8.11520629643e-11	1.08195669668e-06
8.23454756549e-11	1.52259295305e-06
8.35388883456e-11	1.75193036966e-06
8.47323010362e-11	1.63736002889e-06
8.59257137269e-11	1.12582186773e-06
8.71191264175e-11	2.91391142326e-07
8.83125391082e-11	-6.63622181207e-07
8.95059517988e-11	-1.46520406474e-06
9.06993644895e-11	-1.86384690437e-06
9.18927771801e-11	-1.73275785187e-06
9.30861898708e-11	-1.12413759723e-06
9.42796025614e-11	-2.57694864558e-07
9.54730152521e-11	5.57785277522e-07
9.66664279427e-11	1.03783246175e-06
9.78598406334e-11	1.02614420427e-06
9.9053253324e-11	5.47520279781e-07
1.00246666015e-10	-2.08145692682e-07
1.01440078705e-10	-9.61365806518e-07
1.02633491396e-10	-1.44548157266e-06
1.03826904087e-10	-1.49663605953e-06
1.05020316777e-10	-1.09982849494e-06
1.06213729468e-10	-3.81004273464e-07
1.07407142159e-10	4.45159187734e-07
1.08600554849e-10	1.14739761159e-06
1.0979396754e-10	1.54511980099e-06
1.10987380231e-10	1.55189539441e-06
1.12180792921e-10	1.1892556131e-06
1.13374205612e-10	5.71961354723e-07
1.14567618303e-10	-1.27441303732e-07
1.15761030993e-10	-7.25712816063e-07
1.16954443684e-10	-1.07755714396e-06
1.18147856374e-10	-1.11362567168e-06
1.19341269065e-10	-8.58070109189e-07
1.20534681756e-10	-4.1855784616e-07
1.21728094446e-10	4.92182961054e-08
1.22921507137e-10	3.92244519531e-07
1.24114919828e-10	5.09784882752e-07
1.25308332518e-10	3.84661348107e-07
1.26501745209e-10	8.61589763979e-08
1.276951579e-10	-2.56408579702e-07
1.2888857059e-10	-5.0019971809e-07
1.30081983281e-10	-5.39396403099e-07
1.31275395972e-10	-3.42780520413e-07
1.32468808662e-10	3.40312822367e-08
1.33662221353e-10	4.66406579136e-07
1.34855634044e-10	8.02447473802e-07
1.36049046734e-10	9.1490139198e-07
1.37242459425e-10	7.4593680921e-07
1.38435872116e-10	3.29142363142e-07
1.39629284806e-10	-2.1902749836e-07
1.40822697497e-10	-7.35603165936e-07
1.42016110187e-10	-1.0635598926e-06
1.43209522878e-10	-1.10280882382e-06
1.44402935569e-10	-8.42089207254e-07
1.45596348259e-10	-3.62808229681e-07
1.4678976095e-10	1.88488032293e-07
1.47983173641e-10	6.4672504152e-07
1.49176586331e-10	8.8094001427e-07
1.50369999022e-10	8.33445348292e-07
1.51563411713e-10	5.34999323065e-07
1.52756824403e-10	9.05731907253e-08
1.53950237094e-10	-3.5639123297e-07
1.55143649785e-10	-6.7050847008e-07
1.56337062475e-10	-7.64594830116e-07
1.57530475166e-10	-6.23251359855e-07
1.58723887857e-10	-3.02789111117e-07
1.59917300547e-10	8.98616088207e-08
1.61110713238e-10	4.3253072235e-07
1.62304125929e-10	6.25599689386e-07
1.63497538619e-10	6.22039358689e-07
1.6469095131e-10	4.39578499822e-07
1.65884364e-10	1.52229121753e-07
1.67077776691e-10	-1.36983192789e-07
1.68271189382e-10	-3.32324507468e-07
1.69464602072e-10	-3.78065543316e-07
1.70658014763e-10	-2.75911165915e-07
1.71851427454e-10	-8.06900208872e-08
1.73044840144e-10	1.22496398802e-07
1.74238252835e-10	2.50776491129e-07
1.75431665526e-10	2.52375983223e-07
1.76625078216e-10	1.22654983059e-07
1.77818490907e-10	-9.71391451721e-08
1.79011903598e-10	-3.35141116636e-07
1.80205316288e-10	-5.12797985408e-07
1.81398728979e-10	-5.68627285702e-07
1.8259214167e-10	-4.76535600313e-07
1.8378555436e-10	-2.52994865946e-07
1.84978967051e-10	4.76850621212e-08
1.86172379742e-10	3.49381945597e-07
1.87365792432e-10	5.76280640985e-07
1.88559205123e-10	6.74536039469e-07
1.89752617814e-10	6.26372951729e-07
1.90946030504e-10	4.53223400143e-07
1.92139443195e-10	2.06774762646e-07
1.93332855885e-10	-4.69289962446e-08
1.94526268576e-10	-2.46637245738e-07
1.95719681267e-10	-3.51668255405e-07
1.96913093957e-10	-3.51512326802e-07
1.98106506648e-10	-2.66866505783e-07
1.99299919339e-10	-1.41899837658e-07
2.00493332029e-10	-2.96750641837e-08
2.0168674472e-10	2.53165583497e-08
2.02880157411e-10	2.56315368929e-09
2.04073570101e-10	-8.75458470162e-08
2.05266982792e-10	-2.06583585793e-07
2.06460395483e-10	-3.01477854237e-07
2.07653808173e-10	-3.23231930111e-07
2.08847220864e-10	-2.44897002233e-07
2.10040633555e-10	-7.28629849789e-08
2.11234046245e-10	1.52653830909e-07
2.12427458936e-10	3.69066558648e-07
2.13620871627e-10	5.1095996767e-07
2.14814284317e-10	5.32291714705e-07
2.16007697008e-10	4.22899983477e-07
2.17201109698e-10	2.12965117541e-07
2.18394522389e-10	-3.6580472873e-08
2.1958793508e-10	-2.5471957521e-07
2.2078134777e-10	-3.83950286675e-07
2.21974760461e-10	-3.9768196558e-07
2.23168173152e-10	-3.05706095105e-07
2.24361585842e-10	-1.4711070051e-07
2.25554998533e-10	2.52998499928e-08
2.26748411224e-10	1.61583129099e-07
2.27941823914e-10	2.28542969438e-07
2.29135236605e-10	2.16091839533e-07
2.30328649296e-10	1.3767900775e-07
2.31522061986e-10	2.46960920602e-08
2.32715474677e-10	-8.337828028e-08
2.33908887368e-10	-1.50655255382e-07
2.35102300058e-10	-1.56158376896e-07
2.36295712749e-10	-1.00931924152e-07
2.3748912544e-10	-7.94317811526e-09
2.3868253813e-10	8.52820640773e-08
2.39875950821e-10	1.4017278005e-07
2.41069363512e-10	1.31220842192e-07
2.42262776202e-10	5.61735715721e-08
2.43456188893e-10	-6.18021980259e-08
2.44649601583e-10	-1.81425274803e-07
2.45843014274e-10	-2.57296994377e-07
2.47036426965e-10	-2.56195313852e-07
2.48229839655e-10	-1.69866353872e-07
2.49423252346e-10	-1.87335262858e-08
2.50616665037e-10	1.54071543079e-07
2.51810077727e-10	2.97196969257e-07
2.53003490418e-10	3.67995081518e-07
2.54196903109e-10	3.45899234588e-07
2.55390315799e-10	2.37737078024e-07
2.5658372849e-10	7.42482644256e-08
2.57777141181e-10	-1.00450282758e-07
2.58970553871e-10	-2.41703503434e-07
2.60163966562e-10	-3.1625521757e-07
2.61357379253e-10	-3.10022443273e-07
2.62550791943e-10	-2.30755771824e-07
2.63744204634e-10	-1.05211865886e-07
2.64937617325e-10	2.88831683015e-08
2.66131030015e-10	1.33967622773e-07
2.67324442706e-10	1.83869625303e-07
2.68517855396e-10	1.71772070345e-07
2.69711268087e-10	1.11123174662e-07
2.70904680778e-10	3.01132411229e-08
2.72098093468e-10	-3.92035723884e-08
2.73291506159e-10	-7.24257001039e-08
2.7448491885e-10	-6.10391355238e-08
2.7567833154e-10	-1.47664322991e-08
2.76871744231e-10	4.25142494542e-08
2.78065156922e-10	8.19010397279e-08
2.79258569612e-10	8.01372488368e-08
2.80451982303e-10	2.90968220629e-08
2.81645394994e-10	-5.97326716978e-08
2.82838807684e-10	-1.57562526582e-07
2.84032220375e-10	-2.2728893434e-07
2.85225633066e-10	-2.36911221307e-07
2.86419045756e-10	-1.72362812023e-07
2.87612458447e-10	-4.45377756897e-08
2.88805871138e-10	1.12175156275e-07
2.89999283828e-10	2.51123333683e-07
2.91192696519e-10	3.29017598943e-07
2.9238610921e-10	3.21325000385e-07
2.935795219e-10	2.30956686664e-07
2.94772934591e-10	8.70547971488e-08
2.95966347281e-10	-6.51488365477e-08
2.97159759972e-10	-1.79944985135e-07
2.98353172663e-10	-2.26546680082e-07
2.99546585353e-10	-1.98408805829e-07
3.00739998044e-10	-1.14212554969e-07
3.01933410735e-10	-9.94056825743e-09
3.03126823425e-10	7.45579029626e-08
3.04320236116e-10	1.09300357209e-07
3.05513648807e-10	8.40400335989e-08
3.06707061497e-10	1.04183814909e-08
3.07900474188e-10	-8.30837558752e-08
3.09093886879e-10	-1.61544544852e-07
3.10287299569e-10	-1.95330988717e-07
3.1148071226e-10	-1.6949274162e-07
3.12674124951e-10	-8.79824666455e-08
3.13867537641e-10	2.75580658293e-08
3.15060950332e-10	1.44686669756e-07
3.16254363023e-10	2.29502596483e-07
3.17447775713e-10	2.56880976934e-07
3.18641188404e-10	2.17947539127e-07
3.19834601094e-10	1.23128051754e-07
3.21028013785e-10	-5.87871307189e-10
3.22221426476e-10	-1.17195988025e-07
3.23414839166e-10	-1.92436697688e-07
3.24608251857e-10	-2.03889248596e-07
3.25801664548e-10	-1.48434610381e-07
3.26995077238e-10	-4.36052225439e-08
3.28188489929e-10	7.66321575085e-08
3.2938190262e-10	1.72027265322e-07
3.3057531531e-10	2.08481923281e-07
3.31768728001e-10	1.69908265235e-07
3.32962140692e-10	6.47933777742e-08
3.34155553382e-10	-7.48307664722e-08
3.35348966073e-10	-2.03180906766e-07
3.36542378764e-10	-2.75799397542e-07
3.37735791454e-10	-2.65516884923e-07
3.38929204145e-10	-1.72745609817e-07
3.40122616836e-10	-2.60416150866e-08
3.41316029526e-10	1.27337097311e-07
3.42509442217e-10	2.37999847386e-07
3.43702854908e-10	2.71427438747e-07
3.44896267598e-10	2.19572550364e-07
3.46089680289e-10	1.02991567275e-07
3.47283092979e-10	-3.72689306083e-08
3.4847650567e-10	-1.54031628341e-07
3.49669918361e-10	-2.10184788685e-07
3.50863331051e-10	-1.90332789529e-07
3.52056743742e-10	-1.04657575939e-07
3.53250156433e-10	1.57077293395e-08
3.54443569123e-10	1.30069218507e-07
3.55636981814e-10	2.01510731657e-07
3.56830394505e-10	2.08081296194e-07
3.58023807195e-10	1.48599063721e-07
3.59217219886e-10	4.16315781848e-08
3.60410632577e-10	-8.08946190034e-08
3.61604045267e-10	-1.8328281115e-07
3.62797457958e-10	-2.36021138633e-07
3.63990870649e-10	-2.2362826968e-07
3.65184283339e-10	-1.48793711574e-07
3.6637769603e-10	-3.1808812917e-08
3.67571108721e-10	9.46974880733e-08
3.68764521411e-10	1.94708446699e-07
3.69957934102e-10	2.39224982934e-07
3.71151346792e-10	2.15245064439e-07
3.72344759483e-10	1.30192690406e-07
3.73538172174e-10	1.01345773995e-08
3.74731584864e-10	-1.08137363952e-07
3.75924997555e-10	-1.88789305966e-07
3.77118410246e-10	-2.08265243273e-07
3.78311822936e-10	-1.62865211095e-07
3.79505235627e-10	-6.954598053e-08
3.80698648318e-10	3.99807023044e-08
3.81892061008e-10	1.29805034277e-07
3.83085473699e-10	1.71635750945e-07
3.8427888639e-10	1.53685467907e-07
3.8547229908e-10	8.40181231254e-08
3.86665711771e-10	-1.2689015616e-08
3.87859124462e-10	-1.03692906706e-07
3.89052537152e-10	-1.59086871676e-07
3.90245949843e-10	-1.61303089996e-07
3.91439362534e-10	-1.10485872895e-07
3.92632775224e-10	-2.36398889353e-08
3.93826187915e-10	7.11793530783e-08
3.95019600606e-10	1.443517057e-07
3.96213013296e-10	1.73887514165e-07
3.97406425987e-10	1.51954022698e-07
3.98599838677e-10	8.67365459456e-08
3.99793251368e-10	-8.62426019488e-10
4.00986664059e-10	-8.41092164805e-08
4.02180076749e-10	-1.38817281226e-07
4.0337348944e-10	-1.50575042213e-07
4.04566902131e-10	-1.18510930847e-07
4.05760314821e-10	-5.49071952349e-08
4.06953727512e-10	1.9355173464e-08
4.08147140203e-10	8.14286682527e-08
4.09340552893e-10	1.13587856454e-07
4.10533965584e-10	1.08101911422e-07
4.11727378275e-10	6.89478998339e-08
4.12920790965e-10	9.94983839764e-09
4.14114203656e-10	-4.98932779536e-08
4.15307616347e-10	-9.2367336002e-08
4.16501029037e-10	-1.05328994415e-07
4.17694441728e-10	-8.61237907657e-08
4.18887854419e-10	-4.17789092211e-08
4.20081267109e-10	1.35379931709e-08
4.212746798e-10	6.33264658489e-08
4.2246809249e-10	9.38217699087e-08
4.23661505181e-10	9.80188659128e-08
4.24854917872e-10	7.70367503122e-08
4.26048330562e-10	3.90756569324e-08
4.27241743253e-10	-3.84449272417e-09
4.28435155944e-10	-3.97075079483e-08
4.29628568634e-10	-5.9897196536e-08
4.30821981325e-10	-6.1178182964e-08
4.32015394016e-10	-4.59513911366e-08
4.33208806706e-10	-2.10058475059e-08
4.34402219397e-10	4.68165484158e-09
4.35595632088e-10	2.28755190346e-08
4.36789044778e-10	2.83078662733e-08
4.37982457469e-10	2.03443311086e-08
4.3917587016e-10	2.94169255621e-09
4.4036928285e-10	-1.69303786546e-08
4.41562695541e-10	-3.16436210568e-08
4.42756108232e-10	-3.56841374227e-08
4.43949520922e-10	-2.74198710404e-08
4.45142933613e-10	-9.44722133855e-09
4.46336346304e-10	1.23898592497e-08
4.47529758994e-10	3.11735091074e-08
4.48723171685e-10	4.13123246723e-08
4.49916584375e-10	4.02274746847e-08
4.51109997066e-10	2.92314503714e-08
4.52303409757e-10	1.265543359e-08
4.53496822447e-10	-3.70083588774e-09
4.54690235138e-10	-1.49016781137e-08
4.55883647829e-10	-1.86585742412e-08
4.57077060519e-10	-1.59228472629e-08
4.5827047321e-10	-1.0166735509e-08
4.59463885901e-10	-5.53170953488e-09
4.60657298591e-10	-4.69766146816e-09
4.61850711282e-10	-7.6737096677e-09
4.63044123973e-10	-1.18196529231e-08
4.64237536663e-10	-1.32857983504e-08
4.65430949354e-10	-9.10462849557e-09
4.66624362045e-10	1.10893362548e-09
4.67817774735e-10	1.45722228728e-08
4.69011187426e-10	2.62309804988e-08
4.70204600117e-10	3.08193783827e-08
4.71398012807e-10	2.51844756161e-08
4.72591425498e-10	9.90629056563e-09
4.73784838188e-10	-1.0565393338e-08
4.74978250879e-10	-2.93808133378e-08
4.7617166357e-10	-3.98158164217e-08
4.7736507626e-10	-3.79292415253e-08
4.78558488951e-10	-2.40002946406e-08
4.79751901642e-10	-2.4957641509e-09
4.80945314332e-10	1.97478249309e-08
4.82138727023e-10	3.60108600717e-08
4.83332139714e-10	4.18450025741e-08
4.84525552404e-10	3.62917775831e-08
4.85718965095e-10	2.16202369341e-08
4.86912377786e-10	2.25881457983e-09
4.88105790476e-10	-1.66274407576e-08
4.89299203167e-10	-3.04288994002e-08
4.90492615858e-10	-3.59140157613e-08
4.91686028548e-10	-3.1789777033e-08
4.92879441239e-10	-1.90314519699e-08
4.9407285393e-10	-7.85682102711e-10
4.9526626662e-10	1.79759120922e-08
4.96459679311e-10	3.16396540079e-08
4.97653092001e-10	3.55071017033e-08
4.98846504692e-10	2.74047069482e-08
5.00039917383e-10	8.92400564556e-09
5.01233330073e-10	-1.45966685405e-08
5.02426742764e-10	-3.54118521173e-08
5.03620155455e-10	-4.57459927716e-08
5.04813568145e-10	-4.07354456833e-08
5.06006980836e-10	-2.05068451109e-08
5.07200393527e-10	9.26520227207e-09
5.08393806217e-10	3.88851439936e-08
5.09587218908e-10	5.78807459739e-08
5.10780631599e-10	5.87498711901e-08
5.11974044289e-10	3.98995796402e-08
5.1316745698e-10	6.52945181256e-09
5.14360869671e-10	-3.09953211985e-08
5.15554282361e-10	-6.05283849708e-08
5.16747695052e-10	-7.22896631444e-08
5.17941107743e-10	-6.21680729118e-08
5.19134520433e-10	-3.29948175448e-08
5.20327933124e-10	6.36146701982e-09
5.21521345815e-10	4.39515854822e-08
5.22714758505e-10	6.85880445772e-08
5.23908171196e-10	7.32813933979e-08
5.25101583886e-10	5.73075702448e-08
5.26294996577e-10	2.61513510846e-08
5.27488409268e-10	-1.05085955493e-08
5.28681821958e-10	-4.18912717848e-08
5.29875234649e-10	-5.94376818874e-08
5.3106864734e-10	-5.9083433257e-08
5.3226206003e-10	-4.21267025708e-08
5.33455472721e-10	-1.44499481269e-08
5.34648885412e-10	1.53708084039e-08
5.35842298102e-10	3.85232352684e-08
5.37035710793e-10	4.83607927038e-08
5.38229123484e-10	4.21840895548e-08
5.39422536174e-10	2.20048799182e-08
5.40615948865e-10	-5.88111276345e-09
5.41809361556e-10	-3.26961129282e-08
5.43002774246e-10	-4.96841789932e-08
5.44196186937e-10	-5.0897323689e-08
5.45389599628e-10	-3.51849549496e-08
5.46583012318e-10	-6.77112543812e-09
5.47776425009e-10	2.58754961902e-08
5.48969837699e-10	5.25604493262e-08
5.5016325039e-10	6.45578621672e-08
5.51356663081e-10	5.74151641786e-08
5.52550075771e-10	3.25554703196e-08
5.53743488462e-10	-2.94110019672e-09
5.54936901153e-10	-3.84140870224e-08
5.56130313843e-10	-6.28068819175e-08
5.57323726534e-10	-6.8315362256e-08
5.58517139225e-10	-5.29239514435e-08
5.59710551915e-10	-2.11721200571e-08
5.60903964606e-10	1.7130109109e-08
5.62097377297e-10	5.01730150759e-08
5.63290789987e-10	6.7763343381e-08
5.64484202678e-10	6.45795834586e-08
5.65677615369e-10	4.17431929023e-08
5.66871028059e-10	6.27536622666e-09
5.6806444075e-10	-3.10896826061e-08
5.69257853441e-10	-5.92540598809e-08
5.70451266131e-10	-7.00897349049e-08
5.71644678822e-10	-6.07173058498e-08
5.72838091513e-10	-3.43294819238e-08
5.74031504203e-10	9.54793383245e-10
5.75224916894e-10	3.46467992074e-08
5.76418329584e-10	5.70039921932e-08
5.77611742275e-10	6.20507303317e-08
5.78805154966e-10	4.90988534274e-08
5.79998567656e-10	2.28243104416e-08
5.81191980347e-10	-8.34658930859e-09
5.82385393038e-10	-3.49025657265e-08
5.83578805728e-10	-4.90604965542e-08
5.84772218419e-10	-4.69807281966e-08
5.8596563111e-10	-2.98973779067e-08
5.871590438e-10	-3.50746043321e-09
5.88352456491e-10	2.36722541569e-08
5.89545869182e-10	4.30501816417e-08
5.90739281872e-10	4.85296940411e-08
5.91932694563e-10	3.84046878743e-08
5.93126107254e-10	1.5821425503e-08
5.94319519944e-10	-1.22499768107e-08
5.95512932635e-10	-3.72389181713e-08
5.96706345326e-10	-5.15520084399e-08
5.97899758016e-10	-5.08896516038e-08
5.99093170707e-10	-3.53826803412e-08
6.00286583397e-10	-9.54104140138e-09
6.01479996088e-10	1.91029401186e-08
6.02673408779e-10	4.2236942388e-08
6.03866821469e-10	5.31018895522e-08
6.0506023416e-10	4.85416977725e-08
6.06253646851e-10	2.98873557014e-08
6.07447059541e-10	2.60764060345e-09
6.08640472232e-10	-2.53354506263e-08
6.09833884923e-10	-4.57804434362e-08
6.11027297613e-10	-5.28419827894e-08
6.12220710304e-10	-4.44961774093e-08
6.13414122995e-10	-2.32876538053e-08
6.14607535685e-10	4.60357096888e-09
6.15800948376e-10	3.10471359732e-08
6.16994361067e-10	4.8419400045e-08
6.18187773757e-10	5.18624947432e-08
6.19381186448e-10	4.06557347787e-08
6.20574599139e-10	1.84899460187e-08
6.21768011829e-10	-7.78250563993e-09
6.2296142452e-10	-3.0354029068e-08
6.24154837211e-10	-4.28627355831e-08
6.25348249901e-10	-4.23760750934e-08
6.26541662592e-10	-3.00484321869e-08
6.27735075282e-10	-1.0438493625e-08
6.28928487973e-10	1.00818083881e-08
6.30121900664e-10	2.55144294581e-08
6.31315313354e-10	3.18498125651e-08
6.32508726045e-10	2.80928098562e-08
6.33702138736e-10	1.62071800425e-08
6.34895551426e-10	2.74054973159e-10
6.36088964117e-10	-1.4809023785e-08
6.37282376808e-10	-2.47316125357e-08
6.38475789498e-10	-2.69360920235e-08
6.39669202189e-10	-2.1097916747e-08
6.4086261488e-10	-9.15150399905e-09
6.4205602757e-10	5.40819322659e-09
6.43249440261e-10	1.85316373358e-08
6.44442852952e-10	2.65819419809e-08
6.45636265642e-10	2.73701710185e-08
6.46829678333e-10	2.05790149366e-08
6.48023091024e-10	7.93817855893e-09
6.49216503714e-10	-7.18433484925e-09
6.50409916405e-10	-2.06074795006e-08
6.51603329095e-10	-2.84691634711e-08
6.52796741786e-10	-2.83142091995e-08
6.53990154477e-10	-1.99423855207e-08
6.55183567167e-10	-5.51461137865e-09
6.56376979858e-10	1.0936470507e-08
6.57570392549e-10	2.47209053228e-08
6.58763805239e-10	3.18229029794e-08
6.5995721793e-10	3.01496549948e-08
6.61150630621e-10	2.00970737829e-08
6.62344043311e-10	4.48164327871e-09
6.63537456002e-10	-1.23619475767e-08
6.64730868693e-10	-2.58187380364e-08
6.65924281383e-10	-3.23681634828e-08
6.67117694074e-10	-3.05741543194e-08
6.68311106765e-10	-2.13334203636e-08
6.69504519455e-10	-7.53418982757e-09
6.70697932146e-10	7.00648861152e-09
6.71891344837e-10	1.8621098441e-08
6.73084757527e-10	2.47813249921e-08
6.74278170218e-10	2.45679177002e-08
6.75471582909e-10	1.86668474011e-08
6.76664995599e-10	8.98991037168e-09
6.7785840829e-10	-1.85852369605e-09
6.7905182098e-10	-1.12342021241e-08
6.80245233671e-10	-1.69197718058e-08
6.81438646362e-10	-1.76736307811e-08
6.82632059052e-10	-1.34303864696e-08
6.83825471743e-10	-5.3975880987e-09
6.85018884434e-10	4.1916760618e-09
6.86212297124e-10	1.265806715e-08
6.87405709815e-10	1.74962564436e-08
6.88599122506e-10	1.71172473973e-08
6.89792535196e-10	1.13465116192e-08
6.90985947887e-10	1.56703244825e-09
6.92179360578e-10	-9.50542222711e-09
6.93372773268e-10	-1.85405324427e-08
6.94566185959e-10	-2.25772232021e-08
6.9575959865e-10	-1.99693439562e-08
6.9695301134e-10	-1.1115908527e-08
6.98146424031e-10	1.58461317679e-09
6.99339836722e-10	1.43213736425e-08
7.00533249412e-10	2.3111081715e-08
7.01726662103e-10	2.50871807772e-08
7.02920074793e-10	1.94360330052e-08
7.04113487484e-10	7.711145944e-09
7.05306900175e-10	-6.65864730021e-09
7.06500312865e-10	-1.94397700159e-08
7.07693725556e-10	-2.68174278339e-08
7.08887138247e-10	-2.65718116399e-08
7.10080550937e-10	-1.86558368753e-08
7.11273963628e-10	-5.21511195339e-09
7.12467376319e-10	1.00495826105e-08
7.13660789009e-10	2.29528511753e-08
7.148542017e-10	2.99689677519e-08
7.16047614391e-10	2.92163229165e-08
7.17241027081e-10	2.08922532607e-08
7.18434439772e-10	7.2185943889e-09
7.19627852463e-10	-8.23780355041e-09
7.20821265153e-10	-2.14477859917e-08
7.22014677844e-10	-2.90171460193e-08
7.23208090535e-10	-2.89914880991e-08
7.24401503225e-10	-2.14348760963e-08
7.25594915916e-10	-8.41265790363e-09
7.26788328607e-10	6.50000092639e-09
7.27981741297e-10	1.91604452304e-08
7.29175153988e-10	2.60166450605e-08
7.30368566678e-10	2.51519840511e-08
7.31561979369e-10	1.68508857978e-08
7.3275539206e-10	3.60536925315e-09
7.3394880475e-10	-1.06152963086e-08
7.35142217441e-10	-2.14982254221e-08
7.36335630132e-10	-2.56574415047e-08
7.37529042822e-10	-2.17268603109e-08
7.38722455513e-10	-1.07732192056e-08
7.39915868204e-10	3.8925477841e-09
7.41109280894e-10	1.77342560637e-08
7.42302693585e-10	2.63504560394e-08
7.43496106276e-10	2.68914408519e-08
7.44689518966e-10	1.9019734232e-08
7.45882931657e-10	5.05934227846e-09
7.47076344348e-10	-1.07400084381e-08
7.48269757038e-10	-2.34673371846e-08
7.49463169729e-10	-2.91853059498e-08
7.5065658242e-10	-2.6045714252e-08
7.5184999511e-10	-1.49318730713e-08
7.53043407801e-10	8.63407595419e-10
7.54236820491e-10	1.663430238e-08
7.55430233182e-10	2.765898377e-08
7.56623645873e-10	3.06396088501e-08
7.57817058563e-10	2.46571856266e-08
7.59010471254e-10	1.14512745952e-08
7.60203883945e-10	-5.15218268049e-09
7.61397296635e-10	-2.03769929819e-08
7.62590709326e-10	-2.995229198e-08
7.63784122017e-10	-3.12612964404e-08
7.64977534707e-10	-2.40860367207e-08
7.66170947398e-10	-1.05049081656e-08
7.67364360089e-10	5.69654801108e-09
7.68557772779e-10	2.01201610928e-08
7.6975118547e-10	2.89044530533e-08
7.70944598161e-10	2.97564490825e-08
7.72138010851e-10	2.25220386785e-08
7.73331423542e-10	9.30102961316e-09
7.74524836233e-10	-6.18055850943e-09
7.75718248923e-10	-1.95205165365e-08
7.76911661614e-10	-2.69358608751e-08
7.78105074305e-10	-2.63568131764e-08
7.79298486995e-10	-1.80259860372e-08
7.80491899686e-10	-4.48791714902e-09
7.81685312376e-10	1.01954442666e-08
7.82878725067e-10	2.16041038392e-08
7.84072137758e-10	2.63000621281e-08
7.85265550448e-10	2.28592134111e-08
7.86458963139e-10	1.23401140417e-08
7.8765237583e-10	-2.0319241012e-09
7.8884578852e-10	-1.57862685146e-08
7.90039201211e-10	-2.46631379763e-08
7.91232613902e-10	-2.58756354121e-08
7.92426026592e-10	-1.9069604118e-08
7.93619439283e-10	-6.37879016274e-09
7.94812851974e-10	8.23862389421e-09
7.96006264664e-10	2.02749717015e-08
7.97199677355e-10	2.60706964905e-08
7.98393090046e-10	2.39336228613e-08
7.99586502736e-10	1.45746537061e-08
8.00779915427e-10	8.6698520585e-10
8.01973328118e-10	-1.3105138752e-08
8.03166740808e-10	-2.32414119061e-08
8.04360153499e-10	-2.66371262825e-08
8.05553566189e-10	-2.24049883091e-08
8.0674697888e-10	-1.1814789147e-08
8.07940391571e-10	2.05298972267e-09
8.09133804261e-10	1.53275470094e-08
8.10327216952e-10	2.43590863036e-08
8.11520629643e-10	2.67703816892e-08
8.12714042333e-10	2.20048108623e-08
8.13907455024e-10	1.14527152206e-08
8.15100867715e-10	-1.99974659054e-09
8.16294280405e-10	-1.47078135226e-08
8.17487693096e-10	-2.32793067045e-08
8.18681105787e-10	-2.54415590817e-08
8.19874518477e-10	-2.06746662013e-08
8.21067931168e-10	-1.03775708027e-08
8.22261343859e-10	2.52590465211e-09
8.23454756549e-10	1.43687206577e-08
8.2464816924e-10	2.18087998771e-08
8.25841581931e-10	2.27790484253e-08
8.27034994621e-10	1.70970784197e-08
8.28228407312e-10	6.52184750649e-09
8.29421820002e-10	-5.74705594225e-09
8.30615232693e-10	-1.60473685451e-08
8.31808645384e-10	-2.12913491282e-08
8.33002058074e-10	-1.99760450403e-08
8.34195470765e-10	-1.25728545353e-08
8.35388883456e-10	-1.43124118113e-09
8.36582296146e-10	9.97950810877e-09
8.37775708837e-10	1.81645083419e-08
8.38969121528e-10	2.0682251245e-08
8.40162534218e-10	1.68729306083e-08
8.41355946909e-10	8.03294308849e-09
8.425493596e-10	-3.08560993423e-09
8.4374277229e-10	-1.31168605977e-08
8.44936184981e-10	-1.91200748567e-08
8.46129597672e-10	-1.94230016515e-08
8.47323010362e-10	-1.40183837871e-08
8.48516423053e-10	-4.55558346601e-09
8.49709835744e-10	6.22091883562e-09
8.50903248434e-10	1.52426221645e-08
8.52096661125e-10	1.99808882773e-08
8.53290073816e-10	1.91420059803e-08
8.54483486506e-10	1.29828152673e-08
8.55676899197e-10	3.1967238856e-09
8.56870311887e-10	-7.53534823428e-09
8.58063724578e-10	-1.63368623074e-08
8.59257137269e-10	-2.08210109154e-08
8.60450549959e-10	-1.97815910319e-08
8.6164396265e-10	-1.34604142277e-08
8.62837375341e-10	-3.52139756243e-09
8.64030788031e-10	7.36474015106e-09
8.65224200722e-10	1.62456468278e-08
8.66417613413e-10	2.06635808464e-08
8.67611026103e-10	1.94001845699e-08
8.68804438794e-10	1.28183901271e-08
8.69997851485e-10	2.80943118769e-09
8.71191264175e-10	-7.76289388327e-09
8.72384676866e-10	-1.587805043e-08
8.73578089557e-10	-1.92659652676e-08
8.74771502247e-10	-1.7035830302e-08
8.75964914938e-10	-9.95659665826e-09
8.77158327629e-10	-1.85750720361e-10
8.78351740319e-10	9.36580069055e-09
8.7954515301e-10	1.590448373e-08
8.807385657e-10	1.75694938598e-08
8.81931978391e-10	1.39799787302e-08
8.83125391082e-10	6.30998359119e-09
8.84318803772e-10	-3.07195849314e-09
8.85512216463e-10	-1.13494362797e-08
8.86705629154e-10	-1.60893729451e-08
8.87899041844e-10	-1.59604078842e-08
8.89092454535e-10	-1.10863468405e-08
8.90285867226e-10	-2.96914140496e-09
8.91479279916e-10	5.97079202747e-09
8.92672692607e-10	1.31231869815e-08
8.93866105298e-10	1.64175797401e-08
8.95059517988e-10	1.4915379265e-08
8.96252930679e-10	9.04045271977e-09
8.9744634337e-10	4.71770539301e-10
8.9863975606e-10	-8.36918301328e-09
8.99833168751e-10	-1.49631876889e-08
9.01026581442e-10	-1.74280014864e-08
9.02219994132e-10	-1.50134922272e-08
9.03413406823e-10	-8.33236468711e-09
9.04606819514e-10	8.17866781244e-10
9.05800232204e-10	9.92338222705e-09
9.06993644895e-10	1.64531859248e-08
9.08187057585e-10	1.85383732809e-08
9.09380470276e-10	1.55337593899e-08
9.10573882967e-10	8.19996892609e-09
9.11767295657e-10	-1.45501792559e-09
9.12960708348e-10	-1.07382769343e-08
9.14154121039e-10	-1.70372156383e-08
9.15347533729e-10	-1.85552497811e-08
9.1654094642e-10	-1.48775937125e-08
9.17734359111e-10	-7.05554059621e-09
9.18927771801e-10	2.65161326229e-09
9.20121184492e-10	1.14624795211e-08
9.21314597183e-10	1.68599230133e-08
9.22508009873e-10	1.73320335861e-08
9.23701422564e-10	1.28029099544e-08
9.24894835255e-10	4.66204780336e-09
9.26088247945e-10	-4.66693744761e-09
9.27281660636e-10	-1.24267945933e-08
9.28475073327e-10	-1.63702063016e-08
9.29668486017e-10	-1.54086036153e-08
9.30861898708e-10	-9.92829785051e-09
9.32055311398e-10	-1.64200232577e-09
9.33248724089e-10	6.94593482731e-09
9.3444213678e-10	1.33034545602e-08
9.3563554947e-10	1.55931858536e-08
9.36828962161e-10	1.32167767841e-08
9.38022374852e-10	6.93122492734e-09
9.39215787542e-10	-1.37841239811e-09
9.40409200233e-10	-9.25273080377e-09
9.41602612924e-10	-1.43905891647e-08
9.42796025614e-10	-1.52715095014e-08
9.43989438305e-10	-1.16349395674e-08
9.45182850996e-10	-4.50738785185e-09
9.46376263686e-10	4.05122471681e-09
9.47569676377e-10	1.15786334964e-08
9.48763089068e-10	1.58828097341e-08
9.49956501758e-10	1.56961328379e-08
9.51149914449e-10	1.10143131282e-08
9.5234332714e-10	3.11819356447e-09
9.5353673983e-10	-5.7909215756e-09
9.54730152521e-10	-1.32015194332e-08
9.55923565212e-10	-1.69935028271e-08
9.57116977902e-10	-1.60512549918e-08
9.58310390593e-10	-1.05962585373e-08
9.59503803283e-10	-2.13531992088e-09
9.60697215974e-10	6.93690910269e-09
9.61890628665e-10	1.40359618372e-08
9.63084041355e-10	1.71328284893e-08
9.64277454046e-10	1.53377652801e-08
9.65470866737e-10	9.19867970683e-09
9.66664279427e-10	5.00517988167e-10
9.67857692118e-10	-8.21415768737e-09
9.69051104809e-10	-1.443153963e-08
9.70244517499e-10	-1.63792246433e-08
9.7143793019e-10	-1.35601258e-08
9.72631342881e-10	-6.87550771872e-09
9.73824755571e-10	1.65169891653e-09
9.75018168262e-10	9.49829859209e-09
9.76211580953e-10	1.43867562308e-08
9.77404993643e-10	1.49606536048e-08
9.78598406334e-10	1.11547731052e-08
9.79791819025e-10	4.18737328145e-09
9.80985231715e-10	-3.8267287672e-09
9.82178644406e-10	-1.05249441384e-08
9.83372057096e-10	-1.39699231072e-08
9.84565469787e-10	-1.32240164374e-08
9.85758882478e-10	-8.57117488096e-09
9.86952295168e-10	-1.43729401991e-09
9.88145707859e-10	6.06536654235e-09
9.8933912055e-10	1.17368924579e-08
9.9053253324e-10	1.39328466542e-08
9.91725945931e-10	1.20227144906e-08
9.92919358622e-10	6.56475229732e-09
9.94112771312e-10	-8.79738865089e-10
9.95306184003e-10	-8.16534595494e-09
9.96499596694e-10	-1.32065449687e-08
9.97693009384e-10	-1.45283887143e-08
9.98886422075e-10	-1.17132885613e-08
1.00007983477e-09	-5.51572210128e-09
1.00127324746e-09	2.3422576656e-09
1.00246666015e-09	9.62920987391e-09
1.00366007284e-09	1.42666809477e-08
1.00485348553e-09	1.48949048651e-08
1.00604689822e-09	1.1317707993e-08
1.00724031091e-09	4.53403686818e-09
1.0084337236e-09	-3.50851431241e-09
1.00962713629e-09	-1.05114210669e-08
1.01082054898e-09	-1.44673196756e-08
1.01201396167e-09	-1.42697975658e-08
1.01320737436e-09	-1.0010532181e-08
1.01440078705e-09	-2.96098706665e-09
1.01559419974e-09	4.82311773853e-09
1.01678761243e-09	1.10913427331e-08
1.01798102513e-09	1.40736448051e-08
1.01917443782e-09	1.29676789307e-08
1.02036785051e-09	8.17542367137e-09
1.0215612632e-09	1.15496406883e-09
1.02275467589e-09	-6.02592020726e-09
1.02394808858e-09	-1.12901585858e-08
1.02514150127e-09	-1.31789564817e-08
1.02633491396e-09	-1.12305611477e-08
1.02752832665e-09	-6.11394096461e-09
1.02872173934e-09	6.21539535117e-10
1.02991515203e-09	6.98883040329e-09
1.03110856472e-09	1.11660368729e-08
1.03230197741e-09	1.19919367769e-08
1.0334953901e-09	9.29393451088e-09
1.03468880279e-09	3.90598908773e-09
1.03588221549e-09	-2.57293311656e-09
1.03707562818e-09	-8.26089552319e-09
1.03826904087e-09	-1.15044653803e-08
1.03946245356e-09	-1.13710657557e-08
1.04065586625e-09	-7.88650267314e-09
1.04184927894e-09	-2.04222844191e-09
1.04304269163e-09	4.48796821928e-09
1.04423610432e-09	9.8289208994e-09
1.04542951701e-09	1.24192646167e-08
1.0466229297e-09	1.14836498089e-08
1.04781634239e-09	7.24470516911e-09
1.04900975508e-09	8.78407485638e-10
1.05020316777e-09	-5.8115664503e-09
1.05139658046e-09	-1.0913516757e-08
1.05258999315e-09	-1.29631437806e-08
1.05378340584e-09	-1.13513433098e-08
1.05497681854e-09	-6.54228843322e-09
1.05617023123e-09	1.04628861131e-10
1.05736364392e-09	6.67837646295e-09
1.05855705661e-09	1.13079683395e-08
1.0597504693e-09	1.26799946099e-08
1.06094388199e-09	1.04278099489e-08
1.06213729468e-09	5.23725152135e-09
1.06333070737e-09	-1.37402762779e-09
1.06452412006e-09	-7.4879794032e-09
1.06571753275e-09	-1.13642260047e-08
1.06691094544e-09	-1.19318117608e-08
1.06810435813e-09	-9.0925817986e-09
1.06929777082e-09	-3.7301975675e-09
1.07049118351e-09	2.57207721788e-09
1.0716845962e-09	7.99967669884e-09
1.0728780089e-09	1.1028688629e-08
1.07407142159e-09	1.08608312344e-08
1.07526483428e-09	7.61397939142e-09
1.07645824697e-09	2.28743343711e-09
1.07765165966e-09	-3.56291510184e-09
1.07884507235e-09	-8.25389323555e-09
1.08003848504e-09	-1.04661905809e-08
1.08123189773e-09	-9.60212309664e-09
1.08242531042e-09	-5.95184651564e-09
1.08361872311e-09	-5.92055071635e-10
1.0848121358e-09	4.90678048193e-09
1.08600554849e-09	8.95378249322e-09
1.08719896118e-09	1.03659109074e-08
1.08839237387e-09	8.72226635362e-09
1.08958578656e-09	4.48304898759e-09
1.09077919926e-09	-1.14577203281e-09
1.09197261195e-09	-6.53599208089e-09
1.09316602464e-09	-1.01211992121e-08
1.09435943733e-09	-1.08296565049e-08
1.09555285002e-09	-8.41813641017e-09
1.09674626271e-09	-3.54037005268e-09
1.0979396754e-09	2.42284065033e-09
1.09913308809e-09	7.76162967231e-09
1.10032650078e-09	1.09289310934e-08
1.10151991347e-09	1.09994039432e-08
1.10271332616e-09	7.93742394034e-09
1.10390673885e-09	2.62389088235e-09
1.10510015154e-09	-3.41573169749e-09
1.10629356423e-09	-8.43515324256e-09
1.10748697692e-09	-1.10061419978e-08
1.10868038961e-09	-1.0406295825e-08
1.10987380231e-09	-6.84456230582e-09
1.111067215e-09	-1.38167000063e-09
1.11226062769e-09	4.39853137246e-09
1.11345404038e-09	8.83179329669e-09
1.11464745307e-09	1.06844301184e-08
1.11584086576e-09	9.47038392152e-09
1.11703427845e-09	5.59385132659e-09
1.11822769114e-09	2.04095483569e-10
1.11942110383e-09	-5.14235215521e-09
1.12061451652e-09	-8.93371221444e-09
1.12180792921e-09	-1.01235588801e-08
1.1230013419e-09	-8.42786929134e-09
1.12419475459e-09	-4.37492386762e-09
1.12538816728e-09	8.38012395588e-10
1.12658157997e-09	5.7127998998e-09
1.12777499267e-09	8.85655493388e-09
1.12896840536e-09	9.39252031706e-09
1.13016181805e-09	7.1897377496e-09
1.13135523074e-09	2.90556254057e-09
1.13254864343e-09	-2.21020513003e-09
1.13374205612e-09	-6.66378829894e-09
1.13493546881e-09	-9.15483067132e-09
1.1361288815e-09	-8.93878793207e-09
1.13732229419e-09	-6.06099342937e-09
1.13851570688e-09	-1.34341228419e-09
1.13970911957e-09	3.84850964985e-09
1.14090253226e-09	7.98115262768e-09
1.14209594495e-09	9.8367060053e-09
1.14328935764e-09	8.82913187006e-09
1.14448277033e-09	5.2359022118e-09
1.14567618303e-09	7.79263528705e-11
1.14686959572e-09	-5.14455111844e-09
1.14806300841e-09	-8.9120067992e-09
1.1492564211e-09	-1.01260605456e-08
1.15044983379e-09	-8.4379102594e-09
1.15164324648e-09	-4.34355884593e-09
1.15283665917e-09	9.61166785052e-10
1.15403007186e-09	5.94094140549e-09
1.15522348455e-09	9.16997167089e-09
1.15641689724e-09	9.74317748703e-09
1.15761030993e-09	7.53400936082e-09
1.15880372262e-09	3.21193191488e-09
1.15999713531e-09	-1.95902274958e-09
1.161190548e-09	-6.49712772471e-09
1.16238396069e-09	-9.12032294131e-09
1.16357737338e-09	-9.12321795887e-09
1.16477078608e-09	-6.53812198825e-09
1.16596419877e-09	-2.1500467795e-09
1.16715761146e-09	2.78194869918e-09
1.16835102415e-09	6.84570339304e-09
1.16954443684e-09	8.90918194774e-09
1.17073784953e-09	8.41797531681e-09
1.17193126222e-09	5.54692380916e-09
1.17312467491e-09	1.14603358747e-09
1.1743180876e-09	-3.50883325173e-09
1.17551150029e-09	-7.08638125957e-09
1.17670491298e-09	-8.56251025638e-09
1.17789832567e-09	-7.53177348267e-09
1.17909173836e-09	-4.3055479737e-09
1.18028515105e-09	1.68212034579e-10
1.18147856374e-09	4.5707350127e-09
1.18267197644e-09	7.61316315545e-09
1.18386538913e-09	8.3869701184e-09
1.18505880182e-09	6.66448757292e-09
1.18625221451e-09	2.94099697373e-09
1.1874456272e-09	-1.68570726822e-09
1.18863903989e-09	-5.85415210752e-09
1.18983245258e-09	-8.32873758849e-09
1.19102586527e-09	-8.38058489272e-09
1.19221927796e-09	-5.97943283775e-09
1.19341269065e-09	-1.83364429196e-09
1.19460610334e-09	2.860876952e-09
1.19579951603e-09	6.73256889128e-09
1.19699292872e-09	8.66791982634e-09
1.19818634141e-09	8.11999845141e-09
1.1993797541e-09	5.25612481317e-09
1.20057316679e-09	9.27126847516e-10
1.20176657949e-09	-3.62409011134e-09
1.20295999218e-09	-7.08813086003e-09
1.20415340487e-09	-8.4979249193e-09
1.20534681756e-09	-7.47781719879e-09
1.20654023025e-09	-4.35514052599e-09
1.20773364294e-09	-4.10889933189e-11
1.20892705563e-09	4.22066892547e-09
1.21012046832e-09	7.23370341404e-09
1.21131388101e-09	8.15901068929e-09
1.2125072937e-09	6.76934863719e-09
1.21370070639e-09	3.48665385452e-09
1.21489411908e-09	-7.38269473333e-10
1.21608753177e-09	-4.69777339251e-09
1.21728094446e-09	-7.27630672381e-09
1.21847435715e-09	-7.75929881458e-09
1.21966776985e-09	-6.03219557638e-09
1.22086118254e-09	-2.61194466056e-09
1.22205459523e-09	1.50532132592e-09
1.22324800792e-09	5.13266606994e-09
1.22444142061e-09	7.22409454479e-09
1.2256348333e-09	7.19165199614e-09
1.22682824599e-09	5.0547412922e-09
1.22802165868e-09	1.45746886782e-09
1.22921507137e-09	-2.54183413206e-09
1.23040848406e-09	-5.76217584758e-09
1.23160189675e-09	-7.26236176751e-09
1.23279530944e-09	-6.60200299984e-09
1.23398872213e-09	-3.98585847661e-09
1.23518213482e-09	-1.81517252618e-10
1.23637554751e-09	3.68634178738e-09
1.23756896021e-09	6.48739456599e-09
1.2387623729e-09	7.40006333988e-09
1.23995578559e-09	6.15944878435e-09
1.24114919828e-09	3.1292454461e-09
1.24234261097e-09	-8.11272597712e-10
1.24353602366e-09	-4.51715786998e-09
1.24472943635e-09	-6.92412238656e-09
1.24592284904e-09	-7.34516769629e-09
1.24711626173e-09	-5.67585262123e-09
1.24830967442e-09	-2.4075619276e-09
1.24950308711e-09	1.51063922482e-09
1.2506964998e-09	4.96512120307e-09
1.25188991249e-09	6.97558039109e-09
1.25308332518e-09	6.99853602848e-09
1.25427673787e-09	5.04282804403e-09
1.25547015056e-09	1.68731695283e-09
1.25666356326e-09	-2.10812259316e-09
1.25785697595e-09	-5.26953897184e-09
1.25905038864e-09	-6.90742385512e-09
1.26024380133e-09	-6.57788729042e-09
1.26143721402e-09	-4.39067410207e-09
1.26263062671e-09	-9.84367948265e-10
1.2638240394e-09	2.66325098086e-09
1.26501745209e-09	5.51449930164e-09
1.26621086478e-09	6.76707306857e-09
1.26740427747e-09	6.07833666733e-09
1.26859769016e-09	3.66789673634e-09
1.26979110285e-09	2.38414510356e-10
1.27098451554e-09	-3.21164647654e-09
1.27217792823e-09	-5.69140418127e-09
1.27337134092e-09	-6.49035170053e-09
1.27456475362e-09	-5.39267358546e-09
1.27575816631e-09	-2.72945022139e-09
1.276951579e-09	7.06831294883e-10
1.27814499169e-09	3.91017068724e-09
1.27933840438e-09	5.93810778327e-09
1.28053181707e-09	6.20414664088e-09
1.28172522976e-09	4.63601529388e-09
1.28291864245e-09	1.70057415372e-09
1.28411205514e-09	-1.73606154452e-09
1.28530546783e-09	-4.66716459924e-09
1.28649888052e-09	-6.23611906558e-09
1.28769229321e-09	-5.98952598629e-09
1.2888857059e-09	-4.0027185455e-09
1.29007911859e-09	-8.58464972719e-10
1.29127253128e-09	2.53508578019e-09
1.29246594398e-09	5.19502552088e-09
1.29365935667e-09	6.36798130893e-09
1.29485276936e-09	5.72164648993e-09
1.29604618205e-09	3.45454606587e-09
1.29723959474e-09	2.19826545855e-10
1.29843300743e-09	-3.05762729025e-09
1.29962642012e-09	-5.44910566669e-09
1.30081983281e-09	-6.28190727214e-09
1.3020132455e-09	-5.33470173592e-09
1.30320665819e-09	-2.88277204885e-09
1.30440007088e-09	3.63248868485e-10
1.30559348357e-09	3.4825316797e-09
1.30678689626e-09	5.59032531378e-09
1.30798030895e-09	6.09557315734e-09
1.30917372164e-09	4.87177481689e-09
1.31036713433e-09	2.27496887995e-09
1.31156054703e-09	-9.41330804971e-10
1.31275395972e-09	-3.85963239147e-09
1.31394737241e-09	-5.65102042938e-09
1.3151407851e-09	-5.81110504161e-09
1.31633419779e-09	-4.30899732562e-09
1.31752761048e-09	-1.58866123035e-09
1.31872102317e-09	1.55956614289e-09
1.31991443586e-09	4.21673629347e-09
1.32110784855e-09	5.62390356507e-09
1.32230126124e-09	5.37442956805e-09
1.32349467393e-09	3.56174917338e-09
1.32468808662e-09	7.24102555694e-10
1.32588149931e-09	-2.29819394071e-09
1.327074912e-09	-4.61916371819e-09
1.32826832469e-09	-5.56479196057e-09
1.32946173739e-09	-4.86808482414e-09
1.33065515008e-09	-2.74178607595e-09
1.33184856277e-09	1.83077563526e-10
1.33304197546e-09	3.04902605941e-09
1.33423538815e-09	5.02172808892e-09
1.33542880084e-09	5.52592210878e-09
1.33662221353e-09	4.42559244807e-09
1.33781562622e-09	2.03907757346e-09
1.33900903891e-09	-9.33302025941e-10
1.3402024516e-09	-3.63617791432e-09
1.34139586429e-09	-5.28937493804e-09
1.34258927698e-09	-5.42703737505e-09
1.34378268967e-09	-4.0128005363e-09
1.34497610236e-09	-1.46258903599e-09
1.34616951505e-09	1.49636664171e-09
1.34736292775e-09	4.01597261002e-09
1.34855634044e-09	5.38564820518e-09
1.34974975313e-09	5.22098203559e-09
1.35094316582e-09	3.57606683155e-09
1.35213657851e-09	9.26767718124e-10
1.3533299912e-09	-1.97009494829e-09
1.35452340389e-09	-4.28944069153e-09
1.35571681658e-09	-5.37494038166e-09
1.35691022927e-09	-4.92479163006e-09
1.35810364196e-09	-3.07900760443e-09
1.35929705465e-09	-3.69942451672e-10
1.36049046734e-09	2.41602021722e-09
1.36168388003e-09	4.4879683303e-09
1.36287729272e-09	5.24989623996e-09
1.36407070541e-09	4.50031573118e-09
1.3652641181e-09	2.46334216913e-09
1.3664575308e-09	-2.57059727671e-10
1.36765094349e-09	-2.86954024431e-09
1.36884435618e-09	-4.61535343277e-09
1.37003776887e-09	-4.99939550869e-09
1.37123118156e-09	-3.92119936521e-09
1.37242459425e-09	-1.71373443214e-09
1.37361800694e-09	9.70602626049e-10
1.37481141963e-09	3.34319499862e-09
1.37600483232e-09	4.71318617468e-09
1.37719824501e-09	4.69357464006e-09
1.3783916577e-09	3.29625995943e-09
1.37958507039e-09	9.44903127964e-10
1.38077848308e-09	-1.67386841887e-09
1.38197189577e-09	-3.79031994679e-09
1.38316530846e-09	-4.79680917209e-09
1.38435872116e-09	-4.40283470793e-09
1.38555213385e-09	-2.73566247433e-09
1.38674554654e-09	-2.78518229313e-10
1.38793895923e-09	2.24953358718e-09
1.38913237192e-09	4.12742978684e-09
1.39032578461e-09	4.81374856642e-09
1.3915191973e-09	4.12126061056e-09
1.39271260999e-09	2.25190535663e-09
1.39390602268e-09	-2.56362115564e-10
1.39509943537e-09	-2.68371619372e-09
1.39629284806e-09	-4.34153940576e-09
1.39748626075e-09	-4.75645456355e-09
1.39867967344e-09	-3.8189789664e-09
1.39987308613e-09	-1.79802445155e-09
1.40106649882e-09	7.21833245954e-10
1.40225991152e-09	3.02331637503e-09
1.40345332421e-09	4.44905101649e-09
1.4046467369e-09	4.60080840092e-09
1.40584014959e-09	3.44118730733e-09
1.40703356228e-09	1.31480018539e-09
1.40822697497e-09	-1.16789809768e-09
1.40942038766e-09	-3.28691390772e-09
1.41061380035e-09	-4.44485714901e-09
1.41180721304e-09	-4.31107383125e-09
1.41300062573e-09	-2.94324684069e-09
1.41419403842e-09	-7.4493263641e-10
1.41538745111e-09	1.63803788589e-09
1.4165808638e-09	3.51263135245e-09
1.41777427649e-09	4.34518554471e-09
1.41896768918e-09	3.90308124709e-09
1.42016110187e-09	2.3339662425e-09
1.42135451457e-09	1.04361488201e-10
1.42254792726e-09	-2.12803774602e-09
1.42374133995e-09	-3.71678765543e-09
1.42493475264e-09	-4.20415813274e-09
1.42612816533e-09	-3.46452908029e-09
1.42732157802e-09	-1.71863348553e-09
1.42851499071e-09	5.10730395475e-10
1.4297084034e-09	2.57947460613e-09
1.43090181609e-09	3.88410181795e-09
1.43209522878e-09	4.05713362905e-09
1.43328864147e-09	3.05487302121e-09
1.43448205416e-09	1.17426965374e-09
1.43567546685e-09	-1.03825273379e-09
1.43686887954e-09	-2.94430155257e-09
1.43806229223e-09	-4.0006979396e-09
1.43925570493e-09	-3.90493029578e-09
1.44044911762e-09	-2.69112515605e-09
1.44164253031e-09	-7.08344480294e-10
1.442835943e-09	1.47543872953e-09
1.44402935569e-09	3.23179669137e-09
1.44522276838e-09	4.06621869509e-09
1.44641618107e-09	3.73543726506e-09
1.44760959376e-09	2.34554736744e-09
1.44880300645e-09	2.90349261994e-10
1.44999641914e-09	-1.83613968474e-09
1.45118983183e-09	-3.42962719335e-09
1.45238324452e-09	-4.03751754252e-09
1.45357665721e-09	-3.49311535253e-09
1.4547700699e-09	-1.95894916954e-09
1.45596348259e-09	1.1675205594e-10
1.45715689528e-09	2.13822848316e-09
1.45835030798e-09	3.52303031192e-09
1.45954372067e-09	3.8834920002e-09
1.46073713336e-09	3.1242231302e-09
1.46193054605e-09	1.47886919377e-09
1.46312395874e-09	-5.68562544268e-10
1.46431737143e-09	-2.42216302571e-09
1.46551078412e-09	-3.5479885141e-09
1.46670419681e-09	-3.63326474462e-09
1.4678976095e-09	-2.66332389476e-09
1.46909102219e-09	-9.37063746043e-10
1.47028443488e-09	1.04129146972e-09
1.47147784757e-09	2.69190050806e-09
1.47267126026e-09	3.54524987145e-09
1.47386467295e-09	3.36049391092e-09
1.47505808564e-09	2.20446547128e-09
1.47625149834e-09	4.18872506125e-10
1.47744491103e-09	-1.47268737483e-09
1.47863832372e-09	-2.92621143982e-09
1.47983173641e-09	-3.52308685003e-09
1.4810251491e-09	-3.10073952625e-09
1.48221856179e-09	-1.78451488309e-09
1.48341197448e-09	4.08779989025e-11
1.48460538717e-09	1.84854094532e-09
1.48579879986e-09	3.11996931068e-09
1.48699221255e-09	3.49050707782e-09
1.48818562524e-09	2.85722159821e-09
1.48937903793e-09	1.40238509694e-09
1.49057245062e-09	-4.5398367704e-10
1.49176586331e-09	-2.18015253073e-09
1.492959276e-09	-3.28001231731e-09
1.4941526887e-09	-3.44182962686e-09
1.49534610139e-09	-2.61797064582e-09
1.49653951408e-09	-1.05104838721e-09
1.49773292677e-09	8.1385119477e-10
1.49892633946e-09	2.43653403009e-09
1.50011975215e-09	3.35934915996e-09
1.50131316484e-09	3.31742305848e-09
1.50250657753e-09	2.33271035821e-09
1.50369999022e-09	6.90973500639e-10
1.50489340291e-09	-1.12945316988e-09
1.5060868156e-09	-2.60604263169e-09
1.50728022829e-09	-3.31846211621e-09
1.50847364098e-09	-3.07108305453e-09
1.50966705367e-09	-1.94748421556e-09
1.51086046636e-09	-2.81743867819e-10
1.51205387905e-09	1.43930187213e-09
1.51324729175e-09	2.7210346476e-09
1.51444070444e-09	3.19902057622e-09
1.51563411713e-09	2.7496777355e-09
1.51682752982e-09	1.51002099713e-09
1.51802094251e-09	-1.47376893675e-10
1.5192143552e-09	-1.74638421779e-09
1.52040776789e-09	-2.82004136709e-09
1.52160118058e-09	-3.07075498363e-09
1.52279459327e-09	-2.42919143134e-09
1.52398800596e-09	-1.09262444925e-09
1.52518141865e-09	5.49960577079e-10
1.52637483134e-09	2.02086186674e-09
1.52756824403e-09	2.89951301857e-09
1.52876165672e-09	2.93478363833e-09
1.52995506941e-09	2.12374984265e-09
1.53114848211e-09	7.02526176122e-10
1.5323418948e-09	-9.16773088e-10
1.53353530749e-09	-2.26605070819e-09
1.53472872018e-09	-2.96047725223e-09
1.53592213287e-09	-2.79678047388e-09
1.53711554556e-09	-1.82861188691e-09
1.53830895825e-09	-3.30339786775e-10
1.53950237094e-09	1.26107754794e-09
1.54069578363e-09	2.49087730997e-09
1.54188919632e-09	3.00275126985e-09
1.54308260901e-09	2.65310232117e-09
1.5442760217e-09	1.54145800291e-09
1.54546943439e-09	-6.46818709704e-12
1.54666284708e-09	-1.54978803402e-09
1.54785625977e-09	-2.64016972173e-09
1.54904967247e-09	-2.97310895347e-09
1.55024308516e-09	-2.45435352597e-09
1.55143649785e-09	-1.24187278516e-09
1.55262991054e-09	3.11399010744e-10
1.55382332323e-09	1.75852585271e-09
1.55501673592e-09	2.68364849787e-09
1.55621014861e-09	2.83183826388e-09
1.5574035613e-09	2.1660979399e-09
1.55859697399e-09	8.92202360603e-10
1.55979038668e-09	-6.20924846262e-10
1.56098379937e-09	-1.93110223645e-09
1.56217721206e-09	-2.67009114818e-09
1.56337062475e-09	-2.62762625547e-09
1.56456403744e-09	-1.8311059613e-09
1.56575745013e-09	-5.14305965871e-10
1.56695086282e-09	9.33673804937e-10
1.56814427552e-09	2.09829825737e-09
1.56933768821e-09	2.6439498646e-09
1.5705311009e-09	2.42350911561e-09
1.57172451359e-09	1.50411154365e-09
1.57291792628e-09	1.59221634141e-10
1.57411133897e-09	-1.22201207486e-09
1.57530475166e-09	-2.24225019108e-09
1.57649816435e-09	-2.60721461087e-09
1.57769157704e-09	-2.21949525425e-09
1.57888498973e-09	-1.18916118619e-09
1.58007840242e-09	1.78123946148e-10
1.58127181511e-09	1.49117918014e-09
1.5824652278e-09	2.36646049978e-09
1.58365864049e-09	2.55550164363e-09
1.58485205318e-09	2.00223154723e-09
1.58604546588e-09	8.72372007965e-10
1.58723887857e-09	-5.10595059289e-10
1.58843229126e-09	-1.74126006669e-09
1.58962570395e-09	-2.47048764779e-09
1.59081911664e-09	-2.48502204925e-09
1.59201252933e-09	-1.78669801176e-09
1.59320594202e-09	-5.7722497615e-10
1.59439935471e-09	7.930928414e-10
1.5955927674e-09	1.92941224109e-09
1.59678618009e-09	2.50885306974e-09
1.59797959278e-09	2.36775435369e-09
1.59917300547e-09	1.55359616838e-09
1.60036641816e-09	3.04706263693e-10
1.60155983085e-09	-1.01596060731e-09
1.60275324354e-09	-2.03160471779e-09
1.60394665624e-09	-2.45235007301e-09
1.60514006893e-09	-2.17014003989e-09
1.60633348162e-09	-1.26905055908e-09
1.60752689431e-09	-2.21224167457e-11
1.608720307e-09	1.21597089342e-09
1.60991371969e-09	2.08469480567e-09
1.61110713238e-09	2.34516048248e-09
1.61230054507e-09	1.9269885132e-09
1.61349395776e-09	9.60124348082e-10
1.61468737045e-09	-2.71864215168e-10
1.61588078314e-09	-1.41297716583e-09
1.61707419583e-09	-2.13496501034e-09
1.61826760852e-09	-2.23539836641e-09
1.61946102121e-09	-1.68985048177e-09
1.6206544339e-09	-6.61619529996e-10
1.62184784659e-09	5.5020780293e-10
1.62304125929e-09	1.59348781392e-09
1.62423467198e-09	2.17072343434e-09
1.62542808467e-09	2.11512868331e-09
1.62662149736e-09	1.45073077162e-09
1.62781491005e-09	3.67979181848e-10
1.62900832274e-09	-8.12777359305e-10
1.63020173543e-09	-1.75477353481e-09
1.63139514812e-09	-2.18243709216e-09
1.63258856081e-09	-1.97760499643e-09
1.6337819735e-09	-1.19983276092e-09
1.63497538619e-09	-7.77076059749e-11
1.63616879888e-09	1.06432312963e-09
1.63736221157e-09	1.89534474226e-09
1.63855562426e-09	2.17799744906e-09
1.63974903695e-09	1.83190489167e-09
1.64094244965e-09	9.60986658305e-10
1.64213586234e-09	-1.82099578472e-10
1.64332927503e-09	-1.26736945938e-09
1.64452268772e-09	-1.98275387775e-09
1.64571610041e-09	-2.12869108451e-09
1.6469095131e-09	-1.66535939206e-09
1.64810292579e-09	-7.34579924666e-10
1.64929633848e-09	3.9624090814e-10
1.65048975117e-09	1.39923232723e-09
1.65168316386e-09	1.99287178426e-09
1.65287657655e-09	2.01002270384e-09
1.65406998924e-09	1.45610322411e-09
1.65526340193e-09	4.93077488561e-10
1.65645681462e-09	-5.95484557497e-10
1.65765022731e-09	-1.50035643631e-09
1.65884364e-09	-1.96184857248e-09
1.6600370527e-09	-1.85564996702e-09
1.66123046539e-09	-1.21718415902e-09
1.66242387808e-09	-2.36232082507e-10
1.66361729077e-09	8.01402111339e-10
1.66481070346e-09	1.59840912728e-09
1.66600411615e-09	1.92618446193e-09
1.66719752884e-09	1.69720168475e-09
1.66839094153e-09	9.79741329732e-10
1.66958435422e-09	-1.29603931753e-11
1.67077776691e-09	-9.95396057246e-10
1.6719711796e-09	-1.68212932472e-09
1.67316459229e-09	-1.87948141772e-09
1.67435800498e-09	-1.53140886083e-09
1.67555141767e-09	-7.44156257448e-10
1.67674483036e-09	2.54872768723e-10
1.67793824306e-09	1.17240596398e-09
1.67913165575e-09	1.74681109855e-09
1.68032506844e-09	1.81055019588e-09
1.68151848113e-09	1.35080810426e-09
1.68271189382e-09	5.01064967295e-10
1.68390530651e-09	-4.89234014411e-10
1.6850987192e-09	-1.33416035164e-09
1.68629213189e-09	-1.7907714478e-09
1.68748554458e-09	-1.72915023966e-09
1.68867895727e-09	-1.17136600419e-09
1.68987236996e-09	-2.79594972175e-10
1.69106578265e-09	6.86669172911e-10
1.69225919534e-09	1.45162350196e-09
1.69345260803e-09	1.79618794838e-09
1.69464602072e-09	1.62785866731e-09
1.69583943342e-09	9.96028183542e-10
1.69703284611e-09	8.94994686002e-11
1.6982262588e-09	-8.35251819098e-10
1.69941967149e-09	-1.50944004518e-09
1.70061308418e-09	-1.7486193743e-09
1.70180649687e-09	-1.48551575208e-09
1.70299990956e-09	-8.04362049189e-10
1.70419332225e-09	9.78185449307e-11
1.70538673494e-09	9.59342466578e-10
1.70658014763e-09	1.53583654128e-09
1.70777356032e-09	1.6649625012e-09
1.70896697301e-09	1.31572364115e-09
1.7101603857e-09	5.9306868444e-10
1.71135379839e-09	-2.92472757818e-10
1.71254721108e-09	-1.08356365547e-09
1.71374062377e-09	-1.55692095327e-09
1.71493403647e-09	-1.57531959699e-09
1.71612744916e-09	-1.14208377477e-09
1.71732086185e-09	-3.80802417377e-10
1.71851427454e-09	4.81794916463e-10
1.71970768723e-09	1.20025749062e-09
1.72090109992e-09	1.56511920091e-09
1.72209451261e-09	1.4758599759e-09
1.7232879253e-09	9.59985535509e-10
1.72448133799e-09	1.71174302163e-10
1.72567475068e-09	-6.62364246784e-10
1.72686816337e-09	-1.29716667963e-09
1.72806157606e-09	-1.55369882238e-09
1.72925498875e-09	-1.35801607459e-09
1.73044840144e-09	-7.71488602169e-10
1.73164181413e-09	3.49795487714e-11
1.73283522683e-09	8.27278974491e-10
1.73402863952e-09	1.37606258332e-09
1.73522205221e-09	1.52709800361e-09
1.7364154649e-09	1.23626493764e-09
1.73760887759e-09	5.93934484927e-10
1.73880229028e-09	-2.17291233617e-10
1.73999570297e-09	-9.59331170058e-10
1.74118911566e-09	-1.4247309027e-09
1.74238252835e-09	-1.47822659669e-09
1.74357594104e-09	-1.11251755031e-09
1.74476935373e-09	-4.3174965686e-10
1.74596276642e-09	3.63422764105e-10
1.74715617911e-09	1.04840444659e-09
1.7483495918e-09	1.42684496163e-09
1.74954300449e-09	1.39637182373e-09
1.75073641719e-09	9.6858305404e-10
1.75192982988e-09	2.70574101319e-10
1.75312324257e-09	-4.95834845404e-10
1.75431665526e-09	-1.1119769272e-09
1.75551006795e-09	-1.40200095977e-09
1.75670348064e-09	-1.28862083504e-09
1.75789689333e-09	-8.05713523677e-10
1.75909030602e-09	-9.86115130525e-11
1.76028371871e-09	6.31024725528e-10
1.7614771314e-09	1.16969987862e-09
1.76267054409e-09	1.36815966889e-09
1.76386395678e-09	1.16862217125e-09
1.76505736947e-09	6.36091811168e-10
1.76625078216e-09	-7.68476410978e-11
1.76744419485e-09	-7.59381231508e-10
1.76863760754e-09	-1.21829922539e-09
1.76983102024e-09	-1.32033370348e-09
1.77102443293e-09	-1.040810646e-09
1.77221784562e-09	-4.62728064199e-10
1.77341125831e-09	2.44543593708e-10
1.774604671e-09	8.75013304868e-10
1.77579808369e-09	1.2484373535e-09
1.77699149638e-09	1.25712956711e-09
1.77818490907e-09	9.03448940659e-10
1.77937832176e-09	2.89974211309e-10
1.78057173445e-09	-4.02063646265e-10
1.78176514714e-09	-9.74965871925e-10
1.78295855983e-09	-1.2622885931e-09
1.78415197252e-09	-1.18616698408e-09
1.78534538521e-09	-7.68205249413e-10
1.7865387979e-09	-1.34377999179e-10
1.7877322106e-09	5.35676059066e-10
1.78892562329e-09	1.04643488319e-09
1.79011903598e-09	1.25658104755e-09
1.79131244867e-09	1.10569597922e-09
1.79250586136e-09	6.42228555059e-10
1.79369927405e-09	-4.23814629225e-13
1.79489268674e-09	-6.37017508187e-10
1.79608609943e-09	-1.08609993221e-09
1.79727951212e-09	-1.2223509982e-09
1.79847292481e-09	-1.00887503907e-09
1.7996663375e-09	-5.11262483738e-10
1.80085975019e-09	1.27142758127e-10
1.80205316288e-09	7.20817787403e-10
1.80324657557e-09	1.10312829704e-09
1.80443998826e-09	1.16393460148e-09
1.80563340096e-09	8.92757402726e-10
1.80682681365e-09	3.66790705447e-10
1.80802022634e-09	-2.56370660812e-10
1.80921363903e-09	-8.00744005824e-10
1.81040705172e-09	-1.10766144867e-09
1.81160046441e-09	-1.09350235811e-09
1.8127938771e-09	-7.64289999344e-10
1.81398728979e-09	-2.1841106701e-10
1.81518070248e-09	3.85102089107e-10
1.81637411517e-09	8.7115244185e-10
1.81756752786e-09	1.10154883826e-09
1.81876094055e-09	1.01114470963e-09
1.81995435324e-09	6.29827280607e-10
1.82114776593e-09	7.03045616515e-11
1.82234117862e-09	-5.05081546032e-10
1.82353459131e-09	-9.28326415739e-10
1.82472800401e-09	-1.0812117035e-09
1.8259214167e-09	-9.19271728184e-10
1.82711482939e-09	-4.94815723118e-10
1.82830824208e-09	6.99627985754e-11
1.82950165477e-09	6.09558022113e-10
1.83069506746e-09	9.70661606647e-10
1.83188848015e-09	1.0494407704e-09
1.83308189284e-09	8.2763963738e-10
1.83427530553e-09	3.6863510508e-10
1.83546871822e-09	-1.91483297968e-10
1.83666213091e-09	-6.94302094983e-10
1.8378555436e-09	-9.94592450065e-10
1.83904895629e-09	-1.00930483415e-09
1.84024236898e-09	-7.36230743037e-10
1.84143578167e-09	-2.55387681489e-10
1.84262919437e-09	2.93636955029e-10
1.84382260706e-09	7.54669528258e-10
1.84501601975e-09	9.96208809889e-10
1.84620943244e-09	9.5220592522e-10
1.84740284513e-09	6.37281623306e-10
1.84859625782e-09	1.44673399996e-10
1.84978967051e-09	-3.84428353734e-10
1.8509830832e-09	-7.97026313004e-10
1.85217649589e-09	-9.78618630576e-10
1.85336990858e-09	-8.76987073239e-10
1.85456332127e-09	-5.2722317484e-10
1.85575673396e-09	-2.89364417844e-11
1.85695014665e-09	4.70029987154e-10
1.85814355934e-09	8.2982952454e-10
1.85933697203e-09	9.45728946544e-10
1.86053038473e-09	7.89068747842e-10
1.86172379742e-09	4.07011931103e-10
1.86291721011e-09	-8.81375935777e-11
1.8641106228e-09	-5.51539404425e-10
1.86530403549e-09	-8.51440223881e-10
1.86649744818e-09	-9.019676811e-10
1.86769086087e-09	-6.9233505734e-10
1.86888427356e-09	-2.85142316009e-10
1.87007768625e-09	1.9982821127e-10
1.87127109894e-09	6.22518238347e-10
1.87246451163e-09	8.61165729005e-10
1.87365792432e-09	8.50514006445e-10
1.87485133701e-09	5.93622206946e-10
1.8760447497e-09	1.69736776717e-10
1.87723816239e-09	-3.0121969502e-10
1.87843157508e-09	-6.806888872e-10
1.87962498778e-09	-8.62768932686e-10
1.88081840047e-09	-7.95383564567e-10
1.88201181316e-09	-5.01009879417e-10
1.88320522585e-09	-6.47140969284e-11
1.88439863854e-09	3.86227570759e-10
1.88559205123e-09	7.24338963809e-10
1.88678546392e-09	8.52338984114e-10
1.88797887661e-09	7.36842961646e-10
1.8891722893e-09	4.12038923814e-10
1.89036570199e-09	-2.79075187438e-11
1.89155911468e-09	-4.55306448793e-10
1.89275252737e-09	-7.50726633636e-10
1.89394594006e-09	-8.28236534911e-10
1.89513935275e-09	-6.70675452674e-10
1.89633276544e-09	-3.22242319634e-10
1.89752617814e-09	1.13103571647e-10
1.89871959083e-09	5.12862086133e-10
1.89991300352e-09	7.60485591167e-10
1.90110641621e-09	7.89295698245e-10
1.9022998289e-09	5.91196119837e-10
1.90349324159e-09	2.27451436158e-10
1.90468665428e-09	-1.97442935265e-10
1.90588006697e-09	-5.59751384133e-10
1.90707347966e-09	-7.57533209772e-10
1.90826689235e-09	-7.35115066042e-10
1.90946030504e-09	-5.02457152274e-10
1.91065371773e-09	-1.28689626663e-10
1.91184713042e-09	2.77600241405e-10
1.91304054311e-09	5.98088065185e-10
1.9142339558e-09	7.43925525348e-10
1.91542736849e-09	6.72320872586e-10
1.91662078119e-09	4.09864010786e-10
1.91781419388e-09	3.07827704299e-11
1.91900760657e-09	-3.51834301276e-10
1.92020101926e-09	-6.2999011563e-10
1.92139443195e-09	-7.23643284184e-10
1.92258784464e-09	-6.08846674466e-10
1.92378125733e-09	-3.19235467922e-10
1.92497467002e-09	5.81612188966e-11
1.92616808271e-09	4.17271169006e-10
1.9273614954e-09	6.52143533619e-10
1.92855490809e-09	6.99574308205e-10
1.92974832078e-09	5.45610889802e-10
1.93094173347e-09	2.36679701879e-10
1.93213514616e-09	-1.3695095058e-10
1.93332855885e-09	-4.69833429106e-10
1.93452197155e-09	-6.64969357356e-10
1.93571538424e-09	-6.69768886186e-10
1.93690879693e-09	-4.82884319336e-10
1.93810220962e-09	-1.60098408489e-10
1.93929562231e-09	2.06239639949e-10
1.940489035e-09	5.09690137318e-10
1.94168244769e-09	6.66763429191e-10
1.94287586038e-09	6.3021991098e-10
1.94406927307e-09	4.1670014661e-10
1.94526268576e-09	8.45870968755e-11
1.94645609845e-09	-2.66504891072e-10
1.94764951114e-09	-5.38612932033e-10
1.94884292383e-09	-6.53819796914e-10
1.95003633652e-09	-5.81186251902e-10
1.95122974921e-09	-3.44172499528e-10
1.95242316191e-09	-1.19025128295e-11
1.9536165746e-09	3.19299586771e-10
1.95480998729e-09	5.54807873254e-10
1.95600339998e-09	6.28390603441e-10
1.95719681267e-09	5.21729652536e-10
1.95839022536e-09	2.66320430986e-10
1.95958363805e-09	-6.04587508529e-11
1.96077705074e-09	-3.66924841205e-10
1.96197046343e-09	-5.62409903371e-10
1.96316387612e-09	-5.95257204639e-10
1.96435728881e-09	-4.55660807697e-10
1.9655507015e-09	-1.88046387489e-10
1.96674411419e-09	1.31195871875e-10
1.96793752688e-09	4.08302173321e-10
1.96913093957e-09	5.65918027717e-10
1.97032435226e-09	5.58860263622e-10
1.97151776496e-09	3.91988858039e-10
1.97271117765e-09	1.13930958417e-10
1.97390459034e-09	-1.94422686284e-10
1.97509800303e-09	-4.44328806387e-10
1.97629141572e-09	-5.6529701753e-10
1.97748482841e-09	-5.23192295043e-10
1.9786782411e-09	-3.31978288609e-10
1.97987165379e-09	-4.70171709725e-11
