% time-domain voltage integration by openEMS v0.37.0-rc1-2-g7b051bb @Sun Jul 12 14:57:05 2026
% start-coordinates: (0.00302665,0.00588594,0.0141765) m -> [74,113,214]
% stop-coordinates: (0.00346454,0.00588594,0.0141765) m -> [80,113,214]
% t/s	voltage
0	0
1.0684694954e-12	0
2.1369389908e-12	0
3.20540848621e-12	0
4.27387798161e-12	0
5.34234747701e-12	0
6.41081697241e-12	0
7.47928646781e-12	-3.67911017532e-28
8.54775596322e-12	-2.89346157528e-23
9.61622545862e-12	-7.0348151366e-20
1.0684694954e-11	-2.57861589245e-17
1.17531644494e-11	-2.58208176329e-15
1.28216339448e-11	-9.62214541477e-14
1.38901034402e-11	-1.60604948123e-12
1.49585729356e-11	-1.35158311409e-11
1.6027042431e-11	-6.17746184067e-11
1.70955119264e-11	-1.6034368451e-10
1.81639814218e-11	-2.46206088503e-10
1.92324509172e-11	-2.31715664017e-10
2.03009204126e-11	1.9836822289e-11
2.1369389908e-11	1.056316902e-09
2.24378594034e-11	3.57329346667e-09
2.35063288988e-11	8.12139849815e-09
2.45747983942e-11	1.60406512517e-08
2.56432678896e-11	2.79304701589e-08
2.6711737385e-11	4.25062975928e-08
2.77802068804e-11	5.78482950431e-08
2.88486763759e-11	6.76153271151e-08
2.99171458713e-11	6.19126918622e-08
3.09856153667e-11	2.83449216321e-08
3.20540848621e-11	-4.90819034304e-08
3.31225543575e-11	-1.82630136791e-07
3.41910238529e-11	-3.78188673267e-07
3.52594933483e-11	-6.28385421919e-07
3.63279628437e-11	-9.07285908625e-07
3.73964323391e-11	-1.17176247727e-06
3.84649018345e-11	-1.36235345849e-06
3.95333713299e-11	-1.41506360762e-06
4.06018408253e-11	-1.27591454913e-06
4.16703103207e-11	-9.13733256169e-07
4.27387798161e-11	-3.34913030642e-07
4.38072493115e-11	4.14431042373e-07
4.48757188069e-11	1.25478943147e-06
4.59441883023e-11	2.08725622031e-06
4.70126577977e-11	2.81533354496e-06
4.80811272931e-11	3.36247859423e-06
4.91495967885e-11	3.68311921761e-06
5.02180662839e-11	3.76445609618e-06
5.12865357793e-11	3.61568038443e-06
5.23550052747e-11	3.25713330085e-06
5.34234747701e-11	2.71006651076e-06
5.44919442655e-11	1.99667901768e-06
5.55604137609e-11	1.14794649164e-06
5.66288832563e-11	2.16109810935e-07
5.76973527517e-11	-7.1698197246e-07
5.87658222471e-11	-1.54585487167e-06
5.98342917425e-11	-2.15981040697e-06
6.09027612379e-11	-2.47320811297e-06
6.19712307333e-11	-2.45325811932e-06
6.30397002287e-11	-2.13483934886e-06
6.41081697241e-11	-1.61223474038e-06
6.51766392195e-11	-1.01108610551e-06
6.62451087149e-11	-4.49960310789e-07
6.73135782103e-11	-6.64863764044e-09
6.83820477057e-11	2.96333240613e-07
6.94505172011e-11	4.83669001738e-07
7.05189866965e-11	6.01889198037e-07
7.15874561919e-11	6.88490434442e-07
7.26559256873e-11	7.5408451039e-07
7.37243951827e-11	7.79257774752e-07
7.47928646781e-11	7.30801225757e-07
7.58613341735e-11	5.82720740994e-07
7.69298036689e-11	3.33831938093e-07
7.79982731643e-11	1.23161614241e-08
7.90667426597e-11	-3.3290580248e-07
8.01352121551e-11	-6.45445940251e-07
8.12036816505e-11	-8.76830831942e-07
8.22721511459e-11	-9.92846736381e-07
8.33406206413e-11	-9.74609847049e-07
8.44090901367e-11	-8.18716259232e-07
8.54775596322e-11	-5.37242854648e-07
8.65460291276e-11	-1.58758402868e-07
8.7614498623e-11	2.66753616529e-07
8.86829681184e-11	6.74976440962e-07
8.97514376138e-11	9.96161368505e-07
9.08199071092e-11	1.17226485941e-06
9.18883766046e-11	1.17550882095e-06
9.29568461e-11	1.01496431881e-06
9.40253155954e-11	7.35688942655e-07
9.50937850908e-11	4.02632583274e-07
9.61622545862e-11	7.89268774781e-08
9.72307240816e-11	-1.88497423892e-07
9.8299193577e-11	-3.80700516445e-07
9.93676630724e-11	-5.01524784369e-07
1.00436132568e-10	-5.66153847359e-07
1.01504602063e-10	-5.90618295604e-07
1.02573071559e-10	-5.81540572142e-07
1.03641541054e-10	-5.36851086252e-07
1.04710010549e-10	-4.51453132655e-07
1.05778480045e-10	-3.23697157967e-07
1.0684694954e-10	-1.62155224359e-07
1.07915419036e-10	1.51434247364e-08
1.08983888531e-10	1.84820321714e-07
1.10052358026e-10	3.2398795291e-07
1.11120827522e-10	4.17087768767e-07
1.12189297017e-10	4.58211808052e-07
1.13257766513e-10	4.52620049884e-07
1.14326236008e-10	4.12143094763e-07
1.15394705503e-10	3.53091948568e-07
1.16463174999e-10	2.90658647373e-07
1.17531644494e-10	2.35600811749e-07
1.1860011399e-10	1.9155566644e-07
1.19668583485e-10	1.54812992648e-07
1.2073705298e-10	1.15610750751e-07
1.21805522476e-10	6.18409645714e-08
1.22873991971e-10	-1.60426678608e-08
1.23942461467e-10	-1.20857183816e-07
1.25010930962e-10	-2.46259963532e-07
1.26079400457e-10	-3.767744019e-07
1.27147869953e-10	-4.90993190994e-07
1.28216339448e-10	-5.6529582082e-07
1.29284808944e-10	-5.79730059513e-07
1.30353278439e-10	-5.22279453463e-07
1.31421747934e-10	-3.92027679652e-07
1.3249021743e-10	-2.02234472724e-07
1.33558686925e-10	2.20442317733e-08
1.34627156421e-10	2.45672159949e-07
1.35695625916e-10	4.31812022583e-07
1.36764095411e-10	5.49353309509e-07
1.37832564907e-10	5.82265709426e-07
1.38901034402e-10	5.34586170886e-07
1.39969503898e-10	4.29835353088e-07
1.41037973393e-10	3.04530898276e-07
1.42106442888e-10	1.96148892684e-07
1.43174912384e-10	1.31318413921e-07
1.44243381879e-10	1.17332866978e-07
1.45311851375e-10	1.40493002121e-07
1.4638032087e-10	1.726716512e-07
1.47448790365e-10	1.81793403442e-07
1.48517259861e-10	1.43702527211e-07
1.49585729356e-10	4.9905864774e-08
1.50654198852e-10	-9.0376736317e-08
1.51722668347e-10	-2.54196304894e-07
1.52791137842e-10	-4.12141158534e-07
1.53859607338e-10	-5.36362151138e-07
1.54928076833e-10	-6.06428056216e-07
1.55996546329e-10	-6.11930939698e-07
1.57065015824e-10	-5.53005783388e-07
1.58133485319e-10	-4.38218791032e-07
1.59201954815e-10	-2.83149523383e-07
1.6027042431e-10	-1.0789810645e-07
1.61338893806e-10	6.43880291307e-08
1.62407363301e-10	2.09902568216e-07
1.63475832796e-10	3.07148388501e-07
1.64544302292e-10	3.39951625961e-07
1.65612771787e-10	3.01451068552e-07
1.66681241283e-10	1.96222462279e-07
1.67749710778e-10	4.11209395423e-08
1.68818180273e-10	-1.36542037232e-07
1.69886649769e-10	-3.03344076968e-07
1.70955119264e-10	-4.25835363416e-07
1.7202358876e-10	-4.77267356302e-07
1.73092058255e-10	-4.43676125172e-07
1.74160527751e-10	-3.26968699227e-07
1.75228997246e-10	-1.45270560026e-07
1.76297466741e-10	7.09658560805e-08
1.77365936237e-10	2.85264070143e-07
1.78434405732e-10	4.62722749006e-07
1.79502875228e-10	5.76658813145e-07
1.80571344723e-10	6.13161052598e-07
1.81639814218e-10	5.71975441233e-07
1.82708283714e-10	4.6482863425e-07
1.83776753209e-10	3.11659739793e-07
1.84845222705e-10	1.36159216346e-07
1.859136922e-10	-3.74668296388e-08
1.86982161695e-10	-1.87498141457e-07
1.88050631191e-10	-2.95858116672e-07
1.89119100686e-10	-3.49456843907e-07
1.90187570182e-10	-3.41525311143e-07
1.91256039677e-10	-2.73039734822e-07
1.92324509172e-10	-1.53559610361e-07
1.93392978668e-10	-1.17311693693e-09
1.94461448163e-10	1.59854741e-07
1.95529917659e-10	3.03080202713e-07
1.96598387154e-10	4.04978617752e-07
1.97666856649e-10	4.49840801053e-07
1.98735326145e-10	4.32645482107e-07
1.9980379564e-10	3.59364992875e-07
2.00872265136e-10	2.44836170893e-07
2.01940734631e-10	1.08764855788e-07
2.03009204126e-10	-2.82702725674e-08
2.04077673622e-10	-1.4822109673e-07
2.05146143117e-10	-2.37596402997e-07
2.06214612613e-10	-2.88382302926e-07
2.07283082108e-10	-2.98085792494e-07
2.08351551603e-10	-2.69788696272e-07
2.09420021099e-10	-2.11658706561e-07
2.10488490594e-10	-1.35907871623e-07
2.1155696009e-10	-5.68473241813e-08
2.12625429585e-10	1.19531364806e-08
2.1369389908e-10	6.05599517201e-08
2.14762368576e-10	8.50012495945e-08
2.15830838071e-10	8.76546932815e-08
2.16899307567e-10	7.60120846266e-08
2.17967777062e-10	5.96743165993e-08
2.19036246557e-10	4.71563443849e-08
2.20104716053e-10	4.31839333181e-08
2.21173185548e-10	4.76938468719e-08
2.22241655044e-10	5.68538567336e-08
2.23310124539e-10	6.49008042863e-08
2.24378594034e-10	6.70107116463e-08
2.2544706353e-10	6.10050507888e-08
2.26515533025e-10	4.84767666009e-08
2.27584002521e-10	3.41680737037e-08
2.28652472016e-10	2.48188867236e-08
2.29720941511e-10	2.72367985943e-08
2.30789411007e-10	4.67282206262e-08
2.31857880502e-10	8.5366474778e-08
2.32926349998e-10	1.4138428206e-07
2.33994819493e-10	2.08747604091e-07
2.35063288988e-10	2.78141534693e-07
2.36131758484e-10	3.38439132719e-07
2.37200227979e-10	3.79259038397e-07
2.38268697475e-10	3.93155278999e-07
2.3933716697e-10	3.77455890543e-07
2.40405636465e-10	3.34398205126e-07
2.41474105961e-10	2.70179659978e-07
2.42542575456e-10	1.92738037086e-07
2.43611044952e-10	1.09610907906e-07
2.44679514447e-10	2.66160439244e-08
2.45747983942e-10	-5.22879495257e-08
2.46816453438e-10	-1.24003968871e-07
2.47884922933e-10	-1.85281207266e-07
2.48953392429e-10	-2.32018475543e-07
2.50021861924e-10	-2.59937555924e-07
2.51090331419e-10	-2.65872051486e-07
2.52158800915e-10	-2.49534556573e-07
2.5322727041e-10	-2.14543268484e-07
2.54295739906e-10	-1.68346108609e-07
2.55364209401e-10	-1.21027563971e-07
2.56432678896e-10	-8.30284774267e-08
2.57501148392e-10	-6.29070742164e-08
2.58569617887e-10	-6.52772373932e-08
2.59638087383e-10	-8.9513496615e-08
2.60706556878e-10	-1.29455016484e-07
2.61775026373e-10	-1.74027313449e-07
2.62843495869e-10	-2.09061397527e-07
2.63911965364e-10	-2.20072106316e-07
2.6498043486e-10	-1.95596685515e-07
2.66048904355e-10	-1.30613313942e-07
2.6711737385e-10	-2.87608894478e-08
2.68185843346e-10	9.71878244549e-08
2.69254312841e-10	2.27512632733e-07
2.70322782337e-10	3.39705197305e-07
2.71391251832e-10	4.13859410742e-07
2.72459721327e-10	4.37551996413e-07
2.73528190823e-10	4.086495764e-07
2.74596660318e-10	3.35316070021e-07
2.75665129814e-10	2.33052023901e-07
2.76733599309e-10	1.20192249931e-07
2.77802068804e-10	1.28695701318e-08
2.788705383e-10	-7.83627429612e-08
2.79939007795e-10	-1.49895465817e-07
2.81007477291e-10	-2.03857652536e-07
2.82075946786e-10	-2.45474348404e-07
2.83144416282e-10	-2.79733717079e-07
2.84212885777e-10	-3.09017384126e-07
2.85281355272e-10	-3.32124217906e-07
2.86349824768e-10	-3.4506603086e-07
2.87418294263e-10	-3.43281929105e-07
2.88486763759e-10	-3.23921748091e-07
2.89555233254e-10	-2.87926757991e-07
2.90623702749e-10	-2.40279215191e-07
2.91692172245e-10	-1.89125447747e-07
2.9276064174e-10	-1.43255042495e-07
2.93829111236e-10	-1.09503729639e-07
2.94897580731e-10	-9.06083883478e-08
2.95966050226e-10	-8.4335495032e-08
2.97034519722e-10	-8.44023619884e-08
2.98102989217e-10	-8.25251280645e-08
2.99171458713e-10	-7.12432606242e-08
3.00239928208e-10	-4.62564355708e-08
3.01308397703e-10	-7.93862064974e-09
3.02376867199e-10	3.89041363569e-08
3.03445336694e-10	8.63608153878e-08
3.0451380619e-10	1.2591463161e-07
3.05582275685e-10	1.50751733763e-07
3.0665074518e-10	1.57911578924e-07
3.07719214676e-10	1.48698545033e-07
3.08787684171e-10	1.28237866548e-07
3.09856153667e-10	1.0334720546e-07
3.10924623162e-10	8.03069881705e-08
3.11993092657e-10	6.25811265031e-08
3.13061562153e-10	4.99107497554e-08
3.14130031648e-10	3.86373126826e-08
3.15198501144e-10	2.3548416106e-08
3.16266970639e-10	3.15441783805e-10
3.17335440134e-10	-3.238726487e-08
3.1840390963e-10	-7.17267032435e-08
3.19472379125e-10	-1.11293439353e-07
3.20540848621e-10	-1.42848139539e-07
3.21609318116e-10	-1.58941703354e-07
3.22677787611e-10	-1.55159751714e-07
3.23746257107e-10	-1.31485572652e-07
3.24814726602e-10	-9.22148766236e-08
3.25883196098e-10	-4.4691757406e-08
3.26951665593e-10	2.63091581854e-09
3.28020135088e-10	4.20759200814e-08
3.29088604584e-10	6.81703591354e-08
3.30157074079e-10	7.82080182837e-08
3.31225543575e-10	7.21498691902e-08
3.3229401307e-10	5.2136673645e-08
3.33362482565e-10	2.1770005576e-08
3.34430952061e-10	-1.42640468326e-08
3.35499421556e-10	-5.09076127919e-08
3.36567891052e-10	-8.29170283545e-08
3.37636360547e-10	-1.05741500001e-07
3.38704830042e-10	-1.1594113225e-07
3.39773299538e-10	-1.12169953326e-07
3.40841769033e-10	-9.52313072844e-08
3.41910238529e-10	-6.82966314614e-08
3.42978708024e-10	-3.60613667816e-08
3.44047177519e-10	-3.87683973813e-09
3.45115647015e-10	2.34590933346e-08
3.4618411651e-10	4.25938750936e-08
3.47252586006e-10	5.21197751624e-08
3.48321055501e-10	5.24963090776e-08
3.49389524996e-10	4.56787088154e-08
3.50457994492e-10	3.43127348756e-08
3.51526463987e-10	2.11708018893e-08
3.52594933483e-10	8.49728186425e-09
3.53663402978e-10	-2.21293527947e-09
3.54731872473e-10	-1.03706948029e-08
3.55800341969e-10	-1.61671118715e-08
3.56868811464e-10	-2.02919765435e-08
3.5793728096e-10	-2.36370507611e-08
3.59005750455e-10	-2.68844734252e-08
3.6007421995e-10	-3.02609266534e-08
3.61142689446e-10	-3.33292728971e-08
3.62211158941e-10	-3.52132889514e-08
3.63279628437e-10	-3.48217148449e-08
3.64348097932e-10	-3.14771191334e-08
3.65416567427e-10	-2.5272755666e-08
3.66485036923e-10	-1.7483285264e-08
3.67553506418e-10	-1.03508672744e-08
3.68621975914e-10	-6.73665015438e-09
3.69690445409e-10	-9.29499630042e-09
3.70758914904e-10	-1.96998517499e-08
3.718273844e-10	-3.79819180552e-08
3.72895853895e-10	-6.22035698505e-08
3.73964323391e-10	-8.87899220814e-08
3.75032792886e-10	-1.13115139477e-07
3.76101262381e-10	-1.30710067658e-07
3.77169731877e-10	-1.38201175837e-07
3.78238201372e-10	-1.34295747856e-07
3.79306670868e-10	-1.19964266077e-07
3.80375140363e-10	-9.82344019462e-08
3.81443609858e-10	-7.33341942727e-08
3.82512079354e-10	-4.96231551406e-08
3.83580548849e-10	-3.05871887818e-08
3.84649018345e-10	-1.81215045192e-08
3.8571748784e-10	-1.2459745069e-08
3.86785957335e-10	-1.23626114901e-08
3.87854426831e-10	-1.58441025855e-08
3.88922896326e-10	-2.07673411801e-08
3.89991365822e-10	-2.55084575684e-08
3.91059835317e-10	-2.9149694214e-08
3.92128304812e-10	-3.16522326127e-08
3.93196774308e-10	-3.34778098576e-08
3.94265243803e-10	-3.54200846431e-08
3.95333713299e-10	-3.80762166241e-08
3.96402182794e-10	-4.16708876294e-08
3.9747065229e-10	-4.57935789289e-08
3.98539121785e-10	-4.95024812253e-08
3.9960759128e-10	-5.14739451063e-08
4.00676060776e-10	-5.04536052937e-08
4.01744530271e-10	-4.56410074179e-08
4.02812999767e-10	-3.71312993686e-08
4.03881469262e-10	-2.60820605114e-08
4.04949938757e-10	-1.46436691661e-08
4.06018408253e-10	-5.51121215331e-09
4.07086877748e-10	-1.24247509503e-09
4.08155347244e-10	-3.56686127856e-09
4.09223816739e-10	-1.272149526e-08
4.10292286234e-10	-2.73178035748e-08
4.1136075573e-10	-4.44999768145e-08
4.12429225225e-10	-6.06603860476e-08
4.13497694721e-10	-7.2302728249e-08
4.14566164216e-10	-7.69641466114e-08
4.15634633711e-10	-7.38714551751e-08
4.16703103207e-10	-6.40881876457e-08
4.17771572702e-10	-5.02673382918e-08
4.18840042198e-10	-3.58872889183e-08
4.19908511693e-10	-2.44111600933e-08
4.20976981188e-10	-1.83759925609e-08
4.22045450684e-10	-1.88801883017e-08
4.23113920179e-10	-2.53589010901e-08
4.24182389675e-10	-3.59332013034e-08
4.2525085917e-10	-4.78582511398e-08
4.26319328665e-10	-5.83469259574e-08
4.27387798161e-10	-6.50917342249e-08
4.28456267656e-10	-6.68628952205e-08
4.29524737152e-10	-6.35972985386e-08
4.30593206647e-10	-5.64314066587e-08
4.31661676142e-10	-4.73413068747e-08
4.32730145638e-10	-3.86826897181e-08
4.33798615133e-10	-3.26343549961e-08
4.34867084629e-10	-3.06794746274e-08
4.35935554124e-10	-3.32671488135e-08
4.37004023619e-10	-3.96653101475e-08
4.38072493115e-10	-4.82372271016e-08
4.3914096261e-10	-5.68119014055e-08
4.40209432106e-10	-6.33386330051e-08
4.41277901601e-10	-6.63489987396e-08
4.42346371096e-10	-6.53713154719e-08
4.43414840592e-10	-6.09291856968e-08
4.44483310087e-10	-5.43688249977e-08
4.45551779583e-10	-4.73948027491e-08
4.46620249078e-10	-4.16416534588e-08
4.47688718573e-10	-3.82145988187e-08
4.48757188069e-10	-3.75282729337e-08
4.49825657564e-10	-3.92317427433e-08
4.5089412706e-10	-4.24504429386e-08
4.51962596555e-10	-4.5972629259e-08
4.5303106605e-10	-4.86873767969e-08
4.54099535546e-10	-4.97437331326e-08
4.55168005041e-10	-4.88299192192e-08
4.56236474537e-10	-4.61284628273e-08
4.57304944032e-10	-4.22911323739e-08
4.58373413527e-10	-3.82223377393e-08
4.59441883023e-10	-3.48240578596e-08
4.60510352518e-10	-3.28075822065e-08
4.61578822014e-10	-3.2448156384e-08
4.62647291509e-10	-3.36160741465e-08
4.63715761004e-10	-3.57280707242e-08
4.647842305e-10	-3.79889730784e-08
4.65852699995e-10	-3.95252131025e-08
4.66921169491e-10	-3.96671371306e-08
4.67989638986e-10	-3.80752043228e-08
4.69058108481e-10	-3.48876054712e-08
4.70126577977e-10	-3.06968928054e-08
4.71195047472e-10	-2.64092416824e-08
4.72263516968e-10	-2.30801251444e-08
4.73331986463e-10	-2.15670477033e-08
4.74400455958e-10	-2.23809674127e-08
4.75468925454e-10	-2.54295201563e-08
4.76537394949e-10	-3.01298794803e-08
4.77605864445e-10	-3.54650959711e-08
4.7867433394e-10	-4.03203161969e-08
4.79742803435e-10	-4.37060734271e-08
4.80811272931e-10	-4.50666259866e-08
4.81879742426e-10	-4.43439462927e-08
4.82948211922e-10	-4.20360808384e-08
4.84016681417e-10	-3.89875558504e-08
4.85085150912e-10	-3.62728045378e-08
4.86153620408e-10	-3.47870905415e-08
4.87222089903e-10	-3.51668634213e-08
4.88290559399e-10	-3.74450936924e-08
4.89359028894e-10	-4.11516800636e-08
4.90427498389e-10	-4.53147588342e-08
4.91495967885e-10	-4.87514109082e-08
4.9256443738e-10	-5.04104495924e-08
4.93632906876e-10	-4.96371868053e-08
4.94701376371e-10	-4.64794167598e-08
4.95769845866e-10	-4.16186871632e-08
4.96838315362e-10	-3.63197720787e-08
4.97906784857e-10	-3.19859623232e-08
4.98975254353e-10	-2.987958303e-08
5.00043723848e-10	-3.07137346667e-08
5.01112193343e-10	-3.44845760836e-08
5.02180662839e-10	-4.04153019939e-08
5.03249132334e-10	-4.71164336435e-08
5.0431760183e-10	-5.28819001921e-08
5.05386071325e-10	-5.6079252353e-08
5.0645454082e-10	-5.55481953768e-08
5.07523010316e-10	-5.09529525239e-08
5.08591479811e-10	-4.29321116435e-08
5.09659949307e-10	-3.30476142008e-08
5.10728418802e-10	-2.34564938584e-08
5.11796888298e-10	-1.63922070362e-08
5.12865357793e-10	-1.35958215797e-08
5.13933827288e-10	-1.58172280829e-08
5.15002296784e-10	-2.26088029409e-08
5.16070766279e-10	-3.23834410398e-08
5.17139235775e-10	-4.28254594009e-08
5.1820770527e-10	-5.14118210226e-08
5.19276174765e-10	-5.60606499e-08
5.20344644261e-10	-5.55562005289e-08
5.21413113756e-10	-4.98587562348e-08
5.22481583252e-10	-4.00936788214e-08
5.23550052747e-10	-2.83200436435e-08
5.24618522242e-10	-1.7101495553e-08
5.25686991738e-10	-8.87096862634e-09
5.26755461233e-10	-5.44058287137e-09
5.27823930729e-10	-7.40949514244e-09
5.28892400224e-10	-1.41201919046e-08
5.29960869719e-10	-2.36552670785e-08
5.31029339215e-10	-3.34595251505e-08
5.3209780871e-10	-4.0891674935e-08
5.33166278206e-10	-4.40395000467e-08
5.34234747701e-10	-4.21409978024e-08
5.35303217196e-10	-3.58095340047e-08
5.36371686692e-10	-2.67671131926e-08
5.37440156187e-10	-1.73703945672e-08
5.38508625683e-10	-9.91799245509e-09
5.39577095178e-10	-6.09568428026e-09
5.40645564673e-10	-6.56678857125e-09
5.41714034169e-10	-1.09222204059e-08
5.42782503664e-10	-1.78189202282e-08
5.4385097316e-10	-2.54104184361e-08
5.44919442655e-10	-3.17626906998e-08
5.4598791215e-10	-3.53676583575e-08
5.47056381646e-10	-3.54413673964e-08
5.48124851141e-10	-3.21331043995e-08
5.49193320637e-10	-2.64370954017e-08
5.50261790132e-10	-1.99341166907e-08
5.51330259627e-10	-1.43451786561e-08
5.52398729123e-10	-1.10457785696e-08
5.53467198618e-10	-1.07253617376e-08
5.54535668114e-10	-1.31817998184e-08
5.55604137609e-10	-1.74735093061e-08
5.56672607104e-10	-2.22293412566e-08
5.577410766e-10	-2.60770300908e-08
5.58809546095e-10	-2.80508667405e-08
5.59878015591e-10	-2.77836067486e-08
5.60946485086e-10	-2.55651828596e-08
5.62014954581e-10	-2.2141963596e-08
5.63083424077e-10	-1.849474629e-08
5.64151893572e-10	-1.55433507731e-08
5.65220363068e-10	-1.39501283303e-08
5.66288832563e-10	-1.39564735879e-08
5.67357302058e-10	-1.53750786547e-08
5.68425771554e-10	-1.76260755991e-08
5.69494241049e-10	-1.99341528839e-08
5.70562710545e-10	-2.1491972424e-08
5.7163118004e-10	-2.17708839845e-08
5.72699649535e-10	-2.06127626079e-08
5.73768119031e-10	-1.83579944579e-08
5.74836588526e-10	-1.5662920072e-08
5.75905058022e-10	-1.33554310944e-08
5.76973527517e-10	-1.20984691154e-08
5.78041997012e-10	-1.22158710925e-08
5.79110466508e-10	-1.35676402335e-08
5.80178936003e-10	-1.56176311883e-08
5.81247405499e-10	-1.76203532876e-08
5.82315874994e-10	-1.88178337357e-08
5.83384344489e-10	-1.87207929159e-08
5.84452813985e-10	-1.71603002919e-08
5.8552128348e-10	-1.43940895869e-08
5.86589752976e-10	-1.09583709884e-08
5.87658222471e-10	-7.60884366624e-09
5.88726691966e-10	-5.08820080514e-09
5.89795161462e-10	-3.98686814118e-09
5.90863630957e-10	-4.58135555881e-09
5.91932100453e-10	-6.75781103299e-09
5.93000569948e-10	-1.00037507722e-08
5.94069039443e-10	-1.34953050956e-08
5.95137508939e-10	-1.6285451987e-08
5.96205978434e-10	-1.75405856506e-08
5.9727444793e-10	-1.67418086061e-08
5.98342917425e-10	-1.38733301513e-08
5.9941138692e-10	-9.41775957219e-09
6.00479856416e-10	-4.30210428393e-09
6.01548325911e-10	3.67154084913e-10
6.02616795407e-10	3.53155785171e-09
6.03685264902e-10	4.46270354004e-09
6.04753734397e-10	2.92849305916e-09
6.05822203893e-10	-7.62325431947e-10
6.06890673388e-10	-5.82126205573e-09
6.07959142884e-10	-1.1168919456e-08
6.09027612379e-10	-1.56270012486e-08
6.10096081874e-10	-1.81902176655e-08
6.1116455137e-10	-1.82140439398e-08
6.12233020865e-10	-1.55624744202e-08
6.13301490361e-10	-1.06736708361e-08
6.14369959856e-10	-4.47719100682e-09
6.15438429351e-10	1.73015016897e-09
6.16506898847e-10	6.619060966e-09
6.17575368342e-10	9.03801716801e-09
6.18643837838e-10	8.3769547965e-09
6.19712307333e-10	4.6568011669e-09
6.20780776828e-10	-1.37664955824e-09
6.21849246324e-10	-8.46157011125e-09
6.22917715819e-10	-1.50479322336e-08
6.23986185315e-10	-1.96844210931e-08
6.2505465481e-10	-2.13350836997e-08
6.26123124306e-10	-1.96276395137e-08
6.27191593801e-10	-1.49394018267e-08
6.28260063296e-10	-8.33689950408e-09
6.29328532792e-10	-1.31186760066e-09
6.30397002287e-10	4.49362941302e-09
6.31465471783e-10	7.72555369677e-09
6.32533941278e-10	7.55749629544e-09
6.33602410773e-10	3.97652205608e-09
6.34670880269e-10	-2.27120024177e-09
6.35739349764e-10	-9.76506975281e-09
6.3680781926e-10	-1.67917147964e-08
6.37876288755e-10	-2.17282660753e-08
6.3894475825e-10	-2.34467618654e-08
6.40013227746e-10	-2.16143218879e-08
6.41081697241e-10	-1.67517734129e-08
6.42150166737e-10	-1.01339483471e-08
6.43218636232e-10	-3.40712918989e-09
6.44287105727e-10	1.77825862369e-09
6.45355575223e-10	4.21776635839e-09
6.46424044718e-10	3.41167694096e-09
6.47492514214e-10	-3.44712508538e-10
6.48560983709e-10	-6.06632027944e-09
6.49629453204e-10	-1.23577970079e-08
6.506979227e-10	-1.77355604647e-08
6.51766392195e-10	-2.10051487315e-08
6.52834861691e-10	-2.14926663133e-08
6.53903331186e-10	-1.92018143608e-08
6.54971800681e-10	-1.4766536216e-08
6.56040270177e-10	-9.28759241736e-09
6.57108739672e-10	-4.05818663396e-09
6.58177209168e-10	-2.37996761188e-10
6.59245678663e-10	1.41095278516e-09
6.60314148158e-10	6.75263116257e-10
6.61382617654e-10	-2.07183981082e-09
6.62451087149e-10	-6.05400835019e-09
6.63519556645e-10	-1.0266428041e-08
6.6458802614e-10	-1.38091843516e-08
6.65656495635e-10	-1.60058704068e-08
6.66724965131e-10	-1.65877908076e-08
6.67793434626e-10	-1.56237771609e-08
6.68861904122e-10	-1.34716030553e-08
6.69930373617e-10	-1.06422049506e-08
6.70998843112e-10	-7.67524402367e-09
6.72067312608e-10	-5.09881292743e-09
6.73135782103e-10	-3.29335153593e-09
6.74204251599e-10	-2.53791015981e-09
6.75272721094e-10	-2.87971407831e-09
6.76341190589e-10	-4.2321125493e-09
6.77409660085e-10	-6.29258500862e-09
6.7847812958e-10	-8.67881672084e-09
6.79546599076e-10	-1.09540918558e-08
6.80615068571e-10	-1.27442247866e-08
6.81683538066e-10	-1.37797526722e-08
6.82752007562e-10	-1.39444618075e-08
6.83820477057e-10	-1.32889239612e-08
6.84888946553e-10	-1.19964672085e-08
6.85957416048e-10	-1.03668043039e-08
6.87025885543e-10	-8.77104122665e-09
6.88094355039e-10	-7.56484386244e-09
6.89162824534e-10	-7.04568720034e-09
6.9023129403e-10	-7.33664340391e-09
6.91299763525e-10	-8.37223090855e-09
6.9236823302e-10	-9.88080728348e-09
6.93436702516e-10	-1.14587184186e-08
6.94505172011e-10	-1.27181117859e-08
6.95573641507e-10	-1.33684574521e-08
6.96642111002e-10	-1.33710961192e-08
6.97710580497e-10	-1.28746706629e-08
6.98779049993e-10	-1.22288873472e-08
6.99847519488e-10	-1.17820863066e-08
7.00915988984e-10	-1.18017660089e-08
7.01984458479e-10	-1.23470272895e-08
7.03052927974e-10	-1.32484125892e-08
7.0412139747e-10	-1.41942033682e-08
7.05189866965e-10	-1.47827163843e-08
7.06258336461e-10	-1.47577220444e-08
7.07326805956e-10	-1.40017392125e-08
7.08395275451e-10	-1.27108523706e-08
7.09463744947e-10	-1.1246606868e-08
7.10532214442e-10	-1.01424331711e-08
7.11600683938e-10	-9.85658160646e-09
7.12669153433e-10	-1.06783564213e-08
7.13737622928e-10	-1.25659686545e-08
7.14806092424e-10	-1.5125247943e-08
7.15874561919e-10	-1.76795034168e-08
7.16943031415e-10	-1.94373251938e-08
7.1801150091e-10	-1.97398561941e-08
7.19079970405e-10	-1.82868848952e-08
7.20148439901e-10	-1.5263179054e-08
7.21216909396e-10	-1.13648878086e-08
7.22285378892e-10	-7.60378809916e-09
7.23353848387e-10	-5.06227715302e-09
7.24422317882e-10	-4.54373422915e-09
7.25490787378e-10	-6.34287618262e-09
7.26559256873e-10	-1.01140146258e-08
7.27627726369e-10	-1.49261820681e-08
7.28696195864e-10	-1.95342447773e-08
7.29764665359e-10	-2.26517422597e-08
7.30833134855e-10	-2.33677459605e-08
7.3190160435e-10	-2.1332636102e-08
7.32970073846e-10	-1.69424732022e-08
7.34038543341e-10	-1.11871716335e-08
7.35107012836e-10	-5.4662226967e-09
7.36175482332e-10	-1.19334941928e-09
7.37243951827e-10	5.52984165403e-10
7.38312421323e-10	-6.81293747112e-10
7.39380890818e-10	-4.57206524029e-09
7.40449360314e-10	-1.01359214355e-08
7.41517829809e-10	-1.59293914725e-08
7.42586299304e-10	-2.04960940442e-08
7.436547688e-10	-2.26791547764e-08
7.44723238295e-10	-2.19805798007e-08
7.45791707791e-10	-1.86194349938e-08
7.46860177286e-10	-1.34811526387e-08
7.47928646781e-10	-7.85288528649e-09
7.48997116277e-10	-3.07989383996e-09
7.50065585772e-10	-2.35354239569e-10
7.51134055268e-10	1.4117358671e-10
7.52202524763e-10	-1.87781692279e-09
7.53270994258e-10	-5.651633328e-09
7.54339463754e-10	-1.01672310571e-08
7.55407933249e-10	-1.43181746459e-08
7.56476402745e-10	-1.71650510472e-08
7.5754487224e-10	-1.8147518599e-08
7.58613341735e-10	-1.71913259184e-08
7.59681811231e-10	-1.46595078299e-08
7.60750280726e-10	-1.12619459869e-08
7.61818750222e-10	-7.79852393773e-09
7.62887219717e-10	-5.0416769648e-09
7.63955689212e-10	-3.4812973615e-09
7.65024158708e-10	-3.34113378631e-09
7.66092628203e-10	-4.47872838816e-09
7.67161097699e-10	-6.54131410149e-09
7.68229567194e-10	-9.00048546804e-09
7.69298036689e-10	-1.13274731817e-08
7.70366506185e-10	-1.30689030708e-08
7.7143497568e-10	-1.3931725662e-08
7.72503445176e-10	-1.38187248311e-08
7.73571914671e-10	-1.28037896951e-08
7.74640384166e-10	-1.11272718817e-08
7.75708853662e-10	-9.10838432455e-09
7.76777323157e-10	-7.12559294902e-09
7.77845792653e-10	-5.52075649085e-09
7.78914262148e-10	-4.58396448577e-09
7.79982731643e-10	-4.4693564405e-09
7.81051201139e-10	-5.18332560207e-09
7.82119670634e-10	-6.56118359643e-09
7.8318814013e-10	-8.29622082144e-09
7.84256609625e-10	-9.9897236594e-09
7.8532507912e-10	-1.12498801386e-08
7.86393548616e-10	-1.17685563517e-08
7.87462018111e-10	-1.14118777761e-08
7.88530487607e-10	-1.0237587611e-08
7.89598957102e-10	-8.50586256984e-09
7.90667426597e-10	-6.59575494222e-09
7.91735896093e-10	-4.92453380851e-09
7.92804365588e-10	-3.84016651811e-09
7.93872835084e-10	-3.52726081676e-09
7.94941304579e-10	-3.98877406105e-09
7.96009774074e-10	-5.00302702044e-09
7.9707824357e-10	-6.2527019673e-09
7.98146713065e-10	-7.34695937421e-09
7.99215182561e-10	-7.99454324962e-09
8.00283652056e-10	-8.0276106873e-09
8.01352121551e-10	-7.48595241351e-09
8.02420591047e-10	-6.5596875154e-09
8.03489060542e-10	-5.53662651837e-09
8.04557530038e-10	-4.7062511388e-09
8.05625999533e-10	-4.25560570116e-09
8.06694469028e-10	-4.23703622188e-09
8.07762938524e-10	-4.53098175646e-09
8.08831408019e-10	-4.9256416168e-09
8.09899877515e-10	-5.17704223935e-09
8.1096834701e-10	-5.10601771975e-09
8.12036816505e-10	-4.6662076425e-09
8.13105286001e-10	-3.96181246143e-09
8.14173755496e-10	-3.22188314916e-09
8.15242224992e-10	-2.71671754537e-09
8.16310694487e-10	-2.66048463815e-09
8.17379163982e-10	-3.14252726619e-09
8.18447633478e-10	-4.05809572057e-09
8.19516102973e-10	-5.17081014118e-09
8.20584572469e-10	-6.12907546937e-09
8.21653041964e-10	-6.62977145405e-09
8.22721511459e-10	-6.45303888103e-09
8.23789980955e-10	-5.59133389588e-09
8.2485845045e-10	-4.21638782222e-09
8.25926919946e-10	-2.66717278818e-09
8.26995389441e-10	-1.34885126679e-09
8.28063858936e-10	-6.18586491058e-10
8.29132328432e-10	-7.06877365669e-10
8.30200797927e-10	-1.61355902945e-09
8.31269267423e-10	-3.14692250036e-09
8.32337736918e-10	-4.92785592887e-09
8.33406206413e-10	-6.52314757765e-09
8.34474675909e-10	-7.53720197366e-09
8.35543145404e-10	-7.72717573261e-09
8.366116149e-10	-7.06617125923e-09
8.37680084395e-10	-5.73129832482e-09
8.3874855389e-10	-4.07539058056e-09
8.39817023386e-10	-2.50136317215e-09
8.40885492881e-10	-1.39030913171e-09
8.41953962377e-10	-9.83802844745e-10
8.43022431872e-10	-1.35974344978e-09
8.44090901367e-10	-2.41365227804e-09
8.45159370863e-10	-3.89657842104e-09
8.46227840358e-10	-5.48220133179e-09
8.47296309854e-10	-6.83985068584e-09
8.48364779349e-10	-7.70147706719e-09
8.49433248845e-10	-7.92021187523e-09
8.5050171834e-10	-7.47433742676e-09
8.51570187835e-10	-6.48997233732e-09
8.52638657331e-10	-5.17307999215e-09
8.53707126826e-10	-3.80888406926e-09
8.54775596322e-10	-2.66066169097e-09
8.55844065817e-10	-1.97277773284e-09
8.56912535312e-10	-1.8776167704e-09
8.57981004808e-10	-2.41722498961e-09
8.59049474303e-10	-3.49499043595e-09
8.60117943799e-10	-4.91256135771e-09
8.61186413294e-10	-6.39046970896e-09
8.62254882789e-10	-7.62646928942e-09
8.63323352285e-10	-8.36000330073e-09
8.6439182178e-10	-8.41448999367e-09
8.65460291276e-10	-7.76120029355e-09
8.66528760771e-10	-6.51924086936e-09
8.67597230266e-10	-4.9497397292e-09
8.68665699762e-10	-3.39653305481e-09
8.69734169257e-10	-2.21955426261e-09
8.70802638753e-10	-1.70862790583e-09
8.71871108248e-10	-2.00563854413e-09
8.72939577743e-10	-3.06813981166e-09
8.74008047239e-10	-4.66825444967e-09
8.75076516734e-10	-6.43592523719e-09
8.7614498623e-10	-7.96195087638e-09
8.77213455725e-10	-8.87966711272e-09
8.7828192522e-10	-8.98415580819e-09
8.79350394716e-10	-8.26083473848e-09
8.80418864211e-10	-6.90898221967e-09
8.81487333707e-10	-5.28262181221e-09
8.82555803202e-10	-3.79214171176e-09
8.83624272697e-10	-2.8127682683e-09
8.84692742193e-10	-2.57042530316e-09
8.85761211688e-10	-3.11266637465e-09
8.86829681184e-10	-4.27583404794e-09
8.87898150679e-10	-5.76209319147e-09
8.88966620174e-10	-7.19572401664e-09
8.9003508967e-10	-8.24940415978e-09
8.91103559165e-10	-8.70362182326e-09
8.92172028661e-10	-8.51053960638e-09
8.93240498156e-10	-7.79252035121e-09
8.94308967651e-10	-6.79161293871e-09
8.95377437147e-10	-5.80447148679e-09
8.96445906642e-10	-5.09181866115e-09
8.97514376138e-10	-4.82468962004e-09
8.98582845633e-10	-5.02613375919e-09
8.99651315128e-10	-5.60225249524e-09
9.00719784624e-10	-6.36441727098e-09
9.01788254119e-10	-7.10506120605e-09
9.02856723615e-10	-7.64843927081e-09
9.0392519311e-10	-7.90886189872e-09
9.04993662605e-10	-7.89072618357e-09
9.06062132101e-10	-7.6880807276e-09
9.07130601596e-10	-7.41743938493e-09
9.08199071092e-10	-7.2090042269e-09
9.09267540587e-10	-7.12249020873e-09
9.10336010082e-10	-7.18289278057e-09
9.11404479578e-10	-7.32943600257e-09
9.12472949073e-10	-7.49596978933e-09
9.13541418569e-10	-7.59661478167e-09
9.14609888064e-10	-7.58911677945e-09
9.15678357559e-10	-7.47399492296e-09
9.16746827055e-10	-7.29679805467e-09
9.1781529655e-10	-7.14300019133e-09
9.18883766046e-10	-7.08366926228e-09
9.19952235541e-10	-7.18543247125e-09
9.21020705036e-10	-7.44777023387e-09
9.22089174532e-10	-7.82904296948e-09
9.23157644027e-10	-8.23064943978e-09
9.24226113523e-10	-8.53974785331e-09
9.25294583018e-10	-8.65693922103e-09
9.26363052513e-10	-8.52317111333e-09
9.27431522009e-10	-8.15588979686e-09
9.28499991504e-10	-7.62691149125e-09
9.29568461e-10	-7.06569408537e-09
9.30636930495e-10	-6.60129867436e-09
9.3170539999e-10	-6.34897351359e-09
9.32773869486e-10	-6.36313968183e-09
9.33842338981e-10	-6.63588206606e-09
9.34910808477e-10	-7.10035497065e-09
9.35979277972e-10	-7.6440983543e-09
9.37047747467e-10	-8.1410529984e-09
9.38116216963e-10	-8.47252584757e-09
9.39184686458e-10	-8.55278398104e-09
9.40253155954e-10	-8.35185731685e-09
9.41321625449e-10	-7.88688298003e-09
9.42390094944e-10	-7.24747406533e-09
9.4345856444e-10	-6.54477183559e-09
9.44527033935e-10	-5.93214699585e-09
9.45595503431e-10	-5.52155202116e-09
9.46663972926e-10	-5.40784667047e-09
9.47732442421e-10	-5.59779339548e-09
9.48800911917e-10	-6.04540753568e-09
9.49869381412e-10	-6.63917837374e-09
9.50937850908e-10	-7.2356087788e-09
9.52006320403e-10	-7.69679253665e-09
9.53074789898e-10	-7.90348975155e-09
9.54143259394e-10	-7.80351272489e-09
9.55211728889e-10	-7.39306355024e-09
9.56280198385e-10	-6.74743699802e-09
9.5734866788e-10	-5.98291077791e-09
9.58417137375e-10	-5.25639848314e-09
9.59485606871e-10	-4.71611144581e-09
9.60554076366e-10	-4.4739029148e-09
9.61622545862e-10	-4.57919008268e-09
9.62691015357e-10	-4.99407482035e-09
9.63759484853e-10	-5.60690174845e-09
9.64827954348e-10	-6.25412144295e-09
9.65896423843e-10	-6.76439021463e-09
9.66964893339e-10	-7.00934071896e-09
9.68033362834e-10	-6.92139473513e-09
9.6910183233e-10	-6.52977333315e-09
9.70170301825e-10	-5.92387833231e-09
9.7123877132e-10	-5.24568147253e-09
9.72307240816e-10	-4.6343661686e-09
9.73375710311e-10	-4.20488957542e-09
9.74444179807e-10	-4.01977956477e-09
9.75512649302e-10	-4.07738645625e-09
9.76581118797e-10	-4.33248001364e-09
9.77649588293e-10	-4.69246996815e-09
9.78718057788e-10	-5.06586153581e-09
9.79786527284e-10	-5.35633598586e-09
9.80854996779e-10	-5.50598583393e-09
9.81923466274e-10	-5.48768724906e-09
9.8299193577e-10	-5.31286112326e-09
9.84060405265e-10	-5.02146643711e-09
9.85128874761e-10	-4.66825489376e-09
9.86197344256e-10	-4.30863841827e-09
9.87265813751e-10	-3.98031702042e-09
9.88334283247e-10	-3.70939379213e-09
9.89402752742e-10	-3.49973194869e-09
9.90471222238e-10	-3.35776778604e-09
9.91539691733e-10	-3.28787014281e-09
9.92608161228e-10	-3.30758928579e-09
9.93676630724e-10	-3.42753320171e-09
9.94745100219e-10	-3.64562802169e-09
9.95813569715e-10	-3.92002566518e-09
9.9688203921e-10	-4.18637793875e-09
9.97950508705e-10	-4.34524824455e-09
9.99018978201e-10	-4.31629171294e-09
1.0000874477e-09	-4.04805503007e-09
1.00115591719e-09	-3.56149598701e-09
1.00222438669e-09	-2.93036116206e-09
1.00329285618e-09	-2.285659495e-09
1.00436132568e-09	-1.76410334951e-09
1.00542979517e-09	-1.48061299332e-09
1.00649826467e-09	-1.49408739547e-09
1.00756673416e-09	-1.78850102783e-09
1.00863520366e-09	-2.28768076704e-09
1.00970367315e-09	-2.8530432461e-09
1.01077214265e-09	-3.33783128914e-09
1.01184061215e-09	-3.6002643089e-09
1.01290908164e-09	-3.55409562891e-09
1.01397755114e-09	-3.18288485845e-09
1.01504602063e-09	-2.555072251e-09
1.01611449013e-09	-1.80978154685e-09
1.01718295962e-09	-1.1179426343e-09
1.01825142912e-09	-6.42969961995e-10
1.01931989861e-09	-4.83362114223e-10
1.02038836811e-09	-6.54140963618e-10
1.0214568376e-09	-1.07313129216e-09
1.0225253071e-09	-1.59890853335e-09
1.0235937766e-09	-2.0699288672e-09
1.02466224609e-09	-2.35857312847e-09
1.02573071559e-09	-2.40452791012e-09
1.02679918508e-09	-2.22522013316e-09
1.02786765458e-09	-1.89734596784e-09
1.02893612407e-09	-1.52710568149e-09
1.03000459357e-09	-1.203992522e-09
1.03107306306e-09	-9.91383974913e-10
1.03214153256e-09	-8.94125051776e-10
1.03321000205e-09	-8.92590668045e-10
1.03427847155e-09	-9.36603485741e-10
1.03534694104e-09	-9.86294663996e-10
1.03641541054e-09	-1.0093287317e-09
1.03748388004e-09	-1.00258465419e-09
1.03855234953e-09	-9.87910295236e-10
1.03962081903e-09	-9.96814980385e-10
1.04068928852e-09	-1.07049927863e-09
1.04175775802e-09	-1.22357936673e-09
1.04282622751e-09	-1.45203454469e-09
1.04389469701e-09	-1.6982536627e-09
1.0449631665e-09	-1.8893829834e-09
1.046031636e-09	-1.932886462e-09
1.04710010549e-09	-1.77052883465e-09
1.04816857499e-09	-1.39574844737e-09
1.04923704448e-09	-8.76323777432e-10
1.05030551398e-09	-3.45561995685e-10
1.05137398348e-09	4.03643056479e-11
1.05244245297e-09	1.43730052166e-10
1.05351092247e-09	-9.74748008004e-11
1.05457939196e-09	-6.51506978575e-10
1.05564786146e-09	-1.39284743114e-09
1.05671633095e-09	-2.13760718848e-09
1.05778480045e-09	-2.70231970134e-09
1.05885326994e-09	-2.94089483321e-09
1.05992173944e-09	-2.79634007616e-09
1.06099020893e-09	-2.29590352285e-09
1.06205867843e-09	-1.55653881451e-09
1.06312714792e-09	-7.45148082126e-10
1.06419561742e-09	-4.88008010738e-11
1.06526408692e-09	3.6366351857e-10
1.06633255641e-09	3.86816891018e-10
1.06740102591e-09	-3.57830431952e-12
1.0684694954e-09	-7.32048548516e-10
1.0695379649e-09	-1.6474465403e-09
1.07060643439e-09	-2.54071211292e-09
1.07167490389e-09	-3.21160828487e-09
1.07274337338e-09	-3.5099852469e-09
1.07381184288e-09	-3.37538438866e-09
1.07488031237e-09	-2.85232640285e-09
1.07594878187e-09	-2.06914066436e-09
1.07701725137e-09	-1.2116967707e-09
1.07808572086e-09	-4.653907381e-10
1.07915419036e-09	1.16144802109e-11
1.08022265985e-09	1.27380640758e-10
1.08129112935e-09	-1.45393396107e-10
1.08235959884e-09	-7.56255639708e-10
1.08342806834e-09	-1.60005670519e-09
1.08449653783e-09	-2.52444375126e-09
1.08556500733e-09	-3.35477767788e-09
1.08663347682e-09	-3.92223864498e-09
1.08770194632e-09	-4.10114181504e-09
1.08877041581e-09	-3.83770515366e-09
1.08983888531e-09	-3.17555817753e-09
1.09090735481e-09	-2.25179658253e-09
1.0919758243e-09	-1.27838221259e-09
1.0930442938e-09	-4.86719008846e-10
1.09411276329e-09	-7.41363585105e-11
1.09518123279e-09	-1.56446001119e-10
1.09624970228e-09	-7.33964338959e-10
1.09731817178e-09	-1.69620528734e-09
1.09838664127e-09	-2.8393474516e-09
1.09945511077e-09	-3.92128013393e-09
1.10052358026e-09	-4.70339683867e-09
1.10159204976e-09	-5.01188868185e-09
1.10266051925e-09	-4.77038231139e-09
1.10372898875e-09	-4.03127281556e-09
1.10479745825e-09	-2.964414339e-09
1.10586592774e-09	-1.83012050653e-09
1.10693439724e-09	-9.15457435552e-10
1.10800286673e-09	-4.65764253554e-10
1.10907133623e-09	-6.11386614079e-10
1.11013980572e-09	-1.33054291196e-09
1.11120827522e-09	-2.45179829217e-09
1.11227674471e-09	-3.69328326255e-09
1.11334521421e-09	-4.74762124059e-09
1.1144136837e-09	-5.36102406912e-09
1.1154821532e-09	-5.40466960075e-09
1.11655062269e-09	-4.89988655206e-09
1.11761909219e-09	-4.00884209162e-09
1.11868756169e-09	-2.98221873585e-09
1.11975603118e-09	-2.09296985819e-09
1.12082450068e-09	-1.56086064212e-09
1.12189297017e-09	-1.51005865451e-09
1.12296143967e-09	-1.93192033204e-09
1.12402990916e-09	-2.70304822969e-09
1.12509837866e-09	-3.6097135836e-09
1.12616684815e-09	-4.41567521436e-09
1.12723531765e-09	-4.91930779445e-09
1.12830378714e-09	-5.00878083454e-09
1.12937225664e-09	-4.69631036837e-09
1.13044072614e-09	-4.10164319176e-09
1.13150919563e-09	-3.42558643951e-09
1.13257766513e-09	-2.87064336885e-09
1.13364613462e-09	-2.59655266732e-09
1.13471460412e-09	-2.6601317954e-09
1.13578307361e-09	-3.01336072761e-09
1.13685154311e-09	-3.51963849732e-09
1.1379200126e-09	-4.00882388396e-09
1.1389884821e-09	-4.32583857624e-09
1.14005695159e-09	-4.38283070947e-09
1.14112542109e-09	-4.17635259709e-09
1.14219389058e-09	-3.78863654338e-09
1.14326236008e-09	-3.35002145468e-09
1.14433082958e-09	-3.00654941221e-09
1.14539929907e-09	-2.86663320859e-09
1.14646776857e-09	-2.98068553867e-09
1.14753623806e-09	-3.31621963223e-09
1.14860470756e-09	-3.77614242653e-09
1.14967317705e-09	-4.22104723397e-09
1.15074164655e-09	-4.50939915964e-09
1.15181011604e-09	-4.54076559686e-09
1.15287858554e-09	-4.28307739275e-09
1.15394705503e-09	-3.79004744255e-09
1.15501552453e-09	-3.1792171673e-09
1.15608399402e-09	-2.61391402967e-09
1.15715246352e-09	-2.24403325089e-09
1.15822093302e-09	-2.1749964399e-09
1.15928940251e-09	-2.42819079427e-09
1.16035787201e-09	-2.94187722794e-09
1.1614263415e-09	-3.58586307869e-09
1.162494811e-09	-4.19475859603e-09
1.16356328049e-09	-4.61511956429e-09
1.16463174999e-09	-4.73603634088e-09
1.16570021948e-09	-4.52415893637e-09
1.16676868898e-09	-4.0124605305e-09
1.16783715847e-09	-3.30931754222e-09
1.16890562797e-09	-2.55804497029e-09
1.16997409747e-09	-1.92083107753e-09
1.17104256696e-09	-1.53068670933e-09
1.17211103646e-09	-1.47662542783e-09
1.17317950595e-09	-1.7729731433e-09
1.17424797545e-09	-2.35670678111e-09
1.17531644494e-09	-3.09943537502e-09
1.17638491444e-09	-3.8320557838e-09
1.17745338393e-09	-4.38215491672e-09
1.17852185343e-09	-4.6132605791e-09
1.17959032292e-09	-4.45723902232e-09
1.18065879242e-09	-3.93110752284e-09
1.18172726191e-09	-3.13226811155e-09
1.18279573141e-09	-2.22074127143e-09
1.18386420091e-09	-1.38548389428e-09
1.1849326704e-09	-8.01273455572e-10
1.1860011399e-09	-5.96160598752e-10
1.18706960939e-09	-8.17205405776e-10
1.18813807889e-09	-1.42330056074e-09
1.18920654838e-09	-2.27936139408e-09
1.19027501788e-09	-3.19478724031e-09
1.19134348737e-09	-3.9479168823e-09
1.19241195687e-09	-4.35163574619e-09
1.19348042636e-09	-4.28683694098e-09
1.19454889586e-09	-3.74380593193e-09
1.19561736535e-09	-2.8282922393e-09
1.19668583485e-09	-1.73636706402e-09
1.19775430435e-09	-7.12516842402e-10
1.19882277384e-09	1.21936592767e-11
1.19989124334e-09	2.7523716032e-10
1.20095971283e-09	2.68899590095e-11
1.20202818233e-09	-6.62927371851e-10
1.20309665182e-09	-1.61698013312e-09
1.20416512132e-09	-2.59973190198e-09
1.20523359081e-09	-3.36896927022e-09
1.20630206031e-09	-3.73743680449e-09
1.2073705298e-09	-3.613226357e-09
1.2084389993e-09	-3.02164027133e-09
1.20950746879e-09	-2.09781872429e-09
1.21057593829e-09	-1.05361664532e-09
1.21164440779e-09	-1.26420445293e-10
1.21271287728e-09	4.81292929122e-10
1.21378134678e-09	6.43679425733e-10
1.21484981627e-09	3.50299051918e-10
1.21591828577e-09	-3.01223157528e-10
1.21698675526e-09	-1.12608616876e-09
1.21805522476e-09	-1.91005282424e-09
1.21912369425e-09	-2.45615983108e-09
1.22019216375e-09	-2.6425012456e-09
1.22126063324e-09	-2.43925066257e-09
1.22232910274e-09	-1.91916978143e-09
1.22339757224e-09	-1.21827595928e-09
1.22446604173e-09	-5.08642234234e-10
1.22553451123e-09	5.80908134096e-11
1.22660298072e-09	3.73796327224e-10
1.22767145022e-09	4.0368024895e-10
1.22873991971e-09	1.77687615056e-10
1.22980838921e-09	-2.19234023296e-10
1.2308768587e-09	-6.71949808295e-10
1.2319453282e-09	-1.06441298831e-09
1.23301379769e-09	-1.30632143991e-09
1.23408226719e-09	-1.35403037393e-09
1.23515073668e-09	-1.21346567517e-09
1.23621920618e-09	-9.38742715506e-10
1.23728767568e-09	-6.1245790297e-10
1.23835614517e-09	-3.1836173281e-10
1.23942461467e-09	-1.19388235409e-10
1.24049308416e-09	-4.09151445363e-11
1.24156155366e-09	-7.18325585645e-11
1.24263002315e-09	-1.69982384071e-10
1.24369849265e-09	-2.84679732912e-10
1.24476696214e-09	-3.73232930673e-10
1.24583543164e-09	-4.11580710485e-10
1.24690390113e-09	-3.98938229673e-10
1.24797237063e-09	-3.53112002745e-10
1.24904084012e-09	-3.00264767911e-10
1.25010930962e-09	-2.64940838365e-10
1.25117777912e-09	-2.63826913441e-10
1.25224624861e-09	-3.03039014021e-10
1.25331471811e-09	-3.7346392992e-10
1.2543831876e-09	-4.57743266902e-10
1.2554516571e-09	-5.28099026315e-10
1.25652012659e-09	-5.57570486309e-10
1.25758859609e-09	-5.22129187108e-10
1.25865706558e-09	-4.13944012748e-10
1.25972553508e-09	-2.44526105961e-10
1.26079400457e-09	-4.86655802462e-11
1.26186247407e-09	1.2471821232e-10
1.26293094357e-09	2.22201946079e-10
1.26399941306e-09	2.05160853584e-10
1.26506788256e-09	6.00903354853e-11
1.26613635205e-09	-1.90451006528e-10
1.26720482155e-09	-4.97854378383e-10
1.26827329104e-09	-7.93314705594e-10
1.26934176054e-09	-1.00935093617e-09
1.27041023003e-09	-1.09442624407e-09
1.27147869953e-09	-1.02389954848e-09
1.27254716902e-09	-8.06313724122e-10
1.27361563852e-09	-4.7917710945e-10
1.27468410801e-09	-1.10091978069e-10
1.27575257751e-09	2.23610567562e-10
1.27682104701e-09	4.39510716016e-10
1.2778895165e-09	4.75915376552e-10
1.278957986e-09	3.01972571948e-10
1.28002645549e-09	-6.35156979095e-11
1.28109492499e-09	-5.54397428139e-10
1.28216339448e-09	-1.06620190454e-09
1.28323186398e-09	-1.4835203066e-09
1.28430033347e-09	-1.70489244944e-09
1.28536880297e-09	-1.67534258688e-09
1.28643727246e-09	-1.39983102887e-09
1.28750574196e-09	-9.42944944349e-10
1.28857421145e-09	-4.11637075121e-10
1.28964268095e-09	6.97793611087e-11
1.29071115045e-09	3.88753054054e-10
1.29177961994e-09	4.68203545378e-10
1.29284808944e-09	2.8468943522e-10
1.29391655893e-09	-1.32002075937e-10
1.29498502843e-09	-7.00841770035e-10
1.29605349792e-09	-1.30699487344e-09
1.29712196742e-09	-1.82427736806e-09
1.29819043691e-09	-2.14199895321e-09
1.29925890641e-09	-2.19216880759e-09
1.3003273759e-09	-1.96611890657e-09
1.3013958454e-09	-1.51883131072e-09
1.30246431489e-09	-9.57181514605e-10
1.30353278439e-09	-4.14632484597e-10
1.30460125389e-09	-1.95822494505e-11
1.30566972338e-09	1.38155459295e-10
1.30673819288e-09	2.04288391759e-11
1.30780666237e-09	-3.43701558533e-10
1.30887513187e-09	-8.76535406757e-10
1.30994360136e-09	-1.4658560199e-09
1.31101207086e-09	-1.99512380228e-09
1.31208054035e-09	-2.36231846584e-09
1.31314900985e-09	-2.50342147012e-09
1.31421747934e-09	-2.40091102555e-09
1.31528594884e-09	-2.08597591977e-09
1.31635441834e-09	-1.63079608151e-09
1.31742288783e-09	-1.13518804079e-09
1.31849135733e-09	-7.07905824238e-10
1.31955982682e-09	-4.43019269707e-10
1.32062829632e-09	-3.99702836801e-10
1.32169676581e-09	-5.91899414898e-10
1.32276523531e-09	-9.80039854825e-10
1.3238337048e-09	-1.48454533389e-09
1.3249021743e-09	-2.00003470729e-09
1.32597064379e-09	-2.42423218999e-09
1.32703911329e-09	-2.67535937848e-09
1.32810758278e-09	-2.71275396591e-09
1.32917605228e-09	-2.54189147508e-09
1.33024452178e-09	-2.20865842282e-09
1.33131299127e-09	-1.78927932193e-09
1.33238146077e-09	-1.37163001096e-09
1.33344993026e-09	-1.04333518214e-09
1.33451839976e-09	-8.69798948144e-10
1.33558686925e-09	-8.88286513789e-10
1.33665533875e-09	-1.09619471833e-09
1.33772380824e-09	-1.45459926049e-09
1.33879227774e-09	-1.8892967607e-09
1.33986074723e-09	-2.31200840417e-09
1.34092921673e-09	-2.63436866765e-09
1.34199768622e-09	-2.79270789827e-09
1.34306615572e-09	-2.76005446276e-09
1.34413462522e-09	-2.55235015068e-09
1.34520309471e-09	-2.22418029827e-09
1.34627156421e-09	-1.85060254621e-09
1.3473400337e-09	-1.51285511202e-09
1.3484085032e-09	-1.2754406975e-09
1.34947697269e-09	-1.18166836038e-09
1.35054544219e-09	-1.24089324233e-09
1.35161391168e-09	-1.43749778747e-09
1.35268238118e-09	-1.72729287817e-09
1.35375085067e-09	-2.05547261156e-09
1.35481932017e-09	-2.3566126689e-09
1.35588778966e-09	-2.57313420571e-09
