% time-domain voltage integration by openEMS v0.37.0-rc1-2-g7b051bb @Sun Jul 12 14:57:05 2026
% start-coordinates: (0.00155517,0.00441446,0.0144305) m -> [54,93,216]
% stop-coordinates: (0.00199306,0.00441446,0.0144305) m -> [60,93,216]
% t/s	voltage
0	0
1.0684694954e-12	0
2.1369389908e-12	0
3.20540848621e-12	0
4.27387798161e-12	0
5.34234747701e-12	0
6.41081697241e-12	-2.20098014768e-29
7.47928646781e-12	-1.56042586351e-24
8.54775596322e-12	-3.65578198927e-21
9.61622545862e-12	-1.37674263932e-18
1.0684694954e-11	-1.49733655749e-16
1.17531644494e-11	-6.30968834335e-15
1.28216339448e-11	-1.2342949369e-13
1.38901034402e-11	-1.27491845748e-12
1.49585729356e-11	-7.66937305764e-12
1.6027042431e-11	-2.9041956123e-11
1.70955119264e-11	-7.44494908431e-11
1.81639814218e-11	-1.40824542999e-10
1.92324509172e-11	-2.04881457286e-10
2.03009204126e-11	-1.5489753577e-10
2.1369389908e-11	3.20727538278e-10
2.24378594034e-11	1.66900554488e-09
2.35063288988e-11	4.48996861913e-09
2.45747983942e-11	9.7504760932e-09
2.56432678896e-11	1.81921023801e-08
2.6711737385e-11	2.97026212515e-08
2.77802068804e-11	4.33892135554e-08
2.88486763759e-11	5.59980435355e-08
2.99171458713e-11	6.0745358077e-08
3.09856153667e-11	4.79757573668e-08
3.20540848621e-11	5.14752473979e-09
3.31225543575e-11	-8.12656910654e-08
3.41910238529e-11	-2.20562634823e-07
3.52594933483e-11	-4.13157902557e-07
3.63279628437e-11	-6.47028237211e-07
3.73964323391e-11	-8.93554108927e-07
3.84649018345e-11	-1.1106162674e-06
3.95333713299e-11	-1.24918174293e-06
4.06018408253e-11	-1.26190077054e-06
4.16703103207e-11	-1.11641386979e-06
4.27387798161e-11	-8.00418984426e-07
4.38072493115e-11	-3.25023423287e-07
4.48757188069e-11	2.80987450196e-07
4.59441883023e-11	9.81065944927e-07
4.70126577977e-11	1.73620627208e-06
4.80811272931e-11	2.50859531548e-06
4.91495967885e-11	3.25283599523e-06
5.02180662839e-11	3.90562067309e-06
5.12865357793e-11	4.37925714891e-06
5.23550052747e-11	4.56827763173e-06
5.34234747701e-11	4.37349720528e-06
5.44919442655e-11	3.73822354049e-06
5.55604137609e-11	2.68174051143e-06
5.66288832563e-11	1.31480531707e-06
5.76973527517e-11	-1.7519825235e-07
5.87658222471e-11	-1.56784555827e-06
5.98342917425e-11	-2.66762467049e-06
6.09027612379e-11	-3.35475851898e-06
6.19712307333e-11	-3.60895654694e-06
6.30397002287e-11	-3.49724842863e-06
6.41081697241e-11	-3.13571047172e-06
6.51766392195e-11	-2.64122574833e-06
6.62451087149e-11	-2.09628680636e-06
6.73135782103e-11	-1.53797419955e-06
6.83820477057e-11	-9.71222135604e-07
6.94505172011e-11	-3.96465303254e-07
7.05189866965e-11	1.68934115585e-07
7.15874561919e-11	6.81655954793e-07
7.26559256873e-11	1.08281731315e-06
7.37243951827e-11	1.3191186099e-06
7.47928646781e-11	1.3630774518e-06
7.58613341735e-11	1.22556565429e-06
7.69298036689e-11	9.5294863911e-07
7.79982731643e-11	6.15494023748e-07
7.90667426597e-11	2.89304821877e-07
8.01352121551e-11	4.08637346183e-08
8.12036816505e-11	-8.54004871265e-08
8.22721511459e-11	-7.35834229104e-08
8.33406206413e-11	6.11196453448e-08
8.44090901367e-11	2.73504607406e-07
8.54775596322e-11	4.95139943268e-07
8.65460291276e-11	6.49404423569e-07
8.7614498623e-11	6.69451466706e-07
8.86829681184e-11	5.2019154495e-07
8.97514376138e-11	2.12776040343e-07
9.08199071092e-11	-1.93188135711e-07
9.18883766046e-11	-6.05229594441e-07
9.29568461e-11	-9.22355873456e-07
9.40253155954e-11	-1.06717926229e-06
9.50937850908e-11	-1.0095972911e-06
9.61622545862e-11	-7.72615379674e-07
9.72307240816e-11	-4.25386215142e-07
9.8299193577e-11	-5.79797778677e-08
9.93676630724e-11	2.45927886056e-07
1.00436132568e-10	4.3110181025e-07
1.01504602063e-10	4.85536812533e-07
1.02573071559e-10	4.35413838318e-07
1.03641541054e-10	3.34684514769e-07
1.04710010549e-10	2.43460849703e-07
1.05778480045e-10	2.07832922428e-07
1.0684694954e-10	2.47158361333e-07
1.07915419036e-10	3.4803463933e-07
1.08983888531e-10	4.70146492404e-07
1.10052358026e-10	5.59473509298e-07
1.11120827522e-10	5.63623835603e-07
1.12189297017e-10	4.47508522683e-07
1.13257766513e-10	2.03826981959e-07
1.14326236008e-10	-1.4363260803e-07
1.15394705503e-10	-5.42831770645e-07
1.16463174999e-10	-9.23249956486e-07
1.17531644494e-10	-1.21023103361e-06
1.1860011399e-10	-1.33956937276e-06
1.19668583485e-10	-1.27297229824e-06
1.2073705298e-10	-1.0066218934e-06
1.21805522476e-10	-5.73229858247e-07
1.22873991971e-10	-3.61766669954e-08
1.23942461467e-10	5.24105328026e-07
1.25010930962e-10	1.02425212134e-06
1.26079400457e-10	1.39479779193e-06
1.27147869953e-10	1.58951310425e-06
1.28216339448e-10	1.59186717497e-06
1.29284808944e-10	1.41488224159e-06
1.30353278439e-10	1.09606201448e-06
1.31421747934e-10	6.89152511058e-07
1.3249021743e-10	2.53393972471e-07
1.33558686925e-10	-1.58404919404e-07
1.34627156421e-10	-5.07466683786e-07
1.35695625916e-10	-7.75333440117e-07
1.36764095411e-10	-9.6099033442e-07
1.37832564907e-10	-1.076124029e-06
1.38901034402e-10	-1.13472752616e-06
1.39969503898e-10	-1.14598164203e-06
1.41037973393e-10	-1.10860088398e-06
1.42106442888e-10	-1.01275126241e-06
1.43174912384e-10	-8.45373271829e-07
1.44243381879e-10	-5.99807723489e-07
1.45311851375e-10	-2.83740874352e-07
1.4638032087e-10	7.45549879611e-08
1.47448790365e-10	4.28687016552e-07
1.48517259861e-10	7.19948822336e-07
1.49585729356e-10	8.92110094242e-07
1.50654198852e-10	9.04568253191e-07
1.51722668347e-10	7.46726151135e-07
1.52791137842e-10	4.42487689156e-07
1.53859607338e-10	4.86959170765e-08
1.54928076833e-10	-3.56678892643e-07
1.55996546329e-10	-6.91944741504e-07
1.57065015824e-10	-8.89169307072e-07
1.58133485319e-10	-9.09277105166e-07
1.59201954815e-10	-7.48368883308e-07
1.6027042431e-10	-4.36266287096e-07
1.61338893806e-10	-2.79862257813e-08
1.62407363301e-10	4.09115827438e-07
1.63475832796e-10	8.08043324696e-07
1.64544302292e-10	1.11218227516e-06
1.65612771787e-10	1.28212298023e-06
1.66681241283e-10	1.29818701566e-06
1.67749710778e-10	1.16175196041e-06
1.68818180273e-10	8.94112055505e-07
1.69886649769e-10	5.3466429506e-07
1.70955119264e-10	1.36276205431e-07
1.7202358876e-10	-2.41138856438e-07
1.73092058255e-10	-5.41221943706e-07
1.74160527751e-10	-7.20502711715e-07
1.75228997246e-10	-7.5805596822e-07
1.76297466741e-10	-6.5834042573e-07
1.77365936237e-10	-4.4989851844e-07
1.78434405732e-10	-1.7759565285e-07
1.79502875228e-10	1.07342141398e-07
1.80571344723e-10	3.56764648046e-07
1.81639814218e-10	5.33141200521e-07
1.82708283714e-10	6.12896553065e-07
1.83776753209e-10	5.87656035833e-07
1.84845222705e-10	4.63546133034e-07
1.859136922e-10	2.60247441375e-07
1.86982161695e-10	9.47063849566e-09
1.88050631191e-10	-2.48064992547e-07
1.89119100686e-10	-4.67864762044e-07
1.90187570182e-10	-6.09041411082e-07
1.91256039677e-10	-6.4313835324e-07
1.92324509172e-10	-5.61413205702e-07
1.93392978668e-10	-3.78762141651e-07
1.94461448163e-10	-1.31991450658e-07
1.95529917659e-10	1.27427834506e-07
1.96598387154e-10	3.44829279797e-07
1.97666856649e-10	4.75162728719e-07
1.98735326145e-10	4.93420802883e-07
1.9980379564e-10	4.00316466198e-07
2.00872265136e-10	2.21042242288e-07
2.01940734631e-10	-1.34026967302e-09
2.03009204126e-10	-2.1696675212e-07
2.04077673622e-10	-3.80470869032e-07
2.05146143117e-10	-4.61275561747e-07
2.06214612613e-10	-4.483745073e-07
2.07283082108e-10	-3.51763972617e-07
2.08351551603e-10	-1.97849802319e-07
2.09420021099e-10	-2.32609635997e-08
2.10488490594e-10	1.33872692487e-07
2.1155696009e-10	2.41322652528e-07
2.12625429585e-10	2.79399174019e-07
2.1369389908e-10	2.43998691474e-07
2.14762368576e-10	1.47565047293e-07
2.15830838071e-10	1.57893726982e-08
2.16899307567e-10	-1.17593533133e-07
2.17967777062e-10	-2.18288368714e-07
2.19036246557e-10	-2.59048633211e-07
2.20104716053e-10	-2.26069508003e-07
2.21173185548e-10	-1.22358252419e-07
2.22241655044e-10	3.26061413425e-08
2.23310124539e-10	2.07329524216e-07
2.24378594034e-10	3.65645135503e-07
2.2544706353e-10	4.7506493317e-07
2.26515533025e-10	5.14198749357e-07
2.27584002521e-10	4.76984013176e-07
2.28652472016e-10	3.73015321742e-07
2.29720941511e-10	2.2410419831e-07
2.30789411007e-10	5.83674377719e-08
2.31857880502e-10	-9.63822985867e-08
2.32926349998e-10	-2.18039424738e-07
2.33994819493e-10	-2.93264955431e-07
2.35063288988e-10	-3.18073393402e-07
2.36131758484e-10	-2.9613623731e-07
2.37200227979e-10	-2.36601687575e-07
2.38268697475e-10	-1.51403631854e-07
2.3933716697e-10	-5.4030524943e-08
2.40405636465e-10	4.21238193216e-08
2.41474105961e-10	1.24034823301e-07
2.42542575456e-10	1.80861947641e-07
2.43611044952e-10	2.05038942269e-07
2.44679514447e-10	1.94681646803e-07
2.45747983942e-10	1.54539135266e-07
2.46816453438e-10	9.63365129891e-08
2.47884922933e-10	3.66124843776e-08
2.48953392429e-10	-6.83956469238e-09
2.50021861924e-10	-1.97212068898e-08
2.51090331419e-10	4.68408650756e-09
2.52158800915e-10	6.29312340017e-08
2.5322727041e-10	1.41963006683e-07
2.54295739906e-10	2.21729809624e-07
2.55364209401e-10	2.8055992729e-07
2.56432678896e-10	3.00340040837e-07
2.57501148392e-10	2.71098624438e-07
2.58569617887e-10	1.93141172389e-07
2.59638087383e-10	7.6604178556e-08
2.60706556878e-10	-6.1014599595e-08
2.61775026373e-10	-1.98864736234e-07
2.62843495869e-10	-3.1649460297e-07
2.63911965364e-10	-3.97330307322e-07
2.6498043486e-10	-4.30488153569e-07
2.66048904355e-10	-4.11992662208e-07
2.6711737385e-10	-3.44762554505e-07
2.68185843346e-10	-2.38222497728e-07
2.69254312841e-10	-1.07312707165e-07
2.70322782337e-10	2.90704748052e-08
2.71391251832e-10	1.50232496665e-07
2.72459721327e-10	2.36672830667e-07
2.73528190823e-10	2.73221996139e-07
2.74596660318e-10	2.5219790345e-07
2.75665129814e-10	1.75536643887e-07
2.76733599309e-10	5.54128227748e-08
2.77802068804e-10	-8.71293268645e-08
2.788705383e-10	-2.25659361419e-07
2.79939007795e-10	-3.33251641393e-07
2.81007477291e-10	-3.88041989652e-07
2.82075946786e-10	-3.77938921048e-07
2.83144416282e-10	-3.03571217941e-07
2.84212885777e-10	-1.78390596517e-07
2.85281355272e-10	-2.60307269073e-08
2.86349824768e-10	1.24740968666e-07
2.87418294263e-10	2.45975645186e-07
2.88486763759e-10	3.16287374957e-07
2.89555233254e-10	3.2480211587e-07
2.90623702749e-10	2.72942463297e-07
2.91692172245e-10	1.73250137792e-07
2.9276064174e-10	4.64731231276e-08
2.93829111236e-10	-8.34020874585e-08
2.94897580731e-10	-1.93520893532e-07
2.95966050226e-10	-2.66860665121e-07
2.97034519722e-10	-2.94350259722e-07
2.98102989217e-10	-2.76186165493e-07
2.99171458713e-10	-2.20365064862e-07
3.00239928208e-10	-1.40515776792e-07
3.01308397703e-10	-5.24249936795e-08
3.02376867199e-10	2.90908275247e-08
3.03445336694e-10	9.27675589679e-08
3.0451380619e-10	1.32309688539e-07
3.05582275685e-10	1.46506362597e-07
3.0665074518e-10	1.38414388395e-07
3.07719214676e-10	1.1378028475e-07
3.08787684171e-10	7.93066146088e-08
3.09856153667e-10	4.14100336243e-08
3.10924623162e-10	5.03713171174e-09
3.11993092657e-10	-2.63220922836e-08
3.13061562153e-10	-5.07470239164e-08
3.14130031648e-10	-6.7394546388e-08
3.15198501144e-10	-7.61814105132e-08
3.16266970639e-10	-7.76474817776e-08
3.17335440134e-10	-7.26737963141e-08
3.1840390963e-10	-6.24565816842e-08
3.19472379125e-10	-4.81560284982e-08
3.20540848621e-10	-3.08073995203e-08
3.21609318116e-10	-1.10404932419e-08
3.22677787611e-10	1.07156858942e-08
3.23746257107e-10	3.39327048682e-08
3.24814726602e-10	5.74565892641e-08
3.25883196098e-10	7.90734993039e-08
3.26951665593e-10	9.5466263339e-08
3.28020135088e-10	1.02538003866e-07
3.29088604584e-10	9.65185082968e-08
3.30157074079e-10	7.51038768954e-08
3.31225543575e-10	3.88325658296e-08
3.3229401307e-10	-8.33916813381e-09
3.33362482565e-10	-5.91598467992e-08
3.34430952061e-10	-1.04505259557e-07
3.35499421556e-10	-1.35402460799e-07
3.36567891052e-10	-1.4553967187e-07
3.37636360547e-10	-1.33124423485e-07
3.38704830042e-10	-1.01679882292e-07
3.39773299538e-10	-5.92165796398e-08
3.40841769033e-10	-1.60954800599e-08
3.41910238529e-10	1.77545962377e-08
3.42978708024e-10	3.54529412494e-08
3.44047177519e-10	3.45889989983e-08
3.45115647015e-10	1.7417734588e-08
3.4618411651e-10	-1.03877695889e-08
3.47252586006e-10	-4.15829255473e-08
3.48321055501e-10	-6.93569388588e-08
3.49389524996e-10	-8.86778761533e-08
3.50457994492e-10	-9.71326112875e-08
3.51526463987e-10	-9.46785494449e-08
3.52594933483e-10	-8.35057156756e-08
3.53663402978e-10	-6.70226167898e-08
3.54731872473e-10	-4.95353966734e-08
3.55800341969e-10	-3.50911482094e-08
3.56868811464e-10	-2.7051619611e-08
3.5793728096e-10	-2.71056896928e-08
3.59005750455e-10	-3.49557753854e-08
3.6007421995e-10	-4.81827202581e-08
3.61142689446e-10	-6.27084708604e-08
3.62211158941e-10	-7.38196175298e-08
3.63279628437e-10	-7.728430651e-08
3.64348097932e-10	-7.05828329117e-08
3.65416567427e-10	-5.3507991371e-08
3.66485036923e-10	-2.82925167738e-08
3.67553506418e-10	9.25170162702e-10
3.68621975914e-10	2.90470678621e-08
3.69690445409e-10	5.11183699814e-08
3.70758914904e-10	6.33466474831e-08
3.718273844e-10	6.38811590292e-08
3.72895853895e-10	5.30182506786e-08
3.73964323391e-10	3.31788232444e-08
3.75032792886e-10	8.1808045338e-09
3.76101262381e-10	-1.74072269932e-08
3.77169731877e-10	-3.93944008525e-08
3.78238201372e-10	-5.45723373158e-08
3.79306670868e-10	-6.13366850644e-08
3.80375140363e-10	-5.96950973097e-08
3.81443609858e-10	-5.10664532882e-08
3.82512079354e-10	-3.77778122118e-08
3.83580548849e-10	-2.24899205925e-08
3.84649018345e-10	-7.68447472321e-09
3.8571748784e-10	4.78622547151e-09
3.86785957335e-10	1.38321992749e-08
3.87854426831e-10	1.91667584026e-08
3.88922896326e-10	2.10439503601e-08
3.89991365822e-10	1.99602462336e-08
3.91059835317e-10	1.63459119573e-08
3.92128304812e-10	1.03254712558e-08
3.93196774308e-10	1.77655309908e-09
3.94265243803e-10	-9.57186713224e-09
3.95333713299e-10	-2.37325560315e-08
3.96402182794e-10	-4.02286945977e-08
3.9747065229e-10	-5.78074179636e-08
3.98539121785e-10	-7.45438542005e-08
3.9960759128e-10	-8.80596173758e-08
4.00676060776e-10	-9.61421564583e-08
4.01744530271e-10	-9.7197397686e-08
4.02812999767e-10	-9.08900696928e-08
4.03881469262e-10	-7.8216955135e-08
4.04949938757e-10	-6.1515394556e-08
4.06018408253e-10	-4.37719875901e-08
4.07086877748e-10	-2.80997296542e-08
4.08155347244e-10	-1.67843674515e-08
4.09223816739e-10	-1.11088605537e-08
4.10292286234e-10	-1.09088718059e-08
4.1136075573e-10	-1.52106254259e-08
4.12429225225e-10	-2.23732954385e-08
4.13497694721e-10	-3.10010204174e-08
4.14566164216e-10	-4.00130955036e-08
4.15634633711e-10	-4.90478555548e-08
4.16703103207e-10	-5.80727674837e-08
4.17771572702e-10	-6.72002533619e-08
4.18840042198e-10	-7.62254432907e-08
4.19908511693e-10	-8.43908898318e-08
4.20976981188e-10	-9.03857140244e-08
4.22045450684e-10	-9.25865668577e-08
4.23113920179e-10	-8.95592320305e-08
4.24182389675e-10	-8.05376596524e-08
4.2525085917e-10	-6.58371064333e-08
4.26319328665e-10	-4.6992109759e-08
4.27387798161e-10	-2.65146311573e-08
4.28456267656e-10	-7.45756478793e-09
4.29524737152e-10	7.28016702478e-09
4.30593206647e-10	1.55222231735e-08
4.31661676142e-10	1.63047039203e-08
4.32730145638e-10	9.99069760255e-09
4.33798615133e-10	-1.73395001135e-09
4.34867084629e-10	-1.63670758058e-08
4.35935554124e-10	-3.10125727321e-08
4.37004023619e-10	-4.31378945898e-08
4.38072493115e-10	-5.09119892911e-08
4.3914096261e-10	-5.36701563192e-08
4.40209432106e-10	-5.17128992961e-08
4.41277901601e-10	-4.62340130625e-08
4.42346371096e-10	-3.87024234882e-08
4.43414840592e-10	-3.06223379987e-08
4.44483310087e-10	-2.30498613529e-08
4.45551779583e-10	-1.66458551387e-08
4.46620249078e-10	-1.1613245976e-08
4.47688718573e-10	-7.93412702205e-09
4.48757188069e-10	-5.46728040618e-09
4.49825657564e-10	-4.11161346636e-09
4.5089412706e-10	-3.80728318317e-09
4.51962596555e-10	-4.50509279881e-09
4.5303106605e-10	-6.21001655654e-09
4.54099535546e-10	-8.8659600217e-09
4.55168005041e-10	-1.24669462531e-08
4.56236474537e-10	-1.69951921425e-08
4.57304944032e-10	-2.24517704428e-08
4.58373413527e-10	-2.8768621485e-08
4.59441883023e-10	-3.57717724331e-08
4.60510352518e-10	-4.30157260922e-08
4.61578822014e-10	-4.98321872655e-08
4.62647291509e-10	-5.52444014978e-08
4.63715761004e-10	-5.82746300104e-08
4.647842305e-10	-5.79833012715e-08
4.65852699995e-10	-5.39530384813e-08
4.66921169491e-10	-4.62789548905e-08
4.67989638986e-10	-3.59155805096e-08
4.69058108481e-10	-2.44249602765e-08
4.70126577977e-10	-1.39239844099e-08
4.71195047472e-10	-6.58022453193e-09
4.72263516968e-10	-4.20344997004e-09
4.73331986463e-10	-7.8094037903e-09
4.74400455958e-10	-1.72155807387e-08
4.75468925454e-10	-3.10666752323e-08
4.76537394949e-10	-4.69271923542e-08
4.77605864445e-10	-6.184791701e-08
4.7867433394e-10	-7.29328419879e-08
4.79742803435e-10	-7.80254429955e-08
4.80811272931e-10	-7.62179035441e-08
4.81879742426e-10	-6.80051956969e-08
4.82948211922e-10	-5.52380532426e-08
4.84016681417e-10	-4.05832207839e-08
4.85085150912e-10	-2.69807742814e-08
4.86153620408e-10	-1.68481025797e-08
4.87222089903e-10	-1.16481392309e-08
4.88290559399e-10	-1.15496417985e-08
4.89359028894e-10	-1.55529643608e-08
4.90427498389e-10	-2.18152320652e-08
4.91495967885e-10	-2.82505903115e-08
4.9256443738e-10	-3.30414422489e-08
4.93632906876e-10	-3.51738465021e-08
4.94701376371e-10	-3.45058988049e-08
4.95769845866e-10	-3.18487825002e-08
4.96838315362e-10	-2.84493315572e-08
4.97906784857e-10	-2.5765665268e-08
4.98975254353e-10	-2.4747986993e-08
5.00043723848e-10	-2.58005099507e-08
5.01112193343e-10	-2.83575398718e-08
5.02180662839e-10	-3.13466448354e-08
5.03249132334e-10	-3.32701071137e-08
5.0431760183e-10	-3.28745910494e-08
5.05386071325e-10	-2.93878299473e-08
5.0645454082e-10	-2.28727450313e-08
5.07523010316e-10	-1.41675362553e-08
5.08591479811e-10	-4.71142114211e-09
5.09659949307e-10	3.80623360607e-09
5.10728418802e-10	9.84113490698e-09
5.11796888298e-10	1.22663121882e-08
5.12865357793e-10	1.05926245553e-08
5.13933827288e-10	5.02180774742e-09
5.15002296784e-10	-3.62568350343e-09
5.16070766279e-10	-1.40062957898e-08
5.17139235775e-10	-2.44924365234e-08
5.1820770527e-10	-3.33579244227e-08
5.19276174765e-10	-3.9078278391e-08
5.20344644261e-10	-4.05627011979e-08
5.21413113756e-10	-3.73795530084e-08
5.22481583252e-10	-2.98908264806e-08
5.23550052747e-10	-1.92305565916e-08
5.24618522242e-10	-7.13686795772e-09
5.25686991738e-10	4.29821933601e-09
5.26755461233e-10	1.30658664999e-08
5.27823930729e-10	1.75485738163e-08
5.28892400224e-10	1.69114181547e-08
5.29960869719e-10	1.11525457203e-08
5.31029339215e-10	1.26865050409e-09
5.3209780871e-10	-1.10898898953e-08
5.33166278206e-10	-2.37225548094e-08
5.34234747701e-10	-3.44536925656e-08
5.35303217196e-10	-4.13825562706e-08
5.36371686692e-10	-4.33949030043e-08
5.37440156187e-10	-4.02913309383e-08
5.38508625683e-10	-3.29441907088e-08
5.39577095178e-10	-2.30419231473e-08
5.40645564673e-10	-1.27898880931e-08
5.41714034169e-10	-4.3558955054e-09
5.42782503664e-10	5.98805623142e-10
5.4385097316e-10	1.30932540331e-09
5.44919442655e-10	-1.96993019119e-09
5.4598791215e-10	-8.09062061791e-09
5.47056381646e-10	-1.53258489233e-08
5.48124851141e-10	-2.18513380723e-08
5.49193320637e-10	-2.61405725954e-08
5.50261790132e-10	-2.73346658641e-08
5.51330259627e-10	-2.53229159863e-08
5.52398729123e-10	-2.07917142392e-08
5.53467198618e-10	-1.49344858702e-08
5.54535668114e-10	-9.22740961418e-09
5.55604137609e-10	-4.99432423196e-09
5.56672607104e-10	-3.17721909893e-09
5.577410766e-10	-4.04830713396e-09
5.58809546095e-10	-7.22467291547e-09
5.59878015591e-10	-1.17110857678e-08
5.60946485086e-10	-1.62312204788e-08
5.62014954581e-10	-1.94949894006e-08
5.63083424077e-10	-2.05261725394e-08
5.64151893572e-10	-1.89008219076e-08
5.65220363068e-10	-1.47414446761e-08
5.66288832563e-10	-8.73382932642e-09
5.67357302058e-10	-1.86460278467e-09
5.68425771554e-10	4.6930623554e-09
5.69494241049e-10	9.85995085578e-09
5.70562710545e-10	1.27591377463e-08
5.7163118004e-10	1.28749467754e-08
5.72699649535e-10	1.01479915582e-08
5.73768119031e-10	5.00520908053e-09
5.74836588526e-10	-1.6331241498e-09
5.75905058022e-10	-8.52535336771e-09
5.76973527517e-10	-1.42842517814e-08
5.78041997012e-10	-1.76907849481e-08
5.79110466508e-10	-1.79395498456e-08
5.80178936003e-10	-1.48476158035e-08
5.81247405499e-10	-8.87623574641e-09
5.82315874994e-10	-1.06995380611e-09
5.83384344489e-10	7.20591344927e-09
5.84452813985e-10	1.44444313177e-08
5.8552128348e-10	1.93835392182e-08
5.86589752976e-10	2.10703565706e-08
5.87658222471e-10	1.91980861208e-08
5.88726691966e-10	1.39885393269e-08
5.89795161462e-10	6.35918107061e-09
5.90863630957e-10	-2.3956709741e-09
5.91932100453e-10	-1.06692791824e-08
5.93000569948e-10	-1.7003288777e-08
5.94069039443e-10	-2.02711387676e-08
5.95137508939e-10	-2.00119559812e-08
5.96205978434e-10	-1.64397193636e-08
5.9727444793e-10	-1.04060114969e-08
5.98342917425e-10	-3.16859169458e-09
5.9941138692e-10	3.88852157418e-09
6.00479856416e-10	9.51289275131e-09
6.01548325911e-10	1.27940528172e-08
6.02616795407e-10	1.32258650698e-08
6.03685264902e-10	1.07602440291e-08
6.04753734397e-10	5.74002029241e-09
6.05822203893e-10	-1.11180119278e-09
6.06890673388e-10	-8.81461520441e-09
6.07959142884e-10	-1.61965670875e-08
6.09027612379e-10	-2.20963193298e-08
6.10096081874e-10	-2.55108687508e-08
6.1116455137e-10	-2.58302426115e-08
6.12233020865e-10	-2.29368808391e-08
6.13301490361e-10	-1.73025590522e-08
6.14369959856e-10	-9.92600657224e-09
6.15438429351e-10	-2.16782669593e-09
6.16506898847e-10	4.44157871593e-09
6.17575368342e-10	8.52934239903e-09
6.18643837838e-10	9.0876152159e-09
6.19712307333e-10	5.80415859819e-09
6.20780776828e-10	-9.10805361687e-10
6.21849246324e-10	-9.82010600614e-09
6.22917715819e-10	-1.91593970689e-08
6.23986185315e-10	-2.68617414978e-08
6.2505465481e-10	-3.11344705572e-08
6.26123124306e-10	-3.08139931349e-08
6.27191593801e-10	-2.57707215567e-08
6.28260063296e-10	-1.69695862917e-08
6.29328532792e-10	-6.29790170015e-09
6.30397002287e-10	3.83763942846e-09
6.31465471783e-10	1.1123589605e-08
6.32533941278e-10	1.38479435696e-08
6.33602410773e-10	1.13754399234e-08
6.34670880269e-10	4.2454915139e-09
6.35739349764e-10	-5.8886845955e-09
6.3680781926e-10	-1.66939556623e-08
6.37876288755e-10	-2.56350600747e-08
6.3894475825e-10	-3.05918022026e-08
6.40013227746e-10	-3.03095177845e-08
6.41081697241e-10	-2.47411999776e-08
6.42150166737e-10	-1.50356629369e-08
6.43218636232e-10	-3.34439284599e-09
6.44287105727e-10	7.72052477505e-09
6.45355575223e-10	1.56205710589e-08
6.46424044718e-10	1.8575380234e-08
6.47492514214e-10	1.5893965255e-08
6.48560983709e-10	8.20640577714e-09
6.49629453204e-10	-2.76617881378e-09
6.506979227e-10	-1.45801528628e-08
6.51766392195e-10	-2.4668258547e-08
6.52834861691e-10	-3.09166245938e-08
6.53903331186e-10	-3.20689124145e-08
6.54971800681e-10	-2.8020020304e-08
6.56040270177e-10	-1.97264007351e-08
6.57108739672e-10	-9.04322372541e-09
6.58177209168e-10	1.75702323524e-09
6.59245678663e-10	1.03981555588e-08
6.60314148158e-10	1.51130642445e-08
6.61382617654e-10	1.49527753512e-08
6.62451087149e-10	9.98510418793e-09
6.63519556645e-10	1.23818780923e-09
6.6458802614e-10	-9.52175671642e-09
6.65656495635e-10	-2.01736656269e-08
6.66724965131e-10	-2.8679858266e-08
6.67793434626e-10	-3.34931971047e-08
6.68861904122e-10	-3.38608294737e-08
6.69930373617e-10	-2.9929203782e-08
6.70998843112e-10	-2.27047265433e-08
6.72067312608e-10	-1.37871303263e-08
6.73135782103e-10	-5.05320989219e-09
6.74204251599e-10	1.755296547e-09
6.75272721094e-10	5.33911304057e-09
6.76341190589e-10	5.11891043442e-09
6.77409660085e-10	1.26908955567e-09
6.7847812958e-10	-5.29257887516e-09
6.79546599076e-10	-1.31930920633e-08
6.80615068571e-10	-2.08267323387e-08
6.81683538066e-10	-2.6762261518e-08
6.82752007562e-10	-2.99674236537e-08
6.83820477057e-10	-3.00427038802e-08
6.84888946553e-10	-2.72317624006e-08
6.85957416048e-10	-2.23285455681e-08
6.87025885543e-10	-1.64866719166e-08
6.88094355039e-10	-1.09084883348e-08
6.89162824534e-10	-6.64028537711e-09
6.9023129403e-10	-4.31755964314e-09
6.91299763525e-10	-4.1560249131e-09
6.9236823302e-10	-5.87638243621e-09
6.93436702516e-10	-8.92220952675e-09
6.94505172011e-10	-1.25194034029e-08
6.95573641507e-10	-1.5950928911e-08
6.96642111002e-10	-1.85926400942e-08
6.97710580497e-10	-2.00975109887e-08
6.98779049993e-10	-2.03172521029e-08
6.99847519488e-10	-1.93581380925e-08
7.00915988984e-10	-1.74232915873e-08
7.01984458479e-10	-1.48394887489e-08
7.03052927974e-10	-1.1925883503e-08
7.0412139747e-10	-9.03026442511e-09
7.05189866965e-10	-6.4876937711e-09
7.06258336461e-10	-4.6180705926e-09
7.07326805956e-10	-3.70709463127e-09
7.08395275451e-10	-3.93275070842e-09
7.09463744947e-10	-5.3489793983e-09
7.10532214442e-10	-7.78418279834e-09
7.11600683938e-10	-1.08764384166e-08
7.12669153433e-10	-1.40474986088e-08
7.13737622928e-10	-1.66394652501e-08
7.14806092424e-10	-1.7991139023e-08
7.15874561919e-10	-1.76152691322e-08
7.16943031415e-10	-1.5317504487e-08
7.1801150091e-10	-1.1309767789e-08
7.19079970405e-10	-6.21205126228e-09
7.20148439901e-10	-9.71564315111e-10
7.21216909396e-10	3.30595259501e-09
7.22285378892e-10	5.61747137695e-09
7.23353848387e-10	5.298347594e-09
7.24422317882e-10	2.24326235365e-09
7.25490787378e-10	-3.06063285826e-09
7.26559256873e-10	-9.55771806144e-09
7.27627726369e-10	-1.58938709971e-08
7.28696195864e-10	-2.06654288126e-08
7.29764665359e-10	-2.27896039817e-08
7.30833134855e-10	-2.16942381837e-08
7.3190160435e-10	-1.7527793883e-08
7.32970073846e-10	-1.1053708282e-08
7.34038543341e-10	-3.58834995051e-09
7.35107012836e-10	3.36420599711e-09
7.36175482332e-10	8.33683577728e-09
7.37243951827e-10	1.02799997403e-08
7.38312421323e-10	8.74513172988e-09
7.39380890818e-10	4.01166272423e-09
7.40449360314e-10	-2.96410633538e-09
7.41517829809e-10	-1.07581767383e-08
7.42586299304e-10	-1.77466370488e-08
7.436547688e-10	-2.25023619738e-08
7.44723238295e-10	-2.40454707257e-08
7.45791707791e-10	-2.21096545516e-08
7.46860177286e-10	-1.71210551292e-08
7.47928646781e-10	-1.01569918032e-08
7.48997116277e-10	-2.64413202444e-09
7.50065585772e-10	3.89142207347e-09
7.51134055268e-10	8.18911766176e-09
7.52202524763e-10	9.44369793476e-09
7.53270994258e-10	7.50329598453e-09
7.54339463754e-10	2.83951229196e-09
7.55407933249e-10	-3.51396078901e-09
7.56476402745e-10	-1.02068389296e-08
7.5754487224e-10	-1.58152214658e-08
7.58613341735e-10	-1.9160064757e-08
7.59681811231e-10	-1.95373081047e-08
7.60750280726e-10	-1.68809924928e-08
7.61818750222e-10	-1.17746941086e-08
7.62887219717e-10	-5.31405566773e-09
7.63955689212e-10	1.12145383258e-09
7.65024158708e-10	6.20987089528e-09
7.66092628203e-10	8.93626084242e-09
7.67161097699e-10	8.85381068461e-09
7.68229567194e-10	6.1154761255e-09
7.69298036689e-10	1.46476075019e-09
7.70366506185e-10	-3.98884497654e-09
7.7143497568e-10	-8.99745011829e-09
7.72503445176e-10	-1.24530921131e-08
7.73571914671e-10	-1.36249683758e-08
7.74640384166e-10	-1.22915605472e-08
7.75708853662e-10	-8.79217015859e-09
7.76777323157e-10	-3.90577220566e-09
7.77845792653e-10	1.28862612248e-09
7.78914262148e-10	5.71219233025e-09
7.79982731643e-10	8.47149317362e-09
7.81051201139e-10	9.11290626293e-09
7.82119670634e-10	7.63616447852e-09
7.8318814013e-10	4.53729626093e-09
7.84256609625e-10	5.92093707397e-10
7.8532507912e-10	-3.27659277488e-09
7.86393548616e-10	-6.28537555336e-09
7.87462018111e-10	-7.88401360863e-09
7.88530487607e-10	-7.90462761913e-09
7.89598957102e-10	-6.49815251608e-09
7.90667426597e-10	-4.09878535279e-09
7.91735896093e-10	-1.24909687108e-09
7.92804365588e-10	1.49173516595e-09
7.93872835084e-10	3.67786942568e-09
7.94941304579e-10	5.02693381366e-09
7.96009774074e-10	5.43468475778e-09
7.9707824357e-10	4.96062620148e-09
7.98146713065e-10	3.7545955997e-09
7.99215182561e-10	2.04892910971e-09
8.00283652056e-10	6.9429590549e-11
8.01352121551e-10	-1.94382804297e-09
8.02420591047e-10	-3.79282832919e-09
8.03489060542e-10	-5.2821674118e-09
8.04557530038e-10	-6.25467538873e-09
8.05625999533e-10	-6.57260174064e-09
8.06694469028e-10	-6.14627132522e-09
8.07762938524e-10	-4.9643614497e-09
8.08831408019e-10	-3.11932707442e-09
8.09899877515e-10	-8.53161617742e-10
8.1096834701e-10	1.47739999748e-09
8.12036816505e-10	3.4038031213e-09
8.13105286001e-10	4.47072272258e-09
8.14173755496e-10	4.32039207188e-09
8.15242224992e-10	2.83073597895e-09
8.16310694487e-10	1.44436317073e-10
8.17379163982e-10	-3.28605716943e-09
8.18447633478e-10	-6.82781797767e-09
8.19516102973e-10	-9.74829678091e-09
8.20584572469e-10	-1.1442788328e-08
8.21653041964e-10	-1.15111314924e-08
8.22721511459e-10	-9.9125034847e-09
8.23789980955e-10	-6.9310928108e-09
8.2485845045e-10	-3.17448578535e-09
8.25926919946e-10	5.89526982786e-10
8.26995389441e-10	3.55115932493e-09
8.28063858936e-10	5.04991104489e-09
8.29132328432e-10	4.7116794355e-09
8.30200797927e-10	2.53973331255e-09
8.31269267423e-10	-1.05518628557e-09
8.32337736918e-10	-5.34501545801e-09
8.33406206413e-10	-9.41866989956e-09
8.34474675909e-10	-1.2397382787e-08
8.35543145404e-10	-1.36258332395e-08
8.366116149e-10	-1.28362767082e-08
8.37680084395e-10	-1.01954608089e-08
8.3874855389e-10	-6.28803559222e-09
8.39817023386e-10	-1.96173180478e-09
8.40885492881e-10	1.83675408216e-09
8.41953962377e-10	4.29232738242e-09
8.43022431872e-10	4.86491086304e-09
8.44090901367e-10	3.42668715625e-09
8.45159370863e-10	2.68352839949e-10
8.46227840358e-10	-3.94356308719e-09
8.47296309854e-10	-8.31869206852e-09
8.48364779349e-10	-1.19165406431e-08
8.49433248845e-10	-1.3956909406e-08
8.5050171834e-10	-1.39971806368e-08
8.51570187835e-10	-1.20267178438e-08
8.52638657331e-10	-8.50459902502e-09
8.53707126826e-10	-4.21850576693e-09
8.54775596322e-10	-1.6235469219e-10
8.55844065817e-10	2.75794759252e-09
8.56912535312e-10	3.8647489653e-09
8.57981004808e-10	2.93172380816e-09
8.59049474303e-10	1.6203287323e-10
8.60117943799e-10	-3.81275605532e-09
8.61186413294e-10	-8.11997463712e-09
8.62254882789e-10	-1.18345384603e-08
8.63323352285e-10	-1.4178476504e-08
8.6439182178e-10	-1.47043182075e-08
8.65460291276e-10	-1.33614074249e-08
8.66528760771e-10	-1.05311201981e-08
8.67597230266e-10	-6.90019141825e-09
8.68665699762e-10	-3.33116335904e-09
8.69734169257e-10	-6.40957086018e-10
8.70802638753e-10	5.67868654877e-10
8.71871108248e-10	6.24012369554e-11
8.72939577743e-10	-1.99809686852e-09
8.74008047239e-10	-5.08791123122e-09
8.75076516734e-10	-8.48940318043e-09
8.7614498623e-10	-1.14328835288e-08
8.77213455725e-10	-1.33321497175e-08
8.7828192522e-10	-1.38554894225e-08
8.79350394716e-10	-1.3036128288e-08
8.80418864211e-10	-1.11847613393e-08
8.81487333707e-10	-8.83467515811e-09
8.82555803202e-10	-6.57035667539e-09
8.83624272697e-10	-4.902077827e-09
8.84692742193e-10	-4.16012685411e-09
8.85761211688e-10	-4.41995728906e-09
8.86829681184e-10	-5.5304785751e-09
8.87898150679e-10	-7.13623166115e-09
8.88966620174e-10	-8.81901401906e-09
8.9003508967e-10	-1.01681084663e-08
8.91103559165e-10	-1.09172172413e-08
8.92172028661e-10	-1.09720994512e-08
8.93240498156e-10	-1.04378705124e-08
8.94308967651e-10	-9.55817675008e-09
8.95377437147e-10	-8.62575882943e-09
8.96445906642e-10	-7.91353438334e-09
8.97514376138e-10	-7.56764451104e-09
8.98582845633e-10	-7.61273616368e-09
8.99651315128e-10	-7.92756665868e-09
9.00719784624e-10	-8.33240648701e-09
9.01788254119e-10	-8.61529803053e-09
9.02856723615e-10	-8.63659976869e-09
9.0392519311e-10	-8.33913660347e-09
9.04993662605e-10	-7.79162029341e-09
9.06062132101e-10	-7.14049863682e-09
9.07130601596e-10	-6.59492754851e-09
9.08199071092e-10	-6.33618169044e-09
9.09267540587e-10	-6.49265735619e-09
9.10336010082e-10	-7.05368985443e-09
9.11404479578e-10	-7.90190296529e-09
9.12472949073e-10	-8.78505368451e-09
9.13541418569e-10	-9.43230599182e-09
9.14609888064e-10	-9.5749996265e-09
9.15678357559e-10	-9.08313474435e-09
9.16746827055e-10	-7.97134530606e-09
9.1781529655e-10	-6.44244618764e-09
9.18883766046e-10	-4.82454515227e-09
9.19952235541e-10	-3.49768075614e-09
9.21020705036e-10	-2.79794441782e-09
9.22089174532e-10	-2.91598478697e-09
9.23157644027e-10	-3.86237307415e-09
9.24226113523e-10	-5.43053529922e-09
9.25294583018e-10	-7.26170379384e-09
9.26363052513e-10	-8.89605900056e-09
9.27431522009e-10	-9.90281012747e-09
9.28499991504e-10	-9.96474081028e-09
9.29568461e-10	-8.97789415033e-09
9.30636930495e-10	-7.08904834834e-09
9.3170539999e-10	-4.68388117181e-09
9.32773869486e-10	-2.29956004238e-09
9.33842338981e-10	-5.06039982487e-10
9.34910808477e-10	2.4919647422e-10
9.35979277972e-10	-2.44478029834e-10
9.37047747467e-10	-1.88871892431e-09
9.38116216963e-10	-4.29412480574e-09
9.39184686458e-10	-6.8761468186e-09
9.40253155954e-10	-8.98599916699e-09
9.41321625449e-10	-1.00866249242e-08
9.42390094944e-10	-9.86314896423e-09
9.4345856444e-10	-8.3316711863e-09
9.44527033935e-10	-5.79936842993e-09
9.45595503431e-10	-2.84273923845e-09
9.46663972926e-10	-1.26291727076e-10
9.47732442421e-10	1.70561161028e-09
9.48800911917e-10	2.23182097803e-09
9.49869381412e-10	1.31889328625e-09
9.50937850908e-10	-8.02554103035e-10
9.52006320403e-10	-3.60712412717e-09
9.53074789898e-10	-6.38935848674e-09
9.54143259394e-10	-8.43951258878e-09
9.55211728889e-10	-9.23667703434e-09
9.56280198385e-10	-8.55439619141e-09
9.5734866788e-10	-6.55635251645e-09
9.58417137375e-10	-3.70910049896e-09
9.59485606871e-10	-7.0272956898e-10
9.60554076366e-10	1.77063211315e-09
9.61622545862e-10	3.14292175618e-09
9.62691015357e-10	3.14511738875e-09
9.63759484853e-10	1.82843679086e-09
9.64827954348e-10	-4.21848198734e-10
9.65896423843e-10	-3.02300340316e-09
9.66964893339e-10	-5.29870386456e-09
9.68033362834e-10	-6.68316180175e-09
9.6910183233e-10	-6.81658174351e-09
9.70170301825e-10	-5.66862407014e-09
9.7123877132e-10	-3.50895634771e-09
9.72307240816e-10	-8.65873178713e-10
9.73375710311e-10	1.62298838258e-09
9.74444179807e-10	3.37138791884e-09
9.75512649302e-10	3.98238633736e-09
9.76581118797e-10	3.36957795e-09
9.77649588293e-10	1.73812425563e-09
9.78718057788e-10	-4.33294296276e-10
9.79786527284e-10	-2.56403165366e-09
9.80854996779e-10	-4.08792882878e-09
9.81923466274e-10	-4.61971455534e-09
9.8299193577e-10	-4.02582522874e-09
9.84060405265e-10	-2.45851533576e-09
9.85128874761e-10	-3.09364058676e-10
9.86197344256e-10	1.90076430984e-09
9.87265813751e-10	3.64116956031e-09
9.88334283247e-10	4.50721499012e-09
9.89402752742e-10	4.30862245882e-09
9.90471222238e-10	3.1235906639e-09
9.91539691733e-10	1.26722228544e-09
9.92608161228e-10	-7.73988123592e-10
9.93676630724e-10	-2.4757208783e-09
9.94745100219e-10	-3.39208808264e-09
9.95813569715e-10	-3.2867221722e-09
9.9688203921e-10	-2.17571818895e-09
9.97950508705e-10	-3.41893652278e-10
9.99018978201e-10	1.75855459361e-09
1.0000874477e-09	3.58842583426e-09
1.00115591719e-09	4.69959299254e-09
1.00222438669e-09	4.81047662815e-09
1.00329285618e-09	3.90870907863e-09
1.00436132568e-09	2.21967989822e-09
1.00542979517e-09	1.71774941493e-10
1.00649826467e-09	-1.72826689071e-09
1.00756673416e-09	-3.0155286046e-09
1.00863520366e-09	-3.37089206548e-09
1.00970367315e-09	-2.71840028265e-09
1.01077214265e-09	-1.21435561606e-09
1.01184061215e-09	7.48449795196e-10
1.01290908164e-09	2.68251693081e-09
1.01397755114e-09	4.07994729668e-09
1.01504602063e-09	4.57963045264e-09
1.01611449013e-09	4.0303463622e-09
1.01718295962e-09	2.56101484464e-09
1.01825142912e-09	5.29264063132e-10
1.01931989861e-09	-1.5560505523e-09
1.02038836811e-09	-3.17480666756e-09
1.0214568376e-09	-3.92527488291e-09
1.0225253071e-09	-3.63370028511e-09
1.0235937766e-09	-2.39094161136e-09
1.02466224609e-09	-5.34404357572e-10
1.02573071559e-09	1.45238064631e-09
1.02679918508e-09	3.04651734395e-09
1.02786765458e-09	3.83556833516e-09
1.02893612407e-09	3.60503243924e-09
1.03000459357e-09	2.3992187681e-09
1.03107306306e-09	5.08910680957e-10
1.03214153256e-09	-1.60518004444e-09
1.03321000205e-09	-3.41437686457e-09
1.03427847155e-09	-4.47841363993e-09
1.03534694104e-09	-4.53187470884e-09
1.03641541054e-09	-3.5806227705e-09
1.03748388004e-09	-1.87892777725e-09
1.03855234953e-09	1.11577306422e-10
1.03962081903e-09	1.86280685321e-09
1.04068928852e-09	2.90727081298e-09
1.04175775802e-09	2.95895291602e-09
1.04282622751e-09	1.99768510067e-09
1.04389469701e-09	2.55808631222e-10
1.0449631665e-09	-1.82375281543e-09
1.046031636e-09	-3.72943201321e-09
1.04710010549e-09	-4.9847467265e-09
1.04816857499e-09	-5.29413596295e-09
1.04923704448e-09	-4.59206397907e-09
1.05030551398e-09	-3.08094919022e-09
1.05137398348e-09	-1.1583696502e-09
1.05244245297e-09	6.63382890287e-10
1.05351092247e-09	1.89877663592e-09
1.05457939196e-09	2.20196091916e-09
1.05564786146e-09	1.46812764723e-09
1.05671633095e-09	-1.45773886018e-10
1.05778480045e-09	-2.25137296306e-09
1.05885326994e-09	-4.32914648574e-09
1.05992173944e-09	-5.85788234586e-09
1.06099020893e-09	-6.45584713466e-09
1.06205867843e-09	-5.97833482718e-09
1.06312714792e-09	-4.55222451401e-09
1.06419561742e-09	-2.55209257893e-09
1.06526408692e-09	-4.95794526961e-10
1.06633255641e-09	1.0723959637e-09
1.06740102591e-09	1.7368447236e-09
1.0684694954e-09	1.28396498988e-09
1.0695379649e-09	-2.09422874875e-10
1.07060643439e-09	-2.42508738091e-09
1.07167490389e-09	-4.84294931935e-09
1.07274337338e-09	-6.89268314646e-09
1.07381184288e-09	-8.06793015729e-09
1.07488031237e-09	-8.07227112931e-09
1.07594878187e-09	-6.88741019772e-09
1.07701725137e-09	-4.79432626932e-09
1.07808572086e-09	-2.30587407501e-09
1.07915419036e-09	-4.81833253851e-11
1.08022265985e-09	1.39697872714e-09
1.08129112935e-09	1.63612189075e-09
1.08235959884e-09	5.69371542969e-10
1.08342806834e-09	-1.58639372472e-09
1.08449653783e-09	-4.34351646317e-09
1.08556500733e-09	-7.06004305018e-09
1.08663347682e-09	-9.09540776028e-09
1.08770194632e-09	-9.95906718204e-09
1.08877041581e-09	-9.43857231261e-09
1.08983888531e-09	-7.63906443657e-09
1.09090735481e-09	-4.98112609493e-09
1.0919758243e-09	-2.08986274119e-09
1.0930442938e-09	3.35232723525e-10
1.09411276329e-09	1.69446334741e-09
1.09518123279e-09	1.63392867292e-09
1.09624970228e-09	1.32569524802e-10
1.09731817178e-09	-2.471952254e-09
1.09838664127e-09	-5.57746954177e-09
1.09945511077e-09	-8.43867203892e-09
1.10052358026e-09	-1.03757473724e-08
1.10159204976e-09	-1.09117662683e-08
1.10266051925e-09	-9.9249122254e-09
1.10372898875e-09	-7.64305918555e-09
1.10479745825e-09	-4.61679527941e-09
1.10586592774e-09	-1.55760557577e-09
1.10693439724e-09	8.09270157831e-10
1.10800286673e-09	1.93630569911e-09
1.10907133623e-09	1.56463186851e-09
1.11013980572e-09	-2.07102661409e-10
1.11120827522e-09	-2.95567309516e-09
1.11227674471e-09	-6.02372535186e-09
1.11334521421e-09	-8.68197597148e-09
1.1144136837e-09	-1.02949107017e-08
1.1154821532e-09	-1.04816882951e-08
1.11655062269e-09	-9.19887022111e-09
1.11761909219e-09	-6.76313066661e-09
1.11868756169e-09	-3.76235473332e-09
1.11975603118e-09	-9.13932846069e-10
1.12082450068e-09	1.11615078291e-09
1.12189297017e-09	1.87761389769e-09
1.12296143967e-09	1.23121617068e-09
1.12402990916e-09	-6.08302158644e-10
1.12509837866e-09	-3.16427983815e-09
1.12616684815e-09	-5.7921382135e-09
1.12723531765e-09	-7.86766607419e-09
1.12830378714e-09	-8.90592943836e-09
1.12937225664e-09	-8.69138794268e-09
1.13044072614e-09	-7.30722971021e-09
1.13150919563e-09	-5.10469341797e-09
1.13257766513e-09	-2.62624043346e-09
1.13364613462e-09	-4.51916533709e-10
1.13471460412e-09	9.17316896054e-10
1.13578307361e-09	1.20516571722e-09
1.13685154311e-09	3.97294322441e-10
1.1379200126e-09	-1.23881525871e-09
1.1389884821e-09	-3.24808571706e-09
1.14005695159e-09	-5.0951449726e-09
1.14112542109e-09	-6.31478191959e-09
1.14219389058e-09	-6.62125226869e-09
1.14326236008e-09	-5.97727184415e-09
1.14433082958e-09	-4.58822940752e-09
1.14539929907e-09	-2.83741051488e-09
1.14646776857e-09	-1.17585792839e-09
1.14753623806e-09	-5.3111959275e-12
1.14860470756e-09	4.22283891882e-10
1.14967317705e-09	5.88428420573e-11
1.15074164655e-09	-9.34524943541e-10
1.15181011604e-09	-2.23922105858e-09
1.15287858554e-09	-3.47004541768e-09
1.15394705503e-09	-4.26856913704e-09
1.15501552453e-09	-4.40896047449e-09
1.15608399402e-09	-3.84299167488e-09
1.15715246352e-09	-2.73158128061e-09
1.15822093302e-09	-1.37534691275e-09
1.15928940251e-09	-1.59708806943e-10
1.16035787201e-09	5.84480623622e-10
1.1614263415e-09	6.46944666458e-10
1.162494811e-09	2.59333162583e-11
1.16356328049e-09	-1.09142952315e-09
1.16463174999e-09	-2.3643939584e-09
1.16570021948e-09	-3.40242953256e-09
1.16676868898e-09	-3.87126097845e-09
1.16783715847e-09	-3.58473206674e-09
1.16890562797e-09	-2.56682217148e-09
1.16997409747e-09	-1.04022777891e-09
1.17104256696e-09	6.18333544089e-10
1.17211103646e-09	1.98320113109e-09
1.17317950595e-09	2.68589567254e-09
1.17424797545e-09	2.51816101304e-09
1.17531644494e-09	1.49293978569e-09
1.17638491444e-09	-1.50579371888e-10
1.17745338393e-09	-1.99751526431e-09
1.17852185343e-09	-3.55913043482e-09
1.17959032292e-09	-4.39835579069e-09
1.18065879242e-09	-4.23946983075e-09
1.18172726191e-09	-3.05292016667e-09
1.18279573141e-09	-1.06628791907e-09
1.18386420091e-09	1.27512571335e-09
1.1849326704e-09	3.41947159477e-09
1.1860011399e-09	4.8389437457e-09
1.18706960939e-09	5.16486331481e-09
1.18813807889e-09	4.29036051131e-09
1.18920654838e-09	2.39546596448e-09
1.19027501788e-09	-7.26050972816e-11
1.19134348737e-09	-2.52656670585e-09
1.19241195687e-09	-4.35401781296e-09
1.19348042636e-09	-5.09247705116e-09
1.19454889586e-09	-4.52201859291e-09
1.19561736535e-09	-2.74355346774e-09
1.19668583485e-09	-1.38358505208e-10
1.19775430435e-09	2.70252625834e-09
1.19882277384e-09	5.12821918264e-09
1.19989124334e-09	6.56965276624e-09
1.20095971283e-09	6.68428179473e-09
1.20202818233e-09	5.43079997639e-09
1.20309665182e-09	3.08911923819e-09
1.20416512132e-09	1.94673867304e-10
1.20523359081e-09	-2.58019591803e-09
1.20630206031e-09	-4.58796117764e-09
1.2073705298e-09	-5.35408500868e-09
1.2084389993e-09	-4.69173233597e-09
1.20950746879e-09	-2.75009476303e-09
1.21057593829e-09	2.84249360161e-11
1.21164440779e-09	3.00298583222e-09
1.21271287728e-09	5.49553114126e-09
1.21378134678e-09	6.93637836058e-09
1.21484981627e-09	7.00915492313e-09
1.21591828577e-09	5.70550973134e-09
1.21698675526e-09	3.33869279445e-09
1.21805522476e-09	4.5189287555e-10
1.21912369425e-09	-2.296721896e-09
1.22019216375e-09	-4.2934623079e-09
1.22126063324e-09	-5.10437903056e-09
1.22232910274e-09	-4.56959581285e-09
1.22339757224e-09	-2.83997531048e-09
1.22446604173e-09	-3.27732677802e-10
1.22553451123e-09	2.3781664138e-09
1.22660298072e-09	4.66226038331e-09
1.22767145022e-09	6.01068378403e-09
1.22873991971e-09	6.140274178e-09
1.22980838921e-09	5.04541045054e-09
1.2308768587e-09	3.00425108402e-09
1.2319453282e-09	4.99915156146e-10
1.23301379769e-09	-1.89326303246e-09
1.23408226719e-09	-3.64745594839e-09
1.23515073668e-09	-4.4002073929e-09
1.23621920618e-09	-4.03402244942e-09
1.23728767568e-09	-2.68981886764e-09
1.23835614517e-09	-7.25175981764e-10
1.23942461467e-09	1.38010364248e-09
1.24049308416e-09	3.13617071201e-09
1.24156155366e-09	4.15723100389e-09
1.24263002315e-09	4.24508905805e-09
1.24369849265e-09	3.42122716268e-09
1.24476696214e-09	1.91730953336e-09
1.24583543164e-09	1.02955421966e-10
1.24690390113e-09	-1.59558988244e-09
1.24797237063e-09	-2.81324830098e-09
1.24904084012e-09	-3.31096899897e-09
1.25010930962e-09	-3.0428489034e-09
1.25117777912e-09	-2.14051726344e-09
1.25224624861e-09	-8.82929007684e-10
1.25331471811e-09	3.90647788423e-10
1.2543831876e-09	1.36335716328e-09
1.2554516571e-09	1.81820347667e-09
1.25652012659e-09	1.68795478983e-09
1.25758859609e-09	1.05301020681e-09
1.25865706558e-09	1.18546601355e-10
1.25972553508e-09	-8.6034909752e-10
1.26079400457e-09	-1.63903494943e-09
1.26186247407e-09	-2.05531718034e-09
1.26293094357e-09	-2.06033436145e-09
1.26399941306e-09	-1.7237930805e-09
1.26506788256e-09	-1.20403166257e-09
1.26613635205e-09	-6.97780413311e-10
1.26720482155e-09	-3.78564786289e-10
1.26827329104e-09	-3.54182123734e-10
1.26934176054e-09	-6.30588359307e-10
1.27041023003e-09	-1.11971812378e-09
1.27147869953e-09	-1.66342724317e-09
1.27254716902e-09	-2.08465850138e-09
1.27361563852e-09	-2.23729382243e-09
1.27468410801e-09	-2.06058170527e-09
1.27575257751e-09	-1.59526536425e-09
1.27682104701e-09	-9.81110345744e-10
1.2778895165e-09	-4.20291333854e-10
1.278957986e-09	-1.15326386678e-10
1.28002645549e-09	-2.16362110519e-10
1.28109492499e-09	-7.57449936106e-10
1.28216339448e-09	-1.65606903191e-09
1.28323186398e-09	-2.70912714484e-09
1.28430033347e-09	-3.66119709549e-09
1.28536880297e-09	-4.25437288176e-09
1.28643727246e-09	-4.31249766453e-09
1.28750574196e-09	-3.78273323776e-09
1.28857421145e-09	-2.76170356028e-09
1.28964268095e-09	-1.47828840835e-09
1.29071115045e-09	-2.41591900998e-10
1.29177961994e-09	6.27333955616e-10
1.29284808944e-09	8.82134351676e-10
1.29391655893e-09	4.07460277324e-10
1.29498502843e-09	-7.37793992567e-10
1.29605349792e-09	-2.32773057773e-09
1.29712196742e-09	-4.01393021598e-09
1.29819043691e-09	-5.4059855481e-09
1.29925890641e-09	-6.16151907273e-09
1.3003273759e-09	-6.07805139552e-09
1.3013958454e-09	-5.14211553893e-09
1.30246431489e-09	-3.54923870849e-09
1.30353278439e-09	-1.65438641953e-09
1.30460125389e-09	1.01105585709e-10
1.30566972338e-09	1.29981744812e-09
1.30673819288e-09	1.64268811054e-09
1.30780666237e-09	1.02823195097e-09
1.30887513187e-09	-4.24480534056e-10
1.30994360136e-09	-2.39968070415e-09
1.31101207086e-09	-4.4549838818e-09
1.31208054035e-09	-6.1237809823e-09
1.31314900985e-09	-7.01991298424e-09
1.31421747934e-09	-6.93233676019e-09
1.31528594884e-09	-5.86801773839e-09
1.31635441834e-09	-4.06222658289e-09
1.31742288783e-09	-1.91710081143e-09
1.31849135733e-09	7.93168395546e-11
1.31955982682e-09	1.47477470513e-09
1.32062829632e-09	1.95205338005e-09
1.32169676581e-09	1.4053266606e-09
1.32276523531e-09	-3.21462023667e-11
1.3238337048e-09	-2.02452547782e-09
1.3249021743e-09	-4.1088035474e-09
1.32597064379e-09	-5.8086582766e-09
1.32703911329e-09	-6.74167638381e-09
1.32810758278e-09	-6.70838634642e-09
1.32917605228e-09	-5.73185660047e-09
1.33024452178e-09	-4.04859246128e-09
1.33131299127e-09	-2.04621435074e-09
1.33238146077e-09	-1.73960727767e-10
1.33344993026e-09	1.16222627355e-09
1.33451839976e-09	1.68776023712e-09
1.33558686925e-09	1.32025591848e-09
1.33665533875e-09	1.77474984361e-10
1.33772380824e-09	-1.44961802284e-09
1.33879227774e-09	-3.17541634653e-09
1.33986074723e-09	-4.60182372763e-09
1.34092921673e-09	-5.41979308655e-09
1.34199768622e-09	-5.46673012414e-09
1.34306615572e-09	-4.7647188417e-09
1.34413462522e-09	-3.50260853654e-09
1.34520309471e-09	-1.98315991407e-09
1.34627156421e-09	-5.48105272974e-10
1.3473400337e-09	5.03890602854e-10
1.3484085032e-09	9.79098496723e-10
1.34947697269e-09	8.30078776548e-10
1.35054544219e-09	1.46571027884e-10
1.35161391168e-09	-8.68134876486e-10
1.35268238118e-09	-1.9582837435e-09
1.35375085067e-09	-2.87250717657e-09
1.35481932017e-09	-3.42176728618e-09
1.35588778966e-09	-3.5146755506e-09
