% time-domain current integration by openEMS v0.37.0-rc1-2-g7b051bb @Sat Aug  8 19:54:27 2026
% start-coordinates: (0.00110023,0.00417626,-0.000762) m -> [54,97,14]
% stop-coordinates: (0.0018961,0.00497213,-0.000762) m -> [65,108,14]
% t/s	current
6.70218128343e-14	0
1.27341444385e-12	0
2.47980707487e-12	0
3.68619970589e-12	0
4.8925923369e-12	0
6.09898496792e-12	0
7.30537759894e-12	0
8.51177022996e-12	0
9.71816286097e-12	0
1.0924555492e-11	0
1.2130948123e-11	0
1.3337340754e-11	0
1.4543733385e-11	0
1.57501260161e-11	0
1.69565186471e-11	0
1.81629112781e-11	0
1.93693039091e-11	4.25454975407e-37
2.05756965401e-11	1.37101450987e-33
2.17820891711e-11	1.50052239445e-30
2.29884818022e-11	7.57353702444e-28
2.41948744332e-11	1.91360337645e-25
2.54012670642e-11	2.58337589191e-23
2.66076596952e-11	1.96418196588e-21
2.78140523262e-11	8.78237495758e-20
2.90204449573e-11	2.39414586324e-18
3.02268375883e-11	4.10433520361e-17
3.14332302193e-11	4.55048969155e-16
3.26396228503e-11	3.3542420008e-15
3.38460154813e-11	1.69294882746e-14
3.50524081123e-11	6.0307241514e-14
3.62588007434e-11	1.54684208151e-13
3.74651933744e-11	2.77297146833e-13
3.86715860054e-11	2.59797419038e-13
3.98779786364e-11	-3.64506222515e-13
4.10843712674e-11	-2.51603685802e-12
4.22907638984e-11	-7.62648104391e-12
4.34971565295e-11	-1.74277658277e-11
4.47035491605e-11	-3.3216453893e-11
4.59099417915e-11	-5.43477138293e-11
4.71163344225e-11	-7.58694981839e-11
4.83227270535e-11	-8.5791561355e-11
4.95291196845e-11	-6.33648619686e-11
5.07355123156e-11	1.9601086379e-11
5.19419049466e-11	1.92189639203e-10
5.31482975776e-11	4.71923444767e-10
5.43546902086e-11	8.48468129089e-10
5.55610828396e-11	1.26897459207e-09
5.67674754706e-11	1.63333135905e-09
5.79738681017e-11	1.80620463031e-09
5.91802607327e-11	1.6479495546e-09
6.03866533637e-11	1.05810826767e-09
6.15930459947e-11	1.7022237786e-11
6.27994386257e-11	-1.39094957774e-09
6.40058312568e-11	-2.98421087841e-09
6.52122238878e-11	-4.51893056308e-09
6.64186165188e-11	-5.73784353364e-09
6.76250091498e-11	-6.41407194024e-09
6.88314017808e-11	-6.37834407513e-09
7.00377944118e-11	-5.53171553008e-09
7.12441870429e-11	-3.85818132997e-09
7.24505796739e-11	-1.44763612209e-09
7.36569723049e-11	1.47194878508e-09
7.48633649359e-11	4.51955672887e-09
7.60697575669e-11	7.19621739975e-09
7.72761501979e-11	8.98762486656e-09
7.8482542829e-11	9.51636014435e-09
7.968893546e-11	8.68355254369e-09
8.0895328091e-11	6.73009425967e-09
8.2101720722e-11	4.16876444476e-09
8.3308113353e-11	1.60252899839e-09
8.4514505984e-11	-5.00473884557e-10
8.57208986151e-11	-1.97070559871e-09
8.69272912461e-11	-2.963470358e-09
8.81336838771e-11	-3.83570242235e-09
8.93400765081e-11	-4.93764673593e-09
9.05464691391e-11	-6.42409858642e-09
9.17528617702e-11	-8.17440248824e-09
9.29592544012e-11	-9.84980808028e-09
9.41656470322e-11	-1.1039122505e-08
9.53720396632e-11	-1.14017417729e-08
9.65784322942e-11	-1.07291322493e-08
9.77848249252e-11	-8.90204798765e-09
9.89912175563e-11	-5.8020290794e-09
1.00197610187e-10	-1.26907817588e-09
1.01404002818e-10	4.81820761067e-09
1.02610395449e-10	1.23423014031e-08
1.0381678808e-10	2.07219290616e-08
1.05023180711e-10	2.88015087335e-08
1.06229573342e-10	3.49750060025e-08
1.07435965973e-10	3.75533382169e-08
1.08642358604e-10	3.52688189764e-08
1.09848751235e-10	2.77279550431e-08
1.11055143866e-10	1.56372585991e-08
1.12261536497e-10	7.17177206511e-10
1.13467929128e-10	-1.4664287562e-08
1.14674321759e-10	-2.8021862164e-08
1.1588071439e-10	-3.73000901277e-08
1.17087107022e-10	-4.1316539523e-08
1.18293499653e-10	-4.00046715754e-08
1.19499892284e-10	-3.43963932892e-08
1.20706284915e-10	-2.63248765009e-08
1.21912677546e-10	-1.78926757854e-08
1.23119070177e-10	-1.08522693054e-08
1.24325462808e-10	-6.1099076909e-09
1.25531855439e-10	-3.56706841842e-09
1.2673824807e-10	-2.36761699135e-09
1.27944640701e-10	-1.44269496349e-09
1.29151033332e-10	-7.63553942296e-11
1.30357425963e-10	1.79775305753e-09
1.31563818594e-10	3.71292219192e-09
1.32770211225e-10	5.10064923631e-09
1.33976603856e-10	5.76104142169e-09
1.35182996487e-10	6.06158190308e-09
1.36389389118e-10	6.74119871036e-09
1.37595781749e-10	8.41989855616e-09
1.3880217438e-10	1.11281641679e-08
1.40008567011e-10	1.41457805469e-08
1.41214959642e-10	1.62822377803e-08
1.42421352273e-10	1.64579798678e-08
1.43627744904e-10	1.42792044855e-08
1.44834137535e-10	1.029488228e-08
1.46040530166e-10	5.79941383805e-09
1.47246922797e-10	2.28733565422e-09
1.48453315428e-10	8.37525937492e-10
1.49659708059e-10	1.71525160741e-09
1.5086610069e-10	4.35003100208e-09
1.52072493321e-10	7.64140839493e-09
1.53278885952e-10	1.04117541255e-08
1.54485278583e-10	1.17863239169e-08
1.55691671214e-10	1.13735660889e-08
1.56898063845e-10	9.24075305164e-09
1.58104456476e-10	5.77331471519e-09
1.59310849107e-10	1.52585999391e-09
1.60517241738e-10	-2.87902723883e-09
1.61723634369e-10	-6.81374601186e-09
1.62930027e-10	-9.71436708852e-09
1.64136419631e-10	-1.11833022842e-08
1.65342812262e-10	-1.11016955628e-08
1.66549204893e-10	-9.69295665953e-09
1.67755597524e-10	-7.48132666928e-09
1.68961990155e-10	-5.13332887309e-09
1.70168382786e-10	-3.23637228128e-09
1.71374775417e-10	-2.10006456669e-09
1.72581168048e-10	-1.67234504023e-09
1.73787560679e-10	-1.59645174858e-09
1.7499395331e-10	-1.38778455394e-09
1.76200345941e-10	-6.49722053936e-10
1.77406738572e-10	7.54069084952e-10
1.78613131203e-10	2.63679389434e-09
1.79819523834e-10	4.55007675981e-09
1.81025916465e-10	5.94374993668e-09
1.82232309096e-10	6.36391783715e-09
1.83438701727e-10	5.61900348472e-09
1.84645094358e-10	3.84784337726e-09
1.8585148699e-10	1.46933210043e-09
1.87057879621e-10	-9.71797864402e-10
1.88264272252e-10	-2.9899773768e-09
1.89470664883e-10	-4.31091651265e-09
1.90677057514e-10	-4.9197650398e-09
1.91883450145e-10	-5.00385777258e-09
1.93089842776e-10	-4.82270001712e-09
1.94296235407e-10	-4.58265425607e-09
1.95502628038e-10	-4.37970859579e-09
1.96709020669e-10	-4.22675938694e-09
1.979154133e-10	-4.13437151181e-09
1.99121805931e-10	-4.17081880144e-09
2.00328198562e-10	-4.45522596593e-09
2.01534591193e-10	-5.07207964517e-09
2.02740983824e-10	-5.9703446631e-09
2.03947376455e-10	-6.91959289867e-09
2.05153769086e-10	-7.57942064666e-09
2.06360161717e-10	-7.65853247486e-09
2.07566554348e-10	-7.07818070822e-09
2.08772946979e-10	-6.03769834129e-09
2.0997933961e-10	-4.92219909276e-09
2.11185732241e-10	-4.09198630535e-09
2.12392124872e-10	-3.66512620253e-09
2.13598517503e-10	-3.42697359379e-09
2.14804910134e-10	-2.93083513014e-09
2.16011302765e-10	-1.7520764839e-09
2.17217695396e-10	2.40618081015e-10
2.18424088027e-10	2.74749445417e-09
2.19630480658e-10	5.12260456276e-09
2.20836873289e-10	6.64733423861e-09
2.2204326592e-10	6.85583190219e-09
2.23249658551e-10	5.75690384252e-09
2.24456051182e-10	3.84320131275e-09
2.25662443813e-10	1.88788473743e-09
2.26868836444e-10	6.27522922514e-10
2.28075229075e-10	4.76162165253e-10
2.29281621706e-10	1.38352818091e-09
2.30488014337e-10	2.8880666747e-09
2.31694406968e-10	4.32212399204e-09
2.32900799599e-10	5.08549957701e-09
2.3410719223e-10	4.87611551137e-09
2.35313584861e-10	3.79984887999e-09
2.36519977492e-10	2.32218910767e-09
2.37726370123e-10	1.08876330174e-09
2.38932762754e-10	6.81875278463e-10
2.40139155385e-10	1.40414269101e-09
2.41345548016e-10	3.16168935477e-09
2.42551940647e-10	5.48411582812e-09
2.43758333278e-10	7.66548069464e-09
2.44964725909e-10	8.97419027979e-09
2.4617111854e-10	8.86630591168e-09
2.47377511171e-10	7.14180004024e-09
2.48583903802e-10	4.0126382217e-09
2.49790296433e-10	6.13242789882e-11
2.50996689064e-10	-3.89409215984e-09
2.52203081695e-10	-7.00757363248e-09
2.53409474326e-10	-8.63623839109e-09
2.54615866957e-10	-8.53262616118e-09
2.55822259589e-10	-6.93291246634e-09
2.5702865222e-10	-4.49434356398e-09
2.58235044851e-10	-2.08692507719e-09
2.59441437482e-10	-4.98681984595e-10
2.60647830113e-10	-1.60037372243e-10
2.61854222744e-10	-9.9366459505e-10
2.63060615375e-10	-2.46474396448e-09
2.64267008006e-10	-3.81290155005e-09
2.65473400637e-10	-4.37633795869e-09
2.66679793268e-10	-3.86565890409e-09
2.67886185899e-10	-2.46752107635e-09
2.6909257853e-10	-7.33427818478e-10
2.70298971161e-10	6.95639879034e-10
2.71505363792e-10	1.39357780871e-09
2.72711756423e-10	1.34492805781e-09
2.73918149054e-10	9.4134122719e-10
2.75124541685e-10	7.88768550475e-10
2.76330934316e-10	1.41198519543e-09
2.77537326947e-10	2.99471869525e-09
2.78743719578e-10	5.26220222952e-09
2.79950112209e-10	7.55672147079e-09
2.8115650484e-10	9.0734477709e-09
2.82362897471e-10	9.16321241107e-09
2.83569290102e-10	7.58801999012e-09
2.84775682733e-10	4.62798777079e-09
2.85982075364e-10	1.00291319693e-09
2.87188467995e-10	-2.36792430108e-09
2.88394860626e-10	-4.67940752813e-09
2.89601253257e-10	-5.51550005667e-09
2.90807645888e-10	-4.97695706869e-09
2.92014038519e-10	-3.61452356934e-09
2.9322043115e-10	-2.18977236344e-09
2.94426823781e-10	-1.36121813821e-09
2.95633216412e-10	-1.42317091445e-09
2.96839609043e-10	-2.2057531357e-09
2.98046001674e-10	-3.17320081322e-09
2.99252394305e-10	-3.67066421703e-09
3.00458786936e-10	-3.21376081303e-09
3.01665179567e-10	-1.69532621275e-09
3.02871572198e-10	5.68378066834e-10
3.04077964829e-10	2.96133029209e-09
3.0528435746e-10	4.79912065643e-09
3.06490750091e-10	5.57203749807e-09
3.07697142722e-10	5.11095787914e-09
3.08903535353e-10	3.62658147957e-09
3.10109927984e-10	1.62330637821e-09
3.11316320615e-10	-2.754945716e-10
3.12522713246e-10	-1.52531554054e-09
3.13729105877e-10	-1.82397408288e-09
3.14935498508e-10	-1.1902432373e-09
3.16141891139e-10	6.23799553678e-11
3.1734828377e-10	1.44758904863e-09
3.18554676401e-10	2.48053799723e-09
3.19761069032e-10	2.84579915188e-09
3.20967461663e-10	2.49645837336e-09
3.22173854294e-10	1.6465930841e-09
3.23380246925e-10	6.62276289365e-10
3.24586639556e-10	-1.00358998889e-10
3.25793032188e-10	-4.41457481681e-10
3.26999424819e-10	-3.83996973108e-10
3.2820581745e-10	-1.36728350864e-10
3.29412210081e-10	2.39752419307e-11
3.30618602712e-10	-1.08476623517e-10
3.31824995343e-10	-5.80979042653e-10
3.33031387974e-10	-1.27938737382e-09
3.34237780605e-10	-2.00771355097e-09
3.35444173236e-10	-2.59959520577e-09
3.36650565867e-10	-2.99935831727e-09
3.37856958498e-10	-3.26937832362e-09
3.39063351129e-10	-3.52621420951e-09
3.4026974376e-10	-3.8470187036e-09
3.41476136391e-10	-4.20556611758e-09
3.42682529022e-10	-4.47410775095e-09
3.43888921653e-10	-4.49257830937e-09
3.45095314284e-10	-4.15929424236e-09
3.46301706915e-10	-3.49293705071e-09
3.47508099546e-10	-2.62666266515e-09
3.48714492177e-10	-1.73986824947e-09
3.49920884808e-10	-9.66251967327e-10
3.51127277439e-10	-3.30732219389e-10
3.5233367007e-10	2.49946674469e-10
3.53540062701e-10	9.03689401088e-10
3.54746455332e-10	1.71166969487e-09
3.55952847963e-10	2.63746868789e-09
3.57159240594e-10	3.51643847374e-09
3.58365633225e-10	4.11322931271e-09
3.59572025856e-10	4.21766888081e-09
3.60778418487e-10	3.73734421188e-09
3.61984811118e-10	2.7402371483e-09
3.63191203749e-10	1.43339051739e-09
3.6439759638e-10	8.83840362009e-11
3.65603989011e-10	-1.05030795172e-09
3.66810381642e-10	-1.83366333228e-09
3.68016774273e-10	-2.2294142088e-09
3.69223166904e-10	-2.2943351663e-09
3.70429559535e-10	-2.12342210482e-09
3.71635952166e-10	-1.80089965163e-09
3.72842344797e-10	-1.37827838032e-09
3.74048737428e-10	-8.77950545597e-10
3.75255130059e-10	-3.1299735026e-10
3.7646152269e-10	2.95908686443e-10
3.77667915321e-10	9.12140307729e-10
3.78874307952e-10	1.48546486223e-09
3.80080700583e-10	1.95523530699e-09
3.81287093214e-10	2.25373208984e-09
3.82493485845e-10	2.31215047108e-09
3.83699878476e-10	2.07952055575e-09
3.84906271107e-10	1.55184498585e-09
3.86112663738e-10	8.0072082298e-10
3.87319056369e-10	-2.2384444992e-11
3.88525449e-10	-7.23616444542e-10
3.89731841631e-10	-1.13703302329e-09
3.90938234262e-10	-1.19989074232e-09
3.92144626893e-10	-9.84579973107e-10
3.93351019524e-10	-6.65871968675e-10
3.94557412156e-10	-4.26382124052e-10
3.95763804787e-10	-3.51157214418e-10
3.96970197418e-10	-3.6743627585e-10
3.98176590049e-10	-2.73026684594e-10
3.9938298268e-10	1.55052984341e-10
4.00589375311e-10	1.02247166289e-09
4.01795767942e-10	2.22435114772e-09
4.03002160573e-10	3.45290662729e-09
4.04208553204e-10	4.31042845861e-09
4.05414945835e-10	4.47911130408e-09
4.06621338466e-10	3.86496346039e-09
4.07827731097e-10	2.64803712291e-09
4.09034123728e-10	1.21240106843e-09
4.10240516359e-10	-1.25590250005e-11
4.1144690899e-10	-7.24578230749e-10
4.12653301621e-10	-8.60313875695e-10
4.13859694252e-10	-6.00289207231e-10
4.15066086883e-10	-2.71748540337e-10
4.16272479514e-10	-1.9660695294e-10
4.17478872145e-10	-5.52590251335e-10
4.18685264776e-10	-1.30247335139e-09
4.19891657407e-10	-2.21447105098e-09
4.21098050038e-10	-2.95969226904e-09
4.22304442669e-10	-3.24185212008e-09
4.235108353e-10	-2.90856605467e-09
4.24717227931e-10	-2.0024295555e-09
4.25923620562e-10	-7.39561467622e-10
4.27130013193e-10	5.71245550862e-10
4.28336405824e-10	1.63322122493e-09
4.29542798455e-10	2.2483441775e-09
4.30749191086e-10	2.3600565946e-09
4.31955583717e-10	2.04207095678e-09
4.33161976348e-10	1.45001821661e-09
4.34368368979e-10	7.60251306353e-10
4.3557476161e-10	1.23053470191e-10
4.36781154241e-10	-3.57978646726e-10
4.37987546872e-10	-6.24464036036e-10
4.39193939503e-10	-6.5271132943e-10
4.40400332134e-10	-4.51133075341e-10
4.41606724765e-10	-6.62262952811e-11
4.42813117396e-10	4.06989414392e-10
4.44019510027e-10	8.29629087651e-10
4.45225902658e-10	1.04631303621e-09
4.46432295289e-10	9.3650343036e-10
4.4763868792e-10	4.67359428935e-10
4.48845080551e-10	-2.76813821865e-10
4.50051473182e-10	-1.10788289653e-09
4.51257865813e-10	-1.79057491057e-09
4.52464258444e-10	-2.12180450987e-09
4.53670651075e-10	-2.00047889365e-09
4.54877043706e-10	-1.45846890121e-09
4.56083436337e-10	-6.43053277294e-10
4.57289828968e-10	2.38198044622e-10
4.58496221599e-10	9.85079462446e-10
4.5970261423e-10	1.45806178242e-09
4.60909006861e-10	1.60078483802e-09
4.62115399492e-10	1.43427048016e-09
4.63321792123e-10	1.03610375835e-09
4.64528184755e-10	5.16072296008e-10
4.65734577386e-10	-2.80190454172e-12
4.66940970017e-10	-4.02928357346e-10
4.68147362648e-10	-5.9504390304e-10
4.69353755279e-10	-5.46072631558e-10
4.7056014791e-10	-3.01723840357e-10
4.71766540541e-10	1.30342646398e-11
4.72972933172e-10	2.26865221054e-10
4.74179325803e-10	1.85953932808e-10
4.75385718434e-10	-1.74679729015e-10
4.76592111065e-10	-7.8581829932e-10
4.77798503696e-10	-1.45134837481e-09
4.79004896327e-10	-1.91410531869e-09
4.80211288958e-10	-1.95712712703e-09
4.81417681589e-10	-1.49837287022e-09
4.8262407422e-10	-6.33784524862e-10
4.83830466851e-10	3.920720415e-10
4.85036859482e-10	1.28024113533e-09
4.86243252113e-10	1.79529335842e-09
4.87449644744e-10	1.85607162972e-09
4.88656037375e-10	1.55799095847e-09
4.89862430006e-10	1.11732179064e-09
4.91068822637e-10	7.64546759235e-10
4.92275215268e-10	6.33935515193e-10
4.93481607899e-10	7.01773195111e-10
4.9468800053e-10	7.99885713221e-10
4.95894393161e-10	7.00979274626e-10
4.97100785792e-10	2.34829405921e-10
4.98307178423e-10	-6.16041495594e-10
4.99513571054e-10	-1.68661207223e-09
5.00719963685e-10	-2.67953392807e-09
5.01926356316e-10	-3.27638138842e-09
5.03132748947e-10	-3.26364646419e-09
5.04339141578e-10	-2.6199520331e-09
5.05545534209e-10	-1.52832513312e-09
5.0675192684e-10	-3.08132158677e-10
5.07958319471e-10	7.03533953317e-10
5.09164712102e-10	1.27357024926e-09
5.10371104733e-10	1.34890620895e-09
5.11577497364e-10	1.05859720989e-09
5.12783889995e-10	6.47083997496e-10
5.13990282626e-10	3.68540781226e-10
5.15196675257e-10	3.86802478936e-10
5.16403067888e-10	7.18631432139e-10
5.17609460519e-10	1.23811361163e-09
5.1881585315e-10	1.73360892308e-09
5.20022245781e-10	1.99167859982e-09
5.21228638412e-10	1.87326576473e-09
5.22435031043e-10	1.35881694785e-09
5.23641423674e-10	5.4944371275e-10
5.24847816305e-10	-3.68893637859e-10
5.26054208936e-10	-1.18479570599e-09
5.27260601567e-10	-1.72327030423e-09
5.28466994198e-10	-1.89273463569e-09
5.29673386829e-10	-1.70628755569e-09
5.3087977946e-10	-1.27147836704e-09
5.32086172091e-10	-7.52647055791e-10
5.33292564722e-10	-3.16726228577e-10
5.34498957354e-10	-7.9310426282e-11
5.35705349985e-10	-6.93557433706e-11
5.36911742616e-10	-2.2464900773e-10
5.38118135247e-10	-4.21746887413e-10
5.39324527878e-10	-5.27346555312e-10
5.40530920509e-10	-4.52471282664e-10
5.4173731314e-10	-1.8633571075e-10
5.42943705771e-10	2.02873426391e-10
5.44150098402e-10	5.99417460112e-10
5.45356491033e-10	8.8972818002e-10
5.46562883664e-10	1.00750119358e-09
5.47769276295e-10	9.56767998161e-10
5.48975668926e-10	8.03775213054e-10
5.50182061557e-10	6.45534348198e-10
5.51388454188e-10	5.68143254664e-10
5.52594846819e-10	6.13652240133e-10
5.5380123945e-10	7.65422836224e-10
5.55007632081e-10	9.55664769542e-10
5.56214024712e-10	1.08931230702e-09
5.57420417343e-10	1.07606046296e-09
5.58626809974e-10	8.61407001285e-10
5.59833202605e-10	4.48401593633e-10
5.61039595236e-10	-9.50441669811e-11
5.62245987867e-10	-6.49272136055e-10
5.63452380498e-10	-1.07476072486e-09
5.64658773129e-10	-1.25719790134e-09
5.6586516576e-10	-1.15074416662e-09
5.67071558391e-10	-8.01945898576e-10
5.68277951022e-10	-3.39729411269e-10
5.69484343653e-10	6.86806583827e-11
5.70690736284e-10	2.81903000943e-10
5.71897128915e-10	2.4329105397e-10
5.73103521546e-10	7.59281266333e-12
5.74309914177e-10	-2.77284917249e-10
5.75516306808e-10	-4.30794400152e-10
5.76722699439e-10	-3.15860948508e-10
5.7792909207e-10	9.79609865448e-11
5.79135484701e-10	7.13554160203e-10
5.80341877332e-10	1.33502786603e-09
5.81548269963e-10	1.73670799963e-09
5.82754662594e-10	1.74656866747e-09
5.83961055225e-10	1.31125221792e-09
5.85167447856e-10	5.19473630778e-10
5.86373840487e-10	-4.25315727082e-10
5.87580233118e-10	-1.27121058124e-09
5.88786625749e-10	-1.80030590435e-09
5.8999301838e-10	-1.89612414658e-09
5.91199411011e-10	-1.57418034163e-09
5.92405803642e-10	-9.65656443697e-10
5.93612196273e-10	-2.63833871417e-10
5.94818588904e-10	3.4585712072e-10
5.96024981535e-10	7.44351524862e-10
5.97231374166e-10	9.0636032013e-10
5.98437766797e-10	8.90152118682e-10
5.99644159428e-10	7.98223542819e-10
6.00850552059e-10	7.27399640521e-10
6.0205694469e-10	7.29493410123e-10
6.03263337321e-10	7.9526291108e-10
6.04469729953e-10	8.65102933734e-10
6.05676122584e-10	8.58032978002e-10
6.06882515215e-10	7.06642078185e-10
6.08088907846e-10	3.85165455086e-10
6.09295300477e-10	-7.83828418838e-11
6.10501693108e-10	-6.07607575365e-10
6.11708085739e-10	-1.09949283011e-09
6.1291447837e-10	-1.45358769466e-09
6.14120871001e-10	-1.60154656204e-09
6.15327263632e-10	-1.52679424659e-09
6.16533656263e-10	-1.2674703509e-09
6.17740048894e-10	-9.01435703859e-10
6.18946441525e-10	-5.16915454885e-10
6.20152834156e-10	-1.81230877527e-10
6.21359226787e-10	8.21386986205e-11
6.22565619418e-10	2.94229751674e-10
6.23772012049e-10	5.01278740739e-10
6.2497840468e-10	7.40500105678e-10
6.26184797311e-10	1.00949515414e-09
6.27391189942e-10	1.25295862574e-09
6.28597582573e-10	1.37656019916e-09
6.29803975204e-10	1.28459798354e-09
6.31010367835e-10	9.24773924105e-10
6.32216760466e-10	3.2287958418e-10
6.33423153097e-10	-4.11805145539e-10
6.34629545728e-10	-1.11204501163e-09
6.35835938359e-10	-1.6040886397e-09
6.3704233099e-10	-1.76287606735e-09
6.38248723621e-10	-1.55277291025e-09
6.39455116252e-10	-1.03740771529e-09
6.40661508883e-10	-3.5608094251e-10
6.41867901514e-10	3.22346066506e-10
6.43074294145e-10	8.51699599735e-10
6.44280686776e-10	1.1464913463e-09
6.45487079407e-10	1.19722953773e-09
6.46693472038e-10	1.05825570529e-09
6.47899864669e-10	8.1901363469e-10
6.491062573e-10	5.68422142688e-10
6.50312649931e-10	3.66851410361e-10
6.51519042562e-10	2.32480409923e-10
6.52725435193e-10	1.43603684499e-10
6.53931827824e-10	5.57797558143e-11
6.55138220455e-10	-7.65931346125e-11
6.56344613086e-10	-2.78819217714e-10
6.57551005717e-10	-5.44238931699e-10
6.58757398348e-10	-8.33825508639e-10
6.59963790979e-10	-1.08873432492e-09
6.6117018361e-10	-1.24957866277e-09
6.62376576241e-10	-1.27545918271e-09
6.63582968872e-10	-1.15659681832e-09
6.64789361503e-10	-9.14550213338e-10
6.65995754134e-10	-5.93064541921e-10
6.67202146765e-10	-2.41393682821e-10
6.68408539396e-10	9.94477486471e-11
6.69614932027e-10	4.04593969439e-10
6.70821324658e-10	6.63395005596e-10
6.72027717289e-10	8.71452299211e-10
6.73234109921e-10	1.02183617123e-09
6.74440502552e-10	1.10076303628e-09
6.75646895183e-10	1.09147879623e-09
6.76853287814e-10	9.83039649682e-10
6.78059680445e-10	7.81597730981e-10
6.79266073076e-10	5.16190923339e-10
6.80472465707e-10	2.36296010536e-10
6.81678858338e-10	-7.63914105584e-13
6.82885250969e-10	-1.49585496767e-10
6.840916436e-10	-1.94701768597e-10
6.85298036231e-10	-1.60830432305e-10
6.86504428862e-10	-1.06596842464e-10
6.87710821493e-10	-1.03553263187e-10
6.88917214124e-10	-2.06100261857e-10
6.90123606755e-10	-4.25291718509e-10
6.91329999386e-10	-7.19233950175e-10
6.92536392017e-10	-1.00492680843e-09
6.93742784648e-10	-1.18941689831e-09
6.94949177279e-10	-1.20530296854e-09
6.9615556991e-10	-1.03701358611e-09
6.97361962541e-10	-7.24679372066e-10
6.98568355172e-10	-3.45619005637e-10
6.99774747803e-10	1.7636885008e-11
7.00981140434e-10	3.07981917747e-10
7.02187533065e-10	5.08446673653e-10
7.03393925696e-10	6.38368469197e-10
7.04600318327e-10	7.33065108616e-10
7.05806710958e-10	8.21320622624e-10
7.07013103589e-10	9.09316455466e-10
7.0821949622e-10	9.79389014333e-10
7.09425888851e-10	1.00043451301e-09
7.10632281482e-10	9.44078704102e-10
7.11838674113e-10	7.98192623108e-10
7.13045066744e-10	5.71541647343e-10
7.14251459375e-10	2.90834162309e-10
7.15457852006e-10	-8.83538468083e-12
7.16664244637e-10	-2.92940310898e-10
7.17870637268e-10	-5.34723654244e-10
7.19077029899e-10	-7.17391646088e-10
7.2028342253e-10	-8.33425772839e-10
7.21489815161e-10	-8.81759165683e-10
7.22696207792e-10	-8.64769977849e-10
7.23902600423e-10	-7.86779363882e-10
7.25108993054e-10	-6.52582321514e-10
7.26315385685e-10	-4.68413474675e-10
7.27521778316e-10	-2.4272883703e-10
7.28728170947e-10	1.11438566708e-11
7.29934563578e-10	2.7370999911e-10
7.31140956209e-10	5.18222964541e-10
7.3234734884e-10	7.12731929031e-10
7.33553741471e-10	8.24972590241e-10
7.34760134102e-10	8.30339186297e-10
7.35966526733e-10	7.21034065787e-10
7.37172919364e-10	5.12422160259e-10
7.38379311995e-10	2.4440732771e-10
7.39585704626e-10	-2.61333003848e-11
7.40792097257e-10	-2.38908504091e-10
7.41998489888e-10	-3.4813132932e-10
7.4320488252e-10	-3.37143174489e-10
7.44411275151e-10	-2.25292839939e-10
7.45617667782e-10	-6.28835872263e-11
7.46824060413e-10	8.50549075615e-11
7.48030453044e-10	1.60501917312e-10
7.49236845675e-10	1.33022204363e-10
7.50443238306e-10	1.08468720117e-11
7.51649630937e-10	-1.61210114702e-10
7.52856023568e-10	-3.16846771042e-10
7.54062416199e-10	-3.90925430915e-10
7.5526880883e-10	-3.41880829202e-10
7.56475201461e-10	-1.66564192994e-10
7.57681594092e-10	9.78423245201e-11
7.58887986723e-10	3.84591636315e-10
7.60094379354e-10	6.17147333237e-10
7.61300771985e-10	7.3186995353e-10
7.62507164616e-10	6.9613875775e-10
7.63713557247e-10	5.17319076465e-10
7.64919949878e-10	2.39586323003e-10
7.66126342509e-10	-6.93805013441e-11
7.6733273514e-10	-3.38381933584e-10
7.68539127771e-10	-5.12774489536e-10
7.69745520402e-10	-5.69383040716e-10
7.70951913033e-10	-5.21227561112e-10
7.72158305664e-10	-4.10915662608e-10
7.73364698295e-10	-2.94560292824e-10
7.74571090926e-10	-2.20482299085e-10
7.75777483557e-10	-2.10891901165e-10
7.76983876188e-10	-2.53076670731e-10
7.78190268819e-10	-3.04800046314e-10
7.7939666145e-10	-3.11723730162e-10
7.80603054081e-10	-2.31137040063e-10
7.81809446712e-10	-5.15085821218e-11
7.83015839343e-10	2.01003852451e-10
7.84222231974e-10	4.71377326061e-10
7.85428624605e-10	6.96672886047e-10
7.86635017236e-10	8.28839663569e-10
7.87841409867e-10	8.4984630444e-10
7.89047802498e-10	7.72253372361e-10
7.90254195129e-10	6.27834506606e-10
7.9146058776e-10	4.49711268224e-10
7.92666980391e-10	2.58603694014e-10
7.93873373022e-10	5.84212678234e-11
7.95079765653e-10	-1.56869586765e-10
7.96286158284e-10	-3.90956128582e-10
7.97492550915e-10	-6.33599839261e-10
7.98698943546e-10	-8.56423876261e-10
7.99905336177e-10	-1.01816455267e-09
8.01111728808e-10	-1.0764827918e-09
8.02318121439e-10	-1.0020791974e-09
8.0352451407e-10	-7.89147525104e-10
8.04730906701e-10	-4.5970827145e-10
8.05937299332e-10	-5.98442129185e-11
8.07143691963e-10	3.49181961123e-10
8.08350084594e-10	7.03701541482e-10
8.09556477225e-10	9.50187373228e-10
8.10762869856e-10	1.05509589954e-09
8.11969262487e-10	1.01085029236e-09
8.13175655119e-10	8.35420066458e-10
8.1438204775e-10	5.6751908728e-10
8.15588440381e-10	2.56899140849e-10
8.16794833012e-10	-4.60147128734e-11
8.18001225643e-10	-3.01090513632e-10
8.19207618274e-10	-4.85149531659e-10
8.20414010905e-10	-5.94810367627e-10
8.21620403536e-10	-6.4314564785e-10
8.22826796167e-10	-6.51526943507e-10
8.24033188798e-10	-6.39195418817e-10
8.25239581429e-10	-6.12970174618e-10
8.2644597406e-10	-5.63254776154e-10
8.27652366691e-10	-4.66647720465e-10
8.28858759322e-10	-2.97747188016e-10
8.30065151953e-10	-4.41076793145e-11
8.31271544584e-10	2.80274248254e-10
8.32477937215e-10	6.3050409338e-10
8.33684329846e-10	9.38990885047e-10
8.34890722477e-10	1.13443954231e-09
8.36097115108e-10	1.16519838222e-09
8.37303507739e-10	1.01723951484e-09
8.3850990037e-10	7.19898252122e-10
8.39716293001e-10	3.35914546179e-10
8.40922685632e-10	-5.97575391947e-11
8.42129078263e-10	-4.03529154536e-10
8.43335470894e-10	-6.5975225283e-10
8.44541863525e-10	-8.23792978277e-10
8.45748256156e-10	-9.1251112222e-10
8.46954648787e-10	-9.469052209e-10
8.48161041418e-10	-9.36754007697e-10
8.49367434049e-10	-8.74121719452e-10
8.5057382668e-10	-7.38905159281e-10
8.51780219311e-10	-5.13736331254e-10
8.52986611942e-10	-2.00152852625e-10
8.54193004573e-10	1.70950378853e-10
8.55399397204e-10	5.41299116641e-10
8.56605789835e-10	8.39325442481e-10
8.57812182466e-10	1.00196650976e-09
8.59018575097e-10	9.95477256183e-10
8.60224967728e-10	8.27849733209e-10
8.61431360359e-10	5.47539014129e-10
8.6263775299e-10	2.28657176526e-10
8.63844145621e-10	-5.17655779353e-11
8.65050538252e-10	-2.37301567285e-10
8.66256930883e-10	-3.07238706698e-10
8.67463323514e-10	-2.79735956621e-10
8.68669716145e-10	-2.00601660283e-10
8.69876108776e-10	-1.23758267523e-10
8.71082501407e-10	-8.98965069052e-11
8.72288894038e-10	-1.11715671436e-10
8.73495286669e-10	-1.71298170093e-10
8.747016793e-10	-2.29269256358e-10
8.75908071931e-10	-2.43219860918e-10
8.77114464562e-10	-1.85664220109e-10
8.78320857193e-10	-5.73998279463e-11
8.79527249824e-10	1.12033222976e-10
8.80733642455e-10	2.73249145533e-10
8.81940035087e-10	3.74465791708e-10
8.83146427718e-10	3.79361375646e-10
8.84352820349e-10	2.7924212942e-10
8.8555921298e-10	9.65402063846e-11
8.86765605611e-10	-1.2323979337e-10
8.87971998242e-10	-3.25009907876e-10
8.89178390873e-10	-4.61420845976e-10
8.90384783504e-10	-5.05147812468e-10
8.91591176135e-10	-4.54871390554e-10
8.92797568766e-10	-3.31791427666e-10
8.94003961397e-10	-1.69567207498e-10
8.95210354028e-10	-1.94128936017e-12
8.96416746659e-10	1.47904813397e-10
8.9762313929e-10	2.70963557147e-10
8.98829531921e-10	3.70278002704e-10
9.00035924552e-10	4.52146792229e-10
9.01242317183e-10	5.17834664038e-10
9.02448709814e-10	5.57815627023e-10
9.03655102445e-10	5.53356860333e-10
9.04861495076e-10	4.84130457945e-10
9.06067887707e-10	3.38455069526e-10
9.07274280338e-10	1.22744842068e-10
9.08480672969e-10	-1.35906230714e-10
9.096870656e-10	-3.93538979182e-10
9.10893458231e-10	-6.003542663e-10
9.12099850862e-10	-7.13881564973e-10
9.13306243493e-10	-7.10834002771e-10
9.14512636124e-10	-5.93443905128e-10
9.15719028755e-10	-3.88429594045e-10
9.16925421386e-10	-1.39692549195e-10
9.18131814017e-10	1.03640852844e-10
9.19338206648e-10	2.99477553867e-10
9.20544599279e-10	4.22426010838e-10
9.2175099191e-10	4.67257732506e-10
9.22957384541e-10	4.46443160218e-10
9.24163777172e-10	3.8279041048e-10
9.25370169803e-10	3.00021785193e-10
9.26576562434e-10	2.15102879952e-10
9.27782955065e-10	1.34697170084e-10
9.28989347696e-10	5.68516379806e-11
9.30195740327e-10	-2.42863749944e-11
9.31402132958e-10	-1.12768704097e-10
9.32608525589e-10	-2.07115963269e-10
9.3381491822e-10	-2.99646807367e-10
9.35021310851e-10	-3.78375580867e-10
9.36227703482e-10	-4.30263602524e-10
9.37434096113e-10	-4.43591774424e-10
9.38640488744e-10	-4.09864087114e-10
9.39846881375e-10	-3.24653220973e-10
9.41053274006e-10	-1.89196242006e-10
9.42259666637e-10	-1.19502506848e-11
9.43466059268e-10	1.90051974158e-10
9.44672451899e-10	3.91700255564e-10
9.4587884453e-10	5.63600000003e-10
9.47085237161e-10	6.77614464539e-10
9.48291629792e-10	7.13940906394e-10
9.49498022423e-10	6.65658805854e-10
9.50704415054e-10	5.40430311613e-10
9.51910807686e-10	3.57189361422e-10
9.53117200317e-10	1.40741182597e-10
9.54323592948e-10	-8.39873656733e-11
9.55529985579e-10	-2.95933000327e-10
9.5673637821e-10	-4.78251660496e-10
9.57942770841e-10	-6.17236484146e-10
9.59149163472e-10	-6.99890423395e-10
9.60355556103e-10	-7.1454681061e-10
9.61561948734e-10	-6.53538223538e-10
9.62768341365e-10	-5.18430021135e-10
9.63974733996e-10	-3.24071242064e-10
9.65181126627e-10	-9.9021860156e-11
9.66387519258e-10	1.18928561443e-10
9.67593911889e-10	2.92720070405e-10
9.6880030452e-10	3.96421784288e-10
9.70006697151e-10	4.23763024671e-10
9.71213089782e-10	3.88868270917e-10
9.72419482413e-10	3.20172527379e-10
9.73625875044e-10	2.48586679019e-10
9.74832267675e-10	1.95564772709e-10
9.76038660306e-10	1.66071545404e-10
9.77245052937e-10	1.48948492429e-10
9.78451445568e-10	1.253869647e-10
9.79657838199e-10	7.96845506246e-11
9.8086423083e-10	8.5084847154e-12
9.82070623461e-10	-7.69899005659e-11
9.83277016092e-10	-1.55861878959e-10
9.84483408723e-10	-2.06857739271e-10
9.85689801354e-10	-2.17628540189e-10
9.86896193985e-10	-1.89141272089e-10
9.88102586616e-10	-1.34274008579e-10
9.89308979247e-10	-7.08354763734e-11
9.90515371878e-10	-1.42343758308e-11
9.91721764509e-10	2.79731082048e-11
9.9292815714e-10	5.58890086988e-11
9.94134549771e-10	7.34588154194e-11
9.95340942402e-10	8.28465976377e-11
9.96547335033e-10	8.08629066484e-11
9.97753727664e-10	5.97863356044e-11
9.98960120295e-10	1.16782894119e-11
1.00016651293e-09	-6.48727321861e-11
1.00137290556e-09	-1.60708418795e-10
1.00257929819e-09	-2.55962917528e-10
1.00378569082e-09	-3.25494381448e-10
1.00499208345e-09	-3.46772749404e-10
1.00619847608e-09	-3.07801617527e-10
1.00740486871e-09	-2.11368048064e-10
1.00861126134e-09	-7.39092884117e-11
1.00981765397e-09	7.97958643606e-11
1.01102404661e-09	2.23962931534e-10
1.01223043924e-09	3.37764705094e-10
1.01343683187e-09	4.08779399219e-10
1.0146432245e-09	4.32953728424e-10
1.01584961713e-09	4.12766987257e-10
1.01705600976e-09	3.54882845333e-10
1.01826240239e-09	2.68779831725e-10
1.01946879502e-09	1.65828378806e-10
1.02067518765e-09	5.82517922787e-11
1.02188158028e-09	-4.24005969224e-11
1.02308797292e-09	-1.27825042218e-10
1.02429436555e-09	-1.94556093458e-10
1.02550075818e-09	-2.44452208475e-10
1.02670715081e-09	-2.8231417204e-10
1.02791354344e-09	-3.12323888974e-10
1.02911993607e-09	-3.34205968455e-10
1.0303263287e-09	-3.41685901795e-10
1.03153272133e-09	-3.24420795783e-10
1.03273911396e-09	-2.72647349142e-10
1.03394550659e-09	-1.8320796269e-10
1.03515189923e-09	-6.32628394115e-11
1.03635829186e-09	6.92611176745e-11
1.03756468449e-09	1.90268537037e-10
1.03877107712e-09	2.7669885827e-10
1.03997746975e-09	3.14422599068e-10
1.04118386238e-09	3.02606995017e-10
1.04239025501e-09	2.5327767661e-10
1.04359664764e-09	1.86099816113e-10
1.04480304027e-09	1.20294274542e-10
1.0460094329e-09	6.78373260343e-11
1.04721582554e-09	2.97945279559e-11
1.04842221817e-09	-1.42490446525e-12
1.0496286108e-09	-3.5993156372e-11
1.05083500343e-09	-7.90838644571e-11
1.05204139606e-09	-1.25806115525e-10
1.05324778869e-09	-1.61596985793e-10
1.05445418132e-09	-1.67525007755e-10
1.05566057395e-09	-1.29651470115e-10
1.05686696658e-09	-4.7256067115e-11
1.05807335922e-09	6.32301294656e-11
1.05927975185e-09	1.71548955596e-10
1.06048614448e-09	2.43157716184e-10
1.06169253711e-09	2.5173230167e-10
1.06289892974e-09	1.89567486708e-10
1.06410532237e-09	7.15516743077e-11
1.065311715e-09	-6.91261353714e-11
1.06651810763e-09	-1.9252979766e-10
1.06772450026e-09	-2.66033028939e-10
1.06893089289e-09	-2.75733852417e-10
1.07013728553e-09	-2.30178542893e-10
1.07134367816e-09	-1.55536875046e-10
1.07255007079e-09	-8.35694846657e-11
1.07375646342e-09	-3.81619458256e-11
1.07496285605e-09	-2.5785939356e-11
1.07616924868e-09	-3.36935201961e-11
1.07737564131e-09	-3.69121122556e-11
1.07858203394e-09	-1.02035211877e-11
1.07978842657e-09	5.94810936616e-11
1.0809948192e-09	1.66290925474e-10
1.08220121184e-09	2.86229928648e-10
1.08340760447e-09	3.85573739603e-10
1.0846139971e-09	4.33123564791e-10
1.08582038973e-09	4.10835920839e-10
1.08702678236e-09	3.19828274975e-10
1.08823317499e-09	1.78460135558e-10
1.08943956762e-09	1.54028231142e-11
1.09064596025e-09	-1.40321781972e-10
1.09185235288e-09	-2.67146582633e-10
1.09305874551e-09	-3.54892809584e-10
1.09426513815e-09	-4.03397842907e-10
1.09547153078e-09	-4.17557932675e-10
1.09667792341e-09	-4.02527650101e-10
1.09788431604e-09	-3.60118934672e-10
1.09909070867e-09	-2.89547108512e-10
1.1002971013e-09	-1.89884635793e-10
1.10150349393e-09	-6.44154452001e-11
1.10270988656e-09	7.73882277705e-11
1.10391627919e-09	2.20164581011e-10
1.10512267182e-09	3.45736328455e-10
1.10632906446e-09	4.37560737643e-10
1.10753545709e-09	4.83827977682e-10
1.10874184972e-09	4.7981557616e-10
1.10994824235e-09	4.27022639471e-10
1.11115463498e-09	3.32341903997e-10
1.11236102761e-09	2.06314743068e-10
1.11356742024e-09	6.24011120554e-11
1.11477381287e-09	-8.37607067039e-11
1.1159802055e-09	-2.15901227452e-10
1.11718659813e-09	-3.19139964455e-10
1.11839299077e-09	-3.83348575106e-10
1.1195993834e-09	-4.04938471643e-10
1.12080577603e-09	-3.878454502e-10
1.12201216866e-09	-3.41141809246e-10
1.12321856129e-09	-2.75764883151e-10
1.12442495392e-09	-2.00543692763e-10
1.12563134655e-09	-1.2018713802e-10
1.12683773918e-09	-3.60057712812e-11
1.12804413181e-09	5.16346548851e-11
1.12925052445e-09	1.39595709991e-10
1.13045691708e-09	2.20592807909e-10
1.13166330971e-09	2.83562229253e-10
1.13286970234e-09	3.17257164983e-10
1.13407609497e-09	3.14399423162e-10
1.1352824876e-09	2.75124811822e-10
1.13648888023e-09	2.07787509421e-10
1.13769527286e-09	1.26245208731e-10
1.13890166549e-09	4.58123747271e-11
1.14010805812e-09	-2.18096495724e-11
1.14131445076e-09	-7.08959210782e-11
1.14252084339e-09	-1.02089330045e-10
1.14372723602e-09	-1.19495011108e-10
1.14493362865e-09	-1.27073976341e-10
1.14614002128e-09	-1.25968235842e-10
1.14734641391e-09	-1.14055952183e-10
1.14855280654e-09	-8.87087625578e-11
1.14975919917e-09	-4.99262922671e-11
1.1509655918e-09	-3.65229027577e-12
1.15217198443e-09	3.85647139223e-11
1.15337837707e-09	6.24785570502e-11
1.1545847697e-09	5.65917798734e-11
1.15579116233e-09	1.73767753658e-11
1.15699755496e-09	-4.85908258074e-11
1.15820394759e-09	-1.25686405728e-10
1.15941034022e-09	-1.94413748988e-10
1.16061673285e-09	-2.3699558982e-10
1.16182312548e-09	-2.42825287655e-10
1.16302951811e-09	-2.10087891528e-10
1.16423591074e-09	-1.44965095483e-10
1.16544230338e-09	-5.83985776403e-11
1.16664869601e-09	3.7615681403e-11
1.16785508864e-09	1.32210686843e-10
1.16906148127e-09	2.16915832518e-10
1.1702678739e-09	2.84698681297e-10
1.17147426653e-09	3.29947680289e-10
1.17268065916e-09	3.48006068407e-10
1.17388705179e-09	3.36245281618e-10
1.17509344442e-09	2.95012209106e-10
1.17629983705e-09	2.28221996856e-10
1.17750622969e-09	1.43047518275e-10
1.17871262232e-09	4.80334869102e-11
1.17991901495e-09	-4.84436137038e-11
1.18112540758e-09	-1.40170999807e-10
1.18233180021e-09	-2.22756924018e-10
1.18353819284e-09	-2.93194524215e-10
1.18474458547e-09	-3.47817996627e-10
1.1859509781e-09	-3.81415565798e-10
1.18715737073e-09	-3.87511800426e-10
1.18836376336e-09	-3.60068003191e-10
1.189570156e-09	-2.96676572198e-10
1.19077654863e-09	-2.0070738127e-10
1.19198294126e-09	-8.27048221574e-11
1.19318933389e-09	4.1620411978e-11
1.19439572652e-09	1.54814910891e-10
1.19560211915e-09	2.42228292979e-10
1.19680851178e-09	2.95552665674e-10
1.19801490441e-09	3.13848169675e-10
1.19922129704e-09	3.02569053146e-10
1.20042768968e-09	2.69880562342e-10
1.20163408231e-09	2.23439364233e-10
1.20284047494e-09	1.67785715877e-10
1.20404686757e-09	1.046022019e-10
1.2052532602e-09	3.45263366508e-11
1.20645965283e-09	-3.99680115393e-11
1.20766604546e-09	-1.12283314591e-10
1.20887243809e-09	-1.71883646205e-10
1.21007883072e-09	-2.06393360735e-10
1.21128522335e-09	-2.06217265486e-10
1.21249161599e-09	-1.68414435175e-10
1.21369800862e-09	-9.9427022171e-11
1.21490440125e-09	-1.4281568983e-11
1.21611079388e-09	6.72399705359e-11
1.21731718651e-09	1.26098659292e-10
1.21852357914e-09	1.49732531929e-10
1.21972997177e-09	1.35102429244e-10
1.2209363644e-09	8.92398932528e-11
1.22214275703e-09	2.58925936247e-11
1.22334914966e-09	-3.89261331502e-11
1.2245555423e-09	-9.18848400144e-11
1.22576193493e-09	-1.25417051744e-10
1.22696832756e-09	-1.38344197209e-10
1.22817472019e-09	-1.34617955672e-10
1.22938111282e-09	-1.20221152478e-10
1.23058750545e-09	-1.00762072297e-10
1.23179389808e-09	-7.92155785412e-11
1.23300029071e-09	-5.59392011878e-11
1.23420668334e-09	-2.92130521162e-11
1.23541307597e-09	3.05138466578e-12
1.23661946861e-09	4.18833370763e-11
1.23782586124e-09	8.62417012804e-11
1.23903225387e-09	1.32630711969e-10
1.2402386465e-09	1.75812892023e-10
1.24144503913e-09	2.09362929771e-10
1.24265143176e-09	2.27213831083e-10
1.24385782439e-09	2.24267979188e-10
1.24506421702e-09	1.97905622445e-10
1.24627060965e-09	1.48388315524e-10
1.24747700228e-09	7.96350971277e-11
1.24868339492e-09	-9.03452117805e-13
1.24988978755e-09	-8.31879912178e-11
1.25109618018e-09	-1.56116453098e-10
1.25230257281e-09	-2.1005895634e-10
1.25350896544e-09	-2.38534636487e-10
1.25471535807e-09	-2.39908565236e-10
1.2559217507e-09	-2.17009910042e-10
1.25712814333e-09	-1.75892467258e-10
1.25833453596e-09	-1.23632062921e-10
1.25954092859e-09	-6.64720084531e-11
1.26074732123e-09	-9.05961677206e-12
1.26195371386e-09	4.54303261677e-11
1.26316010649e-09	9.39522765142e-11
1.26436649912e-09	1.32840710654e-10
1.26557289175e-09	1.57519983168e-10
1.26677928438e-09	1.6387265156e-10
1.26798567701e-09	1.4997887654e-10
1.26919206964e-09	1.1778997222e-10
1.27039846227e-09	7.35311880828e-11
1.27160485491e-09	2.63655087346e-11
1.27281124754e-09	-1.42203046213e-11
1.27401764017e-09	-4.13766659824e-11
1.2752240328e-09	-5.28041291248e-11
1.27643042543e-09	-5.09963217488e-11
1.27763681806e-09	-4.1647324478e-11
1.27884321069e-09	-3.10831638206e-11
1.28004960332e-09	-2.36873853865e-11
1.28125599595e-09	-2.07354394072e-11
1.28246238858e-09	-2.05829207844e-11
1.28366878122e-09	-2.0318691174e-11
1.28487517385e-09	-1.75292991927e-11
1.28608156648e-09	-1.15480385671e-11
1.28728795911e-09	-3.46481892656e-12
1.28849435174e-09	4.9517881115e-12
1.28970074437e-09	1.24671124119e-11
1.290907137e-09	1.90597381627e-11
1.29211352963e-09	2.55096326007e-11
1.29331992226e-09	3.22368347294e-11
1.29452631489e-09	3.79974732234e-11
1.29573270753e-09	3.96759639032e-11
1.29693910016e-09	3.33596414381e-11
1.29814549279e-09	1.64121667645e-11
1.29935188542e-09	-1.03819331604e-11
1.30055827805e-09	-4.20380605326e-11
1.30176467068e-09	-7.04150140973e-11
1.30297106331e-09	-8.70312710788e-11
1.30417745594e-09	-8.6463829152e-11
1.30538384857e-09	-6.85735079831e-11
1.3065902412e-09	-3.88662851902e-11
1.30779663384e-09	-6.24604838337e-12
1.30900302647e-09	2.03444292662e-11
1.3102094191e-09	3.53422638377e-11
1.31141581173e-09	3.82299331081e-11
1.31262220436e-09	3.29069861638e-11
1.31382859699e-09	2.5315515309e-11
1.31503498962e-09	2.03060259579e-11
1.31624138225e-09	1.97227390669e-11
1.31744777488e-09	2.20337012524e-11
1.31865416751e-09	2.39384363027e-11
1.31986056015e-09	2.26090274974e-11
1.32106695278e-09	1.76873932167e-11
1.32227334541e-09	1.14604497767e-11
1.32347973804e-09	7.43480884496e-12
1.32468613067e-09	7.99094818094e-12
1.3258925233e-09	1.23591805193e-11
1.32709891593e-09	1.64701446925e-11
1.32830530856e-09	1.44412450748e-11
1.32951170119e-09	1.89376726106e-12
1.33071809382e-09	-2.1442462389e-11
1.33192448646e-09	-5.03958749731e-11
1.33313087909e-09	-7.59668369876e-11
1.33433727172e-09	-8.86185846927e-11
1.33554366435e-09	-8.23687923424e-11
1.33675005698e-09	-5.74863247282e-11
1.33795644961e-09	-2.04962175704e-11
1.33916284224e-09	1.82606187116e-11
1.34036923487e-09	4.89274142035e-11
1.3415756275e-09	6.53632981074e-11
1.34278202014e-09	6.70917210677e-11
1.34398841277e-09	5.79490101738e-11
1.3451948054e-09	4.35284135125e-11
1.34640119803e-09	2.80951598791e-11
1.34760759066e-09	1.29422418962e-11
1.34881398329e-09	-3.00484160123e-12
1.35002037592e-09	-2.14390016157e-11
1.35122676855e-09	-4.19934365059e-11
1.35243316118e-09	-6.14984868585e-11
1.35363955381e-09	-7.44136627318e-11
1.35484594645e-09	-7.55101814409e-11
1.35605233908e-09	-6.22778079107e-11
1.35725873171e-09	-3.66126677587e-11
1.35846512434e-09	-4.53923313867e-12
1.35967151697e-09	2.6202939124e-11
1.3608779096e-09	4.89608943666e-11
1.36208430223e-09	6.09226141757e-11
1.36329069486e-09	6.33428795527e-11
1.36449708749e-09	6.06378072754e-11
1.36570348012e-09	5.75224312627e-11
1.36690987276e-09	5.67688986097e-11
1.36811626539e-09	5.79410894264e-11
1.36932265802e-09	5.78173273147e-11
1.37052905065e-09	5.24698687276e-11
1.37173544328e-09	3.90697231512e-11
1.37294183591e-09	1.74640874678e-11
1.37414822854e-09	-1.01262826249e-11
1.37535462117e-09	-3.99949552643e-11
1.3765610138e-09	-6.84895404279e-11
1.37776740643e-09	-9.28265797562e-11
1.37897379907e-09	-1.10989703539e-10
1.3801801917e-09	-1.21180315782e-10
1.38138658433e-09	-1.20925713887e-10
1.38259297696e-09	-1.07586557718e-10
1.38379936959e-09	-7.92703541697e-11
1.38500576222e-09	-3.6936093073e-11
1.38621215485e-09	1.45038677249e-11
1.38741854748e-09	6.62615726177e-11
1.38862494011e-09	1.07598492616e-10
1.38983133274e-09	1.29563151874e-10
1.39103772538e-09	1.2797138349e-10
1.39224411801e-09	1.05677321061e-10
1.39345051064e-09	7.13046774403e-11
1.39465690327e-09	3.63545825388e-11
1.3958632959e-09	1.04242760257e-11
1.39706968853e-09	-2.33529211593e-12
1.39827608116e-09	-4.32322927457e-12
1.39948247379e-09	-2.8692102947e-12
1.40068886642e-09	-5.75618025467e-12
1.40189525905e-09	-1.72667539988e-11
1.40310165169e-09	-3.52970361273e-11
1.40430804432e-09	-5.24910809263e-11
1.40551443695e-09	-5.95713478546e-11
1.40672082958e-09	-5.03334457447e-11
1.40792722221e-09	-2.52578808563e-11
1.40913361484e-09	8.10060959283e-12
1.41034000747e-09	3.78337049189e-11
1.4115464001e-09	5.32968565115e-11
1.41275279273e-09	4.9472242275e-11
1.41395918537e-09	2.96794741561e-11
1.415165578e-09	3.65483511511e-12
1.41637197063e-09	-1.67215130631e-11
1.41757836326e-09	-2.31709634119e-11
1.41878475589e-09	-1.48963636565e-11
1.41999114852e-09	1.2292342708e-12
1.42119754115e-09	1.37061178379e-11
1.42240393378e-09	1.23438950034e-11
1.42361032641e-09	-7.12330932087e-12
1.42481671904e-09	-4.01090514968e-11
1.42602311168e-09	-7.51684339773e-11
1.42722950431e-09	-9.83018527689e-11
1.42843589694e-09	-9.90551668467e-11
1.42964228957e-09	-7.48440684428e-11
1.4308486822e-09	-3.18827325652e-11
1.43205507483e-09	1.73075408172e-11
1.43326146746e-09	5.93799454052e-11
1.43446786009e-09	8.49578671303e-11
1.43567425272e-09	9.20844303587e-11
1.43688064535e-09	8.55237963782e-11
1.43808703799e-09	7.3778330667e-11
1.43929343062e-09	6.44624492674e-11
1.44049982325e-09	6.07316349988e-11
1.44170621588e-09	6.06001568371e-11
1.44291260851e-09	5.84270409831e-11
1.44411900114e-09	4.88004116284e-11
1.44532539377e-09	2.93846266763e-11
1.4465317864e-09	2.69370680275e-12
1.44773817903e-09	-2.52311487675e-11
1.44894457166e-09	-4.76326304788e-11
1.4501509643e-09	-6.01023120161e-11
1.45135735693e-09	-6.27442889312e-11
1.45256374956e-09	-5.94924665087e-11
1.45377014219e-09	-5.63826728361e-11
1.45497653482e-09	-5.81441457481e-11
1.45618292745e-09	-6.62713217636e-11
1.45738932008e-09	-7.82400186305e-11
1.45859571271e-09	-8.88484077977e-11
1.45980210534e-09	-9.26619267427e-11
1.46100849797e-09	-8.60034821137e-11
1.46221489061e-09	-6.84504397608e-11
1.46342128324e-09	-4.20658369249e-11
1.46462767587e-09	-1.05511172716e-11
1.4658340685e-09	2.26416368293e-11
1.46704046113e-09	5.48345570339e-11
1.46824685376e-09	8.41045497135e-11
1.46945324639e-09	1.0870972178e-10
1.47065963902e-09	1.26293031588e-10
1.47186603165e-09	1.34453392864e-10
1.47307242428e-09	1.31288382943e-10
1.47427881692e-09	1.17026693891e-10
1.47548520955e-09	9.43130018527e-11
1.47669160218e-09	6.79397302306e-11
1.47789799481e-09	4.29500254806e-11
1.47910438744e-09	2.2530588506e-11
1.48031078007e-09	6.605027289e-12
1.4815171727e-09	-8.26408993321e-12
1.48272356533e-09	-2.68050408259e-11
1.48392995796e-09	-5.25832051512e-11
1.4851363506e-09	-8.53104531462e-11
1.48634274323e-09	-1.20404936022e-10
1.48754913586e-09	-1.50026810419e-10
1.48875552849e-09	-1.66299210513e-10
1.48996192112e-09	-1.64421296023e-10
1.49116831375e-09	-1.44596085105e-10
1.49237470638e-09	-1.11890462173e-10
1.49358109901e-09	-7.37510469362e-11
1.49478749164e-09	-3.70450094211e-11
1.49599388427e-09	-5.17313145446e-12
1.49720027691e-09	2.2437404365e-11
1.49840666954e-09	4.90606479053e-11
1.49961306217e-09	7.77287331721e-11
1.5008194548e-09	1.08570805124e-10
1.50202584743e-09	1.37749395224e-10
1.50323224006e-09	1.58378782311e-10
1.50443863269e-09	1.63565994082e-10
1.50564502532e-09	1.49470394395e-10
1.50685141795e-09	1.17687165568e-10
1.50805781058e-09	7.48705056286e-11
1.50926420322e-09	3.05427766412e-11
1.51047059585e-09	-6.47841892978e-12
1.51167698848e-09	-3.12724360296e-11
1.51288338111e-09	-4.40326525242e-11
1.51408977374e-09	-4.92396817764e-11
1.51529616637e-09	-5.28184787574e-11
1.516502559e-09	-5.92463023086e-11
1.51770895163e-09	-6.94042254223e-11
1.51891534426e-09	-8.05846639418e-11
1.52012173689e-09	-8.81795678143e-11
1.52132812953e-09	-8.80971962047e-11
1.52253452216e-09	-7.89315557359e-11
1.52374091479e-09	-6.23289128643e-11
1.52494730742e-09	-4.22065021821e-11
1.52615370005e-09	-2.25806647686e-11
1.52736009268e-09	-5.93213325684e-12
1.52856648531e-09	7.63230798007e-12
1.52977287794e-09	1.9585421826e-11
1.53097927057e-09	3.14221981768e-11
1.5321856632e-09	4.3321943255e-11
1.53339205584e-09	5.34175481626e-11
1.53459844847e-09	5.88609300189e-11
1.5358048411e-09	5.72607031235e-11
1.53701123373e-09	4.85503443004e-11
1.53821762636e-09	3.54203610886e-11
1.53942401899e-09	2.25102558121e-11
1.54063041162e-09	1.43858848445e-11
1.54183680425e-09	1.3355812116e-11
1.54304319688e-09	1.8413045394e-11
1.54424958952e-09	2.55605814292e-11
1.54545598215e-09	2.98063934645e-11
1.54666237478e-09	2.74550104873e-11
1.54786876741e-09	1.79493520741e-11
1.54907516004e-09	3.91989305598e-12
1.55028155267e-09	-1.01885427178e-11
1.5514879453e-09	-2.04351154054e-11
1.55269433793e-09	-2.53531310529e-11
1.55390073056e-09	-2.64659370808e-11
1.55510712319e-09	-2.7322833232e-11
1.55631351583e-09	-3.12221255794e-11
1.55751990846e-09	-3.91996643478e-11
1.55872630109e-09	-4.90333815217e-11
1.55993269372e-09	-5.60831589502e-11
1.56113908635e-09	-5.54646571727e-11
1.56234547898e-09	-4.45071132726e-11
1.56355187161e-09	-2.43412286854e-11
1.56475826424e-09	3.50750624292e-13
1.56596465687e-09	2.31846174203e-11
1.5671710495e-09	3.87046575345e-11
1.56837744214e-09	4.46316976432e-11
1.56958383477e-09	4.25817991978e-11
1.5707902274e-09	3.69042366111e-11
1.57199662003e-09	3.24344648361e-11
1.57320301266e-09	3.1966457259e-11
1.57440940529e-09	3.50121320825e-11
1.57561579792e-09	3.80477802042e-11
1.57682219055e-09	3.65030262961e-11
1.57802858318e-09	2.7121183771e-11
1.57923497581e-09	9.86501505484e-12
1.58044136845e-09	-1.18377955008e-11
1.58164776108e-09	-3.24273524699e-11
1.58285415371e-09	-4.6470032683e-11
1.58406054634e-09	-5.09736176879e-11
1.58526693897e-09	-4.62975179027e-11
1.5864733316e-09	-3.56902042642e-11
1.58767972423e-09	-2.34525107667e-11
1.58888611686e-09	-1.29701267088e-11
1.59009250949e-09	-5.43158096625e-12
1.59129890212e-09	2.66728262741e-13
1.59250529476e-09	6.23337666206e-12
1.59371168739e-09	1.40484689853e-11
1.59491808002e-09	2.34538447691e-11
1.59612447265e-09	3.24086625592e-11
1.59733086528e-09	3.80178735715e-11
1.59853725791e-09	3.79684790552e-11
1.59974365054e-09	3.18473719618e-11
1.60095004317e-09	2.12320907383e-11
1.6021564358e-09	9.06759563268e-12
1.60336282843e-09	-1.91228586785e-12
1.60456922107e-09	-1.02169548863e-11
1.6057756137e-09	-1.61409531574e-11
1.60698200633e-09	-2.11126498229e-11
1.60818839896e-09	-2.64860147703e-11
1.60939479159e-09	-3.25247363764e-11
1.61060118422e-09	-3.79616893476e-11
1.61180757685e-09	-4.07203368247e-11
1.61301396948e-09	-3.89513699073e-11
1.61422036211e-09	-3.2298014957e-11
1.61542675475e-09	-2.2190317292e-11
1.61663314738e-09	-1.13448373959e-11
1.61783954001e-09	-2.37945253778e-12
1.61904593264e-09	3.39401575421e-12
1.62025232527e-09	6.57267946666e-12
1.6214587179e-09	9.19370222313e-12
1.62266511053e-09	1.33987222359e-11
1.62387150316e-09	2.02036651298e-11
1.62507789579e-09	2.85904511871e-11
1.62628428842e-09	3.60823836087e-11
1.62749068106e-09	3.98992609785e-11
1.62869707369e-09	3.86898985072e-11
1.62990346632e-09	3.33310323786e-11
1.63110985895e-09	2.66941174026e-11
1.63231625158e-09	2.22940520211e-11
1.63352264421e-09	2.2272704514e-11
1.63472903684e-09	2.62094582149e-11
1.63593542947e-09	3.06588816834e-11
1.6371418221e-09	3.07834938096e-11
1.63834821473e-09	2.22283857987e-11
1.63955460737e-09	3.49632866062e-12
1.640761e-09	-2.3219938125e-11
1.64196739263e-09	-5.25593873979e-11
1.64317378526e-09	-7.78978270777e-11
1.64438017789e-09	-9.40438629748e-11
1.64558657052e-09	-9.8766723966e-11
1.64679296315e-09	-9.35263672064e-11
1.64799935578e-09	-8.20241791155e-11
1.64920574841e-09	-6.83160333859e-11
1.65041214104e-09	-5.46293774106e-11
1.65161853368e-09	-4.05322338193e-11
1.65282492631e-09	-2.36953217464e-11
1.65403131894e-09	-1.5115964036e-12
1.65523771157e-09	2.6625352964e-11
1.6564441042e-09	5.84694723194e-11
1.65765049683e-09	8.89715037755e-11
1.65885688946e-09	1.12301896948e-10
1.66006328209e-09	1.24020974046e-10
1.66126967472e-09	1.22840237982e-10
1.66247606735e-09	1.1095720176e-10
1.66368245999e-09	9.26636892218e-11
1.66488885262e-09	7.24600102142e-11
1.66609524525e-09	5.27782331727e-11
1.66730163788e-09	3.35202005042e-11
1.66850803051e-09	1.25703327955e-11
1.66971442314e-09	-1.22725874602e-11
1.67092081577e-09	-4.1373713483e-11
1.6721272084e-09	-7.23288859361e-11
1.67333360103e-09	-1.00188163321e-10
1.67453999366e-09	-1.19476928351e-10
1.6757463863e-09	-1.26082755347e-10
1.67695277893e-09	-1.19135770693e-10
1.67815917156e-09	-1.01060639024e-10
1.67936556419e-09	-7.66081087455e-11
1.68057195682e-09	-5.08481728945e-11
1.68177834945e-09	-2.7282627546e-11
1.68298474208e-09	-7.14699827098e-12
1.68419113471e-09	1.04174611645e-11
1.68539752734e-09	2.67096119527e-11
1.68660391998e-09	4.24126948839e-11
1.68781031261e-09	5.64431591743e-11
1.68901670524e-09	6.65861255023e-11
1.69022309787e-09	7.05470681872e-11
1.6914294905e-09	6.74213324059e-11
1.69263588313e-09	5.86042742112e-11
1.69384227576e-09	4.73062249096e-11
1.69504866839e-09	3.75646631856e-11
1.69625506102e-09	3.21454182717e-11
1.69746145365e-09	3.17164107477e-11
1.69866784629e-09	3.42681369392e-11
1.69987423892e-09	3.63549745863e-11
1.70108063155e-09	3.45943100555e-11
1.70228702418e-09	2.72083241354e-11
1.70349341681e-09	1.48001038508e-11
1.70469980944e-09	-2.87731156175e-13
1.70590620207e-09	-1.49840417851e-11
1.7071125947e-09	-2.72696379366e-11
1.70831898733e-09	-3.6668335035e-11
1.70952537996e-09	-4.44054480686e-11
1.7107317726e-09	-5.21354556748e-11
1.71193816523e-09	-6.07623673599e-11
1.71314455786e-09	-6.95432114672e-11
1.71435095049e-09	-7.60279131318e-11
1.71555734312e-09	-7.72994376841e-11
1.71676373575e-09	-7.11442710299e-11
1.71797012838e-09	-5.74587044611e-11
1.71917652101e-09	-3.81468606703e-11
1.72038291364e-09	-1.65732740032e-11
1.72158930627e-09	4.06299603337e-12
1.72279569891e-09	2.19093944376e-11
1.72400209154e-09	3.69686781188e-11
1.72520848417e-09	5.05584532573e-11
1.7264148768e-09	6.38740241254e-11
1.72762126943e-09	7.69379560062e-11
1.72882766206e-09	8.78202580101e-11
1.73003405469e-09	9.34219021587e-11
1.73124044732e-09	9.07172600928e-11
1.73244683995e-09	7.84160444911e-11
1.73365323258e-09	5.78341055602e-11
1.73485962522e-09	3.24906282434e-11
1.73606601785e-09	7.00534855819e-12
1.73727241048e-09	-1.48904846786e-11
1.73847880311e-09	-3.13477264979e-11
1.73968519574e-09	-4.2860527627e-11
1.74089158837e-09	-5.11960335237e-11
1.742097981e-09	-5.7955765187e-11
1.74330437363e-09	-6.34329672122e-11
1.74451076626e-09	-6.60423521426e-11
1.74571715889e-09	-6.34754471207e-11
1.74692355153e-09	-5.39277407452e-11
1.74812994416e-09	-3.78512846066e-11
1.74933633679e-09	-1.81793712029e-11
1.75054272942e-09	2.67921481441e-13
1.75174912205e-09	1.26814721918e-11
1.75295551468e-09	1.63187241498e-11
1.75416190731e-09	1.15863265163e-11
1.75536829994e-09	2.14220655104e-12
1.75657469257e-09	-7.01151636751e-12
1.75778108521e-09	-1.13661432696e-11
1.75898747784e-09	-9.03389342499e-12
1.76019387047e-09	-1.15132664687e-12
1.7614002631e-09	8.88019258821e-12
1.76260665573e-09	1.72730978826e-11
1.76381304836e-09	2.1876550918e-11
1.76501944099e-09	2.2922476417e-11
1.76622583362e-09	2.29163875376e-11
1.76743222625e-09	2.47751073129e-11
1.76863861888e-09	3.02359075277e-11
1.76984501152e-09	3.84360425432e-11
1.77105140415e-09	4.61837824928e-11
1.77225779678e-09	4.92719511025e-11
1.77346418941e-09	4.44767452035e-11
1.77467058204e-09	3.12180975515e-11
1.77587697467e-09	1.18445531161e-11
1.7770833673e-09	-9.12597341446e-12
1.77828975993e-09	-2.71119880019e-11
1.77949615256e-09	-3.91279682266e-11
1.78070254519e-09	-4.50080493708e-11
1.78190893783e-09	-4.68804751963e-11
1.78311533046e-09	-4.78589633202e-11
1.78432172309e-09	-5.01548837184e-11
1.78552811572e-09	-5.38298260133e-11
1.78673450835e-09	-5.67293295672e-11
1.78794090098e-09	-5.54587729906e-11
1.78914729361e-09	-4.72289325704e-11
1.79035368624e-09	-3.12253486956e-11
1.79156007887e-09	-9.32289922345e-12
1.7927664715e-09	1.46465201079e-11
1.79397286414e-09	3.621562078e-11
1.79517925677e-09	5.19071140237e-11
1.7963856494e-09	6.02026761776e-11
1.79759204203e-09	6.15194284403e-11
1.79879843466e-09	5.74944362952e-11
1.80000482729e-09	4.98243980795e-11
1.80121121992e-09	3.96113281065e-11
1.80241761255e-09	2.7183038806e-11
1.80362400518e-09	1.27623016322e-11
1.80483039781e-09	-2.827257959e-12
1.80603679045e-09	-1.78525440958e-11
1.80724318308e-09	-2.9797369433e-11
1.80844957571e-09	-3.63458950436e-11
1.80965596834e-09	-3.6242012863e-11
1.81086236097e-09	-3.00162360245e-11
1.8120687536e-09	-1.98298513027e-11
1.81327514623e-09	-8.60999899849e-12
1.81448153886e-09	1.03027634167e-12
1.81568793149e-09	7.72361081341e-12
