% time-domain voltage integration by openEMS v0.37.0-rc1-2-g7b051bb @Wed Aug  5 23:05:19 2026
% start-coordinates: (0.00381152,0.00175571,0.00671161) m -> [108,77,117]
% stop-coordinates: (0.0043281,0.00175571,0.00671161) m -> [116,77,117]
% t/s	voltage
0	0
1.14537166239e-12	0
2.29074332477e-12	0
3.43611498716e-12	0
4.58148664955e-12	0
5.72685831193e-12	0
6.87222997432e-12	-8.92995450274e-36
8.01760163671e-12	-1.65417247749e-30
9.16297329909e-12	-1.51767137641e-26
1.03083449615e-11	-2.0456373878e-23
1.14537166239e-11	-6.75261643741e-21
1.25990882863e-11	-8.22486720429e-19
1.37444599486e-11	-5.52443019902e-17
1.4889831611e-11	-2.47028178532e-15
1.60352032734e-11	-6.78411996744e-14
1.71805749358e-11	-1.07172292247e-12
1.83259465982e-11	-9.86648620877e-12
1.94713182606e-11	-5.50262333528e-11
2.0616689923e-11	-1.92714456372e-10
2.17620615853e-11	-4.31059172731e-10
2.29074332477e-11	-5.7891908628e-10
2.40528049101e-11	-1.63491423524e-10
2.51981765725e-11	1.64925451768e-09
2.63435482349e-11	6.29385243922e-09
2.74889198973e-11	1.5813420573e-08
2.86342915597e-11	3.21712423368e-08
2.97796632221e-11	5.5975829083e-08
3.09250348844e-11	8.45520031767e-08
3.20704065468e-11	1.09072679777e-07
3.32157782092e-11	1.11995706931e-07
3.43611498716e-11	6.69386643892e-08
3.5506521534e-11	-5.77876777541e-08
3.66518931964e-11	-2.90342274667e-07
3.77972648588e-11	-6.41325389239e-07
3.89426365211e-11	-1.08819052258e-06
4.00880081835e-11	-1.564128425e-06
4.12333798459e-11	-1.9592461058e-06
4.23787515083e-11	-2.13881040168e-06
4.35241231707e-11	-1.9779513849e-06
4.46694948331e-11	-1.40472455712e-06
4.58148664955e-11	-4.3633194835e-07
4.69602381579e-11	8.07985244933e-07
4.81056098202e-11	2.12747768558e-06
4.92509814826e-11	3.29237283836e-06
5.0396353145e-11	4.11143182077e-06
5.15417248074e-11	4.48894547844e-06
5.26870964698e-11	4.44919982101e-06
5.38324681322e-11	4.11596971617e-06
5.49778397946e-11	3.65586797102e-06
5.61232114569e-11	3.20840638324e-06
5.72685831193e-11	2.83464430595e-06
5.84139547817e-11	2.50567673277e-06
5.95593264441e-11	2.13287852091e-06
6.07046981065e-11	1.62640851897e-06
6.18500697689e-11	9.49803393269e-07
6.29954414313e-11	1.47734828815e-07
6.41408130937e-11	-6.69841979217e-07
6.5286184756e-11	-1.37511521103e-06
6.64315564184e-11	-1.88162721315e-06
6.75769280808e-11	-2.18678270869e-06
6.87222997432e-11	-2.37511659407e-06
6.98676714056e-11	-2.58089657734e-06
7.1013043068e-11	-2.92149648828e-06
7.21584147304e-11	-3.43032236572e-06
7.33037863927e-11	-4.01643794135e-06
7.44491580551e-11	-4.47424855565e-06
7.55945297175e-11	-4.54335582845e-06
7.67399013799e-11	-4.00268521616e-06
7.78852730423e-11	-2.76466261084e-06
7.90306447047e-11	-9.32079963434e-07
8.01760163671e-11	1.20759947464e-06
8.13213880295e-11	3.2548476554e-06
8.24667596918e-11	4.81187012724e-06
8.36121313542e-11	5.59803578426e-06
8.47575030166e-11	5.52420152644e-06
8.5902874679e-11	4.70203383429e-06
8.70482463414e-11	3.38944933276e-06
8.81936180038e-11	1.89851324706e-06
8.93389896662e-11	5.04070582608e-07
9.04843613285e-11	-6.17438683292e-07
9.16297329909e-11	-1.40497149914e-06
9.27751046533e-11	-1.88986551564e-06
9.39204763157e-11	-2.15326419095e-06
9.50658479781e-11	-2.28216804032e-06
9.62112196405e-11	-2.33715364573e-06
9.73565913029e-11	-2.33630233026e-06
9.85019629653e-11	-2.2536975024e-06
9.96473346276e-11	-2.0314932101e-06
1.0079270629e-10	-1.60403581617e-06
1.01938077952e-10	-9.30536323551e-07
1.03083449615e-10	-2.89783823604e-08
1.04228821277e-10	1.00273174652e-06
1.0537419294e-10	1.99135389778e-06
1.06519564602e-10	2.7252434478e-06
1.07664936264e-10	3.01623300913e-06
1.08810307927e-10	2.76637740626e-06
1.09955679589e-10	2.01089864049e-06
1.11101051252e-10	9.19598797111e-07
1.12246422914e-10	-2.48539692826e-07
1.13391794576e-10	-1.22137529246e-06
1.14537166239e-10	-1.79349667917e-06
1.15682537901e-10	-1.88206081475e-06
1.16827909563e-10	-1.54122540152e-06
1.17973281226e-10	-9.35101937216e-07
1.19118652888e-10	-2.8175323763e-07
1.20264024551e-10	2.12061420868e-07
1.21409396213e-10	4.09129942369e-07
1.22554767875e-10	2.76364881202e-07
1.23700139538e-10	-1.07531557436e-07
1.248455112e-10	-5.7465869574e-07
1.25990882863e-10	-9.18876523315e-07
1.27136254525e-10	-9.61204960959e-07
1.28281626187e-10	-6.1473909696e-07
1.2942699785e-10	7.52623487976e-08
1.30572369512e-10	9.33195309472e-07
1.31717741174e-10	1.70359150786e-06
1.32863112837e-10	2.13668133142e-06
1.34008484499e-10	2.07934908758e-06
1.35153856162e-10	1.5361815926e-06
1.36299227824e-10	6.73312058552e-07
1.37444599486e-10	-2.37692633576e-07
1.38589971149e-10	-9.18109911652e-07
1.39735342811e-10	-1.18096432544e-06
1.40880714474e-10	-9.93533298299e-07
1.42026086136e-10	-4.78578023433e-07
1.43171457798e-10	1.43168159106e-07
1.44316829461e-10	6.44601627187e-07
1.45462201123e-10	8.77974201785e-07
1.46607572785e-10	8.21841005916e-07
1.47752944448e-10	5.7296816891e-07
1.4889831611e-10	2.9145858349e-07
1.50043687773e-10	1.24218558328e-07
1.51189059435e-10	1.42788825763e-07
1.52334431097e-10	3.17553310758e-07
1.5347980276e-10	5.37689549773e-07
1.54625174422e-10	6.63636342324e-07
1.55770546085e-10	5.87674680474e-07
1.56915917747e-10	2.78619104677e-07
1.58061289409e-10	-2.07361976035e-07
1.59206661072e-10	-7.48703936182e-07
1.60352032734e-10	-1.20286139094e-06
1.61497404397e-10	-1.45390733763e-06
1.62642776059e-10	-1.44664808488e-06
1.63788147721e-10	-1.19769298834e-06
1.64933519384e-10	-7.84140915755e-07
1.66078891046e-10	-3.1658020383e-07
1.67224262708e-10	9.21794987008e-08
1.68369634371e-10	3.53929138441e-07
1.69515006033e-10	4.22592243865e-07
1.70660377696e-10	2.99327588493e-07
1.71805749358e-10	2.79158824945e-08
1.7295112102e-10	-3.18363131413e-07
1.74096492683e-10	-6.53221345459e-07
1.75241864345e-10	-8.97151835488e-07
1.76387236008e-10	-9.92568764957e-07
1.7753260767e-10	-9.16086790426e-07
1.78677979332e-10	-6.81708549166e-07
1.79823350995e-10	-3.36058292305e-07
1.80968722657e-10	5.30136419208e-08
1.82114094319e-10	4.12885903245e-07
1.83259465982e-10	6.82139340569e-07
1.84404837644e-10	8.23188582189e-07
1.85550209307e-10	8.26888175709e-07
1.86695580969e-10	7.10375516633e-07
1.87840952631e-10	5.06453023519e-07
1.88986324294e-10	2.52148797841e-07
1.90131695956e-10	-2.30074916896e-08
1.91277067619e-10	-3.01275838055e-07
1.92422439281e-10	-5.7448636781e-07
1.93567810943e-10	-8.36116896608e-07
1.94713182606e-10	-1.07299409535e-06
1.95858554268e-10	-1.26048528415e-06
1.97003925931e-10	-1.36544395701e-06
1.98149297593e-10	-1.35632471654e-06
1.99294669255e-10	-1.21532529818e-06
2.00440040918e-10	-9.48712994386e-07
2.0158541258e-10	-5.89392747941e-07
2.02730784242e-10	-1.8998610507e-07
2.03876155905e-10	1.91019133844e-07
2.05021527567e-10	5.06506630416e-07
2.0616689923e-10	7.3387638011e-07
2.07312270892e-10	8.79468760928e-07
2.08457642554e-10	9.71008262241e-07
2.09603014217e-10	1.04097812681e-06
2.10748385879e-10	1.10635847506e-06
2.11893757542e-10	1.15446922422e-06
2.13039129204e-10	1.14174248722e-06
2.14184500866e-10	1.00764282962e-06
2.15329872529e-10	7.0106754535e-07
2.16475244191e-10	2.06739793285e-07
2.17620615853e-10	-4.37149832777e-07
2.18765987516e-10	-1.14035697862e-06
2.19911359178e-10	-1.78025046438e-06
2.21056730841e-10	-2.23481772821e-06
2.22202102503e-10	-2.41612450225e-06
2.23347474165e-10	-2.29446473554e-06
2.24492845828e-10	-1.90387788734e-06
2.2563821749e-10	-1.3292737151e-06
2.26783589153e-10	-6.81063408337e-07
2.27928960815e-10	-6.37216674981e-08
2.29074332477e-10	4.47906881362e-07
2.3021970414e-10	8.22246775556e-07
2.31365075802e-10	1.06765828178e-06
2.32510447464e-10	1.21850877832e-06
2.33655819127e-10	1.3141732893e-06
2.34801190789e-10	1.38110375048e-06
2.35946562452e-10	1.42218917887e-06
2.37091934114e-10	1.41685537614e-06
2.38237305776e-10	1.33146913583e-06
2.39382677439e-10	1.13342958485e-06
2.40528049101e-10	8.0660546331e-07
2.41673420764e-10	3.60024234425e-07
2.42818792426e-10	-1.69291681118e-07
2.43964164088e-10	-7.23489350207e-07
2.45109535751e-10	-1.23480824499e-06
2.46254907413e-10	-1.64048469742e-06
2.47400279076e-10	-1.89467343148e-06
2.48545650738e-10	-1.97627674936e-06
2.496910224e-10	-1.88946988544e-06
2.50836394063e-10	-1.65786399009e-06
2.51981765725e-10	-1.31523672309e-06
2.53127137387e-10	-8.95531236722e-07
2.5427250905e-10	-4.27037175399e-07
2.55417880712e-10	6.8683148946e-08
2.56563252375e-10	5.71701281871e-07
2.57708624037e-10	1.05748124923e-06
2.58853995699e-10	1.49104709379e-06
2.59999367362e-10	1.82756826916e-06
2.61144739024e-10	2.01888725826e-06
2.62290110687e-10	2.02562277707e-06
2.63435482349e-10	1.82994949682e-06
2.64580854011e-10	1.44510764954e-06
2.65726225674e-10	9.16584973254e-07
2.66871597336e-10	3.14124815048e-07
2.68016968998e-10	-2.8325857393e-07
2.69162340661e-10	-8.05189920072e-07
2.70307712323e-10	-1.20434264517e-06
2.71453083986e-10	-1.463561631e-06
2.72598455648e-10	-1.59285839629e-06
2.7374382731e-10	-1.61893075301e-06
2.74889198973e-10	-1.57036068771e-06
2.76034570635e-10	-1.46496038411e-06
2.77179942298e-10	-1.30341771865e-06
2.7832531396e-10	-1.07151024764e-06
2.79470685622e-10	-7.50160946694e-07
2.80616057285e-10	-3.28993760235e-07
2.81761428947e-10	1.80973352748e-07
2.82906800609e-10	7.40793115739e-07
2.84052172272e-10	1.28580531111e-06
2.85197543934e-10	1.73624571431e-06
2.86342915597e-10	2.014573937e-06
2.87488287259e-10	2.06423267457e-06
2.88633658921e-10	1.86525123524e-06
2.89779030584e-10	1.44220209108e-06
2.90924402246e-10	8.61081932868e-07
2.92069773909e-10	2.15890384681e-07
2.93215145571e-10	-3.92526025905e-07
2.94360517233e-10	-8.79258976738e-07
2.95505888896e-10	-1.19391565789e-06
2.96651260558e-10	-1.32850012591e-06
2.97796632221e-10	-1.31352110344e-06
2.98942003883e-10	-1.2031481802e-06
3.00087375545e-10	-1.05489402102e-06
3.01232747208e-10	-9.10579760927e-07
3.0237811887e-10	-7.84886882599e-07
3.03523490532e-10	-6.64989961763e-07
3.04668862195e-10	-5.20344055843e-07
3.05814233857e-10	-3.19071677524e-07
3.0695960552e-10	-4.46287922173e-08
3.08104977182e-10	2.93073940227e-07
3.09250348844e-10	6.56365564566e-07
3.10395720507e-10	9.8809929483e-07
3.11541092169e-10	1.22751799125e-06
3.12686463832e-10	1.32742707137e-06
3.13831835494e-10	1.26745321438e-06
3.14977207156e-10	1.05915992066e-06
3.16122578819e-10	7.41743615862e-07
3.17267950481e-10	3.70473546951e-07
3.18413322143e-10	2.3562021223e-09
3.19558693806e-10	-3.16705079939e-07
3.20704065468e-10	-5.59274116796e-07
3.21849437131e-10	-7.17350385315e-07
3.22994808793e-10	-7.98091036813e-07
3.24140180455e-10	-8.16390592462e-07
3.25285552118e-10	-7.88265957397e-07
3.2643092378e-10	-7.26097130865e-07
3.27576295443e-10	-6.37529169012e-07
3.28721667105e-10	-5.26459484007e-07
3.29867038767e-10	-3.95718496193e-07
3.3101241043e-10	-2.4855006231e-07
3.32157782092e-10	-9.01084722393e-08
3.33303153755e-10	7.29925671017e-08
3.34448525417e-10	2.33061863142e-07
3.35593897079e-10	3.81645957503e-07
3.36739268742e-10	5.09774750412e-07
3.37884640404e-10	6.07679726983e-07
3.39030012066e-10	6.65500689223e-07
3.40175383729e-10	6.74217126573e-07
3.41320755391e-10	6.28035348171e-07
3.42466127054e-10	5.26047596594e-07
3.43611498716e-10	3.74026226879e-07
3.44756870378e-10	1.84209646648e-07
3.45902242041e-10	-2.53401087891e-08
3.47047613703e-10	-2.333921163e-07
3.48192985366e-10	-4.17719766332e-07
3.49338357028e-10	-5.58174857446e-07
3.5048372869e-10	-6.39231206634e-07
3.51629100353e-10	-6.52440309779e-07
3.52774472015e-10	-5.984421243e-07
3.53919843677e-10	-4.8773386041e-07
3.5506521534e-10	-3.398510664e-07
3.56210587002e-10	-1.79880496276e-07
3.57355958665e-10	-3.34724610251e-08
3.58501330327e-10	7.97300785393e-08
3.59646701989e-10	1.50917615294e-07
3.60792073652e-10	1.84652984458e-07
3.61937445314e-10	1.96328709734e-07
3.63082816977e-10	2.06224384236e-07
3.64228188639e-10	2.3110651437e-07
3.65373560301e-10	2.7691101856e-07
3.66518931964e-10	3.35296734377e-07
3.67664303626e-10	3.85502016087e-07
3.68809675288e-10	4.0121353706e-07
3.69955046951e-10	3.60125898879e-07
3.71100418613e-10	2.53107318215e-07
3.72245790276e-10	8.88415008227e-08
3.73391161938e-10	-1.06278652545e-07
3.745365336e-10	-2.94949161983e-07
3.75681905263e-10	-4.39046029754e-07
3.76827276925e-10	-5.10593551439e-07
3.77972648588e-10	-4.99763153528e-07
3.7911802025e-10	-4.17635286354e-07
3.80263391912e-10	-2.9201204832e-07
3.81408763575e-10	-1.58410351503e-07
3.82554135237e-10	-4.85065772549e-08
3.836995069e-10	1.95607746667e-08
3.84844878562e-10	4.57590436653e-08
3.85990250224e-10	4.62164624349e-08
3.87135621887e-10	4.54078725731e-08
3.88280993549e-10	6.56603389437e-08
3.89426365211e-10	1.17816245648e-07
3.90571736874e-10	1.96574626798e-07
3.91717108536e-10	2.81773010258e-07
3.92862480199e-10	3.45653965894e-07
3.94007851861e-10	3.62512507124e-07
3.95153223523e-10	3.1808513512e-07
3.96298595186e-10	2.14666119547e-07
3.97443966848e-10	7.09437881774e-08
3.98589338511e-10	-8.38534046643e-08
3.99734710173e-10	-2.18556220233e-07
4.00880081835e-10	-3.09008601818e-07
4.02025453498e-10	-3.44196813273e-07
4.0317082516e-10	-3.27825118163e-07
4.04316196822e-10	-2.75235050751e-07
4.05461568485e-10	-2.0710462767e-07
4.06606940147e-10	-1.42180972773e-07
4.0775231181e-10	-9.1583938655e-08
4.08897683472e-10	-5.63876503268e-08
4.10043055134e-10	-2.90339758902e-08
4.11188426797e-10	2.08832301452e-09
4.12333798459e-10	4.66528455867e-08
4.13479170122e-10	1.07550208295e-07
4.14624541784e-10	1.78256509997e-07
4.15769913446e-10	2.44421551443e-07
4.16915285109e-10	2.88068610743e-07
4.18060656771e-10	2.937443071e-07
4.19206028434e-10	2.53935832362e-07
4.20351400096e-10	1.72070850013e-07
4.21496771758e-10	6.18533855246e-08
4.22642143421e-10	-5.62216357913e-08
4.23787515083e-10	-1.60810515126e-07
4.24932886745e-10	-2.35098989165e-07
4.26078258408e-10	-2.70714846096e-07
4.2722363007e-10	-2.68794183356e-07
4.28369001733e-10	-2.38143993414e-07
4.29514373395e-10	-1.91404417649e-07
4.30659745057e-10	-1.40764981005e-07
4.3180511672e-10	-9.44018148097e-08
4.32950488382e-10	-5.46810297042e-08
4.34095860045e-10	-1.87917927885e-08
4.35241231707e-10	1.90832907532e-08
4.36386603369e-10	6.43241941933e-08
4.37531975032e-10	1.18742746746e-07
4.38677346694e-10	1.78479066193e-07
4.39822718356e-10	2.34153567646e-07
4.40968090019e-10	2.72900546605e-07
4.42113461681e-10	2.82250947947e-07
4.43258833344e-10	2.54105202657e-07
4.44404205006e-10	1.87892666759e-07
4.45549576668e-10	9.14230446902e-08
4.46694948331e-10	-2.06362729127e-08
4.47840319993e-10	-1.30454042235e-07
4.48985691656e-10	-2.2137923672e-07
4.50131063318e-10	-2.81823371751e-07
4.5127643498e-10	-3.07387237442e-07
4.52421806643e-10	-3.00678255627e-07
4.53567178305e-10	-2.69222717009e-07
4.54712549967e-10	-2.22315683196e-07
4.5585792163e-10	-1.67846339494e-07
4.57003293292e-10	-1.103650904e-07
4.58148664955e-10	-5.08396698073e-08
4.59294036617e-10	1.20793309522e-08
4.60439408279e-10	7.96916816981e-08
4.61584779942e-10	1.51011771088e-07
4.62730151604e-10	2.21380752841e-07
4.63875523267e-10	2.82532633733e-07
4.65020894929e-10	3.24237749538e-07
4.66166266591e-10	3.36795681122e-07
4.67311638254e-10	3.13934489071e-07
4.68457009916e-10	2.54848668391e-07
4.69602381579e-10	1.65145018549e-07
4.70747753241e-10	5.57769415099e-08
4.71893124903e-10	-5.89108490878e-08
4.73038496566e-10	-1.64582100837e-07
4.74183868228e-10	-2.49475897718e-07
4.7532923989e-10	-3.06573028297e-07
4.76474611553e-10	-3.33750310944e-07
4.77619983215e-10	-3.32976330952e-07
4.78765354878e-10	-3.0834374698e-07
4.7991072654e-10	-2.64551866636e-07
4.81056098202e-10	-2.05594549385e-07
4.82201469865e-10	-1.34770316684e-07
4.83346841527e-10	-5.51683494443e-08
4.8449221319e-10	2.95452393662e-08
4.85637584852e-10	1.14457506584e-07
4.86782956514e-10	1.93531650261e-07
4.87928328177e-10	2.59893568e-07
4.89073699839e-10	3.07025587176e-07
4.90219071501e-10	3.29486585571e-07
4.91364443164e-10	3.24116102846e-07
4.92509814826e-10	2.90407189851e-07
4.93655186489e-10	2.30937981627e-07
4.94800558151e-10	1.51008218374e-07
4.95945929813e-10	5.83578372293e-08
4.97091301476e-10	-3.80693636615e-08
4.98236673138e-10	-1.28928050458e-07
4.99382044801e-10	-2.05895935856e-07
5.00527416463e-10	-2.62615175828e-07
5.01672788125e-10	-2.95367820868e-07
5.02818159788e-10	-3.03238316235e-07
5.0396353145e-10	-2.8783212791e-07
5.05108903113e-10	-2.52479239293e-07
5.06254274775e-10	-2.01526945354e-07
5.07399646437e-10	-1.39720385484e-07
5.085450181e-10	-7.16273760304e-08
5.09690389762e-10	-1.68343350371e-09
5.10835761424e-10	6.60209233949e-08
5.11981133087e-10	1.27639967928e-07
5.13126504749e-10	1.79672206002e-07
5.14271876412e-10	2.18931514695e-07
5.15417248074e-10	2.42774442327e-07
5.16562619736e-10	2.49203115033e-07
5.17707991399e-10	2.37337056674e-07
5.18853363061e-10	2.07715712186e-07
5.19998734724e-10	1.62614973931e-07
5.21144106386e-10	1.06122725718e-07
5.22289478048e-10	4.3574294839e-08
5.23434849711e-10	-1.91654523363e-08
5.24580221373e-10	-7.6815022787e-08
5.25725593035e-10	-1.25401657058e-07
5.26870964698e-10	-1.62751086386e-07
5.2801633636e-10	-1.8815389069e-07
5.29161708023e-10	-2.01894692964e-07
5.30307079685e-10	-2.04429563055e-07
5.31452451347e-10	-1.95936396885e-07
5.3259782301e-10	-1.76307200839e-07
5.33743194672e-10	-1.45628927584e-07
5.34888566335e-10	-1.04751646912e-07
5.36033937997e-10	-5.59075699069e-08
5.37179309659e-10	-2.67374655749e-09
5.38324681322e-10	5.05074559953e-08
5.39470052984e-10	9.90601933815e-08
5.40615424646e-10	1.39207624095e-07
5.41760796309e-10	1.6832175298e-07
5.42906167971e-10	1.85016410192e-07
5.44051539634e-10	1.88773851661e-07
5.45196911296e-10	1.79679030765e-07
5.46342282958e-10	1.5820550292e-07
5.47487654621e-10	1.25568761611e-07
5.48633026283e-10	8.38216158705e-08
5.49778397946e-10	3.62391996411e-08
5.50923769608e-10	-1.30121188269e-08
5.5206914127e-10	-5.93411781935e-08
5.53214512933e-10	-9.86351205157e-08
5.54359884595e-10	-1.27865781074e-07
5.55505256258e-10	-1.45809636365e-07
5.5665062792e-10	-1.52867523973e-07
5.57795999582e-10	-1.50751946926e-07
5.58941371245e-10	-1.41679654675e-07
5.60086742907e-10	-1.27522636895e-07
5.61232114569e-10	-1.09119171032e-07
5.62377486232e-10	-8.62514362154e-08
5.63522857894e-10	-5.79242414034e-08
5.64668229557e-10	-2.33478372191e-08
5.65813601219e-10	1.70497008734e-08
5.66958972881e-10	6.09977015564e-08
5.68104344544e-10	1.04152446667e-07
5.69249716206e-10	1.40819293115e-07
5.70395087869e-10	1.65199099733e-07
5.71540459531e-10	1.72912164587e-07
5.72685831193e-10	1.62208174004e-07
5.73831202856e-10	1.34686888309e-07
5.74976574518e-10	9.48912535215e-08
5.7612194618e-10	4.9279484049e-08
5.77267317843e-10	4.64862560945e-09
5.78412689505e-10	-3.35642611482e-08
5.79558061168e-10	-6.22614257928e-08
5.8070343283e-10	-8.10400226925e-08
5.81848804492e-10	-9.16120015404e-08
5.82994176155e-10	-9.66952629078e-08
5.84139547817e-10	-9.87917689876e-08
5.8528491948e-10	-9.93094158019e-08
5.86430291142e-10	-9.81549561629e-08
5.87575662804e-10	-9.4039674714e-08
5.88721034467e-10	-8.51946735381e-08
5.89866406129e-10	-7.00777507134e-08
5.91011777792e-10	-4.81892046267e-08
5.92157149454e-10	-2.03847521085e-08
5.93302521116e-10	1.11436542216e-08
5.94447892779e-10	4.32374207548e-08
5.95593264441e-10	7.22891471128e-08
5.96738636103e-10	9.50121616938e-08
5.97884007766e-10	1.08837782786e-07
5.99029379428e-10	1.12442033462e-07
6.00174751091e-10	1.05808691142e-07
6.01320122753e-10	9.02251078294e-08
6.02465494415e-10	6.80635499073e-08
6.03610866078e-10	4.23047172848e-08
6.0475623774e-10	1.60227995316e-08
6.05901609403e-10	-8.09082562059e-09
6.07046981065e-10	-2.82625689518e-08
6.08192352727e-10	-4.37255234242e-08
6.0933772439e-10	-5.46438045923e-08
6.10483096052e-10	-6.18142981246e-08
6.11628467714e-10	-6.61605237262e-08
6.12773839377e-10	-6.83139123048e-08
6.13919211039e-10	-6.84304057863e-08
6.15064582702e-10	-6.61491403875e-08
6.16209954364e-10	-6.08086812015e-08
6.17355326026e-10	-5.17846359127e-08
6.18500697689e-10	-3.8859026219e-08
6.19646069351e-10	-2.23612730554e-08
6.20791441014e-10	-3.35283788233e-09
6.21936812676e-10	1.66178216743e-08
6.23082184338e-10	3.56873022245e-08
6.24227556001e-10	5.20272280813e-08
6.25372927663e-10	6.40418242881e-08
6.26518299325e-10	7.06718186194e-08
6.27663670988e-10	7.12913710288e-08
6.2880904265e-10	6.58883969606e-08
6.29954414313e-10	5.49759044954e-08
6.31099785975e-10	3.96220429799e-08
6.32245157637e-10	2.14060389414e-08
6.333905293e-10	2.33204439093e-09
6.34535900962e-10	-1.5444036161e-08
6.35681272625e-10	-2.99497695533e-08
6.36826644287e-10	-3.97983972444e-08
6.37972015949e-10	-4.45549490635e-08
6.39117387612e-10	-4.47699735062e-08
6.40262759274e-10	-4.1911737414e-08
6.41408130937e-10	-3.77308277955e-08
6.42553502599e-10	-3.37473176071e-08
6.43698874261e-10	-3.06422924812e-08
6.44844245924e-10	-2.80017974363e-08
6.45989617586e-10	-2.44392707183e-08
6.47134989248e-10	-1.82832714524e-08
6.48280360911e-10	-8.25348697719e-09
6.49425732573e-10	5.66747057618e-09
6.50571104236e-10	2.19298876836e-08
6.51716475898e-10	3.75516191475e-08
6.5286184756e-10	4.89097207179e-08
6.54007219223e-10	5.27983150533e-08
6.55152590885e-10	4.75425723234e-08
6.56297962548e-10	3.3699149693e-08
6.5744333421e-10	1.4106564139e-08
6.58588705872e-10	-6.76332001515e-09
6.59734077535e-10	-2.40337998392e-08
6.60879449197e-10	-3.37368488701e-08
6.62024820859e-10	-3.40200800863e-08
6.63170192522e-10	-2.55964465179e-08
6.64315564184e-10	-1.15593107308e-08
6.65460935847e-10	3.59815247042e-09
6.66606307509e-10	1.53317756268e-08
6.67751679171e-10	2.04276183746e-08
6.68897050834e-10	1.79055748006e-08
6.70042422496e-10	9.26666443579e-09
6.71187794159e-10	-2.09423785258e-09
6.72333165821e-10	-1.20225535638e-08
6.73478537483e-10	-1.70316808434e-08
6.74623909146e-10	-1.54527187157e-08
6.75769280808e-10	-7.957614373e-09
6.76914652471e-10	2.55324615617e-09
6.78060024133e-10	1.20066334652e-08
6.79205395795e-10	1.63730484726e-08
6.80350767458e-10	1.30560634526e-08
6.8149613912e-10	1.75091842414e-09
6.82641510782e-10	-1.53225531152e-08
6.83786882445e-10	-3.40413222055e-08
6.84932254107e-10	-4.93716598715e-08
6.8607762577e-10	-5.68166136361e-08
6.87222997432e-10	-5.35171835736e-08
6.88368369094e-10	-3.90526675442e-08
6.89513740757e-10	-1.55082032771e-08
6.90659112419e-10	1.30037944857e-08
6.91804484082e-10	4.13087999362e-08
6.92949855744e-10	6.4385168308e-08
6.94095227406e-10	7.84166380718e-08
6.95240599069e-10	8.15967835521e-08
6.96385970731e-10	7.43230708089e-08
6.97531342393e-10	5.89571005349e-08
6.98676714056e-10	3.89968295433e-08
6.99822085718e-10	1.81534151045e-08
7.00967457381e-10	-6.35755073586e-10
7.02112829043e-10	-1.5812668952e-08
7.03258200705e-10	-2.74050573346e-08
7.04403572368e-10	-3.66387884476e-08
7.0554894403e-10	-4.52825916764e-08
7.06694315693e-10	-5.46879395102e-08
7.07839687355e-10	-6.5149136308e-08
7.08985059017e-10	-7.55042388612e-08
7.1013043068e-10	-8.33519457899e-08
7.11275802342e-10	-8.56773456626e-08
7.12421174004e-10	-7.97185544243e-08
7.13566545667e-10	-6.38752943871e-08
7.14711917329e-10	-3.82691622836e-08
7.15857288992e-10	-4.91986512641e-09
7.17002660654e-10	3.25744113905e-08
7.18148032316e-10	6.9663641078e-08
7.19293403979e-10	1.01694762389e-07
7.20438775641e-10	1.24674992108e-07
7.21584147304e-10	1.35930807943e-07
7.22729518966e-10	1.34386662687e-07
7.23874890628e-10	1.20599104037e-07
7.25020262291e-10	9.64498143574e-08
7.26165633953e-10	6.46868487664e-08
7.27311005616e-10	2.8413374098e-08
7.28456377278e-10	-9.35326158191e-09
7.2960174894e-10	-4.59336588765e-08
7.30747120603e-10	-7.9057828728e-08
7.31892492265e-10	-1.06815195355e-07
7.33037863927e-10	-1.27589157906e-07
7.3418323559e-10	-1.39972598845e-07
7.35328607252e-10	-1.42897158106e-07
7.36473978915e-10	-1.357559265e-07
7.37619350577e-10	-1.18598029175e-07
7.38764722239e-10	-9.22723835117e-08
7.39910093902e-10	-5.84407287008e-08
7.41055465564e-10	-1.94636435857e-08
7.42200837227e-10	2.18340203695e-08
7.43346208889e-10	6.23959364177e-08
7.44491580551e-10	9.92227073837e-08
7.45636952214e-10	1.29548527461e-07
7.46782323876e-10	1.51026812389e-07
7.47927695538e-10	1.61857165892e-07
7.49073067201e-10	1.60958157025e-07
7.50218438863e-10	1.48006574108e-07
7.51363810526e-10	1.23591094692e-07
7.52509182188e-10	8.91539815306e-08
7.5365455385e-10	4.69353838017e-08
7.54799925513e-10	-1.08445197267e-10
7.55945297175e-10	-4.851757196e-08
7.57090668838e-10	-9.45074174474e-08
7.582360405e-10	-1.34228847593e-07
7.59381412162e-10	-1.6411853565e-07
7.60526783825e-10	-1.81265368049e-07
7.61672155487e-10	-1.83799876652e-07
7.6281752715e-10	-1.71199346255e-07
7.63962898812e-10	-1.44478586428e-07
7.65108270474e-10	-1.06095286778e-07
7.66253642137e-10	-5.96957323573e-08
7.67399013799e-10	-9.60233847991e-09
7.68544385461e-10	3.97298716148e-08
7.69689757124e-10	8.43215133273e-08
7.70835128786e-10	1.21039206213e-07
7.71980500449e-10	1.47867211808e-07
7.73125872111e-10	1.63820951471e-07
7.74271243773e-10	1.688036253e-07
7.75416615436e-10	1.63241312912e-07
7.76561987098e-10	1.47880533596e-07
7.77707358761e-10	1.23557410525e-07
7.78852730423e-10	9.12387108087e-08
7.79998102085e-10	5.21413989762e-08
7.81143473748e-10	7.97354315907e-09
7.8228884541e-10	-3.88777010585e-08
7.83434217072e-10	-8.52373891469e-08
7.84579588735e-10	-1.27319138343e-07
7.85724960397e-10	-1.61082021499e-07
7.8687033206e-10	-1.82824477335e-07
7.88015703722e-10	-1.89800508643e-07
7.89161075384e-10	-1.80766604352e-07
7.90306447047e-10	-1.56275198115e-07
7.91451818709e-10	-1.18642925706e-07
7.92597190372e-10	-7.16515855537e-08
7.93742562034e-10	-1.9925989414e-08
7.94887933696e-10	3.16440655901e-08
7.96033305359e-10	7.86040379452e-08
7.97178677021e-10	1.17370166919e-07
7.98324048683e-10	1.45563112675e-07
7.99469420346e-10	1.62014764271e-07
8.00614792008e-10	1.66709109628e-07
8.01760163671e-10	1.60428058393e-07
8.02905535333e-10	1.44519563428e-07
8.04050906995e-10	1.20490873279e-07
8.05196278658e-10	8.99022931655e-08
8.0634165032e-10	5.42518989732e-08
8.07487021983e-10	1.50935862697e-08
8.08632393645e-10	-2.5826406902e-08
8.09777765307e-10	-6.63927579581e-08
8.1092313697e-10	-1.04059408645e-07
8.12068508632e-10	-1.3596367765e-07
8.13213880295e-10	-1.59153033863e-07
8.14359251957e-10	-1.7103062433e-07
8.15504623619e-10	-1.69767834457e-07
8.16649995282e-10	-1.54738016178e-07
8.17795366944e-10	-1.26732320638e-07
8.18940738606e-10	-8.8022058975e-08
8.20086110269e-10	-4.21102770432e-08
8.21231481931e-10	6.68705363305e-09
8.22376853594e-10	5.38181641474e-08
8.23522225256e-10	9.51025347362e-08
8.24667596918e-10	1.27240165959e-07
8.25812968581e-10	1.48154899904e-07
8.26958340243e-10	1.57061821326e-07
8.28103711906e-10	1.5439725054e-07
8.29249083568e-10	1.41425338107e-07
8.3039445523e-10	1.1996624405e-07
8.31539826893e-10	9.19519198561e-08
8.32685198555e-10	5.92807203326e-08
8.33830570217e-10	2.36731224623e-08
8.3497594188e-10	-1.31596563091e-08
8.36121313542e-10	-4.94606853252e-08
8.37266685205e-10	-8.32215758528e-08
8.38412056867e-10	-1.12235242433e-07
8.39557428529e-10	-1.34212142733e-07
8.40702800192e-10	-1.47096026026e-07
8.41848171854e-10	-1.49358957202e-07
8.42993543517e-10	-1.40324164732e-07
8.44138915179e-10	-1.20342214416e-07
8.45284286841e-10	-9.08055306503e-08
8.46429658504e-10	-5.40721400988e-08
8.47575030166e-10	-1.31818510551e-08
8.48720401828e-10	2.83891576913e-08
8.49865773491e-10	6.71644895256e-08
8.51011145153e-10	9.99557561165e-08
8.52156516816e-10	1.24252281353e-07
8.53301888478e-10	1.38371636815e-07
8.5444726014e-10	1.41636156137e-07
8.55592631803e-10	1.34249115824e-07
8.56738003465e-10	1.17258341703e-07
8.57883375128e-10	9.23043299572e-08
8.5902874679e-10	6.14811992428e-08
8.60174118452e-10	2.71419726694e-08
8.61319490115e-10	-8.19412615538e-09
8.62464861777e-10	-4.20348587049e-08
8.6361023344e-10	-7.2023381037e-08
8.64755605102e-10	-9.61132076149e-08
8.65900976764e-10	-1.12775240702e-07
8.67046348427e-10	-1.21052853075e-07
8.68191720089e-10	-1.20693092853e-07
8.69337091751e-10	-1.12061143032e-07
8.70482463414e-10	-9.60619797041e-08
8.71627835076e-10	-7.39963841312e-08
8.72773206739e-10	-4.74255794636e-08
8.73918578401e-10	-1.80584980303e-08
8.75063950063e-10	1.22856665397e-08
8.76209321726e-10	4.17480312542e-08
8.77354693388e-10	6.84313774535e-08
8.78500065051e-10	9.04645904853e-08
8.79645436713e-10	1.06126312183e-07
8.80790808375e-10	1.13946219571e-07
8.81936180038e-10	1.12953119746e-07
8.830815517e-10	1.02848513706e-07
8.84226923362e-10	8.42054825867e-08
8.85372295025e-10	5.8512119594e-08
8.86517666687e-10	2.81511052247e-08
8.8766303835e-10	-3.8980183803e-09
8.88808410012e-10	-3.44154704734e-08
8.89953781674e-10	-6.04150671712e-08
8.91099153337e-10	-7.96174433049e-08
8.92244524999e-10	-9.07549888574e-08
8.93389896662e-10	-9.36793496109e-08
8.94535268324e-10	-8.92530351848e-08
8.95680639986e-10	-7.90272260964e-08
8.96826011649e-10	-6.478534198e-08
8.97971383311e-10	-4.81900055416e-08
8.99116754974e-10	-3.04689251607e-08
9.00262126636e-10	-1.23785294237e-08
9.01407498298e-10	5.68814512159e-09
9.02552869961e-10	2.34353558781e-08
9.03698241623e-10	4.04057565184e-08
9.04843613285e-10	5.57601056439e-08
9.05988984948e-10	6.82967304932e-08
9.0713435661e-10	7.65601666508e-08
9.08279728273e-10	7.91416105983e-08
9.09425099935e-10	7.50699484797e-08
9.10570471597e-10	6.41034594295e-08
9.1171584326e-10	4.69461249875e-08
9.12861214922e-10	2.52770075981e-08
9.14006586585e-10	1.50163682877e-09
9.15151958247e-10	-2.16079569793e-08
9.16297329909e-10	-4.13943106459e-08
9.17442701572e-10	-5.58072370538e-08
9.18588073234e-10	-6.37009049953e-08
9.19733444896e-10	-6.49665152785e-08
9.20878816559e-10	-6.04390417713e-08
9.22024188221e-10	-5.15759068787e-08
9.23169559884e-10	-4.00972044456e-08
9.24314931546e-10	-2.76068807814e-08
9.25460303208e-10	-1.5326420133e-08
9.26605674871e-10	-3.96179089535e-09
9.27751046533e-10	6.22267443129e-09
9.28896418196e-10	1.53122102775e-08
9.30041789858e-10	2.34477165462e-08
9.3118716152e-10	3.06808518591e-08
9.32332533183e-10	3.67779879884e-08
9.33477904845e-10	4.12090943591e-08
9.34623276507e-10	4.32256002103e-08
9.3576864817e-10	4.20797903189e-08
9.36914019832e-10	3.7253810925e-08
9.38059391495e-10	2.87342918348e-08
9.39204763157e-10	1.71197167553e-08
9.40350134819e-10	3.59483962042e-09
9.41495506482e-10	-1.02062444607e-08
9.42640878144e-10	-2.25458257619e-08
9.43786249807e-10	-3.18613944117e-08
9.44931621469e-10	-3.71139594613e-08
9.46076993131e-10	-3.79069744483e-08
9.47222364794e-10	-3.46091375558e-08
9.48367736456e-10	-2.81408130132e-08
9.49513108119e-10	-1.98422924758e-08
9.50658479781e-10	-1.11063376829e-08
9.51803851443e-10	-3.14454745576e-09
9.52949223106e-10	3.26206012202e-09
9.54094594768e-10	7.80923431476e-09
9.5523996643e-10	1.06828817459e-08
9.56385338093e-10	1.23540351282e-08
9.57530709755e-10	1.33970092797e-08
9.58676081418e-10	1.42585772633e-08
9.5982145308e-10	1.50892358608e-08
9.60966824742e-10	1.57119720567e-08
9.62112196405e-10	1.56652808503e-08
9.63257568067e-10	1.43976530698e-08
9.6440293973e-10	1.14623114333e-08
9.65548311392e-10	6.78279399313e-09
9.66693683054e-10	6.9139154818e-10
9.67839054717e-10	-5.98208765856e-09
9.68984426379e-10	-1.21409723941e-08
9.70129798041e-10	-1.66261593382e-08
9.71275169704e-10	-1.85225575988e-08
9.72420541366e-10	-1.74022534161e-08
9.73565913029e-10	-1.3461411319e-08
9.74711284691e-10	-7.48691442176e-09
9.75856656353e-10	-7.08934848326e-10
9.77002028016e-10	5.48006662271e-09
9.78147399678e-10	9.88064674523e-09
9.79292771341e-10	1.17070338979e-08
9.80438143003e-10	1.08513800168e-08
9.81583514665e-10	7.81120412796e-09
9.82728886328e-10	3.6233063494e-09
9.8387425799e-10	-5.14033499793e-10
9.85019629653e-10	-3.50903323065e-09
9.86165001315e-10	-4.75024206081e-09
9.87310372977e-10	-4.21552906471e-09
9.8845574464e-10	-2.48927321811e-09
9.89601116302e-10	-5.24003524599e-10
9.90746487964e-10	6.61771391158e-10
9.91891859627e-10	3.59546831544e-10
9.93037231289e-10	-1.59224906177e-09
9.94182602952e-10	-4.71770356114e-09
9.95327974614e-10	-7.99996963119e-09
9.96473346276e-10	-1.02104760757e-08
9.97618717939e-10	-1.02183629891e-08
9.98764089601e-10	-7.43231143296e-09
9.99909461264e-10	-1.95071688663e-09
1.00105483293e-09	5.3176608672e-09
1.00220020459e-09	1.29092331824e-08
1.00334557625e-09	1.90754179119e-08
1.00449094791e-09	2.23025138357e-08
1.00563631958e-09	2.16453388546e-08
1.00678169124e-09	1.70538505539e-08
1.0079270629e-09	9.38166772047e-09
1.00907243456e-09	2.05236001805e-10
1.01021780623e-09	-8.57141518873e-09
1.01136317789e-09	-1.51980047436e-08
1.01250854955e-09	-1.85373891792e-08
1.01365392121e-09	-1.83293681344e-08
1.01479929287e-09	-1.52172663359e-08
1.01594466454e-09	-1.05447486298e-08
1.0170900362e-09	-5.90307452919e-09
1.01823540786e-09	-2.68947124987e-09
1.01938077952e-09	-1.66186292158e-09
1.02052615119e-09	-2.75586030385e-09
1.02167152285e-09	-5.07885256074e-09
1.02281689451e-09	-7.22665105535e-09
1.02396226617e-09	-7.68148800123e-09
1.02510763784e-09	-5.34035451971e-09
1.0262530095e-09	1.18404223926e-10
1.02739838116e-09	8.04243432961e-09
1.02854375282e-09	1.69098771652e-08
1.02968912449e-09	2.46809733762e-08
1.03083449615e-09	2.93353124015e-08
1.03197986781e-09	2.94282616053e-08
1.03312523947e-09	2.45018046963e-08
1.03427061114e-09	1.52825815336e-08
1.0354159828e-09	3.49698481283e-09
1.03656135446e-09	-8.50269404884e-09
1.03770672612e-09	-1.8372704691e-08
1.03885209778e-09	-2.43307357595e-08
1.03999746945e-09	-2.56378004382e-08
1.04114284111e-09	-2.27060368285e-08
1.04228821277e-09	-1.69665935745e-08
1.04343358443e-09	-1.03932963902e-08
1.0445789561e-09	-4.9296377258e-09
1.04572432776e-09	-1.92975580481e-09
1.04686969942e-09	-1.7700291584e-09
1.04801507108e-09	-3.78549065705e-09
1.04916044275e-09	-6.50516457368e-09
1.05030581441e-09	-8.10656336503e-09
1.05145118607e-09	-7.02331948155e-09
1.05259655773e-09	-2.46768071255e-09
1.0537419294e-09	5.28360705188e-09
1.05488730106e-09	1.48419305179e-08
1.05603267272e-09	2.40779299832e-08
1.05717804438e-09	3.06606089406e-08
1.05832341605e-09	3.27138907075e-08
1.05946878771e-09	2.93696704734e-08
1.06061415937e-09	2.10325001859e-08
1.06175953103e-09	9.30508947672e-09
1.06290490269e-09	-3.42316144875e-09
1.06405027436e-09	-1.4592762998e-08
1.06519564602e-09	-2.21388479771e-08
1.06634101768e-09	-2.49983295175e-08
1.06748638934e-09	-2.33273913519e-08
1.06863176101e-09	-1.84028648986e-08
1.06977713267e-09	-1.21872246739e-08
1.07092250433e-09	-6.741224301e-09
1.07206787599e-09	-3.61901443535e-09
1.07321324766e-09	-3.41192908648e-09
1.07435861932e-09	-5.61076779482e-09
1.07550399098e-09	-8.79455958058e-09
1.07664936264e-09	-1.10797141462e-08
1.07779473431e-09	-1.07541798799e-08
1.07894010597e-09	-6.82439604827e-09
1.08008547763e-09	6.15436569762e-10
1.08123084929e-09	1.03537886598e-08
1.08237622096e-09	2.0345741647e-08
1.08352159262e-09	2.82756538184e-08
1.08466696428e-09	3.21684769933e-08
1.08581233594e-09	3.09537853127e-08
1.0869577076e-09	2.47648919149e-08
1.08810307927e-09	1.48956226242e-08
1.08924845093e-09	3.46347373004e-09
1.09039382259e-09	-7.15933001771e-09
1.09153919425e-09	-1.49758903056e-08
1.09268456592e-09	-1.88513541444e-08
1.09382993758e-09	-1.87545102781e-08
1.09497530924e-09	-1.57028973158e-08
1.0961206809e-09	-1.13645177713e-08
1.09726605257e-09	-7.55880891212e-09
1.09841142423e-09	-5.66850577588e-09
1.09955679589e-09	-6.25322738035e-09
1.10070216755e-09	-8.88145035294e-09
1.10184753922e-09	-1.23017204756e-08
1.10299291088e-09	-1.48208306738e-08
1.10413828254e-09	-1.48738196204e-08
1.1052836542e-09	-1.14953949137e-08
1.10642902587e-09	-4.66656760456e-09
1.10757439753e-09	4.62386233469e-09
1.10871976919e-09	1.4627758449e-08
1.10986514085e-09	2.32695583913e-08
1.11101051252e-09	2.86985335496e-08
1.11215588418e-09	2.97680249339e-08
1.11330125584e-09	2.63440738113e-08
1.1144466275e-09	1.92924880515e-08
1.11559199916e-09	1.02686322223e-08
1.11673737083e-09	1.21077853299e-09
1.11788274249e-09	-6.13697859198e-09
1.11902811415e-09	-1.06908743525e-08
1.12017348581e-09	-1.22357591836e-08
1.12131885748e-09	-1.14191578415e-08
1.12246422914e-09	-9.45023215237e-09
1.1236096008e-09	-7.70209546141e-09
1.12475497246e-09	-7.26701968046e-09
1.12590034413e-09	-8.59961912791e-09
1.12704571579e-09	-1.14040137889e-08
1.12819108745e-09	-1.47038857756e-08
1.12933645911e-09	-1.71526668424e-08
1.13048183078e-09	-1.74443959278e-08
1.13162720244e-09	-1.47389245253e-08
1.1327725741e-09	-8.9181730889e-09
1.13391794576e-09	-7.18521811494e-10
1.13506331743e-09	8.49324771623e-09
1.13620868909e-09	1.70068443772e-08
1.13735406075e-09	2.32407429968e-08
1.13849943241e-09	2.61108999977e-08
1.13964480407e-09	2.52926857236e-08
1.14079017574e-09	2.12456043869e-08
1.1419355474e-09	1.50652386122e-08
1.14308091906e-09	8.15273348831e-09
1.14422629072e-09	1.84450132251e-09
1.14537166239e-09	-2.90617704901e-09
1.14651703405e-09	-5.74407144072e-09
1.14766240571e-09	-6.91645668516e-09
1.14880777737e-09	-7.13108538886e-09
1.14995314904e-09	-7.26357912706e-09
1.1510985207e-09	-8.06367467243e-09
1.15224389236e-09	-9.8619740152e-09
1.15338926402e-09	-1.24929925294e-08
1.15453463569e-09	-1.52889765292e-08
1.15568000735e-09	-1.73207014287e-08
1.15682537901e-09	-1.76499129756e-08
1.15797075067e-09	-1.56372116367e-08
1.15911612234e-09	-1.1140465106e-08
1.160261494e-09	-4.59953319876e-09
1.16140686566e-09	3.05304810599e-09
1.16255223732e-09	1.05991136423e-08
1.16369760898e-09	1.68104175025e-08
1.16484298065e-09	2.07467629743e-08
1.16598835231e-09	2.19336471208e-08
1.16713372397e-09	2.04635975942e-08
1.16827909563e-09	1.69113417714e-08
1.1694244673e-09	1.21743622405e-08
1.17056983896e-09	7.19917453429e-09
1.17171521062e-09	2.78603329296e-09
1.17286058228e-09	-6.22142917045e-10
1.17400595395e-09	-2.96610352946e-09
1.17515132561e-09	-4.52979403986e-09
1.17629669727e-09	-5.79030975945e-09
1.17744206893e-09	-7.21045456675e-09
1.1785874406e-09	-9.06266750533e-09
1.17973281226e-09	-1.13159578929e-08
1.18087818392e-09	-1.36165002051e-08
1.18202355558e-09	-1.53816256399e-08
1.18316892725e-09	-1.59759868668e-08
1.18431429891e-09	-1.48873998684e-08
1.18545967057e-09	-1.1910344877e-08
1.18660504223e-09	-7.21207132903e-09
1.18775041389e-09	-1.34278069913e-09
1.18889578556e-09	4.88977774937e-09
1.19004115722e-09	1.05671173478e-08
1.19118652888e-09	1.48795816779e-08
1.19233190054e-09	1.72695449052e-08
1.19347727221e-09	1.75588994455e-08
1.19462264387e-09	1.59489408347e-08
1.19576801553e-09	1.29502006896e-08
1.19691338719e-09	9.23655391061e-09
1.19805875886e-09	5.47657658112e-09
1.19920413052e-09	2.17541084452e-09
1.20034950218e-09	-4.13848261216e-10
1.20149487384e-09	-2.31140252771e-09
1.20264024551e-09	-3.74847081153e-09
1.20378561717e-09	-5.04628555609e-09
1.20493098883e-09	-6.48242923229e-09
1.20607636049e-09	-8.16734385678e-09
1.20722173216e-09	-9.98910509864e-09
1.20836710382e-09	-1.16184800669e-08
1.20951247548e-09	-1.26040809456e-08
1.21065784714e-09	-1.24963305814e-08
1.21180321881e-09	-1.09967737694e-08
1.21294859047e-09	-8.06200584069e-09
1.21409396213e-09	-3.94857641028e-09
1.21523933379e-09	8.15541394833e-10
1.21638470545e-09	5.53910708967e-09
1.21753007712e-09	9.5093876662e-09
1.21867544878e-09	1.21553252463e-08
1.21982082044e-09	1.31594414809e-08
1.2209661921e-09	1.25382460525e-08
1.22211156377e-09	1.06021141866e-08
1.22325693543e-09	7.8805004744e-09
1.22440230709e-09	4.96701624275e-09
1.22554767875e-09	2.36717426216e-09
1.22669305042e-09	3.89660684795e-10
1.22783842208e-09	-9.1198365873e-10
1.22898379374e-09	-1.705417918e-09
1.2301291654e-09	-2.30002134005e-09
1.23127453707e-09	-3.00056671176e-09
1.23241990873e-09	-4.01808064598e-09
1.23356528039e-09	-5.35754640651e-09
1.23471065205e-09	-6.82693579446e-09
1.23585602372e-09	-8.06330557879e-09
1.23700139538e-09	-8.66012261902e-09
1.23814676704e-09	-8.27367635514e-09
1.2392921387e-09	-6.76001848943e-09
1.24043751036e-09	-4.23233212365e-09
1.24158288203e-09	-1.0509583221e-09
1.24272825369e-09	2.24266948068e-09
1.24387362535e-09	5.07405603645e-09
1.24501899701e-09	6.96416918577e-09
1.24616436868e-09	7.65359736699e-09
1.24730974034e-09	7.14822090409e-09
1.248455112e-09	5.72220015815e-09
1.24960048366e-09	3.81126605276e-09
1.25074585533e-09	1.92620790151e-09
1.25189122699e-09	4.83829179845e-10
1.25303659865e-09	-2.6959168101e-10
1.25418197031e-09	-3.33427899873e-10
1.25532734198e-09	7.62238670619e-11
1.25647271364e-09	6.05083441685e-10
1.2576180853e-09	8.83880690861e-10
1.25876345696e-09	6.54826640828e-10
1.25990882863e-09	-1.5511393385e-10
1.26105420029e-09	-1.39678272421e-09
1.26219957195e-09	-2.76718298275e-09
1.26334494361e-09	-3.87977014404e-09
1.26449031527e-09	-4.40431696669e-09
1.26563568694e-09	-4.1450050059e-09
1.2667810586e-09	-3.12920567236e-09
1.26792643026e-09	-1.57950588026e-09
1.26907180192e-09	1.08658096409e-10
1.27021717359e-09	1.50879317373e-09
1.27136254525e-09	2.25506728568e-09
1.27250791691e-09	2.17388407275e-09
1.27365328857e-09	1.32229124178e-09
1.27479866024e-09	-2.25162128525e-11
1.2759440319e-09	-1.4381835306e-09
1.27708940356e-09	-2.48112354273e-09
1.27823477522e-09	-2.80686421328e-09
1.27938014689e-09	-2.26556561012e-09
1.28052551855e-09	-9.3283209629e-10
1.28167089021e-09	8.93076512049e-10
1.28281626187e-09	2.80334387648e-09
1.28396163354e-09	4.35203170723e-09
1.2851070052e-09	5.20694493078e-09
1.28625237686e-09	5.20143503269e-09
1.28739774852e-09	4.40445419025e-09
1.28854312018e-09	3.04622851943e-09
1.28968849185e-09	1.48881255935e-09
1.29083386351e-09	8.08859359699e-11
1.29197923517e-09	-9.2172593863e-10
1.29312460683e-09	-1.42687563501e-09
1.2942699785e-09	-1.52185760521e-09
1.29541535016e-09	-1.43618304575e-09
1.29656072182e-09	-1.45223450973e-09
