% time-domain current integration by openEMS v0.37.0-rc1-2-g7b051bb @Mon Jul 13 21:29:01 2026
% start-coordinates: (0.00407453,0.00550705,0.0166612) m -> [114,147,256]
% stop-coordinates: (0.00457625,0.00598092,0.0166612) m -> [122,155,256]
% t/s	current
7.21641059801e-14	-0
1.22678980166e-12	-0
2.38141549734e-12	-0
3.53604119303e-12	-0
4.69066688871e-12	-0
5.84529258439e-12	-0
6.99991828007e-12	-0
8.15454397575e-12	-0
9.30916967143e-12	-0
1.04637953671e-11	-0
1.16184210628e-11	-0
1.27730467585e-11	-0
1.39276724542e-11	-0
1.50822981498e-11	-0
1.62369238455e-11	-0
1.73915495412e-11	-0
1.85461752369e-11	-0
1.97008009326e-11	-0
2.08554266283e-11	-0
2.20100523239e-11	-0
2.31646780196e-11	-0
2.43193037153e-11	-0
2.5473929411e-11	-0
2.66285551067e-11	-0
2.77831808023e-11	-0
2.8937806498e-11	-0
3.00924321937e-11	-0
3.12470578894e-11	-0
3.24016835851e-11	-0
3.35563092808e-11	-0
3.47109349764e-11	-0
3.58655606721e-11	-0
3.70201863678e-11	-0
3.81748120635e-11	-0
3.93294377592e-11	-0
4.04840634548e-11	-0
4.16386891505e-11	-0
4.27933148462e-11	-0
4.39479405419e-11	-0
4.51025662376e-11	-0
4.62571919333e-11	-0
4.74118176289e-11	-0
4.85664433246e-11	-0
4.97210690203e-11	-0
5.0875694716e-11	-0
5.20303204117e-11	-0
5.31849461073e-11	-0
5.4339571803e-11	-0
5.54941974987e-11	-0
5.66488231944e-11	-0
5.78034488901e-11	-0
5.89580745858e-11	-0
6.01127002814e-11	-0
6.12673259771e-11	-0
6.24219516728e-11	-0
6.35765773685e-11	-0
6.47312030642e-11	-0
6.58858287598e-11	-0
6.70404544555e-11	-0
6.81950801512e-11	-0
6.93497058469e-11	-0
7.05043315426e-11	-0
7.16589572383e-11	-0
7.28135829339e-11	-0
7.39682086296e-11	-0
7.51228343253e-11	-0
7.6277460021e-11	-0
7.74320857167e-11	-0
7.85867114123e-11	-0
7.9741337108e-11	-0
8.08959628037e-11	-0
8.20505884994e-11	-0
8.32052141951e-11	-0
8.43598398908e-11	-0
8.55144655864e-11	-0
8.66690912821e-11	-0
8.78237169778e-11	-0
8.89783426735e-11	-0
9.01329683692e-11	-0
9.12875940648e-11	-0
9.24422197605e-11	-0
9.35968454562e-11	-0
9.47514711519e-11	-0
9.59060968476e-11	-0
9.70607225432e-11	-0
9.82153482389e-11	-0
9.93699739346e-11	-0
1.0052459963e-10	5.64689201544e-38
1.01679225326e-10	9.50609453239e-36
1.02833851022e-10	2.91747664846e-34
1.03988476717e-10	7.39126456289e-33
1.05143102413e-10	1.61210457352e-31
1.06297728109e-10	3.02879153371e-30
1.07452353804e-10	4.89295171379e-29
1.086069795e-10	6.76790897312e-28
1.09761605196e-10	7.94630760223e-27
1.10916230891e-10	7.78026763504e-26
1.12070856587e-10	6.10011396169e-25
1.13225482283e-10	3.39735807266e-24
1.14380107978e-10	5.88036995262e-24
1.15534733674e-10	-1.48567512188e-22
1.1668935937e-10	-2.4500936263e-21
1.17843985066e-10	-2.44954804253e-20
1.18998610761e-10	-1.90861276396e-19
1.20153236457e-10	-1.24222417177e-18
1.21307862153e-10	-6.95938068614e-18
1.22462487848e-10	-3.41032239787e-17
1.23617113544e-10	-1.47576075476e-16
1.2477173924e-10	-5.67190625657e-16
1.25926364935e-10	-1.94178343279e-15
1.27080990631e-10	-5.9218758437e-15
1.28235616327e-10	-1.60275387932e-14
1.29390242022e-10	-3.80995148624e-14
1.30544867718e-10	-7.76182368161e-14
1.31699493414e-10	-1.27078103357e-13
1.32854119109e-10	-1.30391614932e-13
1.34008744805e-10	9.47343942116e-14
1.35163370501e-10	9.95153937554e-13
1.36317996196e-10	3.48289799779e-12
1.37472621892e-10	9.15341153568e-12
1.38627247588e-10	2.03938116394e-11
1.39781873283e-10	4.01396346716e-11
1.40936498979e-10	7.09252725994e-11
1.42091124675e-10	1.12829488808e-10
1.43245750371e-10	1.60052485154e-10
1.44400376066e-10	1.96302987754e-10
1.45555001762e-10	1.9000095941e-10
1.46709627458e-10	9.14338119107e-11
1.47864253153e-10	-1.64911334588e-10
1.49018878849e-10	-6.49229614513e-10
1.50173504545e-10	-1.4139951432e-09
1.5132813024e-10	-2.46097942025e-09
1.52482755936e-10	-3.70362318591e-09
1.53637381632e-10	-4.93675100799e-09
1.54792007327e-10	-5.83006043442e-09
1.55946633023e-10	-5.96160099064e-09
1.57101258719e-10	-4.89992046937e-09
1.58255884414e-10	-2.32832908509e-09
1.5941051011e-10	1.81487869177e-09
1.60565135806e-10	7.22355508742e-09
1.61719761501e-10	1.31874609011e-08
1.62874387197e-10	1.86699864457e-08
1.64029012893e-10	2.25063558901e-08
1.65183638588e-10	2.36866455339e-08
1.66338264284e-10	2.16486704119e-08
1.6749288998e-10	1.64866378327e-08
1.68647515676e-10	8.99452601288e-09
1.69802141371e-10	5.0927206896e-10
1.70956767067e-10	-7.41504102564e-09
1.72111392763e-10	-1.34092097426e-08
1.73266018458e-10	-1.66420690562e-08
1.74420644154e-10	-1.70123044541e-08
1.7557526985e-10	-1.51209640364e-08
1.76729895545e-10	-1.20425092121e-08
1.77884521241e-10	-8.97991991877e-09
1.79039146937e-10	-6.92217838605e-09
1.80193772632e-10	-6.41022790404e-09
1.81348398328e-10	-7.46824291298e-09
1.82503024024e-10	-9.69359703618e-09
1.83657649719e-10	-1.24472681051e-08
1.84812275415e-10	-1.50644705599e-08
1.85966901111e-10	-1.70164486946e-08
1.87121526806e-10	-1.79885226714e-08
1.88276152502e-10	-1.78784791416e-08
1.89430778198e-10	-1.67467675283e-08
1.90585403893e-10	-1.47564973574e-08
1.91740029589e-10	-1.21279377652e-08
1.92894655285e-10	-9.11098130274e-09
1.94049280981e-10	-5.96217253346e-09
1.95203906676e-10	-2.91161250665e-09
1.96358532372e-10	-1.18144327654e-10
1.97513158068e-10	2.37061059671e-09
1.98667783763e-10	4.6276498189e-09
1.99822409459e-10	6.80787914931e-09
2.00977035155e-10	9.06675712287e-09
2.0213166085e-10	1.14664606699e-08
2.03286286546e-10	1.39104585628e-08
2.04440912242e-10	1.61366831009e-08
2.05595537937e-10	1.77736172446e-08
2.06750163633e-10	1.84380688495e-08
2.07904789329e-10	1.7841937705e-08
2.09059415024e-10	1.58805075756e-08
2.1021404072e-10	1.26871606554e-08
2.11368666416e-10	8.64788507471e-09
2.12523292111e-10	4.36897673595e-09
2.13677917807e-10	5.89829851627e-10
2.14832543503e-10	-1.96053062673e-09
2.15987169198e-10	-2.74430300706e-09
2.17141794894e-10	-1.58804891459e-09
2.1829642059e-10	1.21338850079e-09
2.19451046286e-10	4.91552309967e-09
2.20605671981e-10	8.48289438693e-09
2.21760297677e-10	1.08546460709e-08
2.22914923373e-10	1.12403597541e-08
2.24069549068e-10	9.35332256091e-09
2.25224174764e-10	5.50666001686e-09
2.2637880046e-10	5.42004885418e-10
2.27533426155e-10	-4.38866987196e-09
2.28688051851e-10	-8.12538303308e-09
2.29842677547e-10	-9.80163594733e-09
2.30997303242e-10	-9.06219277397e-09
2.32151928938e-10	-6.14021056222e-09
2.33306554634e-10	-1.7782201267e-09
2.34461180329e-10	2.9786837441e-09
2.35615806025e-10	7.05474612062e-09
2.36770431721e-10	9.60220347679e-09
2.37925057416e-10	1.01775539108e-08
2.39079683112e-10	8.79836559164e-09
2.40234308808e-10	5.88459680984e-09
2.41388934503e-10	2.12116257892e-09
2.42543560199e-10	-1.70787306519e-09
2.43698185895e-10	-4.86988049886e-09
2.44852811591e-10	-6.79579281737e-09
2.46007437286e-10	-7.1521775169e-09
2.47162062982e-10	-5.88233106669e-09
2.48316688678e-10	-3.22118265395e-09
2.49471314373e-10	3.23232940413e-10
2.50625940069e-10	4.03627486989e-09
2.51780565765e-10	7.11901160244e-09
2.5293519146e-10	8.85413875551e-09
2.54089817156e-10	8.77962946788e-09
2.55244442852e-10	6.81985268258e-09
2.56399068547e-10	3.32768657074e-09
2.57553694243e-10	-9.85327930358e-10
2.58708319939e-10	-5.21810417098e-09
2.59862945634e-10	-8.50195380764e-09
2.6101757133e-10	-1.02103978605e-08
2.62172197026e-10	-1.00943262638e-08
2.63326822721e-10	-8.30393265261e-09
2.64481448417e-10	-5.29855137543e-09
2.65636074113e-10	-1.68607605655e-09
2.66790699808e-10	1.94303484413e-09
2.67945325504e-10	5.1270849788e-09
2.690999512e-10	7.5608985739e-09
2.70254576896e-10	9.0543261777e-09
2.71409202591e-10	9.47012335217e-09
2.72563828287e-10	8.69664962266e-09
2.73718453983e-10	6.68627819778e-09
2.74873079678e-10	3.54598950203e-09
2.76027705374e-10	-3.73069491966e-10
2.7718233107e-10	-4.45278836025e-09
2.78336956765e-10	-7.89334908546e-09
2.79491582461e-10	-9.89975745824e-09
2.80646208157e-10	-9.91428894537e-09
2.81800833852e-10	-7.81226461299e-09
2.82955459548e-10	-3.98461885709e-09
2.84110085244e-10	7.31793237119e-10
2.85264710939e-10	5.26228749465e-09
2.86419336635e-10	8.57872617388e-09
2.87573962331e-10	9.97181004436e-09
2.88728588026e-10	9.22710086115e-09
2.89883213722e-10	6.65445165637e-09
2.91037839418e-10	2.97040281261e-09
2.92192465113e-10	-9.21084597483e-10
2.93347090809e-10	-4.17706491618e-09
2.94501716505e-10	-6.21905460463e-09
2.95656342201e-10	-6.83933265577e-09
2.96810967896e-10	-6.1937606155e-09
2.97965593592e-10	-4.69970240502e-09
2.99120219288e-10	-2.88079093913e-09
3.00274844983e-10	-1.20868259845e-09
3.01429470679e-10	1.33995748525e-11
3.02584096375e-10	6.96831481406e-10
3.0373872207e-10	9.38370159353e-10
3.04893347766e-10	9.35290511705e-10
3.06047973462e-10	8.82178274875e-10
3.07202599157e-10	8.90197082715e-10
3.08357224853e-10	9.57417256586e-10
3.09511850549e-10	9.96262961017e-10
3.10666476244e-10	8.98760288415e-10
3.1182110194e-10	6.04181704666e-10
3.12975727636e-10	1.36095412717e-10
3.14130353331e-10	-4.05541988879e-10
3.15284979027e-10	-8.89353091171e-10
3.16439604723e-10	-1.21041709988e-09
3.17594230418e-10	-1.33274535852e-09
3.18748856114e-10	-1.29839128338e-09
3.1990348181e-10	-1.2036047714e-09
3.21058107506e-10	-1.15660325761e-09
3.22212733201e-10	-1.23578991484e-09
3.23367358897e-10	-1.46388190458e-09
3.24521984593e-10	-1.80443915365e-09
3.25676610288e-10	-2.17684714698e-09
3.26831235984e-10	-2.48089859767e-09
3.2798586168e-10	-2.62307731091e-09
3.29140487375e-10	-2.53904208769e-09
3.30295113071e-10	-2.20905382875e-09
3.31449738767e-10	-1.66507763133e-09
3.32604364462e-10	-9.87704029676e-10
3.33758990158e-10	-2.90467400132e-10
3.34913615854e-10	3.07136205357e-10
3.36068241549e-10	7.10951741922e-10
3.37222867245e-10	8.78279116101e-10
3.38377492941e-10	8.29641910727e-10
3.39532118636e-10	6.40661801388e-10
3.40686744332e-10	4.17006845721e-10
3.41841370028e-10	2.63421062741e-10
3.42995995723e-10	2.58305127288e-10
3.44150621419e-10	4.40008696145e-10
3.45305247115e-10	8.05383537639e-10
3.46459872811e-10	1.31567856609e-09
3.47614498506e-10	1.90207227746e-09
3.48769124202e-10	2.46707410057e-09
3.49923749898e-10	2.88674839588e-09
3.51078375593e-10	3.02341240932e-09
3.52233001289e-10	2.75459366428e-09
3.53387626985e-10	2.01447725168e-09
3.5454225268e-10	8.344007707e-10
3.55696878376e-10	-6.36824093458e-10
3.56851504072e-10	-2.14926165754e-09
3.58006129767e-10	-3.40846506575e-09
3.59160755463e-10	-4.15758716343e-09
3.60315381159e-10	-4.25614210542e-09
3.61470006854e-10	-3.7255274421e-09
3.6262463255e-10	-2.74319633675e-09
3.63779258246e-10	-1.58573842945e-09
3.64933883941e-10	-5.39957578649e-10
3.66088509637e-10	1.86089380017e-10
3.67243135333e-10	5.19734144611e-10
3.68397761028e-10	5.29445820519e-10
3.69552386724e-10	3.80804360267e-10
3.7070701242e-10	2.61164145865e-10
3.71861638116e-10	3.02956687515e-10
3.73016263811e-10	5.35614497199e-10
3.74170889507e-10	8.83054129819e-10
3.75325515203e-10	1.20446241869e-09
3.76480140898e-10	1.35909983268e-09
3.77634766594e-10	1.26669918998e-09
3.7878939229e-10	9.38378263982e-10
3.79944017985e-10	4.67578142871e-10
3.81098643681e-10	-1.12137070463e-11
3.82253269377e-10	-3.75368708339e-10
3.83407895072e-10	-5.5516397035e-10
3.84562520768e-10	-5.47435097253e-10
3.85717146464e-10	-4.00835531433e-10
3.86871772159e-10	-1.84449275298e-10
3.88026397855e-10	4.34625911649e-11
3.89181023551e-10	2.52667498035e-10
3.90335649246e-10	4.38632435928e-10
3.91490274942e-10	6.05531236264e-10
3.92644900638e-10	7.46580797184e-10
3.93799526333e-10	8.33790647636e-10
3.94954152029e-10	8.23367651837e-10
3.96108777725e-10	6.7543354243e-10
3.97263403421e-10	3.79464432099e-10
3.98418029116e-10	-2.75880342876e-11
3.99572654812e-10	-4.61057109158e-10
4.00727280508e-10	-8.09041167393e-10
4.01881906203e-10	-9.67892321846e-10
4.03036531899e-10	-8.80394812608e-10
4.04191157595e-10	-5.60888058221e-10
4.0534578329e-10	-9.53676720927e-11
4.06500408986e-10	3.84548615173e-10
4.07655034682e-10	7.44161066102e-10
4.08809660377e-10	8.89453288799e-10
4.09964286073e-10	7.9565881661e-10
4.11118911769e-10	5.09819186867e-10
4.12273537464e-10	1.27964430718e-10
4.1342816316e-10	-2.42723147137e-10
4.14582788856e-10	-5.21922227659e-10
4.15737414551e-10	-6.80144274234e-10
4.16892040247e-10	-7.40393302223e-10
4.18046665943e-10	-7.58553997393e-10
4.19201291638e-10	-7.91602949857e-10
4.20355917334e-10	-8.66264782129e-10
4.2151054303e-10	-9.60873935973e-10
4.22665168726e-10	-1.00849695261e-09
4.23819794421e-10	-9.20490572653e-10
4.24974420117e-10	-6.22532747574e-10
4.26129045813e-10	-9.05782532312e-11
4.27283671508e-10	6.27226381944e-10
4.28438297204e-10	1.41222566974e-09
4.295929229e-10	2.10094941444e-09
4.30747548595e-10	2.52694132286e-09
4.31902174291e-10	2.56574450574e-09
4.33056799987e-10	2.16891793414e-09
4.34211425682e-10	1.37692035551e-09
4.35366051378e-10	3.08749359412e-10
4.36520677074e-10	-8.66515803555e-10
4.37675302769e-10	-1.96661886775e-09
4.38829928465e-10	-2.83086309949e-09
4.39984554161e-10	-3.34463168272e-09
4.41139179856e-10	-3.45035955363e-09
4.42293805552e-10	-3.14662584877e-09
4.43448431248e-10	-2.48029574657e-09
4.44603056943e-10	-1.53701928962e-09
4.45757682639e-10	-4.32931024363e-10
4.46912308335e-10	6.93245905126e-10
4.48066934031e-10	1.69034808373e-09
4.49221559726e-10	2.4101072249e-09
4.50376185422e-10	2.7288677984e-09
4.51530811118e-10	2.57295007522e-09
4.52685436813e-10	1.94100624462e-09
4.53840062509e-10	9.15288789205e-10
4.54994688205e-10	-3.4391076098e-10
4.561493139e-10	-1.62192348441e-09
4.57303939596e-10	-2.68813304949e-09
4.58458565292e-10	-3.34165339844e-09
4.59613190987e-10	-3.45416673042e-09
4.60767816683e-10	-2.99946223414e-09
4.61922442379e-10	-2.0621011565e-09
4.63077068074e-10	-8.2179923977e-10
4.6423169377e-10	4.84728035488e-10
4.65386319466e-10	1.61596735992e-09
4.66540945161e-10	2.37851205398e-09
4.67695570857e-10	2.66692734563e-09
4.68850196553e-10	2.47976172929e-09
4.70004822248e-10	1.90828641777e-09
4.71159447944e-10	1.10382203378e-09
4.7231407364e-10	2.3569926566e-10
4.73468699336e-10	-5.46564293824e-10
4.74623325031e-10	-1.13665565848e-09
4.75777950727e-10	-1.47704171116e-09
4.76932576423e-10	-1.55123458523e-09
4.78087202118e-10	-1.37145783619e-09
4.79241827814e-10	-9.69206825907e-10
4.8039645351e-10	-3.92909427216e-10
4.81551079205e-10	2.88441909246e-10
4.82705704901e-10	9.82098846691e-10
4.83860330597e-10	1.57574908677e-09
4.85014956292e-10	1.95293914373e-09
4.86169581988e-10	2.01855199222e-09
4.87324207684e-10	1.72775171947e-09
4.88478833379e-10	1.10795117525e-09
4.89633459075e-10	2.63614574614e-10
4.90788084771e-10	-6.41020125869e-10
4.91942710466e-10	-1.4190727482e-09
4.93097336162e-10	-1.90892746055e-09
4.94251961858e-10	-2.01800376409e-09
4.95406587553e-10	-1.74781167317e-09
4.96561213249e-10	-1.19192555825e-09
4.97715838945e-10	-5.06960140534e-10
4.98870464641e-10	1.34760383408e-10
5.00025090336e-10	5.95635318845e-10
5.01179716032e-10	8.09848632599e-10
5.02334341728e-10	7.95823684729e-10
5.03488967423e-10	6.41640962584e-10
5.04643593119e-10	4.69388805602e-10
5.05798218815e-10	3.91195575933e-10
5.0695284451e-10	4.71950201142e-10
5.08107470206e-10	7.10143666094e-10
5.09262095902e-10	1.04185249317e-09
5.10416721597e-10	1.36485911462e-09
5.11571347293e-10	1.57342383567e-09
5.12725972989e-10	1.59140933764e-09
5.13880598684e-10	1.39292688495e-09
5.1503522438e-10	1.00543096071e-09
5.16189850076e-10	4.96399199523e-10
5.17344475771e-10	-4.99119877373e-11
5.18499101467e-10	-5.561543448e-10
5.19653727163e-10	-9.67756097481e-10
5.20808352858e-10	-1.25678178975e-09
5.21962978554e-10	-1.41536871112e-09
5.2311760425e-10	-1.44429490589e-09
5.24272229946e-10	-1.34351052505e-09
5.25426855641e-10	-1.1102980757e-09
5.26581481337e-10	-7.46407602392e-10
5.27736107033e-10	-2.70623912169e-10
5.28890732728e-10	2.70443528683e-10
5.30045358424e-10	8.00632282694e-10
5.3119998412e-10	1.22523147184e-09
5.32354609815e-10	1.45386302997e-09
5.33509235511e-10	1.42879352794e-09
5.34663861207e-10	1.14793485828e-09
5.35818486902e-10	6.73008482277e-10
5.36973112598e-10	1.18046572517e-10
5.38127738294e-10	-3.79796860628e-10
5.39282363989e-10	-6.98647639741e-10
5.40436989685e-10	-7.67281072012e-10
5.41591615381e-10	-5.85574699841e-10
5.42746241076e-10	-2.23270721356e-10
5.43900866772e-10	2.02533642635e-10
5.45055492468e-10	5.63625979222e-10
5.46210118163e-10	7.5860012716e-10
5.47364743859e-10	7.40671912691e-10
5.48519369555e-10	5.26808541235e-10
5.49673995251e-10	1.86507184696e-10
5.50828620946e-10	-1.84321613528e-10
5.51983246642e-10	-4.9465737062e-10
5.53137872338e-10	-6.83653633704e-10
5.54292498033e-10	-7.32009897142e-10
5.55447123729e-10	-6.57603527188e-10
5.56601749425e-10	-4.9940163116e-10
5.5775637512e-10	-2.9828164938e-10
5.58911000816e-10	-8.34605162758e-11
5.60065626512e-10	1.30433455703e-10
5.61220252207e-10	3.36435213022e-10
5.62374877903e-10	5.24092047538e-10
5.63529503599e-10	6.71309119404e-10
5.64684129294e-10	7.45132622271e-10
5.6583875499e-10	7.12654490975e-10
5.66993380686e-10	5.57654145084e-10
5.68148006381e-10	2.95238139492e-10
5.69302632077e-10	-2.36736116821e-11
5.70457257773e-10	-3.21941556747e-10
5.71611883468e-10	-5.18251053183e-10
5.72766509164e-10	-5.54533696739e-10
5.7392113486e-10	-4.1805844897e-10
5.75075760556e-10	-1.49009360406e-10
5.76230386251e-10	1.70252562048e-10
5.77385011947e-10	4.41178149568e-10
5.78539637643e-10	5.80971604158e-10
5.79694263338e-10	5.48898704267e-10
5.80848889034e-10	3.57370633086e-10
5.8200351473e-10	6.45748038375e-11
5.83158140425e-10	-2.47438458612e-10
5.84312766121e-10	-5.00250063595e-10
5.85467391817e-10	-6.41674158253e-10
5.86622017512e-10	-6.5640104463e-10
5.87776643208e-10	-5.62794866266e-10
5.88931268904e-10	-3.99250382754e-10
5.90085894599e-10	-2.07391409601e-10
5.91240520295e-10	-1.88284509511e-11
5.92395145991e-10	1.50641013552e-10
5.93549771686e-10	2.98895519446e-10
5.94704397382e-10	4.30247726335e-10
5.95859023078e-10	5.47416001417e-10
5.97013648773e-10	6.46443232277e-10
5.98168274469e-10	7.161168325e-10
5.99322900165e-10	7.41461059217e-10
6.00477525861e-10	7.09501624119e-10
6.01632151556e-10	6.14841011437e-10
6.02786777252e-10	4.63322796795e-10
6.03941402948e-10	2.72749073327e-10
6.05096028643e-10	7.02186156443e-11
6.06250654339e-10	-1.1324369914e-10
6.07405280035e-10	-2.49514742201e-10
6.0855990573e-10	-3.20092952144e-10
6.09714531426e-10	-3.2093586122e-10
6.10869157122e-10	-2.63482263785e-10
6.12023782817e-10	-1.70947353495e-10
6.13178408513e-10	-7.08556407991e-11
6.14333034209e-10	1.40507952495e-11
6.15487659904e-10	7.33446706147e-11
6.166422856e-10	1.11542532155e-10
6.17796911296e-10	1.44261172452e-10
6.18951536991e-10	1.88981150173e-10
6.20106162687e-10	2.54200410721e-10
6.21260788383e-10	3.31813521104e-10
6.22415414078e-10	3.96603166974e-10
6.23570039774e-10	4.14174916585e-10
6.2472466547e-10	3.54782259127e-10
6.25879291166e-10	2.0743426421e-10
6.27033916861e-10	-1.19213701411e-11
6.28188542557e-10	-2.62178279087e-10
6.29343168253e-10	-4.88779239305e-10
6.30497793948e-10	-6.41116326694e-10
6.31652419644e-10	-6.8872557657e-10
6.3280704534e-10	-6.29974128419e-10
6.33961671035e-10	-4.90023965849e-10
6.35116296731e-10	-3.09282238709e-10
6.36270922427e-10	-1.27633362212e-10
6.37425548122e-10	2.88695976847e-11
6.38580173818e-10	1.53787621526e-10
6.39734799514e-10	2.56750454231e-10
6.40889425209e-10	3.52943979598e-10
6.42044050905e-10	4.51026188619e-10
6.43198676601e-10	5.45070710789e-10
6.44353302296e-10	6.14291395529e-10
6.45507927992e-10	6.30798135948e-10
6.46662553688e-10	5.7194510239e-10
6.47817179383e-10	4.31960855973e-10
6.48971805079e-10	2.27815238896e-10
6.50126430775e-10	-3.49125416077e-12
6.51281056471e-10	-2.15305787088e-10
6.52435682166e-10	-3.65402846869e-10
6.53590307862e-10	-4.28611340864e-10
6.54744933558e-10	-4.03436728469e-10
6.55899559253e-10	-3.10410891435e-10
6.57054184949e-10	-1.83358481176e-10
6.58208810645e-10	-5.70870399563e-11
6.5936343634e-10	4.40635791743e-11
6.60518062036e-10	1.12674841679e-10
6.61672687732e-10	1.57768853537e-10
6.62827313427e-10	1.9809498486e-10
6.63981939123e-10	2.51715343014e-10
6.65136564819e-10	3.25927618228e-10
6.66291190514e-10	4.11739808914e-10
6.6744581621e-10	4.85075202228e-10
6.68600441906e-10	5.14503051274e-10
6.69755067601e-10	4.73032280013e-10
6.70909693297e-10	3.49443474157e-10
6.72064318993e-10	1.54684973164e-10
6.73218944688e-10	-7.92786114534e-11
6.74373570384e-10	-3.07919023612e-10
6.7552819608e-10	-4.86888418472e-10
6.76682821776e-10	-5.84398862635e-10
6.77837447471e-10	-5.88881610142e-10
6.78992073167e-10	-5.09680742056e-10
6.80146698863e-10	-3.71255887144e-10
6.81301324558e-10	-2.03874042648e-10
6.82455950254e-10	-3.47329665029e-11
6.8361057595e-10	1.17401310895e-10
6.84765201645e-10	2.42586173371e-10
6.85919827341e-10	3.36040584248e-10
6.87074453037e-10	3.9323341805e-10
6.88229078732e-10	4.0665851242e-10
6.89383704428e-10	3.66456393008e-10
6.90538330124e-10	2.64996163901e-10
6.91692955819e-10	1.03263605999e-10
6.92847581515e-10	-1.03953741448e-10
6.94002207211e-10	-3.2701627517e-10
6.95156832906e-10	-5.26099053211e-10
6.96311458602e-10	-6.60645982364e-10
6.97466084298e-10	-7.00429714229e-10
6.98620709993e-10	-6.34284735845e-10
6.99775335689e-10	-4.73485584074e-10
7.00929961385e-10	-2.48397746816e-10
7.02084587081e-10	3.42344750638e-13
7.03239212776e-10	2.32831226521e-10
7.04393838472e-10	4.19408979768e-10
7.05548464168e-10	5.45517686579e-10
7.06703089863e-10	6.10849981708e-10
7.07857715559e-10	6.23954499179e-10
7.09012341255e-10	5.94958582401e-10
7.1016696695e-10	5.2964116426e-10
7.11321592646e-10	4.2736736372e-10
7.12476218342e-10	2.83658346811e-10
7.13630844037e-10	9.61111329412e-11
7.14785469733e-10	-1.28978119851e-10
7.15940095429e-10	-3.72272462856e-10
7.17094721124e-10	-6.01695082647e-10
7.1824934682e-10	-7.77917064099e-10
7.19403972516e-10	-8.63533577977e-10
7.20558598211e-10	-8.33317526094e-10
7.21713223907e-10	-6.82327139234e-10
7.22867849603e-10	-4.29114299649e-10
7.24022475298e-10	-1.12914962103e-10
7.25177100994e-10	2.14560369471e-10
7.2633172669e-10	5.00539387716e-10
7.27486352386e-10	7.0253308726e-10
7.28640978081e-10	7.96436250283e-10
7.29795603777e-10	7.79364794923e-10
7.30950229473e-10	6.66888322343e-10
7.32104855168e-10	4.86088669316e-10
7.33259480864e-10	2.67442734625e-10
7.3441410656e-10	3.84777106011e-11
7.35568732255e-10	-1.79019035706e-10
7.36723357951e-10	-3.68124419836e-10
7.37877983647e-10	-5.14116305084e-10
7.39032609342e-10	-6.0251542644e-10
7.40187235038e-10	-6.19760742726e-10
7.41341860734e-10	-5.57047907801e-10
7.42496486429e-10	-4.15698059308e-10
7.43651112125e-10	-2.11349604484e-10
7.44805737821e-10	2.55969186819e-11
7.45960363516e-10	2.546015343e-10
7.47114989212e-10	4.33886176987e-10
7.48269614908e-10	5.31049371144e-10
7.49424240603e-10	5.31669874793e-10
7.50578866299e-10	4.42926084698e-10
7.51733491995e-10	2.90858059859e-10
7.52888117691e-10	1.12133108354e-10
7.54042743386e-10	-5.67690582043e-11
7.55197369082e-10	-1.89330731648e-10
7.56351994778e-10	-2.74459399652e-10
7.57506620473e-10	-3.16052350957e-10
7.58661246169e-10	-3.2762165203e-10
7.59815871865e-10	-3.24471588486e-10
7.6097049756e-10	-3.16653536725e-10
7.62125123256e-10	-3.05387382049e-10
7.63279748952e-10	-2.83929574296e-10
7.64434374647e-10	-2.42204006851e-10
7.65589000343e-10	-1.72891728711e-10
7.66743626039e-10	-7.62851726233e-11
7.67898251734e-10	3.79975981235e-11
7.6905287743e-10	1.52987428281e-10
7.70207503126e-10	2.49110204686e-10
7.71362128821e-10	3.09869463422e-10
7.72516754517e-10	3.26049937049e-10
7.73671380213e-10	2.97077057398e-10
7.74826005908e-10	2.29541663455e-10
7.75980631604e-10	1.33782748768e-10
7.771352573e-10	2.03699244972e-11
7.78289882995e-10	-1.01797688334e-10
7.79444508691e-10	-2.25339691351e-10
7.80599134387e-10	-3.42675970932e-10
7.81753760083e-10	-4.43981323928e-10
7.82908385778e-10	-5.16365727954e-10
7.84063011474e-10	-5.45171741084e-10
7.8521763717e-10	-5.17322074067e-10
7.86372262865e-10	-4.25759538736e-10
7.87526888561e-10	-2.73482542168e-10
7.88681514257e-10	-7.55292009491e-11
7.89836139952e-10	1.4206903709e-10
7.90990765648e-10	3.46455170108e-10
7.92145391344e-10	5.04412733804e-10
7.93300017039e-10	5.8944421566e-10
7.94454642735e-10	5.87504156435e-10
7.95609268431e-10	4.99835062229e-10
7.96763894126e-10	3.4214375777e-10
7.97918519822e-10	1.40614422883e-10
7.99073145518e-10	-7.39127370419e-11
8.00227771213e-10	-2.71951045017e-10
8.01382396909e-10	-4.30024016396e-10
8.02537022605e-10	-5.33167676675e-10
8.036916483e-10	-5.75245351353e-10
8.04846273996e-10	-5.57626111952e-10
8.06000899692e-10	-4.87172857611e-10
8.07155525388e-10	-3.74314024221e-10
8.08310151083e-10	-2.3172129493e-10
8.09464776779e-10	-7.36336686069e-11
8.10619402475e-10	8.45129660698e-11
8.1177402817e-10	2.26635210598e-10
8.12928653866e-10	3.37239569603e-10
8.14083279562e-10	4.03329397658e-10
8.15237905257e-10	4.16679774018e-10
8.16392530953e-10	3.75763892224e-10
8.17547156649e-10	2.86575929653e-10
8.18701782344e-10	1.61970728496e-10
8.1985640804e-10	1.95269651143e-11
8.21011033736e-10	-1.21494328487e-10
8.22165659431e-10	-2.43328107663e-10
8.23320285127e-10	-3.32259109115e-10
8.24474910823e-10	-3.80126874422e-10
8.25629536518e-10	-3.84643789042e-10
8.26784162214e-10	-3.48744866319e-10
8.2793878791e-10	-2.79437861739e-10
8.29093413605e-10	-1.86540297098e-10
8.30248039301e-10	-8.1514468786e-11
8.31402664997e-10	2.35220870559e-11
8.32557290693e-10	1.16690088148e-10
8.33711916388e-10	1.87302146015e-10
8.34866542084e-10	2.27011048848e-10
8.3602116778e-10	2.30973212778e-10
8.37175793475e-10	1.98793759232e-10
8.38330419171e-10	1.34958988429e-10
8.39485044867e-10	4.84742627982e-11
8.40639670562e-10	-4.83469687895e-11
8.41794296258e-10	-1.41765515993e-10
8.42948921954e-10	-2.18786114226e-10
8.44103547649e-10	-2.69219951887e-10
8.45258173345e-10	-2.87212614802e-10
8.46412799041e-10	-2.71975636457e-10
8.47567424736e-10	-2.27642391049e-10
8.48722050432e-10	-1.6229735611e-10
8.49876676128e-10	-8.64241248011e-11
8.51031301823e-10	-1.11174160156e-11
8.52185927519e-10	5.36445991794e-11
8.53340553215e-10	1.00342151255e-10
8.5449517891e-10	1.24661239664e-10
8.55649804606e-10	1.25684268548e-10
8.56804430302e-10	1.05621698887e-10
8.57959055998e-10	6.9187044982e-11
8.59113681693e-10	2.27928873692e-11
8.60268307389e-10	-2.63932816574e-11
8.61422933085e-10	-7.15613124314e-11
8.6257755878e-10	-1.07338846145e-10
8.63732184476e-10	-1.30661662046e-10
8.64886810172e-10	-1.41199274495e-10
8.66041435867e-10	-1.41019695921e-10
8.67196061563e-10	-1.33516267486e-10
8.68350687259e-10	-1.21899296213e-10
8.69505312954e-10	-1.07842887398e-10
8.7065993865e-10	-9.09344544109e-11
8.71814564346e-10	-6.92522497681e-11
8.72969190041e-10	-4.09159373049e-11
8.74123815737e-10	-5.96184429949e-12
8.75278441433e-10	3.23408036462e-11
8.76433067128e-10	6.75443312392e-11
8.77587692824e-10	9.16466694201e-11
8.7874231852e-10	9.77527919721e-11
8.79896944215e-10	8.27724833119e-11
8.81051569911e-10	4.89271713422e-11
8.82206195607e-10	3.36309669349e-12
8.83360821303e-10	-4.40803990531e-11
8.84515446998e-10	-8.41278088859e-11
8.85670072694e-10	-1.11026902949e-10
8.8682469839e-10	-1.2395545701e-10
8.87979324085e-10	-1.2635544e-10
8.89133949781e-10	-1.23609442126e-10
8.90288575477e-10	-1.20076545929e-10
8.91443201172e-10	-1.16919710025e-10
8.92597826868e-10	-1.11755847632e-10
8.93752452564e-10	-1.00167256434e-10
8.94907078259e-10	-7.83885664712e-11
8.96061703955e-10	-4.58588549079e-11
8.97216329651e-10	-6.34957364465e-12
8.98370955346e-10	3.29290900103e-11
8.99525581042e-10	6.39058042595e-11
9.00680206738e-10	8.07781411205e-11
9.01834832433e-10	8.23141069195e-11
9.02989458129e-10	7.22037846179e-11
9.04144083825e-10	5.73167485696e-11
9.0529870952e-10	4.4600677318e-11
9.06453335216e-10	3.79164928621e-11
9.07607960912e-10	3.62937561948e-11
9.08762586608e-10	3.4387506731e-11
9.09917212303e-10	2.49702966637e-11
9.11071837999e-10	2.49167331733e-12
9.12226463695e-10	-3.3783975617e-11
9.1338108939e-10	-7.84555476141e-11
9.14535715086e-10	-1.21057344704e-10
9.15690340782e-10	-1.49245574232e-10
9.16844966477e-10	-1.53013435256e-10
9.17999592173e-10	-1.28332830474e-10
9.19154217869e-10	-7.89530593681e-11
9.20308843564e-10	-1.56915903882e-11
9.2146346926e-10	4.66105938568e-11
9.22618094956e-10	9.34131730301e-11
9.23772720651e-10	1.14598913692e-10
9.24927346347e-10	1.0709371584e-10
9.26081972043e-10	7.52387666059e-11
9.27236597738e-10	2.89246196439e-11
9.28391223434e-10	-1.97450129164e-11
9.2954584913e-10	-5.99885696673e-11
9.30700474825e-10	-8.4965728897e-11
9.31855100521e-10	-9.27324189659e-11
9.33009726217e-10	-8.54395651451e-11
9.34164351913e-10	-6.74369865505e-11
9.35318977608e-10	-4.32108446247e-11
9.36473603304e-10	-1.60555197609e-11
9.37628229e-10	1.20011205834e-11
9.38782854695e-10	3.9215547476e-11
9.39937480391e-10	6.2778372778e-11
9.41092106087e-10	7.80655401433e-11
9.42246731782e-10	7.92190965604e-11
9.43401357478e-10	6.11082226487e-11
9.44555983174e-10	2.19675631852e-11
9.45710608869e-10	-3.44741873937e-11
9.46865234565e-10	-9.84912776336e-11
9.48019860261e-10	-1.56131274576e-10
9.49174485956e-10	-1.92891494444e-10
9.50329111652e-10	-1.9808087115e-10
9.51483737348e-10	-1.68342340068e-10
9.52638363043e-10	-1.09011348559e-10
9.53792988739e-10	-3.27719518189e-11
9.54947614435e-10	4.39244092487e-11
9.5610224013e-10	1.05475461698e-10
9.57256865826e-10	1.41214220872e-10
9.58411491522e-10	1.47687598262e-10
9.59566117218e-10	1.28581909009e-10
9.60720742913e-10	9.25227949811e-11
9.61875368609e-10	4.97163386848e-11
9.63029994305e-10	8.71237977595e-12
9.6418462e-10	-2.55876292377e-11
9.65339245696e-10	-5.21869492065e-11
9.66493871392e-10	-7.27112051124e-11
9.67648497087e-10	-8.93092891308e-11
9.68803122783e-10	-1.02834477045e-10
9.69957748479e-10	-1.12112263917e-10
9.71112374174e-10	-1.14463175049e-10
9.7226699987e-10	-1.07150260886e-10
9.73421625566e-10	-8.90120616104e-11
9.74576251261e-10	-6.14637438168e-11
9.75730876957e-10	-2.84299979392e-11
9.76885502653e-10	4.75527516669e-12
9.78040128348e-10	3.2975903258e-11
9.79194754044e-10	5.27830106012e-11
9.8034937974e-10	6.31491040015e-11
9.81504005435e-10	6.52152151726e-11
9.82658631131e-10	6.12732850569e-11
9.83813256827e-10	5.34276373143e-11
9.84967882523e-10	4.2600003386e-11
9.86122508218e-10	2.83084736208e-11
9.87277133914e-10	9.25216934317e-12
9.8843175961e-10	-1.54520667095e-11
9.89586385305e-10	-4.50350243208e-11
9.90741011001e-10	-7.63990468111e-11
9.91895636697e-10	-1.04305890314e-10
9.93050262392e-10	-1.22527682445e-10
9.94204888088e-10	-1.25569610265e-10
9.95359513784e-10	-1.10415017407e-10
9.96514139479e-10	-7.77279907105e-11
9.97668765175e-10	-3.2098861763e-11
9.98823390871e-10	1.87841010107e-11
9.99978016566e-10	6.58006149568e-11
1.00113264226e-09	1.00433279748e-10
1.00228726796e-09	1.16625001323e-10
1.00344189365e-09	1.11953321613e-10
1.00459651935e-09	8.78233250012e-11
1.00575114504e-09	4.88127351039e-11
1.00690577074e-09	1.43701847297e-12
1.00806039644e-09	-4.72707879784e-11
1.00921502213e-09	-9.08985317571e-11
1.01036964783e-09	-1.24379978539e-10
1.01152427352e-09	-1.44297379601e-10
1.01267889922e-09	-1.48895784591e-10
1.01383352491e-09	-1.38015099349e-10
1.01498815061e-09	-1.13017810388e-10
1.01614277631e-09	-7.67371929888e-11
1.017297402e-09	-3.3355790352e-11
1.0184520277e-09	1.1901957718e-11
1.01960665339e-09	5.33444607931e-11
1.02076127909e-09	8.55906387431e-11
1.02191590478e-09	1.04386430055e-10
1.02307053048e-09	1.07340233924e-10
1.02422515618e-09	9.42693978434e-11
1.02537978187e-09	6.70921235235e-11
1.02653440757e-09	2.94005271517e-11
1.02768903326e-09	-1.42319827798e-11
1.02884365896e-09	-5.89143872576e-11
1.02999828465e-09	-9.99317850692e-11
1.03115291035e-09	-1.33031072269e-10
1.03230753605e-09	-1.54633597593e-10
1.03346216174e-09	-1.62037869234e-10
1.03461678744e-09	-1.53766346878e-10
1.03577141313e-09	-1.2997972143e-10
1.03692603883e-09	-9.28073382034e-11
1.03808066452e-09	-4.64182893511e-11
1.03923529022e-09	3.36278596115e-12
1.04038991592e-09	4.9883916442e-11
1.04154454161e-09	8.68379188002e-11
1.04269916731e-09	1.09424511119e-10
1.043853793e-09	1.1522613419e-10
1.0450084187e-09	1.04515354704e-10
1.04616304439e-09	7.99219926351e-11
1.04731767009e-09	4.56373584756e-11
1.04847229579e-09	6.43643992271e-12
1.04962692148e-09	-3.31619801064e-11
1.05078154718e-09	-6.93674839791e-11
1.05193617287e-09	-9.9224406469e-11
1.05309079857e-09	-1.20518872659e-10
1.05424542426e-09	-1.3166617796e-10
1.05540004996e-09	-1.317516235e-10
1.05655467565e-09	-1.20735643705e-10
1.05770930135e-09	-9.9721265967e-11
1.05886392705e-09	-7.10770955981e-11
1.06001855274e-09	-3.8302371691e-11
1.06117317844e-09	-5.55795166834e-12
1.06232780413e-09	2.31089019448e-11
1.06348242983e-09	4.45757528111e-11
1.06463705552e-09	5.72578061353e-11
1.06579168122e-09	6.13216907808e-11
1.06694630692e-09	5.83495335382e-11
1.06810093261e-09	5.05498767844e-11
1.06925555831e-09	3.98175936667e-11
1.070410184e-09	2.69927986213e-11
1.0715648097e-09	1.1657150939e-11
1.07271943539e-09	-7.40456741061e-12
1.07387406109e-09	-3.12138336012e-11
1.07502868679e-09	-5.94762086803e-11
1.07618331248e-09	-8.98017007978e-11
1.07733793818e-09	-1.1763226504e-10
1.07849256387e-09	-1.37072769801e-10
1.07964718957e-09	-1.42428180361e-10
1.08080181526e-09	-1.30011876265e-10
1.08195644096e-09	-9.96145804733e-11
1.08311106666e-09	-5.50758640083e-11
1.08426569235e-09	-3.70029614588e-12
1.08542031805e-09	4.53965996738e-11
1.08657494374e-09	8.34931845883e-11
1.08772956944e-09	1.04322050998e-10
1.08888419513e-09	1.05357306213e-10
1.09003882083e-09	8.79366440776e-11
1.09119344653e-09	5.63306068457e-11
1.09234807222e-09	1.62426686684e-11
1.09350269792e-09	-2.66466831239e-11
1.09465732361e-09	-6.75830780228e-11
1.09581194931e-09	-1.02904587629e-10
1.096966575e-09	-1.29668636939e-10
1.0981212007e-09	-1.45219822278e-10
1.0992758264e-09	-1.47100040482e-10
1.10043045209e-09	-1.33526190105e-10
1.10158507779e-09	-1.04333500173e-10
1.10273970348e-09	-6.19183662676e-11
1.10389432918e-09	-1.16399728398e-11
1.10504895487e-09	3.86936802044e-11
1.10620358057e-09	8.03087041312e-11
1.10735820626e-09	1.05541582418e-10
1.10851283196e-09	1.0986853094e-10
1.10966745766e-09	9.31734620013e-11
1.11082208335e-09	5.97802363167e-11
1.11197670905e-09	1.72131354309e-11
1.11313133474e-09	-2.59522178053e-11
1.11428596044e-09	-6.2368041287e-11
1.11544058613e-09	-8.76444958275e-11
1.11659521183e-09	-1.00969441141e-10
1.11774983753e-09	-1.04483754981e-10
1.11890446322e-09	-1.01809623232e-10
1.12005908892e-09	-9.63054982983e-11
1.12121371461e-09	-8.97057914062e-11
1.12236834031e-09	-8.16743686571e-11
1.123522966e-09	-7.03485950049e-11
1.1246775917e-09	-5.35717581407e-11
1.1258322174e-09	-3.03073295627e-11
1.12698684309e-09	-1.65031226532e-12
1.12814146879e-09	2.89839385131e-11
1.12929609448e-09	5.65774094241e-11
1.13045072018e-09	7.58192536532e-11
1.13160534587e-09	8.2589088346e-11
1.13275997157e-09	7.50859513454e-11
1.13391459727e-09	5.4238672581e-11
1.13506922296e-09	2.33437904423e-11
1.13622384866e-09	-1.28627325804e-11
1.13737847435e-09	-4.93809021451e-11
1.13853310005e-09	-8.19094791993e-11
1.13968772574e-09	-1.07388979653e-10
1.14084235144e-09	-1.24031063198e-10
1.14199697714e-09	-1.30980087887e-10
1.14315160283e-09	-1.27883578727e-10
1.14430622853e-09	-1.14666089124e-10
1.14546085422e-09	-9.16270392892e-11
1.14661547992e-09	-5.98497987281e-11
1.14777010561e-09	-2.17206998915e-11
1.14892473131e-09	1.87951997715e-11
1.15007935701e-09	5.63776837714e-11
1.1512339827e-09	8.51442388816e-11
1.1523886084e-09	9.99087687581e-11
1.15354323409e-09	9.75390046509e-11
1.15469785979e-09	7.79445882837e-11
1.15585248548e-09	4.43552208851e-11
1.15700711118e-09	2.7134254045e-12
1.15816173687e-09	-3.96709540218e-11
1.15931636257e-09	-7.58300436332e-11
1.16047098827e-09	-1.00701467998e-10
1.16162561396e-09	-1.12086062654e-10
1.16278023966e-09	-1.10756306904e-10
1.16393486535e-09	-9.97286420112e-11
1.16508949105e-09	-8.29932372826e-11
1.16624411674e-09	-6.41601285989e-11
1.16739874244e-09	-4.55092491469e-11
1.16855336814e-09	-2.77367122326e-11
1.16970799383e-09	-1.0415899046e-11
1.17086261953e-09	7.0719406893e-12
1.17201724522e-09	2.45615194849e-11
1.17317187092e-09	4.05593406083e-11
1.17432649661e-09	5.23590198975e-11
1.17548112231e-09	5.68023197922e-11
1.17663574801e-09	5.13945726255e-11
1.1777903737e-09	3.53318277413e-11
1.1789449994e-09	1.00415509241e-11
1.18009962509e-09	-2.09665132478e-11
1.18125425079e-09	-5.28713670067e-11
1.18240887648e-09	-8.06790328989e-11
1.18356350218e-09	-1.00330840858e-10
1.18471812788e-09	-1.09470890686e-10
1.18587275357e-09	-1.07662524729e-10
1.18702737927e-09	-9.6107156955e-11
1.18818200496e-09	-7.70111613368e-11
1.18933663066e-09	-5.29461960386e-11
1.19049125635e-09	-2.63856124449e-11
1.19164588205e-09	4.26585578927e-13
1.19280050775e-09	2.53157581703e-11
1.19395513344e-09	4.59768750849e-11
1.19510975914e-09	5.99198052287e-11
1.19626438483e-09	6.47344955418e-11
1.19741901053e-09	5.86490855881e-11
1.19857363622e-09	4.12406463146e-11
1.19972826192e-09	1.39611048416e-11
1.20088288762e-09	-1.97573069016e-11
1.20203751331e-09	-5.49242457071e-11
1.20319213901e-09	-8.59358487149e-11
1.2043467647e-09	-1.07757969214e-10
1.2055013904e-09	-1.17045886872e-10
1.20665601609e-09	-1.12864835533e-10
1.20781064179e-09	-9.68090815845e-11
1.20896526748e-09	-7.24771145877e-11
1.21011989318e-09	-4.44937559019e-11
1.21127451888e-09	-1.73727941755e-11
1.21242914457e-09	5.45761656354e-12
1.21358377027e-09	2.21646017512e-11
1.21473839596e-09	3.2463021854e-11
1.21589302166e-09	3.71352566753e-11
1.21704764735e-09	3.73390623976e-11
1.21820227305e-09	3.39671277216e-11
1.21935689875e-09	2.734809601e-11
1.22051152444e-09	1.73237674206e-11
1.22166615014e-09	3.635914703e-12
1.22282077583e-09	-1.35595666639e-11
1.22397540153e-09	-3.32756079635e-11
1.22513002722e-09	-5.36022788655e-11
1.22628465292e-09	-7.19323350884e-11
1.22743927862e-09	-8.54803380856e-11
1.22859390431e-09	-9.19230386254e-11
1.22974853001e-09	-8.99544744248e-11
1.2309031557e-09	-7.96205115727e-11
1.2320577814e-09	-6.23235282826e-11
1.23321240709e-09	-4.05250069613e-11
1.23436703279e-09	-1.72453457764e-11
1.23552165849e-09	4.49050128679e-12
1.23667628418e-09	2.21684823276e-11
1.23783090988e-09	3.41015132799e-11
1.23898553557e-09	3.95187771396e-11
1.24014016127e-09	3.84754068883e-11
1.24129478696e-09	3.16298549852e-11
1.24244941266e-09	1.99878603252e-11
1.24360403836e-09	4.74750967705e-12
1.24475866405e-09	-1.27573620071e-11
1.24591328975e-09	-3.10187708852e-11
1.24706791544e-09	-4.83062062573e-11
1.24822254114e-09	-6.27272400688e-11
1.24937716683e-09	-7.24400955887e-11
1.25053179253e-09	-7.60070895112e-11
1.25168641823e-09	-7.28081206436e-11
1.25284104392e-09	-6.33365235259e-11
1.25399566962e-09	-4.92227196502e-11
1.25515029531e-09	-3.29455802917e-11
1.25630492101e-09	-1.72674322757e-11
1.2574595467e-09	-4.53993179855e-12
1.2586141724e-09	3.86441399713e-12
1.25976879809e-09	7.80896267788e-12
1.26092342379e-09	8.23917930409e-12
1.26207804949e-09	6.69131286837e-12
1.26323267518e-09	4.61411854905e-12
1.26438730088e-09	2.78980332759e-12
1.26554192657e-09	1.04738375091e-12
1.26669655227e-09	-1.59846051326e-12
1.26785117796e-09	-6.46214115205e-12
1.26900580366e-09	-1.4518631089e-11
1.27016042936e-09	-2.58209564841e-11
1.27131505505e-09	-3.920347727e-11
1.27246968075e-09	-5.24377694044e-11
1.27362430644e-09	-6.27674023868e-11
1.27477893214e-09	-6.76673855837e-11
1.27593355783e-09	-6.55796181248e-11
1.27708818353e-09	-5.6385202063e-11
1.27824280923e-09	-4.14815230776e-11
1.27939743492e-09	-2.34340238187e-11
1.28055206062e-09	-5.37705427059e-12
1.28170668631e-09	9.70865141753e-12
1.28286131201e-09	1.95902478267e-11
1.2840159377e-09	2.31452461363e-11
1.2851705634e-09	2.04215429289e-11
1.2863251891e-09	1.24349766595e-11
1.28747981479e-09	8.16518565001e-13
1.28863444049e-09	-1.26005464743e-11
1.28978906618e-09	-2.61082266917e-11
1.29094369188e-09	-3.83142510774e-11
1.29209831757e-09	-4.81634454541e-11
1.29325294327e-09	-5.48665696209e-11
1.29440756897e-09	-5.78266982909e-11
1.29556219466e-09	-5.66238271549e-11
1.29671682036e-09	-5.11296213701e-11
1.29787144605e-09	-4.16910811429e-11
1.29902607175e-09	-2.92800610147e-11
1.30018069744e-09	-1.55089881909e-11
1.30133532314e-09	-2.43209814267e-12
1.30248994884e-09	7.86611921433e-12
1.30364457453e-09	1.37641764306e-11
1.30479920023e-09	1.45446597474e-11
1.30595382592e-09	1.05899195663e-11
1.30710845162e-09	3.24566502147e-12
1.30826307731e-09	-5.59990638929e-12
1.30941770301e-09	-1.41322951605e-11
1.3105723287e-09	-2.11534557232e-11
1.3117269544e-09	-2.63909848836e-11
1.3128815801e-09	-3.0424374825e-11
1.31403620579e-09	-3.42599351666e-11
1.31519083149e-09	-3.87302794003e-11
1.31634545718e-09	-4.39415448472e-11
1.31750008288e-09	-4.90111319584e-11
1.31865470857e-09	-5.22383941659e-11
1.31980933427e-09	-5.16516829308e-11
1.32096395997e-09	-4.57550074218e-11
1.32211858566e-09	-3.42204459214e-11
1.32327321136e-09	-1.82459759107e-11
1.32442783705e-09	-4.19033216329e-13
1.32558246275e-09	1.58672658346e-11
1.32673708844e-09	2.72833249049e-11
1.32789171414e-09	3.14429766946e-11
1.32904633984e-09	2.75107159275e-11
1.33020096553e-09	1.6351914614e-11
1.33135559123e-09	2.30097624981e-13
1.33251021692e-09	-1.78432286307e-11
1.33366484262e-09	-3.48456714871e-11
1.33481946831e-09	-4.83608188218e-11
1.33597409401e-09	-5.69323303778e-11
1.33712871971e-09	-6.0072433139e-11
1.3382833454e-09	-5.80679775097e-11
1.3394379711e-09	-5.16884972324e-11
1.34059259679e-09	-4.19405864205e-11
1.34174722249e-09	-2.99496330514e-11
1.34290184818e-09	-1.69683555401e-11
1.34405647388e-09	-4.42230930695e-12
1.34521109958e-09	6.12260502714e-12
1.34636572527e-09	1.31240825499e-11
1.34752035097e-09	1.5359406455e-11
1.34867497666e-09	1.23046677014e-11
1.34982960236e-09	4.41456420031e-12
1.35098422805e-09	-6.82142146588e-12
1.35213885375e-09	-1.9112501512e-11
1.35329347945e-09	-2.98753799477e-11
1.35444810514e-09	-3.69006145085e-11
1.35560273084e-09	-3.89337971585e-11
1.35675735653e-09	-3.60253285536e-11
1.35791198223e-09	-2.95081910295e-11
1.35906660792e-09	-2.1577075196e-11
1.36022123362e-09	-1.4617178995e-11
1.36137585931e-09	-1.04932989381e-11
1.36253048501e-09	-1.00102018688e-11
1.36368511071e-09	-1.27427669111e-11
1.3648397364e-09	-1.72725601183e-11
1.3659943621e-09	-2.17314187478e-11
1.36714898779e-09	-2.44768805918e-11
1.36830361349e-09	-2.463654801e-11
1.36945823918e-09	-2.23590156806e-11
1.37061286488e-09	-1.86810705793e-11
1.37176749058e-09	-1.51016889965e-11
1.37292211627e-09	-1.29982309638e-11
1.37407674197e-09	-1.3137541402e-11
1.37523136766e-09	-1.54200471836e-11
1.37638599336e-09	-1.89622970104e-11
1.37754061905e-09	-2.24605768012e-11
1.37869524475e-09	-2.46718513675e-11
1.37984987045e-09	-2.48429610217e-11
1.38100449614e-09	-2.29220201847e-11
1.38215912184e-09	-1.94921093155e-11
1.38331374753e-09	-1.5500581721e-11
1.38446837323e-09	-1.18949294858e-11
1.38562299892e-09	-9.33011740784e-12
1.38677762462e-09	-8.05307643487e-12
1.38793225032e-09	-7.97155830928e-12
1.38908687601e-09	-8.85285074415e-12
1.39024150171e-09	-1.05263332772e-11
1.3913961274e-09	-1.29882623753e-11
1.3925507531e-09	-1.63547578258e-11
1.39370537879e-09	-2.06857465185e-11
1.39486000449e-09	-2.57578697954e-11
1.39601463019e-09	-3.09269589105e-11
1.39716925588e-09	-3.51467813187e-11
1.39832388158e-09	-3.71962148582e-11
1.39947850727e-09	-3.60637561481e-11
1.40063313297e-09	-3.13480873204e-11
1.40178775866e-09	-2.35109483965e-11
1.40294238436e-09	-1.38894902524e-11
1.40409701006e-09	-4.40886346528e-12
1.40525163575e-09	2.92254566901e-12
1.40640626145e-09	6.57381744526e-12
1.40756088714e-09	5.91884744341e-12
1.40871551284e-09	1.38436245974e-12
1.40987013853e-09	-5.70983668333e-12
1.41102476423e-09	-1.35844547416e-11
1.41217938992e-09	-2.05347665955e-11
1.41333401562e-09	-2.53970889458e-11
1.41448864132e-09	-2.77916665375e-11
1.41564326701e-09	-2.80985946316e-11
1.41679789271e-09	-2.71879515429e-11
1.4179525184e-09	-2.60118333123e-11
1.4191071441e-09	-2.52324897088e-11
1.42026176979e-09	-2.49980296879e-11
1.42141639549e-09	-2.49396527735e-11
1.42257102119e-09	-2.43828169461e-11
1.42372564688e-09	-2.26795995178e-11
1.42488027258e-09	-1.95063097619e-11
1.42603489827e-09	-1.5040609383e-11
1.42718952397e-09	-9.94751937072e-12
1.42834414966e-09	-5.18037912914e-12
1.42949877536e-09	-1.68911271688e-12
1.43065340106e-09	-1.57361862256e-13
1.43180802675e-09	-8.37447461637e-13
1.43296265245e-09	-3.55067819764e-12
1.43411727814e-09	-7.8064299816e-12
1.43527190384e-09	-1.29727626211e-11
1.43642652953e-09	-1.8439631766e-11
1.43758115523e-09	-2.36907091167e-11
1.43873578093e-09	-2.82887133857e-11
1.43989040662e-09	-3.18304479996e-11
1.44104503232e-09	-3.39013608852e-11
1.44219965801e-09	-3.40857446435e-11
1.44335428371e-09	-3.20651283303e-11
1.4445089094e-09	-2.77547412136e-11
1.4456635351e-09	-2.14482633043e-11
1.4468181608e-09	-1.38911573216e-11
1.44797278649e-09	-6.22774358125e-12
1.44912741219e-09	1.95251543341e-13
1.45028203788e-09	4.11844213247e-12
1.45143666358e-09	4.69260524535e-12
1.45259128927e-09	1.73173628215e-12
1.45374591497e-09	-4.20123918293e-12
1.45490054067e-09	-1.1910323422e-11
1.45605516636e-09	-1.98512057487e-11
1.45720979206e-09	-2.65197239169e-11
1.45836441775e-09	-3.08195240162e-11
1.45951904345e-09	-3.23009917425e-11
1.46067366914e-09	-3.12002819414e-11
1.46182829484e-09	-2.82868624357e-11
1.46298292053e-09	-2.456769857e-11
1.46413754623e-09	-2.09577077914e-11
1.46529217193e-09	-1.80243476394e-11
1.46644679762e-09	-1.58863928956e-11
1.46760142332e-09	-1.42814223988e-11
1.46875604901e-09	-1.275732818e-11
1.46991067471e-09	-1.09310191107e-11
1.4710653004e-09	-8.68250697034e-12
