% time-domain voltage integration by openEMS v0.37.0-rc1-2-g7b051bb @Sat Aug  8 17:09:07 2026
% start-coordinates: (0.00159803,0.00418544,-0.000635) m -> [71,120,15]
% stop-coordinates: (0.00190379,0.00418544,-0.000635) m -> [77,120,15]
% t/s	voltage
0	0
1.23345930257e-12	0
2.46691860514e-12	0
3.70037790771e-12	0
4.93383721028e-12	0
6.16729651285e-12	0
7.40075581542e-12	0
8.63421511799e-12	0
9.86767442056e-12	0
1.11011337231e-11	0
1.23345930257e-11	0
1.35680523283e-11	0
1.48015116308e-11	0
1.60349709334e-11	0
1.7268430236e-11	0
1.85018895385e-11	0
1.97353488411e-11	0
2.09688081437e-11	0
2.22022674463e-11	0
2.34357267488e-11	0
2.46691860514e-11	0
2.5902645354e-11	0
2.71361046565e-11	0
2.83695639591e-11	0
2.96030232617e-11	0
3.08364825642e-11	0
3.20699418668e-11	0
3.33034011694e-11	0
3.4536860472e-11	0
3.57703197745e-11	0
3.70037790771e-11	0
3.82372383797e-11	0
3.94706976822e-11	0
4.07041569848e-11	0
4.19376162874e-11	0
4.31710755899e-11	0
4.44045348925e-11	0
4.56379941951e-11	0
4.68714534977e-11	0
4.81049128002e-11	0
4.93383721028e-11	0
5.05718314054e-11	0
5.18052907079e-11	0
5.30387500105e-11	0
5.42722093131e-11	0
5.55056686156e-11	0
5.67391279182e-11	0
5.79725872208e-11	0
5.92060465234e-11	0
6.04395058259e-11	0
6.16729651285e-11	0
6.29064244311e-11	0
6.41398837336e-11	0
6.53733430362e-11	0
6.66068023388e-11	0
6.78402616413e-11	0
6.90737209439e-11	0
7.03071802465e-11	0
7.15406395491e-11	0
7.27740988516e-11	0
7.40075581542e-11	0
7.52410174568e-11	0
7.64744767593e-11	0
7.77079360619e-11	0
7.89413953645e-11	0
8.0174854667e-11	0
8.14083139696e-11	0
8.26417732722e-11	0
8.38752325748e-11	0
8.51086918773e-11	0
8.63421511799e-11	1.60526099739e-34
8.75756104825e-11	1.17354620771e-32
8.8809069785e-11	6.01711419409e-31
9.00425290876e-11	2.54472730467e-29
9.12759883902e-11	8.92167257807e-28
9.25094476927e-11	2.59983790754e-26
9.37429069953e-11	6.31206326081e-25
9.49763662979e-11	1.27956273969e-23
9.62098256005e-11	2.17017886435e-22
9.7443284903e-11	3.08548508816e-21
9.86767442056e-11	3.68470059554e-20
9.99102035082e-11	3.70361207692e-19
1.01143662811e-10	3.14003385353e-18
1.02377122113e-10	2.25051680662e-17
1.03610581416e-10	1.36618051596e-16
1.04844040718e-10	7.03137746095e-16
1.06077500021e-10	3.06400722021e-15
1.07310959324e-10	1.12304651052e-14
1.08544418626e-10	3.39876031609e-14
1.09777877929e-10	8.07340890172e-14
1.11011337231e-10	1.25750729884e-13
1.12244796534e-10	-2.03390997603e-14
1.13478255836e-10	-1.0242951642e-12
1.14711715139e-10	-4.55272939574e-12
1.15945174442e-10	-1.3653271764e-11
1.17178633744e-10	-3.1712383804e-11
1.18412093047e-10	-5.71784308269e-11
1.19645552349e-10	-6.97508448569e-11
1.20879011652e-10	-4.01717461379e-12
1.22112470954e-10	2.88723831302e-10
1.23345930257e-10	1.0778276327e-09
1.2457938956e-10	2.75767464419e-09
1.25812848862e-10	5.7639481521e-09
1.27046308165e-10	1.03324113709e-08
1.28279767467e-10	1.60460730259e-08
1.2951322677e-10	2.11877417833e-08
1.30746686072e-10	2.2059811533e-08
1.31980145375e-10	1.26343714379e-08
1.33213604678e-10	-1.49266837779e-08
1.3444706398e-10	-6.83401939483e-08
1.35680523283e-10	-1.51658625214e-07
1.36913982585e-10	-2.60667086138e-07
1.38147441888e-10	-3.7877489234e-07
1.3938090119e-10	-4.75764515784e-07
1.40614360493e-10	-5.11755814614e-07
1.41847819796e-10	-4.4743677563e-07
1.43081279098e-10	-2.59002657543e-07
1.44314738401e-10	4.68649838936e-08
1.45548197703e-10	4.24780456143e-07
1.46781657006e-10	7.95490322503e-07
1.48015116308e-10	1.06609149952e-06
1.49248575611e-10	1.16137864836e-06
1.50482034914e-10	1.05552597063e-06
1.51715494216e-10	7.90278541274e-07
1.52948953519e-10	4.68775681384e-07
1.54182412821e-10	2.22950662376e-07
1.55415872124e-10	1.63986342727e-07
1.56649331426e-10	3.34475345198e-07
1.57882790729e-10	6.82899504056e-07
1.59116250032e-10	1.07383576164e-06
1.60349709334e-10	1.33312451567e-06
1.61583168637e-10	1.31213170107e-06
1.62816627939e-10	9.46146698766e-07
1.64050087242e-10	2.83405022117e-07
1.65283546544e-10	-5.27214211843e-07
1.66517005847e-10	-1.28512216691e-06
1.6775046515e-10	-1.80454702559e-06
1.68983924452e-10	-1.97362993504e-06
1.70217383755e-10	-1.78548101815e-06
1.71450843057e-10	-1.33262840052e-06
1.7268430236e-10	-7.70114652937e-07
1.73917761662e-10	-2.62628160996e-07
1.75151220965e-10	6.54840994763e-08
1.76384680268e-10	1.61619491124e-07
1.7761813957e-10	4.98908128144e-08
1.78851598873e-10	-1.88686524183e-07
1.80085058175e-10	-4.5115634606e-07
1.81318517478e-10	-6.49141064457e-07
1.8255197678e-10	-7.34354578924e-07
1.83785436083e-10	-7.05927590161e-07
1.85018895385e-10	-5.99928792866e-07
1.86252354688e-10	-4.68147366206e-07
1.87485813991e-10	-3.5609936333e-07
1.88719273293e-10	-2.88398881665e-07
1.89952732596e-10	-2.64893444069e-07
1.91186191898e-10	-2.66146088279e-07
1.92419651201e-10	-2.64103869441e-07
1.93653110503e-10	-2.33419036988e-07
1.94886569806e-10	-1.60350008827e-07
1.96120029109e-10	-4.79566661937e-08
1.97353488411e-10	8.27076669374e-08
1.98586947714e-10	1.95834934047e-07
1.99820407016e-10	2.49030032151e-07
2.01053866319e-10	2.05884809645e-07
2.02287325621e-10	5.02725168161e-08
2.03520784924e-10	-2.02586246445e-07
2.04754244227e-10	-5.03826004916e-07
2.05987703529e-10	-7.80720085913e-07
2.07221162832e-10	-9.57037443072e-07
2.08454622134e-10	-9.77449431616e-07
2.09688081437e-10	-8.26732438952e-07
2.10921540739e-10	-5.35808737823e-07
2.12155000042e-10	-1.71769013235e-07
2.13388459345e-10	1.84034677275e-07
2.14621918647e-10	4.6061989778e-07
2.1585537795e-10	6.15173263441e-07
2.17088837252e-10	6.38847090784e-07
2.18322296555e-10	5.51351110545e-07
2.19555755857e-10	3.89470230289e-07
2.2078921516e-10	1.95783876222e-07
2.22022674463e-10	1.15523725031e-08
2.23256133765e-10	-1.26406646928e-07
2.24489593068e-10	-1.87967502896e-07
2.2572305237e-10	-1.53639557965e-07
2.26956511673e-10	-2.00469367773e-08
2.28189970975e-10	1.95579710649e-07
2.29423430278e-10	4.54880243694e-07
2.30656889581e-10	7.03616080955e-07
2.31890348883e-10	8.82474886055e-07
2.33123808186e-10	9.41298409884e-07
2.34357267488e-10	8.53475107476e-07
2.35590726791e-10	6.26614955479e-07
2.36824186093e-10	3.05547018797e-07
2.38057645396e-10	-3.50946574024e-08
2.39291104699e-10	-3.08470141874e-07
2.40524564001e-10	-4.39468117008e-07
2.41758023304e-10	-3.88056946576e-07
2.42991482606e-10	-1.63945710341e-07
2.44224941909e-10	1.73531111258e-07
2.45458401211e-10	5.31153055761e-07
2.46691860514e-10	8.08222345938e-07
2.47925319817e-10	9.25125085871e-07
2.49158779119e-10	8.45199338073e-07
2.50392238422e-10	5.8339525566e-07
2.51625697724e-10	1.99848145144e-07
2.52859157027e-10	-2.18360522553e-07
2.54092616329e-10	-5.8064814823e-07
2.55326075632e-10	-8.14667004079e-07
2.56559534935e-10	-8.81246414508e-07
2.57792994237e-10	-7.80199336248e-07
2.5902645354e-10	-5.47244201954e-07
2.60259912842e-10	-2.43876858264e-07
2.61493372145e-10	5.73858969233e-08
2.62726831447e-10	2.89713469215e-07
2.6396029075e-10	4.07488816023e-07
2.65193750053e-10	3.97302486022e-07
2.66427209355e-10	2.8128808971e-07
2.67660668658e-10	1.10943902953e-07
2.6889412796e-10	-4.79079109716e-08
2.70127587263e-10	-1.35154975212e-07
2.71361046565e-10	-1.15266116651e-07
2.72594505868e-10	1.11408124948e-08
2.73827965171e-10	2.06894830157e-07
2.75061424473e-10	4.09381073041e-07
2.76294883776e-10	5.49870723177e-07
2.77528343078e-10	5.74896546368e-07
2.78761802381e-10	4.62798102063e-07
2.79995261683e-10	2.30424406666e-07
2.81228720986e-10	-7.13438277344e-08
2.82462180289e-10	-3.71323910286e-07
2.83695639591e-10	-5.96930341601e-07
2.84929098894e-10	-6.93090534298e-07
2.86162558196e-10	-6.36205029991e-07
2.87396017499e-10	-4.39903317329e-07
2.88629476801e-10	-1.51735099152e-07
2.89862936104e-10	1.58016744578e-07
2.91096395407e-10	4.12820874374e-07
2.92329854709e-10	5.48164514669e-07
2.93563314012e-10	5.27709577369e-07
2.94796773314e-10	3.53584070467e-07
2.96030232617e-10	6.78853919744e-08
2.97263691919e-10	-2.55935381333e-07
2.98497151222e-10	-5.30767710671e-07
2.99730610524e-10	-6.78748506289e-07
3.00964069827e-10	-6.53296396536e-07
3.0219752913e-10	-4.53693409952e-07
3.03430988432e-10	-1.27071641209e-07
3.04664447735e-10	2.43882810835e-07
3.05897907037e-10	5.6448678265e-07
3.0713136634e-10	7.55826476961e-07
3.08364825642e-10	7.7781115948e-07
3.09598284945e-10	6.39487787168e-07
3.10831744248e-10	3.92767379509e-07
3.1206520355e-10	1.12198464741e-07
3.13298662853e-10	-1.31182069651e-07
3.14532122155e-10	-2.91871803171e-07
3.15765581458e-10	-3.59812577955e-07
3.1699904076e-10	-3.55757261872e-07
3.18232500063e-10	-3.16182681814e-07
3.19465959366e-10	-2.7566373717e-07
3.20699418668e-10	-2.54176365289e-07
3.21932877971e-10	-2.5334020215e-07
3.23166337273e-10	-2.60960087317e-07
3.24399796576e-10	-2.59752217957e-07
3.25633255878e-10	-2.3549645789e-07
3.26866715181e-10	-1.81753552653e-07
3.28100174484e-10	-1.00720402685e-07
3.29333633786e-10	-1.40089473355e-09
3.30567093089e-10	1.03138382279e-07
3.31800552391e-10	1.98180583055e-07
3.33034011694e-10	2.69281366982e-07
3.34267470996e-10	3.04220151293e-07
3.35500930299e-10	2.95153110841e-07
3.36734389602e-10	2.40723263545e-07
3.37967848904e-10	1.47475631707e-07
3.39201308207e-10	2.98159243961e-08
3.40434767509e-10	-9.19334848248e-08
3.41668226812e-10	-1.95180090756e-07
3.42901686114e-10	-2.59747411135e-07
3.44135145417e-10	-2.72556645697e-07
3.4536860472e-10	-2.31081886071e-07
3.46602064022e-10	-1.4452897279e-07
3.47835523325e-10	-3.21887985155e-08
3.49068982627e-10	8.08204863034e-08
3.5030244193e-10	1.6940989056e-07
3.51535901232e-10	2.14397484655e-07
3.52769360535e-10	2.06838059569e-07
3.54002819838e-10	1.49744955991e-07
3.5523627914e-10	5.71513893988e-08
3.56469738443e-10	-4.89033360473e-08
3.57703197745e-10	-1.42757615507e-07
3.58936657048e-10	-2.00214762103e-07
3.6017011635e-10	-2.03719213943e-07
3.61403575653e-10	-1.46974326043e-07
3.62637034956e-10	-3.79128604067e-08
3.63870494258e-10	1.01400857488e-07
3.65103953561e-10	2.38958801191e-07
3.66337412863e-10	3.40775763163e-07
3.67570872166e-10	3.80616963724e-07
3.68804331468e-10	3.48229036717e-07
3.70037790771e-10	2.53028675345e-07
3.71271250074e-10	1.21690321819e-07
3.72504709376e-10	-9.77555958404e-09
3.73738168679e-10	-1.06784074028e-07
3.74971627981e-10	-1.460698833e-07
3.76205087284e-10	-1.21662520058e-07
3.77438546586e-10	-4.5658177239e-08
3.78672005889e-10	5.58513488791e-08
3.79905465192e-10	1.5031439915e-07
3.81138924494e-10	2.07734078828e-07
3.82372383797e-10	2.08854384454e-07
3.83605843099e-10	1.50499424478e-07
3.84839302402e-10	4.66317997549e-08
3.86072761704e-10	-7.54532356595e-08
3.87306221007e-10	-1.82974684293e-07
3.8853968031e-10	-2.47149426258e-07
3.89773139612e-10	-2.51325726452e-07
3.91006598915e-10	-1.95290184024e-07
3.92240058217e-10	-9.44645535128e-08
3.9347351752e-10	2.54058709626e-08
3.94706976822e-10	1.35890287467e-07
3.95940436125e-10	2.13298871898e-07
3.97173895428e-10	2.4385285613e-07
3.9840735473e-10	2.25547475807e-07
3.99640814033e-10	1.66886559683e-07
4.00874273335e-10	8.34122388937e-08
4.02107732638e-10	-6.79438749707e-09
4.0334119194e-10	-8.73316219341e-08
4.04574651243e-10	-1.46432268977e-07
4.05808110546e-10	-1.78267587359e-07
4.07041569848e-10	-1.82654849468e-07
4.08275029151e-10	-1.63626932448e-07
4.09508488453e-10	-1.27681818007e-07
4.10741947756e-10	-8.2382071831e-08
4.11975407058e-10	-3.54386309187e-08
4.13208866361e-10	5.95759985789e-09
4.14442325663e-10	3.58883260887e-08
4.15675784966e-10	5.07163786523e-08
4.16909244269e-10	5.01441701495e-08
4.18142703571e-10	3.77054991674e-08
4.19376162874e-10	2.0033131154e-08
4.20609622176e-10	4.84318229965e-09
4.21843081479e-10	-1.75484621279e-09
4.23076540781e-10	2.37864711261e-09
4.24310000084e-10	1.45097959203e-08
4.25543459387e-10	2.81842091887e-08
4.26776918689e-10	3.59252088078e-08
4.28010377992e-10	3.22946058784e-08
4.29243837294e-10	1.61587683234e-08
4.30477296597e-10	-8.73287830938e-09
4.31710755899e-10	-3.5149538391e-08
4.32944215202e-10	-5.51069105903e-08
4.34177674505e-10	-6.27188461166e-08
4.35411133807e-10	-5.61827340206e-08
4.3664459311e-10	-3.82846383484e-08
4.37878052412e-10	-1.53179093854e-08
4.39111511715e-10	5.1088703823e-09
4.40344971017e-10	1.64990421325e-08
4.4157843032e-10	1.52964593214e-08
4.42811889623e-10	1.5970017947e-09
4.44045348925e-10	-2.12642761177e-08
4.45278808228e-10	-4.78406438909e-08
4.4651226753e-10	-7.18768822239e-08
4.47745726833e-10	-8.73984689065e-08
4.48979186135e-10	-8.95984983984e-08
4.50212645438e-10	-7.57000009344e-08
4.51446104741e-10	-4.58120874569e-08
4.52679564043e-10	-3.53578055723e-09
4.53913023346e-10	4.41223728664e-08
4.55146482648e-10	8.7918282432e-08
4.56379941951e-10	1.18521875869e-07
4.57613401253e-10	1.28938578037e-07
4.58846860556e-10	1.16303942477e-07
4.60080319859e-10	8.24120789389e-08
4.61313779161e-10	3.29134557386e-08
4.62547238464e-10	-2.43228068797e-08
4.63780697766e-10	-8.09594551399e-08
4.65014157069e-10	-1.29466291021e-07
4.66247616371e-10	-1.63804124043e-07
4.67481075674e-10	-1.79861336491e-07
4.68714534977e-10	-1.75882764353e-07
4.69947994279e-10	-1.52846876489e-07
4.71181453582e-10	-1.14627951575e-07
4.72414912884e-10	-6.76441258562e-08
4.73648372187e-10	-1.98209482161e-08
4.74881831489e-10	2.08774015853e-08
4.76115290792e-10	4.8010669218e-08
4.77348750095e-10	5.80055345978e-08
4.78582209397e-10	5.0938656404e-08
4.798156687e-10	3.06013787643e-08
4.81049128002e-10	3.72807706928e-09
4.82282587305e-10	-2.16714668433e-08
4.83516046607e-10	-3.85652563217e-08
4.8474950591e-10	-4.3009930728e-08
4.85982965213e-10	-3.53824858301e-08
4.87216424515e-10	-2.01718308723e-08
4.88449883818e-10	-4.18802501012e-09
4.8968334312e-10	6.1868431489e-09
4.90916802423e-10	7.44833944522e-09
4.92150261725e-10	1.07174692732e-10
4.93383721028e-10	-1.18184534381e-08
4.94617180331e-10	-2.26970813255e-08
4.95850639633e-10	-2.77210818744e-08
4.97084098936e-10	-2.47565896672e-08
4.98317558238e-10	-1.49430631202e-08
4.99551017541e-10	-1.9937045348e-09
5.00784476843e-10	9.4696291919e-09
5.02017936146e-10	1.58294456432e-08
5.03251395449e-10	1.58265719419e-08
5.04484854751e-10	1.08777613583e-08
5.05718314054e-10	4.30428914733e-09
5.06951773356e-10	-2.09335382362e-10
5.08185232659e-10	-2.45452186354e-10
5.09418691961e-10	4.31298485815e-09
5.10652151264e-10	1.13309635008e-08
5.11885610567e-10	1.75261249957e-08
5.13119069869e-10	2.00985010856e-08
5.14352529172e-10	1.81739012728e-08
5.15585988474e-10	1.34346818115e-08
5.16819447777e-10	9.58376167315e-09
5.18052907079e-10	1.08549198519e-08
5.19286366382e-10	2.02298597873e-08
5.20519825685e-10	3.80572058312e-08
5.21753284987e-10	6.15420030492e-08
5.2298674429e-10	8.52665191786e-08
5.24220203592e-10	1.02630968613e-07
5.25453662895e-10	1.07706042307e-07
5.26687122197e-10	9.689602809e-08
5.279205815e-10	7.00017972477e-08
5.29154040803e-10	3.04056364531e-08
5.30387500105e-10	-1.57112443055e-08
5.31620959408e-10	-6.07994574686e-08
5.3285441871e-10	-9.75700960026e-08
5.34087878013e-10	-1.20393794489e-07
5.35321337315e-10	-1.26091602937e-07
5.36554796618e-10	-1.14041911026e-07
5.3778825592e-10	-8.58316440144e-08
5.39021715223e-10	-4.47168950757e-08
5.40255174526e-10	4.80924577939e-09
5.41488633828e-10	5.72000899979e-08
5.42722093131e-10	1.05994772959e-07
5.43955552433e-10	1.44203323948e-07
5.45189011736e-10	1.65132822971e-07
5.46422471038e-10	1.63707412071e-07
5.47655930341e-10	1.38018634743e-07
5.48889389644e-10	9.05539820906e-08
5.50122848946e-10	2.84660408578e-08
5.51356308249e-10	-3.74773634348e-08
5.52589767551e-10	-9.51353866796e-08
5.53823226854e-10	-1.33883517606e-07
5.55056686156e-10	-1.47240556636e-07
5.56290145459e-10	-1.34321791023e-07
5.57523604762e-10	-9.97065949804e-08
5.58757064064e-10	-5.18401774841e-08
5.59990523367e-10	-5.49060519273e-10
5.61223982669e-10	4.53935617983e-08
5.62457441972e-10	7.98671742075e-08
5.63690901274e-10	9.98645788286e-08
5.64924360577e-10	1.04962126102e-07
5.6615781988e-10	9.6345497802e-08
5.67391279182e-10	7.59872729184e-08
5.68624738485e-10	4.63498381897e-08
5.69858197787e-10	1.06777282571e-08
5.7109165709e-10	-2.65638984143e-08
5.72325116392e-10	-5.97307976413e-08
5.73558575695e-10	-8.27548802818e-08
5.74792034998e-10	-9.05765817905e-08
5.760254943e-10	-8.08503051175e-08
5.77258953603e-10	-5.51084977651e-08
5.78492412905e-10	-1.87650658345e-08
5.79725872208e-10	2.01095438079e-08
5.8095933151e-10	5.29239048142e-08
5.82192790813e-10	7.29182829673e-08
5.83426250116e-10	7.69307542114e-08
5.84659709418e-10	6.60581691569e-08
5.85893168721e-10	4.50507338101e-08
5.87126628023e-10	2.06736088249e-08
5.88360087326e-10	-4.30188246137e-10
5.89593546628e-10	-1.37081133111e-08
5.90827005931e-10	-1.78761885294e-08
5.92060465234e-10	-1.49364204338e-08
5.93293924536e-10	-9.04952346392e-09
5.94527383839e-10	-4.66290134282e-09
5.95760843141e-10	-4.6464349035e-09
5.96994302444e-10	-9.16645520599e-09
5.98227761746e-10	-1.56961387221e-08
5.99461221049e-10	-2.01570409253e-08
6.00694680352e-10	-1.86695670035e-08
6.01928139654e-10	-9.14333808666e-09
6.03161598957e-10	7.82126718946e-09
6.04395058259e-10	2.89644463969e-08
6.05628517562e-10	4.92873466484e-08
6.06861976864e-10	6.34836831992e-08
6.08095436167e-10	6.74651259303e-08
6.0932889547e-10	5.96375633322e-08
6.10562354772e-10	4.15659759945e-08
6.11795814075e-10	1.77349307462e-08
6.13029273377e-10	-5.66565916404e-09
6.1426273268e-10	-2.26423690908e-08
6.15496191982e-10	-2.93595361356e-08
6.16729651285e-10	-2.53905971803e-08
6.17963110588e-10	-1.36613358404e-08
6.1919656989e-10	9.23603984959e-10
6.20430029193e-10	1.35217564923e-08
6.21663488495e-10	2.1133146122e-08
6.22896947798e-10	2.33253989457e-08
6.241304071e-10	2.1707486253e-08
6.25363866403e-10	1.86583002382e-08
6.26597325706e-10	1.60464825871e-08
6.27830785008e-10	1.4557354544e-08
6.29064244311e-10	1.38725505527e-08
6.30297703613e-10	1.33310847916e-08
6.31531162916e-10	1.25488217595e-08
6.32764622218e-10	1.17416116829e-08
6.33998081521e-10	1.16494491831e-08
6.35231540824e-10	1.3179386249e-08
6.36465000126e-10	1.70345962891e-08
6.37698459429e-10	2.33722525778e-08
6.38931918731e-10	3.14838997095e-08
6.40165378034e-10	3.96328867502e-08
6.41398837336e-10	4.51855401984e-08
6.42632296639e-10	4.52110224813e-08
6.43865755942e-10	3.75407571696e-08
6.45099215244e-10	2.18834885768e-08
6.46332674547e-10	4.62236859899e-10
6.47566133849e-10	-2.22179601383e-08
6.48799593152e-10	-4.05476723309e-08
6.50033052454e-10	-4.95186958105e-08
6.51266511757e-10	-4.62741329699e-08
6.52499971059e-10	-3.09667234077e-08
6.53733430362e-10	-6.70462529939e-09
6.54966889665e-10	2.12690836054e-08
6.56200348967e-10	4.68421355038e-08
6.5743380827e-10	6.43825210922e-08
6.58667267572e-10	6.99446753849e-08
6.59900726875e-10	6.21919622468e-08
6.61134186177e-10	4.28348365666e-08
6.6236764548e-10	1.63416039589e-08
6.63601104783e-10	-1.11246777346e-08
6.64834564085e-10	-3.33587408807e-08
6.66068023388e-10	-4.58810807125e-08
6.6730148269e-10	-4.71400696256e-08
6.68534941993e-10	-3.86808798325e-08
6.69768401295e-10	-2.4266048948e-08
6.71001860598e-10	-8.35437430347e-09
6.72235319901e-10	5.40476124966e-09
6.73468779203e-10	1.50736024773e-08
6.74702238506e-10	2.05192174363e-08
6.75935697808e-10	2.28636864996e-08
6.77169157111e-10	2.36600117276e-08
6.78402616413e-10	2.41393185441e-08
6.79636075716e-10	2.47278459931e-08
6.80869535019e-10	2.48949370008e-08
6.82102994321e-10	2.33345101019e-08
6.83336453624e-10	1.84626055555e-08
6.84569912926e-10	9.16560061182e-09
6.85803372229e-10	-4.43155484531e-09
6.87036831531e-10	-2.04969974327e-08
6.88270290834e-10	-3.56367273469e-08
6.89503750137e-10	-4.57911877305e-08
6.90737209439e-10	-4.76277763894e-08
6.91970668742e-10	-3.98810993119e-08
6.93204128044e-10	-2.40683342145e-08
6.94437587347e-10	-4.18324053175e-09
6.95671046649e-10	1.45769314397e-08
6.96904505952e-10	2.75250124915e-08
6.98137965255e-10	3.1977010817e-08
6.99371424557e-10	2.79887260035e-08
7.0060488386e-10	1.81056960535e-08
7.01838343162e-10	6.30438873328e-09
7.03071802465e-10	-3.41183384323e-09
7.04305261767e-10	-8.30777296956e-09
7.0553872107e-10	-7.71751196282e-09
7.06772180373e-10	-3.11366646355e-09
7.08005639675e-10	2.53821283436e-09
7.09239098978e-10	5.94131488452e-09
7.1047255828e-10	4.80283801618e-09
7.11706017583e-10	-1.1579910919e-09
7.12939476885e-10	-9.95791238356e-09
7.14172936188e-10	-1.79938952627e-08
7.15406395491e-10	-2.14200224224e-08
7.16639854793e-10	-1.77504694276e-08
7.17873314096e-10	-7.00259367159e-09
7.19106773398e-10	8.10538169915e-09
7.20340232701e-10	2.29992882517e-08
7.21573692003e-10	3.28363938262e-08
7.22807151306e-10	3.42232724382e-08
7.24040610609e-10	2.63927282251e-08
7.25274069911e-10	1.14571090393e-08
7.26507529214e-10	-6.30009111546e-09
7.27740988516e-10	-2.18196787305e-08
7.28974447819e-10	-3.0845230814e-08
7.30207907121e-10	-3.11826289234e-08
7.31441366424e-10	-2.32922174881e-08
7.32674825727e-10	-1.00419329518e-08
7.33908285029e-10	4.30345933888e-09
7.35141744332e-10	1.55142898528e-08
7.36375203634e-10	2.07918953166e-08
7.37608662937e-10	1.96431662047e-08
7.38842122239e-10	1.38707820785e-08
7.40075581542e-10	6.67666655296e-09
7.41309040845e-10	1.25501295467e-09
7.42542500147e-10	-5.77006976921e-10
7.4377595945e-10	8.78287068073e-10
7.45009418752e-10	3.44214473591e-09
7.46242878055e-10	4.16711012918e-09
7.47476337357e-10	8.14022543816e-10
7.4870979666e-10	-6.9285281401e-09
7.49943255963e-10	-1.70351081019e-08
7.51176715265e-10	-2.57645136337e-08
7.52410174568e-10	-2.90736767994e-08
7.5364363387e-10	-2.42589903721e-08
7.54877093173e-10	-1.11719151707e-08
7.56110552475e-10	7.48029327369e-09
7.57344011778e-10	2.69010915765e-08
7.58577471081e-10	4.17750105619e-08
7.59810930383e-10	4.80528816738e-08
7.61044389686e-10	4.43141017215e-08
7.62277848988e-10	3.22210560455e-08
7.63511308291e-10	1.58899070568e-08
7.64744767593e-10	4.3622447321e-10
7.65978226896e-10	-9.77866487784e-09
7.67211686198e-10	-1.25844413779e-08
7.68445145501e-10	-8.60061238894e-09
7.69678604804e-10	-8.02266815481e-10
7.70912064106e-10	6.74730554762e-09
7.72145523409e-10	1.0534320749e-08
7.73378982711e-10	8.96973773035e-09
7.74612442014e-10	2.95356694657e-09
7.75845901316e-10	-4.57154011868e-09
7.77079360619e-10	-9.88022463844e-09
7.78312819922e-10	-1.00301782435e-08
7.79546279224e-10	-4.0848724403e-09
7.80779738527e-10	6.5198065835e-09
7.82013197829e-10	1.85719115642e-08
7.83246657132e-10	2.83413008617e-08
7.84480116434e-10	3.29549998401e-08
7.85713575737e-10	3.13510033489e-08
7.8694703504e-10	2.44653597381e-08
7.88180494342e-10	1.46867764617e-08
7.89413953645e-10	4.88900253615e-09
7.90647412947e-10	-2.57936227932e-09
7.9188087225e-10	-6.6053818526e-09
7.93114331552e-10	-7.50824286078e-09
7.94347790855e-10	-6.71936883911e-09
7.95581250158e-10	-6.05892364058e-09
7.9681470946e-10	-6.86558510044e-09
7.98048168763e-10	-9.3371638199e-09
7.99281628065e-10	-1.23439759525e-08
8.00515087368e-10	-1.38375644276e-08
8.0174854667e-10	-1.17655122311e-08
8.02982005973e-10	-5.09303718643e-09
8.04215465276e-10	5.55078499831e-09
8.05448924578e-10	1.78980077425e-08
8.06682383881e-10	2.87768926466e-08
8.07915843183e-10	3.52518161328e-08
8.09149302486e-10	3.56465064133e-08
8.10382761788e-10	3.00363005579e-08
8.11616221091e-10	2.00749183943e-08
8.12849680394e-10	8.30329716095e-09
8.14083139696e-10	-2.70945527125e-09
8.15316598999e-10	-1.1068338468e-08
8.16550058301e-10	-1.59159166957e-08
8.17783517604e-10	-1.74341461268e-08
8.19016976906e-10	-1.655984605e-08
8.20250436209e-10	-1.45238828742e-08
8.21483895512e-10	-1.23543909547e-08
8.22717354814e-10	-1.04932611489e-08
8.23950814117e-10	-8.66203186956e-09
8.25184273419e-10	-6.06839756223e-09
8.26417732722e-10	-1.89850246635e-09
8.27651192024e-10	4.12953124473e-09
8.28884651327e-10	1.14163137832e-08
8.3011811063e-10	1.85510682371e-08
8.31351569932e-10	2.37947099802e-08
8.32585029235e-10	2.57386092439e-08
8.33818488537e-10	2.38172981337e-08
8.3505194784e-10	1.84534569847e-08
8.36285407142e-10	1.08032267576e-08
8.37518866445e-10	2.28449498207e-09
8.38752325748e-10	-5.8598538244e-09
8.3998578505e-10	-1.2776778191e-08
8.41219244353e-10	-1.79789771959e-08
8.42452703655e-10	-2.12109561026e-08
8.43686162958e-10	-2.23390084209e-08
8.4491962226e-10	-2.1314231935e-08
8.46153081563e-10	-1.82040609253e-08
8.47386540866e-10	-1.32271346098e-08
8.48620000168e-10	-6.73985389721e-09
8.49853459471e-10	7.92504766672e-10
8.51086918773e-10	8.7875819399e-09
8.52320378076e-10	1.6505192435e-08
8.53553837378e-10	2.30308918603e-08
8.54787296681e-10	2.73738693934e-08
8.56020755984e-10	2.87007428934e-08
8.57254215286e-10	2.66243052049e-08
8.58487674589e-10	2.14213267125e-08
8.59721133891e-10	1.40223495038e-08
8.60954593194e-10	5.74639963391e-09
8.62188052496e-10	-2.08260900192e-09
8.63421511799e-10	-8.47628039979e-09
8.64654971102e-10	-1.29394188697e-08
8.65888430404e-10	-1.53864638808e-08
8.67121889707e-10	-1.59391349008e-08
8.68355349009e-10	-1.47629011238e-08
8.69588808312e-10	-1.20182686025e-08
8.70822267614e-10	-7.93684734601e-09
8.72055726917e-10	-2.93476512536e-09
8.7328918622e-10	2.35535005388e-09
8.74522645522e-10	7.16617454266e-09
8.75756104825e-10	1.07444294573e-08
8.76989564127e-10	1.25107048055e-08
8.7822302343e-10	1.21748086057e-08
8.79456482732e-10	9.78927494621e-09
8.80689942035e-10	5.77092512666e-09
8.81923401338e-10	8.8470130527e-10
8.8315686064e-10	-3.84650672425e-09
8.84390319943e-10	-7.33127458741e-09
8.85623779245e-10	-8.68616895078e-09
8.86857238548e-10	-7.52273193738e-09
8.8809069785e-10	-4.11676601142e-09
8.89324157153e-10	6.48366353662e-10
8.90557616455e-10	5.55889162479e-09
8.91791075758e-10	9.44261924207e-09
8.93024535061e-10	1.14922894534e-08
8.94257994363e-10	1.14263338791e-08
8.95491453666e-10	9.44473144138e-09
8.96724912968e-10	6.06888639343e-09
8.97958372271e-10	1.96205490743e-09
8.99191831573e-10	-2.20685958396e-09
9.00425290876e-10	-5.83365211693e-09
9.01658750179e-10	-8.42243019772e-09
9.02892209481e-10	-9.62641388824e-09
9.04125668784e-10	-9.27547227914e-09
9.05359128086e-10	-7.38707117698e-09
9.06592587389e-10	-4.13799491894e-09
9.07826046691e-10	1.85285006088e-10
9.09059505994e-10	5.20737969412e-09
9.10292965297e-10	1.04407602564e-08
9.11526424599e-10	1.52429618927e-08
9.12759883902e-10	1.88256752409e-08
9.13993343204e-10	2.03720966763e-08
9.15226802507e-10	1.92662905629e-08
9.16460261809e-10	1.53577821571e-08
9.17693721112e-10	9.13329489816e-09
9.18927180415e-10	1.68743465034e-09
9.20160639717e-10	-5.52477746885e-09
9.2139409902e-10	-1.1072808781e-08
9.22627558322e-10	-1.39412278388e-08
9.23861017625e-10	-1.37940423528e-08
9.25094476927e-10	-1.10150116805e-08
9.2632793623e-10	-6.54086240726e-09
9.27561395533e-10	-1.55067039764e-09
9.28794854835e-10	2.89384630148e-09
9.30028314138e-10	6.13730749555e-09
9.3126177344e-10	8.06428307465e-09
9.32495232743e-10	9.03195962465e-09
9.33728692045e-10	9.6185777676e-09
9.34962151348e-10	1.02877977248e-08
9.36195610651e-10	1.11040263651e-08
9.37429069953e-10	1.16426381869e-08
9.38662529256e-10	1.11603681852e-08
9.39895988558e-10	8.96121060689e-09
9.41129447861e-10	4.81096629201e-09
9.42362907163e-10	-8.05281973049e-10
9.43596366466e-10	-6.71589756029e-09
9.44829825769e-10	-1.13962359549e-08
9.46063285071e-10	-1.34805212548e-08
9.47296744374e-10	-1.22442075368e-08
9.48530203676e-10	-7.87422110848e-09
9.49763662979e-10	-1.43122028118e-09
9.50997122281e-10	5.47070105883e-09
9.52230581584e-10	1.11483923204e-08
9.53464040887e-10	1.43447712597e-08
9.54697500189e-10	1.45730087997e-08
9.55930959492e-10	1.22062218111e-08
9.57164418794e-10	8.2971610138e-09
9.58397878097e-10	4.18329851315e-09
9.59631337399e-10	1.01292464694e-09
9.60864796702e-10	-6.34599386928e-10
9.62098256005e-10	-8.73454350514e-10
9.63331715307e-10	-3.47010243457e-10
9.6456517461e-10	1.27563570818e-10
9.65798633912e-10	-3.95609179096e-11
9.67032093215e-10	-9.54728539282e-10
9.68265552517e-10	-2.24937776738e-09
9.6949901182e-10	-3.30805016713e-09
9.70732471123e-10	-3.5863034209e-09
9.71965930425e-10	-2.86579343589e-09
9.73199389728e-10	-1.33500574484e-09
9.7443284903e-10	5.24786436529e-10
9.75666308333e-10	2.16644974183e-09
9.76899767635e-10	3.20271850707e-09
9.78133226938e-10	3.55977600175e-09
9.79366686241e-10	3.49829398782e-09
9.80600145543e-10	3.50402445948e-09
9.81833604846e-10	4.09167033588e-09
9.83067064148e-10	5.56405471697e-09
9.84300523451e-10	7.81579684306e-09
9.85533982753e-10	1.02757112819e-08
9.86767442056e-10	1.20323498942e-08
9.88000901359e-10	1.21424766908e-08
9.89234360661e-10	1.0011687146e-08
9.90467819964e-10	5.68433511372e-09
9.91701279266e-10	-8.59903467876e-11
9.92934738569e-10	-6.03615457617e-09
9.94168197871e-10	-1.07865640864e-08
9.95401657174e-10	-1.32663153796e-08
9.96635116477e-10	-1.30052719705e-08
9.97868575779e-10	-1.02050057293e-08
9.99102035082e-10	-5.60163015972e-09
1.00033549438e-09	-1.98635916743e-10
1.00156895369e-09	5.01436148159e-09
1.00280241299e-09	9.27193077871e-09
1.00403587229e-09	1.21412428999e-08
1.00526933159e-09	1.352322887e-08
1.0065027909e-09	1.35743517538e-08
1.0077362502e-09	1.25801479234e-08
1.0089697095e-09	1.0816863516e-08
1.0102031688e-09	8.45358238966e-09
1.01143662811e-09	5.54079049309e-09
1.01267008741e-09	2.1016426377e-09
1.01390354671e-09	-1.72756124683e-09
1.01513700602e-09	-5.58894119873e-09
1.01637046532e-09	-8.89611506683e-09
1.01760392462e-09	-1.09775322166e-08
1.01883738392e-09	-1.13076736863e-08
1.02007084323e-09	-9.71758040702e-09
1.02130430253e-09	-6.48674480797e-09
1.02253776183e-09	-2.26495504296e-09
1.02377122113e-09	2.1304154274e-09
1.02500468044e-09	5.94963867062e-09
1.02623813974e-09	8.68506222496e-09
1.02747159904e-09	1.01219562731e-08
1.02870505834e-09	1.02915941325e-08
1.02993851765e-09	9.38013905438e-09
1.03117197695e-09	7.64342561466e-09
1.03240543625e-09	5.36302924292e-09
1.03363889555e-09	2.8265073615e-09
1.03487235486e-09	3.08549526207e-10
1.03610581416e-09	-1.95404939451e-09
1.03733927346e-09	-3.78349748753e-09
1.03857273276e-09	-5.06543618162e-09
1.03980619207e-09	-5.73080649602e-09
1.04103965137e-09	-5.73286190741e-09
1.04227311067e-09	-5.04752867281e-09
1.04350656997e-09	-3.70058170218e-09
1.04474002928e-09	-1.81044504388e-09
1.04597348858e-09	3.89794247227e-10
1.04720694788e-09	2.59375346201e-09
1.04844040718e-09	4.49910400602e-09
1.04967386649e-09	5.88517240496e-09
1.05090732579e-09	6.65465171856e-09
1.05214078509e-09	6.79948014559e-09
1.05337424439e-09	6.32973884418e-09
1.0546077037e-09	5.2330259015e-09
1.055841163e-09	3.49283532652e-09
1.0570746223e-09	1.16699826885e-09
1.05830808161e-09	-1.52383716756e-09
1.05954154091e-09	-4.16653855861e-09
1.06077500021e-09	-6.22632961855e-09
1.06200845951e-09	-7.19836645846e-09
1.06324191882e-09	-6.77156275497e-09
1.06447537812e-09	-4.94305835153e-09
1.06570883742e-09	-2.02316574605e-09
1.06694229672e-09	1.45556797171e-09
1.06817575603e-09	4.86532314437e-09
1.06940921533e-09	7.61235730007e-09
1.07064267463e-09	9.24413184888e-09
1.07187613393e-09	9.51582401765e-09
1.07310959324e-09	8.42817848845e-09
1.07434305254e-09	6.23418777712e-09
1.07557651184e-09	3.38786607101e-09
1.07680997114e-09	4.28270828523e-10
1.07804343045e-09	-2.15613106536e-09
1.07927688975e-09	-4.04091984874e-09
1.08051034905e-09	-5.11323439145e-09
1.08174380835e-09	-5.42295025552e-09
1.08297726766e-09	-5.08458475323e-09
1.08421072696e-09	-4.19165291365e-09
1.08544418626e-09	-2.78867476333e-09
1.08667764556e-09	-9.24018639381e-10
1.08791110487e-09	1.26391318245e-09
1.08914456417e-09	3.49306392144e-09
1.09037802347e-09	5.36104499682e-09
1.09161148277e-09	6.45458025916e-09
1.09284494208e-09	6.49164461075e-09
1.09407840138e-09	5.43133049646e-09
1.09531186068e-09	3.50174236829e-09
1.09654531998e-09	1.13907212135e-09
1.09777877929e-09	-1.1297792285e-09
1.09901223859e-09	-2.82555104314e-09
1.10024569789e-09	-3.62854801761e-09
1.10147915719e-09	-3.44497105842e-09
1.1027126165e-09	-2.42724410016e-09
1.1039460758e-09	-9.33523869318e-10
1.1051795351e-09	5.68392354017e-10
1.10641299441e-09	1.63721133872e-09
1.10764645371e-09	2.00285642238e-09
1.10887991301e-09	1.66442155891e-09
1.11011337231e-09	8.98515505054e-10
1.11134683162e-09	1.54903413881e-10
1.11258029092e-09	-1.24428437172e-10
1.11381375022e-09	3.10092092629e-10
1.11504720952e-09	1.40615798172e-09
1.11628066883e-09	2.83060369588e-09
1.11751412813e-09	4.10094344594e-09
1.11874758743e-09	4.76981953934e-09
1.11998104673e-09	4.59182508683e-09
1.12121450604e-09	3.59803592476e-09
1.12244796534e-09	2.06486097665e-09
1.12368142464e-09	4.07444966655e-10
1.12491488394e-09	-9.53847924257e-10
1.12614834325e-09	-1.70560769674e-09
1.12738180255e-09	-1.71065286936e-09
1.12861526185e-09	-1.02324176909e-09
1.12984872115e-09	1.39048595554e-10
1.13108218046e-09	1.45922732231e-09
1.13231563976e-09	2.61679058977e-09
1.13354909906e-09	3.38673791789e-09
1.13478255836e-09	3.70840416708e-09
1.13601601767e-09	3.6883067156e-09
1.13724947697e-09	3.52768586565e-09
1.13848293627e-09	3.41066019871e-09
1.13971639557e-09	3.40042932701e-09
1.14094985488e-09	3.40572775537e-09
1.14218331418e-09	3.23461174512e-09
1.14341677348e-09	2.70470990049e-09
1.14465023278e-09	1.75802833402e-09
1.14588369209e-09	5.13451864359e-10
1.14711715139e-09	-7.68228571035e-10
1.14835061069e-09	-1.77813423707e-09
1.14958407e-09	-2.27018891186e-09
1.1508175293e-09	-2.12848748349e-09
1.1520509886e-09	-1.37787939392e-09
1.1532844479e-09	-1.58152598656e-10
1.15451790721e-09	1.31989071062e-09
1.15575136651e-09	2.81629886079e-09
1.15698482581e-09	4.10084660674e-09
1.15821828511e-09	4.99335200965e-09
1.15945174442e-09	5.40611860833e-09
1.16068520372e-09	5.36619243485e-09
1.16191866302e-09	4.99283633881e-09
1.16315212232e-09	4.43529432625e-09
1.16438558163e-09	3.79522249738e-09
1.16561904093e-09	3.07761710561e-09
1.16685250023e-09	2.20632215275e-09
1.16808595953e-09	1.09408802851e-09
1.16931941884e-09	-2.6221806497e-10
1.17055287814e-09	-1.72182815228e-09
1.17178633744e-09	-3.01382718781e-09
1.17301979674e-09	-3.81585996134e-09
1.17425325605e-09	-3.86392284835e-09
1.17548671535e-09	-3.04208513935e-09
1.17672017465e-09	-1.42382970691e-09
1.17795363395e-09	7.37135408269e-10
1.17918709326e-09	3.06163963626e-09
1.18042055256e-09	5.11531239589e-09
1.18165401186e-09	6.49400472286e-09
1.18288747116e-09	6.91430213084e-09
1.18412093047e-09	6.28329993591e-09
1.18535438977e-09	4.74135505857e-09
1.18658784907e-09	2.64163152464e-09
1.18782130837e-09	4.58669151271e-10
1.18905476768e-09	-1.33913272138e-09
1.19028822698e-09	-2.41857414651e-09
1.19152168628e-09	-2.66207308974e-09
1.19275514559e-09	-2.16359836991e-09
1.19398860489e-09	-1.16015186347e-09
1.19522206419e-09	6.39006876926e-11
1.19645552349e-09	1.25745344692e-09
1.1976889828e-09	2.24617129063e-09
1.1989224421e-09	2.93060370415e-09
1.2001559014e-09	3.26715093868e-09
1.2013893607e-09	3.25290280823e-09
1.20262282001e-09	2.91649210338e-09
1.20385627931e-09	2.31775067194e-09
1.20508973861e-09	1.54570863053e-09
1.20632319791e-09	7.09543049315e-10
1.20755665722e-09	-7.4738716084e-11
1.20879011652e-09	-7.03885526254e-10
1.21002357582e-09	-1.09187878877e-09
1.21125703512e-09	-1.16992329713e-09
1.21249049443e-09	-8.97301039027e-10
1.21372395373e-09	-2.67785932317e-10
1.21495741303e-09	6.7377500107e-10
1.21619087233e-09	1.81591254533e-09
1.21742433164e-09	2.98886404515e-09
1.21865779094e-09	3.99132918383e-09
1.21989125024e-09	4.63037524989e-09
1.22112470954e-09	4.76298683827e-09
1.22235816885e-09	4.32278279838e-09
1.22359162815e-09	3.32868124731e-09
1.22482508745e-09	1.87686544084e-09
1.22605854675e-09	1.35063677256e-10
1.22729200606e-09	-1.67022112807e-09
1.22852546536e-09	-3.27599192218e-09
1.22975892466e-09	-4.41525832562e-09
1.23099238396e-09	-4.87435275476e-09
1.23222584327e-09	-4.55254256515e-09
1.23345930257e-09	-3.49888509832e-09
1.23469276187e-09	-1.91222922219e-09
1.23592622118e-09	-8.80519875762e-11
1.23715968048e-09	1.667413152e-09
1.23839313978e-09	3.11580916623e-09
1.23962659908e-09	4.12880132861e-09
1.24086005839e-09	4.68449118385e-09
1.24209351769e-09	4.82483225595e-09
1.24332697699e-09	4.59816607012e-09
1.24456043629e-09	4.02922351039e-09
1.2457938956e-09	3.11700718014e-09
1.2470273549e-09	1.85706308664e-09
1.2482608142e-09	2.87600804283e-10
1.2494942735e-09	-1.47669881878e-09
1.25072773281e-09	-3.22988824575e-09
1.25196119211e-09	-4.6835376688e-09
1.25319465141e-09	-5.52163298417e-09
1.25442811071e-09	-5.48566153613e-09
1.25566157002e-09	-4.4695921686e-09
1.25689502932e-09	-2.59273569281e-09
1.25812848862e-09	-2.08848700486e-10
1.25936194792e-09	2.16856074764e-09
1.26059540723e-09	4.01500840908e-09
1.26182886653e-09	4.95803209599e-09
1.26306232583e-09	4.89253354496e-09
1.26429578513e-09	4.00476232731e-09
1.26552924444e-09	2.68628616573e-09
1.26676270374e-09	1.38242554903e-09
1.26799616304e-09	4.36477409771e-10
1.26922962234e-09	-1.52063270829e-11
1.27046308165e-09	-5.9826167566e-11
1.27169654095e-09	5.69959006207e-11
1.27293000025e-09	5.16529184875e-11
1.27416345955e-09	-2.72087859188e-10
1.27539691886e-09	-9.35971009031e-10
1.27663037816e-09	-1.76245444627e-09
1.27786383746e-09	-2.43489736707e-09
1.27909729677e-09	-2.61907720511e-09
1.28033075607e-09	-2.10378250931e-09
1.28156421537e-09	-9.09916655911e-10
1.28279767467e-09	6.88758251821e-10
1.28403113398e-09	2.2452716214e-09
1.28526459328e-09	3.29886021277e-09
1.28649805258e-09	3.5486394101e-09
1.28773151188e-09	2.96372787423e-09
1.28896497119e-09	1.79113629484e-09
1.29019843049e-09	4.54482187995e-10
1.29143188979e-09	-6.06666557268e-10
1.29266534909e-09	-1.08944401417e-09
1.2938988084e-09	-9.23647970608e-10
1.2951322677e-09	-2.73312500236e-10
1.296365727e-09	5.43081177251e-10
1.2975991863e-09	1.17646001274e-09
1.29883264561e-09	1.37810521328e-09
1.30006610491e-09	1.08741302074e-09
1.30129956421e-09	4.51560414061e-10
1.30253302351e-09	-2.35666940823e-10
1.30376648282e-09	-6.54469263506e-10
1.30499994212e-09	-5.92956253542e-10
1.30623340142e-09	-4.474920174e-11
1.30746686072e-09	7.80141139189e-10
1.30870032003e-09	1.53489478072e-09
1.30993377933e-09	1.87678272923e-09
1.31116723863e-09	1.61631763529e-09
1.31240069793e-09	7.97674842845e-10
1.31363415724e-09	-3.15294505782e-10
1.31486761654e-09	-1.33827696147e-09
1.31610107584e-09	-1.9193793499e-09
1.31733453514e-09	-1.86859941409e-09
1.31856799445e-09	-1.21923109109e-09
1.31980145375e-09	-2.06756496472e-10
1.32103491305e-09	8.23703237562e-10
1.32226837235e-09	1.54562533605e-09
1.32350183166e-09	1.76673203844e-09
1.32473529096e-09	1.49196756338e-09
1.32596875026e-09	9.19782097708e-10
1.32720220957e-09	3.66973812449e-10
1.32843566887e-09	1.38963058508e-10
1.32966912817e-09	4.07751013509e-10
1.33090258747e-09	1.13298236071e-09
1.33213604678e-09	2.06088242305e-09
1.33336950608e-09	2.81478018671e-09
1.33460296538e-09	3.03582217698e-09
1.33583642468e-09	2.52363241415e-09
1.33706988399e-09	1.32113640861e-09
1.33830334329e-09	-2.92120050371e-10
1.33953680259e-09	-1.89516995153e-09
1.34077026189e-09	-3.06952577245e-09
1.3420037212e-09	-3.5298560741e-09
1.3432371805e-09	-3.20157525491e-09
1.3444706398e-09	-2.220905293e-09
1.3457040991e-09	-8.58798560044e-10
1.34693755841e-09	5.7736719572e-10
1.34817101771e-09	1.83775651641e-09
1.34940447701e-09	2.78973547041e-09
1.35063793631e-09	3.4198662513e-09
1.35187139562e-09	3.7939663633e-09
1.35310485492e-09	3.99412328211e-09
1.35433831422e-09	4.05646427559e-09
1.35557177352e-09	3.94000909676e-09
1.35680523283e-09	3.53951257193e-09
1.35803869213e-09	2.74140271594e-09
1.35927215143e-09	1.499453256e-09
1.36050561073e-09	-9.98662472163e-11
1.36173907004e-09	-1.81945310207e-09
1.36297252934e-09	-3.31979030377e-09
1.36420598864e-09	-4.25522211911e-09
1.36543944794e-09	-4.38980768402e-09
1.36667290725e-09	-3.68029975939e-09
1.36790636655e-09	-2.29219301873e-09
1.36913982585e-09	-5.45704446908e-10
1.37037328516e-09	1.19164829393e-09
1.37160674446e-09	2.61321353445e-09
1.37284020376e-09	3.54643872602e-09
1.37407366306e-09	3.97344232517e-09
1.37530712237e-09	3.98977700877e-09
1.37654058167e-09	3.74049449747e-09
1.37777404097e-09	3.35592714729e-09
1.37900750027e-09	2.90610388531e-09
1.38024095958e-09	2.39401168334e-09
1.38147441888e-09	1.77737731477e-09
1.38270787818e-09	1.01009368925e-09
1.38394133748e-09	9.01490826433e-11
1.38517479679e-09	-9.07064527655e-10
1.38640825609e-09	-1.82813959804e-09
1.38764171539e-09	-2.48243503531e-09
1.38887517469e-09	-2.70507605205e-09
1.390108634e-09	-2.42383979554e-09
1.3913420933e-09	-1.69673267103e-09
1.3925755526e-09	-6.95637963899e-10
1.3938090119e-09	3.48514259119e-10
1.39504247121e-09	1.22576998551e-09
1.39627593051e-09	1.81684639555e-09
1.39750938981e-09	2.1151479318e-09
1.39874284911e-09	2.20430278197e-09
1.39997630842e-09	2.20245510718e-09
1.40120976772e-09	2.19981177718e-09
1.40244322702e-09	2.21866250372e-09
1.40367668632e-09	2.21192214545e-09
1.40491014563e-09	2.09484071756e-09
1.40614360493e-09	1.78531124606e-09
1.40737706423e-09	1.24812699065e-09
1.40861052353e-09	5.19502017793e-10
1.40984398284e-09	-2.98376889168e-10
1.41107744214e-09	-1.05723366173e-09
1.41231090144e-09	-1.60479350642e-09
1.41354436075e-09	-1.83395043596e-09
1.41477782005e-09	-1.71337156962e-09
1.41601127935e-09	-1.30010199828e-09
1.41724473865e-09	-7.19804188476e-10
1.41847819796e-09	-1.20062398391e-10
1.41971165726e-09	3.83412804977e-10
1.42094511656e-09	7.46330032497e-10
1.42217857586e-09	1.00364758171e-09
1.42341203517e-09	1.24353959075e-09
1.42464549447e-09	1.55218610187e-09
1.42587895377e-09	1.9606427315e-09
1.42711241307e-09	2.41711592408e-09
1.42834587238e-09	2.79331094366e-09
1.42957933168e-09	2.93275764784e-09
1.43081279098e-09	2.71313499445e-09
1.43204625028e-09	2.09588912892e-09
1.43327970959e-09	1.14929837869e-09
1.43451316889e-09	3.05990441318e-11
1.43574662819e-09	-1.05648577386e-09
1.43698008749e-09	-1.91624224821e-09
1.4382135468e-09	-2.40990583045e-09
1.4394470061e-09	-2.48259343638e-09
1.4406804654e-09	-2.17171780559e-09
1.4419139247e-09	-1.58982242648e-09
1.44314738401e-09	-8.88188494974e-10
1.44438084331e-09	-2.09639694493e-10
1.44561430261e-09	3.57516558025e-10
1.44684776191e-09	8.00401390999e-10
1.44808122122e-09	1.17189546955e-09
1.44931468052e-09	1.54747846481e-09
1.45054813982e-09	1.96628931193e-09
1.45178159912e-09	2.39135450331e-09
1.45301505843e-09	2.70439914907e-09
1.45424851773e-09	2.75010195172e-09
1.45548197703e-09	2.40766037662e-09
1.45671543634e-09	1.65089943105e-09
1.45794889564e-09	5.75107312467e-10
1.45918235494e-09	-6.26649412916e-10
1.46041581424e-09	-1.72272127119e-09
1.46164927355e-09	-2.50890769271e-09
1.46288273285e-09	-2.85895757068e-09
1.46411619215e-09	-2.7475578479e-09
1.46534965145e-09	-2.24857168996e-09
1.46658311076e-09	-1.50769460805e-09
1.46781657006e-09	-7.03694817694e-10
1.46905002936e-09	-1.80123927926e-12
1.47028348866e-09	5.0119636219e-10
1.47151694797e-09	8.04557392931e-10
1.47275040727e-09	9.96383378582e-10
1.47398386657e-09	1.20804310999e-09
1.47521732587e-09	1.53573888328e-09
1.47645078518e-09	1.97720791129e-09
1.47768424448e-09	2.41601214035e-09
1.47891770378e-09	2.66158320383e-09
1.48015116308e-09	2.53296736363e-09
1.48138462239e-09	1.94415694654e-09
1.48261808169e-09	9.48798109524e-10
1.48385154099e-09	-2.75115041859e-10
1.48508500029e-09	-1.48156273361e-09
1.4863184596e-09	-2.43015504942e-09
1.4875519189e-09	-2.95114274684e-09
1.4887853782e-09	-2.97472421695e-09
1.4900188375e-09	-2.536585747e-09
1.49125229681e-09	-1.76352721315e-09
1.49248575611e-09	-8.3855370564e-10
1.49371921541e-09	4.51478620114e-11
1.49495267471e-09	7.3845084908e-10
1.49618613402e-09	1.18059331755e-09
1.49741959332e-09	1.41145713173e-09
1.49865305262e-09	1.53918688905e-09
1.49988651193e-09	1.67125990824e-09
1.50111997123e-09	1.84863561958e-09
1.50235343053e-09	2.01218017248e-09
1.50358688983e-09	2.0280571944e-09
1.50482034914e-09	1.76011144548e-09
1.50605380844e-09	1.14435971116e-09
1.50728726774e-09	2.35716401259e-10
1.50852072704e-09	-7.99261150319e-10
1.50975418635e-09	-1.73825531746e-09
1.51098764565e-09	-2.37235389666e-09
1.51222110495e-09	-2.56551463407e-09
1.51345456425e-09	-2.28498971133e-09
1.51468802356e-09	-1.60209337463e-09
1.51592148286e-09	-6.718022319e-10
1.51715494216e-09	3.03636463195e-10
1.51838840146e-09	1.11985323098e-09
1.51962186077e-09	1.62383198554e-09
1.52085532007e-09	1.75859526941e-09
1.52208877937e-09	1.5809252657e-09
1.52332223867e-09	1.23662353968e-09
1.52455569798e-09	8.96372261139e-10
1.52578915728e-09	6.82669615282e-10
1.52702261658e-09	6.17341400222e-10
1.52825607588e-09	6.19398490831e-10
1.52948953519e-09	5.56545684538e-10
1.53072299449e-09	3.16647770504e-10
1.53195645379e-09	-1.29348913525e-10
1.53318991309e-09	-7.07978550785e-10
1.5344233724e-09	-1.27183698295e-09
1.5356568317e-09	-1.65216393344e-09
1.536890291e-09	-1.71671070415e-09
1.5381237503e-09	-1.40956506189e-09
1.53935720961e-09	-7.64704403966e-10
1.54059066891e-09	1.02538711896e-10
1.54182412821e-09	1.02025404097e-09
1.54305758751e-09	1.79521865429e-09
1.54429104682e-09	2.26165280948e-09
1.54552450612e-09	2.32750486939e-09
1.54675796542e-09	2.00333306888e-09
1.54799142473e-09	1.40299442897e-09
1.54922488403e-09	7.01891031407e-10
1.55045834333e-09	7.24445902572e-11
1.55169180263e-09	-3.7677260617e-10
1.55292526194e-09	-6.31625050873e-10
1.55415872124e-09	-7.57438278765e-10
1.55539218054e-09	-8.47543098204e-10
1.55662563984e-09	-9.62873315802e-10
1.55785909915e-09	-1.09739983767e-09
1.55909255845e-09	-1.18021929729e-09
1.56032601775e-09	-1.10840427808e-09
1.56155947705e-09	-7.9783910728e-10
1.56279293636e-09	-2.19055499434e-10
1.56402639566e-09	5.85799957153e-10
1.56525985496e-09	1.50555909406e-09
1.56649331426e-09	2.38393835228e-09
1.56772677357e-09	3.04855579669e-09
1.56896023287e-09	3.34737826346e-09
1.57019369217e-09	3.19012846695e-09
1.57142715147e-09	2.58019614008e-09
1.57266061078e-09	1.62526322955e-09
1.57389407008e-09	5.1419750402e-10
1.57512752938e-09	-5.35144664693e-10
1.57636098868e-09	-1.34308446309e-09
1.57759444799e-09	-1.81971107627e-09
1.57882790729e-09	-1.9766036724e-09
1.58006136659e-09	-1.90093044083e-09
1.58129482589e-09	-1.69826930296e-09
1.5825282852e-09	-1.4400134557e-09
1.5837617445e-09	-1.13953831787e-09
1.5849952038e-09	-7.58926817224e-10
1.5862286631e-09	-2.44631918889e-10
1.58746212241e-09	4.32854301013e-10
1.58869558171e-09	1.25213485414e-09
1.58992904101e-09	2.13281166339e-09
1.59116250032e-09	2.94814328505e-09
1.59239595962e-09	3.54649362655e-09
1.59362941892e-09	3.78467554518e-09
1.59486287822e-09	3.56575352578e-09
1.59609633753e-09	2.8722103862e-09
1.59732979683e-09	1.78882592072e-09
1.59856325613e-09	4.93171163629e-10
1.59979671543e-09	-7.84182364877e-10
1.60103017474e-09	-1.82260100068e-09
1.60226363404e-09	-2.47554307609e-09
1.60349709334e-09	-2.70409519776e-09
1.60473055264e-09	-2.57167231954e-09
1.60596401195e-09	-2.19840959326e-09
1.60719747125e-09	-1.70204089711e-09
1.60843093055e-09	-1.15601276468e-09
1.60966438985e-09	-5.73686369243e-10
1.61089784916e-09	6.98405326627e-11
1.61213130846e-09	7.99898036696e-10
1.61336476776e-09	1.60867630328e-09
1.61459822706e-09	2.4358682571e-09
1.61583168637e-09	3.17501946956e-09
1.61706514567e-09	3.69322078475e-09
1.61829860497e-09	3.86256879259e-09
1.61953206427e-09	3.59616345036e-09
1.62076552358e-09	2.87758597506e-09
1.62199898288e-09	1.78244408122e-09
1.62323244218e-09	4.7273318593e-10
1.62446590148e-09	-8.34705971009e-10
1.62569936079e-09	-1.91933424709e-09
1.62693282009e-09	-2.61947930014e-09
1.62816627939e-09	-2.87158405388e-09
1.62939973869e-09	-2.71635167137e-09
1.630633198e-09	-2.2683430273e-09
1.6318666573e-09	-1.66161473469e-09
1.6331001166e-09	-1.00124181862e-09
1.63433357591e-09	-3.36802832152e-10
1.63556703521e-09	3.29392943477e-10
1.63680049451e-09	1.01323005541e-09
1.63803395381e-09	1.71498952539e-09
1.63926741312e-09	2.39349248754e-09
1.64050087242e-09	2.96776095365e-09
1.64173433172e-09	3.3326374993e-09
1.64296779102e-09	3.38610386952e-09
1.64420125033e-09	3.06494396529e-09
1.64543470963e-09	2.36664766951e-09
1.64666816893e-09	1.36349367907e-09
1.64790162823e-09	1.97371126387e-10
1.64913508754e-09	-9.48757891694e-10
1.65036854684e-09	-1.88991446104e-09
1.65160200614e-09	-2.4866931847e-09
1.65283546544e-09	-2.67951297261e-09
1.65406892475e-09	-2.49713980049e-09
1.65530238405e-09	-2.03699333789e-09
1.65653584335e-09	-1.42263135994e-09
1.65776930265e-09	-7.6187699205e-10
1.65900276196e-09	-1.17575115442e-10
1.66023622126e-09	4.93915006117e-10
1.66146968056e-09	1.08053302417e-09
1.66270313986e-09	1.64610119979e-09
1.66393659917e-09	2.16341282389e-09
1.66517005847e-09	2.56904064688e-09
1.66640351777e-09	2.77730854981e-09
1.66763697707e-09	2.70576130945e-09
1.66887043638e-09	2.30879990126e-09
1.67010389568e-09	1.5997470848e-09
1.67133735498e-09	6.5847888947e-10
1.67257081428e-09	-3.80326228844e-10
1.67380427359e-09	-1.35642193311e-09
1.67503773289e-09	-2.1169484915e-09
1.67627119219e-09	-2.55386772841e-09
1.6775046515e-09	-2.62616298152e-09
1.6787381108e-09	-2.36272762466e-09
1.6799715701e-09	-1.84939252801e-09
1.6812050294e-09	-1.19612020288e-09
1.68243848871e-09	-5.04381435923e-10
1.68367194801e-09	1.55981477734e-10
1.68490540731e-09	7.54658328883e-10
1.68613886661e-09	1.2862444998e-09
1.68737232592e-09	1.74834140221e-09
1.68860578522e-09	2.11971244723e-09
1.68983924452e-09	2.35197780696e-09
1.69107270382e-09	2.38061763358e-09
1.69230616313e-09	2.1482297885e-09
1.69353962243e-09	1.63435313894e-09
1.69477308173e-09	8.74651691352e-10
1.69600654103e-09	-3.72164725253e-11
1.69724000034e-09	-9.66624121024e-10
1.69847345964e-09	-1.77031835025e-09
1.69970691894e-09	-2.32810329348e-09
1.70094037824e-09	-2.56942769838e-09
1.70217383755e-09	-2.48461881625e-09
1.70340729685e-09	-2.11802467232e-09
1.70464075615e-09	-1.55235753418e-09
1.70587421545e-09	-8.8203747084e-10
1.70710767476e-09	-1.90650313245e-10
1.70834113406e-09	4.62776435228e-10
1.70957459336e-09	1.047706151e-09
1.71080805266e-09	1.55050378092e-09
1.71204151197e-09	1.95767609068e-09
1.71327497127e-09	2.24085723588e-09
1.71450843057e-09	2.35178893027e-09
1.71574188987e-09	2.23532460597e-09
1.71697534918e-09	1.8516208844e-09
1.71820880848e-09	1.2022265336e-09
1.71944226778e-09	3.46531164874e-10
1.72067572709e-09	-6.02299495001e-10
1.72190918639e-09	-1.49940052041e-09
1.72314264569e-09	-2.20407869733e-09
1.72437610499e-09	-2.61403931834e-09
1.7256095643e-09	-2.68810132487e-09
1.7268430236e-09	-2.449807468e-09
1.7280764829e-09	-1.97191514506e-09
1.7293099422e-09	-1.35072478202e-09
1.73054340151e-09	-6.77926548232e-10
1.73177686081e-09	-2.02573474488e-11
1.73301032011e-09	5.8614770676e-10
1.73424377941e-09	1.12987449258e-09
1.73547723872e-09	1.60716250031e-09
1.73671069802e-09	2.0038048304e-09
1.73794415732e-09	2.28335710062e-09
1.73917761662e-09	2.38773061045e-09
1.74041107593e-09	2.25361529438e-09
1.74164453523e-09	1.83810139331e-09
1.74287799453e-09	1.14513024757e-09
1.74411145383e-09	2.4067909124e-10
1.74534491314e-09	-7.52808981819e-10
1.74657837244e-09	-1.68042825488e-09
1.74781183174e-09	-2.39257252899e-09
1.74904529104e-09	-2.78344819415e-09
1.75027875035e-09	-2.81510059708e-09
1.75151220965e-09	-2.52080453733e-09
1.75274566895e-09	-1.98678663799e-09
1.75397912825e-09	-1.32020971932e-09
1.75521258756e-09	-6.1604716467e-10
1.75644604686e-09	6.38200993788e-11
1.75767950616e-09	6.93738261281e-10
1.75891296546e-09	1.27055241328e-09
1.76014642477e-09	1.79079538698e-09
1.76137988407e-09	2.23030088842e-09
1.76261334337e-09	2.53622009505e-09
1.76384680268e-09	2.63528304734e-09
1.76508026198e-09	2.45681505695e-09
1.76631372128e-09	1.96259897223e-09
1.76754718058e-09	1.17209892486e-09
1.76878063989e-09	1.72588636958e-10
1.77001409919e-09	-8.90616441707e-10
1.77124755849e-09	-1.84425016925e-09
1.77248101779e-09	-2.52906781628e-09
1.7737144771e-09	-2.83982079519e-09
1.7749479364e-09	-2.75056952215e-09
1.7761813957e-09	-2.31657386329e-09
1.777414855e-09	-1.65213763503e-09
1.77864831431e-09	-8.92043244827e-10
1.77988177361e-09	-1.51332222795e-10
1.78111523291e-09	5.01316495261e-10
1.78234869221e-09	1.04892716735e-09
1.78358215152e-09	1.5085923899e-09
1.78481561082e-09	1.90158583324e-09
1.78604907012e-09	2.22680056339e-09
1.78728252942e-09	2.44720479992e-09
1.78851598873e-09	2.49732806656e-09
1.78974944803e-09	2.30786201261e-09
1.79098290733e-09	1.83757763172e-09
1.79221636663e-09	1.09958720601e-09
1.79344982594e-09	1.71486750147e-10
1.79468328524e-09	-8.13399271549e-10
1.79591674454e-09	-1.69367726788e-09
1.79715020384e-09	-2.3186960546e-09
1.79838366315e-09	-2.58586599355e-09
1.79961712245e-09	-2.46701384321e-09
1.80085058175e-09	-2.01286519397e-09
1.80208404105e-09	-1.33515981604e-09
1.80331750036e-09	-5.71648346714e-10
1.80455095966e-09	1.54620542064e-10
1.80578441896e-09	7.65432356387e-10
1.80701787826e-09	1.23849945577e-09
1.80825133757e-09	1.59446038317e-09
1.80948479687e-09	1.86752997788e-09
1.81071825617e-09	2.07601613678e-09
1.81195171548e-09	2.20322002309e-09
1.81318517478e-09	2.19984164218e-09
1.81441863408e-09	2.00553174068e-09
1.81565209338e-09	1.57837362624e-09
1.81688555269e-09	9.22243850732e-10
1.81811901199e-09	9.86941492073e-11
1.81935247129e-09	-7.78752999586e-10
1.82058593059e-09	-1.56685375785e-09
1.8218193899e-09	-2.12651442288e-09
1.8230528492e-09	-2.35650091107e-09
1.8242863085e-09	-2.22056611987e-09
1.8255197678e-09	-1.75746626974e-09
1.82675322711e-09	-1.06964701679e-09
1.82798668641e-09	-2.94337644535e-10
1.82922014571e-09	4.3594568927e-10
1.83045360501e-09	1.0279370688e-09
1.83168706432e-09	1.44593159668e-09
1.83292052362e-09	1.70683188416e-09
1.83415398292e-09	1.85472238956e-09
1.83538744222e-09	1.93070286147e-09
1.83662090153e-09	1.94770112538e-09
1.83785436083e-09	1.88384111088e-09
1.83908782013e-09	1.69574992936e-09
1.84032127943e-09	1.3418372663e-09
1.84155473874e-09	8.08885389225e-10
1.84278819804e-09	1.28454238565e-10
1.84402165734e-09	-6.21171183934e-10
1.84525511664e-09	-1.32646690854e-09
1.84648857595e-09	-1.86342334618e-09
1.84772203525e-09	-2.12710531133e-09
1.84895549455e-09	-2.0603282691e-09
1.85018895385e-09	-1.67194637302e-09
1.85142241316e-09	-1.03656153105e-09
1.85265587246e-09	-2.76624237405e-10
1.85388933176e-09	4.72407050978e-10
1.85512279107e-09	1.09888824429e-09
1.85635625037e-09	1.54044281497e-09
1.85758970967e-09	1.7903977606e-09
1.85882316897e-09	1.88232014697e-09
1.86005662828e-09	1.86430454407e-09
1.86129008758e-09	1.77344938734e-09
1.86252354688e-09	1.62093551082e-09
1.86375700618e-09	1.39362026086e-09
1.86499046549e-09	1.06599470917e-09
1.86622392479e-09	6.19863771423e-10
1.86745738409e-09	6.22740353208e-11
1.86869084339e-09	-5.6413676161e-10
1.8699243027e-09	-1.18034312879e-09
1.871157762e-09	-1.68445242477e-09
1.8723912213e-09	-1.97437777238e-09
1.8736246806e-09	-1.97690228076e-09
1.87485813991e-09	-1.67374861193e-09
1.87609159921e-09	-1.11160868704e-09
1.87732505851e-09	-3.94190631525e-10
1.87855851781e-09	3.45692360154e-10
1.87979197712e-09	9.8386234576e-10
1.88102543642e-09	1.43548739562e-09
1.88225889572e-09	1.67157358788e-09
1.88349235502e-09	1.71387898318e-09
1.88472581433e-09	1.61512118957e-09
1.88595927363e-09	1.43406991837e-09
1.88719273293e-09	1.21418226862e-09
1.88842619223e-09	9.73069548549e-10
1.88965965154e-09	7.02855156021e-10
1.89089311084e-09	3.82116695924e-10
1.89212657014e-09	-6.69184239271e-12
1.89336002944e-09	-4.60127397989e-10
1.89459348875e-09	-9.4011905899e-10
1.89582694805e-09	-1.37498851194e-09
1.89706040735e-09	-1.6745537873e-09
1.89829386666e-09	-1.75639537636e-09
1.89952732596e-09	-1.57691873448e-09
1.90076078526e-09	-1.15060706796e-09
1.90199424456e-09	-5.51879507371e-10
1.90322770387e-09	1.038047686e-10
1.90446116317e-09	6.93796381457e-10
1.90569462247e-09	1.12165085553e-09
1.90692808177e-09	1.3401223603e-09
1.90816154108e-09	1.35636567256e-09
