% time-domain voltage integration by openEMS v0.37.0-rc1-2-g7b051bb @Sat Aug  8 13:55:43 2026
% start-coordinates: (0.00192742,0,-0.000889) m -> [85,52,13]
% stop-coordinates: (0.00243429,0,-0.000889) m -> [93,52,13]
% t/s	voltage
0	0
1.21457510697e-12	0
2.42915021394e-12	0
3.6437253209e-12	0
4.85830042787e-12	0
6.07287553484e-12	0
7.28745064181e-12	0
8.50202574878e-12	0
9.71660085574e-12	0
1.09311759627e-11	0
1.21457510697e-11	0
1.33603261766e-11	0
1.45749012836e-11	0
1.57894763906e-11	0
1.70040514976e-11	0
1.82186266045e-11	0
1.94332017115e-11	0
2.06477768185e-11	0
2.18623519254e-11	0
2.30769270324e-11	0
2.42915021394e-11	0
2.55060772463e-11	0
2.67206523533e-11	0
2.79352274603e-11	0
2.91498025672e-11	0
3.03643776742e-11	0
3.15789527812e-11	0
3.27935278881e-11	0
3.40081029951e-11	0
3.52226781021e-11	0
3.6437253209e-11	0
3.7651828316e-11	0
3.8866403423e-11	0
4.00809785299e-11	0
4.12955536369e-11	3.10702941732e-34
4.25101287439e-11	1.50681870365e-31
4.37247038508e-11	4.1583977448e-29
4.49392789578e-11	7.16989003408e-27
4.61538540648e-11	7.96279852375e-25
4.73684291718e-11	5.84556596168e-23
4.85830042787e-11	2.89935574309e-21
4.97975793857e-11	9.89568881468e-20
5.10121544927e-11	2.35928792939e-18
5.22267295996e-11	3.97556286914e-17
5.34413047066e-11	4.77261121103e-16
5.46558798136e-11	4.09267719799e-15
5.58704549205e-11	2.48971831023e-14
5.70850300275e-11	1.04288192326e-13
5.82996051345e-11	2.69294427828e-13
5.95141802414e-11	1.76928586765e-13
6.07287553484e-11	-1.93230587781e-12
6.19433304554e-11	-1.08235379752e-11
6.31579055623e-11	-3.47139760513e-11
6.43724806693e-11	-8.01919945378e-11
6.55870557763e-11	-1.33598600932e-10
6.68016308832e-11	-1.19283900465e-10
6.80162059902e-11	1.70806984442e-10
6.92307810972e-11	1.16373673198e-09
7.04453562041e-11	3.5518947783e-09
7.16599313111e-11	8.19653334094e-09
7.28745064181e-11	1.57585038352e-08
7.4089081525e-11	2.59207419973e-08
7.5303656632e-11	3.61806580251e-08
7.6518231739e-11	4.04449815861e-08
7.77328068459e-11	2.80304689459e-08
7.89473819529e-11	-1.58284610974e-08
8.01619570599e-11	-1.06674212574e-07
8.13765321669e-11	-2.53960143581e-07
8.25911072738e-11	-4.51256219947e-07
8.38056823808e-11	-6.66408400463e-07
8.50202574878e-11	-8.36638093915e-07
8.62348325947e-11	-8.74331743006e-07
8.74494077017e-11	-6.87367347041e-07
8.86639828087e-11	-2.12491821472e-07
8.98785579156e-11	5.47174664689e-07
9.10931330226e-11	1.49556809248e-06
9.23077081296e-11	2.44384783343e-06
9.35222832365e-11	3.14641724231e-06
9.47368583435e-11	3.36843530135e-06
9.59514334505e-11	2.96499672459e-06
9.71660085574e-11	1.9427671063e-06
9.83805836644e-11	4.77048117453e-07
9.95951587714e-11	-1.12730378987e-06
1.00809733878e-10	-2.52059881234e-06
1.02024308985e-10	-3.40944693278e-06
1.03238884092e-10	-3.63814517357e-06
1.04453459199e-10	-3.22310660295e-06
1.05668034306e-10	-2.33280627526e-06
1.06882609413e-10	-1.22612183517e-06
1.0809718452e-10	-1.74570546019e-07
1.09311759627e-10	6.06244363155e-07
1.10526334734e-10	9.98699157151e-07
1.11740909841e-10	9.93432539786e-07
1.12955484948e-10	6.72141410973e-07
1.14170060055e-10	1.72034940515e-07
1.15384635162e-10	-3.56507030119e-07
1.16599210269e-10	-7.88167859866e-07
1.17813785376e-10	-1.04785057431e-06
1.19028360483e-10	-1.11714228979e-06
1.2024293559e-10	-1.02331339491e-06
1.21457510697e-10	-8.17276252008e-07
1.22672085804e-10	-5.50808907818e-07
1.23886660911e-10	-2.61948752911e-07
1.25101236018e-10	2.71244338101e-08
1.26315811125e-10	3.01355088439e-07
1.27530386232e-10	5.39763327367e-07
1.28744961339e-10	7.06204467349e-07
1.29959536446e-10	7.5154772361e-07
1.31174111553e-10	6.29555536591e-07
1.3238868666e-10	3.22773132666e-07
1.33603261766e-10	-1.32743896764e-07
1.34817836873e-10	-6.38278478959e-07
1.3603241198e-10	-1.04961572589e-06
1.37246987087e-10	-1.21999947567e-06
1.38461562194e-10	-1.05472403078e-06
1.39676137301e-10	-5.53792354197e-07
1.40890712408e-10	1.78914702609e-07
1.42105287515e-10	9.66824863724e-07
1.43319862622e-10	1.62064556264e-06
1.44534437729e-10	2.00085143831e-06
1.45749012836e-10	2.0563205112e-06
1.46963587943e-10	1.8249076561e-06
1.4817816305e-10	1.40077543165e-06
1.49392738157e-10	8.8845857249e-07
1.50607313264e-10	3.66671807583e-07
1.51821888371e-10	-1.23921952699e-07
1.53036463478e-10	-5.69275098172e-07
1.54251038585e-10	-9.59375654475e-07
1.55465613692e-10	-1.27037743169e-06
1.56680188799e-10	-1.46227458941e-06
1.57894763906e-10	-1.49208985079e-06
1.59109339013e-10	-1.33418812709e-06
1.6032391412e-10	-9.96294318156e-07
1.61538489227e-10	-5.23438796307e-07
1.62753064334e-10	1.15672409429e-08
1.63967639441e-10	5.26701882109e-07
1.65182214548e-10	9.5043688475e-07
1.66396789655e-10	1.23606825753e-06
1.67611364762e-10	1.36679963703e-06
1.68825939869e-10	1.35184244954e-06
1.70040514976e-10	1.216451885e-06
1.71255090082e-10	9.9033955081e-07
1.72469665189e-10	6.99083560818e-07
1.73684240296e-10	3.61586732112e-07
1.74898815403e-10	-5.97624705279e-09
1.7611339051e-10	-3.824427246e-07
1.77327965617e-10	-7.35087390069e-07
1.78542540724e-10	-1.01877400027e-06
1.79757115831e-10	-1.18303591989e-06
1.80971690938e-10	-1.18614531175e-06
1.82186266045e-10	-1.01072097181e-06
1.83400841152e-10	-6.75456192312e-07
1.84615416259e-10	-2.37078710441e-07
1.85829991366e-10	2.19624189057e-07
1.87044566473e-10	6.0135104718e-07
1.8825914158e-10	8.30774638416e-07
1.89473716687e-10	8.68133390952e-07
1.90688291794e-10	7.23299994121e-07
1.91902866901e-10	4.53701645142e-07
1.93117442008e-10	1.4768176726e-07
1.94332017115e-10	-1.02503832977e-07
1.95546592222e-10	-2.29942278551e-07
1.96761167329e-10	-2.14509849883e-07
1.97975742436e-10	-8.8744251947e-08
1.99190317543e-10	7.54438569395e-08
2.0040489265e-10	1.94855742208e-07
2.01619467757e-10	2.07846827749e-07
2.02834042864e-10	9.8480758659e-08
2.04048617971e-10	-9.80172805143e-08
2.05263193078e-10	-3.11046870038e-07
2.06477768185e-10	-4.64847985882e-07
2.07692343292e-10	-5.09610416088e-07
2.08906918398e-10	-4.40137087665e-07
2.10121493505e-10	-2.941206656e-07
2.11336068612e-10	-1.32225736138e-07
2.12550643719e-10	-1.00712043705e-08
2.13765218826e-10	4.48274311005e-08
2.14979793933e-10	4.08949181741e-08
2.1619436904e-10	1.32428914501e-08
2.17408944147e-10	2.88927276548e-09
2.18623519254e-10	3.54655502743e-08
2.19838094361e-10	1.09390887904e-07
2.21052669468e-10	1.9792337369e-07
2.22267244575e-10	2.63673673118e-07
2.23481819682e-10	2.76948805222e-07
2.24696394789e-10	2.29732821211e-07
2.25910969896e-10	1.38867966015e-07
2.27125545003e-10	3.77995730272e-08
2.2834012011e-10	-3.83700672346e-08
2.29554695217e-10	-6.78326457226e-08
2.30769270324e-10	-5.0629162196e-08
2.31983845431e-10	-7.80378778265e-09
2.33198420538e-10	2.75858287324e-08
2.34412995645e-10	2.42104785109e-08
2.35627570752e-10	-3.44313274558e-08
2.36842145859e-10	-1.42282402749e-07
2.38056720966e-10	-2.70788966361e-07
2.39271296073e-10	-3.77604703061e-07
2.4048587118e-10	-4.2067999928e-07
2.41700446287e-10	-3.73349596572e-07
2.42915021394e-10	-2.34944945277e-07
2.44129596501e-10	-3.23689219872e-08
2.45344171608e-10	1.87849005684e-07
2.46558746714e-10	3.74328251951e-07
2.47773321821e-10	4.86823822143e-07
2.48987896928e-10	5.07347166945e-07
2.50202472035e-10	4.42804864775e-07
2.51417047142e-10	3.1916551535e-07
2.52631622249e-10	1.70618685402e-07
2.53846197356e-10	2.8429214316e-08
2.55060772463e-10	-8.64660032462e-08
2.5627534757e-10	-1.65707208843e-07
2.57489922677e-10	-2.11233700753e-07
2.58704497784e-10	-2.31001263451e-07
2.59919072891e-10	-2.34343102257e-07
2.61133647998e-10	-2.28651489742e-07
2.62348223105e-10	-2.17480581988e-07
2.63562798212e-10	-2.00123752236e-07
2.64777373319e-10	-1.7292208998e-07
2.65991948426e-10	-1.31687316163e-07
2.67206523533e-10	-7.48525814664e-08
2.6842109864e-10	-5.73376957025e-09
2.69635673747e-10	6.74845912485e-08
2.70850248854e-10	1.34259629192e-07
2.72064823961e-10	1.85683206588e-07
2.73279399068e-10	2.17526270774e-07
2.74493974175e-10	2.30796784351e-07
2.75708549282e-10	2.292757042e-07
2.76923124389e-10	2.15792797853e-07
2.78137699496e-10	1.89953069274e-07
2.79352274603e-10	1.48503183972e-07
2.8056684971e-10	8.89189619713e-08
2.81781424817e-10	1.35164621717e-08
2.82995999924e-10	-6.8135804554e-08
2.84210575031e-10	-1.4044029939e-07
2.85425150137e-10	-1.86497668864e-07
2.86639725244e-10	-1.94343867221e-07
2.87854300351e-10	-1.62323883224e-07
2.89068875458e-10	-1.01103887928e-07
2.90283450565e-10	-3.12845735984e-08
2.91498025672e-10	2.28466630059e-08
2.92712600779e-10	4.16661669611e-08
2.93927175886e-10	1.76543942798e-08
2.95141750993e-10	-4.07420396309e-08
2.963563261e-10	-1.10759624583e-07
2.97570901207e-10	-1.6226626709e-07
2.98785476314e-10	-1.68004597789e-07
3.00000051421e-10	-1.13444445837e-07
3.01214626528e-10	-2.76161515878e-09
3.02429201635e-10	1.41388680319e-07
3.03643776742e-10	2.84378732118e-07
3.04858351849e-10	3.89902261588e-07
3.06072926956e-10	4.30794617756e-07
3.07287502063e-10	3.96586887774e-07
3.0850207717e-10	2.95810142603e-07
3.09716652277e-10	1.52560898137e-07
3.10931227384e-10	-9.59176849058e-10
3.12145802491e-10	-1.33516314449e-07
3.13360377598e-10	-2.22461164157e-07
3.14574952705e-10	-2.58135420594e-07
3.15789527812e-10	-2.44136037608e-07
3.17004102919e-10	-1.9417285646e-07
3.18218678026e-10	-1.26977365511e-07
3.19433253133e-10	-6.0872596741e-08
3.2064782824e-10	-9.51621587086e-09
3.21862403347e-10	2.05059367264e-08
3.23076978453e-10	3.01712232975e-08
3.2429155356e-10	2.65621287188e-08
3.25506128667e-10	2.02922364884e-08
3.26720703774e-10	2.20265277684e-08
3.27935278881e-10	3.90894733249e-08
3.29149853988e-10	7.28089508684e-08
3.30364429095e-10	1.17458295534e-07
3.31579004202e-10	1.61274468446e-07
3.32793579309e-10	1.89649600912e-07
3.34008154416e-10	1.89795123617e-07
3.35222729523e-10	1.55323448325e-07
3.3643730463e-10	8.93160123638e-08
3.37651879737e-10	4.2029761893e-09
3.38866454844e-10	-8.15280096766e-08
3.40081029951e-10	-1.48962298496e-07
3.41295605058e-10	-1.84608832221e-07
3.42510180165e-10	-1.8413186087e-07
3.43724755272e-10	-1.52816853394e-07
3.44939330379e-10	-1.02559455151e-07
3.46153905486e-10	-4.69915952817e-08
3.47368480593e-10	3.16826126445e-09
3.485830557e-10	4.28101265548e-08
3.49797630807e-10	7.22889526017e-08
3.51012205914e-10	9.5032921088e-08
3.52226781021e-10	1.1413982115e-07
3.53441356128e-10	1.29708782381e-07
3.54655931235e-10	1.37978149795e-07
3.55870506342e-10	1.32920202844e-07
3.57085081449e-10	1.09193402764e-07
3.58299656556e-10	6.55609566635e-08
3.59514231663e-10	6.74681727153e-09
3.60728806769e-10	-5.69405931294e-08
3.61943381876e-10	-1.12223838222e-07
3.63157956983e-10	-1.46931910194e-07
3.6437253209e-10	-1.53620098864e-07
3.65587107197e-10	-1.31819660076e-07
3.66801682304e-10	-8.79561476985e-08
3.68016257411e-10	-3.3243964026e-08
3.69230832518e-10	1.96039013911e-08
3.70445407625e-10	5.99124763134e-08
3.71659982732e-10	8.1690140874e-08
3.72874557839e-10	8.49726244923e-08
3.74089132946e-10	7.52389355263e-08
3.75303708053e-10	6.12700130631e-08
3.7651828316e-10	5.18607037314e-08
3.77732858267e-10	5.23534167129e-08
3.78947433374e-10	6.23330240757e-08
3.80162008481e-10	7.51529420917e-08
3.81376583588e-10	8.00952197899e-08
3.82591158695e-10	6.62395893691e-08
3.83805733802e-10	2.72216846842e-08
3.85020308909e-10	-3.51728277614e-08
3.86234884016e-10	-1.09862352993e-07
3.87449459123e-10	-1.78651315075e-07
3.8866403423e-10	-2.21379798049e-07
3.89878609337e-10	-2.22387006588e-07
3.91093184444e-10	-1.76251539585e-07
3.92307759551e-10	-9.04979424732e-08
3.93522334658e-10	1.57943890189e-08
3.94736909765e-10	1.17342741746e-07
3.95951484872e-10	1.90282526624e-07
3.97166059979e-10	2.19396621759e-07
3.98380635085e-10	2.0268469747e-07
3.99595210192e-10	1.51377316904e-07
4.00809785299e-10	8.56959534445e-08
4.02024360406e-10	2.76418491429e-08
4.03238935513e-10	-6.60187599033e-09
4.0445351062e-10	-1.19555785272e-08
4.05668085727e-10	4.29834096094e-09
4.06882660834e-10	2.58497543371e-08
4.08097235941e-10	3.38791286136e-08
4.09311811048e-10	1.46268637202e-08
4.10526386155e-10	-3.49679032396e-08
4.11740961262e-10	-1.05389712957e-07
4.12955536369e-10	-1.77250416122e-07
4.14170111476e-10	-2.2744442596e-07
4.15384686583e-10	-2.3675573857e-07
4.1659926169e-10	-1.96193859381e-07
4.17813836797e-10	-1.10073999693e-07
4.19028411904e-10	4.89522700153e-09
4.20242987011e-10	1.24308292548e-07
4.21457562118e-10	2.22713341103e-07
4.22672137225e-10	2.80271086339e-07
4.23886712332e-10	2.87563008072e-07
4.25101287439e-10	2.47203061576e-07
4.26315862546e-10	1.72230981477e-07
4.27530437653e-10	8.18488787857e-08
4.2874501276e-10	-3.96428251337e-09
4.29959587867e-10	-6.95713398002e-08
4.31174162974e-10	-1.07077781308e-07
4.32388738081e-10	-1.1729332261e-07
4.33603313188e-10	-1.08259172293e-07
4.34817888295e-10	-9.17621116869e-08
4.36032463401e-10	-7.91105039255e-08
4.37247038508e-10	-7.72837078777e-08
4.38461613615e-10	-8.67782841141e-08
4.39676188722e-10	-1.01569523903e-07
4.40890763829e-10	-1.11413547277e-07
4.42105338936e-10	-1.05445709053e-07
4.43319914043e-10	-7.60956240242e-08
4.4453448915e-10	-2.2045768322e-08
4.45749064257e-10	5.06790243104e-08
4.46963639364e-10	1.29674182503e-07
4.48178214471e-10	1.99056855443e-07
4.49392789578e-10	2.43478694983e-07
4.50607364685e-10	2.52184902294e-07
4.51821939792e-10	2.22052292997e-07
4.53036514899e-10	1.58532271755e-07
4.54251090006e-10	7.43784771551e-08
4.55465665113e-10	-1.3747871952e-08
4.5668024022e-10	-8.95609604257e-08
4.57894815327e-10	-1.41187757485e-07
4.59109390434e-10	-1.63682297938e-07
4.60323965541e-10	-1.59444642378e-07
4.61538540648e-10	-1.36551729923e-07
4.62753115755e-10	-1.05647119941e-07
4.63967690862e-10	-7.65369669864e-08
4.65182265969e-10	-5.52910623952e-08
4.66396841076e-10	-4.29220414766e-08
4.67611416183e-10	-3.57348046709e-08
4.6882599129e-10	-2.71949198716e-08
4.70040566397e-10	-1.07328906873e-08
4.71255141504e-10	1.7564073751e-08
4.72469716611e-10	5.71329694665e-08
4.73684291718e-10	1.02578643357e-07
4.74898866824e-10	1.44894359622e-07
4.76113441931e-10	1.73914743051e-07
4.77328017038e-10	1.81267031607e-07
4.78542592145e-10	1.62934736814e-07
4.79757167252e-10	1.20658229186e-07
4.80971742359e-10	6.1640800908e-08
4.82186317466e-10	-3.30080612843e-09
4.83400892573e-10	-6.26460843201e-08
4.8461546768e-10	-1.07100099456e-07
4.85830042787e-10	-1.31789092528e-07
4.87044617894e-10	-1.36940028206e-07
4.88259193001e-10	-1.27011046125e-07
4.89473768108e-10	-1.08666154297e-07
4.90688343215e-10	-8.82399397995e-08
4.91902918322e-10	-6.96444653059e-08
4.93117493429e-10	-5.33634216815e-08
4.94332068536e-10	-3.68478239032e-08
4.95546643643e-10	-1.61435167456e-08
4.9676121875e-10	1.18858584086e-08
4.97975793857e-10	4.76016988049e-08
4.99190368964e-10	8.76450019227e-08
5.00404944071e-10	1.25367150439e-07
5.01619519178e-10	1.52584669344e-07
5.02834094285e-10	1.62031642326e-07
5.04048669392e-10	1.4973316631e-07
5.05263244499e-10	1.16476755352e-07
5.06477819606e-10	6.78913814056e-08
5.07692394713e-10	1.30517985308e-08
5.0890696982e-10	-3.7937184505e-08
5.10121544927e-10	-7.66181136314e-08
5.11336120034e-10	-9.82900556501e-08
5.1255069514e-10	-1.02866395402e-07
5.13765270247e-10	-9.43138620535e-08
5.14979845354e-10	-7.89411940261e-08
5.16194420461e-10	-6.31675907137e-08
5.17408995568e-10	-5.1481978236e-08
5.18623570675e-10	-4.51778763289e-08
5.19838145782e-10	-4.22386772225e-08
5.21052720889e-10	-3.831035289e-08
5.22267295996e-10	-2.84801027206e-08
5.23481871103e-10	-9.33028920791e-09
5.2469644621e-10	1.94682567844e-08
5.25911021317e-10	5.44857379214e-08
5.27125596424e-10	8.91741378517e-08
5.28340171531e-10	1.15632698083e-07
5.29554746638e-10	1.26938930478e-07
5.30769321745e-10	1.19343659399e-07
5.31983896852e-10	9.35829174153e-08
5.33198471959e-10	5.48650289645e-08
5.34413047066e-10	1.15794634992e-08
5.35627622173e-10	-2.69931592634e-08
5.3684219728e-10	-5.31668291615e-08
5.38056772387e-10	-6.298322619e-08
5.39271347494e-10	-5.72699834223e-08
5.40485922601e-10	-4.13057397175e-08
5.41700497708e-10	-2.31382798477e-08
5.42915072815e-10	-1.09957398464e-08
5.44129647922e-10	-1.05163529135e-08
5.45344223029e-10	-2.27824584198e-08
5.46558798136e-10	-4.37797853525e-08
5.47773373243e-10	-6.55574425856e-08
5.4898794835e-10	-7.87959884008e-08
5.50202523456e-10	-7.58939489032e-08
5.51417098563e-10	-5.3642542408e-08
5.5263167367e-10	-1.45161717091e-08
5.53846248777e-10	3.37961796326e-08
5.55060823884e-10	8.05453148622e-08
5.56275398991e-10	1.15028194081e-07
5.57489974098e-10	1.29688229933e-07
5.58704549205e-10	1.22220224164e-07
5.59919124312e-10	9.60326809185e-08
5.61133699419e-10	5.89451158994e-08
5.62348274526e-10	2.06529515712e-08
5.63562849633e-10	-1.02722131912e-08
5.6477742474e-10	-2.8804980623e-08
5.65991999847e-10	-3.46338397961e-08
5.67206574954e-10	-3.17104666969e-08
5.68421150061e-10	-2.64756127022e-08
5.69635725168e-10	-2.53319596411e-08
5.70850300275e-10	-3.22628124216e-08
5.72064875382e-10	-4.73216192898e-08
5.73279450489e-10	-6.65473622874e-08
5.74494025596e-10	-8.323929368e-08
5.75708600703e-10	-9.01945846898e-08
5.7692317581e-10	-8.21496111136e-08
5.78137750917e-10	-5.7540513243e-08
5.79352326024e-10	-1.9229239645e-08
5.80566901131e-10	2.62303536669e-08
5.81781476238e-10	7.02975149203e-08
5.82996051345e-10	1.04679978463e-07
5.84210626452e-10	1.23410379693e-07
5.85425201559e-10	1.24153677561e-07
5.86639776666e-10	1.08463677151e-07
5.87854351772e-10	8.09613509567e-08
5.89068926879e-10	4.78033568285e-08
5.90283501986e-10	1.49592567222e-08
5.91498077093e-10	-1.32027228039e-08
5.927126522e-10	-3.45522341849e-08
5.93927227307e-10	-4.91025695659e-08
5.95141802414e-10	-5.82037467112e-08
5.96356377521e-10	-6.35397570115e-08
5.97570952628e-10	-6.62188170963e-08
5.98785527735e-10	-6.63742656393e-08
6.00000102842e-10	-6.32454866256e-08
6.01214677949e-10	-5.57713690785e-08
6.02429253056e-10	-4.32999478495e-08
6.03643828163e-10	-2.61183267236e-08
6.0485840327e-10	-5.63368067474e-09
6.06072978377e-10	1.59375815878e-08
6.07287553484e-10	3.61017489237e-08
6.08502128591e-10	5.26826333669e-08
6.09716703698e-10	6.41578412619e-08
6.10931278805e-10	6.97769984015e-08
6.12145853912e-10	6.94251149902e-08
6.13360429019e-10	6.34275463263e-08
6.14575004126e-10	5.24180368e-08
6.15789579233e-10	3.72833384166e-08
6.1700415434e-10	1.91916282866e-08
6.18218729447e-10	-3.43144318515e-10
6.19433304554e-10	-1.94982426871e-08
6.20647879661e-10	-3.62548455701e-08
6.21862454768e-10	-4.8670621311e-08
6.23077029875e-10	-5.52132788378e-08
6.24291604982e-10	-5.51657168835e-08
6.25506180088e-10	-4.88076834504e-08
6.26720755195e-10	-3.74684148152e-08
6.27935330302e-10	-2.32358047247e-08
6.29149905409e-10	-8.51729185791e-09
6.30364480516e-10	4.52465107048e-09
6.31579055623e-10	1.43955528609e-08
6.3279363073e-10	2.04806963611e-08
6.34008205837e-10	2.30267342971e-08
6.35222780944e-10	2.28661906077e-08
6.36437356051e-10	2.11089591362e-08
6.37651931158e-10	1.88099436027e-08
6.38866506265e-10	1.6748968823e-08
6.40081081372e-10	1.5328931402e-08
6.41295656479e-10	1.4566098494e-08
6.42510231586e-10	1.41709080026e-08
6.43724806693e-10	1.36526783212e-08
6.449393818e-10	1.25068119194e-08
6.46153956907e-10	1.0342235679e-08
6.47368532014e-10	7.01532468228e-09
6.48583107121e-10	2.69417353704e-09
6.49797682228e-10	-2.21297808203e-09
6.51012257335e-10	-7.14707160121e-09
6.52226832442e-10	-1.15736404349e-08
6.53441407549e-10	-1.50788866393e-08
6.54655982656e-10	-1.74482837068e-08
6.55870557763e-10	-1.86326839513e-08
6.5708513287e-10	-1.87136645069e-08
6.58299707977e-10	-1.78239443205e-08
6.59514283084e-10	-1.61031845636e-08
6.60728858191e-10	-1.36563134134e-08
6.61943433298e-10	-1.05285523633e-08
6.63158008405e-10	-6.70507710465e-09
6.64372583511e-10	-2.10850872873e-09
6.65587158618e-10	3.33833760635e-09
6.66801733725e-10	9.64301283268e-09
6.68016308832e-10	1.66205759156e-08
6.69230883939e-10	2.37859691943e-08
6.70445459046e-10	3.03405638391e-08
6.71660034153e-10	3.52229705403e-08
6.7287460926e-10	3.73163437928e-08
6.74089184367e-10	3.56980662808e-08
6.75303759474e-10	2.99207914001e-08
6.76518334581e-10	2.01906678043e-08
6.77732909688e-10	7.42342526339e-09
6.78947484795e-10	-6.87055885795e-09
6.80162059902e-10	-2.08681155689e-08
6.81376635009e-10	-3.27522824417e-08
6.82591210116e-10	-4.10687199803e-08
6.83805785223e-10	-4.49483161802e-08
6.8502036033e-10	-4.41892376024e-08
6.86234935437e-10	-3.91761647567e-08
6.87449510544e-10	-3.06961465135e-08
6.88664085651e-10	-1.97208867014e-08
6.89878660758e-10	-7.22803589204e-09
6.91093235865e-10	5.84726708719e-09
6.92307810972e-10	1.86088984222e-08
6.93522386079e-10	3.0124521988e-08
6.94736961186e-10	3.9402537455e-08
6.95951536293e-10	4.54458288779e-08
6.971661114e-10	4.74171095721e-08
6.98380686507e-10	4.48577066603e-08
6.99595261614e-10	3.78575191196e-08
7.00809836721e-10	2.71396967122e-08
7.02024411827e-10	1.39419448764e-08
7.03238986934e-10	-2.03291633527e-10
7.04453562041e-10	-1.37510196563e-08
7.05668137148e-10	-2.53909300252e-08
7.06882712255e-10	-3.41776069668e-08
7.08097287362e-10	-3.95661368113e-08
7.09311862469e-10	-4.13647578412e-08
7.10526437576e-10	-3.96652417578e-08
7.11741012683e-10	-3.47558670732e-08
7.1295558779e-10	-2.70624624932e-08
7.14170162897e-10	-1.71209035837e-08
7.15384738004e-10	-5.58082108304e-09
7.16599313111e-10	6.74981226467e-09
7.17813888218e-10	1.88720321592e-08
7.19028463325e-10	2.96134152755e-08
7.20243038432e-10	3.77459050682e-08
7.21457613539e-10	4.21759696057e-08
7.22672188646e-10	4.21838377562e-08
7.23886763753e-10	3.76171407357e-08
7.2510133886e-10	2.89790189623e-08
7.26315913967e-10	1.73851648633e-08
7.27530489074e-10	4.3858190274e-09
7.28745064181e-10	-8.29587493145e-09
7.29959639288e-10	-1.90649779297e-08
7.31174214395e-10	-2.67130311205e-08
7.32388789502e-10	-3.06122518445e-08
7.33603364609e-10	-3.0756557079e-08
7.34817939716e-10	-2.76827131218e-08
7.36032514823e-10	-2.22833781427e-08
7.3724708993e-10	-1.55728749895e-08
7.38461665037e-10	-8.4752495022e-09
7.39676240143e-10	-1.69600927746e-09
7.4089081525e-10	4.33362673524e-09
7.42105390357e-10	9.4091884284e-09
7.43319965464e-10	1.34674745245e-08
7.44534540571e-10	1.64754699883e-08
7.45749115678e-10	1.83685773258e-08
7.46963690785e-10	1.90225847296e-08
7.48178265892e-10	1.82981559904e-08
7.49392840999e-10	1.61109692254e-08
7.50607416106e-10	1.24986200833e-08
7.51821991213e-10	7.67428454118e-09
7.5303656632e-10	2.04023636874e-09
7.54251141427e-10	-3.82009240907e-09
7.55465716534e-10	-9.19553883039e-09
7.56680291641e-10	-1.33275013248e-08
7.57894866748e-10	-1.55362159804e-08
7.59109441855e-10	-1.53746626541e-08
7.60324016962e-10	-1.27706322184e-08
7.61538592069e-10	-8.10859418499e-09
7.62753167176e-10	-2.22396108474e-09
7.63967742283e-10	3.73671066312e-09
7.6518231739e-10	8.547283048e-09
7.66396892497e-10	1.11919139512e-08
7.67611467604e-10	1.1125459054e-08
7.68826042711e-10	8.44354375307e-09
7.70040617818e-10	3.86920168127e-09
7.71255192925e-10	-1.40134409632e-09
7.72469768032e-10	-6.02438599007e-09
7.73684343139e-10	-8.85387085869e-09
7.74898918246e-10	-9.24676074598e-09
7.76113493353e-10	-7.21280735139e-09
7.77328068459e-10	-3.37950636919e-09
7.78542643566e-10	1.21058887567e-09
7.79757218673e-10	5.417259058e-09
7.8097179378e-10	8.32552271568e-09
7.82186368887e-10	9.48329731409e-09
7.83400943994e-10	8.9904451106e-09
7.84615519101e-10	7.40595601512e-09
7.85830094208e-10	5.51743201127e-09
7.87044669315e-10	4.04830446943e-09
7.88259244422e-10	3.39282282824e-09
7.89473819529e-10	3.47418530056e-09
7.90688394636e-10	3.7654051821e-09
7.91902969743e-10	3.46981432475e-09
7.9311754485e-10	1.81079240491e-09
7.94332119957e-10	-1.64334230945e-09
7.95546695064e-10	-6.75568878616e-09
7.96761270171e-10	-1.27370199388e-08
7.97975845278e-10	-1.82798475246e-08
7.99190420385e-10	-2.18533654506e-08
8.00404995492e-10	-2.21248974697e-08
8.01619570599e-10	-1.83429690326e-08
8.02834145706e-10	-1.06347162188e-08
8.04048720813e-10	-6.79581668717e-11
8.0526329592e-10	1.15324984007e-08
8.06477871027e-10	2.1980441689e-08
8.07692446134e-10	2.92602000407e-08
8.08907021241e-10	3.2028816932e-08
8.10121596348e-10	2.99450617636e-08
8.11336171455e-10	2.37261614799e-08
8.12550746562e-10	1.49012627793e-08
8.13765321669e-10	5.36125527306e-09
8.14979896775e-10	-3.18013086004e-09
8.16194471882e-10	-9.61141477518e-09
8.17409046989e-10	-1.36403787154e-08
8.18623622096e-10	-1.57286478286e-08
8.19838197203e-10	-1.67873490664e-08
8.2105277231e-10	-1.77323120631e-08
8.22267347417e-10	-1.9072755153e-08
8.23481922524e-10	-2.06499360944e-08
8.24696497631e-10	-2.16288453814e-08
8.25911072738e-10	-2.07732960833e-08
8.27125647845e-10	-1.68902190012e-08
8.28340222952e-10	-9.33577148921e-09
8.29554798059e-10	1.60891582002e-09
8.30769373166e-10	1.4611435506e-08
8.31983948273e-10	2.7498621602e-08
8.3319852338e-10	3.77408968522e-08
8.34413098487e-10	4.31023789993e-08
8.35627673594e-10	4.22550776591e-08
8.36842248701e-10	3.51534392706e-08
8.38056823808e-10	2.30779869659e-08
8.39271398915e-10	8.31402080514e-09
8.40485974022e-10	-6.43623970786e-09
8.41700549129e-10	-1.87241415706e-08
8.42915124236e-10	-2.69298009448e-08
8.44129699343e-10	-3.05701883807e-08
8.4534427445e-10	-3.02733909052e-08
8.46558849557e-10	-2.74118931998e-08
8.47773424664e-10	-2.35535672077e-08
8.48987999771e-10	-1.98773927318e-08
8.50202574878e-10	-1.67872487022e-08
8.51417149985e-10	-1.38366037516e-08
8.52631725092e-10	-1.0005148654e-08
8.53846300198e-10	-4.20910242771e-09
8.55060875305e-10	4.12956838169e-09
8.56275450412e-10	1.46657435085e-08
8.57490025519e-10	2.60403534291e-08
8.58704600626e-10	3.61370411373e-08
8.59919175733e-10	4.26326689507e-08
8.6113375084e-10	4.36707170426e-08
8.62348325947e-10	3.84329950087e-08
8.63562901054e-10	2.74455433935e-08
8.64777476161e-10	1.25037358245e-08
8.65992051268e-10	-3.75389803964e-09
8.67206626375e-10	-1.85122563945e-08
8.68421201482e-10	-2.94611655072e-08
8.69635776589e-10	-3.53255076302e-08
8.70850351696e-10	-3.6069528031e-08
8.72064926803e-10	-3.27420268675e-08
8.7327950191e-10	-2.70223905474e-08
8.74494077017e-10	-2.06222532384e-08
8.75708652124e-10	-1.47523754324e-08
8.76923227231e-10	-9.80724768063e-09
8.78137802338e-10	-5.3933602584e-09
8.79352377445e-10	-6.38400499131e-10
8.80566952552e-10	5.31669525072e-09
8.81781527659e-10	1.28339670002e-08
8.82996102766e-10	2.14817214017e-08
8.84210677873e-10	3.00159377353e-08
8.8542525298e-10	3.6659025815e-08
8.86639828087e-10	3.95881938342e-08
8.87854403194e-10	3.75000250852e-08
8.89068978301e-10	3.00473856907e-08
8.90283553408e-10	1.80435509867e-08
8.91498128514e-10	3.33371122374e-09
8.92712703621e-10	-1.16333092048e-08
8.93927278728e-10	-2.43890683205e-08
8.95141853835e-10	-3.30456677577e-08
8.96356428942e-10	-3.66996499856e-08
8.97571004049e-10	-3.55572868926e-08
8.98785579156e-10	-3.07351131212e-08
9.00000154263e-10	-2.38394459728e-08
9.0121472937e-10	-1.64516162915e-08
9.02429304477e-10	-9.6843753572e-09
9.03643879584e-10	-3.95518007235e-09
9.04858454691e-10	9.92113308174e-10
9.06073029798e-10	5.8102462841e-09
9.07287604905e-10	1.11590529595e-08
9.08502180012e-10	1.7304698563e-08
9.09716755119e-10	2.38847028822e-08
9.10931330226e-10	2.98969282664e-08
9.12145905333e-10	3.3929911103e-08
9.1336048044e-10	3.45838266913e-08
9.14575055547e-10	3.09173504576e-08
9.15789630654e-10	2.28112161382e-08
9.17004205761e-10	1.1106714326e-08
9.18218780868e-10	-2.5186287847e-09
9.19433355975e-10	-1.59240032271e-08
9.20647931082e-10	-2.6996009872e-08
9.21862506189e-10	-3.41307631047e-08
9.23077081296e-10	-3.65708880956e-08
9.24291656403e-10	-3.44929502738e-08
9.2550623151e-10	-2.88689916417e-08
9.26720806617e-10	-2.1122309013e-08
9.27935381724e-10	-1.27199683009e-08
9.2914995683e-10	-4.80540543468e-09
9.30364531937e-10	2.0179389687e-09
9.31579107044e-10	7.69040642279e-09
9.32793682151e-10	1.25343575519e-08
9.34008257258e-10	1.69497678115e-08
9.35222832365e-10	2.11402889638e-08
9.36437407472e-10	2.49137630526e-08
9.37651982579e-10	2.76696513479e-08
9.38866557686e-10	2.85539132339e-08
9.40081132793e-10	2.67394681952e-08
9.412957079e-10	2.17379054757e-08
9.42510283007e-10	1.36378430771e-08
9.43724858114e-10	3.19921816816e-09
9.44939433221e-10	-8.24780654884e-09
9.46154008328e-10	-1.90532539746e-08
9.47368583435e-10	-2.76008855771e-08
9.48583158542e-10	-3.26524036698e-08
9.49797733649e-10	-3.35960133047e-08
9.51012308756e-10	-3.05467839912e-08
9.52226883863e-10	-2.42596039923e-08
9.5344145897e-10	-1.59246953402e-08
9.54656034077e-10	-6.86346823819e-09
9.55870609184e-10	1.7447680245e-09
9.57085184291e-10	9.072567142e-09
9.58299759398e-10	1.47264939132e-08
9.59514334505e-10	1.86822328718e-08
9.60728909612e-10	2.11446300469e-08
9.61943484719e-10	2.2350324036e-08
9.63158059826e-10	2.24283112082e-08
9.64372634933e-10	2.13259760962e-08
9.6558721004e-10	1.88590572048e-08
9.66801785146e-10	1.48307457426e-08
9.68016360253e-10	9.19004994326e-09
9.6923093536e-10	2.17203539876e-09
9.70445510467e-10	-5.64784979895e-09
9.71660085574e-10	-1.33886260412e-08
9.72874660681e-10	-2.00116925253e-08
9.74089235788e-10	-2.45255554754e-08
9.75303810895e-10	-2.62120818384e-08
9.76518386002e-10	-2.47937750331e-08
9.77732961109e-10	-2.05041708057e-08
9.78947536216e-10	-1.404162564e-08
9.80162111323e-10	-6.40381325745e-09
9.8137668643e-10	1.32058751434e-09
9.82591261537e-10	8.17431083933e-09
9.83805836644e-10	1.34817110808e-08
9.85020411751e-10	1.6922142021e-08
9.86234986858e-10	1.84963904193e-08
9.87449561965e-10	1.84278777793e-08
9.88664137072e-10	1.70441543101e-08
9.89878712179e-10	1.46512444399e-08
9.91093287286e-10	1.14825562392e-08
9.92307862393e-10	7.68812996599e-09
9.935224375e-10	3.38817068846e-09
9.94737012607e-10	-1.25110371368e-09
9.95951587714e-10	-5.95363958134e-09
9.97166162821e-10	-1.03100125659e-08
9.98380737928e-10	-1.38209275136e-08
9.99595313035e-10	-1.59876986094e-08
1.00080988814e-09	-1.64415030479e-08
1.00202446325e-09	-1.50468001392e-08
1.00323903836e-09	-1.19619726902e-08
1.00445361346e-09	-7.62203955507e-09
1.00566818857e-09	-2.65701380342e-09
1.00688276368e-09	2.23689045065e-09
1.00809733878e-09	6.4356776297e-09
1.00931191389e-09	9.49270495543e-09
1.010526489e-09	1.1205821937e-08
1.0117410641e-09	1.1607827477e-08
1.01295563921e-09	1.09078152066e-08
1.01417021432e-09	9.40673061667e-09
1.01538478943e-09	7.39680056094e-09
1.01659936453e-09	5.1105507326e-09
1.01781393964e-09	2.69642974615e-09
1.01902851475e-09	2.49913388595e-10
1.02024308985e-09	-2.14180591318e-09
1.02145766496e-09	-4.35402791599e-09
1.02267224007e-09	-6.20841225651e-09
1.02388681517e-09	-7.49298745273e-09
1.02510139028e-09	-8.00881644336e-09
1.02631596539e-09	-7.63368340762e-09
1.02753054049e-09	-6.37266189818e-09
1.0287451156e-09	-4.3843780273e-09
1.02995969071e-09	-1.96167812549e-09
1.03117426582e-09	5.19436153812e-10
1.03238884092e-09	2.68075470156e-09
1.03360341603e-09	4.22646193043e-09
1.03481799114e-09	4.99836028123e-09
1.03603256624e-09	5.00200850184e-09
1.03724714135e-09	4.38266334335e-09
1.03846171646e-09	3.37094493985e-09
1.03967629156e-09	2.21475511542e-09
1.04089086667e-09	1.11795195323e-09
1.04210544178e-09	2.04438738508e-10
1.04332001689e-09	-4.88869272321e-10
1.04453459199e-09	-9.8228076801e-10
1.0457491671e-09	-1.3244781244e-09
1.04696374221e-09	-1.54554508081e-09
1.04817831731e-09	-1.64249014389e-09
1.04939289242e-09	-1.58094326519e-09
1.05060746753e-09	-1.3165005544e-09
1.05182204263e-09	-8.33241951131e-10
1.05303661774e-09	-1.70166181927e-10
1.05425119285e-09	5.66032692939e-10
1.05546576796e-09	1.2195231075e-09
1.05668034306e-09	1.62647448981e-09
1.05789491817e-09	1.66402906732e-09
1.05910949328e-09	1.29997571041e-09
1.06032406838e-09	6.04698492668e-10
1.06153864349e-09	-2.57219853056e-10
1.0627532186e-09	-1.07568125934e-09
1.0639677937e-09	-1.65369129501e-09
1.06518236881e-09	-1.86730607366e-09
1.06639694392e-09	-1.69677465828e-09
1.06761151902e-09	-1.22895096183e-09
1.06882609413e-09	-6.21862407055e-10
1.07004066924e-09	-4.36232369672e-11
1.07125524435e-09	3.82037931672e-10
1.07246981945e-09	6.22550814719e-10
1.07368439456e-09	7.36394549072e-10
1.07489896967e-09	8.40891547366e-10
1.07611354477e-09	1.05398124256e-09
1.07732811988e-09	1.42934129116e-09
1.07854269499e-09	1.9222089892e-09
1.07975727009e-09	2.38439715194e-09
1.0809718452e-09	2.61039355409e-09
1.08218642031e-09	2.40535655283e-09
1.08340099542e-09	1.6621160559e-09
1.08461557052e-09	4.18755086162e-10
1.08583014563e-09	-1.12815088521e-09
1.08704472074e-09	-2.65771422925e-09
1.08825929584e-09	-3.81055628718e-09
1.08947387095e-09	-4.28753840764e-09
1.09068844606e-09	-3.94838302331e-09
1.09190302116e-09	-2.85722684401e-09
1.09311759627e-09	-1.27541296968e-09
1.09433217138e-09	4.09630569048e-10
1.09554674649e-09	1.79506847581e-09
1.09676132159e-09	2.57532703496e-09
1.0979758967e-09	2.63123829669e-09
1.09919047181e-09	2.0561149866e-09
1.10040504691e-09	1.12466246385e-09
1.10161962202e-09	2.0041519052e-10
1.10283419713e-09	-3.79492461761e-10
1.10404877223e-09	-4.1171715863e-10
1.10526334734e-09	1.0441408415e-10
1.10647792245e-09	9.71553823503e-10
1.10769249755e-09	1.85257709173e-09
1.10890707266e-09	2.3874223154e-09
1.11012164777e-09	2.30845172144e-09
1.11133622288e-09	1.53839489064e-09
1.11255079798e-09	2.23562456741e-10
1.11376537309e-09	-1.3058642917e-09
1.1149799482e-09	-2.62976083965e-09
1.1161945233e-09	-3.37310379628e-09
1.11740909841e-09	-3.31960275934e-09
1.11862367352e-09	-2.4857290809e-09
1.11983824862e-09	-1.11746155732e-09
1.12105282373e-09	3.81326852039e-10
1.12226739884e-09	1.56807995755e-09
1.12348197395e-09	2.09622494363e-09
1.12469654905e-09	1.81794756332e-09
1.12591112416e-09	8.35912527565e-10
1.12712569927e-09	-5.26062854736e-10
1.12834027437e-09	-1.8140990099e-09
1.12955484948e-09	-2.58124766006e-09
1.13076942459e-09	-2.52194201633e-09
1.13198399969e-09	-1.56697044923e-09
1.1331985748e-09	8.9976486331e-11
1.13441314991e-09	2.04942332549e-09
1.13562772502e-09	3.81471701449e-09
1.13684230012e-09	4.93428431447e-09
1.13805687523e-09	5.12140468922e-09
1.13927145034e-09	4.32888389024e-09
1.14048602544e-09	2.75254130599e-09
1.14170060055e-09	7.67535410229e-10
1.14291517566e-09	-1.17889336487e-09
1.14412975076e-09	-2.69650402007e-09
1.14534432587e-09	-3.54949622472e-09
1.14655890098e-09	-3.71091651852e-09
1.14777347608e-09	-3.34670914592e-09
1.14898805119e-09	-2.74212273721e-09
1.1502026263e-09	-2.19649858024e-09
1.15141720141e-09	-1.91477515787e-09
1.15263177651e-09	-1.94001448239e-09
1.15384635162e-09	-2.13616099809e-09
1.15506092673e-09	-2.24189851405e-09
1.15627550183e-09	-1.95999530495e-09
1.15749007694e-09	-1.07002930128e-09
1.15870465205e-09	4.80602960207e-10
1.15991922715e-09	2.53756514412e-09
1.16113380226e-09	4.75657210841e-09
1.16234837737e-09	6.68347416299e-09
1.16356295248e-09	7.86491705096e-09
1.16477752758e-09	7.96823412808e-09
1.16599210269e-09	6.87032530866e-09
1.1672066778e-09	4.69623265276e-09
1.1684212529e-09	1.7927844348e-09
1.16963582801e-09	-1.35507070842e-09
1.17085040312e-09	-4.2361263386e-09
1.17206497822e-09	-6.43114397847e-09
1.17327955333e-09	-7.69394986611e-09
1.17449412844e-09	-7.98249727429e-09
1.17570870354e-09	-7.43302286388e-09
1.17692327865e-09	-6.29233037897e-09
1.17813785376e-09	-4.82983186778e-09
1.17935242887e-09	-3.25770274645e-09
1.18056700397e-09	-1.68873696971e-09
1.18178157908e-09	-1.31104396436e-10
1.18299615419e-09	1.46781551497e-09
1.18421072929e-09	3.15730964984e-09
1.1854253044e-09	4.91928056623e-09
1.18663987951e-09	6.62629046078e-09
1.18785445461e-09	8.04473870852e-09
