% time-domain voltage integration by openEMS v0.37.0-rc1-2-g7b051bb @Mon Jul 13 22:25:18 2026
% start-coordinates: (0.00598092,0.00578575,-0.000889) m -> [149,152,13]
% stop-coordinates: (0.00625934,0.00578575,-0.000889) m -> [154,152,13]
% t/s	voltage
0	0
1.15462569568e-12	0
2.30925139136e-12	0
3.46387708705e-12	0
4.61850278273e-12	0
5.77312847841e-12	0
6.92775417409e-12	0
8.08237986977e-12	0
9.23700556545e-12	0
1.03916312611e-11	0
1.15462569568e-11	0
1.27008826525e-11	0
1.38555083482e-11	0
1.50101340439e-11	0
1.61647597395e-11	0
1.73193854352e-11	0
1.84740111309e-11	0
1.96286368266e-11	0
2.07832625223e-11	0
2.1937888218e-11	0
2.30925139136e-11	0
2.42471396093e-11	0
2.5401765305e-11	0
2.65563910007e-11	0
2.77110166964e-11	0
2.8865642392e-11	0
3.00202680877e-11	0
3.11748937834e-11	0
3.23295194791e-11	0
3.34841451748e-11	0
3.46387708705e-11	0
3.57933965661e-11	0
3.69480222618e-11	0
3.81026479575e-11	0
3.92572736532e-11	0
4.04118993489e-11	0
4.15665250445e-11	0
4.27211507402e-11	0
4.38757764359e-11	0
4.50304021316e-11	0
4.61850278273e-11	0
4.7339653523e-11	0
4.84942792186e-11	0
4.96489049143e-11	0
5.080353061e-11	0
5.19581563057e-11	0
5.31127820014e-11	0
5.4267407697e-11	0
5.54220333927e-11	0
5.65766590884e-11	0
5.77312847841e-11	0
5.88859104798e-11	0
6.00405361755e-11	0
6.11951618711e-11	0
6.23497875668e-11	0
6.35044132625e-11	0
6.46590389582e-11	0
6.58136646539e-11	0
6.69682903495e-11	0
6.81229160452e-11	0
6.92775417409e-11	0
7.04321674366e-11	0
7.15867931323e-11	0
7.2741418828e-11	0
7.38960445236e-11	0
7.50506702193e-11	0
7.6205295915e-11	0
7.73599216107e-11	0
7.85145473064e-11	0
7.9669173002e-11	0
8.08237986977e-11	0
8.19784243934e-11	0
8.31330500891e-11	0
8.42876757848e-11	0
8.54423014805e-11	0
8.65969271761e-11	0
8.77515528718e-11	0
8.89061785675e-11	0
9.00608042632e-11	0
9.12154299589e-11	0
9.23700556545e-11	0
9.35246813502e-11	0
9.46793070459e-11	0
9.58339327416e-11	0
9.69885584373e-11	0
9.8143184133e-11	0
9.92978098286e-11	0
1.00452435524e-10	0
1.0160706122e-10	-1.4287883439e-34
1.02761686916e-10	-3.62683858678e-33
1.03916312611e-10	-6.2802991214e-32
1.05070938307e-10	-7.63850393871e-31
1.06225564003e-10	-2.89503475867e-30
1.07380189698e-10	1.50428884009e-28
1.08534815394e-10	5.20569648393e-27
1.0968944109e-10	1.07327566043e-25
1.10844066785e-10	1.69870810092e-24
1.11998692481e-10	2.21298098584e-23
1.13153318177e-10	2.44580984653e-22
1.14307943872e-10	2.33121769001e-21
1.15462569568e-10	1.93599677605e-20
1.16617195264e-10	1.41067262111e-19
1.1777182096e-10	9.06440580634e-19
1.18926446655e-10	5.15523483648e-18
1.20081072351e-10	2.6018021114e-17
1.21235698047e-10	1.16694930087e-16
1.22390323742e-10	4.6518651093e-16
1.23544949438e-10	1.64514071561e-15
1.24699575134e-10	5.13579046395e-15
1.25854200829e-10	1.39992525442e-14
1.27008826525e-10	3.25367085671e-14
1.28163452221e-10	6.07726420728e-14
1.29318077916e-10	7.37773430469e-14
1.30472703612e-10	-3.16496990528e-14
1.31627329308e-10	-5.42165792784e-13
1.32781955003e-10	-2.08205219558e-12
1.33936580699e-10	-5.73730093382e-12
1.35091206395e-10	-1.29060235806e-11
1.3624583209e-10	-2.43638518648e-11
1.37400457786e-10	-3.77109628247e-11
1.38555083482e-10	-4.21652734429e-11
1.39709709177e-10	-9.93513138512e-12
1.40864334873e-10	1.15352300628e-10
1.42018960569e-10	4.29995143658e-10
1.43173586265e-10	1.07390174531e-09
1.4432821196e-10	2.21404322653e-09
1.45482837656e-10	3.99095828607e-09
1.46637463352e-10	6.41180253336e-09
1.47792089047e-10	9.18263587391e-09
1.48946714743e-10	1.14952446451e-08
1.50101340439e-10	1.18205749633e-08
1.51255966134e-10	7.80440412296e-09
1.5241059183e-10	-3.60622426365e-09
1.53565217526e-10	-2.56795817943e-08
1.54719843221e-10	-6.09927122142e-08
1.55874468917e-10	-1.10163694167e-07
1.57029094613e-10	-1.70466243787e-07
1.58183720308e-10	-2.34757713713e-07
1.59338346004e-10	-2.91263280161e-07
1.604929717e-10	-3.24703165688e-07
1.61647597395e-10	-3.1896450281e-07
1.62802223091e-10	-2.61030042026e-07
1.63956848787e-10	-1.45303800991e-07
1.65111474482e-10	2.29677552532e-08
1.66266100178e-10	2.26566415407e-07
1.67420725874e-10	4.38426063454e-07
1.6857535157e-10	6.27044549617e-07
1.69729977265e-10	7.64029373101e-07
1.70884602961e-10	8.31596018713e-07
1.72039228657e-10	8.27468312536e-07
1.73193854352e-10	7.65233124866e-07
1.74348480048e-10	6.69710338741e-07
1.75503105744e-10	5.68791165279e-07
1.76657731439e-10	4.8468128e-07
1.77812357135e-10	4.27837132833e-07
1.78966982831e-10	3.9580608302e-07
1.80121608526e-10	3.77028548826e-07
1.81276234222e-10	3.57351343183e-07
1.82430859918e-10	3.25746224661e-07
1.83585485613e-10	2.76319262582e-07
1.84740111309e-10	2.05993611502e-07
1.85894737005e-10	1.10058839375e-07
1.870493627e-10	-2.05361332384e-08
1.88203988396e-10	-1.96846384526e-07
1.89358614092e-10	-4.24094913853e-07
1.90513239787e-10	-6.91648118334e-07
1.91667865483e-10	-9.66732073948e-07
1.92822491179e-10	-1.19741778803e-06
1.93977116875e-10	-1.32656550988e-06
1.9513174257e-10	-1.31274777004e-06
1.96286368266e-10	-1.14960130304e-06
1.97440993962e-10	-8.74265111861e-07
1.98595619657e-10	-5.59373255271e-07
1.99750245353e-10	-2.90025628402e-07
2.00904871049e-10	-1.3415596456e-07
2.02059496744e-10	-1.18239003477e-07
2.0321412244e-10	-2.18430644239e-07
2.04368748136e-10	-3.70718872489e-07
2.05523373831e-10	-4.95574518311e-07
2.06677999527e-10	-5.26716156912e-07
2.07832625223e-10	-4.32561208186e-07
2.08987250918e-10	-2.2291790458e-07
2.10141876614e-10	5.95614624288e-08
2.1129650231e-10	3.57228405079e-07
2.12451128005e-10	6.15806229121e-07
2.13605753701e-10	7.96198442288e-07
2.14760379397e-10	8.77416006517e-07
2.15915005092e-10	8.53253425248e-07
2.17069630788e-10	7.27909238663e-07
2.18224256484e-10	5.14789107342e-07
2.1937888218e-10	2.39074017472e-07
2.20533507875e-10	-5.93137077232e-08
2.21688133571e-10	-3.27380853093e-07
2.22842759267e-10	-5.08614050432e-07
2.23997384962e-10	-5.59299927261e-07
2.25152010658e-10	-4.6599606307e-07
2.26306636354e-10	-2.56257642661e-07
2.27461262049e-10	3.85616916176e-09
2.28615887745e-10	2.27112597173e-07
2.29770513441e-10	3.3259335197e-07
2.30925139136e-10	2.73780557336e-07
2.32079764832e-10	5.65065807479e-08
2.33234390528e-10	-2.60689532183e-07
2.34389016223e-10	-5.84709731299e-07
2.35543641919e-10	-8.18287283266e-07
2.36698267615e-10	-8.91645740353e-07
2.3785289331e-10	-7.84125326447e-07
2.39007519006e-10	-5.2855484256e-07
2.40162144702e-10	-1.97840282823e-07
2.41316770397e-10	1.20231208101e-07
2.42471396093e-10	3.50288811291e-07
2.43626021789e-10	4.49566634586e-07
2.44780647485e-10	4.15601572712e-07
2.4593527318e-10	2.81122495949e-07
2.47089898876e-10	9.99481146735e-08
2.48244524572e-10	-7.02909055406e-08
2.49399150267e-10	-1.83187168545e-07
2.50553775963e-10	-2.13018013895e-07
2.51708401659e-10	-1.57809278534e-07
2.52863027354e-10	-3.6909326262e-08
2.5401765305e-10	1.15339876317e-07
2.55172278746e-10	2.58205194115e-07
2.56326904441e-10	3.53901519645e-07
2.57481530137e-10	3.76205157693e-07
2.58636155833e-10	3.16824863233e-07
2.59790781528e-10	1.87932581497e-07
2.60945407224e-10	1.96297396116e-08
2.6210003292e-10	-1.47668483663e-07
2.63254658615e-10	-2.74229524422e-07
2.64409284311e-10	-3.32228417221e-07
2.65563910007e-10	-3.13619157311e-07
2.66718535702e-10	-2.31922623328e-07
2.67873161398e-10	-1.17205246397e-07
2.69027787094e-10	-5.98056570933e-09
2.7018241279e-10	7.03396159096e-08
2.71337038485e-10	9.44420772697e-08
2.72491664181e-10	6.68204931387e-08
2.73646289877e-10	3.59563112617e-09
2.74800915572e-10	-7.00928790565e-08
2.75955541268e-10	-1.28344503025e-07
2.77110166964e-10	-1.51531784454e-07
2.78264792659e-10	-1.30282399979e-07
2.79419418355e-10	-6.60899130978e-08
2.80574044051e-10	3.05861498351e-08
2.81728669746e-10	1.4340953669e-07
2.82883295442e-10	2.53369492498e-07
2.84037921138e-10	3.41671483994e-07
2.85192546833e-10	3.9246080874e-07
2.86347172529e-10	3.95588326541e-07
2.87501798225e-10	3.49167979863e-07
2.8865642392e-10	2.61121709144e-07
2.89811049616e-10	1.48692993918e-07
2.90965675312e-10	3.52904461209e-08
2.92120301007e-10	-5.50747389916e-08
2.93274926703e-10	-1.04319451744e-07
2.94429552399e-10	-1.0556617358e-07
2.95584178095e-10	-6.52095915044e-08
2.9673880379e-10	-9.50897582896e-10
2.97893429486e-10	6.36754045047e-08
2.99048055182e-10	1.06510589681e-07
3.00202680877e-10	1.13218027842e-07
3.01357306573e-10	8.08555880027e-08
3.02511932269e-10	1.77432959436e-08
3.03666557964e-10	-5.98879004166e-08
3.0482118366e-10	-1.33038971839e-07
3.05975809356e-10	-1.85032842381e-07
3.07130435051e-10	-2.05055075142e-07
3.08285060747e-10	-1.89578564402e-07
3.09439686443e-10	-1.41973027112e-07
3.10594312138e-10	-7.10334679965e-08
3.11748937834e-10	1.08545753497e-08
3.1290356353e-10	8.9590068697e-08
3.14058189225e-10	1.51388810821e-07
3.15212814921e-10	1.85115494489e-07
3.16367440617e-10	1.84738667031e-07
3.17522066312e-10	1.51334345944e-07
3.18676692008e-10	9.37392119482e-08
3.19831317704e-10	2.70114910439e-08
3.209859434e-10	-3.1339081108e-08
3.22140569095e-10	-6.62896493253e-08
3.23295194791e-10	-6.9731168395e-08
3.24449820487e-10	-4.28373967409e-08
3.25604446182e-10	4.51286510939e-09
3.26759071878e-10	5.70545357625e-08
3.27913697574e-10	9.89190542811e-08
3.29068323269e-10	1.18126297188e-07
3.30222948965e-10	1.09376650848e-07
3.31377574661e-10	7.45941006741e-08
3.32532200356e-10	2.15314179819e-08
3.33686826052e-10	-3.87324301521e-08
3.34841451748e-10	-9.44333784503e-08
3.35996077443e-10	-1.35223013231e-07
3.37150703139e-10	-1.53600762332e-07
3.38305328835e-10	-1.45865687529e-07
3.3945995453e-10	-1.12658603335e-07
3.40614580226e-10	-5.90120876609e-08
3.41769205922e-10	6.20385925965e-09
3.42923831617e-10	7.15825647646e-08
3.44078457313e-10	1.25244056903e-07
3.45233083009e-10	1.57290120484e-07
3.46387708705e-10	1.62003237492e-07
3.475423344e-10	1.3917305175e-07
3.48696960096e-10	9.41916811215e-08
3.49851585792e-10	3.69268264855e-08
3.51006211487e-10	-2.03078405203e-08
3.52160837183e-10	-6.51941238772e-08
3.53315462879e-10	-8.77245511788e-08
3.54470088574e-10	-8.20719874284e-08
3.5562471427e-10	-4.79073691828e-08
3.56779339966e-10	9.06890840202e-09
3.57933965661e-10	7.77285489306e-08
3.59088591357e-10	1.4336730203e-07
3.60243217053e-10	1.90673940637e-07
3.61397842748e-10	2.07434940336e-07
3.62552468444e-10	1.88058672634e-07
3.6370709414e-10	1.35638128285e-07
3.64861719835e-10	6.16352471283e-08
3.66016345531e-10	-1.6940745029e-08
3.67170971227e-10	-8.2212405772e-08
3.68325596922e-10	-1.20587288599e-07
3.69480222618e-10	-1.26638109776e-07
3.70634848314e-10	-1.04351755681e-07
3.7178947401e-10	-6.5360538315e-08
3.72944099705e-10	-2.48056961638e-08
3.74098725401e-10	3.68381608551e-09
3.75253351097e-10	1.21111723983e-08
3.76407976792e-10	-2.32785735133e-11
3.77562602488e-10	-2.65166579805e-08
3.78717228184e-10	-5.74000553755e-08
3.79871853879e-10	-8.27919013346e-08
3.81026479575e-10	-9.61138715283e-08
3.82181105271e-10	-9.55221688415e-08
3.83335730966e-10	-8.33753110996e-08
3.84490356662e-10	-6.4341580952e-08
3.85644982358e-10	-4.31322524364e-08
3.86799608053e-10	-2.28581407136e-08
3.87954233749e-10	-4.5833478679e-09
3.89108859445e-10	1.19802517906e-08
3.9026348514e-10	2.72589333328e-08
3.91418110836e-10	4.08698399568e-08
3.92572736532e-10	5.13997822083e-08
3.93727362227e-10	5.69642852888e-08
3.94881987923e-10	5.62627402445e-08
3.96036613619e-10	4.95560321667e-08
3.97191239315e-10	3.89857950367e-08
3.9834586501e-10	2.80347625115e-08
3.99500490706e-10	2.0341286433e-08
4.00655116402e-10	1.82783681524e-08
4.01809742097e-10	2.18634435001e-08
4.02964367793e-10	2.85194690086e-08
4.04118993489e-10	3.37797509964e-08
4.05273619184e-10	3.27122817723e-08
4.0642824488e-10	2.16447051393e-08
4.07582870576e-10	-4.03265865145e-10
4.08737496271e-10	-3.10207917131e-08
4.09892121967e-10	-6.46786562086e-08
4.11046747663e-10	-9.40087279133e-08
4.12201373358e-10	-1.11758295951e-07
4.13355999054e-10	-1.12885466308e-07
4.1451062475e-10	-9.62316875075e-08
4.15665250445e-10	-6.51953104835e-08
4.16819876141e-10	-2.70302615846e-08
4.17974501837e-10	9.13923070556e-09
4.19129127532e-10	3.50124675919e-08
4.20283753228e-10	4.5663692827e-08
4.21438378924e-10	4.10480538449e-08
4.2259300462e-10	2.58835606282e-08
4.23747630315e-10	7.94606003218e-09
4.24902256011e-10	-4.61544147345e-09
4.26056881707e-10	-5.9629080007e-09
4.27211507402e-10	5.67993835299e-09
4.28366133098e-10	2.77187115483e-08
4.29520758794e-10	5.43569820266e-08
4.30675384489e-10	7.87363410026e-08
4.31830010185e-10	9.51843031061e-08
4.32984635881e-10	1.00808554393e-07
4.34139261576e-10	9.59670831691e-08
4.35293887272e-10	8.35627771423e-08
4.36448512968e-10	6.75993634403e-08
4.37603138663e-10	5.16688416496e-08
4.38757764359e-10	3.79205298273e-08
4.39912390055e-10	2.68109172641e-08
4.4106701575e-10	1.75892218568e-08
4.42221641446e-10	9.13142816916e-09
4.43376267142e-10	6.51033796317e-10
4.44530892837e-10	-7.98292038029e-09
4.45685518533e-10	-1.63545758047e-08
4.46840144229e-10	-2.38279200815e-08
4.47994769925e-10	-2.98394360332e-08
4.4914939562e-10	-3.40210202232e-08
4.50304021316e-10	-3.61313219344e-08
4.51458647012e-10	-3.59475400558e-08
4.52613272707e-10	-3.33254090989e-08
4.53767898403e-10	-2.8431374588e-08
4.54922524099e-10	-2.20265534701e-08
4.56077149794e-10	-1.56522457218e-08
4.5723177549e-10	-1.14889494585e-08
4.58386401186e-10	-1.17984435555e-08
4.59541026881e-10	-1.81317725279e-08
4.60695652577e-10	-3.05689393798e-08
4.61850278273e-10	-4.72772536675e-08
4.63004903968e-10	-6.4651906051e-08
4.64159529664e-10	-7.8071114018e-08
4.6531415536e-10	-8.30728374979e-08
4.66468781055e-10	-7.65931309488e-08
4.67623406751e-10	-5.78566710097e-08
4.68778032447e-10	-2.87037937863e-08
4.69932658142e-10	6.70072125564e-09
4.71087283838e-10	4.27044879459e-08
4.72241909534e-10	7.32962490702e-08
4.7339653523e-10	9.32645551899e-08
4.74551160925e-10	9.92141480083e-08
4.75705786621e-10	9.02852415052e-08
4.76860412317e-10	6.8412717269e-08
4.78015038012e-10	3.80427027658e-08
4.79169663708e-10	5.31955041128e-09
4.80324289404e-10	-2.31838979126e-08
4.81478915099e-10	-4.19337915503e-08
4.82633540795e-10	-4.77044812541e-08
4.83788166491e-10	-4.03241724456e-08
4.84942792186e-10	-2.26433771733e-08
4.86097417882e-10	2.92744051222e-10
4.87252043578e-10	2.25952403454e-08
4.88406669273e-10	3.90337153711e-08
4.89561294969e-10	4.62657254729e-08
4.90715920665e-10	4.34512057446e-08
4.9187054636e-10	3.2152809748e-08
4.93025172056e-10	1.56037600618e-08
4.94179797752e-10	-2.3780004077e-09
4.95334423447e-10	-1.84662214409e-08
4.96489049143e-10	-3.05767322573e-08
4.97643674839e-10	-3.80974412018e-08
4.98798300535e-10	-4.16088390409e-08
4.9995292623e-10	-4.22744754758e-08
5.01107551926e-10	-4.11827740798e-08
5.02262177622e-10	-3.89086487473e-08
5.03416803317e-10	-3.54116704848e-08
5.04571429013e-10	-3.02840903466e-08
5.05726054709e-10	-2.31929753181e-08
5.06880680404e-10	-1.42591489727e-08
5.080353061e-10	-4.22281437595e-09
5.09189931796e-10	5.67585206612e-09
5.10344557491e-10	1.40485623135e-08
5.11499183187e-10	1.97574239191e-08
5.12653808883e-10	2.22056482091e-08
5.13808434578e-10	2.1420871521e-08
5.14963060274e-10	1.79103210041e-08
5.1611768597e-10	1.24056366291e-08
5.17272311665e-10	5.64616509102e-09
5.18426937361e-10	-1.70641897834e-09
5.19581563057e-10	-9.00490304545e-09
5.20736188752e-10	-1.54864030488e-08
5.21890814448e-10	-2.01964875934e-08
5.23045440144e-10	-2.20843334731e-08
5.2420006584e-10	-2.02772483249e-08
5.25354691535e-10	-1.4418133687e-08
5.26509317231e-10	-4.91790042023e-09
5.27663942927e-10	7.00283248056e-09
5.28818568622e-10	1.9538837881e-08
5.29973194318e-10	3.07194922833e-08
5.31127820014e-10	3.88753331748e-08
5.32282445709e-10	4.29805298019e-08
5.33437071405e-10	4.27720765472e-08
5.34591697101e-10	3.86650160777e-08
5.35746322796e-10	3.15246895255e-08
5.36900948492e-10	2.23968861235e-08
5.38055574188e-10	1.23024221921e-08
5.39210199883e-10	2.13041573272e-09
5.40364825579e-10	-7.37058269973e-09
5.41519451275e-10	-1.55603936403e-08
5.4267407697e-10	-2.18994633538e-08
5.43828702666e-10	-2.59533394775e-08
5.44983328362e-10	-2.74297780045e-08
5.46137954057e-10	-2.62513106808e-08
5.47292579753e-10	-2.26177792051e-08
5.48447205449e-10	-1.70484106832e-08
5.49601831145e-10	-1.03616244473e-08
5.5075645684e-10	-3.57909582527e-09
5.51911082536e-10	2.22080479007e-09
5.53065708232e-10	6.10049638583e-09
5.54220333927e-10	7.4661606897e-09
5.55374959623e-10	6.23088819429e-09
5.56529585319e-10	2.87314047553e-09
5.57684211014e-10	-1.65569731536e-09
5.5883883671e-10	-6.13880768441e-09
5.59993462406e-10	-9.39848310288e-09
5.61148088101e-10	-1.06190830573e-08
5.62302713797e-10	-9.55684686943e-09
5.63457339493e-10	-6.58763343875e-09
5.64611965188e-10	-2.57180843288e-09
5.65766590884e-10	1.44328578255e-09
5.6692121658e-10	4.57453558367e-09
5.68075842275e-10	6.37170205486e-09
5.69230467971e-10	6.92530621738e-09
5.70385093667e-10	6.77145428618e-09
5.71539719362e-10	6.61210647346e-09
5.72694345058e-10	6.97769642066e-09
5.73848970754e-10	7.95886251348e-09
5.7500359645e-10	9.10520991937e-09
5.76158222145e-10	9.55137458014e-09
5.77312847841e-10	8.31559987535e-09
5.78467473537e-10	4.66667759991e-09
5.79622099232e-10	-1.56936062756e-09
5.80776724928e-10	-9.87799408936e-09
5.81931350624e-10	-1.91475169053e-08
5.83085976319e-10	-2.79345362397e-08
5.84240602015e-10	-3.47969750791e-08
5.85395227711e-10	-3.85994276542e-08
5.86549853406e-10	-3.8699933036e-08
5.87704479102e-10	-3.49912885333e-08
5.88859104798e-10	-2.78492802153e-08
5.90013730493e-10	-1.80339128075e-08
5.91168356189e-10	-6.60284582565e-09
5.92322981885e-10	5.14988068856e-09
5.9347760758e-10	1.57731636641e-08
5.94632233276e-10	2.37903339251e-08
5.95786858972e-10	2.79242802215e-08
5.96941484667e-10	2.73799971584e-08
5.98096110363e-10	2.21009490708e-08
5.99250736059e-10	1.29263219018e-08
6.00405361755e-10	1.53971833894e-09
6.0155998745e-10	-9.84067627385e-09
6.02714613146e-10	-1.89488973401e-08
6.03869238842e-10	-2.40161688314e-08
6.05023864537e-10	-2.42287854224e-08
6.06178490233e-10	-1.99508416454e-08
6.07333115929e-10	-1.26272350354e-08
6.08487741624e-10	-4.37663938424e-09
6.0964236732e-10	2.6119292007e-09
6.10796993016e-10	6.69888372551e-09
6.11951618711e-10	7.22899567984e-09
6.13106244407e-10	4.64338423267e-09
6.14260870103e-10	2.45320506964e-10
6.15415495798e-10	-4.30792268524e-09
6.16570121494e-10	-7.58965290615e-09
6.1772474719e-10	-8.84070561202e-09
6.18879372885e-10	-8.1353173087e-09
6.20033998581e-10	-6.2196802153e-09
6.21188624277e-10	-4.11467826478e-09
6.22343249972e-10	-2.677829819e-09
6.23497875668e-10	-2.28536864433e-09
6.24652501364e-10	-2.75515521508e-09
6.2580712706e-10	-3.51834131274e-09
6.26961752755e-10	-3.94542265525e-09
6.28116378451e-10	-3.66445138122e-09
6.29271004147e-10	-2.72799280387e-09
6.30425629842e-10	-1.56554086361e-09
6.31580255538e-10	-7.41812576643e-10
6.32734881234e-10	-6.47404921339e-10
6.33889506929e-10	-1.26566430947e-09
6.35044132625e-10	-2.12310810599e-09
6.36198758321e-10	-2.47437004219e-09
6.37353384016e-10	-1.63646310392e-09
6.38508009712e-10	6.68015330552e-10
6.39662635408e-10	4.11023892699e-09
6.40817261103e-10	7.7953971056e-09
6.41971886799e-10	1.05365374203e-08
6.43126512495e-10	1.12759762638e-08
6.4428113819e-10	9.4888025215e-09
6.45435763886e-10	5.41586958613e-09
6.46590389582e-10	4.43306710785e-11
6.47745015277e-10	-5.16521259097e-09
6.48899640973e-10	-8.72066407975e-09
6.50054266669e-10	-9.5687875401e-09
6.51208892365e-10	-7.43088912625e-09
6.5236351806e-10	-2.90319721041e-09
6.53518143756e-10	2.71215389036e-09
6.54672769452e-10	7.80744757733e-09
6.55827395147e-10	1.09723116148e-08
6.56982020843e-10	1.14294492759e-08
6.58136646539e-10	9.25732612789e-09
6.59291272234e-10	5.33140043224e-09
6.6044589793e-10	9.95047141905e-10
6.61600523626e-10	-2.41750389152e-09
6.62755149321e-10	-4.01614291823e-09
6.63909775017e-10	-3.60308027858e-09
6.65064400713e-10	-1.64399338587e-09
6.66219026408e-10	9.98256609319e-10
6.67373652104e-10	3.43513556489e-09
6.685282778e-10	5.0881518443e-09
6.69682903495e-10	5.84324838515e-09
6.70837529191e-10	5.98185950773e-09
6.71992154887e-10	5.95168381246e-09
6.73146780582e-10	6.08899475285e-09
6.74301406278e-10	6.42997027844e-09
6.75456031974e-10	6.68914462709e-09
6.7661065767e-10	6.42094366565e-09
6.77765283365e-10	5.28987637027e-09
6.78919909061e-10	3.31067878667e-09
6.80074534757e-10	9.39186187154e-10
6.81229160452e-10	-1.04914457677e-09
6.82383786148e-10	-1.8518095668e-09
6.83538411844e-10	-9.98558638554e-10
6.84693037539e-10	1.379113726e-09
6.85847663235e-10	4.50932491347e-09
6.87002288931e-10	7.19432535767e-09
6.88156914626e-10	8.2220544817e-09
6.89311540322e-10	6.83336248697e-09
6.90466166018e-10	3.0578951038e-09
6.91620791713e-10	-2.21723084337e-09
6.92775417409e-10	-7.48204442846e-09
6.93930043105e-10	-1.10749081017e-08
6.950846688e-10	-1.17375612563e-08
6.96239294496e-10	-9.05521257977e-09
6.97393920192e-10	-3.61781987701e-09
6.98548545887e-10	3.15768883263e-09
6.99703171583e-10	9.48626976971e-09
7.00857797279e-10	1.37896036811e-08
7.02012422975e-10	1.51883559063e-08
7.0316704867e-10	1.3731215498e-08
7.04321674366e-10	1.02899854193e-08
7.05476300062e-10	6.19020223969e-09
7.06630925757e-10	2.72123973355e-09
7.07785551453e-10	7.21122349334e-10
7.08940177149e-10	3.80883713458e-10
7.10094802844e-10	1.31204912213e-09
7.1124942854e-10	2.82099865689e-09
7.12404054236e-10	4.24954343936e-09
7.13558679931e-10	5.23284127141e-09
7.14713305627e-10	5.77763115128e-09
7.15867931323e-10	6.14512513097e-09
7.17022557018e-10	6.60885746129e-09
7.18177182714e-10	7.20852438851e-09
7.1933180841e-10	7.63193841458e-09
7.20486434105e-10	7.2874444812e-09
7.21641059801e-10	5.55021467674e-09
7.22795685497e-10	2.09418488106e-09
7.23950311192e-10	-2.83673978752e-09
7.25104936888e-10	-8.35470992389e-09
7.26259562584e-10	-1.30986246294e-08
7.2741418828e-10	-1.56269588381e-08
7.28568813975e-10	-1.49070914501e-08
7.29723439671e-10	-1.07150009976e-08
7.30878065367e-10	-3.80234732589e-09
7.32032691062e-10	4.25568474904e-09
7.33187316758e-10	1.15038633064e-08
7.34341942454e-10	1.61932178777e-08
7.35496568149e-10	1.73232064249e-08
7.36651193845e-10	1.49459447041e-08
7.37805819541e-10	1.01191226509e-08
7.38960445236e-10	4.5244796798e-09
7.40115070932e-10	-1.1545943715e-10
7.41269696628e-10	-2.60894222892e-09
7.42424322323e-10	-2.65840394142e-09
7.43578948019e-10	-8.75268330036e-10
7.44733573715e-10	1.54914640838e-09
7.4588819941e-10	3.36100564047e-09
7.47042825106e-10	3.7566998401e-09
7.48197450802e-10	2.68262687064e-09
7.49352076497e-10	8.02385435872e-10
7.50506702193e-10	-8.29987856221e-10
7.51661327889e-10	-1.24396029588e-09
7.52815953585e-10	3.51893479633e-11
7.5397057928e-10	2.80170422973e-09
7.55125204976e-10	6.27831991951e-09
7.56279830672e-10	9.45850087142e-09
7.57434456367e-10	1.1512388931e-08
7.58589082063e-10	1.20834368067e-08
7.59743707759e-10	1.13486205988e-08
7.60898333454e-10	9.83972237023e-09
7.6205295915e-10	8.12433276209e-09
7.63207584846e-10	6.50845033423e-09
7.64362210541e-10	4.91527102353e-09
7.65516836237e-10	2.98316099601e-09
7.66671461933e-10	3.37311970022e-10
7.67826087628e-10	-3.10062647779e-09
7.68980713324e-10	-6.92882790032e-09
7.7013533902e-10	-1.02996957629e-08
7.71289964715e-10	-1.21804719644e-08
7.72444590411e-10	-1.17366565355e-08
7.73599216107e-10	-8.67993676934e-09
7.74753841802e-10	-3.43932757274e-09
7.75908467498e-10	2.91410814923e-09
7.77063093194e-10	8.96073659717e-09
7.7821771889e-10	1.33537202407e-08
7.79372344585e-10	1.52066461645e-08
7.80526970281e-10	1.43250425966e-08
7.81681595977e-10	1.12261262508e-08
7.82836221672e-10	6.9343464304e-09
7.83990847368e-10	2.64354721446e-09
7.85145473064e-10	-6.35290681172e-10
7.86300098759e-10	-2.33792210591e-09
7.87454724455e-10	-2.43901826513e-09
7.88609350151e-10	-1.3589684239e-09
7.89763975846e-10	2.56858836284e-10
7.90918601542e-10	1.79592885008e-09
7.92073227238e-10	2.88050661101e-09
7.93227852933e-10	3.45218598152e-09
7.94382478629e-10	3.72473957233e-09
7.95537104325e-10	4.04417227484e-09
7.9669173002e-10	4.71546030001e-09
7.97846355716e-10	5.86528592361e-09
7.99000981412e-10	7.3895135011e-09
8.00155607107e-10	8.98311836028e-09
8.01310232803e-10	1.02429880133e-08
8.02464858499e-10	1.0803263617e-08
8.03619484195e-10	1.04464950024e-08
8.0477410989e-10	9.15898112908e-09
8.05928735586e-10	7.11854630797e-09
8.07083361282e-10	4.62446964056e-09
8.08237986977e-10	2.00401872874e-09
8.09392612673e-10	-4.64704611597e-10
8.10547238369e-10	-2.58346469217e-09
8.11701864064e-10	-4.21911072745e-09
8.1285648976e-10	-5.26010318636e-09
8.14011115456e-10	-5.57087942443e-09
8.15165741151e-10	-4.98840574403e-09
8.16320366847e-10	-3.36246008814e-09
8.17474992543e-10	-6.31705396326e-10
8.18629618238e-10	3.08350420197e-09
8.19784243934e-10	7.41839656371e-09
8.2093886963e-10	1.17637102282e-08
8.22093495325e-10	1.53475003817e-08
8.23248121021e-10	1.73946153037e-08
8.24402746717e-10	1.73236474055e-08
8.25557372412e-10	1.49301879748e-08
8.26711998108e-10	1.04880288898e-08
8.27866623804e-10	4.7305646067e-09
8.290212495e-10	-1.29075587718e-09
8.30175875195e-10	-6.44831676944e-09
8.31330500891e-10	-9.80303749287e-09
8.32485126587e-10	-1.08153922485e-08
8.33639752282e-10	-9.4512199178e-09
8.34794377978e-10	-6.15296424922e-09
8.35949003674e-10	-1.69539907113e-09
8.37103629369e-10	3.03046493455e-09
8.38258255065e-10	7.23029236482e-09
8.39412880761e-10	1.03605233281e-08
8.40567506456e-10	1.21912586692e-08
8.41722132152e-10	1.27659732785e-08
8.42876757848e-10	1.22972897421e-08
8.44031383543e-10	1.10500357753e-08
8.45186009239e-10	9.25508014671e-09
8.46340634935e-10	7.08608316469e-09
8.4749526063e-10	4.69312994023e-09
8.48649886326e-10	2.25695470646e-09
8.49804512022e-10	1.8175110722e-11
8.50959137717e-10	-1.74138675701e-09
8.52113763413e-10	-2.76941183874e-09
8.53268389109e-10	-2.93461052681e-09
8.54423014805e-10	-2.29003083163e-09
8.555776405e-10	-1.07803538318e-09
8.56732266196e-10	3.41374088719e-10
8.57886891892e-10	1.61215911454e-09
8.59041517587e-10	2.50165055338e-09
8.60196143283e-10	2.9792815992e-09
8.61350768979e-10	3.21534307512e-09
8.62505394674e-10	3.49868289895e-09
8.6366002037e-10	4.10431000297e-09
8.64814646066e-10	5.16149589735e-09
8.65969271761e-10	6.57639298574e-09
8.67123897457e-10	8.03443311881e-09
8.68278523153e-10	9.09016850681e-09
8.69433148848e-10	9.31183519182e-09
8.70587774544e-10	8.42885361507e-09
8.7174240024e-10	6.43638786713e-09
8.72897025935e-10	3.62024094036e-09
8.74051651631e-10	4.9417381992e-10
8.75206277327e-10	-2.32568822534e-09
8.76360903022e-10	-4.27391116942e-09
8.77515528718e-10	-4.97272434341e-09
8.78670154414e-10	-4.31638075282e-09
8.7982478011e-10	-2.48570419803e-09
8.80979405805e-10	1.11802136993e-10
8.82134031501e-10	2.95334817713e-09
8.83288657197e-10	5.53122297964e-09
8.84443282892e-10	7.46447509359e-09
8.85597908588e-10	8.55704906932e-09
8.86752534284e-10	8.79743355942e-09
8.87907159979e-10	8.30896185189e-09
8.89061785675e-10	7.27534560374e-09
8.90216411371e-10	5.88141002567e-09
8.91371037066e-10	4.2875956674e-09
8.92525662762e-10	2.63368812869e-09
8.93680288458e-10	1.05698583219e-09
8.94834914153e-10	-2.98738776772e-10
8.95989539849e-10	-1.29529162396e-09
8.97144165545e-10	-1.83413036148e-09
8.9829879124e-10	-1.892243362e-09
8.99453416936e-10	-1.53685847382e-09
9.00608042632e-10	-9.08084739348e-10
9.01762668327e-10	-1.73804012848e-10
9.02917294023e-10	5.30122848397e-10
9.04071919719e-10	1.1475452949e-09
9.05226545415e-10	1.71572056562e-09
9.0638117111e-10	2.33996572119e-09
9.07535796806e-10	3.13248796346e-09
9.08690422502e-10	4.1396411854e-09
9.09845048197e-10	5.28863136617e-09
9.10999673893e-10	6.37599595343e-09
9.12154299589e-10	7.10931996606e-09
9.13308925284e-10	7.19197601473e-09
9.1446355098e-10	6.42132208517e-09
9.15618176676e-10	4.76919365111e-09
9.16772802371e-10	2.41267034129e-09
9.17927428067e-10	-2.92607826857e-10
9.19082053763e-10	-2.88393894876e-09
9.20236679458e-10	-4.89105217438e-09
9.21391305154e-10	-5.93138405058e-09
9.2254593085e-10	-5.78500314319e-09
9.23700556545e-10	-4.43790515448e-09
9.24855182241e-10	-2.08354633546e-09
9.26009807937e-10	9.07789551863e-10
9.27164433632e-10	4.05132921655e-09
9.28319059328e-10	6.83276468738e-09
9.29473685024e-10	8.79752970473e-09
9.3062831072e-10	9.63475799143e-09
9.31782936415e-10	9.2318381828e-09
9.32937562111e-10	7.69188179817e-09
9.34092187807e-10	5.31032690043e-09
9.35246813502e-10	2.51137760587e-09
9.36401439198e-10	-2.35370091473e-10
9.37556064894e-10	-2.50352222286e-09
9.38710690589e-10	-3.98408467328e-09
9.39865316285e-10	-4.52820236863e-09
9.41019941981e-10	-4.15720696756e-09
9.42174567676e-10	-3.04157551922e-09
9.43329193372e-10	-1.45633244353e-09
9.44483819068e-10	2.73958168651e-10
9.45638444763e-10	1.83361707762e-09
9.46793070459e-10	2.97113647574e-09
9.47947696155e-10	3.54466508923e-09
9.4910232185e-10	3.54703666439e-09
9.50256947546e-10	3.10208875254e-09
9.51411573242e-10	2.43036349379e-09
9.52566198937e-10	1.78559236841e-09
9.53720824633e-10	1.38000116889e-09
9.54875450329e-10	1.32381440532e-09
9.56030076025e-10	1.59842934722e-09
9.5718470172e-10	2.0683665336e-09
9.58339327416e-10	2.53322984811e-09
9.59493953112e-10	2.79338174813e-09
9.60648578807e-10	2.70761554844e-09
9.61803204503e-10	2.22907678427e-09
9.62957830199e-10	1.40994739495e-09
9.64112455894e-10	3.83132092024e-10
9.6526708159e-10	-6.69088687233e-10
9.66421707286e-10	-1.5508913459e-09
9.67576332981e-10	-2.08292708082e-09
9.68730958677e-10	-2.12993317428e-09
9.69885584373e-10	-1.62725108388e-09
9.71040210068e-10	-6.00940339157e-10
9.72194835764e-10	8.22079973539e-10
9.7334946146e-10	2.42398037753e-09
9.74504087155e-10	3.92806071003e-09
9.75658712851e-10	5.0513174199e-09
9.76813338547e-10	5.56663171114e-09
9.77967964242e-10	5.35662253442e-09
9.79122589938e-10	4.44631020891e-09
9.80277215634e-10	3.00245223128e-09
9.8143184133e-10	1.3003705196e-09
9.82586467025e-10	-3.34435298899e-10
9.83741092721e-10	-1.5977216633e-09
9.84895718417e-10	-2.27274057907e-09
9.86050344112e-10	-2.27538937692e-09
9.87204969808e-10	-1.66890247455e-09
9.88359595504e-10	-6.40151820441e-10
9.89514221199e-10	5.55201766506e-10
9.90668846895e-10	1.65937714958e-09
9.91823472591e-10	2.47559228672e-09
9.92978098286e-10	2.90835841521e-09
9.94132723982e-10	2.96826366264e-09
9.95287349678e-10	2.74865913363e-09
9.96441975373e-10	2.3805566407e-09
9.97596601069e-10	1.98544192198e-09
9.98751226765e-10	1.64154442817e-09
9.9990585246e-10	1.37055586324e-09
1.00106047816e-09	1.14970442888e-09
1.00221510385e-09	9.40496236446e-10
1.00336972955e-09	7.17903875236e-10
1.00452435524e-09	4.88723346515e-10
1.00567898094e-09	2.88260110226e-10
1.00683360663e-09	1.61326604853e-10
1.00798823233e-09	1.33830772853e-10
1.00914285803e-09	1.95968146224e-10
1.01029748372e-09	3.08332883531e-10
1.01145210942e-09	4.25919969432e-10
1.01260673511e-09	5.30295619916e-10
1.01376136081e-09	6.51469267421e-10
1.0149159865e-09	8.59938835418e-10
1.0160706122e-09	1.23270137153e-09
1.0172252379e-09	1.80413484152e-09
1.01837986359e-09	2.52488327468e-09
1.01953448929e-09	3.25433141546e-09
1.02068911498e-09	3.79144521334e-09
1.02184374068e-09	3.94127508407e-09
1.02299836637e-09	3.59330259991e-09
1.02415299207e-09	2.77630690659e-09
1.02530761777e-09	1.66626745735e-09
1.02646224346e-09	5.40025878182e-10
1.02761686916e-09	-3.14363542142e-10
1.02877149485e-09	-6.96009194723e-10
1.02992612055e-09	-5.58391957672e-10
1.03108074624e-09	-1.86514683906e-11
1.03223537194e-09	6.94075352747e-10
1.03338999764e-09	1.32951091802e-09
1.03454462333e-09	1.70825557866e-09
1.03569924903e-09	1.7773836708e-09
1.03685387472e-09	1.61001531551e-09
1.03800850042e-09	1.35566827208e-09
1.03916312611e-09	1.16634672753e-09
1.04031775181e-09	1.13269185698e-09
1.0414723775e-09	1.25512653049e-09
1.0426270032e-09	1.45824249898e-09
1.0437816289e-09	1.63937081965e-09
1.04493625459e-09	1.72195049886e-09
1.04609088029e-09	1.69003661066e-09
1.04724550598e-09	1.59260526988e-09
1.04840013168e-09	1.51147752647e-09
1.04955475737e-09	1.51383498792e-09
1.05070938307e-09	1.61386662367e-09
1.05186400877e-09	1.75971580363e-09
1.05301863446e-09	1.85639030537e-09
1.05417326016e-09	1.81187445603e-09
1.05532788585e-09	1.58686179474e-09
1.05648251155e-09	1.22590521068e-09
1.05763713724e-09	8.48634260087e-10
1.05879176294e-09	6.07352237947e-10
1.05994638864e-09	6.2616872798e-10
1.06110101433e-09	9.43319450331e-10
1.06225564003e-09	1.48671587541e-09
1.06341026572e-09	2.09087175351e-09
1.06456489142e-09	2.55243701175e-09
1.06571951711e-09	2.70566472005e-09
1.06687414281e-09	2.48428325134e-09
1.06802876851e-09	1.95121230284e-09
1.0691833942e-09	1.27937598016e-09
1.0703380199e-09	6.89653709141e-10
1.07149264559e-09	3.74658967045e-10
1.07264727129e-09	4.30650144018e-10
1.07380189698e-09	8.26697127421e-10
1.07495652268e-09	1.4221336192e-09
1.07611114838e-09	2.0204370399e-09
1.07726577407e-09	2.44234729663e-09
1.07842039977e-09	2.58678231613e-09
1.07957502546e-09	2.4555421585e-09
1.08072965116e-09	2.14057610526e-09
1.08188427685e-09	1.77526707223e-09
1.08303890255e-09	1.47563834763e-09
1.08419352825e-09	1.29749801181e-09
1.08534815394e-09	1.22422655346e-09
1.08650277964e-09	1.18934656568e-09
1.08765740533e-09	1.12073064717e-09
1.08881203103e-09	9.8472599519e-10
1.08996665672e-09	8.09085437536e-10
1.09112128242e-09	6.72671571222e-10
1.09227590811e-09	6.6874141641e-10
1.09343053381e-09	8.57367357665e-10
1.09458515951e-09	1.22993552842e-09
1.0957397852e-09	1.70156538859e-09
1.0968944109e-09	2.1393853078e-09
1.09804903659e-09	2.4128334053e-09
1.09920366229e-09	2.44786832471e-09
1.10035828798e-09	2.25984464475e-09
1.10151291368e-09	1.94977403667e-09
1.10266753938e-09	1.66574458393e-09
1.10382216507e-09	1.54018413301e-09
1.10497679077e-09	1.63267538378e-09
1.10613141646e-09	1.90222176899e-09
1.10728604216e-09	2.21774898446e-09
1.10844066785e-09	2.40952063857e-09
1.10959529355e-09	2.33727287524e-09
1.11074991925e-09	1.94998706071e-09
1.11190454494e-09	1.31316973961e-09
1.11305917064e-09	5.90485944862e-10
1.11421379633e-09	-8.323893224e-12
1.11536842203e-09	-2.99083102034e-10
1.11652304772e-09	-1.86194483442e-10
1.11767767342e-09	3.07790178761e-10
1.11883229912e-09	1.05146898133e-09
1.11998692481e-09	1.84944864978e-09
1.12114155051e-09	2.5074971266e-09
1.1222961762e-09	2.89040363866e-09
1.1234508019e-09	2.95555102614e-09
1.12460542759e-09	2.75343925438e-09
1.12576005329e-09	2.3935891047e-09
1.12691467899e-09	1.99874386486e-09
1.12806930468e-09	1.66072849916e-09
1.12922393038e-09	1.41609635129e-09
1.13037855607e-09	1.25073512658e-09
1.13153318177e-09	1.12540211872e-09
1.13268780746e-09	1.00952746163e-09
1.13384243316e-09	9.06809245749e-10
1.13499705886e-09	8.57556373135e-10
1.13615168455e-09	9.20565353113e-10
1.13730631025e-09	1.13818894587e-09
1.13846093594e-09	1.50310783265e-09
1.13961556164e-09	1.94588481439e-09
1.14077018733e-09	2.34694283452e-09
1.14192481303e-09	2.57486873489e-09
1.14307943872e-09	2.53623552715e-09
1.14423406442e-09	2.21764495656e-09
1.14538869012e-09	1.70053369997e-09
1.14654331581e-09	1.1417314455e-09
1.14769794151e-09	7.24348248049e-10
1.1488525672e-09	5.93852897413e-10
1.1500071929e-09	8.0324470686e-10
1.15116181859e-09	1.28932992061e-09
1.15231644429e-09	1.89005322504e-09
1.15347106999e-09	2.39929129342e-09
1.15462569568e-09	2.63937485756e-09
1.15578032138e-09	2.52578113979e-09
1.15693494707e-09	2.0982536264e-09
1.15808957277e-09	1.50717879843e-09
1.15924419846e-09	9.58297635689e-10
1.16039882416e-09	6.38767268246e-10
1.16155344986e-09	6.51740272861e-10
1.16270807555e-09	9.814960511e-10
1.16386270125e-09	1.50503695617e-09
1.16501732694e-09	2.0417378066e-09
1.16617195264e-09	2.41983230675e-09
1.16732657833e-09	2.53619383828e-09
1.16848120403e-09	2.38615588399e-09
1.16963582973e-09	2.05348354987e-09
1.17079045542e-09	1.66864583262e-09
1.17194508112e-09	1.35217832764e-09
1.17309970681e-09	1.17016962786e-09
1.17425433251e-09	1.11662126767e-09
1.1754089582e-09	1.13022412263e-09
1.1765635839e-09	1.13645941269e-09
1.1777182096e-09	1.09131116643e-09
1.17887283529e-09	1.00949158754e-09
1.18002746099e-09	9.60470980527e-10
1.18118208668e-09	1.03420380593e-09
1.18233671238e-09	1.29405935967e-09
1.18349133807e-09	1.73484597521e-09
1.18464596377e-09	2.26909296908e-09
1.18580058947e-09	2.748643535e-09
1.18695521516e-09	3.01505592715e-09
1.18810984086e-09	2.95950117191e-09
1.18926446655e-09	2.56899301831e-09
1.19041909225e-09	1.93915028479e-09
1.19157371794e-09	1.2480077527e-09
1.19272834364e-09	6.96625382379e-10
1.19388296933e-09	4.40052036477e-10
1.19503759503e-09	5.33629369859e-10
1.19619222073e-09	9.13831565974e-10
1.19734684642e-09	1.42178814555e-09
1.19850147212e-09	1.86365049781e-09
1.19965609781e-09	2.0821872837e-09
1.20081072351e-09	2.01362782004e-09
1.2019653492e-09	1.70881453432e-09
1.2031199749e-09	1.30999969206e-09
1.2042746006e-09	9.92005685929e-10
1.20542922629e-09	8.93538555646e-10
1.20658385199e-09	1.06341678519e-09
1.20773847768e-09	1.44429844473e-09
1.20889310338e-09	1.89815631269e-09
1.21004772907e-09	2.2618386053e-09
1.21120235477e-09	2.40939299068e-09
1.21235698047e-09	2.29740648727e-09
1.21351160616e-09	1.97548472025e-09
1.21466623186e-09	1.56044670241e-09
1.21582085755e-09	1.18724155507e-09
1.21697548325e-09	9.56354939685e-10
1.21813010894e-09	8.99386419506e-10
1.21928473464e-09	9.75980352091e-10
1.22043936034e-09	1.10222146688e-09
1.22159398603e-09	1.19476571692e-09
1.22274861173e-09	1.21232845984e-09
1.22390323742e-09	1.1758957974e-09
1.22505786312e-09	1.1556019891e-09
1.22621248881e-09	1.23233502569e-09
1.22736711451e-09	1.45133448315e-09
1.22852174021e-09	1.7886005732e-09
1.2296763659e-09	2.14962458944e-09
1.2308309916e-09	2.40017589137e-09
1.23198561729e-09	2.41911610188e-09
1.23314024299e-09	2.15118087232e-09
1.23429486868e-09	1.63694852118e-09
1.23544949438e-09	1.00661402824e-09
1.23660412008e-09	4.40460740797e-10
1.23775874577e-09	1.08440285397e-10
1.23891337147e-09	1.11512681034e-10
1.24006799716e-09	4.4772014568e-10
1.24122262286e-09	1.01305504263e-09
1.24237724855e-09	1.63770558226e-09
1.24353187425e-09	2.14473758198e-09
1.24468649994e-09	2.40703657006e-09
1.24584112564e-09	2.38560249333e-09
1.24699575134e-09	2.13254247594e-09
1.24815037703e-09	1.76239885186e-09
1.24930500273e-09	1.40537817495e-09
1.25045962842e-09	1.15957092539e-09
1.25161425412e-09	1.0618087104e-09
1.25276887981e-09	1.08619030437e-09
1.25392350551e-09	1.16514507764e-09
1.25507813121e-09	1.22496249255e-09
1.2562327569e-09	1.21742749215e-09
1.2573873826e-09	1.13761422504e-09
1.25854200829e-09	1.02135799818e-09
1.25969663399e-09	9.2503078114e-10
1.26085125968e-09	8.97868834837e-10
1.26200588538e-09	9.59080106999e-10
1.26316051108e-09	1.08922146302e-09
1.26431513677e-09	1.24006861724e-09
1.26546976247e-09	1.35795974465e-09
1.26662438816e-09	1.4097374379e-09
1.26777901386e-09	1.39903452712e-09
1.26893363955e-09	1.36458412625e-09
1.27008826525e-09	1.36170073828e-09
1.27124289095e-09	1.43428943722e-09
1.27239751664e-09	1.59046932569e-09
1.27355214234e-09	1.79266577971e-09
1.27470676803e-09	1.96735613911e-09
1.27586139373e-09	2.03069785987e-09
1.27701601942e-09	1.92044713465e-09
1.27817064512e-09	1.62257102199e-09
1.27932527082e-09	1.18291296203e-09
1.28047989651e-09	6.97461408072e-10
1.28163452221e-09	2.85002424438e-10
1.2827891479e-09	5.18157879884e-11
1.2839437736e-09	5.81039439652e-11
1.28509839929e-09	2.99344594251e-10
1.28625302499e-09	7.095683624e-10
1.28740765069e-09	1.18265695848e-09
1.28856227638e-09	1.60701163487e-09
1.28971690208e-09	1.89755591795e-09
1.29087152777e-09	2.01610581008e-09
1.29202615347e-09	1.97568303384e-09
1.29318077916e-09	1.8262500262e-09
1.29433540486e-09	1.63184107893e-09
1.29549003055e-09	1.44824499615e-09
1.29664465625e-09	1.30654803643e-09
1.29779928195e-09	1.21037120604e-09
1.29895390764e-09	1.14314577249e-09
1.30010853334e-09	1.08251929642e-09
1.30126315903e-09	1.01465698343e-09
1.30241778473e-09	9.41558213341e-10
1.30357241042e-09	8.79692818589e-10
1.30472703612e-09	8.51289830295e-10
1.30588166182e-09	8.70472985359e-10
1.30703628751e-09	9.34569727162e-10
1.30819091321e-09	1.02353475695e-09
1.3093455389e-09	1.1066801503e-09
1.3105001646e-09	1.1572680314e-09
1.31165479029e-09	1.16474514755e-09
1.31280941599e-09	1.14042743304e-09
1.31396404169e-09	1.11390840996e-09
1.31511866738e-09	1.1186184895e-09
1.31627329308e-09	1.17619231021e-09
1.31742791877e-09	1.28348012773e-09
1.31858254447e-09	1.40938204163e-09
1.31973717016e-09	1.5043519902e-09
1.32089179586e-09	1.51897200373e-09
1.32204642156e-09	1.42496021927e-09
1.32320104725e-09	1.23015674036e-09
1.32435567295e-09	9.79641326393e-10
1.32551029864e-09	7.4313300652e-10
1.32666492434e-09	5.91455370791e-10
1.32781955003e-09	5.70755470664e-10
1.32897417573e-09	6.86595100219e-10
1.33012880143e-09	9.01348704008e-10
1.33128342712e-09	1.1476586903e-09
1.33243805282e-09	1.35222560926e-09
1.33359267851e-09	1.46013681701e-09
1.33474730421e-09	1.45103788707e-09
1.3359019299e-09	1.34145985986e-09
1.3370565556e-09	1.17437730374e-09
1.3382111813e-09	1.00155735094e-09
1.33936580699e-09	8.64890964403e-10
1.34052043269e-09	7.85702065909e-10
1.34167505838e-09	7.64689936372e-10
1.34282968408e-09	7.8946692933e-10
1.34398430977e-09	8.45619192724e-10
1.34513893547e-09	9.247823618e-10
1.34629356116e-09	1.02505605393e-09
1.34744818686e-09	1.14598409928e-09
1.34860281256e-09	1.27818390594e-09
1.34975743825e-09	1.39872755045e-09
1.35091206395e-09	1.47349350776e-09
1.35206668964e-09	1.46686961189e-09
1.35322131534e-09	1.35753275288e-09
1.35437594103e-09	1.15204125406e-09
1.35553056673e-09	8.89160432782e-10
1.35668519243e-09	6.32507018983e-10
1.35783981812e-09	4.52372597715e-10
1.35899444382e-09	4.02367385938e-10
1.36014906951e-09	5.00993010966e-10
1.36130369521e-09	7.22248670593e-10
1.3624583209e-09	1.00424259186e-09
1.3636129466e-09	1.26861413041e-09
1.3647675723e-09	1.44565870386e-09
1.36592219799e-09	1.49655333959e-09
1.36707682369e-09	1.42332290398e-09
1.36823144938e-09	1.2646070302e-09
1.36938607508e-09	1.07872018262e-09
1.37054070077e-09	9.21164235168e-10
1.37169532647e-09	8.27502955048e-10
1.37284995217e-09	8.04074723471e-10
1.37400457786e-09	8.31330559947e-10
1.37515920356e-09	8.77610643879e-10
1.37631382925e-09	9.14146688902e-10
1.37746845495e-09	9.26953944158e-10
1.37862308064e-09	9.20491981249e-10
1.37977770634e-09	9.11235385759e-10
1.38093233204e-09	9.16943437845e-10
1.38208695773e-09	9.44575445638e-10
1.38324158343e-09	9.85301215617e-10
1.38439620912e-09	1.0186339966e-09
1.38555083482e-09	1.02256789147e-09
1.38670546051e-09	9.86455153673e-10
1.38786008621e-09	9.20330103793e-10
1.38901471191e-09	8.53237196174e-10
1.3901693376e-09	8.22671278322e-10
1.3913239633e-09	8.57959273071e-10
1.39247858899e-09	9.64727339681e-10
1.39363321469e-09	1.11845908923e-09
1.39478784038e-09	1.26865119798e-09
1.39594246608e-09	1.35598003659e-09
1.39709709177e-09	1.33439963246e-09
1.39825171747e-09	1.18952352135e-09
1.39940634317e-09	9.47858611045e-10
1.40056096886e-09	6.70842138784e-10
1.40171559456e-09	4.36161724793e-10
1.40287022025e-09	3.12169970429e-10
1.40402484595e-09	3.34707966204e-10
1.40517947164e-09	4.95130082767e-10
1.40633409734e-09	7.44431891131e-10
1.40748872304e-09	1.0096901093e-09
1.40864334873e-09	1.21985918589e-09
1.40979797443e-09	1.32851195322e-09
1.41095260012e-09	1.32580943446e-09
