% time-domain voltage integration by openEMS v0.37.0-rc1-2-g7b051bb @Fri Aug  7 00:11:09 2026
% start-coordinates: (0.00319011,0.00446903,-0.000762) m -> [103,129,14]
% stop-coordinates: (0.00345603,0.00446903,-0.000762) m -> [109,129,14]
% t/s	voltage
0	0
1.20393341339e-12	0
2.40786682678e-12	0
3.61180024017e-12	0
4.81573365356e-12	0
6.01966706696e-12	0
7.22360048035e-12	0
8.42753389374e-12	0
9.63146730713e-12	0
1.08354007205e-11	0
1.20393341339e-11	0
1.32432675473e-11	0
1.44472009607e-11	0
1.56511343741e-11	0
1.68550677875e-11	0
1.80590012009e-11	0
1.92629346143e-11	0
2.04668680276e-11	0
2.1670801441e-11	0
2.28747348544e-11	0
2.40786682678e-11	0
2.52826016812e-11	0
2.64865350946e-11	0
2.7690468508e-11	0
2.88944019214e-11	0
3.00983353348e-11	0
3.13022687482e-11	0
3.25062021616e-11	0
3.37101355749e-11	0
3.49140689883e-11	0
3.61180024017e-11	0
3.73219358151e-11	0
3.85258692285e-11	0
3.97298026419e-11	0
4.09337360553e-11	0
4.21376694687e-11	0
4.33416028821e-11	0
4.45455362955e-11	0
4.57494697089e-11	0
4.69534031223e-11	0
4.81573365356e-11	0
4.9361269949e-11	0
5.05652033624e-11	0
5.17691367758e-11	0
5.29730701892e-11	0
5.41770036026e-11	0
5.5380937016e-11	0
5.65848704294e-11	0
5.77888038428e-11	0
5.89927372562e-11	0
6.01966706696e-11	0
6.14006040829e-11	0
6.26045374963e-11	0
6.38084709097e-11	0
6.50124043231e-11	0
6.62163377365e-11	0
6.74202711499e-11	0
6.86242045633e-11	0
6.98281379767e-11	0
7.10320713901e-11	0
7.22360048035e-11	0
7.34399382169e-11	0
7.46438716302e-11	0
7.58478050436e-11	0
7.7051738457e-11	0
7.82556718704e-11	0
7.94596052838e-11	0
8.06635386972e-11	0
8.18674721106e-11	0
8.3071405524e-11	0
8.42753389374e-11	0
8.54792723508e-11	0
8.66832057642e-11	2.605777721e-37
8.78871391775e-11	4.22856461703e-34
8.90910725909e-11	1.93883492545e-32
9.02950060043e-11	6.75444373094e-31
9.14989394177e-11	1.80724635474e-29
9.27028728311e-11	3.46836838723e-28
9.39068062445e-11	3.59773132613e-27
9.51107396579e-11	-3.543973756e-26
9.63146730713e-11	-2.63983242358e-24
9.75186064847e-11	-6.95507334467e-23
9.87225398981e-11	-1.24768790368e-21
9.99264733115e-11	-1.69938679034e-20
1.01130406725e-10	-1.82128905153e-19
1.02334340138e-10	-1.55219205052e-18
1.03538273552e-10	-1.04526664664e-17
1.04742206965e-10	-5.39308632028e-17
1.05946140378e-10	-1.92890644088e-16
1.07150073792e-10	-2.67049329878e-16
1.08354007205e-10	2.17389941828e-15
1.09557940619e-10	2.12769966847e-14
1.10761874032e-10	1.12108417235e-13
1.11965807445e-10	4.32177453275e-13
1.13169740859e-10	1.30945643597e-12
1.14373674272e-10	3.17135217826e-12
1.15577607686e-10	5.97698594177e-12
1.16781541099e-10	7.53759012671e-12
1.17985474512e-10	-1.04045027802e-13
1.19189407926e-10	-3.69418783758e-11
1.20393341339e-10	-1.43287265733e-10
1.21597274752e-10	-3.85769773764e-10
1.22801208166e-10	-8.51367018551e-10
1.24005141579e-10	-1.61569413404e-09
1.25209074993e-10	-2.6717964785e-09
1.26413008406e-10	-3.8111669376e-09
1.27616941819e-10	-4.46533754417e-09
1.28820875233e-10	-3.55434992549e-09
1.30024808646e-10	5.55130580393e-10
1.3122874206e-10	9.83367764995e-09
1.32432675473e-10	2.59740302599e-08
1.33636608886e-10	4.93310481353e-08
1.348405423e-10	7.75680302212e-08
1.36044475713e-10	1.04434185744e-07
1.37248409127e-10	1.19354371719e-07
1.3845234254e-10	1.08591767578e-07
1.39656275953e-10	5.84729447084e-08
1.40860209367e-10	-3.95331487546e-08
1.4206414278e-10	-1.83067568216e-07
1.43268076194e-10	-3.54526960678e-07
1.44472009607e-10	-5.20454086939e-07
1.4567594302e-10	-6.36361484396e-07
1.46879876434e-10	-6.57033602636e-07
1.48083809847e-10	-5.50159157342e-07
1.4928774326e-10	-3.09226052764e-07
1.50491676674e-10	3.90898526881e-08
1.51695610087e-10	4.3669863814e-07
1.52899543501e-10	8.05898970668e-07
1.54103476914e-10	1.06855017634e-06
1.55307410327e-10	1.16707265363e-06
1.56511343741e-10	1.08065312077e-06
1.57715277154e-10	8.31321500527e-07
1.58919210568e-10	4.77846217706e-07
1.60123143981e-10	9.93915172387e-08
1.61327077394e-10	-2.25848546975e-07
1.62531010808e-10	-4.40431211501e-07
1.63734944221e-10	-5.201153499e-07
1.64938877635e-10	-4.75858808358e-07
1.66142811048e-10	-3.45689645798e-07
1.67346744461e-10	-1.79907281961e-07
1.68550677875e-10	-2.48718108331e-08
1.69754611288e-10	8.93182798833e-08
1.70958544702e-10	1.53699417638e-07
1.72162478115e-10	1.77135458301e-07
1.73366411528e-10	1.77087917663e-07
1.74570344942e-10	1.68730091232e-07
1.75774278355e-10	1.56909621296e-07
1.76978211768e-10	1.33993331985e-07
1.78182145182e-10	8.40782004019e-08
1.79386078595e-10	-8.51209269737e-09
1.80590012009e-10	-1.50040845526e-07
1.81793945422e-10	-3.31097044892e-07
1.82997878835e-10	-5.25694296982e-07
1.84201812249e-10	-6.96232923758e-07
1.85405745662e-10	-8.0296909033e-07
1.86609679076e-10	-8.15295884138e-07
1.87813612489e-10	-7.21509010759e-07
1.89017545902e-10	-5.34010425213e-07
1.90221479316e-10	-2.88042041774e-07
1.91425412729e-10	-3.38056780347e-08
1.92629346143e-10	1.76176920164e-07
1.93833279556e-10	3.00981415791e-07
1.95037212969e-10	3.22276083153e-07
1.96241146383e-10	2.48847165096e-07
1.97445079796e-10	1.13102103683e-07
1.9864901321e-10	-3.93889703076e-08
1.99852946623e-10	-1.6393707547e-07
2.01056880036e-10	-2.29771890403e-07
2.0226081345e-10	-2.27868440561e-07
2.03464746863e-10	-1.71195662091e-07
2.04668680276e-10	-8.76823227358e-08
2.0587261369e-10	-8.77176115077e-09
2.07076547103e-10	4.21073473866e-08
2.08280480517e-10	5.70137999034e-08
2.0948441393e-10	4.45312826614e-08
2.10688347343e-10	2.45095173046e-08
2.11892280757e-10	1.89922398919e-08
2.1309621417e-10	4.30131028573e-08
2.14300147584e-10	9.8681014471e-08
2.15504080997e-10	1.74435223599e-07
2.1670801441e-10	2.49302051003e-07
2.17911947824e-10	3.00403332432e-07
2.19115881237e-10	3.11030941447e-07
2.20319814651e-10	2.76400381694e-07
2.21523748064e-10	2.05113305896e-07
2.22727681477e-10	1.15863100447e-07
2.23931614891e-10	3.0609959456e-08
2.25135548304e-10	-3.32144147741e-08
2.26339481718e-10	-6.84053054201e-08
2.27543415131e-10	-7.92403955785e-08
2.28747348544e-10	-7.78884112762e-08
2.29951281958e-10	-7.77999016321e-08
2.31155215371e-10	-8.72239258598e-08
2.32359148784e-10	-1.0579297971e-07
2.33563082198e-10	-1.25485406954e-07
2.34767015611e-10	-1.35138847668e-07
2.35970949025e-10	-1.26127002176e-07
2.37174882438e-10	-9.65092423755e-08
2.38378815851e-10	-5.198270836e-08
2.39582749265e-10	-3.62532276421e-09
2.40786682678e-10	3.63196517306e-08
2.41990616092e-10	5.87880908398e-08
2.43194549505e-10	6.08525621004e-08
2.44398482918e-10	4.64139353618e-08
2.45602416332e-10	2.44031932439e-08
2.46806349745e-10	5.19241949437e-09
2.48010283159e-10	-3.44339685238e-09
2.49214216572e-10	6.98030591662e-10
2.50418149985e-10	1.3580650382e-08
2.51622083399e-10	2.70579871842e-08
2.52826016812e-10	3.30435838691e-08
2.54029950226e-10	2.78103646778e-08
2.55233883639e-10	1.42590848018e-08
2.56437817052e-10	9.55142354098e-10
2.57641750466e-10	-1.7051900586e-09
2.58845683879e-10	1.3603379978e-08
2.60049617292e-10	4.75430805835e-08
2.61253550706e-10	9.36820336861e-08
2.62457484119e-10	1.41395078757e-07
2.63661417533e-10	1.80544192929e-07
2.64865350946e-10	2.05497373784e-07
2.66069284359e-10	2.16325679148e-07
2.67273217773e-10	2.16516081508e-07
2.68477151186e-10	2.08565451132e-07
2.696810846e-10	1.90052373839e-07
2.70885018013e-10	1.52836189926e-07
2.72088951426e-10	8.65269607075e-08
2.7329288484e-10	-1.48850719528e-08
2.74496818253e-10	-1.46337946205e-07
2.75700751667e-10	-2.88658991821e-07
2.7690468508e-10	-4.11322449878e-07
2.78108618493e-10	-4.8073570369e-07
2.79312551907e-10	-4.71415134484e-07
2.8051648532e-10	-3.75933780106e-07
2.81720418734e-10	-2.09798191264e-07
2.82924352147e-10	-9.13129283298e-09
2.8412828556e-10	1.78338984469e-07
2.85332218974e-10	3.06478057155e-07
2.86536152387e-10	3.4418878414e-07
2.877400858e-10	2.84726500155e-07
2.88944019214e-10	1.47858203903e-07
2.90147952627e-10	-2.60212515979e-08
2.91351886041e-10	-1.87990710998e-07
2.92555819454e-10	-2.94972405612e-07
2.93759752867e-10	-3.21723351959e-07
2.94963686281e-10	-2.66712795849e-07
2.96167619694e-10	-1.50656591202e-07
2.97371553108e-10	-8.93320506457e-09
2.98575486521e-10	1.19216156946e-07
2.99779419934e-10	2.01304850123e-07
3.00983353348e-10	2.19382858546e-07
3.02187286761e-10	1.73450008134e-07
3.03391220175e-10	8.02492845509e-08
3.04595153588e-10	-3.2048007359e-08
3.05799087001e-10	-1.31900108613e-07
3.07003020415e-10	-1.92983794278e-07
3.08206953828e-10	-2.01119576104e-07
3.09410887242e-10	-1.5756886107e-07
3.10614820655e-10	-7.77541089292e-08
3.11818754068e-10	1.4023475936e-08
3.13022687482e-10	9.20592526654e-08
3.14226620895e-10	1.36428232267e-07
3.15430554308e-10	1.37767244723e-07
3.16634487722e-10	9.86184245377e-08
3.17838421135e-10	3.14580792526e-08
3.19042354549e-10	-4.55190609649e-08
3.20246287962e-10	-1.13304007954e-07
3.21450221375e-10	-1.56336216861e-07
3.22654154789e-10	-1.65381742079e-07
3.23858088202e-10	-1.38712033859e-07
3.25062021616e-10	-8.17798335717e-08
3.26265955029e-10	-5.6721896069e-09
3.27469888442e-10	7.53816316035e-08
3.28673821856e-10	1.46914235444e-07
3.29877755269e-10	1.97101735822e-07
3.31081688683e-10	2.18895177539e-07
3.32285622096e-10	2.10921903943e-07
3.33489555509e-10	1.77043800065e-07
3.34693488923e-10	1.24796217804e-07
3.35897422336e-10	6.34957775247e-08
3.37101355749e-10	2.61348787056e-09
3.38305289163e-10	-4.92956617748e-08
3.39509222576e-10	-8.52782715555e-08
3.4071315599e-10	-1.00668680503e-07
3.41917089403e-10	-9.38805069239e-08
3.43121022816e-10	-6.73763134174e-08
3.4432495623e-10	-2.80492535865e-08
3.45528889643e-10	1.36315925214e-08
3.46732823057e-10	4.57728837056e-08
3.4793675647e-10	5.83395998177e-08
3.49140689883e-10	4.65096916535e-08
3.50344623297e-10	1.30003321441e-08
3.5154855671e-10	-3.18446762293e-08
3.52752490124e-10	-7.27822202506e-08
3.53956423537e-10	-9.43513898122e-08
3.5516035695e-10	-8.63061631051e-08
3.56364290364e-10	-4.77765151885e-08
3.57568223777e-10	1.1633349728e-08
3.58772157191e-10	7.44034736044e-08
3.59976090604e-10	1.20711645124e-07
3.61180024017e-10	1.34952735209e-07
3.62383957431e-10	1.110012251e-07
3.63587890844e-10	5.43343228188e-08
3.64791824257e-10	-1.96867770974e-08
3.65995757671e-10	-9.03954626708e-08
3.67199691084e-10	-1.37787569798e-07
3.68403624498e-10	-1.4795106118e-07
3.69607557911e-10	-1.1649935594e-07
3.70811491324e-10	-4.93970704341e-08
3.72015424738e-10	3.88968750542e-08
3.73219358151e-10	1.29178022945e-07
3.74423291565e-10	2.02184056164e-07
3.75627224978e-10	2.43042247661e-07
3.76831158391e-10	2.44426079377e-07
3.78035091805e-10	2.07791849505e-07
3.79239025218e-10	1.42436112682e-07
3.80442958632e-10	6.28032186256e-08
3.81646892045e-10	-1.51474091048e-08
3.82850825458e-10	-7.75687425403e-08
3.84054758872e-10	-1.15511169518e-07
3.85258692285e-10	-1.26286000324e-07
3.86462625699e-10	-1.13162037074e-07
3.87666559112e-10	-8.37335063508e-08
3.88870492525e-10	-4.74341765866e-08
3.90074425939e-10	-1.29825443729e-08
3.91278359352e-10	1.35193802819e-08
3.92482292765e-10	2.9397953405e-08
3.93686226179e-10	3.50044295772e-08
3.94890159592e-10	3.25574407434e-08
3.96094093006e-10	2.48129574665e-08
3.97298026419e-10	1.4161894879e-08
3.98501959832e-10	2.35695299389e-09
3.99705893246e-10	-9.34936905672e-09
4.00909826659e-10	-1.99076297669e-08
4.02113760073e-10	-2.84353904867e-08
4.03317693486e-10	-3.43775323763e-08
4.04521626899e-10	-3.76724766937e-08
4.05725560313e-10	-3.87289569304e-08
4.06929493726e-10	-3.80899898289e-08
4.0813342714e-10	-3.6062683062e-08
4.09337360553e-10	-3.23947486613e-08
4.10541293966e-10	-2.62863502076e-08
4.1174522738e-10	-1.68527121147e-08
4.12949160793e-10	-3.66452462819e-09
4.14153094207e-10	1.26527512911e-08
4.1535702762e-10	3.00861047187e-08
4.16560961033e-10	4.53611339601e-08
4.17764894447e-10	5.455043528e-08
4.1896882786e-10	5.42726295016e-08
4.20172761273e-10	4.30099942328e-08
4.21376694687e-10	2.21959266522e-08
4.225806281e-10	-3.51511367236e-09
4.23784561514e-10	-2.72717639582e-08
4.24988494927e-10	-4.19752796965e-08
4.2619242834e-10	-4.26876800574e-08
4.27396361754e-10	-2.84971732878e-08
4.28600295167e-10	-3.04536706963e-09
4.29804228581e-10	2.64760038338e-08
4.31008161994e-10	5.16361979841e-08
4.32212095407e-10	6.53579856902e-08
4.33416028821e-10	6.39600212793e-08
4.34619962234e-10	4.8012605891e-08
4.35823895648e-10	2.1826042973e-08
4.37027829061e-10	-8.00306543258e-09
4.38231762474e-10	-3.45797923629e-08
4.39435695888e-10	-5.25376000482e-08
4.40639629301e-10	-5.92086744078e-08
4.41843562715e-10	-5.49782246395e-08
4.43047496128e-10	-4.2783664167e-08
4.44251429541e-10	-2.70652737999e-08
4.45455362955e-10	-1.24413226388e-08
4.46659296368e-10	-2.57169130435e-09
4.47863229781e-10	5.23148614706e-10
4.49067163195e-10	-3.34714442274e-09
4.50271096608e-10	-1.27767323388e-08
4.51475030022e-10	-2.52317442495e-08
4.52678963435e-10	-3.75878106418e-08
4.53882896848e-10	-4.67268983506e-08
4.55086830262e-10	-5.02157582183e-08
4.56290763675e-10	-4.69879042342e-08
4.57494697089e-10	-3.77696580678e-08
4.58698630502e-10	-2.50278633374e-08
4.59902563915e-10	-1.22575007921e-08
4.61106497329e-10	-2.76149395018e-09
4.62310430742e-10	1.61993003733e-09
4.63514364156e-10	1.23275309405e-09
4.64718297569e-10	-1.59978619241e-09
4.65922230982e-10	-3.62521757058e-09
4.67126164396e-10	-2.14268355836e-09
4.68330097809e-10	3.83618223299e-09
4.69534031223e-10	1.32387385499e-08
4.70737964636e-10	2.34177934821e-08
4.71941898049e-10	3.12417265391e-08
4.73145831463e-10	3.41904500267e-08
4.74349764876e-10	3.11107286599e-08
4.75553698289e-10	2.24330027887e-08
4.76757631703e-10	9.9122555719e-09
4.77961565116e-10	-3.7935038999e-09
4.7916549853e-10	-1.56846620136e-08
4.80369431943e-10	-2.30124539424e-08
4.81573365356e-10	-2.38950506048e-08
4.8277729877e-10	-1.7923596829e-08
4.83981232183e-10	-6.47537434784e-09
4.85185165597e-10	7.38601513284e-09
4.8638909901e-10	1.95796365787e-08
4.87593032423e-10	2.61324011319e-08
4.88796965837e-10	2.43800000188e-08
4.9000089925e-10	1.39152896983e-08
4.91204832664e-10	-3.14724016293e-09
4.92408766077e-10	-2.26619143451e-08
4.9361269949e-10	-3.95342945048e-08
4.94816632904e-10	-4.9085858489e-08
4.96020566317e-10	-4.82726472129e-08
4.97224499731e-10	-3.65051242568e-08
4.98428433144e-10	-1.58777531123e-08
4.99632366557e-10	9.24155318938e-09
5.00836299971e-10	3.31116365437e-08
5.02040233384e-10	4.98991457043e-08
5.03244166797e-10	5.50600156579e-08
5.04448100211e-10	4.65307397057e-08
5.05652033624e-10	2.545120803e-08
5.06855967038e-10	-3.88890880609e-09
5.08059900451e-10	-3.4915192515e-08
5.09263833864e-10	-6.0300033411e-08
5.10467767278e-10	-7.38298711056e-08
5.11671700691e-10	-7.20234103468e-08
5.12875634105e-10	-5.51172774088e-08
5.14079567518e-10	-2.70780955436e-08
5.15283500931e-10	5.37623617847e-09
5.16487434345e-10	3.44675670227e-08
5.17691367758e-10	5.33976445283e-08
5.18895301172e-10	5.80994083954e-08
5.20099234585e-10	4.82462572116e-08
5.21303167998e-10	2.72554274705e-08
5.22507101412e-10	1.16253245919e-09
5.23711034825e-10	-2.32228465347e-08
5.24914968239e-10	-4.03468587429e-08
5.26118901652e-10	-4.74424748376e-08
5.27322835065e-10	-4.50370816196e-08
5.28526768479e-10	-3.63625352051e-08
5.29730701892e-10	-2.58542727227e-08
5.30934635305e-10	-1.74188166113e-08
5.32138568719e-10	-1.3084888062e-08
5.33342502132e-10	-1.24860533024e-08
5.34546435546e-10	-1.33504981514e-08
5.35750368959e-10	-1.26631195529e-08
5.36954302372e-10	-8.06131150721e-09
5.38158235786e-10	1.11310694689e-09
5.39362169199e-10	1.34463099544e-08
5.40566102613e-10	2.58805121778e-08
5.41770036026e-10	3.4810977656e-08
5.42973969439e-10	3.73679127641e-08
5.44177902853e-10	3.24677524866e-08
5.45381836266e-10	2.12005220046e-08
5.4658576968e-10	6.43660524879e-09
5.47789703093e-10	-8.14698275509e-09
5.48993636506e-10	-1.92675191357e-08
5.5019756992e-10	-2.49709235511e-08
5.51401503333e-10	-2.50161253934e-08
5.52605436746e-10	-2.05876393711e-08
5.5380937016e-10	-1.35687555636e-08
5.55013303573e-10	-5.74760000704e-09
5.56217236987e-10	1.76437786603e-09
5.574211704e-10	8.62993976281e-09
5.58625103813e-10	1.49811605343e-08
5.59829037227e-10	2.08987496197e-08
5.6103297064e-10	2.59652708223e-08
5.62236904054e-10	2.91511021988e-08
5.63440837467e-10	2.90775010736e-08
5.6464477088e-10	2.46574449747e-08
5.65848704294e-10	1.57765851494e-08
5.67052637707e-10	3.71903119412e-09
5.68256571121e-10	-8.85979689613e-09
5.69460504534e-10	-1.85513908679e-08
5.70664437947e-10	-2.21885669838e-08
5.71868371361e-10	-1.79621084673e-08
5.73072304774e-10	-6.19787288159e-09
5.74276238188e-10	1.04905026888e-08
5.75480171601e-10	2.7739055497e-08
5.76684105014e-10	4.0643007182e-08
5.77888038428e-10	4.52016237773e-08
5.79091971841e-10	3.96167405547e-08
5.80295905254e-10	2.5006615445e-08
5.81499838668e-10	5.2230126335e-09
5.82703772081e-10	-1.41882462446e-08
5.83907705495e-10	-2.76780218744e-08
5.85111638908e-10	-3.14169170679e-08
5.86315572321e-10	-2.45257143483e-08
5.87519505735e-10	-9.37975375148e-09
5.88723439148e-10	9.2192183887e-09
5.89927372562e-10	2.56305148216e-08
5.91131305975e-10	3.52209776899e-08
5.92335239388e-10	3.57688181296e-08
5.93539172802e-10	2.79703906703e-08
5.94743106215e-10	1.49618870626e-08
5.95947039629e-10	1.04665537348e-09
5.97150973042e-10	-9.7764449869e-09
5.98354906455e-10	-1.50429879664e-08
5.99558839869e-10	-1.44044162154e-08
6.00762773282e-10	-9.42194822162e-09
6.01966706696e-10	-2.77637488e-09
6.03170640109e-10	2.82913567573e-09
6.04374573522e-10	5.62195240361e-09
6.05578506936e-10	5.27631499603e-09
6.06782440349e-10	2.84298726227e-09
6.07986373762e-10	1.26060759054e-10
6.09190307176e-10	-1.19080180438e-09
6.10394240589e-10	-3.24008063435e-10
6.11598174003e-10	2.26986351937e-09
6.12802107416e-10	5.126326863e-09
6.14006040829e-10	6.46670039739e-09
6.15209974243e-10	5.07757397239e-09
6.16413907656e-10	9.63419399813e-10
6.1761784107e-10	-4.4980353886e-09
6.18821774483e-10	-9.01135099873e-09
6.20025707896e-10	-1.02609684083e-08
6.2122964131e-10	-6.89480383897e-09
6.22433574723e-10	7.84675449617e-10
6.23637508137e-10	1.0772409631e-08
6.2484144155e-10	1.99916099231e-08
6.26045374963e-10	2.53920107163e-08
6.27249308377e-10	2.50966403215e-08
6.2845324179e-10	1.9124675843e-08
6.29657175204e-10	9.39792188515e-09
6.30861108617e-10	-1.01638845951e-09
6.3206504203e-10	-9.05542940632e-09
6.33268975444e-10	-1.27591938126e-08
6.34472908857e-10	-1.18790089987e-08
6.3567684227e-10	-7.76211755982e-09
6.36880775684e-10	-2.64914848391e-09
6.38084709097e-10	1.31928402924e-09
6.39288642511e-10	2.92119559098e-09
6.40492575924e-10	2.21780302456e-09
6.41696509337e-10	3.76224794374e-10
6.42900442751e-10	-9.51332568278e-10
6.44104376164e-10	-3.43476688064e-10
6.45308309578e-10	2.78655326591e-09
6.46512242991e-10	7.93817389599e-09
6.47716176404e-10	1.36974244169e-08
6.48920109818e-10	1.82122477099e-08
6.50124043231e-10	1.98641150195e-08
6.51327976645e-10	1.78524206529e-08
6.52531910058e-10	1.25329321365e-08
6.53735843471e-10	5.37440297821e-09
6.54939776885e-10	-1.51367354762e-09
6.56143710298e-10	-6.07809297337e-09
6.57347643712e-10	-7.03949015746e-09
6.58551577125e-10	-4.34893326906e-09
6.59755510538e-10	7.92830183449e-10
6.60959443952e-10	6.36433578061e-09
6.62163377365e-10	1.02523032286e-08
6.63367310778e-10	1.0972665887e-08
6.64571244192e-10	8.16291390038e-09
6.65775177605e-10	2.67227118211e-09
6.66979111019e-10	-3.76850894934e-09
6.68183044432e-10	-9.15857278905e-09
6.69386977845e-10	-1.18967561358e-08
6.70590911259e-10	-1.12875377933e-08
6.71794844672e-10	-7.72871022736e-09
6.72998778086e-10	-2.51322818112e-09
6.74202711499e-10	2.65244923248e-09
6.75406644912e-10	6.24922436021e-09
6.76610578326e-10	7.44277450782e-09
6.77814511739e-10	6.27897722705e-09
6.79018445153e-10	3.56657711698e-09
6.80222378566e-10	4.90581186785e-10
6.81426311979e-10	-1.84367675293e-09
6.82630245393e-10	-2.77209677435e-09
6.83834178806e-10	-2.2230219332e-09
6.8503811222e-10	-6.22290365071e-10
6.86242045633e-10	1.32495958649e-09
6.87445979046e-10	2.93026353182e-09
6.8864991246e-10	3.74300013206e-09
6.89853845873e-10	3.6574855089e-09
6.91057779286e-10	2.91377913464e-09
6.922617127e-10	1.9348490865e-09
6.93465646113e-10	1.15083179097e-09
6.94669579527e-10	8.05534396131e-10
6.9587351294e-10	8.57759654971e-10
6.97077446353e-10	1.04682928992e-09
6.98281379767e-10	1.03572299348e-09
6.9948531318e-10	6.45933063981e-10
7.00689246594e-10	-2.40409020816e-11
7.01893180007e-10	-6.1021209613e-10
7.0309711342e-10	-6.37147827554e-10
7.04301046834e-10	2.06130269104e-10
7.05504980247e-10	1.89009416451e-09
7.06708913661e-10	3.98209565322e-09
7.07912847074e-10	5.78332676193e-09
7.09116780487e-10	6.6070873217e-09
7.10320713901e-10	6.04243016733e-09
7.11524647314e-10	4.15203710302e-09
7.12728580728e-10	1.46280083879e-09
7.13932514141e-10	-1.1949529144e-09
7.15136447554e-10	-2.9671453905e-09
7.16340380968e-10	-3.26510646298e-09
7.17544314381e-10	-1.93799112869e-09
7.18748247794e-10	6.7264115805e-10
7.19952181208e-10	3.85544046688e-09
7.21156114621e-10	6.73292205322e-09
7.22360048035e-10	8.50769288352e-09
7.23563981448e-10	8.67270188998e-09
7.24767914861e-10	7.11215175642e-09
7.25971848275e-10	4.13262973842e-09
7.27175781688e-10	3.64407531928e-10
7.28379715102e-10	-3.38127700839e-09
7.29583648515e-10	-6.29268726016e-09
7.30787581928e-10	-7.73994324188e-09
7.31991515342e-10	-7.39804228989e-09
7.33195448755e-10	-5.33736715935e-09
7.34399382169e-10	-2.0042965343e-09
7.35603315582e-10	1.85731544033e-09
7.36807248995e-10	5.36771160853e-09
7.38011182409e-10	7.73366781726e-09
7.39215115822e-10	8.4402972389e-09
7.40419049236e-10	7.41009736904e-09
7.41622982649e-10	5.01163283095e-09
7.42826916062e-10	1.94150531763e-09
7.44030849476e-10	-1.0060568767e-09
7.45234782889e-10	-3.20533091736e-09
7.46438716302e-10	-4.3568709196e-09
7.47642649716e-10	-4.54447657283e-09
7.48846583129e-10	-4.09980377425e-09
7.50050516543e-10	-3.40069844507e-09
7.51254449956e-10	-2.69902497574e-09
7.52458383369e-10	-2.00883246149e-09
7.53662316783e-10	-1.16639053971e-09
7.54866250196e-10	5.34860645357e-11
7.5607018361e-10	1.77136670609e-09
7.57274117023e-10	3.8863371965e-09
7.58478050436e-10	6.07051270363e-09
7.5968198385e-10	7.8298241224e-09
7.60885917263e-10	8.6744338379e-09
7.62089850677e-10	8.28223722937e-09
7.6329378409e-10	6.63455418382e-09
7.64497717503e-10	4.0754216668e-09
7.65701650917e-10	1.23623748738e-09
7.6690558433e-10	-1.12202738767e-09
7.68109517743e-10	-2.35759270439e-09
7.69313451157e-10	-2.16462470171e-09
7.7051738457e-10	-7.0127999241e-10
7.71721317984e-10	1.43043601963e-09
7.72925251397e-10	3.38413033707e-09
7.7412918481e-10	4.35398944676e-09
7.75333118224e-10	3.8892657428e-09
7.76537051637e-10	2.07591063783e-09
7.77740985051e-10	-4.61616626868e-10
7.78944918464e-10	-2.75983144671e-09
7.80148851877e-10	-3.87111165345e-09
7.81352785291e-10	-3.19744422606e-09
7.82556718704e-10	-7.34847516171e-10
7.83760652118e-10	2.90495830169e-09
7.84964585531e-10	6.69363758865e-09
7.86168518944e-10	9.52329870518e-09
7.87372452358e-10	1.05870637812e-08
7.88576385771e-10	9.63007729116e-09
7.89780319185e-10	7.02086799809e-09
7.90984252598e-10	3.59082727441e-09
7.92188186011e-10	3.24514675548e-10
7.93392119425e-10	-1.97710817162e-09
7.94596052838e-10	-2.9605736751e-09
7.95799986251e-10	-2.77720188513e-09
7.97003919665e-10	-1.9603446505e-09
7.98207853078e-10	-1.16430107222e-09
7.99411786492e-10	-8.80486614174e-10
8.00615719905e-10	-1.25760707403e-09
8.01819653318e-10	-2.05564559819e-09
8.03023586732e-10	-2.78645020946e-09
8.04227520145e-10	-2.93249238781e-09
8.05431453559e-10	-2.18127119145e-09
8.06635386972e-10	-5.8392965463e-10
8.07839320385e-10	1.45691468612e-09
8.09043253799e-10	3.32267072189e-09
8.10247187212e-10	4.42855407901e-09
8.11451120626e-10	4.46886205818e-09
8.12655054039e-10	3.55070334246e-09
8.13858987452e-10	2.16965892474e-09
8.15062920866e-10	9.99887866948e-10
8.16266854279e-10	6.09159431231e-10
8.17470787693e-10	1.19675903909e-09
8.18674721106e-10	2.48487633248e-09
8.19878654519e-10	3.82389642173e-09
8.21082587933e-10	4.45124720416e-09
8.22286521346e-10	3.82451076364e-09
8.23490454759e-10	1.86934701052e-09
8.24694388173e-10	-9.44253446267e-10
8.25898321586e-10	-3.74115363688e-09
8.27102255e-10	-5.53781548396e-09
8.28306188413e-10	-5.58233576031e-09
8.29510121826e-10	-3.6294151573e-09
8.3071405524e-10	-3.44465359015e-11
8.31917988653e-10	4.33629271379e-09
8.33121922067e-10	8.36741098631e-09
8.3432585548e-10	1.10383917562e-08
8.35529788893e-10	1.17207198391e-08
8.36733722307e-10	1.03579483879e-08
8.3793765572e-10	7.4440263953e-09
8.39141589134e-10	3.84237514028e-09
8.40345522547e-10	4.9873948027e-10
8.4154945596e-10	-1.85212148396e-09
8.42753389374e-10	-2.86938070526e-09
8.43957322787e-10	-2.65131716581e-09
8.45161256201e-10	-1.62135745108e-09
8.46365189614e-10	-3.37110409032e-10
8.47569123027e-10	7.15829097386e-10
8.48773056441e-10	1.27837981867e-09
8.49976989854e-10	1.36071055812e-09
8.51180923267e-10	1.20434415218e-09
8.52384856681e-10	1.15383223809e-09
8.53588790094e-10	1.50846685143e-09
8.54792723508e-10	2.39408270986e-09
8.55996656921e-10	3.68742500423e-09
8.57200590334e-10	5.05037894838e-09
8.58404523748e-10	6.03271949062e-09
8.59608457161e-10	6.23997103988e-09
8.60812390575e-10	5.49039441688e-09
8.62016323988e-10	3.89277954316e-09
8.63220257401e-10	1.83820483834e-09
8.64424190815e-10	-1.3422233637e-10
8.65628124228e-10	-1.51153912997e-09
8.66832057642e-10	-1.97539171132e-09
8.68035991055e-10	-1.50580363456e-09
8.69239924468e-10	-3.65787480167e-10
8.70443857882e-10	1.00116000212e-09
8.71647791295e-10	2.14385181829e-09
8.72851724709e-10	2.76147546496e-09
8.74055658122e-10	2.79479098197e-09
8.75259591535e-10	2.42356543168e-09
8.76463524949e-10	1.95675267656e-09
8.77667458362e-10	1.69129948935e-09
8.78871391775e-10	1.77925110756e-09
8.80075325189e-10	2.1749431145e-09
8.81279258602e-10	2.67651478758e-09
8.82483192016e-10	3.03090663678e-09
8.83687125429e-10	3.06223499336e-09
8.84891058842e-10	2.73982062038e-09
8.86094992256e-10	2.18853063449e-09
8.87298925669e-10	1.62427006567e-09
8.88502859083e-10	1.26069761575e-09
8.89706792496e-10	1.24102282617e-09
8.90910725909e-10	1.59326617177e-09
8.92114659323e-10	2.24331667131e-09
8.93318592736e-10	3.03850963834e-09
8.9452252615e-10	3.78294140457e-09
8.95726459563e-10	4.27704993644e-09
8.96930392976e-10	4.34449765052e-09
8.9813432639e-10	3.88437548793e-09
8.99338259803e-10	2.90479640341e-09
9.00542193217e-10	1.54451024192e-09
9.0174612663e-10	5.99530373263e-11
9.02950060043e-10	-1.23847265776e-09
9.04153993457e-10	-2.06333033992e-09
9.0535792687e-10	-2.24447441188e-09
9.06561860283e-10	-1.77427748882e-09
9.07765793697e-10	-8.07567471228e-10
9.0896972711e-10	3.89646061943e-10
9.10173660524e-10	1.53748136444e-09
9.11377593937e-10	2.41879169471e-09
9.1258152735e-10	2.94661706146e-09
9.13785460764e-10	3.16928916444e-09
9.14989394177e-10	3.22312596057e-09
9.16193327591e-10	3.25935683998e-09
9.17397261004e-10	3.35893049486e-09
9.18601194417e-10	3.50050674558e-09
9.19805127831e-10	3.563992379e-09
9.21009061244e-10	3.394114656e-09
9.22212994658e-10	2.88717150188e-09
9.23416928071e-10	2.04037267637e-09
9.24620861484e-10	9.7890717754e-10
9.25824794898e-10	-8.2573546091e-11
9.27028728311e-10	-9.03443875266e-10
9.28232661725e-10	-1.2860359444e-09
9.29436595138e-10	-1.13126942536e-09
9.30640528551e-10	-4.57693424827e-10
9.31844461965e-10	5.90285417768e-10
9.33048395378e-10	1.77381057065e-09
9.34252328791e-10	2.80476725179e-09
9.35456262205e-10	3.41124153924e-09
9.36660195618e-10	3.41766764889e-09
9.37864129032e-10	2.80126508101e-09
9.39068062445e-10	1.71998416898e-09
9.40271995858e-10	4.74164867093e-10
9.41475929272e-10	-5.7574974649e-10
9.42679862685e-10	-1.11921925894e-09
9.43883796099e-10	-9.9932200015e-10
9.45087729512e-10	-2.55329146714e-10
9.46291662925e-10	8.85000704665e-10
9.47495596339e-10	2.08174638638e-09
9.48699529752e-10	2.98494873263e-09
9.49903463166e-10	3.33809699327e-09
9.51107396579e-10	3.05820233026e-09
9.52311329992e-10	2.25208993121e-09
9.53515263406e-10	1.18792407855e-09
9.54719196819e-10	2.03517569117e-10
9.55923130233e-10	-4.0500072393e-10
9.57127063646e-10	-4.78932601911e-10
9.58330997059e-10	-5.43113106571e-11
9.59534930473e-10	6.64229261871e-10
9.60738863886e-10	1.38387644399e-09
9.61942797299e-10	1.84546614101e-09
9.63146730713e-10	1.92200091953e-09
9.64350664126e-10	1.65820482345e-09
9.6555459754e-10	1.24318264016e-09
9.66758530953e-10	9.12984243762e-10
9.67962464366e-10	8.5279558415e-10
9.6916639778e-10	1.11955446302e-09
9.70370331193e-10	1.62250005098e-09
