% time-domain current integration by openEMS v0.37.0-rc1-2-g7b051bb @Sat Aug  8 14:12:33 2026
% start-coordinates: (0.00301429,0.00132482,-0.000762) m -> [104,75,14]
% stop-coordinates: (0.00368026,0.00199078,-0.000762) m -> [115,86,14]
% t/s	current
8.67553647834e-14	0
1.30133047175e-12	0
2.51590557872e-12	0
3.73048068569e-12	0
4.94505579266e-12	0
6.15963089962e-12	0
7.37420600659e-12	0
8.58878111356e-12	0
9.80335622053e-12	0
1.10179313275e-11	0
1.22325064345e-11	0
1.34470815414e-11	0
1.46616566484e-11	0
1.58762317554e-11	0
1.70908068623e-11	0
1.83053819693e-11	0
1.95199570763e-11	0
2.07345321832e-11	0
2.19491072902e-11	0
2.31636823972e-11	0
2.43782575041e-11	0
2.55928326111e-11	0
2.68074077181e-11	0
2.8021982825e-11	0
2.9236557932e-11	0
3.0451133039e-11	0
3.1665708146e-11	0
3.28802832529e-11	0
3.40948583599e-11	0
3.53094334669e-11	-1.69024163383e-36
3.65240085738e-11	-8.37710630819e-34
3.77385836808e-11	-2.21130988011e-31
3.89531587878e-11	-3.70706937834e-29
4.01677338947e-11	-4.06751743504e-27
4.13823090017e-11	-2.99379936539e-25
4.25968841087e-11	-1.5082435173e-23
4.38114592156e-11	-5.28777478494e-22
4.50260343226e-11	-1.3080090704e-20
4.62406094296e-11	-2.3104718397e-19
4.74551845365e-11	-2.94936913593e-18
4.86697596435e-11	-2.76228859192e-17
4.98843347505e-11	-1.94546686144e-16
5.10989098574e-11	-1.07691567744e-15
5.23134849644e-11	-5.02345552512e-15
5.35280600714e-11	-2.12275469012e-14
5.47426351783e-11	-8.30899883402e-14
5.59572102853e-11	-2.89912543841e-13
5.71717853923e-11	-8.54199740455e-13
5.83863604992e-11	-2.02446024354e-12
5.96009356062e-11	-3.56810891597e-12
6.08155107132e-11	-3.36009388716e-12
6.20300858201e-11	5.26012523469e-12
6.32446609271e-11	3.71074282413e-11
6.44592360341e-11	1.18303186691e-10
6.56738111411e-11	2.85800161315e-10
6.6888386248e-11	5.78070924462e-10
6.8102961355e-11	1.0104865833e-09
6.9317536462e-11	1.53073964615e-09
7.05321115689e-11	1.95702587469e-09
7.17466866759e-11	1.91675986194e-09
7.29612617829e-11	8.23555057483e-10
7.41758368898e-11	-2.05516781371e-09
7.53904119968e-11	-7.39180894271e-09
7.66049871038e-11	-1.54448809297e-08
7.78195622107e-11	-2.56267291832e-08
7.90341373177e-11	-3.61536756088e-08
8.02487124247e-11	-4.40058514073e-08
8.14632875316e-11	-4.53984192461e-08
8.26778626386e-11	-3.68101424897e-08
8.38924377456e-11	-1.63609747972e-08
8.51070128525e-11	1.49368428737e-08
8.63215879595e-11	5.26429353442e-08
8.75361630665e-11	8.95091218922e-08
8.87507381734e-11	1.17282567658e-07
8.99653132804e-11	1.29169919205e-07
9.11798883874e-11	1.22050920481e-07
9.23944634943e-11	9.75063016995e-08
9.36090386013e-11	6.11902066794e-08
9.48236137083e-11	2.08090913389e-08
9.60381888153e-11	-1.63770117467e-08
9.72527639222e-11	-4.54247945925e-08
9.84673390292e-11	-6.42483684032e-08
9.96819141362e-11	-7.28754443458e-08
1.00896489243e-10	-7.21566806305e-08
1.0211106435e-10	-6.28482723641e-08
1.03325639457e-10	-4.56174902297e-08
1.04540214564e-10	-2.1814658524e-08
1.05754789671e-10	5.69652236493e-09
1.06969364778e-10	3.24140394525e-08
1.08183939885e-10	5.30991499659e-08
1.09398514992e-10	6.33694341445e-08
1.10613090099e-10	6.12209163364e-08
1.11827665206e-10	4.77518895536e-08
1.13042240313e-10	2.67754742822e-08
1.1425681542e-10	3.55011842146e-09
1.15471390527e-10	-1.6823149096e-08
1.16685965634e-10	-3.07671399469e-08
1.17900540741e-10	-3.69805093214e-08
1.19115115848e-10	-3.6477327825e-08
1.20329690955e-10	-3.19814432714e-08
1.21544266062e-10	-2.68798920899e-08
1.22758841169e-10	-2.40029756071e-08
1.23973416276e-10	-2.45788100983e-08
1.25187991382e-10	-2.77306977381e-08
1.26402566489e-10	-3.07682839207e-08
1.27617141596e-10	-3.02621749881e-08
1.28831716703e-10	-2.35333050824e-08
1.3004629181e-10	-9.95681581628e-09
1.31260866917e-10	8.51210213426e-09
1.32475442024e-10	2.78671308251e-08
1.33690017131e-10	4.34358611301e-08
1.34904592238e-10	5.15275253576e-08
1.36119167345e-10	5.06451094395e-08
1.37333742452e-10	4.17897574323e-08
1.38548317559e-10	2.78288485589e-08
1.39762892666e-10	1.22990186924e-08
1.40977467773e-10	-1.79135706269e-09
1.4219204288e-10	-1.27005561623e-08
1.43406617987e-10	-2.00558467611e-08
1.44621193094e-10	-2.44382274417e-08
1.45835768201e-10	-2.67586095504e-08
1.47050343308e-10	-2.77194303067e-08
1.48264918415e-10	-2.75572240582e-08
1.49479493522e-10	-2.60811550135e-08
1.50694068629e-10	-2.29240182392e-08
1.51908643736e-10	-1.78555499275e-08
1.53123218843e-10	-1.10334141823e-08
1.5433779395e-10	-3.10295478201e-09
1.55552369057e-10	4.88311346913e-09
1.56766944164e-10	1.16843938969e-08
1.57981519271e-10	1.61565072432e-08
1.59196094378e-10	1.75050409723e-08
1.60410669485e-10	1.54543347008e-08
1.61625244592e-10	1.03081294611e-08
1.62839819698e-10	2.92542834401e-09
1.64054394805e-10	-5.38243716264e-09
1.65268969912e-10	-1.30317978631e-08
1.66483545019e-10	-1.84468422759e-08
1.67698120126e-10	-2.04184811281e-08
1.68912695233e-10	-1.84682065196e-08
1.7012727034e-10	-1.30770843043e-08
1.71341845447e-10	-5.64828850358e-09
1.72556420554e-10	1.84621673505e-09
1.73770995661e-10	7.45411377068e-09
1.74985570768e-10	9.84844916729e-09
1.76200145875e-10	8.72692496046e-09
1.77414720982e-10	4.84552842295e-09
1.78629296089e-10	-3.05047764826e-10
1.79843871196e-10	-5.02807573355e-09
1.81058446303e-10	-7.9560296129e-09
1.8227302141e-10	-8.40132230451e-09
1.83487596517e-10	-6.4579879222e-09
1.84702171624e-10	-2.86263124316e-09
1.85916746731e-10	1.29067623256e-09
1.87131321838e-10	4.88531082254e-09
1.88345896945e-10	7.08529590554e-09
1.89560472052e-10	7.53321405256e-09
1.90775047159e-10	6.41147135383e-09
1.91989622266e-10	4.34421343343e-09
1.93204197373e-10	2.17388307355e-09
1.9441877248e-10	6.80033862555e-10
1.95633347587e-10	3.37407268791e-10
1.96847922694e-10	1.19448384517e-09
1.98062497801e-10	2.89848189894e-09
1.99277072908e-10	4.8409165565e-09
2.00491648014e-10	6.35284536088e-09
2.01706223121e-10	6.88156776008e-09
2.02920798228e-10	6.11288708541e-09
2.04135373335e-10	4.02758404405e-09
2.05349948442e-10	9.05830577214e-10
2.06564523549e-10	-2.72188893646e-09
2.07779098656e-10	-6.17645756762e-09
2.08993673763e-10	-8.78764527812e-09
2.1020824887e-10	-1.00679971027e-08
2.11422823977e-10	-9.84880532684e-09
2.12637399084e-10	-8.31831847847e-09
2.13851974191e-10	-5.93817395256e-09
2.15066549298e-10	-3.27362559283e-09
2.16281124405e-10	-8.09042888239e-10
2.17495699512e-10	1.16620624269e-09
2.18710274619e-10	2.57486965083e-09
2.19924849726e-10	3.47235107334e-09
2.21139424833e-10	3.94231935985e-09
2.2235399994e-10	4.01780431147e-09
2.23568575047e-10	3.6745544385e-09
2.24783150154e-10	2.88441515117e-09
2.25997725261e-10	1.69171399111e-09
2.27212300368e-10	2.67332073145e-10
2.28426875475e-10	-1.10338649328e-09
2.29641450582e-10	-2.09543626895e-09
2.30856025689e-10	-2.46384734837e-09
2.32070600796e-10	-2.15282236482e-09
2.33285175903e-10	-1.34689426279e-09
2.3449975101e-10	-4.29184576767e-10
2.35714326117e-10	1.53303994499e-10
2.36928901224e-10	6.42029415743e-11
2.38143476331e-10	-7.6775497071e-10
2.39358051437e-10	-2.0964834313e-09
2.40572626544e-10	-3.4314653341e-09
2.41787201651e-10	-4.21942303319e-09
2.43001776758e-10	-4.0617793573e-09
2.44216351865e-10	-2.87322254877e-09
2.45430926972e-10	-9.22892262611e-10
2.46645502079e-10	1.26425447888e-09
2.47860077186e-10	3.09269432286e-09
2.49074652293e-10	4.09732914264e-09
2.502892274e-10	4.08051592515e-09
2.51503802507e-10	3.14891335229e-09
2.52718377614e-10	1.65244840034e-09
2.53932952721e-10	5.81895712171e-11
2.55147527828e-10	-1.19038734425e-09
2.56362102935e-10	-1.79411741019e-09
2.57576678042e-10	-1.66791602751e-09
2.58791253149e-10	-9.50015177636e-10
2.60005828256e-10	4.65031381458e-11
2.61220403363e-10	9.31129617854e-10
2.6243497847e-10	1.35380306965e-09
2.63649553577e-10	1.11759101973e-09
2.64864128684e-10	2.47956322141e-10
2.66078703791e-10	-1.00292707472e-09
2.67293278898e-10	-2.22549312312e-09
2.68507854005e-10	-2.98218449934e-09
2.69722429112e-10	-2.9561462167e-09
2.70937004219e-10	-2.06995331986e-09
2.72151579326e-10	-5.28038890391e-10
2.73366154433e-10	1.24358046083e-09
2.7458072954e-10	2.74102274211e-09
2.75795304647e-10	3.56001983448e-09
2.77009879753e-10	3.5312648361e-09
2.7822445486e-10	2.76044698211e-09
2.79439029967e-10	1.5579761925e-09
2.80653605074e-10	2.92578183902e-10
2.81868180181e-10	-7.57139739793e-10
2.83082755288e-10	-1.49116152759e-09
2.84297330395e-10	-1.98242311455e-09
2.85511905502e-10	-2.39076225483e-09
2.86726480609e-10	-2.84891310542e-09
2.87941055716e-10	-3.37759997748e-09
2.89155630823e-10	-3.86803256092e-09
2.9037020593e-10	-4.1335486145e-09
2.91584781037e-10	-3.99944344309e-09
2.92799356144e-10	-3.38857208959e-09
2.94013931251e-10	-2.36409536392e-09
2.95228506358e-10	-1.11487097332e-09
2.96443081465e-10	1.07463059285e-10
2.97657656572e-10	1.07387121417e-09
2.98872231679e-10	1.6514989376e-09
3.00086806786e-10	1.83734505388e-09
3.01301381893e-10	1.7429816479e-09
3.02515957e-10	1.53675272507e-09
3.03730532107e-10	1.3725909298e-09
3.04945107214e-10	1.3309063851e-09
3.06159682321e-10	1.3965720802e-09
3.07374257428e-10	1.47494294556e-09
3.08588832535e-10	1.4325010067e-09
3.09803407642e-10	1.14428433395e-09
3.11017982749e-10	5.31135357917e-10
3.12232557856e-10	-4.1573888776e-10
3.13447132963e-10	-1.62350155541e-09
3.14661708069e-10	-2.93679147667e-09
3.15876283176e-10	-4.13717327064e-09
3.17090858283e-10	-4.98380048342e-09
3.1830543339e-10	-5.2787849647e-09
3.19520008497e-10	-4.9359480947e-09
3.20734583604e-10	-4.02408462108e-09
3.21949158711e-10	-2.75996048238e-09
3.23163733818e-10	-1.43975142919e-09
3.24378308925e-10	-3.39113209735e-10
3.25592884032e-10	3.83494097589e-10
3.26807459139e-10	7.30140281568e-10
3.28022034246e-10	8.38844271822e-10
3.29236609353e-10	9.05282737662e-10
3.3045118446e-10	1.08451281289e-09
3.31665759567e-10	1.42418687954e-09
3.32880334674e-10	1.84638349054e-09
3.34094909781e-10	2.18741891267e-09
3.35309484888e-10	2.26792806757e-09
3.36524059995e-10	1.96404403852e-09
3.37738635102e-10	1.25580379429e-09
3.38953210209e-10	2.34776559305e-10
3.40167785316e-10	-9.22499632239e-10
3.41382360423e-10	-2.00820760021e-09
3.4259693553e-10	-2.83995693628e-09
3.43811510637e-10	-3.30565241846e-09
3.45026085744e-10	-3.37905659009e-09
3.46240660851e-10	-3.10619707733e-09
3.47455235958e-10	-2.57292187555e-09
3.48669811065e-10	-1.86912130218e-09
3.49884386172e-10	-1.06929032295e-09
3.51098961279e-10	-2.29415389463e-10
3.52313536385e-10	6.00525684735e-10
3.53528111492e-10	1.36637268167e-09
3.54742686599e-10	2.00813476958e-09
3.55957261706e-10	2.4678772359e-09
3.57171836813e-10	2.70289501891e-09
3.5838641192e-10	2.69055266955e-09
3.59600987027e-10	2.42750308743e-09
3.60815562134e-10	1.92454097103e-09
3.62030137241e-10	1.20615029076e-09
3.63244712348e-10	3.16799059208e-10
3.64459287455e-10	-6.7191552322e-10
3.65673862562e-10	-1.66050762029e-09
3.66888437669e-10	-2.53560261676e-09
3.68103012776e-10	-3.19419468653e-09
3.69317587883e-10	-3.56791352019e-09
3.7053216299e-10	-3.63666674552e-09
3.71746738097e-10	-3.42461015101e-09
3.72961313204e-10	-2.98397795362e-09
3.74175888311e-10	-2.37497155275e-09
3.75390463418e-10	-1.65139912855e-09
3.76605038525e-10	-8.53762727182e-10
3.77819613632e-10	-1.05146169549e-11
3.79034188739e-10	8.5749574108e-10
3.80248763846e-10	1.72794178965e-09
3.81463338953e-10	2.56463073001e-09
3.8267791406e-10	3.30354366085e-09
3.83892489167e-10	3.84606435588e-09
3.85107064274e-10	4.06865741098e-09
3.86321639381e-10	3.85239484757e-09
3.87536214488e-10	3.12933656765e-09
3.88750789595e-10	1.92473637028e-09
3.89965364701e-10	3.78724468453e-10
3.91179939808e-10	-1.2700753782e-09
3.92394514915e-10	-2.73644595872e-09
3.93609090022e-10	-3.76211906072e-09
3.94823665129e-10	-4.18753165476e-09
3.96038240236e-10	-3.99646582494e-09
3.97252815343e-10	-3.3194178517e-09
3.9846739045e-10	-2.39180075745e-09
3.99681965557e-10	-1.47837708742e-09
4.00896540664e-10	-7.87685527914e-10
4.02111115771e-10	-4.031874834e-10
4.03325690878e-10	-2.60093530047e-10
4.04540265985e-10	-1.77031153625e-10
4.05754841092e-10	6.23948115397e-11
4.06969416199e-10	6.10010486568e-10
4.08183991306e-10	1.47411927109e-09
4.09398566413e-10	2.49574583222e-09
4.1061314152e-10	3.39367889346e-09
4.11827716627e-10	3.85989817886e-09
4.13042291734e-10	3.67093266895e-09
4.14256866841e-10	2.76998091131e-09
4.15471441948e-10	1.29330102183e-09
4.16686017055e-10	-4.66243710306e-10
4.17900592162e-10	-2.14305972968e-09
4.19115167269e-10	-3.39869865584e-09
4.20329742376e-10	-4.01100708203e-09
4.21544317483e-10	-3.92610299826e-09
4.2275889259e-10	-3.26343241319e-09
4.23973467697e-10	-2.27271090836e-09
4.25188042804e-10	-1.2553638129e-09
4.26402617911e-10	-4.74777384074e-10
4.27617193018e-10	-7.94297683182e-11
4.28831768124e-10	-6.67041422098e-11
4.30046343231e-10	-2.9415964109e-10
4.31260918338e-10	-5.36267030782e-10
4.32475493445e-10	-5.65411051312e-10
4.33690068552e-10	-2.30346783314e-10
4.34904643659e-10	4.90236851114e-10
4.36119218766e-10	1.47591572297e-09
4.37333793873e-10	2.49401499453e-09
4.3854836898e-10	3.2641502834e-09
4.39762944087e-10	3.5374714269e-09
4.40977519194e-10	3.17161563679e-09
4.42192094301e-10	2.17870543828e-09
4.43406669408e-10	7.31906035778e-10
4.44621244515e-10	-8.73909222765e-10
4.45835819622e-10	-2.29936336638e-09
4.47050394729e-10	-3.25264526424e-09
4.48264969836e-10	-3.57018148378e-09
4.49479544943e-10	-3.2585818488e-09
4.5069412005e-10	-2.48568832184e-09
4.51908695157e-10	-1.52291335098e-09
4.53123270264e-10	-6.59234167255e-10
4.54337845371e-10	-1.14089612757e-10
4.55552420478e-10	2.43033839581e-11
4.56766995585e-10	-1.8242674038e-10
4.57981570692e-10	-5.49576717468e-10
4.59196145799e-10	-8.33969893144e-10
4.60410720906e-10	-8.15381984154e-10
4.61625296013e-10	-3.73101327611e-10
4.6283987112e-10	4.66788552256e-10
4.64054446227e-10	1.52978218981e-09
4.65269021334e-10	2.53862775246e-09
4.6648359644e-10	3.19621329403e-09
4.67698171547e-10	3.27682148082e-09
4.68912746654e-10	2.69986810686e-09
4.70127321761e-10	1.55822488246e-09
4.71341896868e-10	9.50399758892e-11
4.72556471975e-10	-1.36441347109e-09
4.73771047082e-10	-2.50454368356e-09
4.74985622189e-10	-3.10584535868e-09
4.76200197296e-10	-3.1025106928e-09
4.77414772403e-10	-2.59230237276e-09
4.7862934751e-10	-1.79844161785e-09
4.79843922617e-10	-9.94061277737e-10
4.81058497724e-10	-4.13857170756e-10
4.82273072831e-10	-1.82025214346e-10
4.83487647938e-10	-2.77997763698e-10
4.84702223045e-10	-5.53382228929e-10
4.85916798152e-10	-7.90214504942e-10
4.87131373259e-10	-7.82896969476e-10
4.88345948366e-10	-4.12720191356e-10
4.89560523473e-10	3.07504716135e-10
4.9077509858e-10	1.23465904167e-09
4.91989673687e-10	2.14001150134e-09
4.93204248794e-10	2.78062528558e-09
4.94418823901e-10	2.97516522529e-09
4.95633399008e-10	2.65672994715e-09
4.96847974115e-10	1.89013826812e-09
4.98062549222e-10	8.47152126227e-10
4.99277124329e-10	-2.47260378838e-10
5.00491699436e-10	-1.18031873164e-09
5.01706274543e-10	-1.80744696987e-09
5.0292084965e-10	-2.08214467889e-09
5.04135424756e-10	-2.05449790514e-09
5.05349999863e-10	-1.84127357805e-09
5.0656457497e-10	-1.58011981277e-09
5.07779150077e-10	-1.38279365736e-09
5.08993725184e-10	-1.30174016011e-09
5.10208300291e-10	-1.31806843218e-09
5.11422875398e-10	-1.35320421535e-09
5.12637450505e-10	-1.29891597478e-09
5.13852025612e-10	-1.05645803217e-09
5.15066600719e-10	-5.73229796963e-10
5.16281175826e-10	1.34144043096e-10
5.17495750933e-10	9.76177694234e-10
5.1871032604e-10	1.80948289685e-09
5.19924901147e-10	2.47141507259e-09
5.21139476254e-10	2.82157874842e-09
5.22354051361e-10	2.77855138897e-09
5.23568626468e-10	2.3407642491e-09
5.24783201575e-10	1.58771484848e-09
5.25997776682e-10	6.5990751752e-10
5.27212351789e-10	-2.75372780134e-10
5.28426926896e-10	-1.06422914925e-09
5.29641502003e-10	-1.60199165045e-09
5.3085607711e-10	-1.8542988256e-09
5.32070652217e-10	-1.85818826992e-09
5.33285227324e-10	-1.70260516796e-09
5.34499802431e-10	-1.4944301352e-09
5.35714377538e-10	-1.32098931793e-09
5.36928952645e-10	-1.22146004422e-09
5.38143527752e-10	-1.1769722974e-09
5.39358102859e-10	-1.1215752771e-09
5.40572677966e-10	-9.70380775733e-10
5.41787253072e-10	-6.54361009822e-10
5.43001828179e-10	-1.50179785274e-10
5.44216403286e-10	5.04562724934e-10
5.45430978393e-10	1.21465371095e-09
5.466455535e-10	1.84878556908e-09
5.47860128607e-10	2.27303820211e-09
5.49074703714e-10	2.38667396957e-09
5.50289278821e-10	2.15183693086e-09
5.51503853928e-10	1.60639113123e-09
5.52718429035e-10	8.56652360159e-10
5.53933004142e-10	4.97922050813e-11
5.55147579249e-10	-6.65770549801e-10
5.56362154356e-10	-1.17955367696e-09
5.57576729463e-10	-1.44548839565e-09
5.5879130457e-10	-1.48626844165e-09
5.60005879677e-10	-1.37630495889e-09
5.61220454784e-10	-1.21047982748e-09
5.62435029891e-10	-1.06966280278e-09
5.63649604998e-10	-9.95351578936e-10
5.64864180105e-10	-9.79459846562e-10
5.66078755212e-10	-9.71449032328e-10
5.67293330319e-10	-8.99446739311e-10
5.68507905426e-10	-6.98705537872e-10
5.69722480533e-10	-3.38933492383e-10
5.7093705564e-10	1.58975832498e-10
5.72151630747e-10	7.22629123207e-10
5.73366205854e-10	1.24602372864e-09
5.74580780961e-10	1.62034796691e-09
5.75795356068e-10	1.76648262684e-09
5.77009931175e-10	1.65821434361e-09
5.78224506282e-10	1.32769761851e-09
5.79439081388e-10	8.52784398653e-10
5.80653656495e-10	3.31833560629e-10
5.81868231602e-10	-1.43626111004e-10
5.83082806709e-10	-5.10854247793e-10
5.84297381816e-10	-7.4585154719e-10
5.85511956923e-10	-8.61782700756e-10
5.8672653203e-10	-8.97359020424e-10
5.87941107137e-10	-8.99461505277e-10
5.89155682244e-10	-9.05824748543e-10
5.90370257351e-10	-9.31231480816e-10
5.91584832458e-10	-9.62916635316e-10
5.92799407565e-10	-9.65830970756e-10
5.94013982672e-10	-8.97019958312e-10
5.95228557779e-10	-7.23552384674e-10
5.96443132886e-10	-4.37614611215e-10
5.97657707993e-10	-6.29708715727e-11
5.988722831e-10	3.49764467389e-10
6.00086858207e-10	7.36191885231e-10
6.01301433314e-10	1.0347958046e-09
6.02516008421e-10	1.20079879373e-09
6.03730583528e-10	1.21457899294e-09
6.04945158635e-10	1.08271125399e-09
6.06159733742e-10	8.34678881567e-10
6.07374308849e-10	5.15851084071e-10
6.08588883956e-10	1.78183842681e-10
6.09803459063e-10	-1.2966976104e-10
6.1101803417e-10	-3.72791270076e-10
6.12232609277e-10	-5.36080679847e-10
6.13447184384e-10	-6.25444418478e-10
6.14661759491e-10	-6.61444898853e-10
6.15876334598e-10	-6.69207855797e-10
6.17090909705e-10	-6.68281208149e-10
6.18305484811e-10	-6.66496857704e-10
6.19520059918e-10	-6.59972076988e-10
6.20734635025e-10	-6.36777186536e-10
6.21949210132e-10	-5.82257131398e-10
6.23163785239e-10	-4.83472872848e-10
6.24378360346e-10	-3.3293395818e-10
6.25592935453e-10	-1.31993554975e-10
6.2680751056e-10	1.06463921012e-10
6.28022085667e-10	3.56861457051e-10
6.29236660774e-10	5.84540804649e-10
6.30451235881e-10	7.52826911921e-10
6.31665810988e-10	8.32955315833e-10
6.32880386095e-10	8.11699651937e-10
6.34094961202e-10	6.94665769352e-10
6.35309536309e-10	5.0380449812e-10
6.36524111416e-10	2.71162536869e-10
6.37738686523e-10	3.19990006714e-11
6.3895326163e-10	-1.81782727759e-10
6.40167836737e-10	-3.45808409685e-10
6.41382411844e-10	-4.47074849363e-10
6.42596986951e-10	-4.85920692572e-10
6.43811562058e-10	-4.76098660496e-10
6.45026137165e-10	-4.41246983396e-10
6.46240712272e-10	-4.07385708501e-10
6.47455287379e-10	-3.93717225489e-10
6.48669862486e-10	-4.04942912535e-10
6.49884437593e-10	-4.28755420057e-10
6.510990127e-10	-4.40203679064e-10
6.52313587807e-10	-4.11331718686e-10
6.53528162914e-10	-3.22055354607e-10
6.54742738021e-10	-1.68359298724e-10
6.55957313127e-10	3.5297414297e-11
6.57171888234e-10	2.5913607371e-10
6.58386463341e-10	4.64981469994e-10
6.59601038448e-10	6.15408557447e-10
6.60815613555e-10	6.81735945474e-10
6.62030188662e-10	6.51535825291e-10
6.63244763769e-10	5.31736987774e-10
6.64459338876e-10	3.48045703369e-10
6.65673913983e-10	1.38496145108e-10
6.6688848909e-10	-5.69197744493e-11
6.68103064197e-10	-2.07080227965e-10
6.69317639304e-10	-2.9764585241e-10
6.70532214411e-10	-3.32266658631e-10
6.71746789518e-10	-3.2822344842e-10
6.72961364625e-10	-3.08165964968e-10
6.74175939732e-10	-2.92252749778e-10
6.75390514839e-10	-2.92786739298e-10
6.76605089946e-10	-3.12228132238e-10
6.77819665053e-10	-3.43579581452e-10
6.7903424016e-10	-3.72368053059e-10
6.80248815267e-10	-3.79948461582e-10
6.81463390374e-10	-3.47774559151e-10
6.82677965481e-10	-2.63460198102e-10
6.83892540588e-10	-1.25815774465e-10
6.85107115695e-10	5.19316985248e-11
6.86321690802e-10	2.43475406503e-10
6.87536265909e-10	4.15269235665e-10
6.88750841016e-10	5.34808142216e-10
6.89965416123e-10	5.79432668513e-10
6.9117999123e-10	5.41563960343e-10
6.92394566337e-10	4.3044831588e-10
6.93609141443e-10	2.69259919916e-10
6.9482371655e-10	8.96610910517e-11
6.96038291657e-10	-7.53824919153e-11
6.97252866764e-10	-1.99022909264e-10
6.98467441871e-10	-2.66869276677e-10
6.99682016978e-10	-2.80698908561e-10
7.00896592085e-10	-2.57685650595e-10
7.02111167192e-10	-2.2490746765e-10
7.03325742299e-10	-2.09751480074e-10
7.04540317406e-10	-2.29987459632e-10
7.05754892513e-10	-2.86417195516e-10
7.0696946762e-10	-3.61913110591e-10
7.08184042727e-10	-4.26647744911e-10
7.09398617834e-10	-4.47657300118e-10
7.10613192941e-10	-4.00051963778e-10
7.11827768048e-10	-2.74995831662e-10
7.13042343155e-10	-8.38549230053e-11
7.14256918262e-10	1.43869222091e-10
7.15471493369e-10	3.67050556616e-10
7.16686068476e-10	5.42653366686e-10
7.17900643583e-10	6.36620756111e-10
7.1911521869e-10	6.32161600844e-10
7.20329793797e-10	5.3458409921e-10
7.21544368904e-10	3.69361236041e-10
7.22758944011e-10	1.75203004882e-10
7.23973519118e-10	-7.13230256105e-12
7.25188094225e-10	-1.46138795509e-10
7.26402669332e-10	-2.27600452374e-10
7.27617244439e-10	-2.56852039637e-10
7.28831819546e-10	-2.54352067186e-10
7.30046394653e-10	-2.47120435226e-10
7.31260969759e-10	-2.58291776856e-10
7.32475544866e-10	-2.9923419298e-10
7.33690119973e-10	-3.65297375682e-10
7.3490469508e-10	-4.37059860525e-10
7.36119270187e-10	-4.85670892392e-10
7.37333845294e-10	-4.81166939625e-10
7.38548420401e-10	-4.02278155232e-10
7.39762995508e-10	-2.44026188145e-10
7.40977570615e-10	-2.22195248312e-11
7.42192145722e-10	2.28561891635e-10
7.43406720829e-10	4.62588550798e-10
7.44621295936e-10	6.34640673347e-10
7.45835871043e-10	7.12220393773e-10
7.4705044615e-10	6.8356614813e-10
7.48265021257e-10	5.60202384481e-10
7.49479596364e-10	3.72313901931e-10
7.50694171471e-10	1.60017277206e-10
7.51908746578e-10	-3.76187275775e-11
7.53123321685e-10	-1.91716129083e-10
7.54337896792e-10	-2.89590629254e-10
7.55552471899e-10	-3.35456717959e-10
7.56767047006e-10	-3.46493000958e-10
7.57981622113e-10	-3.45441591998e-10
7.5919619722e-10	-3.51575768498e-10
7.60410772327e-10	-3.73676312115e-10
7.61625347434e-10	-4.06208483517e-10
7.62839922541e-10	-4.31041757842e-10
7.64054497648e-10	-4.23614809897e-10
7.65269072755e-10	-3.6175465401e-10
7.66483647862e-10	-2.34946839761e-10
7.67698222969e-10	-4.9604778618e-11
7.68912798075e-10	1.70043673586e-10
7.70127373182e-10	3.87259918577e-10
7.71341948289e-10	5.61822532941e-10
7.72556523396e-10	6.602962066e-10
7.73771098503e-10	6.6443722746e-10
7.7498567361e-10	5.75421155169e-10
7.76200248717e-10	4.1324718647e-10
7.77414823824e-10	2.11333769928e-10
7.78629398931e-10	8.25796375725e-12
7.79843974038e-10	-1.62056881803e-10
7.81058549145e-10	-2.78397471742e-10
7.82273124252e-10	-3.36948718926e-10
7.83487699359e-10	-3.50204892863e-10
7.84702274466e-10	-3.40596995052e-10
7.85916849573e-10	-3.31090266315e-10
7.8713142468e-10	-3.3564867552e-10
7.88345999787e-10	-3.54121287849e-10
7.89560574894e-10	-3.72362751744e-10
7.90775150001e-10	-3.68103714177e-10
7.91989725108e-10	-3.19793441728e-10
7.93204300215e-10	-2.15077705645e-10
7.94418875322e-10	-5.68542400659e-11
7.95633450429e-10	1.35784869459e-10
7.96848025536e-10	3.30842409024e-10
7.98062600643e-10	4.91154894533e-10
7.9927717575e-10	5.83820713995e-10
8.00491750857e-10	5.8940419212e-10
8.01706325964e-10	5.07651032322e-10
8.02920901071e-10	3.58194335304e-10
8.04135476178e-10	1.75164577287e-10
8.05350051285e-10	-2.61898489007e-12
8.06564626392e-10	-1.4270791493e-10
8.07779201498e-10	-2.27973029343e-10
8.08993776605e-10	-2.59810256642e-10
8.10208351712e-10	-2.55485743672e-10
8.11422926819e-10	-2.400283583e-10
8.12637501926e-10	-2.36332842185e-10
8.13852077033e-10	-2.5682009297e-10
8.1506665214e-10	-2.98739116777e-10
8.16281227247e-10	-3.45369288723e-10
8.17495802354e-10	-3.71198793925e-10
8.18710377461e-10	-3.50752982214e-10
8.19924952568e-10	-2.67639105322e-10
8.21139527675e-10	-1.21651105855e-10
8.22354102782e-10	6.84722001321e-11
8.23568677889e-10	2.68358224531e-10
8.24783252996e-10	4.36523039937e-10
8.25997828103e-10	5.36297117826e-10
8.2721240321e-10	5.46839795668e-10
8.28426978317e-10	4.69600691666e-10
8.29641553424e-10	3.27537885703e-10
8.30856128531e-10	1.57736421147e-10
8.32070703638e-10	-3.14438579341e-13
8.33285278745e-10	-1.16167603315e-10
8.34499853852e-10	-1.76168843402e-10
8.35714428959e-10	-1.85698623145e-10
8.36929004066e-10	-1.65139471542e-10
8.38143579173e-10	-1.4216389177e-10
8.3935815428e-10	-1.41680916999e-10
8.40572729387e-10	-1.7708488842e-10
8.41787304494e-10	-2.44950754125e-10
8.43001879601e-10	-3.24895887971e-10
8.44216454708e-10	-3.85803305969e-10
8.45431029814e-10	-3.95853322344e-10
8.46645604921e-10	-3.3421873602e-10
8.47860180028e-10	-1.99296218417e-10
8.49074755135e-10	-1.10333426423e-11
8.50289330242e-10	1.94155261313e-10
8.51503905349e-10	3.73614583715e-10
8.52718480456e-10	4.90544105336e-10
8.53933055563e-10	5.23697585297e-10
8.5514763067e-10	4.71997441132e-10
8.56362205777e-10	3.53665347008e-10
8.57576780884e-10	2.00010161211e-10
8.58791355991e-10	4.68406910481e-11
8.60005931098e-10	-7.52731973974e-11
8.61220506205e-10	-1.48628317986e-10
8.62435081312e-10	-1.7225468274e-10
8.63649656419e-10	-1.61048480107e-10
8.64864231526e-10	-1.39267639088e-10
8.66078806633e-10	-1.31687438731e-10
8.6729338174e-10	-1.53897783406e-10
8.68507956847e-10	-2.06601472041e-10
8.69722531954e-10	-2.7496610544e-10
8.70937107061e-10	-3.33657101947e-10
8.72151682168e-10	-3.55536378116e-10
8.73366257275e-10	-3.20554555122e-10
8.74580832382e-10	-2.22595469834e-10
8.75795407489e-10	-7.17135864581e-11
8.77009982596e-10	1.07626831058e-10
8.78224557703e-10	2.82447371047e-10
8.7943913281e-10	4.18797690971e-10
8.80653707917e-10	4.90068929881e-10
8.81868283024e-10	4.83533990625e-10
8.8308285813e-10	4.03557826045e-10
8.84297433237e-10	2.70669486824e-10
8.85512008344e-10	1.1556451629e-10
8.86726583451e-10	-2.91708497635e-11
8.87941158558e-10	-1.38318162479e-10
8.89155733665e-10	-2.00005442763e-10
8.90370308772e-10	-2.17344975351e-10
8.91584883879e-10	-2.05210709536e-10
8.92799458986e-10	-1.83460011072e-10
8.94014034093e-10	-1.70041758452e-10
8.952286092e-10	-1.74971495626e-10
8.96443184307e-10	-1.97936597668e-10
8.97657759414e-10	-2.28426333404e-10
8.98872334521e-10	-2.49210596603e-10
9.00086909628e-10	-2.41499209519e-10
9.01301484735e-10	-1.9119401895e-10
9.02516059842e-10	-9.45759512372e-11
9.03730634949e-10	3.88533337448e-11
9.04945210056e-10	1.87004856045e-10
9.06159785163e-10	3.20752840954e-10
9.0737436027e-10	4.11516987153e-10
9.08588935377e-10	4.39623115689e-10
9.09803510484e-10	3.99455135636e-10
9.11018085591e-10	3.00515307083e-10
9.12232660698e-10	1.64464122876e-10
9.13447235805e-10	1.87289593556e-11
9.14661810912e-10	-1.09872097531e-10
9.15876386019e-10	-2.01554620216e-10
9.17090961126e-10	-2.47138587373e-10
9.18305536233e-10	-2.49461340474e-10
9.1952011134e-10	-2.21490784047e-10
9.20734686446e-10	-1.81653567188e-10
9.21949261553e-10	-1.47913403747e-10
9.2316383666e-10	-1.3146907174e-10
9.24378411767e-10	-1.33430599902e-10
9.25592986874e-10	-1.44478193298e-10
9.26807561981e-10	-1.48963494317e-10
9.28022137088e-10	-1.30872840343e-10
9.29236712195e-10	-8.02686805912e-11
9.30451287302e-10	2.58690096254e-12
9.31665862409e-10	1.06624278851e-10
9.32880437516e-10	2.12429823732e-10
9.34095012623e-10	2.9768060239e-10
9.3530958773e-10	3.42570249945e-10
9.36524162837e-10	3.35315275546e-10
9.37738737944e-10	2.75060557664e-10
9.38953313051e-10	1.72614950111e-10
9.40167888158e-10	4.82261175438e-11
9.41382463265e-10	-7.34877020347e-11
9.42597038372e-10	-1.69455408039e-10
9.43811613479e-10	-2.24601545695e-10
9.45026188586e-10	-2.35221314648e-10
9.46240763693e-10	-2.09454231737e-10
9.474553388e-10	-1.63516367113e-10
9.48669913907e-10	-1.15839574044e-10
9.49884489014e-10	-8.10145839303e-11
9.51099064121e-10	-6.54663198651e-11
9.52313639228e-10	-6.66394509019e-11
9.53528214335e-10	-7.46012071562e-11
9.54742789442e-10	-7.63407601023e-11
9.55957364549e-10	-5.99921778921e-11
9.57171939656e-10	-1.92814583744e-11
9.58386514762e-10	4.40639920385e-11
9.59601089869e-10	1.19774024032e-10
9.60815664976e-10	1.91099011615e-10
9.62030240083e-10	2.3954205286e-10
9.6324481519e-10	2.50178266992e-10
9.64459390297e-10	2.1704191222e-10
9.65673965404e-10	1.45211731528e-10
9.66888540511e-10	4.98771614288e-11
9.68103115618e-10	-4.81731356194e-11
9.69317690725e-10	-1.28648813824e-10
9.70532265832e-10	-1.77077838504e-10
9.71746840939e-10	-1.88424831293e-10
9.72961416046e-10	-1.67142660823e-10
9.74175991153e-10	-1.25237098469e-10
9.7539056626e-10	-7.79642947424e-11
9.76605141367e-10	-3.95390456487e-11
9.77819716474e-10	-1.90256872756e-11
9.79034291581e-10	-1.79774216347e-11
9.80248866688e-10	-3.03464614548e-11
9.81463441795e-10	-4.45813837235e-11
9.82678016902e-10	-4.80224505994e-11
9.83892592009e-10	-3.14132921064e-11
9.85107167116e-10	7.09473712418e-12
9.86321742223e-10	6.09385736317e-11
9.8753631733e-10	1.16776213699e-10
9.88750892437e-10	1.58841412246e-10
9.89965467544e-10	1.74113085061e-10
9.91180042651e-10	1.56371707249e-10
9.92394617758e-10	1.08255078513e-10
9.93609192865e-10	4.01051379606e-11
9.94823767972e-10	-3.28434571206e-11
9.96038343079e-10	-9.48076894769e-11
9.97252918185e-10	-1.33404481906e-10
9.98467493292e-10	-1.42606593201e-10
9.99682068399e-10	-1.24212570785e-10
1.00089664351e-09	-8.68996888337e-11
1.00211121861e-09	-4.38222236276e-11
1.00332579372e-09	-8.27459802066e-12
1.00454036883e-09	1.02950582087e-11
1.00575494393e-09	9.47439609406e-12
1.00696951904e-09	-5.79242600066e-12
1.00818409415e-09	-2.52734257133e-11
1.00939866926e-09	-3.75701414423e-11
1.01061324436e-09	-3.4350945699e-11
1.01182781947e-09	-1.3165106158e-11
1.01304239458e-09	2.17858977386e-11
1.01425696968e-09	6.14197442905e-11
1.01547154479e-09	9.44777381329e-11
1.0166861199e-09	1.10975714729e-10
1.017900695e-09	1.0491367497e-10
1.01911527011e-09	7.60042098702e-11
1.02032984522e-09	3.01005505243e-11
1.02154442032e-09	-2.22785297155e-11
1.02275899543e-09	-6.84986997679e-11
1.02397357054e-09	-9.76430949984e-11
1.02518814565e-09	-1.03616157321e-10
1.02640272075e-09	-8.71172925465e-11
1.02761729586e-09	-5.51031859031e-11
1.02883187097e-09	-1.82777074725e-11
1.03004644607e-09	1.25348073934e-11
1.03126102118e-09	2.98179918257e-11
1.03247559629e-09	3.11187915714e-11
1.03369017139e-09	1.9282025629e-11
1.0349047465e-09	6.8891848606e-13
1.03611932161e-09	-1.68462570282e-11
1.03733389672e-09	-2.66505793128e-11
1.03854847182e-09	-2.48659513119e-11
1.03976304693e-09	-1.15226578279e-11
1.04097762204e-09	9.48958446545e-12
1.04219219714e-09	3.15645669324e-11
1.04340677225e-09	4.7212636578e-11
1.04462134736e-09	5.06267909539e-11
1.04583592246e-09	3.95659338626e-11
1.04705049757e-09	1.64013681109e-11
1.04826507268e-09	-1.26231282371e-11
1.04947964779e-09	-3.94767794842e-11
1.05069422289e-09	-5.68972507997e-11
1.051908798e-09	-6.07337860559e-11
1.05312337311e-09	-5.07057139332e-11
1.05433794821e-09	-3.01899130695e-11
1.05555252332e-09	-4.67615269423e-12
1.05676709843e-09	1.96533726793e-11
1.05798167353e-09	3.74514932955e-11
1.05919624864e-09	4.51131215717e-11
1.06041082375e-09	4.14871366428e-11
1.06162539885e-09	2.81631905297e-11
1.06283997396e-09	9.07900751107e-12
1.06405454907e-09	-1.0362510329e-11
1.06526912418e-09	-2.51367052173e-11
1.06648369928e-09	-3.19961765416e-11
1.06769827439e-09	-3.06008968165e-11
1.0689128495e-09	-2.31754476721e-11
1.0701274246e-09	-1.33419377976e-11
1.07134199971e-09	-4.68389780087e-12
1.07255657482e-09	4.95265883426e-13
1.07377114992e-09	1.370359555e-12
1.07498572503e-09	-1.49356991618e-12
1.07620030014e-09	-6.72227161089e-12
1.07741487525e-09	-1.2338264091e-11
1.07862945035e-09	-1.60937270455e-11
1.07984402546e-09	-1.58455852606e-11
1.08105860057e-09	-1.01883970011e-11
1.08227317567e-09	7.25431867354e-13
1.08348775078e-09	1.5012090529e-11
1.08470232589e-09	2.91856469548e-11
1.08591690099e-09	3.94598000109e-11
1.0871314761e-09	4.2721028104e-11
1.08834605121e-09	3.76906734989e-11
1.08956062632e-09	2.50210928365e-11
1.09077520142e-09	6.95610496287e-12
1.09198977653e-09	-1.32525448948e-11
1.09320435164e-09	-3.21553131344e-11
1.09441892674e-09	-4.63766247627e-11
1.09563350185e-09	-5.33149184523e-11
1.09684807696e-09	-5.15146501845e-11
1.09806265206e-09	-4.13492504125e-11
1.09927722717e-09	-2.52071193779e-11
1.10049180228e-09	-7.05766434878e-12
1.10170637738e-09	8.5964698901e-12
1.10292095249e-09	1.82986126251e-11
1.1041355276e-09	2.0658686567e-11
1.10535010271e-09	1.6852663362e-11
1.10656467781e-09	9.804344836e-12
1.10777925292e-09	3.13395902111e-12
1.10899382803e-09	-2.14513845055e-13
1.11020840313e-09	1.27722550418e-12
1.11142297824e-09	7.49631433317e-12
1.11263755335e-09	1.66817948344e-11
1.11385212845e-09	2.602599386e-11
1.11506670356e-09	3.19377753411e-11
1.11628127867e-09	3.11910740292e-11
1.11749585378e-09	2.18109835748e-11
1.11871042888e-09	4.27009512818e-12
1.11992500399e-09	-1.81827851387e-11
1.1211395791e-09	-4.02015851164e-11
1.1223541542e-09	-5.58778578963e-11
1.12356872931e-09	-6.08548697545e-11
1.12478330442e-09	-5.36700787979e-11
1.12599787952e-09	-3.62880489546e-11
1.12721245463e-09	-1.32397573807e-11
1.12842702974e-09	9.75871380232e-12
1.12964160484e-09	2.74056454613e-11
1.13085617995e-09	3.60595581173e-11
1.13207075506e-09	3.44523368168e-11
1.13328533017e-09	2.40824964137e-11
1.13449990527e-09	8.73675871232e-12
1.13571448038e-09	-6.19463161322e-12
1.13692905549e-09	-1.54913564615e-11
1.13814363059e-09	-1.56720920963e-11
1.1393582057e-09	-6.47616812607e-12
1.14057278081e-09	8.8346734442e-12
1.14178735591e-09	2.45790263143e-11
1.14300193102e-09	3.45024980808e-11
1.14421650613e-09	3.4209877986e-11
1.14543108124e-09	2.25213198785e-11
1.14664565634e-09	2.00452978869e-12
