% time-domain voltage integration by openEMS v0.37.0-rc1-2-g7b051bb @Mon Aug  3 21:23:19 2026
% start-coordinates: (0.00674159,0.0039695,-0.000635) m -> [139,99,15]
% stop-coordinates: (0.00712206,0.0039695,-0.000635) m -> [145,99,15]
% t/s	voltage
0	0
1.19341269065e-12	0
2.3868253813e-12	0
3.58023807195e-12	0
4.7736507626e-12	0
5.96706345326e-12	0
7.16047614391e-12	-2.32327901943e-31
8.35388883456e-12	-1.3094030476e-25
9.54730152521e-12	-1.19927465007e-21
1.07407142159e-11	-1.12719342756e-18
1.19341269065e-11	-2.19387795096e-16
1.31275395972e-11	-1.28557703474e-14
1.43209522878e-11	-2.90975036559e-13
1.55143649785e-11	-3.10220797076e-12
1.67077776691e-11	-1.84164526077e-11
1.79011903598e-11	-6.93435465299e-11
1.90946030504e-11	-1.78583526439e-10
2.02880157411e-11	-3.13591097534e-10
2.14814284317e-11	-2.77333957882e-10
2.26748411224e-11	4.69051769647e-10
2.3868253813e-11	2.92909713151e-09
2.50616665037e-11	8.43601655198e-09
2.62550791943e-11	1.84199484554e-08
2.7448491885e-11	3.39086481116e-08
2.86419045756e-11	5.38215156887e-08
2.98353172663e-11	7.25123205925e-08
3.10287299569e-11	7.78610598218e-08
3.22221426476e-11	5.01302870326e-08
3.34155553382e-11	-3.57970835196e-08
3.46089680289e-11	-2.03030612766e-07
3.58023807195e-11	-4.61463457668e-07
3.69957934102e-11	-7.94576195062e-07
3.81892061008e-11	-1.14941327212e-06
3.93826187915e-11	-1.43706870404e-06
4.05760314821e-11	-1.54810832953e-06
4.17694441728e-11	-1.38027503738e-06
4.29628568634e-11	-8.73278736435e-07
4.41562695541e-11	-3.53518148088e-08
4.53496822447e-11	1.04824484026e-06
4.65430949354e-11	2.23004327893e-06
4.7736507626e-11	3.33147289666e-06
4.89299203167e-11	4.18066656493e-06
5.01233330073e-11	4.64131812805e-06
5.1316745698e-11	4.6294517233e-06
5.25101583886e-11	4.12028822439e-06
5.37035710793e-11	3.15092242431e-06
5.48969837699e-11	1.82417760186e-06
5.60903964606e-11	3.0418735264e-07
5.72838091513e-11	-1.20486902233e-06
5.84772218419e-11	-2.50093407317e-06
5.96706345326e-11	-3.43890991417e-06
6.08640472232e-11	-3.97255951157e-06
6.20574599139e-11	-4.15651661001e-06
6.32508726045e-11	-4.1034734295e-06
6.44442852952e-11	-3.91035641201e-06
6.56376979858e-11	-3.59644025139e-06
6.68311106765e-11	-3.08960179041e-06
6.80245233671e-11	-2.27469681136e-06
6.92179360578e-11	-1.08286418765e-06
7.04113487484e-11	4.29414612313e-07
7.16047614391e-11	2.0565633605e-06
7.27981741297e-11	3.49518171561e-06
7.39915868204e-11	4.44809029432e-06
7.5184999511e-11	4.73144075386e-06
7.63784122017e-11	4.33610571804e-06
7.75718248923e-11	3.41919107427e-06
7.8765237583e-11	2.23869410831e-06
7.99586502736e-11	1.0645968942e-06
8.11520629643e-11	1.05533562333e-07
8.23454756549e-11	-5.28601127314e-07
8.35388883456e-11	-8.29365113475e-07
8.47323010362e-11	-8.66018794454e-07
8.59257137269e-11	-7.53695619693e-07
8.71191264175e-11	-6.15927596925e-07
8.83125391082e-11	-5.52176139479e-07
8.95059517988e-11	-6.07837154831e-07
9.06993644895e-11	-7.59727775801e-07
9.18927771801e-11	-9.22921351787e-07
9.30861898708e-11	-9.79802571521e-07
9.42796025614e-11	-8.27655590285e-07
9.54730152521e-11	-4.26116173458e-07
9.66664279427e-11	1.74731681568e-07
9.78598406334e-11	8.37803497689e-07
9.9053253324e-11	1.37754209106e-06
1.00246666015e-10	1.62278746529e-06
1.01440078705e-10	1.48122238386e-06
1.02633491396e-10	9.81691037794e-07
1.03826904087e-10	2.76858104442e-07
1.05020316777e-10	-4.0084562869e-07
1.06213729468e-10	-8.17562707311e-07
1.07407142159e-10	-8.22000792766e-07
1.08600554849e-10	-4.06360758376e-07
1.0979396754e-10	2.8432347321e-07
1.10987380231e-10	9.96985349389e-07
1.12180792921e-10	1.45811694097e-06
1.13374205612e-10	1.47162718633e-06
1.14567618303e-10	9.92442416248e-07
1.15761030993e-10	1.46989604488e-07
1.16954443684e-10	-8.06206273296e-07
1.18147856374e-10	-1.56343070046e-06
1.19341269065e-10	-1.88110436738e-06
1.20534681756e-10	-1.65897843374e-06
1.21728094446e-10	-9.73467678023e-07
1.22921507137e-10	-4.84729518746e-08
1.24114919828e-10	8.24419295498e-07
1.25308332518e-10	1.38546316464e-06
1.26501745209e-10	1.48880423012e-06
1.276951579e-10	1.14035978527e-06
1.2888857059e-10	4.80654868795e-07
1.30081983281e-10	-2.72760100728e-07
1.31275395972e-10	-9.00822577421e-07
1.32468808662e-10	-1.2488674912e-06
1.33662221353e-10	-1.26392924926e-06
1.34855634044e-10	-9.97825772231e-07
1.36049046734e-10	-5.79321827843e-07
1.37242459425e-10	-1.6511972234e-07
1.38435872116e-10	1.12010899667e-07
1.39629284806e-10	1.86333240393e-07
1.40822697497e-10	7.80733508954e-08
1.42016110187e-10	-1.18508031832e-07
1.43209522878e-10	-2.71378855388e-07
1.44402935569e-10	-2.62675726503e-07
1.45596348259e-10	-3.26775753123e-08
1.4678976095e-10	3.95591765567e-07
1.47983173641e-10	9.22723138785e-07
1.49176586331e-10	1.4052564552e-06
1.50369999022e-10	1.70030266133e-06
1.51563411713e-10	1.71048191078e-06
1.52756824403e-10	1.41204232307e-06
1.53950237094e-10	8.61242249073e-07
1.55143649785e-10	1.78106835946e-07
1.56337062475e-10	-4.87648321723e-07
1.57530475166e-10	-9.97981253192e-07
1.58723887857e-10	-1.26281652513e-06
1.59917300547e-10	-1.2613038507e-06
1.61110713238e-10	-1.04185411232e-06
1.62304125929e-10	-7.00251213459e-07
1.63497538619e-10	-3.47033893178e-07
1.6469095131e-10	-7.31735938508e-08
1.65884364e-10	7.2968410425e-08
1.67077776691e-10	9.12513486995e-08
1.68271189382e-10	2.07433652477e-08
1.69464602072e-10	-8.15064611359e-08
1.70658014763e-10	-1.6141834891e-07
1.71851427454e-10	-1.85043363743e-07
1.73044840144e-10	-1.45332579748e-07
1.74238252835e-10	-5.9084667603e-08
1.75431665526e-10	4.20812226176e-08
1.76625078216e-10	1.25340006818e-07
1.77818490907e-10	1.67869846024e-07
1.79011903598e-10	1.62840864348e-07
1.80205316288e-10	1.21215272486e-07
1.81398728979e-10	6.57312080321e-08
1.8259214167e-10	2.28505518951e-08
1.8378555436e-10	1.43335251723e-08
1.84978967051e-10	4.90925001206e-08
1.86172379742e-10	1.21751380977e-07
1.87365792432e-10	2.13307373542e-07
1.88559205123e-10	2.97570531771e-07
1.89752617814e-10	3.49606629868e-07
1.90946030504e-10	3.52825065164e-07
1.92139443195e-10	3.04151992481e-07
1.93332855885e-10	2.14152814593e-07
1.94526268576e-10	1.0250215432e-07
1.95719681267e-10	-7.70379382509e-09
1.96913093957e-10	-9.6982889275e-08
1.98106506648e-10	-1.53815589599e-07
1.99299919339e-10	-1.76055493739e-07
2.00493332029e-10	-1.70366034169e-07
2.0168674472e-10	-1.49376363723e-07
2.02880157411e-10	-1.27113725767e-07
2.04073570101e-10	-1.15379797272e-07
2.05266982792e-10	-1.19092980366e-07
2.06460395483e-10	-1.35556505576e-07
2.07653808173e-10	-1.55089894704e-07
2.08847220864e-10	-1.6547047732e-07
2.10040633555e-10	-1.57084032892e-07
2.11234046245e-10	-1.26438642667e-07
2.12427458936e-10	-7.74500534817e-08
2.13620871627e-10	-1.8730963891e-08
2.14814284317e-10	3.99639114024e-08
2.16007697008e-10	9.04462114093e-08
2.17201109698e-10	1.27313755982e-07
2.18394522389e-10	1.46694114633e-07
2.1958793508e-10	1.45365357085e-07
2.2078134777e-10	1.21346289461e-07
2.21974760461e-10	7.5496472185e-08
2.23168173152e-10	1.37292858193e-08
2.24361585842e-10	-5.24897458831e-08
2.25554998533e-10	-1.08152381273e-07
2.26748411224e-10	-1.38546784711e-07
2.27941823914e-10	-1.33517549017e-07
2.29135236605e-10	-9.09518798053e-08
2.30328649296e-10	-1.76621042236e-08
2.31522061986e-10	7.11593264313e-08
2.32715474677e-10	1.55365455612e-07
2.33908887368e-10	2.1431743491e-07
2.35102300058e-10	2.32854729276e-07
2.36295712749e-10	2.0666676015e-07
2.3748912544e-10	1.44701054694e-07
2.3868253813e-10	6.74339242224e-08
2.39875950821e-10	6.22463192101e-11
2.41069363512e-10	-3.69780865372e-08
2.42262776202e-10	-3.59338780953e-08
2.43456188893e-10	-5.42226374911e-09
2.44649601583e-10	3.29865612603e-08
2.45843014274e-10	5.36107123139e-08
2.47036426965e-10	3.63963987837e-08
2.48229839655e-10	-2.43375012365e-08
2.49423252346e-10	-1.1786849452e-07
2.50616665037e-10	-2.20003439466e-07
2.51810077727e-10	-3.00409865872e-07
2.53003490418e-10	-3.32254145974e-07
2.54196903109e-10	-3.00011507193e-07
2.55390315799e-10	-2.04566108053e-07
2.5658372849e-10	-6.4195605276e-08
2.57777141181e-10	9.00266874382e-08
2.58970553871e-10	2.21339615081e-07
2.60163966562e-10	2.97055855469e-07
2.61357379253e-10	2.9790053091e-07
2.62550791943e-10	2.23158831858e-07
2.63744204634e-10	9.26705023829e-08
2.64937617325e-10	-5.85404289488e-08
2.66131030015e-10	-1.88768284559e-07
2.67324442706e-10	-2.61091319231e-07
2.68517855396e-10	-2.54034155489e-07
2.69711268087e-10	-1.67946607732e-07
2.70904680778e-10	-2.56871759419e-08
2.72098093468e-10	1.33465651864e-07
2.73291506159e-10	2.65109175501e-07
2.7448491885e-10	3.32321750562e-07
2.7567833154e-10	3.17090975699e-07
2.76871744231e-10	2.25275146093e-07
2.78065156922e-10	8.49997139341e-08
2.79258569612e-10	-6.20647018224e-08
2.80451982303e-10	-1.73456282226e-07
2.81645394994e-10	-2.1887451318e-07
2.82838807684e-10	-1.89015414875e-07
2.84032220375e-10	-9.82608012734e-08
2.85225633066e-10	2.03928420817e-08
2.86419045756e-10	1.25873724777e-07
2.87612458447e-10	1.81614765893e-07
2.88805871138e-10	1.67335956647e-07
2.89999283828e-10	8.47484740163e-08
2.91192696519e-10	-4.23934589655e-08
2.9238610921e-10	-1.75708692041e-07
2.935795219e-10	-2.73485095903e-07
2.94772934591e-10	-3.03362728715e-07
2.95966347281e-10	-2.52383287602e-07
2.97159759972e-10	-1.31466421749e-07
2.98353172663e-10	2.72958325942e-08
2.99546585353e-10	1.79608798945e-07
3.00739998044e-10	2.82164144494e-07
3.01933410735e-10	3.0553559327e-07
3.03126823425e-10	2.42824151897e-07
3.04320236116e-10	1.11953880833e-07
3.05513648807e-10	-5.03404247176e-08
3.06707061497e-10	-1.98817847519e-07
3.07900474188e-10	-2.92973250993e-07
3.09093886879e-10	-3.07904020502e-07
3.10287299569e-10	-2.40324405709e-07
3.1148071226e-10	-1.08965423351e-07
3.12674124951e-10	5.12699265265e-08
3.13867537641e-10	1.98739138924e-07
3.15060950332e-10	2.95847350174e-07
3.16254363023e-10	3.1919485366e-07
3.17447775713e-10	2.65109793673e-07
3.18641188404e-10	1.50698594936e-07
3.19834601094e-10	8.91961349225e-09
3.21028013785e-10	-1.21124935859e-07
3.22221426476e-10	-2.04610410393e-07
3.23414839166e-10	-2.21436794234e-07
3.24608251857e-10	-1.71369933355e-07
3.25801664548e-10	-7.37393879291e-08
3.26995077238e-10	3.84300973266e-08
3.28188489929e-10	1.28848471448e-07
3.2938190262e-10	1.69018591123e-07
3.3057531531e-10	1.46894675979e-07
3.31768728001e-10	7.08887446521e-08
3.32962140692e-10	-3.35604077861e-08
3.34155553382e-10	-1.31907089695e-07
3.35348966073e-10	-1.92203772897e-07
3.36542378764e-10	-1.95254749258e-07
3.37735791454e-10	-1.40325081333e-07
3.38929204145e-10	-4.48478183479e-08
3.40122616836e-10	6.19387154899e-08
3.41316029526e-10	1.48477175443e-07
3.42509442217e-10	1.90238415243e-07
3.43702854908e-10	1.76386159012e-07
3.44896267598e-10	1.11965428928e-07
3.46089680289e-10	1.55144590508e-08
3.47283092979e-10	-8.61754161363e-08
3.4847650567e-10	-1.65590522627e-07
3.49669918361e-10	-2.01188452564e-07
3.50863331051e-10	-1.83016322097e-07
3.52056743742e-10	-1.15068673701e-07
3.53250156433e-10	-1.43335296965e-08
3.54443569123e-10	9.34562107702e-08
3.55636981814e-10	1.80462828681e-07
3.56830394505e-10	2.24162970852e-07
3.58023807195e-10	2.13244421232e-07
3.59217219886e-10	1.50949517774e-07
3.60410632577e-10	5.41853726332e-08
3.61604045267e-10	-5.10842439461e-08
3.62797457958e-10	-1.36840867526e-07
3.63990870649e-10	-1.8125323642e-07
3.65184283339e-10	-1.74421991517e-07
3.6637769603e-10	-1.21228392658e-07
3.67571108721e-10	-3.94438268714e-08
3.68764521411e-10	4.59757782956e-08
3.69957934102e-10	1.10287372124e-07
3.71151346792e-10	1.36288639041e-07
3.72344759483e-10	1.18927566461e-07
3.73538172174e-10	6.58900303208e-08
3.74731584864e-10	-4.99047603242e-09
3.75924997555e-10	-7.181017736e-08
3.77118410246e-10	-1.14959965103e-07
3.78311822936e-10	-1.22624319587e-07
3.79505235627e-10	-9.42738989096e-08
3.80698648318e-10	-3.97835075994e-08
3.81892061008e-10	2.34397625754e-08
3.83085473699e-10	7.61348877276e-08
3.8427888639e-10	1.03091253756e-07
3.8547229908e-10	9.70232036934e-08
3.86665711771e-10	6.07845977996e-08
3.87859124462e-10	5.7894784522e-09
3.89052537152e-10	-5.14721207878e-08
3.90245949843e-10	-9.3898497866e-08
3.91439362534e-10	-1.0881505208e-07
3.92632775224e-10	-9.09096122825e-08
3.93826187915e-10	-4.40901719578e-08
3.95019600606e-10	1.94857983082e-08
3.96213013296e-10	8.24686186007e-08
3.97406425987e-10	1.26764481578e-07
3.98599838677e-10	1.38868243127e-07
3.99793251368e-10	1.1382052989e-07
4.00986664059e-10	5.70552889378e-08
4.02180076749e-10	-1.67905545023e-08
4.0337348944e-10	-8.79581705249e-08
4.04566902131e-10	-1.37064898098e-07
4.05760314821e-10	-1.50501112017e-07
4.06953727512e-10	-1.24392253831e-07
4.08147140203e-10	-6.55397114357e-08
4.09340552893e-10	1.03365197512e-08
4.10533965584e-10	8.2858857553e-08
4.11727378275e-10	1.32725718416e-07
4.12920790965e-10	1.46929073352e-07
4.14114203656e-10	1.22479018927e-07
4.15307616347e-10	6.71608728631e-08
4.16501029037e-10	-2.9748944419e-09
4.17694441728e-10	-6.83327918694e-08
4.18887854419e-10	-1.11666953906e-07
4.20081267109e-10	-1.22914981304e-07
4.212746798e-10	-1.01553221832e-07
4.2246809249e-10	-5.62741653276e-08
4.23661505181e-10	-1.66387664757e-09
4.24854917872e-10	4.62562410597e-08
4.26048330562e-10	7.4622066748e-08
4.27241743253e-10	7.72673578453e-08
4.28435155944e-10	5.58308084209e-08
4.29628568634e-10	1.90115634346e-08
4.30821981325e-10	-2.03487064976e-08
4.32015394016e-10	-4.93244152189e-08
4.33208806706e-10	-5.86291157845e-08
4.34402219397e-10	-4.55916278064e-08
4.35595632088e-10	-1.48494865293e-08
4.36789044778e-10	2.33100312386e-08
4.37982457469e-10	5.58691839458e-08
4.3917587016e-10	7.16277019919e-08
4.4036928285e-10	6.44198765443e-08
4.41562695541e-10	3.51843456592e-08
4.42756108232e-10	-8.04651112407e-09
4.43949520922e-10	-5.28856438642e-08
4.45142933613e-10	-8.57924362663e-08
4.46336346304e-10	-9.63615907068e-08
4.47529758994e-10	-8.02791726429e-08
4.48723171685e-10	-4.05437048379e-08
4.49916584375e-10	1.3001555943e-08
4.51109997066e-10	6.65064323613e-08
4.52303409757e-10	1.05696586594e-07
4.53496822447e-10	1.19689595124e-07
4.54690235138e-10	1.04231821396e-07
4.55883647829e-10	6.27688585553e-08
4.57077060519e-10	5.80601067224e-09
4.5827047321e-10	-5.18493052937e-08
4.59463885901e-10	-9.53053325148e-08
4.60657298591e-10	-1.1355434193e-07
4.61850711282e-10	-1.02719404538e-07
4.63044123973e-10	-6.70552631199e-08
4.64237536663e-10	-1.73986823837e-08
4.65430949354e-10	3.2009223716e-08
4.66624362045e-10	6.78647014141e-08
4.67817774735e-10	8.1605315394e-08
4.69011187426e-10	7.14067098784e-08
4.70204600117e-10	4.24618438188e-08
4.71398012807e-10	4.77879369409e-09
4.72591425498e-10	-2.99779312485e-08
4.73784838188e-10	-5.20062419795e-08
4.74978250879e-10	-5.61418058709e-08
4.7617166357e-10	-4.29158384385e-08
4.7736507626e-10	-1.79699215508e-08
4.78558488951e-10	1.00177581785e-08
4.79751901642e-10	3.22638666894e-08
4.80945314332e-10	4.24028918644e-08
4.82138727023e-10	3.81532347937e-08
4.83332139714e-10	2.17477251763e-08
4.84525552404e-10	-1.27290872287e-09
4.85718965095e-10	-2.35384720604e-08
4.86912377786e-10	-3.81650284709e-08
4.88105790476e-10	-4.03858866349e-08
4.89299203167e-10	-2.88433028572e-08
4.90492615858e-10	-6.07531658314e-09
4.91686028548e-10	2.19875762042e-08
4.92879441239e-10	4.73421026825e-08
4.9407285393e-10	6.19340259078e-08
4.9526626662e-10	6.01997340866e-08
4.96459679311e-10	4.07997631235e-08
4.97653092001e-10	7.71732977523e-09
4.98846504692e-10	-3.05957263969e-08
5.00039917383e-10	-6.35472554578e-08
5.01233330073e-10	-8.13472604833e-08
5.02426742764e-10	-7.84336418036e-08
5.03620155455e-10	-5.49962746454e-08
5.04813568145e-10	-1.72644982754e-08
5.06006980836e-10	2.43864537453e-08
5.07200393527e-10	5.8638586431e-08
5.08393806217e-10	7.6411867056e-08
5.09587218908e-10	7.35601215496e-08
5.10780631599e-10	5.1858889627e-08
5.11974044289e-10	1.8064181706e-08
5.1316745698e-10	-1.80330943511e-08
5.14360869671e-10	-4.6764912387e-08
5.15554282361e-10	-6.11166202091e-08
5.16747695052e-10	-5.83992840753e-08
5.17941107743e-10	-4.07472366959e-08
5.19134520433e-10	-1.38957946261e-08
5.20327933124e-10	1.4484894173e-08
5.21521345815e-10	3.70380934811e-08
5.22714758505e-10	4.85207554135e-08
5.23908171196e-10	4.68140517462e-08
5.25101583886e-10	3.32604166431e-08
5.26294996577e-10	1.20866145426e-08
5.27488409268e-10	-1.07372079561e-08
5.28681821958e-10	-2.88370252122e-08
5.29875234649e-10	-3.72405071225e-08
5.3106864734e-10	-3.35486873837e-08
5.3226206003e-10	-1.8979949834e-08
5.33455472721e-10	1.8368981336e-09
5.34648885412e-10	2.20003757434e-08
5.35842298102e-10	3.44394286422e-08
5.37035710793e-10	3.43221233656e-08
5.38229123484e-10	2.08665642543e-08
5.39422536174e-10	-2.04360867118e-09
5.40615948865e-10	-2.70818749648e-08
5.41809361556e-10	-4.57018960454e-08
5.43002774246e-10	-5.12147750875e-08
5.44196186937e-10	-4.09177620675e-08
5.45389599628e-10	-1.72161773726e-08
5.46583012318e-10	1.3248227515e-08
5.47776425009e-10	4.16147938331e-08
5.48969837699e-10	5.95847362561e-08
5.5016325039e-10	6.19542408486e-08
5.51356663081e-10	4.80226685085e-08
5.52550075771e-10	2.17395226265e-08
5.53743488462e-10	-9.60279089579e-09
5.54936901153e-10	-3.7632001515e-08
5.56130313843e-10	-5.51822840755e-08
5.57323726534e-10	-5.82686427997e-08
5.58517139225e-10	-4.69099576961e-08
5.59710551915e-10	-2.47357476724e-08
5.60903964606e-10	2.09735290246e-09
5.62097377297e-10	2.67944306742e-08
5.63290789987e-10	4.34605333943e-08
5.64484202678e-10	4.84349107488e-08
5.65677615369e-10	4.10112592775e-08
5.66871028059e-10	2.34553259038e-08
5.6806444075e-10	5.13684372816e-10
5.69257853441e-10	-2.16520383844e-08
5.70451266131e-10	-3.70881361178e-08
5.71644678822e-10	-4.1522993488e-08
5.72838091513e-10	-3.38083299134e-08
5.74031504203e-10	-1.63860723879e-08
5.75224916894e-10	5.34901900551e-09
5.76418329584e-10	2.45208553462e-08
5.77611742275e-10	3.51182034564e-08
5.78805154966e-10	3.38759251761e-08
5.79998567656e-10	2.14363671258e-08
5.81191980347e-10	2.16671761089e-09
5.82385393038e-10	-1.73759311384e-08
5.83578805728e-10	-3.06271905615e-08
5.84772218419e-10	-3.31760405814e-08
5.8596563111e-10	-2.42450988175e-08
5.871590438e-10	-6.68441507701e-09
5.88352456491e-10	1.38894915569e-08
5.89545869182e-10	3.10883425669e-08
5.90739281872e-10	3.96493891053e-08
5.91932694563e-10	3.69236690112e-08
5.93126107254e-10	2.35758299549e-08
5.94319519944e-10	3.15828005415e-09
5.95512932635e-10	-1.89037849818e-08
5.96706345326e-10	-3.68401842366e-08
5.97899758016e-10	-4.6017431643e-08
5.99093170707e-10	-4.40723426642e-08
6.00286583397e-10	-3.14240806709e-08
6.01479996088e-10	-1.11923289525e-08
6.02673408779e-10	1.16979663733e-08
6.03866821469e-10	3.1567881198e-08
6.0506023416e-10	4.35206488625e-08
6.06253646851e-10	4.45609655841e-08
6.07447059541e-10	3.44070842928e-08
6.08640472232e-10	1.57296522474e-08
6.09833884923e-10	-6.57691040518e-09
6.11027297613e-10	-2.64858834864e-08
6.12220710304e-10	-3.85497465061e-08
6.13414122995e-10	-3.94896813027e-08
6.14607535685e-10	-2.91947568343e-08
6.15800948376e-10	-1.09050171115e-08
6.16994361067e-10	9.77982317352e-09
6.18187773757e-10	2.66555264528e-08
6.19381186448e-10	3.48199939992e-08
6.20574599139e-10	3.22554876142e-08
6.21768011829e-10	2.03034506985e-08
6.2296142452e-10	3.08499686907e-09
6.24154837211e-10	-1.39009572742e-08
6.25348249901e-10	-2.55728835885e-08
6.26541662592e-10	-2.87197188253e-08
6.27735075282e-10	-2.27985679224e-08
6.28928487973e-10	-9.99861149431e-09
6.30121900664e-10	5.59127566468e-09
6.31315313354e-10	1.91405680194e-08
6.32508726045e-10	2.64700747987e-08
6.33702138736e-10	2.52859908567e-08
6.34895551426e-10	1.57473702966e-08
6.36088964117e-10	5.34312538658e-10
6.37282376808e-10	-1.59555497703e-08
6.38475789498e-10	-2.88673462912e-08
6.39669202189e-10	-3.42202204351e-08
6.4086261488e-10	-3.01245495216e-08
6.4205602757e-10	-1.72826495337e-08
6.43249440261e-10	1.16040146936e-09
6.44442852952e-10	2.03561687506e-08
6.45636265642e-10	3.5144520627e-08
6.46829678333e-10	4.13233127716e-08
6.48023091024e-10	3.69027017832e-08
6.49216503714e-10	2.27813821141e-08
6.50409916405e-10	2.51384213446e-09
6.51603329095e-10	-1.84442565665e-08
6.52796741786e-10	-3.43900414812e-08
6.53990154477e-10	-4.09773575072e-08
6.55183567167e-10	-3.64859333857e-08
6.56376979858e-10	-2.24359195666e-08
6.57570392549e-10	-2.9834877624e-09
6.58763805239e-10	1.6280125692e-08
6.5995721793e-10	3.00146383303e-08
6.61150630621e-10	3.47431732273e-08
6.62344043311e-10	2.96325091131e-08
6.63537456002e-10	1.66891990228e-08
6.64730868693e-10	-2.56923093911e-11
6.65924281383e-10	-1.56853703359e-08
6.67117694074e-10	-2.59654948653e-08
6.68311106765e-10	-2.83624941311e-08
6.69504519455e-10	-2.26293466188e-08
6.70697932146e-10	-1.08215325589e-08
6.71891344837e-10	3.37508618276e-09
6.73084757527e-10	1.57887922736e-08
6.74278170218e-10	2.28279353198e-08
6.75471582909e-10	2.25638610019e-08
6.76664995599e-10	1.52321140146e-08
6.7785840829e-10	3.12796297197e-09
6.7905182098e-10	-9.98676330521e-09
6.80245233671e-10	-2.00219800739e-08
6.81438646362e-10	-2.37558817062e-08
6.82632059052e-10	-1.97924228118e-08
6.83825471743e-10	-9.09785236036e-09
6.85018884434e-10	5.27569121722e-09
6.86212297124e-10	1.90297471114e-08
6.87405709815e-10	2.78796103981e-08
6.88599122506e-10	2.88938031279e-08
6.89792535196e-10	2.13950477335e-08
6.90985947887e-10	7.24678150821e-09
6.92179360578e-10	-9.65725432955e-09
6.93372773268e-10	-2.45503013474e-08
6.94566185959e-10	-3.31676499599e-08
6.9575959865e-10	-3.30433849172e-08
6.9695301134e-10	-2.41885502739e-08
6.98146424031e-10	-9.04204566776e-09
6.99339836722e-10	8.24643819897e-09
7.00533249412e-10	2.30814012347e-08
7.01726662103e-10	3.16369397346e-08
7.02920074793e-10	3.18645794195e-08
7.04113487484e-10	2.3953353967e-08
7.05306900175e-10	1.01740567082e-08
7.06500312865e-10	-5.76245318129e-09
7.07693725556e-10	-1.96534641894e-08
7.08887138247e-10	-2.79385365953e-08
7.10080550937e-10	-2.85335477468e-08
7.11273963628e-10	-2.14592117409e-08
7.12467376319e-10	-8.82012451964e-09
7.13660789009e-10	5.77609909902e-09
7.148542017e-10	1.81445252156e-08
7.16047614391e-10	2.48423197569e-08
7.17241027081e-10	2.40732711543e-08
7.18434439772e-10	1.62780404711e-08
7.19627852463e-10	4.00122340816e-09
7.20821265153e-10	-8.95839014081e-09
7.22014677844e-10	-1.86282453907e-08
7.23208090535e-10	-2.21295213265e-08
7.24401503225e-10	-1.85405804043e-08
7.25594915916e-10	-9.09321995479e-09
7.26788328607e-10	3.12367770539e-09
7.27981741297e-10	1.42410996329e-08
7.29175153988e-10	2.07227337512e-08
7.30368566678e-10	2.04890580058e-08
7.31561979369e-10	1.35640401133e-08
7.3275539206e-10	1.99781144405e-09
7.3394880475e-10	-1.07151835183e-08
7.35142217441e-10	-2.07376698036e-08
7.36335630132e-10	-2.50095069099e-08
7.37529042822e-10	-2.21498428488e-08
7.38722455513e-10	-1.28083283979e-08
7.39915868204e-10	4.95525703803e-10
7.41109280894e-10	1.41427909384e-08
7.42302693585e-10	2.43650459808e-08
7.43496106276e-10	2.83158816394e-08
7.44689518966e-10	2.48193550156e-08
7.45882931657e-10	1.47001446571e-08
7.47076344348e-10	5.96830890265e-10
7.48269757038e-10	-1.37671365419e-08
7.49463169729e-10	-2.45360847195e-08
7.5065658242e-10	-2.8811915076e-08
7.5184999511e-10	-2.54340428718e-08
7.53043407801e-10	-1.53295298677e-08
7.54236820491e-10	-1.29616409272e-09
7.55430233182e-10	1.27860896315e-08
7.56623645873e-10	2.30280390312e-08
7.57817058563e-10	2.6631573169e-08
7.59010471254e-10	2.27388778917e-08
7.60203883945e-10	1.26267875045e-08
7.61397296635e-10	-6.36309893665e-10
7.62590709326e-10	-1.31387364322e-08
7.63784122017e-10	-2.12879540662e-08
7.64977534707e-10	-2.28777794486e-08
7.66170947398e-10	-1.76992689394e-08
7.67364360089e-10	-7.58572388238e-09
7.68557772779e-10	4.2464791683e-09
7.6975118547e-10	1.41586916635e-08
7.70944598161e-10	1.92201687899e-08
7.72138010851e-10	1.80887798074e-08
7.73331423542e-10	1.12860399915e-08
7.74524836233e-10	1.08835436496e-09
7.75718248923e-10	-9.31585331099e-09
7.76911661614e-10	-1.67342752988e-08
7.78105074305e-10	-1.89246218696e-08
7.79298486995e-10	-1.5254856045e-08
7.80491899686e-10	-6.78776063134e-09
7.81685312376e-10	4.01583938325e-09
7.82878725067e-10	1.40153161299e-08
7.84072137758e-10	2.03099768115e-08
7.85265550448e-10	2.09690196318e-08
7.86458963139e-10	1.56453757727e-08
7.8765237583e-10	5.65017521659e-09
7.8884578852e-10	-6.36651714681e-09
7.90039201211e-10	-1.70726617288e-08
7.91232613902e-10	-2.34357553364e-08
7.92426026592e-10	-2.35295716244e-08
7.93619439283e-10	-1.71666996174e-08
7.94812851974e-10	-5.98703819854e-09
7.96006264664e-10	6.96373736453e-09
7.97199677355e-10	1.80887347323e-08
7.98393090046e-10	2.42609756729e-08
7.99586502736e-10	2.37637676204e-08
8.00779915427e-10	1.67514342397e-08
8.01973328118e-10	5.26103216547e-09
8.03166740808e-10	-7.43543848714e-09
8.04360153499e-10	-1.77635608445e-08
8.05553566189e-10	-2.28737666585e-08
8.0674697888e-10	-2.15130817605e-08
8.07940391571e-10	-1.42641943812e-08
8.09133804261e-10	-3.40442615765e-09
8.10327216952e-10	7.8531601222e-09
8.11520629643e-10	1.63276687726e-08
8.12714042333e-10	1.97274387936e-08
8.13907455024e-10	1.73373404522e-08
8.15100867715e-10	1.0103775594e-08
8.16294280405e-10	3.05885407281e-10
8.17487693096e-10	-9.09346942191e-09
8.18681105787e-10	-1.53770034483e-08
8.19874518477e-10	-1.67746458946e-08
8.21067931168e-10	-1.2980976849e-08
8.22261343859e-10	-5.2330194622e-09
8.23454756549e-10	4.09705064319e-09
8.2464816924e-10	1.21747723014e-08
8.25841581931e-10	1.65252911355e-08
8.27034994621e-10	1.58163935282e-08
8.28228407312e-10	1.01679206166e-08
8.29421820002e-10	1.19170122381e-09
8.30615232693e-10	-8.49105430412e-09
8.31808645384e-10	-1.60520461367e-08
8.33002058074e-10	-1.9161478404e-08
8.34195470765e-10	-1.67992006972e-08
8.35388883456e-10	-9.46775724486e-09
8.36582296146e-10	8.63933369288e-10
8.37775708837e-10	1.12835777388e-08
8.38969121528e-10	1.88115416577e-08
8.40162534218e-10	2.12052242432e-08
8.41355946909e-10	1.76776133731e-08
8.425493596e-10	9.16136055906e-09
8.4374277229e-10	-1.98922125993e-09
8.44936184981e-10	-1.26137388312e-08
8.46129597672e-10	-1.97151304171e-08
8.47323010362e-10	-2.1324950028e-08
8.48516423053e-10	-1.7022185661e-08
8.49709835744e-10	-8.11458700234e-09
8.50903248434e-10	2.84740583889e-09
8.52096661125e-10	1.27594119714e-08
8.53290073816e-10	1.88801414502e-08
8.54483486506e-10	1.96185208079e-08
8.55676899197e-10	1.49237816549e-08
8.56870311887e-10	6.30078983432e-09
8.58063724578e-10	-3.68317898403e-09
8.59257137269e-10	-1.21742250725e-08
8.60450549959e-10	-1.68185168015e-08
8.6164396265e-10	-1.64616924536e-08
8.62837375341e-10	-1.14106105675e-08
8.64030788031e-10	-3.28858248966e-09
8.65224200722e-10	5.42853967334e-09
8.66417613413e-10	1.21944787601e-08
8.67611026103e-10	1.50747621053e-08
8.68804438794e-10	1.32914521611e-08
8.69997851485e-10	7.46377876171e-09
8.71191264175e-10	-6.49019629706e-10
8.72384676866e-10	-8.58905291334e-09
8.73578089557e-10	-1.39477187577e-08
8.74771502247e-10	-1.50929700959e-08
8.75964914938e-10	-1.15830992575e-08
8.77158327629e-10	-4.4090396889e-09
8.78351740319e-10	4.35968444679e-09
8.7954515301e-10	1.21377563556e-08
8.807385657e-10	1.65601592439e-08
8.81931978391e-10	1.62586892838e-08
8.83125391082e-10	1.12025281274e-08
8.84318803772e-10	2.77894782186e-09
8.85512216463e-10	-6.60336546554e-09
8.86705629154e-10	-1.42588479912e-08
8.87899041844e-10	-1.79533576894e-08
8.89092454535e-10	-1.66037654736e-08
8.90285867226e-10	-1.05933704031e-08
8.91479279916e-10	-1.61049722169e-09
8.92672692607e-10	7.78099051857e-09
8.93866105298e-10	1.49501743207e-08
8.95059517988e-10	1.79112855658e-08
8.96252930679e-10	1.58817209384e-08
8.9744634337e-10	9.51649870018e-09
8.9863975606e-10	6.55425422269e-10
8.99833168751e-10	-8.18411005632e-09
9.01026581442e-10	-1.45321775724e-08
9.02219994132e-10	-1.66941052093e-08
9.03413406823e-10	-1.41692778621e-08
9.04606819514e-10	-7.81298814534e-09
9.05800232204e-10	4.69287664284e-10
9.06993644895e-10	8.29566881855e-09
9.08187057585e-10	1.3467051474e-08
9.09380470276e-10	1.46298061443e-08
9.10573882967e-10	1.15828957536e-08
9.11767295657e-10	5.3362533281e-09
9.12960708348e-10	-2.21743837181e-09
9.14154121039e-10	-8.86284168278e-09
9.15347533729e-10	-1.2665688276e-08
9.1654094642e-10	-1.25467448653e-08
9.17734359111e-10	-8.5692665186e-09
9.18927771801e-10	-1.93494420486e-09
9.20121184492e-10	5.35698296833e-09
9.21314597183e-10	1.10976583478e-08
9.22508009873e-10	1.35248671151e-08
9.23701422564e-10	1.18453904463e-08
9.24894835255e-10	6.50163134441e-09
9.26088247945e-10	-9.58105234039e-10
9.27281660636e-10	-8.34216695722e-09
9.28475073327e-10	-1.34372460936e-08
9.29668486017e-10	-1.47101393289e-08
9.30861898708e-10	-1.17223750706e-08
9.32055311398e-10	-5.28707017056e-09
9.33248724089e-10	2.7546301351e-09
9.3444213678e-10	1.01125424701e-08
9.3563554947e-10	1.46578764681e-08
9.36828962161e-10	1.50923401554e-08
9.38022374852e-10	1.13050454553e-08
9.39215787542e-10	4.38023306515e-09
9.40409200233e-10	-3.68314395649e-09
9.41602612924e-10	-1.06092061802e-08
9.42796025614e-10	-1.44728330431e-08
9.43989438305e-10	-1.42390997881e-08
9.45182850996e-10	-1.00678901882e-08
9.46376263686e-10	-3.192752146e-09
9.47569676377e-10	4.41664166351e-09
9.48763089068e-10	1.06286225376e-08
9.49956501758e-10	1.37657669708e-08
9.51149914449e-10	1.30242845398e-08
9.5234332714e-10	8.70943417386e-09
9.5353673983e-10	2.11987150056e-09
9.54730152521e-10	-4.84380646704e-09
9.55923565212e-10	-1.01891363125e-08
9.57116977902e-10	-1.24310783889e-08
9.58310390593e-10	-1.09957226657e-08
9.59503803283e-10	-6.37187025365e-09
9.60697215974e-10	3.55675211505e-12
9.61890628665e-10	6.21919415966e-09
9.63084041355e-10	1.04137372059e-08
9.64277454046e-10	1.13435884019e-08
9.65470866737e-10	8.7702006768e-09
9.66664279427e-10	3.48036438558e-09
9.67857692118e-10	-2.8958281606e-09
9.69051104809e-10	-8.4218267915e-09
9.70244517499e-10	-1.14165999987e-08
9.7143793019e-10	-1.09385138725e-08
9.72631342881e-10	-7.10915804003e-09
9.73824755571e-10	-1.0213283691e-09
9.75018168262e-10	5.5382124442e-09
9.76211580953e-10	1.06338319261e-08
9.77404993643e-10	1.27624283364e-08
9.78598406334e-10	1.12624474191e-08
9.79791819025e-10	6.53737836087e-09
9.80985231715e-10	-6.76464231852e-11
9.82178644406e-10	-6.67738003779e-09
9.83372057096e-10	-1.14072610247e-08
9.84565469787e-10	-1.29253877601e-08
9.85758882478e-10	-1.08369923035e-08
9.86952295168e-10	-5.74761849226e-09
9.88145707859e-10	8.68860983161e-10
9.8933912055e-10	7.1575239069e-09
9.9053253324e-10	1.13847503647e-08
9.91725945931e-10	1.24032920601e-08
9.92919358622e-10	1.00097233835e-08
9.94112771312e-10	4.91650903323e-09
9.95306184003e-10	-1.40886212419e-09
9.96499596694e-10	-7.17647036241e-09
9.97693009384e-10	-1.0806583961e-08
9.98886422075e-10	-1.13126372714e-08
1.00007983477e-09	-8.63221460978e-09
1.00127324746e-09	-3.60160706814e-09
1.00246666015e-09	2.2989378734e-09
1.00366007284e-09	7.33984201196e-09
1.00485348553e-09	1.01024741905e-08
1.00604689822e-09	9.84267833903e-09
1.00724031091e-09	6.71234634542e-09
1.0084337236e-09	1.72237588081e-09
1.00962713629e-09	-3.61377122671e-09
1.01082054898e-09	-7.68540464602e-09
1.01201396167e-09	-9.28314403126e-09
1.01320737436e-09	-7.96862786867e-09
1.01440078705e-09	-4.14791323511e-09
1.01559419974e-09	9.91194001876e-10
1.01678761243e-09	5.88712917304e-09
1.01798102513e-09	9.05383890082e-09
1.01917443782e-09	9.49995837551e-09
1.02036785051e-09	7.07768116337e-09
1.0215612632e-09	2.46539721971e-09
1.02275467589e-09	-2.99350025323e-09
1.02394808858e-09	-7.69091584862e-09
1.02514150127e-09	-1.02608082031e-08
1.02633491396e-09	-9.92173265768e-09
1.02752832665e-09	-6.74942951528e-09
1.02872173934e-09	-1.63453776902e-09
1.02991515203e-09	4.00432914605e-09
1.03110856472e-09	8.56202109212e-09
1.03230197741e-09	1.07800832705e-08
1.0334953901e-09	1.00393426905e-08
1.03468880279e-09	6.55236059854e-09
1.03588221549e-09	1.3182248626e-09
1.03707562818e-09	-4.2108459497e-09
1.03826904087e-09	-8.48743397786e-09
1.03946245356e-09	-1.03398855034e-08
1.04065586625e-09	-9.29367560687e-09
1.04184927894e-09	-5.68327546135e-09
1.04304269163e-09	-5.67700671195e-10
1.04423610432e-09	4.58375587487e-09
1.04542951701e-09	8.33641378151e-09
1.0466229297e-09	9.66074453768e-09
1.04781634239e-09	8.26091783868e-09
1.04900975508e-09	4.61631399773e-09
1.05020316777e-09	-1.79284569829e-10
1.05139658046e-09	-4.70732641755e-09
1.05258999315e-09	-7.69186836447e-09
1.05378340584e-09	-8.31760715858e-09
1.05497681854e-09	-6.4702786462e-09
1.05617023123e-09	-2.7753389864e-09
1.05736364392e-09	1.63989338775e-09
1.05855705661e-09	5.42908612511e-09
1.0597504693e-09	7.46416634057e-09
1.06094388199e-09	7.15800757556e-09
1.06213729468e-09	4.61494598092e-09
1.06333070737e-09	6.40639305494e-10
1.06452412006e-09	-3.54819801318e-09
1.06571753275e-09	-6.66787025594e-09
1.06691094544e-09	-7.74919245439e-09
1.06810435813e-09	-6.45515302322e-09
1.06929777082e-09	-3.14307696536e-09
1.07049118351e-09	1.22656337864e-09
1.0716845962e-09	5.36271621554e-09
1.0728780089e-09	8.0666200386e-09
1.07407142159e-09	8.5191228516e-09
1.07526483428e-09	6.567254629e-09
1.07645824697e-09	2.74650163723e-09
1.07765165966e-09	-1.88774654242e-09
1.07884507235e-09	-6.01479915874e-09
1.08003848504e-09	-8.48423697963e-09
1.08123189773e-09	-8.59970228362e-09
1.08242531042e-09	-6.32766983255e-09
1.08361872311e-09	-2.330969473e-09
1.0848121358e-09	2.27653559892e-09
1.08600554849e-09	6.20202489365e-09
1.08719896118e-09	8.36439806307e-09
1.08839237387e-09	8.21055268219e-09
1.08958578656e-09	5.81212916684e-09
1.09077919926e-09	1.89810853146e-09
1.09197261195e-09	-2.42045772314e-09
1.09316602464e-09	-5.93695698159e-09
1.09435943733e-09	-7.68572683274e-09
1.09555285002e-09	-7.24024473708e-09
1.09674626271e-09	-4.77908584928e-09
1.0979396754e-09	-1.06340147799e-09
1.09913308809e-09	2.8130405505e-09
1.10032650078e-09	5.73918312874e-09
1.10151991347e-09	6.89929730013e-09
1.10271332616e-09	6.01483440832e-09
1.10390673885e-09	3.41461151021e-09
1.10510015154e-09	-8.29881753595e-11
1.10629356423e-09	-3.40484032635e-09
1.10748697692e-09	-5.55636120447e-09
1.10868038961e-09	-5.91838233976e-09
1.10987380231e-09	-4.40630609777e-09
1.111067215e-09	-1.51274791305e-09
1.11226062769e-09	1.86675809533e-09
1.11345404038e-09	4.70202032865e-09
1.11464745307e-09	6.11613493184e-09
1.11584086576e-09	5.6790438463e-09
1.11703427845e-09	3.49538983868e-09
1.11822769114e-09	1.99745608942e-10
1.11942110383e-09	-3.23694057669e-09
1.12061451652e-09	-5.80780196158e-09
1.12180792921e-09	-6.73819278152e-09
1.1230013419e-09	-5.73680219995e-09
1.12419475459e-09	-3.0734166323e-09
1.12538816728e-09	5.10389716601e-10
1.12658157997e-09	3.99750768598e-09
1.12777499267e-09	6.40733488488e-09
1.12896840536e-09	7.07212804985e-09
1.13016181805e-09	5.80308878728e-09
1.13135523074e-09	2.9739476437e-09
1.13254864343e-09	-6.32101197773e-10
1.13374205612e-09	-4.01384281368e-09
1.13493546881e-09	-6.24124973925e-09
1.1361288815e-09	-6.72885608344e-09
1.13732229419e-09	-5.35540423119e-09
1.13851570688e-09	-2.53720774945e-09
1.13970911957e-09	9.20259118908e-10
1.14090253226e-09	4.05027078543e-09
1.14209594495e-09	5.97694499449e-09
1.14328935764e-09	6.19858969708e-09
1.14448277033e-09	4.69854366525e-09
1.14567618303e-09	1.94810574616e-09
1.14686959572e-09	-1.21621242244e-09
1.14806300841e-09	-3.89077101093e-09
1.1492564211e-09	-5.31418015148e-09
1.15044983379e-09	-5.12593728574e-09
1.15164324648e-09	-3.44595857404e-09
1.15283665917e-09	-8.08239579431e-10
1.15403007186e-09	1.96125657381e-09
1.15522348455e-09	4.04395644749e-09
1.15641689724e-09	4.82844425553e-09
1.15761030993e-09	4.10274614282e-09
1.15880372262e-09	2.1197544553e-09
1.15999713531e-09	-5.06817192381e-10
1.161190548e-09	-2.96162763758e-09
1.16238396069e-09	-4.49301201799e-09
1.16357737338e-09	-4.63348426294e-09
1.16477078608e-09	-3.33001079489e-09
1.16596419877e-09	-9.65952012821e-10
1.16715761146e-09	1.75635465893e-09
1.16835102415e-09	4.03857863818e-09
1.16954443684e-09	5.20144771698e-09
1.17073784953e-09	4.89235718604e-09
1.17193126222e-09	3.19252407843e-09
1.17312467491e-09	5.61922119946e-10
1.1743180876e-09	-2.25042712243e-09
1.17551150029e-09	-4.46363546125e-09
1.17670491298e-09	-5.45321526824e-09
1.17789832567e-09	-4.93173230032e-09
1.17909173836e-09	-3.05534347822e-09
1.18028515105e-09	-3.35320857886e-10
1.18147856374e-09	2.46370596146e-09
1.18267197644e-09	4.56497406542e-09
1.18386538913e-09	5.40198724641e-09
1.18505880182e-09	4.75116923582e-09
1.18625221451e-09	2.82666440254e-09
1.1874456272e-09	1.86417176834e-10
1.18863903989e-09	-2.42652783977e-09
1.18983245258e-09	-4.27761037702e-09
1.19102586527e-09	-4.88498225204e-09
1.19221927796e-09	-4.11210343554e-09
1.19341269065e-09	-2.21762833097e-09
1.19460610334e-09	2.15608496335e-10
1.19579951603e-09	2.49190076906e-09
1.19699292872e-09	3.95651736373e-09
1.19818634141e-09	4.22043566761e-09
1.1993797541e-09	3.25813251378e-09
1.20057316679e-09	1.38373731917e-09
1.20176657949e-09	-8.0208953368e-10
1.20295999218e-09	-2.64459690258e-09
1.20415340487e-09	-3.60214075235e-09
1.20534681756e-09	-3.40210359884e-09
1.20654023025e-09	-2.14948950306e-09
1.20773364294e-09	-2.35009053884e-10
1.20892705563e-09	1.74071496106e-09
1.21012046832e-09	3.17360246416e-09
1.21131388101e-09	3.64177166201e-09
1.2125072937e-09	2.99341637588e-09
1.21370070639e-09	1.4274059712e-09
1.21489411908e-09	-5.98279197017e-10
1.21608753177e-09	-2.49393511398e-09
1.21728094446e-09	-3.69202499129e-09
1.21847435715e-09	-3.83987258656e-09
1.21966776985e-09	-2.87596374493e-09
1.22086118254e-09	-1.06172622083e-09
1.22205459523e-09	1.09074499433e-09
1.22324800792e-09	2.97704283447e-09
1.22444142061e-09	4.06089589733e-09
1.2256348333e-09	4.03169853058e-09
1.22682824599e-09	2.90216534138e-09
1.22802165868e-09	9.83699122159e-10
1.22921507137e-09	-1.18774183544e-09
1.23040848406e-09	-3.00742653003e-09
1.23160189675e-09	-3.98832017412e-09
1.23279530944e-09	-3.8610580011e-09
1.23398872213e-09	-2.68793995395e-09
1.23518213482e-09	-8.08691495713e-10
1.23637554751e-09	1.24944066204e-09
1.23756896021e-09	2.90092749822e-09
1.2387623729e-09	3.7111100859e-09
1.23995578559e-09	3.46983985988e-09
1.24114919828e-09	2.28243449141e-09
1.24234261097e-09	5.20776761992e-10
1.24353602366e-09	-1.30196993464e-09
1.24472943635e-09	-2.65333585658e-09
1.24592284904e-09	-3.17116874426e-09
1.24711626173e-09	-2.74313860515e-09
1.24830967442e-09	-1.52873905201e-09
1.24950308711e-09	7.3859005717e-11
1.2506964998e-09	1.58047580578e-09
1.25188991249e-09	2.54742463235e-09
1.25308332518e-09	2.69811203935e-09
1.25427673787e-09	2.02112165892e-09
1.25547015056e-09	7.33171870437e-10
1.25666356326e-09	-7.61905614988e-10
1.25785697595e-09	-2.0029744946e-09
1.25905038864e-09	-2.62478450086e-09
1.26024380133e-09	-2.43032358127e-09
1.26143721402e-09	-1.48371848141e-09
1.26263062671e-09	-6.34137672928e-11
1.2638240394e-09	1.41485360927e-09
1.26501745209e-09	2.50683412917e-09
1.26621086478e-09	2.89329532555e-09
1.26740427747e-09	2.45045714276e-09
1.26859769016e-09	1.29448490815e-09
1.26979110285e-09	-2.47910891468e-10
1.27098451554e-09	-1.7489114601e-09
1.27217792823e-09	-2.78222322958e-09
1.27337134092e-09	-3.05277722545e-09
1.27456475362e-09	-2.48627940458e-09
1.27575816631e-09	-1.23031843047e-09
1.276951579e-09	3.63059231984e-10
1.27814499169e-09	1.85353943305e-09
1.27933840438e-09	2.83228410169e-09
1.28053181707e-09	3.02732014457e-09
1.28172522976e-09	2.40197828294e-09
1.28291864245e-09	1.14105265514e-09
1.28411205514e-09	-3.92422434825e-10
1.28530546783e-09	-1.76183187484e-09
1.28649888052e-09	-2.59765489674e-09
1.28769229321e-09	-2.68439126483e-09
1.2888857059e-09	-2.02982244901e-09
1.29007911859e-09	-8.51376330546e-10
1.29127253128e-09	5.00961088584e-10
1.29246594398e-09	1.63243471518e-09
1.29365935667e-09	2.23545171263e-09
1.29485276936e-09	2.16720444368e-09
1.29604618205e-09	1.47287960994e-09
1.29723959474e-09	3.92117113085e-10
1.29843300743e-09	-7.45404127311e-10
1.29962642012e-09	-1.60155591566e-09
1.30081983281e-09	-1.92816461408e-09
1.3020132455e-09	-1.65213652481e-09
1.30320665819e-09	-8.69857026686e-10
1.30440007088e-09	1.66060517767e-10
1.30559348357e-09	1.1361590696e-09
1.30678689626e-09	1.75158618165e-09
1.30798030895e-09	1.8239674493e-09
1.30917372164e-09	1.33503438859e-09
1.31036713433e-09	4.31580854388e-10
1.31156054703e-09	-6.25410563615e-10
1.31275395972e-09	-1.51935927728e-09
1.31394737241e-09	-1.98926783379e-09
1.3151407851e-09	-1.88955333325e-09
1.31633419779e-09	-1.23727024459e-09
1.31752761048e-09	-2.14767386167e-10
1.31872102317e-09	8.96226530489e-10
1.31991443586e-09	1.77633396881e-09
1.32110784855e-09	2.17459195095e-09
1.32230126124e-09	1.97474520069e-09
1.32349467393e-09	1.22667756508e-09
1.32468808662e-09	1.40486604988e-10
1.32588149931e-09	-9.81916881138e-10
1.327074912e-09	-1.83217339911e-09
1.32826832469e-09	-2.17532976354e-09
1.32946173739e-09	-1.9310107402e-09
1.33065515008e-09	-1.17872349381e-09
1.33184856277e-09	-1.35598390155e-10
1.33304197546e-09	8.97601167005e-10
1.33423538815e-09	1.6472910952e-09
1.33542880084e-09	1.91438999375e-09
1.33662221353e-09	1.65118375917e-09
1.33781562622e-09	9.58792184536e-10
1.33900903891e-09	4.46294320944e-11
1.3402024516e-09	-8.18344288167e-10
1.34139586429e-09	-1.39659381282e-09
1.34258927698e-09	-1.54446755385e-09
1.34378268967e-09	-1.24084763298e-09
1.34497610236e-09	-6.0403174823e-10
1.34616951505e-09	1.65333507302e-10
1.34736292775e-09	8.36911741298e-10
1.34855634044e-09	1.21360037297e-09
1.34974975313e-09	1.20257040437e-09
1.35094316582e-09	8.16067866061e-10
1.35213657851e-09	1.82097698032e-10
1.3533299912e-09	-4.97336689192e-10
1.35452340389e-09	-1.0242895282e-09
1.35571681658e-09	-1.23179010048e-09
1.35691022927e-09	-1.06078582029e-09
1.35810364196e-09	-5.61060288506e-10
1.35929705465e-09	1.25671806295e-10
1.36049046734e-09	7.86066239877e-10
1.36168388003e-09	1.23009485931e-09
1.36287729272e-09	1.31472785436e-09
1.36407070541e-09	1.00843210171e-09
1.3652641181e-09	3.97761622251e-10
1.3664575308e-09	-3.51601268933e-10
1.36765094349e-09	-1.020187268e-09
1.36884435618e-09	-1.41826994593e-09
1.37003776887e-09	-1.43380990414e-09
1.37123118156e-09	-1.05551249685e-09
1.37242459425e-09	-3.95157361693e-10
1.37361800694e-09	3.69487673096e-10
1.37481141963e-09	1.02844092964e-09
1.37600483232e-09	1.40067128729e-09
1.37719824501e-09	1.39711231473e-09
1.3783916577e-09	1.02309467842e-09
1.37958507039e-09	3.92297930252e-10
1.38077848308e-09	-3.16054984267e-10
1.38197189577e-09	-9.13874684261e-10
1.38316530846e-09	-1.24335362145e-09
1.38435872116e-09	-1.2325741261e-09
1.38555213385e-09	-9.07508200532e-10
1.38674554654e-09	-3.6859338845e-10
1.38793895923e-09	2.18037160375e-10
1.38913237192e-09	6.94002515178e-10
1.39032578461e-09	9.37738831031e-10
1.3915191973e-09	8.92978149758e-10
1.39271260999e-09	5.99469175688e-10
1.39390602268e-09	1.51756052169e-10
1.39509943537e-09	-3.09392796105e-10
1.39629284806e-09	-6.47657868308e-10
1.39748626075e-09	-7.74413672078e-10
1.39867967344e-09	-6.55400789196e-10
1.39987308613e-09	-3.40097009582e-10
1.40106649882e-09	6.74950928481e-11
1.40225991152e-09	4.43841713382e-10
1.40345332421e-09	6.66367114266e-10
1.4046467369e-09	6.71589985013e-10
1.40584014959e-09	4.55502052743e-10
1.40703356228e-09	8.15020750541e-11
1.40822697497e-09	-3.31100733636e-10
1.40942038766e-09	-6.62826352832e-10
1.41061380035e-09	-8.07731402597e-10
1.41180721304e-09	-7.18909515252e-10
1.41300062573e-09	-4.22833459218e-10
1.41419403842e-09	5.5064759176e-12
1.41538745111e-09	4.37458742841e-10
1.4165808638e-09	7.528983062e-10
1.41777427649e-09	8.64726790173e-10
1.41896768918e-09	7.333117516e-10
1.42016110187e-09	4.01894195007e-10
1.42135451457e-09	-4.61740151322e-11
1.42254792726e-09	-4.87780836556e-10
1.42374133995e-09	-8.03100821956e-10
1.42493475264e-09	-9.18661299809e-10
1.42612816533e-09	-8.03772007285e-10
1.42732157802e-09	-4.98701632073e-10
1.42851499071e-09	-8.9255493621e-11
1.4297084034e-09	3.19252142084e-10
1.43090181609e-09	6.19043032113e-10
1.43209522878e-09	7.44535329222e-10
1.43328864147e-09	6.74713562798e-10
1.43448205416e-09	4.37758395505e-10
1.43567546685e-09	1.1084410733e-10
1.43686887954e-09	-2.20458671717e-10
1.43806229223e-09	-4.66847373259e-10
1.43925570493e-09	-5.71044725395e-10
1.44044911762e-09	-5.2121013408e-10
1.44164253031e-09	-3.40763854634e-10
1.442835943e-09	-9.45243310707e-11
1.44402935569e-09	1.42501007088e-10
1.44522276838e-09	3.05980000018e-10
1.44641618107e-09	3.49215593942e-10
1.44760959376e-09	2.7365005921e-10
1.44880300645e-09	1.08597157308e-10
1.44999641914e-09	-9.04915179248e-11
1.45118983183e-09	-2.55547769794e-10
1.45238324452e-09	-3.40231981477e-10
1.45357665721e-09	-3.14346205316e-10
1.4547700699e-09	-1.90033540987e-10
1.45596348259e-09	-8.10601369014e-12
1.45715689528e-09	1.77712942886e-10
1.45835030798e-09	3.05508476156e-10
1.45954372067e-09	3.34829388174e-10
1.46073713336e-09	2.56078517766e-10
1.46193054605e-09	8.52783980584e-11
1.46312395874e-09	-1.2516538641e-10
1.46431737143e-09	-3.19058628476e-10
1.46551078412e-09	-4.4245927408e-10
1.46670419681e-09	-4.55267072305e-10
1.4678976095e-09	-3.57826407393e-10
1.46909102219e-09	-1.69304435055e-10
1.47028443488e-09	6.11176734222e-11
1.47147784757e-09	2.72191823551e-10
1.47267126026e-09	4.1721628756e-10
1.47386467295e-09	4.56319718123e-10
1.47505808564e-09	3.84430813571e-10
1.47625149834e-09	2.2109247072e-10
1.47744491103e-09	3.84156768896e-12
1.47863832372e-09	-2.10972010911e-10
1.47983173641e-09	-3.79039034534e-10
1.4810251491e-09	-4.62110663971e-10
1.48221856179e-09	-4.45450013681e-10
1.48341197448e-09	-3.39942820421e-10
1.48460538717e-09	-1.73185989855e-10
1.48579879986e-09	1.22473840965e-11
1.48699221255e-09	1.72202262866e-10
1.48818562524e-09	2.74254798559e-10
1.48937903793e-09	2.97419958453e-10
1.49057245062e-09	2.44952363948e-10
1.49176586331e-09	1.37420085727e-10
1.492959276e-09	3.75866959085e-12
1.4941526887e-09	-1.1599719579e-10
1.49534610139e-09	-1.99728638576e-10
1.49653951408e-09	-2.26990194002e-10
