% time-domain current integration by openEMS v0.37.0-rc1-2-g7b051bb @Mon Aug  3 21:23:19 2026
% start-coordinates: (0.00636325,0.00371692,0.00204704) m -> [133,95,48]
% stop-coordinates: (0.006805,0.00415867,0.00204704) m -> [140,102,48]
% t/s	current
9.94510575543e-14	-0
1.29286374821e-12	-0
2.48627643886e-12	-0
3.67968912951e-12	-0
4.87310182016e-12	-0
6.06651451081e-12	-0
7.25992720146e-12	-0
8.45333989211e-12	-0
9.64675258276e-12	-0
1.08401652734e-11	-3.61594775789e-35
1.20335779641e-11	-5.15295722158e-30
1.32269906547e-11	-3.49640163007e-26
1.44204033454e-11	-3.70096775812e-23
1.5613816036e-11	-1.02139575414e-20
1.68072287267e-11	-9.81617197471e-19
1.80006414173e-11	-4.00208045978e-17
1.9194054108e-11	-8.04254659984e-16
2.03874667986e-11	-9.02418483499e-15
2.15808794893e-11	-6.32474419517e-14
2.27742921799e-11	-3.05979064785e-13
2.39677048706e-11	-1.10075045866e-12
2.51611175612e-11	-3.05298950183e-12
2.63545302519e-11	-6.45645993266e-12
2.75479429425e-11	-9.31628992701e-12
2.87413556332e-11	-3.2496561865e-12
2.99347683238e-11	3.23954890691e-11
3.11281810145e-11	1.36073888268e-10
3.23215937051e-11	3.6447420082e-10
3.35150063958e-11	7.80827014157e-10
3.47084190864e-11	1.42226752597e-09
3.59018317771e-11	2.23799911936e-09
3.70952444677e-11	2.99824476357e-09
3.82886571584e-11	3.1959881408e-09
3.9482069849e-11	1.9941694962e-09
4.06754825397e-11	-1.70121061682e-09
4.18688952303e-11	-8.96278784523e-09
4.3062307921e-11	-2.03323171633e-08
4.42557206116e-11	-3.51690943035e-08
4.54491333023e-11	-5.10855073799e-08
4.66425459929e-11	-6.38016572907e-08
4.78359586836e-11	-6.77315767916e-08
4.90293713742e-11	-5.74058880431e-08
5.02227840649e-11	-2.94717352745e-08
5.14161967556e-11	1.53861883234e-08
5.26096094462e-11	7.14523409329e-08
5.38030221369e-11	1.28603630856e-07
5.49964348275e-11	1.74659405161e-07
5.61898475182e-11	1.98820814035e-07
5.73832602088e-11	1.94966133904e-07
5.85766728995e-11	1.63507451134e-07
5.97700855901e-11	1.11055690866e-07
6.09634982808e-11	4.80857273999e-08
6.21569109714e-11	-1.43575160649e-08
6.33503236621e-11	-6.75415066098e-08
6.45437363527e-11	-1.06503335928e-07
6.57371490434e-11	-1.29874479171e-07
6.6930561734e-11	-1.38636167435e-07
6.81239744247e-11	-1.34731891421e-07
6.93173871153e-11	-1.2023895124e-07
7.0510799806e-11	-9.72844276248e-08
7.17042124966e-11	-6.8378284368e-08
7.28976251873e-11	-3.66763615034e-08
7.40910378779e-11	-5.82751047418e-09
7.52844505686e-11	2.05966923517e-08
7.64778632592e-11	3.98529138579e-08
7.76712759499e-11	5.06402315636e-08
7.88646886405e-11	5.3353751639e-08
8.00581013312e-11	4.98990111453e-08
8.12515140218e-11	4.31164295378e-08
8.24449267125e-11	3.59515439641e-08
8.36383394031e-11	3.05933198774e-08
8.48317520938e-11	2.78330674064e-08
8.60251647844e-11	2.69049849067e-08
8.72185774751e-11	2.59015635606e-08
8.84119901657e-11	2.26780301205e-08
8.96054028564e-11	1.58800652628e-08
9.0798815547e-11	5.68111380161e-09
9.19922282377e-11	-6.13684347783e-09
9.31856409283e-11	-1.67935674256e-08
9.4379053619e-11	-2.35722641406e-08
9.55724663096e-11	-2.48451303975e-08
9.67658790003e-11	-2.06392485325e-08
9.79592916909e-11	-1.25115127148e-08
9.91527043816e-11	-2.87265189414e-09
1.00346117072e-10	5.90785553811e-09
1.01539529763e-10	1.21866889913e-08
1.02732942454e-10	1.53026213923e-08
1.03926355144e-10	1.53926009716e-08
1.05119767835e-10	1.30278010602e-08
1.06313180525e-10	8.90496831829e-09
1.07506593216e-10	3.76905306965e-09
1.08700005907e-10	-1.52312029655e-09
1.09893418597e-10	-5.95330051922e-09
1.11086831288e-10	-8.49478620779e-09
1.12280243979e-10	-8.45177350328e-09
1.13473656669e-10	-5.83614756522e-09
1.1466706936e-10	-1.52512602547e-09
1.15860482051e-10	2.94524027389e-09
1.17053894741e-10	5.92079496542e-09
1.18247307432e-10	6.27953555821e-09
1.19440720123e-10	3.89730470118e-09
1.20634132813e-10	-2.8565333432e-10
1.21827545504e-10	-4.62711824412e-09
1.23020958195e-10	-7.41830374906e-09
1.24214370885e-10	-7.5308950187e-09
1.25407783576e-10	-4.82193351914e-09
1.26601196267e-10	-1.63872623804e-10
1.27794608957e-10	4.89986717866e-09
1.28988021648e-10	8.71501271149e-09
1.30181434339e-10	1.00994030916e-08
1.31374847029e-10	8.71285532611e-09
1.3256825972e-10	5.11540543258e-09
1.3376167241e-10	4.89193963116e-10
1.34955085101e-10	-3.83140497107e-09
1.36148497792e-10	-6.83170142679e-09
1.37341910482e-10	-8.09715583472e-09
1.38535323173e-10	-7.81489983837e-09
1.39728735864e-10	-6.53353060542e-09
1.40922148554e-10	-4.83592099698e-09
1.42115561245e-10	-3.08003356153e-09
1.43308973936e-10	-1.33107291855e-09
1.44502386626e-10	5.44537137603e-10
1.45695799317e-10	2.68557642791e-09
1.46889212008e-10	5.09728348419e-09
1.48082624698e-10	7.5965527202e-09
1.49276037389e-10	9.87605730529e-09
1.5046945008e-10	1.15846576776e-08
1.5166286277e-10	1.23994112755e-08
1.52856275461e-10	1.20393437442e-08
1.54049688152e-10	1.02764952103e-08
1.55243100842e-10	6.97349422651e-09
1.56436513533e-10	2.18583351419e-09
1.57629926223e-10	-3.72335096088e-09
1.58823338914e-10	-1.00144603721e-08
1.60016751605e-10	-1.56403920926e-08
1.61210164295e-10	-1.94536386999e-08
1.62403576986e-10	-2.05220462846e-08
1.63596989677e-10	-1.84236981227e-08
1.64790402367e-10	-1.34198083757e-08
1.65983815058e-10	-6.42054809319e-09
1.67177227749e-10	1.24291166248e-09
1.68370640439e-10	8.16602696574e-09
1.6956405313e-10	1.32162707445e-08
1.70757465821e-10	1.57680535295e-08
1.71950878511e-10	1.57689878932e-08
1.73144291202e-10	1.36405544637e-08
1.74337703893e-10	1.00837809214e-08
1.75531116583e-10	5.86187676177e-09
1.76724529274e-10	1.64572211414e-09
1.77917941965e-10	-2.06230743593e-09
1.79111354655e-10	-4.92140062036e-09
1.80304767346e-10	-6.72010358471e-09
1.81498180037e-10	-7.35166327814e-09
1.82691592727e-10	-6.82690703968e-09
1.83885005418e-10	-5.30582022762e-09
1.85078418108e-10	-3.11894154947e-09
1.86271830799e-10	-7.32444660478e-10
1.8746524349e-10	1.34396538343e-09
1.8865865618e-10	2.69728950286e-09
1.89852068871e-10	3.13070835922e-09
1.91045481562e-10	2.71970734822e-09
1.92238894252e-10	1.76794789919e-09
1.93432306943e-10	6.81346867815e-10
1.94625719634e-10	-1.82203377386e-10
1.95819132324e-10	-6.29649443695e-10
1.97012545015e-10	-6.64406141215e-10
1.98205957706e-10	-4.38016067861e-10
1.99399370396e-10	-1.50596646264e-10
2.00592783087e-10	4.24667037646e-11
2.01786195778e-10	8.15250367214e-11
2.02979608468e-10	6.56238952068e-13
2.04173021159e-10	-1.16047838006e-10
2.0536643385e-10	-1.80290837815e-10
2.0655984654e-10	-1.39841832558e-10
2.07753259231e-10	1.15845076587e-11
2.08946671921e-10	2.33052216414e-10
2.10140084612e-10	4.5125503334e-10
2.11333497303e-10	5.77266401347e-10
2.12526909993e-10	5.28530164079e-10
2.13720322684e-10	2.55534926552e-10
2.14913735375e-10	-2.38493003124e-10
2.16107148065e-10	-8.85050366328e-10
2.17300560756e-10	-1.55710000449e-09
2.18493973447e-10	-2.08845252203e-09
2.19687386137e-10	-2.30590435635e-09
2.20880798828e-10	-2.06269756831e-09
2.22074211519e-10	-1.27921906401e-09
2.23267624209e-10	1.90319357496e-11
2.244610369e-10	1.66860170125e-09
2.25654449591e-10	3.36413075175e-09
2.26847862281e-10	4.70015626419e-09
2.28041274972e-10	5.26616972252e-09
2.29234687663e-10	4.77662887022e-09
2.30428100353e-10	3.19191006959e-09
2.31621513044e-10	7.75223274463e-10
2.32814925735e-10	-1.94731142322e-09
2.34008338425e-10	-4.32506075398e-09
2.35201751116e-10	-5.77030245807e-09
2.36395163806e-10	-5.93352922351e-09
2.37588576497e-10	-4.79955364341e-09
2.38781989188e-10	-2.67778998975e-09
2.39975401878e-10	-9.65609953107e-11
2.41168814569e-10	2.35308972307e-09
2.4236222726e-10	4.17087520077e-09
2.4355563995e-10	5.05057595745e-09
2.44749052641e-10	4.91850205009e-09
2.45942465332e-10	3.90747034729e-09
2.47135878022e-10	2.29228658277e-09
2.48329290713e-10	4.12977763098e-10
2.49522703404e-10	-1.39515266007e-09
2.50716116094e-10	-2.8505831029e-09
2.51909528785e-10	-3.75795661256e-09
2.53102941476e-10	-4.02451494352e-09
2.54296354166e-10	-3.66649666184e-09
2.55489766857e-10	-2.80571121891e-09
2.56683179548e-10	-1.64749380804e-09
2.57876592238e-10	-4.39940028851e-10
2.59070004929e-10	5.87960236054e-10
2.60263417619e-10	1.28707289271e-09
2.6145683031e-10	1.63149826982e-09
2.62650243001e-10	1.71360725609e-09
2.63843655691e-10	1.69547653694e-09
2.65037068382e-10	1.72268987964e-09
2.66230481073e-10	1.84872028797e-09
2.67423893763e-10	1.99784100374e-09
2.68617306454e-10	1.99704985882e-09
2.69810719145e-10	1.66152525072e-09
2.71004131835e-10	8.95179541605e-10
2.72197544526e-10	-2.38373543127e-10
2.73390957217e-10	-1.51805001902e-09
2.74584369907e-10	-2.63200372608e-09
2.75777782598e-10	-3.29064353544e-09
2.76971195289e-10	-3.32352545485e-09
2.78164607979e-10	-2.73199107781e-09
2.7935802067e-10	-1.67004998719e-09
2.80551433361e-10	-3.804807025e-10
2.81744846051e-10	8.85707562848e-10
2.82938258742e-10	1.92766647089e-09
2.84131671433e-10	2.61653299027e-09
2.85325084123e-10	2.88843748919e-09
2.86518496814e-10	2.72720290795e-09
2.87711909504e-10	2.15739204279e-09
2.88905322195e-10	1.25256682804e-09
2.90098734886e-10	1.46270537349e-10
2.91292147576e-10	-9.6958596707e-10
2.92485560267e-10	-1.87457005474e-09
2.93678972958e-10	-2.37368236178e-09
2.94872385648e-10	-2.35741604016e-09
2.96065798339e-10	-1.84486559363e-09
2.9725921103e-10	-9.86575821038e-10
2.9845262372e-10	-2.29059549106e-11
2.99646036411e-10	7.89305620863e-10
3.00839449102e-10	1.25921351124e-09
3.02032861792e-10	1.31683108862e-09
3.03226274483e-10	1.02834396554e-09
3.04419687174e-10	5.58077306589e-10
3.05613099864e-10	1.00057094554e-10
3.06806512555e-10	-1.96190313995e-10
3.07999925246e-10	-2.74513939358e-10
3.09193337936e-10	-1.76656592132e-10
3.10386750627e-10	-6.21318014399e-12
3.11580163317e-10	1.2744336142e-10
3.12773576008e-10	1.58714083542e-10
3.13966988699e-10	8.36984162533e-11
3.15160401389e-10	-5.28557093926e-11
3.1635381408e-10	-1.93010996075e-10
3.17547226771e-10	-2.95307778231e-10
3.18740639461e-10	-3.47703310588e-10
3.19934052152e-10	-3.55186269285e-10
3.21127464843e-10	-3.20311471791e-10
3.22320877533e-10	-2.30549246361e-10
3.23514290224e-10	-6.48996412167e-11
3.24707702915e-10	1.81468895466e-10
3.25901115605e-10	4.74364603154e-10
3.27094528296e-10	7.32467642095e-10
3.28287940987e-10	8.50299219923e-10
3.29481353677e-10	7.39622474377e-10
3.30674766368e-10	3.76697228965e-10
3.31868179059e-10	-1.73897812816e-10
3.33061591749e-10	-7.67393260048e-10
3.3425500444e-10	-1.22491117249e-09
3.35448417131e-10	-1.39402245303e-09
3.36641829821e-10	-1.20612042576e-09
3.37835242512e-10	-7.01543989567e-10
3.39028655202e-10	-1.81850888514e-11
3.40222067893e-10	6.55988652287e-10
3.41415480584e-10	1.14428411191e-09
3.42608893274e-10	1.33481536935e-09
3.43802305965e-10	1.20861054498e-09
3.44995718656e-10	8.32061530787e-10
3.46189131346e-10	3.25362653486e-10
3.47382544037e-10	-1.82111811742e-10
3.48575956728e-10	-5.87548232289e-10
3.49769369418e-10	-8.33102087316e-10
3.50962782109e-10	-9.04448405059e-10
3.521561948e-10	-8.18010048587e-10
3.5334960749e-10	-6.06461381114e-10
3.54543020181e-10	-3.11339093395e-10
3.55736432872e-10	1.91730832599e-11
3.56929845562e-10	3.30291988204e-10
3.58123258253e-10	5.66790836487e-10
3.59316670944e-10	6.86182000109e-10
3.60510083634e-10	6.73314071165e-10
3.61703496325e-10	5.49459366894e-10
3.62896909015e-10	3.6640174228e-10
3.64090321706e-10	1.86972132221e-10
3.65283734397e-10	5.89165799481e-11
3.66477147087e-10	-5.6005703547e-12
3.67670559778e-10	-3.37435288045e-11
3.68863972469e-10	-7.64513174989e-11
3.70057385159e-10	-1.80212844647e-10
3.7125079785e-10	-3.59530516469e-10
3.72444210541e-10	-5.83463333204e-10
3.73637623231e-10	-7.81979314635e-10
3.74831035922e-10	-8.72308336675e-10
3.76024448613e-10	-7.90502607817e-10
3.77217861303e-10	-5.20166854034e-10
3.78411273994e-10	-1.01754396575e-10
3.79604686685e-10	3.76350367537e-10
3.80798099375e-10	8.03780431102e-10
3.81991512066e-10	1.08103914709e-09
3.83184924757e-10	1.14642628724e-09
3.84378337447e-10	9.91634219183e-10
3.85571750138e-10	6.58867904679e-10
3.86765162829e-10	2.26014096327e-10
3.87958575519e-10	-2.16759540872e-10
3.8915198821e-10	-5.88285475889e-10
3.903454009e-10	-8.31778868005e-10
3.91538813591e-10	-9.20367893009e-10
3.92732226282e-10	-8.55283732726e-10
3.93925638972e-10	-6.59666044012e-10
3.95119051663e-10	-3.71977754154e-10
3.96312464354e-10	-4.03762023815e-11
3.97505877044e-10	2.82640855165e-10
3.98699289735e-10	5.46016842851e-10
3.99892702426e-10	7.08508196556e-10
4.01086115116e-10	7.46112116534e-10
4.02279527807e-10	6.5851640807e-10
4.03472940498e-10	4.68738325932e-10
4.04666353188e-10	2.17742532338e-10
4.05859765879e-10	-4.70765648686e-11
4.0705317857e-10	-2.8274282915e-10
4.0824659126e-10	-4.59786098084e-10
4.09440003951e-10	-5.63400881504e-10
4.10633416642e-10	-5.91349802459e-10
4.11826829332e-10	-5.47415945906e-10
4.13020242023e-10	-4.37972103029e-10
4.14213654713e-10	-2.70842737127e-10
4.15407067404e-10	-5.83027515155e-11
4.16600480095e-10	1.78838749365e-10
4.17793892785e-10	4.1025494113e-10
4.18987305476e-10	5.98256055806e-10
4.20180718167e-10	7.05460301287e-10
4.21374130857e-10	7.03979818883e-10
4.22567543548e-10	5.8343857523e-10
4.23760956239e-10	3.56557977588e-10
4.24954368929e-10	5.75194891717e-11
4.2614778162e-10	-2.63236932252e-10
4.27341194311e-10	-5.49451817378e-10
4.28534607001e-10	-7.50602024979e-10
4.29728019692e-10	-8.3100087922e-10
4.30921432383e-10	-7.7759504391e-10
4.32114845073e-10	-5.9937926844e-10
4.33308257764e-10	-3.26213001056e-10
4.34501670455e-10	-1.41358105776e-12
4.35695083145e-10	3.23552740156e-10
4.36888495836e-10	5.96778571005e-10
4.38081908526e-10	7.72114816527e-10
4.39275321217e-10	8.17225898064e-10
4.40468733908e-10	7.20983661662e-10
4.41662146598e-10	4.98615371214e-10
4.42855559289e-10	1.92086041517e-10
4.4404897198e-10	-1.38186156962e-10
4.4524238467e-10	-4.26693902433e-10
4.46435797361e-10	-6.2007965429e-10
4.47629210052e-10	-6.89064916237e-10
4.48822622742e-10	-6.33535224281e-10
4.50016035433e-10	-4.77683670397e-10
4.51209448124e-10	-2.59687410464e-10
4.52402860814e-10	-2.06361733257e-11
4.53596273505e-10	2.03796410303e-10
4.54789686196e-10	3.86110449169e-10
4.55983098886e-10	5.07466513255e-10
4.57176511577e-10	5.56697743459e-10
4.58369924268e-10	5.3043630599e-10
4.59563336958e-10	4.33842128889e-10
4.60756749649e-10	2.80185458168e-10
4.6195016234e-10	8.95579166382e-11
4.6314357503e-10	-1.14265007178e-10
4.64336987721e-10	-3.06876746237e-10
4.65530400411e-10	-4.65173122244e-10
4.66723813102e-10	-5.69017499785e-10
4.67917225793e-10	-6.0192861806e-10
4.69110638483e-10	-5.53448120666e-10
4.70304051174e-10	-4.21531809458e-10
4.71497463865e-10	-2.1584785348e-10
4.72690876555e-10	4.09601796925e-11
4.73884289246e-10	3.13905706983e-10
4.75077701937e-10	5.59417456802e-10
4.76271114627e-10	7.31686322641e-10
4.77464527318e-10	7.91554488622e-10
4.78657940009e-10	7.15580594779e-10
4.79851352699e-10	5.05504527126e-10
4.8104476539e-10	1.91618332313e-10
4.82238178081e-10	-1.68755259766e-10
4.83431590771e-10	-5.03001251762e-10
4.84625003462e-10	-7.40332517513e-10
4.85818416153e-10	-8.30592150614e-10
4.87011828843e-10	-7.58756335539e-10
4.88205241534e-10	-5.47240253113e-10
4.89398654224e-10	-2.49603115954e-10
4.90592066915e-10	6.75785677418e-11
4.91785479606e-10	3.41028649764e-10
4.92978892296e-10	5.26708843207e-10
4.94172304987e-10	6.04586825048e-10
4.95365717678e-10	5.78482262092e-10
4.96559130368e-10	4.68722283209e-10
4.97752543059e-10	3.04852365574e-10
4.9894595575e-10	1.18443102548e-10
5.0013936844e-10	-6.18131101859e-11
5.01332781131e-10	-2.12808784483e-10
5.02526193822e-10	-3.19520548908e-10
5.03719606512e-10	-3.74841935269e-10
5.04913019203e-10	-3.80235731789e-10
5.06106431894e-10	-3.43057471319e-10
5.07299844584e-10	-2.7459021168e-10
5.08493257275e-10	-1.86391360679e-10
5.09686669966e-10	-8.81980877221e-11
5.10880082656e-10	1.35656381961e-11
5.12073495347e-10	1.14685955177e-10
5.13266908038e-10	2.11631462355e-10
5.14460320728e-10	2.98157692979e-10
5.15653733419e-10	3.63838070783e-10
5.16847146109e-10	3.93563681644e-10
5.180405588e-10	3.71241287711e-10
5.19233971491e-10	2.85211854134e-10
5.20427384181e-10	1.36016975461e-10
5.21620796872e-10	-5.88995172079e-11
5.22814209563e-10	-2.64634092417e-10
5.24007622253e-10	-4.35270514076e-10
5.25201034944e-10	-5.26535204326e-10
5.26394447635e-10	-5.09291553374e-10
5.27587860325e-10	-3.81019049644e-10
5.28781273016e-10	-1.67918776106e-10
5.29974685707e-10	8.10873521107e-11
5.31168098397e-10	3.08908426616e-10
5.32361511088e-10	4.65502525415e-10
5.33554923779e-10	5.21148291188e-10
5.34748336469e-10	4.70832650645e-10
5.3594174916e-10	3.3301400526e-10
5.37135161851e-10	1.41093595141e-10
5.38328574541e-10	-6.47763093164e-11
5.39521987232e-10	-2.4675800292e-10
5.40715399922e-10	-3.74428710259e-10
5.41908812613e-10	-4.2890119234e-10
5.43102225304e-10	-4.04734717963e-10
5.44295637994e-10	-3.10144493421e-10
5.45489050685e-10	-1.66507030386e-10
5.46682463376e-10	-3.58113538823e-12
5.47875876066e-10	1.45142578512e-10
5.49069288757e-10	2.51014098396e-10
5.50262701448e-10	2.95855201449e-10
5.51456114138e-10	2.77573575236e-10
5.52649526829e-10	2.09735312451e-10
5.5384293952e-10	1.18265813809e-10
5.5503635221e-10	3.25623174258e-11
5.56229764901e-10	-2.37349705862e-11
5.57423177592e-10	-4.13576985159e-11
5.58616590282e-10	-2.84153048313e-11
5.59810002973e-10	-6.54283571766e-12
5.61003415664e-10	-1.27816507378e-12
5.62196828354e-10	-2.96437388525e-11
5.63390241045e-10	-9.16395223594e-11
5.64583653736e-10	-1.68137448409e-10
5.65777066426e-10	-2.28458307827e-10
5.66970479117e-10	-2.42298792141e-10
5.68163891807e-10	-1.93008803384e-10
5.69357304498e-10	-8.44504882691e-11
5.70550717189e-10	5.92424442836e-11
5.71744129879e-10	2.01962849222e-10
5.7293754257e-10	3.06700803643e-10
5.74130955261e-10	3.46642076154e-10
5.75324367951e-10	3.11294573452e-10
5.76517780642e-10	2.08465689155e-10
5.77711193333e-10	6.07287345411e-11
5.78904606023e-10	-9.98778768024e-11
5.80098018714e-10	-2.39512909506e-10
5.81291431405e-10	-3.2903810232e-10
5.82484844095e-10	-3.50089401913e-10
5.83678256786e-10	-2.98586599889e-10
5.84871669477e-10	-1.85323895119e-10
5.86065082167e-10	-3.44633592497e-11
5.87258494858e-10	1.22164917071e-10
5.88451907549e-10	2.50454379458e-10
5.89645320239e-10	3.22680437925e-10
5.9083873293e-10	3.23123999779e-10
5.9203214562e-10	2.53645410231e-10
5.93225558311e-10	1.33399596924e-10
5.94418971002e-10	-4.95422626534e-12
5.95612383692e-10	-1.24791177392e-10
5.96805796383e-10	-1.9636016424e-10
5.97999209074e-10	-2.06427666627e-10
5.99192621764e-10	-1.62316382557e-10
6.00386034455e-10	-8.82038400651e-11
6.01579447146e-10	-1.57624278213e-11
6.02772859836e-10	2.84758345376e-11
6.03966272527e-10	3.2291603419e-11
6.05159685218e-10	1.68629433334e-12
6.06353097908e-10	-4.34614705336e-11
6.07546510599e-10	-7.78281258884e-11
6.0873992329e-10	-8.13313791315e-11
6.0993333598e-10	-4.61578934796e-11
6.11126748671e-10	2.0511545587e-11
6.12320161362e-10	9.9805830267e-11
6.13513574052e-10	1.67464389578e-10
6.14706986743e-10	2.0194153294e-10
6.15900399434e-10	1.90454318982e-10
6.17093812124e-10	1.32627353544e-10
6.18287224815e-10	4.02882449624e-11
6.19480637505e-10	-6.60949975306e-11
6.20674050196e-10	-1.62045724061e-10
6.21867462887e-10	-2.2562977875e-10
6.23060875577e-10	-2.41517417177e-10
6.24254288268e-10	-2.04875227894e-10
6.25447700959e-10	-1.22061444285e-10
6.26641113649e-10	-9.66775444422e-12
6.2783452634e-10	1.08395792342e-10
6.29027939031e-10	2.05768999062e-10
6.30221351721e-10	2.59235966027e-10
6.31414764412e-10	2.54590765136e-10
6.32608177103e-10	1.9098436721e-10
6.33801589793e-10	8.21806789286e-11
6.34995002484e-10	-4.58283584692e-11
6.36188415175e-10	-1.61696198098e-10
6.37381827865e-10	-2.36987013347e-10
6.38575240556e-10	-2.5485616395e-10
6.39768653247e-10	-2.14579604085e-10
6.40962065937e-10	-1.31389468749e-10
6.42155478628e-10	-3.11592592006e-11
6.43348891318e-10	5.85178572265e-11
6.44542304009e-10	1.16484086266e-10
6.457357167e-10	1.34342120761e-10
6.4692912939e-10	1.16794157679e-10
6.48122542081e-10	7.88316842359e-11
6.49315954772e-10	3.87199543261e-11
6.50509367462e-10	1.18453996611e-11
6.51702780153e-10	5.7340659998e-12
6.52896192844e-10	1.84033829842e-11
6.54089605534e-10	4.05029759731e-11
6.55283018225e-10	5.85865314595e-11
6.56476430916e-10	6.06619823817e-11
6.57669843606e-10	3.95350002735e-11
6.58863256297e-10	-4.18635612287e-12
6.60056668988e-10	-6.24133036919e-11
6.61250081678e-10	-1.21175708356e-10
6.62443494369e-10	-1.64438018757e-10
6.6363690706e-10	-1.78098286119e-10
6.6483031975e-10	-1.5400490605e-10
6.66023732441e-10	-9.27291160524e-11
6.67217145132e-10	-4.30499125931e-12
6.68410557822e-10	9.2907626037e-11
6.69603970513e-10	1.76264725038e-10
6.70797383203e-10	2.23828539037e-10
6.71990795894e-10	2.20803431095e-10
6.73184208585e-10	1.64042557316e-10
6.74377621275e-10	6.4611524464e-11
6.75571033966e-10	-5.4369182767e-11
6.76764446657e-10	-1.63161401057e-10
6.77957859347e-10	-2.33783825632e-10
6.79151272038e-10	-2.47952131049e-10
6.80344684729e-10	-2.02529937265e-10
6.81538097419e-10	-1.10261924591e-10
6.8273151011e-10	4.14657891357e-12
6.83924922801e-10	1.11482233167e-10
6.85118335491e-10	1.86297546834e-10
6.86311748182e-10	2.13434409035e-10
6.87505160873e-10	1.91367893754e-10
6.88698573563e-10	1.3102398333e-10
6.89891986254e-10	5.18464229882e-11
6.91085398945e-10	-2.46610006721e-11
6.92278811635e-10	-8.06234801143e-11
6.93472224326e-10	-1.06444575376e-10
6.94665637016e-10	-1.02195661655e-10
6.95859049707e-10	-7.64970517486e-11
6.97052462398e-10	-4.29054985984e-11
6.98245875088e-10	-1.52335644099e-11
6.99439287779e-10	-3.18518995901e-12
7.0063270047e-10	-9.52510813279e-12
7.0182611316e-10	-2.93537971707e-11
7.03019525851e-10	-5.21710001589e-11
7.04212938542e-10	-6.51202286539e-11
7.05406351232e-10	-5.78032274823e-11
7.06599763923e-10	-2.59489565252e-11
7.07793176614e-10	2.63564829683e-11
7.08986589304e-10	8.68252691966e-11
7.10180001995e-10	1.38531977556e-10
7.11373414686e-10	1.64155938842e-10
7.12566827376e-10	1.52381440799e-10
7.13760240067e-10	1.01214148174e-10
7.14953652758e-10	2.03192879189e-11
7.16147065448e-10	-7.16664019795e-11
7.17340478139e-10	-1.51418086403e-10
7.1853389083e-10	-1.9786255967e-10
7.1972730352e-10	-1.97901237065e-10
7.20920716211e-10	-1.50433915325e-10
7.22114128901e-10	-6.67514932218e-11
7.23307541592e-10	3.25707551208e-11
7.24500954283e-10	1.22912416356e-10
7.25694366973e-10	1.82596174292e-10
7.26887779664e-10	1.97642055499e-10
7.28081192355e-10	1.65998076396e-10
7.29274605045e-10	9.65894447758e-11
7.30468017736e-10	7.6170441482e-12
7.31661430427e-10	-7.92529097904e-11
7.32854843117e-10	-1.43817652232e-10
7.34048255808e-10	-1.72582476088e-10
7.35241668499e-10	-1.61644281294e-10
7.36435081189e-10	-1.17030440894e-10
7.3762849388e-10	-5.27347748802e-11
7.38821906571e-10	1.36405322801e-11
7.40015319261e-10	6.55036996866e-11
7.41208731952e-10	9.19964729396e-11
7.42402144643e-10	9.03628144533e-11
7.43595557333e-10	6.63547897184e-11
7.44788970024e-10	3.17787914039e-11
7.45982382714e-10	5.65627406024e-13
7.47175795405e-10	-1.61260900466e-11
7.48369208096e-10	-1.31497538552e-11
7.49562620786e-10	6.50941540253e-12
7.50756033477e-10	3.34494099086e-11
7.51949446168e-10	5.46411388358e-11
7.53142858858e-10	5.85566872768e-11
7.54336271549e-10	3.90737754652e-11
7.5552968424e-10	-1.78476677881e-12
7.5672309693e-10	-5.4105678271e-11
7.57916509621e-10	-1.02896226262e-10
7.59109922312e-10	-1.32694702448e-10
7.60303335002e-10	-1.32484301307e-10
7.61496747693e-10	-9.92213811113e-11
7.62690160384e-10	-3.91948244693e-11
7.63883573074e-10	3.37383558591e-11
7.65076985765e-10	1.0157168856e-10
7.66270398456e-10	1.4731572906e-10
7.67463811146e-10	1.58899823854e-10
7.68657223837e-10	1.32953009713e-10
7.69850636527e-10	7.48783118842e-11
7.71044049218e-10	-1.63493133962e-12
7.72237461909e-10	-7.85421797045e-11
7.73430874599e-10	-1.37183972515e-10
7.7462428729e-10	-1.63252952823e-10
7.75817699981e-10	-1.5020985844e-10
7.77011112671e-10	-1.01277521092e-10
7.78204525362e-10	-2.88561882722e-11
7.79397938053e-10	4.86728955751e-11
7.80591350743e-10	1.11512070411e-10
7.81784763434e-10	1.4438558682e-10
7.82978176125e-10	1.40090439249e-10
7.84171588815e-10	1.02309612171e-10
7.85365001506e-10	4.32987673493e-11
7.86558414197e-10	-1.90118580601e-11
7.87751826887e-10	-6.75283023943e-11
7.88945239578e-10	-9.03109392825e-11
7.90138652269e-10	-8.44404129952e-11
7.91332064959e-10	-5.59720568505e-11
7.9252547765e-10	-1.74354766735e-11
7.93718890341e-10	1.64511130413e-11
7.94912303031e-10	3.41446870777e-11
7.96105715722e-10	3.03945688063e-11
7.97299128412e-10	8.15394713555e-12
7.98492541103e-10	-2.31521642136e-11
7.99685953794e-10	-5.08003465682e-11
8.00879366484e-10	-6.32929750277e-11
8.02072779175e-10	-5.40033434637e-11
8.03266191866e-10	-2.35595726955e-11
8.04459604556e-10	2.071751104e-11
8.05653017247e-10	6.65802968314e-11
8.06846429938e-10	1.00875419129e-10
8.08039842628e-10	1.12835629729e-10
8.09233255319e-10	9.73936348236e-11
8.1042666801e-10	5.63834187672e-11
8.116200807e-10	-1.4640866644e-12
8.12813493391e-10	-6.25617405103e-11
8.14006906082e-10	-1.11610588827e-10
8.15200318772e-10	-1.35460670458e-10
8.16393731463e-10	-1.26765958841e-10
8.17587144154e-10	-8.63169327681e-11
8.18780556844e-10	-2.34914795949e-11
8.19973969535e-10	4.60198996965e-11
8.21167382225e-10	1.04077649277e-10
8.22360794916e-10	1.35475797247e-10
8.23554207607e-10	1.31925359526e-10
8.24747620297e-10	9.49568063069e-11
8.25941032988e-10	3.49858995941e-11
8.27134445679e-10	-3.12805475966e-11
8.28327858369e-10	-8.61838100885e-11
8.2952127106e-10	-1.15717033178e-10
8.30714683751e-10	-1.13834053295e-10
8.31908096441e-10	-8.34358415691e-11
8.33101509132e-10	-3.53655056629e-11
8.34294921823e-10	1.53377848616e-11
8.35488334513e-10	5.43179702606e-11
8.36681747204e-10	7.18025500168e-11
8.37875159895e-10	6.57870910525e-11
8.39068572585e-10	4.13346544492e-11
8.40261985276e-10	9.03001978747e-12
8.41455397967e-10	-1.94972891998e-11
8.42648810657e-10	-3.47386772126e-11
8.43842223348e-10	-3.25970118953e-11
8.45035636039e-10	-1.4702771986e-11
8.46229048729e-10	1.2113164638e-11
8.4742246142e-10	3.84356123317e-11
8.4861587411e-10	5.4914083697e-11
8.49809286801e-10	5.48941482548e-11
8.51002699492e-10	3.64075714021e-11
8.52196112182e-10	2.68112181762e-12
8.53389524873e-10	-3.80778047981e-11
8.54582937564e-10	-7.49419692969e-11
8.55776350254e-10	-9.66714347461e-11
8.56969762945e-10	-9.53834927708e-11
8.58163175636e-10	-6.87967044444e-11
8.59356588326e-10	-2.18912943328e-11
8.60550001017e-10	3.42782746632e-11
8.61743413708e-10	8.50472053893e-11
8.62936826398e-10	1.16457218868e-10
8.64130239089e-10	1.19217621886e-10
8.6532365178e-10	9.16836814802e-11
8.6651706447e-10	4.06386521656e-11
8.67710477161e-10	-2.05742835963e-11
8.68903889852e-10	-7.56325835294e-11
8.70097302542e-10	-1.10003069154e-10
8.71290715233e-10	-1.15043023718e-10
8.72484127923e-10	-9.03553065701e-11
8.73677540614e-10	-4.38233650757e-11
8.74870953305e-10	1.0991711881e-11
8.76064365995e-10	5.90029691772e-11
8.77257778686e-10	8.78930678239e-11
8.78451191377e-10	9.16764927861e-11
8.79644604067e-10	7.17159942543e-11
8.80838016758e-10	3.59456180099e-11
8.82031429449e-10	-4.1745040584e-12
8.83224842139e-10	-3.70772267055e-11
8.8441825483e-10	-5.45141674857e-11
8.85611667521e-10	-5.32831799516e-11
8.86805080211e-10	-3.59592078336e-11
8.87998492902e-10	-9.38329188654e-12
8.89191905593e-10	1.7200230823e-11
8.90385318283e-10	3.50345759348e-11
8.91578730974e-10	3.82686382583e-11
8.92772143665e-10	2.55584511888e-11
8.93965556355e-10	8.58193724418e-13
8.95158969046e-10	-2.80081166593e-11
8.96352381737e-10	-5.10462505598e-11
8.97545794427e-10	-5.96747443127e-11
8.98739207118e-10	-4.9064100005e-11
8.99932619808e-10	-2.04101527346e-11
9.01126032499e-10	1.93860656694e-11
9.0231944519e-10	5.92078747141e-11
9.0351285788e-10	8.7073376287e-11
9.04706270571e-10	9.37159794212e-11
9.05899683262e-10	7.54946660741e-11
9.07093095952e-10	3.59255507287e-11
9.08286508643e-10	-1.52667097714e-11
9.09479921334e-10	-6.4411725953e-11
9.10673334024e-10	-9.81078066009e-11
9.11866746715e-10	-1.06764791452e-10
9.13060159406e-10	-8.78010095184e-11
9.14253572096e-10	-4.62516344668e-11
9.15446984787e-10	6.53744896759e-12
9.16640397478e-10	5.63093113803e-11
9.17833810168e-10	9.00093402589e-11
9.19027222859e-10	9.94905546836e-11
9.2022063555e-10	8.35955402123e-11
9.2141404824e-10	4.80376086132e-11
9.22607460931e-10	3.46395785319e-12
9.23800873621e-10	-3.7959829724e-11
9.24994286312e-10	-6.57442919549e-11
9.26187699003e-10	-7.38661909416e-11
9.27381111693e-10	-6.1944629981e-11
9.28574524384e-10	-3.49180857839e-11
9.29767937075e-10	-1.47040355152e-12
9.30961349765e-10	2.85628482671e-11
9.32154762456e-10	4.68862310088e-11
9.33348175147e-10	4.89685444971e-11
9.34541587837e-10	3.53574010348e-11
9.35735000528e-10	1.12714074185e-11
9.36928413219e-10	-1.48253371385e-11
9.38121825909e-10	-3.40216257944e-11
9.393152386e-10	-3.9604167168e-11
9.40508651291e-10	-2.92961419013e-11
9.41702063981e-10	-6.01383179366e-12
9.42895476672e-10	2.28647187989e-11
9.44088889363e-10	4.78231412804e-11
9.45282302053e-10	6.00561891884e-11
9.46475714744e-10	5.43316988622e-11
9.47669127435e-10	3.08465163135e-11
9.48862540125e-10	-4.72153566244e-12
9.50055952816e-10	-4.24668390731e-11
9.51249365506e-10	-7.13725467616e-11
9.52442778197e-10	-8.2322704209e-11
9.53636190888e-10	-7.11593284297e-11
9.54829603578e-10	-3.99471913881e-11
9.56023016269e-10	3.44976521308e-12
9.5721642896e-10	4.74856334809e-11
9.5840984165e-10	8.03460770138e-11
9.59603254341e-10	9.32184954228e-11
9.60796667032e-10	8.27919816038e-11
9.61990079722e-10	5.20302065321e-11
9.63183492413e-10	9.2804843671e-12
9.64376905104e-10	-3.42683069421e-11
9.65570317794e-10	-6.74187233818e-11
9.66763730485e-10	-8.22407072998e-11
9.67957143176e-10	-7.56609358499e-11
9.69150555866e-10	-5.04499879372e-11
9.70343968557e-10	-1.40217056716e-11
9.71537381248e-10	2.3539118571e-11
9.72730793938e-10	5.22622292665e-11
9.73924206629e-10	6.5086540324e-11
9.75117619319e-10	5.95763091638e-11
9.7631103201e-10	3.86632774407e-11
9.77504444701e-10	9.37670514151e-12
9.78697857391e-10	-1.90153361806e-11
9.79891270082e-10	-3.81416426221e-11
9.81084682773e-10	-4.26910382045e-11
9.82278095463e-10	-3.21569680606e-11
9.83471508154e-10	-1.06970352715e-11
9.84664920845e-10	1.41741895998e-11
9.85858333535e-10	3.39300358643e-11
9.87051746226e-10	4.18072694519e-11
9.88245158917e-10	3.47362867636e-11
9.89438571607e-10	1.4553674238e-11
9.90631984298e-10	-1.26502966089e-11
9.91825396989e-10	-3.82005954647e-11
9.93018809679e-10	-5.35148106384e-11
9.9421222237e-10	-5.28887524054e-11
9.95405635061e-10	-3.52301868234e-11
9.96599047751e-10	-4.77539448956e-12
9.97792460442e-10	3.01872277175e-11
9.98985873133e-10	5.96139318465e-11
1.00017928582e-09	7.46658151973e-11
1.00137269851e-09	7.0431188659e-11
1.0025661112e-09	4.72892038028e-11
1.0037595239e-09	1.10243593768e-11
1.00495293659e-09	-2.89683069199e-11
1.00614634928e-09	-6.20152817987e-11
1.00733976197e-09	-7.93843324409e-11
1.00853317466e-09	-7.63905605439e-11
1.00972658735e-09	-5.38563152408e-11
1.01092000004e-09	-1.77570250171e-11
1.01211341273e-09	2.23949817024e-11
1.01330682542e-09	5.60722163145e-11
1.01450023811e-09	7.4748963963e-11
1.0156936508e-09	7.40443331648e-11
1.01688706349e-09	5.50128033405e-11
1.01808047618e-09	2.35231955442e-11
1.01927388887e-09	-1.12679787376e-11
1.02046730156e-09	-3.98751726083e-11
1.02166071425e-09	-5.48705803016e-11
1.02285412695e-09	-5.31814453586e-11
1.02404753964e-09	-3.65513938561e-11
1.02524095233e-09	-1.09958821562e-11
1.02643436502e-09	1.52844247675e-11
1.02762777771e-09	3.42821430965e-11
1.0288211904e-09	4.05834602035e-11
1.03001460309e-09	3.29598778825e-11
1.03120801578e-09	1.44655433465e-11
1.03240142847e-09	-8.34741217121e-12
1.03359484116e-09	-2.77831108814e-11
1.03478825385e-09	-3.70897826341e-11
1.03598166654e-09	-3.28938404293e-11
1.03717507923e-09	-1.5991926533e-11
1.03836849192e-09	8.54872856532e-12
1.03956190461e-09	3.31397548292e-11
1.04075531731e-09	4.98090735324e-11
1.04194873e-09	5.27420919438e-11
1.04314214269e-09	4.01428230934e-11
1.04433555538e-09	1.47427972608e-11
1.04552896807e-09	-1.66484621228e-11
1.04672238076e-09	-4.52991602562e-11
1.04791579345e-09	-6.2826639724e-11
1.04910920614e-09	-6.37610172993e-11
1.05030261883e-09	-4.71198149943e-11
1.05149603152e-09	-1.67970481274e-11
1.05268944421e-09	1.93622114869e-11
1.0538828569e-09	5.17411530288e-11
1.05507626959e-09	7.15677309082e-11
1.05626968228e-09	7.34294847149e-11
1.05746309497e-09	5.68053347416e-11
1.05865650767e-09	2.61506545585e-11
1.05984992036e-09	-1.02449030162e-11
1.06104333305e-09	-4.28014880482e-11
1.06223674574e-09	-6.30965002468e-11
1.06343015843e-09	-6.64088298241e-11
1.06462357112e-09	-5.2608500889e-11
1.06581698381e-09	-2.62421369357e-11
1.0670103965e-09	5.07117178111e-12
1.06820380919e-09	3.27284137291e-11
1.06939722188e-09	4.95436192072e-11
1.07059063457e-09	5.1770924353e-11
1.07178404726e-09	3.98036499594e-11
1.07297745995e-09	1.81848581332e-11
1.07417087264e-09	-6.13469214664e-12
1.07536428533e-09	-2.55880074074e-11
1.07655769802e-09	-3.45356312992e-11
1.07775111072e-09	-3.06752956369e-11
1.07894452341e-09	-1.58820907814e-11
1.0801379361e-09	4.66908369606e-12
1.08133134879e-09	2.39404936847e-11
1.08252476148e-09	3.54392834523e-11
1.08371817417e-09	3.50777532021e-11
1.08491158686e-09	2.25403966325e-11
1.08610499955e-09	1.42654117685e-12
1.08729841224e-09	-2.19050992623e-11
1.08849182493e-09	-4.00267839706e-11
1.08968523762e-09	-4.69401809089e-11
1.09087865031e-09	-3.96612430398e-11
1.092072063e-09	-1.95285940197e-11
1.09326547569e-09	8.30704602328e-12
1.09445888838e-09	3.60138446842e-11
1.09565230108e-09	5.55332550778e-11
1.09684571377e-09	6.08436079297e-11
1.09803912646e-09	4.9819100234e-11
1.09923253915e-09	2.49955334208e-11
1.10042595184e-09	-7.18332728369e-12
1.10161936453e-09	-3.80236050979e-11
1.10281277722e-09	-5.91971680008e-11
1.10400618991e-09	-6.49023890187e-11
1.1051996026e-09	-5.36183805688e-11
1.10639301529e-09	-2.83696382358e-11
1.10758642798e-09	4.07786131251e-12
1.10877984067e-09	3.51123678743e-11
1.10997325336e-09	5.67170720112e-11
1.11116666605e-09	6.3498845071e-11
1.11236007874e-09	5.4226050733e-11
1.11355349144e-09	3.19766435553e-11
1.11474690413e-09	3.22063686484e-12
1.11594031682e-09	-2.40133555401e-11
1.11713372951e-09	-4.25106894131e-11
1.1183271422e-09	-4.77391702558e-11
1.11952055489e-09	-3.91695668955e-11
1.12071396758e-09	-2.01437200253e-11
1.12190738027e-09	3.08046491961e-12
1.12310079296e-09	2.33802924937e-11
1.12429420565e-09	3.47489606534e-11
1.12548761834e-09	3.4152684153e-11
1.12668103103e-09	2.22995372168e-11
1.12787444372e-09	3.34497100157e-12
1.12906785641e-09	-1.6328565236e-11
1.1302612691e-09	-3.02260473595e-11
1.13145468179e-09	-3.35622085679e-11
1.13264809449e-09	-2.49743906111e-11
1.13384150718e-09	-6.78979658955e-12
1.13503491987e-09	1.54110890715e-11
1.13622833256e-09	3.46975191634e-11
1.13742174525e-09	4.47260943559e-11
1.13861515794e-09	4.18745975395e-11
1.13980857063e-09	2.63302869091e-11
1.14100198332e-09	2.16561621066e-12
1.14219539601e-09	-2.38196649904e-11
1.1433888087e-09	-4.41216924107e-11
1.14458222139e-09	-5.26329778372e-11
1.14577563408e-09	-4.65866442645e-11
1.14696904677e-09	-2.71804818236e-11
1.14816245946e-09	4.86058242266e-13
1.14935587215e-09	2.90376594297e-11
1.15054928485e-09	5.06905142861e-11
1.15174269754e-09	5.94938265319e-11
1.15293611023e-09	5.29921072301e-11
1.15412952292e-09	3.28366084323e-11
1.15532293561e-09	4.46008854849e-12
1.1565163483e-09	-2.45808737948e-11
1.15770976099e-09	-4.65736164912e-11
1.15890317368e-09	-5.58743051826e-11
1.16009658637e-09	-5.03645285199e-11
1.16128999906e-09	-3.19900668455e-11
1.16248341175e-09	-6.15560987599e-12
1.16367682444e-09	1.99102956344e-11
1.16487023713e-09	3.91511788267e-11
1.16606364982e-09	4.66827271284e-11
1.16725706251e-09	4.10423604824e-11
1.1684504752e-09	2.45990484926e-11
1.1696438879e-09	2.66496763893e-12
1.17083730059e-09	-1.79943768219e-11
1.17203071328e-09	-3.12721341877e-11
1.17322412597e-09	-3.34481574382e-11
1.17441753866e-09	-2.42789087446e-11
1.17561095135e-09	-7.05267485038e-12
1.17680436404e-09	1.25636341608e-11
1.17799777673e-09	2.81089422571e-11
1.17919118942e-09	3.4542414068e-11
1.18038460211e-09	2.96070078176e-11
1.1815780148e-09	1.46726068795e-11
1.18277142749e-09	-5.76406977704e-12
1.18396484018e-09	-2.53981089632e-11
1.18515825287e-09	-3.80315536008e-11
1.18635166556e-09	-3.94798117809e-11
1.18754507826e-09	-2.8806623753e-11
1.18873849095e-09	-8.77006713779e-12
1.18993190364e-09	1.51077709371e-11
1.19112531633e-09	3.59039950548e-11
1.19231872902e-09	4.75253066068e-11
1.19351214171e-09	4.63034437181e-11
1.1947055544e-09	3.22172427625e-11
1.19589896709e-09	8.89445201518e-12
1.19709237978e-09	-1.7382846898e-11
1.19828579247e-09	-3.93791770026e-11
1.19947920516e-09	-5.10179051783e-11
1.20067261785e-09	-4.89836921025e-11
1.20186603054e-09	-3.37899500047e-11
1.20305944323e-09	-9.47422695852e-12
1.20425285592e-09	1.73511188056e-11
1.20544626862e-09	3.95187424451e-11
1.20663968131e-09	5.11130512915e-11
1.207833094e-09	4.92425891729e-11
1.20902650669e-09	3.47174754223e-11
1.21021991938e-09	1.17830953328e-11
1.21141333207e-09	-1.30194926021e-11
1.21260674476e-09	-3.28918767223e-11
1.21380015745e-09	-4.2491857255e-11
1.21499357014e-09	-3.96387506152e-11
1.21618698283e-09	-2.56980339786e-11
1.21738039552e-09	-5.232153686e-12
1.21857380821e-09	1.54526044738e-11
1.2197672209e-09	3.02174882338e-11
1.22096063359e-09	3.48224261926e-11
1.22215404628e-09	2.82616430258e-11
1.22334745897e-09	1.28865806914e-11
1.22454087167e-09	-6.26211409116e-12
1.22573428436e-09	-2.30924480926e-11
1.22692769705e-09	-3.22389372143e-11
1.22812110974e-09	-3.07750561146e-11
1.22931452243e-09	-1.90127236871e-11
1.23050793512e-09	-4.62740089302e-13
1.23170134781e-09	1.92384077419e-11
1.2328947605e-09	3.40139097443e-11
1.23408817319e-09	3.91454958726e-11
1.23528158588e-09	3.27704183234e-11
1.23647499857e-09	1.6389604951e-11
1.23766841126e-09	-5.42635858122e-12
1.23886182395e-09	-2.64609497508e-11
1.24005523664e-09	-4.0548470831e-11
1.24124864933e-09	-4.34418785666e-11
1.24244206203e-09	-3.4039306096e-11
1.24363547472e-09	-1.47113068255e-11
1.24482888741e-09	9.25943609981e-12
1.2460223001e-09	3.12925310664e-11
1.24721571279e-09	4.52101585335e-11
1.24840912548e-09	4.71069121211e-11
1.24960253817e-09	3.63499959299e-11
1.25079595086e-09	1.58570864772e-11
1.25198936355e-09	-8.77731567983e-12
1.25318277624e-09	-3.0846745297e-11
1.25437618893e-09	-4.43425747509e-11
1.25556960162e-09	-4.57510279661e-11
1.25676301431e-09	-3.48643301729e-11
1.257956427e-09	-1.49743811101e-11
1.25914983969e-09	8.23263072297e-12
1.26034325239e-09	2.82292800247e-11
1.26153666508e-09	3.95732543956e-11
1.26273007777e-09	3.93795933362e-11
1.26392349046e-09	2.81733646829e-11
1.26511690315e-09	9.62015883621e-12
1.26631031584e-09	-1.06035163289e-11
1.26750372853e-09	-2.64426432139e-11
1.26869714122e-09	-3.3374171482e-11
1.26989055391e-09	-2.95505182824e-11
1.2710839666e-09	-1.64710866474e-11
1.27227737929e-09	1.662791866e-12
1.27347079198e-09	1.91305651875e-11
1.27466420467e-09	3.04865889478e-11
1.27585761736e-09	3.21814658255e-11
1.27705103005e-09	2.3608670574e-11
1.27824444274e-09	7.30646619596e-12
1.27943785544e-09	-1.18376844785e-11
1.28063126813e-09	-2.7995201643e-11
1.28182468082e-09	-3.61950365513e-11
1.28301809351e-09	-3.37328255606e-11
1.2842115062e-09	-2.10842471954e-11
1.28540491889e-09	-1.71150376857e-12
1.28659833158e-09	1.8876053498e-11
1.28779174427e-09	3.4715501307e-11
1.28898515696e-09	4.11169188974e-11
1.29017856965e-09	3.60204158167e-11
1.29137198234e-09	2.06514111367e-11
1.29256539503e-09	-8.42408174467e-13
1.29375880772e-09	-2.25062156411e-11
1.29495222041e-09	-3.82824327794e-11
1.2961456331e-09	-4.37008589038e-11
1.2973390458e-09	-3.71746210204e-11
1.29853245849e-09	-2.04548027821e-11
1.29972587118e-09	1.8315514036e-12
1.30091928387e-09	2.35341971605e-11
1.30211269656e-09	3.86718816692e-11
1.30330610925e-09	4.31309085669e-11
1.30449952194e-09	3.58529872457e-11
1.30569293463e-09	1.90383663695e-11
1.30688634732e-09	-2.41012028043e-12
1.30807976001e-09	-2.24383185643e-11
1.3092731727e-09	-3.54512148804e-11
1.31046658539e-09	-3.80022402435e-11
1.31165999808e-09	-2.97315227993e-11
1.31285341077e-09	-1.33402629221e-11
1.31404682346e-09	6.09669042681e-12
1.31524023616e-09	2.28254550677e-11
1.31643364885e-09	3.19405682458e-11
1.31762706154e-09	3.09637142315e-11
1.31882047423e-09	2.04153083327e-11
1.32001388692e-09	3.70193112276e-12
1.32120729961e-09	-1.39816803968e-11
1.3224007123e-09	-2.7203458236e-11
1.32359412499e-09	-3.18956770717e-11
1.32478753768e-09	-2.66246816261e-11
1.32598095037e-09	-1.28920485398e-11
1.32717436306e-09	5.16063190445e-12
1.32836777575e-09	2.21438613973e-11
1.32956118844e-09	3.28745607125e-11
1.33075460113e-09	3.40041501901e-11
1.33194801382e-09	2.49918957057e-11
1.33314142651e-09	8.2448145533e-12
1.33433483921e-09	-1.14716014465e-11
1.3355282519e-09	-2.85110685061e-11
1.33672166459e-09	-3.78380972388e-11
1.33791507728e-09	-3.66401978202e-11
1.33910848997e-09	-2.50491016818e-11
1.34030190266e-09	-6.1920139155e-12
1.34149531535e-09	1.47021023827e-11
1.34268872804e-09	3.17487702794e-11
1.34388214073e-09	4.01091278246e-11
1.34507555342e-09	3.73695865918e-11
1.34626896611e-09	2.42488997632e-11
1.3474623788e-09	4.39971279895e-12
1.34865579149e-09	-1.66463023921e-11
1.34984920418e-09	-3.30077458421e-11
1.35104261687e-09	-4.01827147944e-11
1.35223602957e-09	-3.62819288502e-11
1.35342944226e-09	-2.25740589416e-11
1.35462285495e-09	-3.08120196024e-12
1.35581626764e-09	1.66157192172e-11
1.35700968033e-09	3.09541801913e-11
1.35820309302e-09	3.60258455012e-11
1.35939650571e-09	3.06332320621e-11
1.3605899184e-09	1.66387459366e-11
1.36178333109e-09	-1.67781934179e-12
1.36297674378e-09	-1.88557624375e-11
1.36417015647e-09	-2.98953604927e-11
1.36536356916e-09	-3.16821083257e-11
1.36655698185e-09	-2.38998230928e-11
1.36775039454e-09	-9.06370464793e-12
1.36894380723e-09	8.26328935832e-12
1.37013721992e-09	2.27863040936e-11
1.37133063262e-09	3.01483595033e-11
1.37252404531e-09	2.80813497455e-11
1.373717458e-09	1.72090085238e-11
1.37491087069e-09	7.17727526717e-13
1.37610428338e-09	-1.64447483408e-11
1.37729769607e-09	-2.91519551554e-11
1.37849110876e-09	-3.3521619508e-11
1.37968452145e-09	-2.80802603392e-11
1.38087793414e-09	-1.42812706105e-11
1.38207134683e-09	4.04483651434e-12
1.38326475952e-09	2.15624150479e-11
1.38445817221e-09	3.32111664558e-11
1.3856515849e-09	3.5468964571e-11
1.38684499759e-09	2.75454728471e-11
1.38803841028e-09	1.15441319698e-11
1.38923182298e-09	-8.09568558024e-12
1.39042523567e-09	-2.58053509117e-11
1.39161864836e-09	-3.65843570715e-11
1.39281206105e-09	-3.73150191302e-11
1.39400547374e-09	-2.77852064273e-11
1.39519888643e-09	-1.06593492713e-11
1.39639229912e-09	9.24883520464e-12
1.39758571181e-09	2.63396145173e-11
1.3987791245e-09	3.58562381175e-11
1.39997253719e-09	3.5204342913e-11
1.40116594988e-09	2.4705478982e-11
1.40235936257e-09	7.46341270036e-12
1.40355277526e-09	-1.15446064167e-11
1.40474618795e-09	-2.69185455176e-11
1.40593960064e-09	-3.43668773994e-11
1.40713301334e-09	-3.19639661961e-11
1.40832642603e-09	-2.06290696331e-11
1.40951983872e-09	-3.85344013643e-12
1.41071325141e-09	1.33649541087e-11
1.4119066641e-09	2.60080880443e-11
1.41310007679e-09	3.04592948086e-11
1.41429348948e-09	2.55817381167e-11
1.41548690217e-09	1.29535496912e-11
1.41668031486e-09	-3.52236447475e-12
1.41787372755e-09	-1.89213818225e-11
1.41906714024e-09	-2.86076631134e-11
1.42026055293e-09	-2.97017133111e-11
1.42145396562e-09	-2.18460180501e-11
1.42264737831e-09	-7.35341995628e-12
1.423840791e-09	9.46730541185e-12
1.42503420369e-09	2.36106828533e-11
1.42622761639e-09	3.07842258629e-11
1.42742102908e-09	2.87715320318e-11
1.42861444177e-09	1.79871950667e-11
1.42980785446e-09	1.49316583403e-12
1.43100126715e-09	-1.59956596579e-11
1.43219467984e-09	-2.93541475849e-11
1.43338809253e-09	-3.46611003788e-11
1.43458150522e-09	-3.02662235552e-11
1.43577491791e-09	-1.72900964379e-11
1.4369683306e-09	6.3071813397e-13
1.43816174329e-09	1.84617356125e-11
1.43935515598e-09	3.1088825958e-11
1.44054856867e-09	3.49537725153e-11
1.44174198136e-09	2.88845683483e-11
1.44293539405e-09	1.46307514715e-11
1.44412880675e-09	-3.81152661516e-12
1.44532221944e-09	-2.12164764923e-11
1.44651563213e-09	-3.26775204118e-11
1.44770904482e-09	-3.50589106357e-11
1.44890245751e-09	-2.77521269854e-11
1.4500958702e-09	-1.299489856e-11
1.45128928289e-09	4.9447130418e-12
1.45248269558e-09	2.09229161774e-11
1.45367610827e-09	3.04387591521e-11
1.45486952096e-09	3.09209845228e-11
1.45606293365e-09	2.23878086208e-11
1.45725634634e-09	7.5048032025e-12
1.45844975903e-09	-9.33687849258e-12
1.45964317172e-09	-2.3194010948e-11
1.46083658441e-09	-3.00961200406e-11
1.46202999711e-09	-2.81179593498e-11
1.4632234098e-09	-1.79815589502e-11
1.46441682249e-09	-2.77324560885e-12
1.46561023518e-09	1.29403814053e-11
1.46680364787e-09	2.44657714227e-11
1.46799706056e-09	2.83884409036e-11
1.46919047325e-09	2.35229197232e-11
1.47038388594e-09	1.13326709128e-11
1.47157729863e-09	-4.59263183039e-12
1.47277071132e-09	-1.95009633441e-11
1.47396412401e-09	-2.89666016867e-11
1.4751575367e-09	-3.01037424155e-11
1.47635094939e-09	-2.24836347457e-11
1.47754436208e-09	-8.22565800196e-12
1.47873777477e-09	8.56293855267e-12
1.47993118746e-09	2.30100105636e-11
1.48112460016e-09	3.08913727931e-11
1.48231801285e-09	2.98132109278e-11
1.48351142554e-09	2.00011465723e-11
1.48470483823e-09	4.157472977e-12
1.48589825092e-09	-1.32074802484e-11
1.48709166361e-09	-2.71649144151e-11
1.4882850763e-09	-3.37095282243e-11
1.48947848899e-09	-3.09814743304e-11
1.49067190168e-09	-1.97386829104e-11
1.49186531437e-09	-3.18058101557e-12
1.49305872706e-09	1.39799838372e-11
1.49425213975e-09	2.69228701832e-11
1.49544555244e-09	3.20065710047e-11
1.49663896513e-09	2.78998525671e-11
