% time-domain voltage integration by openEMS v0.37.0-rc1-2-g7b051bb @Mon Jul 13 21:37:47 2026
% start-coordinates: (0.00164161,0.00144644,-0.000762) m -> [67,70,14]
% stop-coordinates: (0.00192003,0.00144644,-0.000762) m -> [73,70,14]
% t/s	voltage
0	0
1.15462569568e-12	0
2.30925139136e-12	0
3.46387708705e-12	0
4.61850278273e-12	0
5.77312847841e-12	0
6.92775417409e-12	0
8.08237986977e-12	0
9.23700556545e-12	0
1.03916312611e-11	0
1.15462569568e-11	0
1.27008826525e-11	0
1.38555083482e-11	0
1.50101340439e-11	0
1.61647597395e-11	0
1.73193854352e-11	0
1.84740111309e-11	0
1.96286368266e-11	0
2.07832625223e-11	0
2.1937888218e-11	0
2.30925139136e-11	0
2.42471396093e-11	0
2.5401765305e-11	0
2.65563910007e-11	0
2.77110166964e-11	0
2.8865642392e-11	0
3.00202680877e-11	0
3.11748937834e-11	0
3.23295194791e-11	0
3.34841451748e-11	0
3.46387708705e-11	0
3.57933965661e-11	0
3.69480222618e-11	0
3.81026479575e-11	0
3.92572736532e-11	0
4.04118993489e-11	0
4.15665250445e-11	0
4.27211507402e-11	0
4.38757764359e-11	0
4.50304021316e-11	0
4.61850278273e-11	0
4.7339653523e-11	0
4.84942792186e-11	0
4.96489049143e-11	0
5.080353061e-11	0
5.19581563057e-11	0
5.31127820014e-11	0
5.4267407697e-11	0
5.54220333927e-11	0
5.65766590884e-11	0
5.77312847841e-11	0
5.88859104798e-11	0
6.00405361755e-11	0
6.11951618711e-11	0
6.23497875668e-11	0
6.35044132625e-11	0
6.46590389582e-11	0
6.58136646539e-11	0
6.69682903495e-11	0
6.81229160452e-11	0
6.92775417409e-11	0
7.04321674366e-11	0
7.15867931323e-11	0
7.2741418828e-11	0
7.38960445236e-11	0
7.50506702193e-11	0
7.6205295915e-11	0
7.73599216107e-11	0
7.85145473064e-11	0
7.9669173002e-11	0
8.08237986977e-11	0
8.19784243934e-11	0
8.31330500891e-11	0
8.42876757848e-11	0
8.54423014805e-11	0
8.65969271761e-11	0
8.77515528718e-11	0
8.89061785675e-11	0
9.00608042632e-11	0
9.12154299589e-11	0
9.23700556545e-11	0
9.35246813502e-11	0
9.46793070459e-11	0
9.58339327416e-11	0
9.69885584373e-11	0
9.8143184133e-11	1.43665379586e-34
9.92978098286e-11	2.47551995328e-33
1.00452435524e-10	7.96905640318e-33
1.0160706122e-10	-1.05699288287e-30
1.02761686916e-10	-4.48407731322e-29
1.03916312611e-10	-1.18882350734e-27
1.05070938307e-10	-2.44003964819e-26
1.06225564003e-10	-4.13019756464e-25
1.07380189698e-10	-5.93151486194e-24
1.08534815394e-10	-7.34300492448e-23
1.0968944109e-10	-7.91690896387e-22
1.10844066785e-10	-7.48899135321e-21
1.11998692481e-10	-6.25149930886e-20
1.13153318177e-10	-4.62715490106e-19
1.14307943872e-10	-3.04930754657e-18
1.15462569568e-10	-1.79564594848e-17
1.16617195264e-10	-9.47906514533e-17
1.1777182096e-10	-4.4982878451e-16
1.18926446655e-10	-1.92339744447e-15
1.20081072351e-10	-7.42277005123e-15
1.21235698047e-10	-2.58760692215e-14
1.22390323742e-10	-8.1444594653e-14
1.23544949438e-10	-2.3085656989e-13
1.24699575134e-10	-5.85616360363e-13
1.25854200829e-10	-1.31149724327e-12
1.27008826525e-10	-2.5146005883e-12
1.28163452221e-10	-3.7982685031e-12
1.29318077916e-10	-3.08421604228e-12
1.30472703612e-10	5.90962527395e-12
1.31627329308e-10	3.8187759812e-11
1.32781955003e-10	1.24237131e-10
1.33936580699e-10	3.18027715274e-10
1.35091206395e-10	7.02866209679e-10
1.3624583209e-10	1.38824436668e-09
1.37400457786e-10	2.48702547445e-09
1.38555083482e-10	4.05993355601e-09
1.39709709177e-10	6.01611088724e-09
1.40864334873e-10	7.96787125168e-09
1.42018960569e-10	9.05737196355e-09
1.43173586265e-10	7.80252429333e-09
1.4432821196e-10	2.04280836691e-09
1.45482837656e-10	-1.09114531854e-08
1.46637463352e-10	-3.38308892012e-08
1.47792089047e-10	-6.87818593192e-08
1.48946714743e-10	-1.16076598999e-07
1.50101340439e-10	-1.73171713413e-07
1.51255966134e-10	-2.33850279585e-07
1.5241059183e-10	-2.88065642451e-07
1.53565217526e-10	-3.22742998549e-07
1.54719843221e-10	-3.23622359133e-07
1.55874468917e-10	-2.77929395054e-07
1.57029094613e-10	-1.7737697533e-07
1.58183720308e-10	-2.08265273915e-08
1.59338346004e-10	1.84046403007e-07
1.604929717e-10	4.20544338908e-07
1.61647597395e-10	6.64366893943e-07
1.62802223091e-10	8.86534024858e-07
1.63956848787e-10	1.05746681811e-06
1.65111474482e-10	1.15169892467e-06
1.66266100178e-10	1.15251538091e-06
1.67420725874e-10	1.05563995589e-06
1.6857535157e-10	8.7101646784e-07
1.69729977265e-10	6.21910238863e-07
1.70884602961e-10	3.4109730862e-07
1.72039228657e-10	6.47545146393e-08
1.73193854352e-10	-1.74487190918e-07
1.74348480048e-10	-3.53417242138e-07
1.75503105744e-10	-4.61437394961e-07
1.76657731439e-10	-5.00426381222e-07
1.77812357135e-10	-4.81880867653e-07
1.78966982831e-10	-4.22821699431e-07
1.80121608526e-10	-3.42099252038e-07
1.81276234222e-10	-2.58066769732e-07
1.82430859918e-10	-1.87572002375e-07
1.83585485613e-10	-1.45392222706e-07
1.84740111309e-10	-1.43110129969e-07
1.85894737005e-10	-1.87026964582e-07
1.870493627e-10	-2.75635247959e-07
1.88203988396e-10	-3.9788097439e-07
1.89358614092e-10	-5.3349080531e-07
1.90513239787e-10	-6.56030870516e-07
1.91667865483e-10	-7.38338428619e-07
1.92822491179e-10	-7.59011399509e-07
1.93977116875e-10	-7.08094134438e-07
1.9513174257e-10	-5.90210859741e-07
1.96286368266e-10	-4.24112293729e-07
1.97440993962e-10	-2.38693097288e-07
1.98595619657e-10	-6.65438264491e-08
1.99750245353e-10	6.32579215676e-08
2.00904871049e-10	1.31352305033e-07
2.02059496744e-10	1.31951580329e-07
2.0321412244e-10	7.36958325476e-08
2.04368748136e-10	-2.24726937059e-08
2.05523373831e-10	-1.27933157401e-07
2.06677999527e-10	-2.12736138039e-07
2.07832625223e-10	-2.52624040797e-07
2.08987250918e-10	-2.35267888726e-07
2.10141876614e-10	-1.64004433145e-07
2.1129650231e-10	-5.7498030781e-08
2.12451128005e-10	5.53133059356e-08
2.13605753701e-10	1.44013135639e-07
2.14760379397e-10	1.86509822697e-07
2.15915005092e-10	1.76241821137e-07
2.17069630788e-10	1.23850069755e-07
2.18224256484e-10	5.25052414879e-08
2.1937888218e-10	-1.12499644045e-08
2.20533507875e-10	-4.7294684169e-08
2.21688133571e-10	-4.83153481667e-08
2.22842759267e-10	-2.0428949643e-08
2.23997384962e-10	2.1572432285e-08
2.25152010658e-10	6.15690707306e-08
2.26306636354e-10	8.83749748937e-08
2.27461262049e-10	9.81892505081e-08
2.28615887745e-10	9.27810708262e-08
2.29770513441e-10	7.51822533118e-08
2.30925139136e-10	4.57675541909e-08
2.32079764832e-10	1.1665070021e-09
2.33234390528e-10	-6.3246085702e-08
2.34389016223e-10	-1.48615479034e-07
2.35543641919e-10	-2.48360915833e-07
2.36698267615e-10	-3.47048160876e-07
2.3785289331e-10	-4.2350286833e-07
2.39007519006e-10	-4.57239178075e-07
2.40162144702e-10	-4.35684256672e-07
2.41316770397e-10	-3.5920331598e-07
2.42471396093e-10	-2.41811182633e-07
2.43626021789e-10	-1.07292502882e-07
2.44780647485e-10	1.7669882002e-08
2.4593527318e-10	1.10742943704e-07
2.47089898876e-10	1.59130921773e-07
2.48244524572e-10	1.61392424758e-07
2.49399150267e-10	1.2601928745e-07
2.50553775963e-10	6.79679335036e-08
2.51708401659e-10	4.57405202603e-09
2.52863027354e-10	-4.81336774882e-08
2.5401765305e-10	-7.82050397774e-08
2.55172278746e-10	-7.94521977099e-08
2.56326904441e-10	-5.20910674595e-08
2.57481530137e-10	-2.33606589628e-09
2.58636155833e-10	5.92619002759e-08
2.59790781528e-10	1.20689499283e-07
2.60945407224e-10	1.717943654e-07
2.6210003292e-10	2.06847019513e-07
2.63254658615e-10	2.25330445858e-07
2.64409284311e-10	2.30522612554e-07
2.65563910007e-10	2.264260619e-07
2.66718535702e-10	2.14705762502e-07
2.67873161398e-10	1.93526275893e-07
2.69027787094e-10	1.59108145326e-07
2.7018241279e-10	1.09286138361e-07
2.71337038485e-10	4.7157231009e-08
2.72491664181e-10	-1.74985652635e-08
2.73646289877e-10	-7.04014473385e-08
2.74800915572e-10	-9.79886234376e-08
2.75955541268e-10	-9.33869914732e-08
2.77110166964e-10	-6.03047372039e-08
2.78264792659e-10	-1.27268177108e-08
2.79419418355e-10	2.97769533475e-08
2.80574044051e-10	4.92133893637e-08
2.81728669746e-10	3.58634255626e-08
2.82883295442e-10	-8.05018834926e-09
2.84037921138e-10	-6.9082620513e-08
2.85192546833e-10	-1.27236322811e-07
2.86347172529e-10	-1.62597977749e-07
2.87501798225e-10	-1.6150321791e-07
2.8865642392e-10	-1.20329072928e-07
2.89811049616e-10	-4.60096765131e-08
2.90965675312e-10	4.64262734923e-08
2.92120301007e-10	1.38117254522e-07
2.93274926703e-10	2.11020230623e-07
2.94429552399e-10	2.5177867613e-07
2.95584178095e-10	2.54068400096e-07
2.9673880379e-10	2.19256826028e-07
2.97893429486e-10	1.55618113951e-07
2.99048055182e-10	7.63645839896e-08
3.00202680877e-10	-3.15157350217e-09
3.01357306573e-10	-6.85668251066e-08
3.02511932269e-10	-1.0943301465e-07
3.03666557964e-10	-1.21356551475e-07
3.0482118366e-10	-1.06761303797e-07
3.05975809356e-10	-7.4081477841e-08
3.07130435051e-10	-3.55845277689e-08
3.08285060747e-10	-4.27033192141e-09
3.09439686443e-10	9.44375988521e-09
3.10594312138e-10	4.13623163498e-10
3.11748937834e-10	-2.98224864803e-08
3.1290356353e-10	-7.32339024978e-08
3.14058189225e-10	-1.17052920245e-07
3.15212814921e-10	-1.46788760702e-07
3.16367440617e-10	-1.49895127421e-07
3.17522066312e-10	-1.19216604588e-07
3.18676692008e-10	-5.52957462041e-08
3.19831317704e-10	3.30724776454e-08
3.209859434e-10	1.30242918672e-07
3.22140569095e-10	2.16939012532e-07
3.23295194791e-10	2.74683507939e-07
3.24449820487e-10	2.90308644679e-07
3.25604446182e-10	2.59505057443e-07
3.26759071878e-10	1.88561868342e-07
3.27913697574e-10	9.35633241994e-08
3.29068323269e-10	-3.07983832881e-09
3.30222948965e-10	-7.80549145318e-08
3.31377574661e-10	-1.13283610936e-07
3.32532200356e-10	-1.01107749728e-07
3.33686826052e-10	-4.68409258048e-08
3.34841451748e-10	3.22795878915e-08
3.35996077443e-10	1.11609072206e-07
3.37150703139e-10	1.6599929431e-07
3.38305328835e-10	1.7710440936e-07
3.3945995453e-10	1.38697290097e-07
3.40614580226e-10	5.83670880516e-08
3.41769205922e-10	-4.47739942899e-08
3.42923831617e-10	-1.45653176631e-07
3.44078457313e-10	-2.20277643237e-07
3.45233083009e-10	-2.51995089684e-07
3.46387708705e-10	-2.35234528745e-07
3.475423344e-10	-1.76037877608e-07
3.48696960096e-10	-8.95973473192e-08
3.49851585792e-10	4.26240365226e-09
3.51006211487e-10	8.61981401812e-08
3.52160837183e-10	1.41704026291e-07
3.53315462879e-10	1.63888557836e-07
3.54470088574e-10	1.54196561297e-07
3.5562471427e-10	1.2106262659e-07
3.56779339966e-10	7.70013572904e-08
3.57933965661e-10	3.49303350689e-08
3.59088591357e-10	4.69323815921e-09
3.60243217053e-10	-9.26844201388e-09
3.61397842748e-10	-8.46618963823e-09
3.62552468444e-10	9.70009031431e-10
3.6370709414e-10	1.10105998763e-08
3.64861719835e-10	1.48344454498e-08
3.66016345531e-10	9.17509956899e-09
3.67170971227e-10	-4.89004119142e-09
3.68325596922e-10	-2.29147669728e-08
3.69480222618e-10	-3.93326131665e-08
3.70634848314e-10	-4.99026571177e-08
3.7178947401e-10	-5.32154404986e-08
3.72944099705e-10	-5.06537904954e-08
3.74098725401e-10	-4.49748296383e-08
3.75253351097e-10	-3.83592544395e-08
3.76407976792e-10	-3.10588039731e-08
3.77562602488e-10	-2.15041753293e-08
3.78717228184e-10	-7.85130949144e-09
3.79871853879e-10	9.87113724094e-09
3.81026479575e-10	2.8225856763e-08
3.82181105271e-10	4.05239073409e-08
3.83335730966e-10	3.89598686645e-08
3.84490356662e-10	1.80239863035e-08
3.85644982358e-10	-2.21776983444e-08
3.86799608053e-10	-7.42648351704e-08
3.87954233749e-10	-1.2459612897e-07
3.89108859445e-10	-1.56974458321e-07
3.9026348514e-10	-1.57952682045e-07
3.91418110836e-10	-1.21868096059e-07
3.92572736532e-10	-5.37018811642e-08
3.93727362227e-10	3.15259311989e-08
3.94881987923e-10	1.12826451293e-07
3.96036613619e-10	1.69470098399e-07
3.97191239315e-10	1.87327758638e-07
3.9834586501e-10	1.63115362994e-07
3.99500490706e-10	1.05084887458e-07
4.00655116402e-10	3.01320706164e-08
4.01809742097e-10	-4.15375667195e-08
4.02964367793e-10	-9.23568350686e-08
4.04118993489e-10	-1.12035897004e-07
4.05273619184e-10	-9.95610944798e-08
4.0642824488e-10	-6.23485592044e-08
4.07582870576e-10	-1.31971199524e-08
4.08737496271e-10	3.38805827838e-08
4.09892121967e-10	6.75071731848e-08
4.11046747663e-10	8.1409146091e-08
4.12201373358e-10	7.51290016865e-08
4.13355999054e-10	5.30097477025e-08
4.1451062475e-10	2.21218832142e-08
4.15665250445e-10	-9.95707349905e-09
4.16819876141e-10	-3.68910870741e-08
4.17974501837e-10	-5.44869447339e-08
4.19129127532e-10	-6.07847896461e-08
4.20283753228e-10	-5.57115447108e-08
4.21438378924e-10	-4.06970617206e-08
4.2259300462e-10	-1.84365736011e-08
4.23747630315e-10	7.23831639071e-09
4.24902256011e-10	3.15466133216e-08
4.26056881707e-10	4.93228125009e-08
4.27211507402e-10	5.60444157749e-08
4.28366133098e-10	4.90669780362e-08
4.29520758794e-10	2.87815709044e-08
4.30675384489e-10	-8.23578094611e-10
4.31830010185e-10	-3.26143445584e-08
4.32984635881e-10	-5.78052654632e-08
4.34139261576e-10	-6.83077647778e-08
4.35293887272e-10	-5.92726401294e-08
4.36448512968e-10	-3.09443390911e-08
4.37603138663e-10	1.08258756404e-08
4.38757764359e-10	5.58127926098e-08
4.39912390055e-10	9.21814349297e-08
4.4106701575e-10	1.0994688715e-07
4.42221641446e-10	1.04045713378e-07
4.43376267142e-10	7.59881091383e-08
4.44530892837e-10	3.34917449329e-08
4.45685518533e-10	-1.18057459364e-08
4.46840144229e-10	-4.77900443663e-08
4.47994769925e-10	-6.53719327559e-08
4.4914939562e-10	-6.09771717563e-08
4.50304021316e-10	-3.72654840319e-08
4.51458647012e-10	-1.98001354201e-09
4.52613272707e-10	3.45920661005e-08
4.53767898403e-10	6.26927771918e-08
4.54922524099e-10	7.56681304281e-08
4.56077149794e-10	7.13568386601e-08
4.5723177549e-10	5.20632195133e-08
4.58386401186e-10	2.32461687677e-08
4.59541026881e-10	-8.41846381494e-09
4.60695652577e-10	-3.68335397738e-08
4.61850278273e-10	-5.76792578144e-08
4.63004903968e-10	-6.87901007268e-08
4.64159529664e-10	-6.98343880501e-08
4.6531415536e-10	-6.17503230771e-08
4.66468781055e-10	-4.62884450769e-08
4.67623406751e-10	-2.5838394313e-08
4.68778032447e-10	-3.49993167781e-09
4.69932658142e-10	1.6937285352e-08
4.71087283838e-10	3.13926920015e-08
4.72241909534e-10	3.62739274173e-08
4.7339653523e-10	2.9541375568e-08
4.74551160925e-10	1.17163068136e-08
4.75705786621e-10	-1.37156546121e-08
4.76860412317e-10	-4.07552200876e-08
4.78015038012e-10	-6.2159780434e-08
4.79169663708e-10	-7.13553776066e-08
4.80324289404e-10	-6.44176436637e-08
4.81478915099e-10	-4.1409588647e-08
4.82633540795e-10	-6.66435151508e-09
4.83788166491e-10	3.21096496059e-08
4.84942792186e-10	6.57937073711e-08
4.86097417882e-10	8.62919620204e-08
4.87252043578e-10	8.86553150892e-08
4.88406669273e-10	7.23758279975e-08
4.89561294969e-10	4.14563037232e-08
4.90715920665e-10	3.24425603049e-09
4.9187054636e-10	-3.35036371979e-08
4.93025172056e-10	-6.08658750068e-08
4.94179797752e-10	-7.36819032454e-08
4.95334423447e-10	-7.06331029221e-08
4.96489049143e-10	-5.43261795549e-08
4.97643674839e-10	-3.03504177346e-08
4.98798300535e-10	-5.58719409627e-09
4.9995292623e-10	1.37147189161e-08
5.01107551926e-10	2.35859065612e-08
5.02262177622e-10	2.32253634103e-08
5.03416803317e-10	1.49397456628e-08
5.04571429013e-10	3.164350032e-09
5.05726054709e-10	-7.04609293134e-09
5.06880680404e-10	-1.15066435269e-08
5.080353061e-10	-8.0211541853e-09
5.09189931796e-10	3.21493862088e-09
5.10344557491e-10	1.99432255155e-08
5.11499183187e-10	3.8594767382e-08
5.12653808883e-10	5.52372907414e-08
5.13808434578e-10	6.63991857053e-08
5.14963060274e-10	6.96132262945e-08
5.1611768597e-10	6.36841717139e-08
5.17272311665e-10	4.87440154906e-08
5.18426937361e-10	2.62566826059e-08
5.19581563057e-10	-1.04202793616e-09
5.20736188752e-10	-2.92936019886e-08
5.21890814448e-10	-5.38536415462e-08
5.23045440144e-10	-6.99708193608e-08
5.2420006584e-10	-7.37166390152e-08
5.25354691535e-10	-6.30395504686e-08
5.26509317231e-10	-3.86623613124e-08
5.27663942927e-10	-4.40824254877e-09
5.28818568622e-10	3.32548277804e-08
5.29973194318e-10	6.64772281667e-08
5.31127820014e-10	8.78439641028e-08
5.32282445709e-10	9.22599268094e-08
5.33437071405e-10	7.83292533058e-08
5.34591697101e-10	4.87763105461e-08
5.35746322796e-10	9.81634507013e-09
5.36900948492e-10	-3.04039624588e-08
5.38055574188e-10	-6.38506190143e-08
5.39210199883e-10	-8.45175165409e-08
5.40364825579e-10	-8.97426897239e-08
5.41519451275e-10	-8.0573210326e-08
5.4267407697e-10	-6.11546857598e-08
5.43828702666e-10	-3.73794470931e-08
5.44983328362e-10	-1.51761754275e-08
5.46137954057e-10	1.03759061065e-09
5.47292579753e-10	9.33431187899e-09
5.48447205449e-10	1.04484885188e-08
5.49601831145e-10	7.1653075695e-09
5.5075645684e-10	3.16442314019e-09
5.51911082536e-10	1.70482623851e-09
5.53065708232e-10	4.59206128678e-09
5.54220333927e-10	1.16769143244e-08
5.55374959623e-10	2.10056303462e-08
5.56529585319e-10	2.95541817685e-08
5.57684211014e-10	3.42048807056e-08
5.5883883671e-10	3.27028804037e-08
5.59993462406e-10	2.43066120564e-08
5.61148088101e-10	9.94772675345e-09
5.62302713797e-10	-8.05153599348e-09
5.63457339493e-10	-2.65981312531e-08
5.64611965188e-10	-4.25460613407e-08
5.65766590884e-10	-5.3278728096e-08
5.6692121658e-10	-5.70602942673e-08
5.68075842275e-10	-5.31180406327e-08
5.69230467971e-10	-4.15748031557e-08
5.70385093667e-10	-2.33660673032e-08
5.71539719362e-10	-2.53229714975e-10
5.72694345058e-10	2.51068985602e-08
5.73848970754e-10	4.91846607886e-08
5.7500359645e-10	6.78161615753e-08
5.76158222145e-10	7.68328858314e-08
5.77312847841e-10	7.30473148636e-08
5.78467473537e-10	5.5293411183e-08
5.79622099232e-10	2.52307943427e-08
5.80776724928e-10	-1.24813911428e-08
5.81931350624e-10	-5.08712418856e-08
5.83085976319e-10	-8.2103282395e-08
5.84240602015e-10	-9.93670328242e-08
5.85395227711e-10	-9.86577743944e-08
5.86549853406e-10	-7.98976138583e-08
5.87704479102e-10	-4.70124761343e-08
5.88859104798e-10	-6.92595220064e-09
5.90013730493e-10	3.22208979497e-08
5.91168356189e-10	6.31163352693e-08
5.92322981885e-10	8.0925699919e-08
5.9347760758e-10	8.41117806516e-08
5.94632233276e-10	7.43164134676e-08
5.95786858972e-10	5.53987073992e-08
5.96941484667e-10	3.20805897402e-08
5.98096110363e-10	8.6757271367e-09
5.99250736059e-10	-1.17600863492e-08
6.00405361755e-10	-2.76741336513e-08
6.0155998745e-10	-3.87454250905e-08
6.02714613146e-10	-4.53209443307e-08
6.03869238842e-10	-4.78529780246e-08
6.05023864537e-10	-4.65549998552e-08
6.06178490233e-10	-4.13744647432e-08
6.07333115929e-10	-3.2252883031e-08
6.08487741624e-10	-1.94626077477e-08
6.0964236732e-10	-3.87203913377e-09
6.10796993016e-10	1.30003254828e-08
6.11951618711e-10	2.9234370702e-08
6.13106244407e-10	4.2908453679e-08
6.14260870103e-10	5.25115209093e-08
6.15415495798e-10	5.72302787383e-08
6.16570121494e-10	5.69765488123e-08
6.1772474719e-10	5.21880156867e-08
6.18879372885e-10	4.3529671867e-08
6.20033998581e-10	3.16577413173e-08
6.21188624277e-10	1.71483458544e-08
6.22343249972e-10	6.55359655433e-10
6.23497875668e-10	-1.67828919651e-08
6.24652501364e-10	-3.34938086155e-08
6.2580712706e-10	-4.7122922453e-08
6.26961752755e-10	-5.49328134092e-08
6.28116378451e-10	-5.44556200133e-08
6.29271004147e-10	-4.43045049536e-08
6.30425629842e-10	-2.49060854163e-08
6.31580255538e-10	1.16064691191e-09
6.32734881234e-10	2.94334605577e-08
6.33889506929e-10	5.44439542338e-08
6.35044132625e-10	7.10076326627e-08
6.36198758321e-10	7.55611155867e-08
6.37353384016e-10	6.71277868847e-08
6.38508009712e-10	4.75859134319e-08
6.39662635408e-10	2.11714001885e-08
6.40817261103e-10	-6.63450627769e-09
6.41971886799e-10	-3.05090726016e-08
6.43126512495e-10	-4.65172202979e-08
6.4428113819e-10	-5.28552588364e-08
6.45435763886e-10	-4.99766890094e-08
6.46590389582e-10	-4.01036950315e-08
6.47745015277e-10	-2.63938362277e-08
6.48899640973e-10	-1.20571745921e-08
6.50054266669e-10	3.5577342461e-10
6.51208892365e-10	9.31654597913e-09
6.5236351806e-10	1.43392289154e-08
6.53518143756e-10	1.57742359175e-08
6.54672769452e-10	1.44932366108e-08
6.55827395147e-10	1.15776793708e-08
6.56982020843e-10	8.08851852163e-09
6.58136646539e-10	4.92367224769e-09
6.59291272234e-10	2.71191233359e-09
6.6044589793e-10	1.75813398562e-09
6.61600523626e-10	2.02074648681e-09
6.62755149321e-10	3.10941508652e-09
6.63909775017e-10	4.36919744828e-09
6.65064400713e-10	5.0262291551e-09
6.66219026408e-10	4.37011060672e-09
6.67373652104e-10	1.9805570517e-09
6.685282778e-10	-2.0938965839e-09
6.69682903495e-10	-7.25767723697e-09
6.70837529191e-10	-1.24122984113e-08
6.71992154887e-10	-1.6165008887e-08
6.73146780582e-10	-1.71770004886e-08
6.74301406278e-10	-1.4559534911e-08
6.75456031974e-10	-8.20772916299e-09
6.7661065767e-10	1.01955353882e-09
6.77765283365e-10	1.13820265435e-08
6.78919909061e-10	2.06255286184e-08
6.80074534757e-10	2.65184167958e-08
6.81229160452e-10	2.74642903975e-08
6.82383786148e-10	2.29942640484e-08
6.83538411844e-10	1.39552458478e-08
6.84693037539e-10	2.35911930269e-09
6.85847663235e-10	-9.12045450274e-09
6.87002288931e-10	-1.78638766002e-08
6.88156914626e-10	-2.20033522513e-08
6.89311540322e-10	-2.09098065529e-08
6.90466166018e-10	-1.53044952267e-08
6.91620791713e-10	-6.97373281344e-09
6.92775417409e-10	1.81514930864e-09
6.93930043105e-10	8.99244512187e-09
6.950846688e-10	1.32309904144e-08
6.96239294496e-10	1.42144762627e-08
6.97393920192e-10	1.25492278791e-08
6.98548545887e-10	9.42098343781e-09
6.99703171583e-10	6.14522016607e-09
7.00857797279e-10	3.74400885295e-09
7.02012422975e-10	2.7138234715e-09
7.0316704867e-10	2.98547842004e-09
7.04321674366e-10	4.03819050421e-09
7.05476300062e-10	5.12645037531e-09
7.06630925757e-10	5.50514112074e-09
7.07785551453e-10	4.61991456202e-09
7.08940177149e-10	2.24005972105e-09
7.10094802844e-10	-1.48422998891e-09
7.1124942854e-10	-6.03268585087e-09
7.12404054236e-10	-1.05924063964e-08
7.13558679931e-10	-1.41907484652e-08
7.14713305627e-10	-1.58875710365e-08
7.15867931323e-10	-1.4979755214e-08
7.17022557018e-10	-1.11751228271e-08
7.18177182714e-10	-4.71956074222e-09
7.1933180841e-10	3.591724973e-09
7.20486434105e-10	1.25212035185e-08
7.21641059801e-10	2.05880634763e-08
7.22795685497e-10	2.63540351764e-08
7.23950311192e-10	2.8711119926e-08
7.25104936888e-10	2.7118135959e-08
7.26259562584e-10	2.17234257249e-08
7.2741418828e-10	1.33461325325e-08
7.28568813975e-10	3.32375335588e-09
7.29723439671e-10	-6.74415878699e-09
7.30878065367e-10	-1.52805761378e-08
7.32032691062e-10	-2.10031061432e-08
7.33187316758e-10	-2.31395269612e-08
7.34341942454e-10	-2.15334836629e-08
7.35496568149e-10	-1.66660609757e-08
7.36651193845e-10	-9.56466061908e-09
7.37805819541e-10	-1.60547301842e-09
7.38960445236e-10	5.74149028321e-09
7.40115070932e-10	1.1209032369e-08
7.41269696628e-10	1.39962601509e-08
7.42424322323e-10	1.39304869862e-08
7.43578948019e-10	1.14898147663e-08
7.44733573715e-10	7.65354513099e-09
7.4588819941e-10	3.63382701707e-09
7.47042825106e-10	5.45503246741e-10
7.48197450802e-10	-8.8937374132e-10
7.49352076497e-10	-5.05550580565e-10
7.50506702193e-10	1.29307131669e-09
7.51661327889e-10	3.69367691988e-09
7.52815953585e-10	5.73734848519e-09
7.5397057928e-10	6.59561305572e-09
7.55125204976e-10	5.79893610908e-09
7.56279830672e-10	3.34081895481e-09
7.57434456367e-10	-3.46239037441e-10
7.58589082063e-10	-4.5051509745e-09
7.59743707759e-10	-8.23457257937e-09
7.60898333454e-10	-1.06696711466e-08
7.6205295915e-10	-1.11402186365e-08
7.63207584846e-10	-9.29618404477e-09
7.64362210541e-10	-5.18221926482e-09
7.65516836237e-10	7.34472857533e-10
7.66671461933e-10	7.60292395707e-09
7.67826087628e-10	1.42964625693e-08
7.68980713324e-10	1.95955216498e-08
7.7013533902e-10	2.24272538318e-08
7.71289964715e-10	2.21071512208e-08
7.72444590411e-10	1.85387398766e-08
7.73599216107e-10	1.2288906226e-08
7.74753841802e-10	4.50723819378e-09
7.75908467498e-10	-3.30204483201e-09
7.77063093194e-10	-9.6267367411e-09
7.7821771889e-10	-1.33048791984e-08
7.79372344585e-10	-1.37945853629e-08
7.80526970281e-10	-1.12831918253e-08
7.81681595977e-10	-6.59470067443e-09
7.82836221672e-10	-9.33565717787e-10
7.83990847368e-10	4.45280945449e-09
7.85145473064e-10	8.58586990393e-09
7.86300098759e-10	1.09538169646e-08
7.87454724455e-10	1.15559360969e-08
7.88609350151e-10	1.07884384759e-08
7.89763975846e-10	9.25657672735e-09
7.90918601542e-10	7.56973544958e-09
7.92073227238e-10	6.18322076873e-09
7.93227852933e-10	5.33575544859e-09
7.94382478629e-10	5.05314806665e-09
7.95537104325e-10	5.19484372186e-09
7.9669173002e-10	5.51572076901e-09
7.97846355716e-10	5.71057068299e-09
7.99000981412e-10	5.4649079706e-09
8.00155607107e-10	4.51385989697e-09
8.01310232803e-10	2.72714736904e-09
8.02464858499e-10	2.00017783586e-10
8.03619484195e-10	-2.69434347056e-09
8.0477410989e-10	-5.32024652111e-09
8.05928735586e-10	-6.90515722379e-09
8.07083361282e-10	-6.75408351469e-09
8.08237986977e-10	-4.48659642771e-09
8.09392612673e-10	-2.33972077823e-10
8.10547238369e-10	5.30481247818e-09
8.11701864064e-10	1.09777530399e-08
8.1285648976e-10	1.54518695616e-08
8.14011115456e-10	1.75785712653e-08
8.15165741151e-10	1.67248457306e-08
8.16320366847e-10	1.29779161862e-08
8.17474992543e-10	7.13834386046e-09
8.18629618238e-10	5.02555330684e-10
8.19784243934e-10	-5.48376355436e-09
8.2093886963e-10	-9.60595503141e-09
8.22093495325e-10	-1.11573376094e-08
8.23248121021e-10	-1.00479823351e-08
8.24402746717e-10	-6.73639022342e-09
8.25557372412e-10	-2.02747041378e-09
8.26711998108e-10	3.15459619538e-09
8.27866623804e-10	7.96121846225e-09
8.290212495e-10	1.17292535684e-08
8.30175875195e-10	1.40070310906e-08
8.31330500891e-10	1.45538335827e-08
8.32485126587e-10	1.33293802662e-08
8.33639752282e-10	1.05132418327e-08
8.34794377978e-10	6.53000226114e-09
8.35949003674e-10	2.03350074279e-09
8.37103629369e-10	-2.16608059267e-09
8.38258255065e-10	-5.26320120819e-09
8.39412880761e-10	-6.66319177611e-09
8.40567506456e-10	-6.16356460315e-09
8.41722132152e-10	-4.04746691718e-09
8.42876757848e-10	-1.01897954657e-09
8.44031383543e-10	1.99601291051e-09
8.45186009239e-10	4.14153289441e-09
8.46340634935e-10	4.91101442845e-09
8.4749526063e-10	4.30111191108e-09
8.48649886326e-10	2.80037562583e-09
8.49804512022e-10	1.20153401117e-09
8.50959137717e-10	3.13345443342e-10
8.52113763413e-10	6.78977672697e-10
8.53268389109e-10	2.39329828178e-09
8.54423014805e-10	5.08159653245e-09
8.555776405e-10	8.02822064383e-09
8.56732266196e-10	1.04040011051e-08
8.57886891892e-10	1.15098017783e-08
8.59041517587e-10	1.09584689101e-08
8.60196143283e-10	8.76321604171e-09
8.61350768979e-10	5.31159621842e-09
8.62505394674e-10	1.25890725622e-09
8.6366002037e-10	-2.62134161599e-09
8.64814646066e-10	-5.60143925687e-09
8.65969271761e-10	-7.1346399344e-09
8.67123897457e-10	-6.94663615519e-09
8.68278523153e-10	-5.07798231242e-09
8.69433148848e-10	-1.86409762626e-09
8.70587774544e-10	2.13212988931e-09
8.7174240024e-10	6.2282090596e-09
8.72897025935e-10	9.74812419674e-09
8.74051651631e-10	1.21453866964e-08
8.75206277327e-10	1.30991930636e-08
8.76360903022e-10	1.25585779553e-08
8.77515528718e-10	1.07379501957e-08
8.78670154414e-10	8.05499278389e-09
8.7982478011e-10	5.03604502544e-09
8.80979405805e-10	2.21450763283e-09
8.82134031501e-10	3.65046812223e-11
8.83288657197e-10	-1.20247069246e-09
8.84443282892e-10	-1.39262440468e-09
8.85597908588e-10	-6.22741636036e-10
8.86752534284e-10	8.36213542854e-10
8.87907159979e-10	2.57101220869e-09
8.89061785675e-10	4.0975888238e-09
8.90216411371e-10	4.96792101901e-09
8.91371037066e-10	4.88990403724e-09
8.92525662762e-10	3.83351461686e-09
8.93680288458e-10	2.07626008053e-09
8.94834914153e-10	1.54090936191e-10
8.95989539849e-10	-1.27924025539e-09
8.97144165545e-10	-1.65835463417e-09
8.9829879124e-10	-7.04665256701e-10
8.99453416936e-10	1.45350396996e-09
9.00608042632e-10	4.28928714769e-09
9.01762668327e-10	7.02441943501e-09
9.02917294023e-10	8.8638996143e-09
9.04071919719e-10	9.24761722754e-09
9.05226545415e-10	8.02601951566e-09
9.0638117111e-10	5.49870288191e-09
9.07535796806e-10	2.31353514124e-09
9.08690422502e-10	-7.40208991323e-10
9.09845048197e-10	-2.96670929489e-09
9.10999673893e-10	-3.94288030003e-09
9.12154299589e-10	-3.59631846525e-09
9.13308925284e-10	-2.16855228219e-09
9.1446355098e-10	-9.31247960689e-11
9.15618176676e-10	2.14883275063e-09
9.16772802371e-10	4.1484657376e-09
9.17927428067e-10	5.62935859039e-09
9.19082053763e-10	6.45140535438e-09
9.20236679458e-10	6.58322557578e-09
9.21391305154e-10	6.06949285276e-09
9.2254593085e-10	5.01798586017e-09
9.23700556545e-10	3.60342511385e-09
9.24855182241e-10	2.07531539176e-09
9.26009807937e-10	7.41016005501e-10
9.27164433632e-10	-9.06340783674e-11
9.28319059328e-10	-1.89917525283e-10
9.29473685024e-10	5.03367333926e-10
9.3062831072e-10	1.82575053687e-09
9.31782936415e-10	3.40499833884e-09
9.32937562111e-10	4.75042127857e-09
9.34092187807e-10	5.39976724445e-09
9.35246813502e-10	5.0760024517e-09
9.36401439198e-10	3.79867137745e-09
9.37556064894e-10	1.90371593489e-09
9.38710690589e-10	-4.52162109837e-11
9.39865316285e-10	-1.42369789569e-09
9.41019941981e-10	-1.74454364843e-09
9.42174567676e-10	-8.18017209525e-10
9.43329193372e-10	1.18157258977e-09
9.44483819068e-10	3.75912678763e-09
9.45638444763e-10	6.24530038795e-09
9.46793070459e-10	7.98978982974e-09
9.47947696155e-10	8.54106063652e-09
9.4910232185e-10	7.76291675386e-09
9.50256947546e-10	5.85157161614e-09
9.51411573242e-10	3.2662599847e-09
9.52566198937e-10	5.96232556382e-10
9.53720824633e-10	-1.58624401114e-09
9.54875450329e-10	-2.84683199236e-09
9.56030076025e-10	-2.96525251575e-09
9.5718470172e-10	-1.95035279593e-09
9.58339327416e-10	-1.06366790376e-11
9.59493953112e-10	2.49978865385e-09
9.60648578807e-10	5.1515550159e-09
9.61803204503e-10	7.50379280934e-09
9.62957830199e-10	9.1657742507e-09
9.64112455894e-10	9.85071324511e-09
9.6526708159e-10	9.42348676869e-09
9.66421707286e-10	7.93685350775e-09
9.67576332981e-10	5.6388955727e-09
9.68730958677e-10	2.94699878389e-09
9.69885584373e-10	3.73062809811e-10
9.71040210068e-10	-1.58570934161e-09
9.72194835764e-10	-2.56361928908e-09
9.7334946146e-10	-2.42558151342e-09
9.74504087155e-10	-1.30197178039e-09
9.75658712851e-10	4.47651984925e-10
9.76813338547e-10	2.33328495414e-09
9.77967964242e-10	3.87528947821e-09
9.79122589938e-10	4.73527256295e-09
9.80277215634e-10	4.80088313548e-09
9.8143184133e-10	4.20306633941e-09
9.82586467025e-10	3.26273516538e-09
9.83741092721e-10	2.38726832746e-09
9.84895718417e-10	1.94600958958e-09
9.86050344112e-10	2.16401119246e-09
9.87204969808e-10	3.05887637442e-09
9.88359595504e-10	4.43207143208e-09
9.89514221199e-10	5.92199023153e-09
9.90668846895e-10	7.09349684547e-09
9.91823472591e-10	7.55153284349e-09
9.92978098286e-10	7.04496516679e-09
9.94132723982e-10	5.53817447457e-09
9.95287349678e-10	3.23402923885e-09
9.96441975373e-10	5.36748936963e-10
9.97596601069e-10	-2.03521827169e-09
9.98751226765e-10	-3.96689525672e-09
9.9990585246e-10	-4.86644319286e-09
1.00106047816e-09	-4.55240029007e-09
1.00221510385e-09	-3.08999384413e-09
1.00336972955e-09	-7.66238406058e-10
1.00452435524e-09	1.98517582928e-09
1.00567898094e-09	4.68108285467e-09
1.00683360663e-09	6.88563928097e-09
1.00798823233e-09	8.28297752609e-09
1.00914285803e-09	8.7139863103e-09
1.01029748372e-09	8.18413248282e-09
1.01145210942e-09	6.84431178399e-09
1.01260673511e-09	4.96006702377e-09
1.01376136081e-09	2.86770962532e-09
1.0149159865e-09	9.23025461619e-10
1.0160706122e-09	-5.54959897481e-10
1.0172252379e-09	-1.34596919721e-09
1.01837986359e-09	-1.37617629792e-09
1.01953448929e-09	-7.39507684255e-10
1.02068911498e-09	3.18219988554e-10
1.02184374068e-09	1.46423960456e-09
1.02299836637e-09	2.37093841782e-09
1.02415299207e-09	2.81579728978e-09
1.02530761777e-09	2.75432548991e-09
1.02646224346e-09	2.33422681184e-09
1.02761686916e-09	1.84734284814e-09
1.02877149485e-09	1.62524506353e-09
1.02992612055e-09	1.91782416337e-09
1.03108074624e-09	2.7968253824e-09
1.03223537194e-09	4.11637812725e-09
1.03338999764e-09	5.55016643755e-09
1.03454462333e-09	6.68989941222e-09
1.03569924903e-09	7.1723439965e-09
1.03685387472e-09	6.79210565568e-09
1.03800850042e-09	5.56361523518e-09
1.03916312611e-09	3.71580827219e-09
1.04031775181e-09	1.62650146129e-09
1.0414723775e-09	-2.77705611978e-10
1.0426270032e-09	-1.62315950958e-09
1.0437816289e-09	-2.16770346118e-09
1.04493625459e-09	-1.83589193847e-09
1.04609088029e-09	-7.1774563376e-10
1.04724550598e-09	9.62600922583e-10
1.04840013168e-09	2.89570131762e-09
1.04955475737e-09	4.74018585495e-09
1.05070938307e-09	6.17458051355e-09
1.05186400877e-09	6.94859836337e-09
1.05301863446e-09	6.92429108495e-09
1.05417326016e-09	6.10329531359e-09
1.05532788585e-09	4.63444360665e-09
1.05648251155e-09	2.79491144117e-09
1.05763713724e-09	9.41869804372e-10
1.05879176294e-09	-5.54937581998e-10
1.05994638864e-09	-1.39066412552e-09
1.06110101433e-09	-1.39628382467e-09
1.06225564003e-09	-5.80140956108e-10
1.06341026572e-09	8.68696115042e-10
1.06456489142e-09	2.61719509953e-09
1.06571951711e-09	4.26720531133e-09
1.06687414281e-09	5.44977069028e-09
1.06802876851e-09	5.9135792374e-09
1.0691833942e-09	5.58790119731e-09
1.0703380199e-09	4.59692367505e-09
1.07149264559e-09	3.22424562049e-09
1.07264727129e-09	1.83552799349e-09
1.07380189698e-09	7.81668479943e-10
1.07495652268e-09	3.05283458235e-10
1.07611114838e-09	4.78774634521e-10
1.07726577407e-09	1.19247059449e-09
1.07842039977e-09	2.18971396571e-09
1.07957502546e-09	3.14473477814e-09
1.08072965116e-09	3.75875991443e-09
1.08188427685e-09	3.8420138182e-09
1.08303890255e-09	3.3662274912e-09
1.08419352825e-09	2.46918324676e-09
1.08534815394e-09	1.40893367806e-09
1.08650277964e-09	4.91088239518e-10
1.08765740533e-09	-1.68864258514e-11
1.08881203103e-09	4.25324701674e-11
1.08996665672e-09	6.80441751555e-10
1.09112128242e-09	1.76225342652e-09
1.09227590811e-09	3.04687430841e-09
1.09343053381e-09	4.24475582461e-09
1.09458515951e-09	5.08602854277e-09
1.0957397852e-09	5.37451266824e-09
1.0968944109e-09	5.02220898202e-09
1.09804903659e-09	4.0640284471e-09
1.09920366229e-09	2.6484440474e-09
1.10035828798e-09	1.01444766476e-09
1.10151291368e-09	-5.44028190552e-10
1.10266753938e-09	-1.72703279455e-09
1.10382216507e-09	-2.27972904443e-09
1.10497679077e-09	-2.04885425292e-09
1.10613141646e-09	-1.02535754887e-09
1.10728604216e-09	6.35962532636e-10
1.10844066785e-09	2.6304175782e-09
1.10959529355e-09	4.55815463152e-09
1.11074991925e-09	6.01067939865e-09
1.11190454494e-09	6.66678029448e-09
1.11305917064e-09	6.38043340384e-09
1.11421379633e-09	5.22283682969e-09
1.11536842203e-09	3.47425158087e-09
1.11652304772e-09	1.55608871621e-09
1.11767767342e-09	-7.55819400122e-11
1.11883229912e-09	-1.0481540913e-09
1.11998692481e-09	-1.16813173023e-09
1.12114155051e-09	-4.65619133527e-10
1.1222961762e-09	8.21407511453e-10
1.1234508019e-09	2.31950675333e-09
1.12460542759e-09	3.62666777165e-09
1.12576005329e-09	4.41890496417e-09
1.12691467899e-09	4.53204962447e-09
1.12806930468e-09	3.99427863007e-09
1.12922393038e-09	3.00387925645e-09
1.13037855607e-09	1.8661821255e-09
1.13153318177e-09	9.0492580096e-10
1.13268780746e-09	3.77868694668e-10
1.13384243316e-09	4.14470034682e-10
1.13499705886e-09	9.91928671146e-10
1.13615168455e-09	1.9498309356e-09
1.13730631025e-09	3.03575006799e-09
1.13846093594e-09	3.96913080181e-09
1.13961556164e-09	4.50496712157e-09
1.14077018733e-09	4.48602810454e-09
1.14192481303e-09	3.87491017051e-09
1.14307943872e-09	2.76007716682e-09
1.14423406442e-09	1.3415309974e-09
1.14538869012e-09	-1.03748778665e-10
1.14654331581e-09	-1.27112100012e-09
1.14769794151e-09	-1.88422066838e-09
1.1488525672e-09	-1.75501556343e-09
1.1500071929e-09	-8.31447702354e-10
1.15116181859e-09	7.7322881431e-10
1.15231644429e-09	2.78452910729e-09
1.15347106999e-09	4.80960343774e-09
1.15462569568e-09	6.41334357843e-09
1.15578032138e-09	7.21515364122e-09
1.15693494707e-09	6.98494440066e-09
1.15808957277e-09	5.70959085566e-09
1.15924419846e-09	3.61221422218e-09
1.16039882416e-09	1.11252371204e-09
1.16155344986e-09	-1.26470671435e-09
1.16270807555e-09	-3.01194377772e-09
1.16386270125e-09	-3.76236730659e-09
1.16501732694e-09	-3.37812380846e-09
1.16617195264e-09	-1.98171434818e-09
1.16732657833e-09	7.9865589836e-11
1.16848120403e-09	2.32826655178e-09
1.16963582973e-09	4.27456409158e-09
1.17079045542e-09	5.53640627787e-09
1.17194508112e-09	5.9189689261e-09
1.17309970681e-09	5.44095801747e-09
1.17425433251e-09	4.30786190053e-09
1.1754089582e-09	2.84309042975e-09
1.1765635839e-09	1.40021295947e-09
1.1777182096e-09	2.81905315064e-10
1.17887283529e-09	-3.20291501654e-10
1.18002746099e-09	-3.54340605468e-10
1.18118208668e-09	9.85409770275e-11
1.18233671238e-09	8.55246339027e-10
1.18349133807e-09	1.68053235217e-09
1.18464596377e-09	2.34117406017e-09
1.18580058947e-09	2.6582507584e-09
1.18695521516e-09	2.54394855181e-09
1.18810984086e-09	2.02131006377e-09
1.18926446655e-09	1.22367281585e-09
1.19041909225e-09	3.67662674611e-10
1.19157371794e-09	-2.91886289444e-10
1.19272834364e-09	-5.21761606143e-10
1.19388296933e-09	-1.74075680086e-10
1.19503759503e-09	7.66666653773e-10
1.19619222073e-09	2.16212409088e-09
1.19734684642e-09	3.7376096107e-09
1.19850147212e-09	5.13818443348e-09
1.19965609781e-09	6.01038946391e-09
1.20081072351e-09	6.09217903902e-09
1.2019653492e-09	5.28525528898e-09
1.2031199749e-09	3.69239239184e-09
1.2042746006e-09	1.60559582296e-09
1.20542922629e-09	-5.53421218574e-10
1.20658385199e-09	-2.32688046609e-09
1.20773847768e-09	-3.32736979636e-09
1.20889310338e-09	-3.33073174597e-09
1.21004772907e-09	-2.32962599211e-09
1.21120235477e-09	-5.36152594544e-10
1.21235698047e-09	1.66852306971e-09
1.21351160616e-09	3.82385723086e-09
1.21466623186e-09	5.49518919257e-09
1.21582085755e-09	6.36995667325e-09
1.21697548325e-09	6.32044122595e-09
1.21813010894e-09	5.42277511784e-09
1.21928473464e-09	3.92692972584e-09
1.22043936034e-09	2.19039128502e-09
1.22159398603e-09	5.93237028945e-10
1.22274861173e-09	-5.4836714336e-10
1.22390323742e-09	-1.04572263349e-09
1.22505786312e-09	-8.67460839271e-10
1.22621248881e-09	-1.34634506668e-10
1.22736711451e-09	9.20591672338e-10
1.22852174021e-09	2.0145898838e-09
1.2296763659e-09	2.87956564149e-09
1.2308309916e-09	3.32145946857e-09
1.23198561729e-09	3.25978666282e-09
1.23314024299e-09	2.74145445234e-09
1.23429486868e-09	1.92497004448e-09
1.23544949438e-09	1.04419591029e-09
1.23660412008e-09	3.52979045298e-10
1.23775874577e-09	6.29978100936e-11
1.23891337147e-09	2.92272263683e-10
1.24006799716e-09	1.02836636429e-09
1.24122262286e-09	2.12429582258e-09
1.24237724855e-09	3.32563623862e-09
1.24353187425e-09	4.32619223778e-09
1.24468649994e-09	4.84136514212e-09
1.24584112564e-09	4.68210653581e-09
1.24699575134e-09	3.80981601822e-09
1.24815037703e-09	2.35684724514e-09
1.24930500273e-09	6.06160129035e-10
1.25045962842e-09	-1.06836726965e-09
1.25161425412e-09	-2.28833091365e-09
1.25276887981e-09	-2.76048833792e-09
1.25392350551e-09	-2.34976901825e-09
1.25507813121e-09	-1.11686725146e-09
1.2562327569e-09	6.92495567833e-10
1.2573873826e-09	2.70084132836e-09
1.25854200829e-09	4.48529990926e-09
1.25969663399e-09	5.67432351106e-09
1.26085125968e-09	6.03025790413e-09
1.26200588538e-09	5.50107343011e-09
1.26316051108e-09	4.22558082969e-09
1.26431513677e-09	2.49611453729e-09
1.26546976247e-09	6.88630055756e-10
1.26662438816e-09	-8.23979315334e-10
1.26777901386e-09	-1.75098489874e-09
1.26893363955e-09	-1.94188309877e-09
1.27008826525e-09	-1.41075504057e-09
1.27124289095e-09	-3.23726632306e-10
1.27239751664e-09	1.04517686172e-09
1.27355214234e-09	2.37889855037e-09
1.27470676803e-09	3.38978456416e-09
1.27586139373e-09	3.88097642912e-09
1.27701601942e-09	3.78724795969e-09
1.27817064512e-09	3.18337073368e-09
1.27932527082e-09	2.26237256706e-09
1.28047989651e-09	1.2860601889e-09
1.28163452221e-09	5.20763730749e-10
1.2827891479e-09	1.73904578021e-10
1.2839437736e-09	3.42017978175e-10
1.28509839929e-09	9.86484817445e-10
1.28625302499e-09	1.94065200021e-09
1.28740765069e-09	2.94922181121e-09
1.28856227638e-09	3.72964892303e-09
1.28971690208e-09	4.04436290014e-09
1.29087152777e-09	3.76212150321e-09
1.29202615347e-09	2.8971710031e-09
1.29318077916e-09	1.61106954166e-09
1.29433540486e-09	1.80797279925e-10
1.29549003055e-09	-1.06395317556e-09
1.29664465625e-09	-1.81645684605e-09
1.29779928195e-09	-1.86633097865e-09
1.29895390764e-09	-1.15291175218e-09
1.30010853334e-09	2.14358367862e-10
1.30126315903e-09	1.97371219368e-09
1.30241778473e-09	3.76485320697e-09
1.30357241042e-09	5.20652093661e-09
1.30472703612e-09	5.98258886875e-09
1.30588166182e-09	5.91503424019e-09
1.30703628751e-09	5.00683061677e-09
1.30819091321e-09	3.44334175062e-09
1.3093455389e-09	1.55286290771e-09
1.3105001646e-09	-2.68046963098e-10
1.31165479029e-09	-1.64261375335e-09
1.31280941599e-09	-2.29818472586e-09
1.31396404169e-09	-2.12533241006e-09
1.31511866738e-09	-1.19807543053e-09
1.31627329308e-09	2.47903041845e-10
1.31742791877e-09	1.87359497361e-09
1.31858254447e-09	3.31739363757e-09
1.31973717016e-09	4.2781588272e-09
1.32089179586e-09	4.57978094337e-09
1.32204642156e-09	4.20560630765e-09
1.32320104725e-09	3.29356780737e-09
1.32435567295e-09	2.09596237588e-09
1.32551029864e-09	9.1540042213e-10
1.32666492434e-09	3.41320357394e-11
1.32781955003e-09	-3.5085563968e-10
1.32897417573e-09	-1.69679805796e-10
1.33012880143e-09	5.0922558531e-10
1.33128342712e-09	1.49636954216e-09
1.33243805282e-09	2.52721249483e-09
1.33359267851e-09	3.32460350916e-09
1.33474730421e-09	3.6640667167e-09
1.3359019299e-09	3.42922462648e-09
1.3370565556e-09	2.64349236945e-09
1.3382111813e-09	1.46933895606e-09
1.33936580699e-09	1.74077264756e-10
1.34052043269e-09	-9.2951024655e-10
1.34167505838e-09	-1.55770202293e-09
1.34282968408e-09	-1.5258924263e-09
1.34398430977e-09	-7.96934407354e-10
1.34513893547e-09	5.02574312028e-10
1.34629356116e-09	2.10447317905e-09
1.34744818686e-09	3.65777300115e-09
1.34860281256e-09	4.80788409085e-09
1.34975743825e-09	5.27961752095e-09
1.35091206395e-09	4.94576690713e-09
1.35206668964e-09	3.85974319173e-09
1.35322131534e-09	2.24665677728e-09
1.35437594103e-09	4.54305093545e-10
1.35553056673e-09	-1.12659587215e-09
1.35668519243e-09	-2.15263684655e-09
1.35783981812e-09	-2.40430289566e-09
1.35899444382e-09	-1.83474524462e-09
1.36014906951e-09	-5.79320071081e-10
1.36130369521e-09	1.07961124762e-09
1.3624583209e-09	2.77719564012e-09
1.3636129466e-09	4.14769701917e-09
1.3647675723e-09	4.90671381304e-09
1.36592219799e-09	4.91032658978e-09
1.36707682369e-09	4.18297047e-09
1.36823144938e-09	2.90773871647e-09
1.36938607508e-09	1.38059221e-09
1.37054070077e-09	-5.71654980297e-11
1.37169532647e-09	-1.09435077666e-09
1.37284995217e-09	-1.51669370119e-09
1.37400457786e-09	-1.25046259458e-09
1.37515920356e-09	-3.75344640785e-10
1.37631382925e-09	8.96307868203e-10
1.37746845495e-09	2.26710528128e-09
1.37862308064e-09	3.42221234684e-09
1.37977770634e-09	4.09934641787e-09
1.38093233204e-09	4.14953038597e-09
1.38208695773e-09	3.57120685801e-09
1.38324158343e-09	2.5115542146e-09
1.38439620912e-09	1.23209682734e-09
1.38555083482e-09	4.67911447435e-11
1.38670546051e-09	-7.54172661821e-10
1.38786008621e-09	-9.7471478111e-10
1.38901471191e-09	-5.61562525647e-10
1.3901693376e-09	3.82099182156e-10
1.3913239633e-09	1.6219129928e-09
1.39247858899e-09	2.8494207549e-09
1.39363321469e-09	3.75754694026e-09
1.39478784038e-09	4.11600425965e-09
1.39594246608e-09	3.82781778496e-09
1.39709709177e-09	2.95226551539e-09
1.39825171747e-09	1.69104591441e-09
1.39940634317e-09	3.40128151338e-10
1.40056096886e-09	-7.81598077926e-10
1.40171559456e-09	-1.40623346301e-09
1.40287022025e-09	-1.37921474241e-09
1.40402484595e-09	-6.9492367416e-10
1.40517947164e-09	5.02596669144e-10
1.40633409734e-09	1.95160249072e-09
1.40748872304e-09	3.33080496517e-09
1.40864334873e-09	4.33017210977e-09
1.40979797443e-09	4.71979011429e-09
1.41095260012e-09	4.40150554892e-09
1.41210722582e-09	3.43173084394e-09
1.41326185151e-09	2.01198757654e-09
1.41441647721e-09	4.44733715133e-10
1.41557110291e-09	-9.31883015198e-10
1.4167257286e-09	-1.81912976349e-09
1.4178803543e-09	-2.02563429919e-09
1.41903497999e-09	-1.51065460141e-09
1.42018960569e-09	-3.92444417241e-10
1.42134423138e-09	1.07587472264e-09
1.42249885708e-09	2.565733348e-09
1.42365348278e-09	3.74756997656e-09
1.42480810847e-09	4.36498975853e-09
1.42596273417e-09	4.2933308575e-09
1.42711735986e-09	3.56692575476e-09
1.42827198556e-09	2.36861216751e-09
1.42942661125e-09	9.85396972353e-10
1.43058123695e-09	-2.59703862582e-10
1.43173586265e-09	-1.08393610754e-09
1.43289048834e-09	-1.30964079859e-09
1.43404511404e-09	-9.03386976336e-10
1.43519973973e-09	1.94436047124e-11
1.43635436543e-09	1.22402366021e-09
1.43750899112e-09	2.41391617806e-09
1.43866361682e-09	3.30152097328e-09
1.43981824252e-09	3.67518032673e-09
1.44097286821e-09	3.44884643066e-09
1.44212749391e-09	2.6814122589e-09
1.4432821196e-09	1.5609886439e-09
1.4444367453e-09	3.60684752898e-10
1.44559137099e-09	-6.27442361956e-10
1.44674599669e-09	-1.16135112638e-09
1.44790062238e-09	-1.10571138356e-09
1.44905524808e-09	-4.63220975466e-10
1.45020987378e-09	6.25358861917e-10
1.45136449947e-09	1.91441704156e-09
1.45251912517e-09	3.10841605233e-09
1.45367375086e-09	3.92882537614e-09
1.45482837656e-09	4.17754053572e-09
1.45598300225e-09	3.78221848285e-09
1.45713762795e-09	2.81518544587e-09
1.45829225365e-09	1.47889823998e-09
1.45944687934e-09	6.38506365835e-11
1.46060150504e-09	-1.11597188435e-09
1.46175613073e-09	-1.79300405079e-09
1.46291075643e-09	-1.8066160512e-09
1.46406538212e-09	-1.1423692825e-09
1.46522000782e-09	6.30826987869e-11
1.46637463352e-09	1.55053705986e-09
1.46752925921e-09	2.99406088811e-09
1.46868388491e-09	4.07455919005e-09
1.4698385106e-09	4.55295168234e-09
1.4709931363e-09	4.32558133756e-09
1.47214776199e-09	3.44835981991e-09
