% time-domain current integration by openEMS v0.37.0-rc1-2-g7b051bb @Sat Aug  8 17:31:50 2026
% start-coordinates: (0.00248549,0.00248549,-0.000889) m -> [89,89,13]
% stop-coordinates: (0.00304414,0.00304414,-0.000889) m -> [98,98,13]
% t/s	current
6.85255168094e-14	0
1.30198481938e-12	0
2.53544412195e-12	0
3.76890342452e-12	0
5.00236272709e-12	0
6.23582202966e-12	0
7.46928133223e-12	0
8.7027406348e-12	0
9.93619993737e-12	0
1.11696592399e-11	0
1.24031185425e-11	0
1.36365778451e-11	0
1.48700371476e-11	0
1.61034964502e-11	0
1.73369557528e-11	0
1.85704150554e-11	0
1.98038743579e-11	0
2.10373336605e-11	0
2.22707929631e-11	0
2.35042522656e-11	0
2.47377115682e-11	0
2.59711708708e-11	0
2.72046301733e-11	0
2.84380894759e-11	0
2.96715487785e-11	0
3.09050080811e-11	0
3.21384673836e-11	0
3.33719266862e-11	0
3.46053859888e-11	0
3.58388452913e-11	0
3.70723045939e-11	0
3.83057638965e-11	0
3.9539223199e-11	0
4.07726825016e-11	0
4.20061418042e-11	0
4.32396011068e-11	0
4.44730604093e-11	0
4.57065197119e-11	0
4.69399790145e-11	0
4.8173438317e-11	0
4.94068976196e-11	0
5.06403569222e-11	0
5.18738162247e-11	0
5.31072755273e-11	0
5.43407348299e-11	0
5.55741941325e-11	0
5.6807653435e-11	0
5.80411127376e-11	0
5.92745720402e-11	0
6.05080313427e-11	0
6.17414906453e-11	0
6.29749499479e-11	0
6.42084092504e-11	0
6.5441868553e-11	0
6.66753278556e-11	0
6.79087871582e-11	0
6.91422464607e-11	0
7.03757057633e-11	0
7.16091650659e-11	0
7.28426243684e-11	0
7.4076083671e-11	0
7.53095429736e-11	0
7.65430022761e-11	0
7.77764615787e-11	0
7.90099208813e-11	0
8.02433801839e-11	0
8.14768394864e-11	0
8.2710298789e-11	0
8.39437580916e-11	0
8.51772173941e-11	0
8.64106766967e-11	0
8.76441359993e-11	-3.24390630699e-36
8.88775953018e-11	-1.6999929277e-34
9.01110546044e-11	-6.71398659494e-33
9.1344513907e-11	-2.14956257246e-31
9.25779732096e-11	-5.53404346232e-30
9.38114325121e-11	-1.12205810044e-28
9.50448918147e-11	-1.70276204171e-27
9.62783511173e-11	-1.63079643378e-26
9.75118104198e-11	3.96995020924e-27
9.87452697224e-11	3.83123669813e-24
9.9978729025e-11	9.05710516599e-23
1.01212188328e-10	1.3839956465e-21
1.0244564763e-10	1.62118853604e-20
1.03679106933e-10	1.54115444969e-19
1.04912566235e-10	1.2228779682e-18
1.06146025538e-10	8.23940215221e-18
1.0737948484e-10	4.77004552838e-17
1.08612944143e-10	2.39329159247e-16
1.09846403446e-10	1.0470346844e-15
1.11079862748e-10	4.00869353716e-15
1.12313322051e-10	1.34402478567e-14
1.13546781353e-10	3.93110769089e-14
1.14780240656e-10	9.91089737948e-14
1.16013699958e-10	2.08884193037e-13
1.17247159261e-10	3.36919159022e-13
1.18480618564e-10	2.6729670994e-13
1.19714077866e-10	-7.03338483374e-13
1.20947537169e-10	-4.30151357242e-12
1.22180996471e-10	-1.40095886281e-11
1.23414455774e-10	-3.5708692947e-11
1.24647915076e-10	-7.75244451967e-11
1.25881374379e-10	-1.47663825611e-10
1.27114833682e-10	-2.48703058148e-10
1.28348292984e-10	-3.67097491294e-10
1.29581752287e-10	-4.58217519483e-10
1.30815211589e-10	-4.30405960872e-10
1.32048670892e-10	-1.36174890808e-10
1.33282130194e-10	6.16820705623e-10
1.34515589497e-10	2.02108885183e-09
1.357490488e-10	4.18295531546e-09
1.36982508102e-10	7.00278057764e-09
1.38215967405e-10	1.00547214998e-08
1.39449426707e-10	1.25239383308e-08
1.4068288601e-10	1.32694371047e-08
1.41916345312e-10	1.10607167869e-08
1.43149804615e-10	4.9788089207e-09
1.44383263917e-10	-5.11181053042e-09
1.4561672322e-10	-1.81918089481e-08
1.46850182523e-10	-3.20143023202e-08
1.48083641825e-10	-4.34680202943e-08
1.49317101128e-10	-4.93636882481e-08
1.5055056043e-10	-4.74390731142e-08
1.51784019733e-10	-3.72309507668e-08
1.53017479035e-10	-2.04450962826e-08
1.54250938338e-10	-6.08018080328e-10
1.55484397641e-10	1.79404580081e-08
1.56717856943e-10	3.13720001088e-08
1.57951316246e-10	3.75180491119e-08
1.59184775548e-10	3.64087178184e-08
1.60418234851e-10	3.002528004e-08
1.61651694153e-10	2.14196571591e-08
1.62885153456e-10	1.35994762118e-08
1.64118612759e-10	8.62273186186e-09
1.65352072061e-10	7.18830550639e-09
1.66585531364e-10	8.75276917611e-09
1.67818990666e-10	1.19929781661e-08
1.69052449969e-10	1.53628896271e-08
1.70285909271e-10	1.75575411987e-08
1.71519368574e-10	1.78132246731e-08
1.72752827877e-10	1.60472630739e-08
1.73986287179e-10	1.2841646857e-08
1.75219746482e-10	9.246195809e-09
1.76453205784e-10	6.39501340771e-09
1.77686665087e-10	5.0226698356e-09
1.78920124389e-10	5.08021713586e-09
1.80153583692e-10	5.6798055148e-09
1.81387042995e-10	5.47350520463e-09
1.82620502297e-10	3.33817551379e-09
1.838539616e-10	-9.67966262699e-10
1.85087420902e-10	-6.54650245124e-09
1.86320880205e-10	-1.16839959929e-08
1.87554339507e-10	-1.46358516417e-08
1.8878779881e-10	-1.44825875736e-08
1.90021258113e-10	-1.16174945219e-08
1.91254717415e-10	-7.60935225941e-09
1.92488176718e-10	-4.50228210269e-09
1.9372163602e-10	-3.8919782952e-09
1.94955095323e-10	-6.21300877413e-09
1.96188554625e-10	-1.0550374796e-08
1.97422013928e-10	-1.50313255176e-08
1.98655473231e-10	-1.75958696502e-08
1.99888932533e-10	-1.68023071012e-08
2.01122391836e-10	-1.23437180477e-08
2.02355851138e-10	-5.10368147744e-09
2.03589310441e-10	3.21943693926e-09
2.04822769743e-10	1.07311457498e-08
2.06056229046e-10	1.59514321751e-08
2.07289688349e-10	1.82047870112e-08
2.08523147651e-10	1.7685099607e-08
2.09756606954e-10	1.52185428703e-08
2.10990066256e-10	1.18495391277e-08
2.12223525559e-10	8.42510594623e-09
2.13456984861e-10	5.34075184078e-09
2.14690444164e-10	2.53977616715e-09
2.15923903467e-10	-2.52265014433e-10
2.17157362769e-10	-3.18459680848e-09
2.18390822072e-10	-6.01831118274e-09
2.19624281374e-10	-8.10700306886e-09
2.20857740677e-10	-8.66234284302e-09
2.22091199979e-10	-7.18281389922e-09
2.23324659282e-10	-3.81747433664e-09
2.24558118585e-10	5.46358014386e-10
2.25791577887e-10	4.54842874476e-09
2.2702503719e-10	6.86546908213e-09
2.28258496492e-10	6.72463906781e-09
2.29491955795e-10	4.18186596463e-09
2.30725415097e-10	5.79043514526e-11
2.319588744e-10	-4.40772129906e-09
2.33192333703e-10	-8.01341215606e-09
2.34425793005e-10	-9.97577309647e-09
2.35659252308e-10	-1.01131885089e-08
2.3689271161e-10	-8.81144135434e-09
2.38126170913e-10	-6.82379663886e-09
2.39359630215e-10	-4.98581620434e-09
2.40593089518e-10	-3.92613896949e-09
2.41826548821e-10	-3.84867426817e-09
2.43060008123e-10	-4.45041781205e-09
2.44293467426e-10	-5.01237407136e-09
2.45526926728e-10	-4.65484939483e-09
2.46760386031e-10	-2.68784416946e-09
2.47993845333e-10	1.06474695727e-09
2.49227304636e-10	6.10101436038e-09
2.50460763939e-10	1.13235749666e-08
2.51694223241e-10	1.53618699983e-08
2.52927682544e-10	1.70281744261e-08
2.54161141846e-10	1.57386814692e-08
2.55394601149e-10	1.17326619531e-08
2.56628060451e-10	5.99872063134e-09
2.57861519754e-10	-6.03944116939e-11
2.59094979056e-10	-5.08466957427e-09
2.60328438359e-10	-8.15434653134e-09
2.61561897662e-10	-8.9870964004e-09
2.62795356964e-10	-7.89243159716e-09
2.64028816267e-10	-5.54670975816e-09
2.65262275569e-10	-2.71214273262e-09
2.66495734872e-10	-1.66079094921e-11
2.67729194174e-10	2.14336681736e-09
2.68962653477e-10	3.5803915388e-09
2.7019611278e-10	4.2281271817e-09
2.71429572082e-10	4.0558032488e-09
2.72663031385e-10	3.03691760628e-09
2.73896490687e-10	1.18697085494e-09
2.7512994999e-10	-1.35448752214e-09
2.76363409292e-10	-4.24812807154e-09
2.77596868595e-10	-6.9421086657e-09
2.78830327898e-10	-8.76289885099e-09
2.800637872e-10	-9.10636366314e-09
2.81297246503e-10	-7.66693908361e-09
2.82530705805e-10	-4.60530102941e-09
2.83764165108e-10	-5.64626512212e-10
2.8499762441e-10	3.49792661503e-09
2.86231083713e-10	6.61266597035e-09
2.87464543016e-10	8.10887179625e-09
2.88698002318e-10	7.8073503218e-09
2.89931461621e-10	6.02695671148e-09
2.91164920923e-10	3.42309514068e-09
2.92398380226e-10	7.41395222992e-10
2.93631839528e-10	-1.40801414972e-09
2.94865298831e-10	-2.67993649494e-09
2.96098758134e-10	-3.01118752155e-09
2.97332217436e-10	-2.5577331364e-09
2.98565676739e-10	-1.60030411145e-09
2.99799136041e-10	-4.56649412728e-10
3.01032595344e-10	5.83523007691e-10
3.02266054646e-10	1.30228117179e-09
3.03499513949e-10	1.58119628502e-09
3.04732973252e-10	1.41282252564e-09
3.05966432554e-10	8.90270412945e-10
3.07199891857e-10	1.71524891512e-10
3.08433351159e-10	-5.74056857605e-10
3.09666810462e-10	-1.22007859371e-09
3.10900269764e-10	-1.71917780012e-09
3.12133729067e-10	-2.1047250609e-09
3.1336718837e-10	-2.45285836087e-09
3.14600647672e-10	-2.8205218161e-09
3.15834106975e-10	-3.19188764308e-09
3.17067566277e-10	-3.46270678797e-09
3.1830102558e-10	-3.4754745748e-09
3.19534484882e-10	-3.09560377332e-09
3.20767944185e-10	-2.29497976179e-09
3.22001403488e-10	-1.19892529238e-09
3.2323486279e-10	-6.62379248673e-11
3.24468322093e-10	7.97929056162e-10
3.25701781395e-10	1.16537890449e-09
3.26935240698e-10	9.90094339848e-10
3.281687e-10	4.40405240054e-10
3.29402159303e-10	-1.6687154436e-10
3.30635618606e-10	-5.06836961289e-10
3.31869077908e-10	-3.97021970855e-10
3.33102537211e-10	1.16654491622e-10
3.34335996513e-10	7.83553499861e-10
3.35569455816e-10	1.27267607564e-09
3.36802915118e-10	1.33860467155e-09
3.38036374421e-10	9.46956624226e-10
3.39269833724e-10	2.94808233381e-10
3.40503293026e-10	-2.84937351491e-10
3.41736752329e-10	-4.87383300385e-10
3.42970211631e-10	-1.8664285395e-10
3.44203670934e-10	5.00489594213e-10
3.45437130236e-10	1.26831922742e-09
3.46670589539e-10	1.76360170911e-09
3.47904048842e-10	1.74442349454e-09
3.49137508144e-10	1.18336795918e-09
3.50370967447e-10	2.70115374512e-10
3.51604426749e-10	-6.82298606502e-10
3.52837886052e-10	-1.37681266388e-09
3.54071345354e-10	-1.65096070148e-09
3.55304804657e-10	-1.52549850529e-09
3.5653826396e-10	-1.16876297529e-09
3.57771723262e-10	-8.02092003926e-10
3.59005182565e-10	-5.97269456115e-10
3.60238641867e-10	-6.12767947494e-10
3.6147210117e-10	-7.91880283568e-10
3.62705560472e-10	-1.01686903342e-09
3.63939019775e-10	-1.18725673737e-09
3.65172479078e-10	-1.27911314873e-09
3.6640593838e-10	-1.35511790678e-09
3.67639397683e-10	-1.52322732205e-09
3.68872856985e-10	-1.86875270813e-09
3.70106316288e-10	-2.39753461528e-09
3.7133977559e-10	-3.01949176773e-09
3.72573234893e-10	-3.57678398011e-09
3.73806694195e-10	-3.89798415767e-09
3.75040153498e-10	-3.85148268833e-09
3.76273612801e-10	-3.37768635283e-09
3.77507072103e-10	-2.49498177674e-09
3.78740531406e-10	-1.28873201e-09
3.79973990708e-10	1.04322675498e-10
3.81207450011e-10	1.51161638762e-09
3.82440909313e-10	2.74339240214e-09
3.83674368616e-10	3.6199374609e-09
3.84907827919e-10	4.00862365524e-09
3.86141287221e-10	3.86191123525e-09
3.87374746524e-10	3.23899485011e-09
3.88608205826e-10	2.29642371785e-09
3.89841665129e-10	1.2465163346e-09
3.91075124431e-10	2.97981361808e-10
3.92308583734e-10	-3.97371108241e-10
3.93542043037e-10	-7.70592589738e-10
3.94775502339e-10	-8.26253010455e-10
3.96008961642e-10	-6.08977479555e-10
3.97242420944e-10	-1.69403699402e-10
3.98475880247e-10	4.49869808072e-10
3.99709339549e-10	1.20297327655e-09
4.00942798852e-10	2.01440908398e-09
4.02176258155e-10	2.7590272289e-09
4.03409717457e-10	3.26908211612e-09
4.0464317676e-10	3.37314132182e-09
4.05876636062e-10	2.9519009459e-09
4.07110095365e-10	1.98720684352e-09
4.08343554667e-10	5.83429693446e-10
4.0957701397e-10	-1.0500116332e-09
4.10810473273e-10	-2.65015676071e-09
4.12043932575e-10	-3.96639743272e-09
4.13277391878e-10	-4.81748019254e-09
4.1451085118e-10	-5.12200992731e-09
4.15744310483e-10	-4.89570339823e-09
4.16977769785e-10	-4.22321111415e-09
4.18211229088e-10	-3.22250381934e-09
4.19444688391e-10	-2.01712735404e-09
4.20678147693e-10	-7.23612281206e-10
4.21911606996e-10	5.46794720613e-10
4.23145066298e-10	1.68018587932e-09
4.24378525601e-10	2.55744136979e-09
4.25611984903e-10	3.06543990192e-09
4.26845444206e-10	3.12207038e-09
4.28078903509e-10	2.7054865015e-09
4.29312362811e-10	1.87315429834e-09
4.30545822114e-10	7.60307816705e-10
4.31779281416e-10	-4.44256409438e-10
4.33012740719e-10	-1.53827817151e-09
4.34246200021e-10	-2.34823138712e-09
4.35479659324e-10	-2.75951039796e-09
4.36713118627e-10	-2.72831046644e-09
4.37946577929e-10	-2.27731855595e-09
4.39180037232e-10	-1.48129686295e-09
4.40413496534e-10	-4.49433240624e-10
4.41646955837e-10	6.90086265909e-10
4.42880415139e-10	1.80125947491e-09
4.44113874442e-10	2.74921685417e-09
4.45347333745e-10	3.41018835393e-09
4.46580793047e-10	3.68490282732e-09
4.4781425235e-10	3.51595574877e-09
4.49047711652e-10	2.90550250526e-09
4.50281170955e-10	1.92607507721e-09
4.51514630257e-10	7.16609771523e-10
4.5274808956e-10	-5.39622457829e-10
4.53981548863e-10	-1.65110136674e-09
4.55215008165e-10	-2.45786702102e-09
4.56448467468e-10	-2.86355028578e-09
4.5768192677e-10	-2.85058177063e-09
4.58915386073e-10	-2.47536191544e-09
4.60148845375e-10	-1.84789994417e-09
4.61382304678e-10	-1.10322573299e-09
4.62615763981e-10	-3.71480901595e-10
4.63849223283e-10	2.4649546293e-10
4.65082682586e-10	6.92175428085e-10
4.66316141888e-10	9.4955676655e-10
4.67549601191e-10	1.03496011761e-09
4.68783060493e-10	9.81702941161e-10
4.70016519796e-10	8.26840151902e-10
4.71249979099e-10	6.05213823501e-10
4.72483438401e-10	3.51041862245e-10
4.73716897704e-10	1.02519243095e-10
4.74950357006e-10	-9.63358767758e-11
4.76183816309e-10	-2.00442232257e-10
4.77417275611e-10	-1.74166403522e-10
4.78650734914e-10	-3.62119102065e-12
4.79884194217e-10	2.94615248864e-10
4.81117653519e-10	6.73056999023e-10
4.82351112822e-10	1.06237196817e-09
4.83584572124e-10	1.38624822732e-09
4.84818031427e-10	1.57731649963e-09
4.86051490729e-10	1.59101043451e-09
4.87284950032e-10	1.41447697999e-09
4.88518409335e-10	1.06940833966e-09
4.89751868637e-10	6.0961180548e-10
4.9098532794e-10	1.12943938924e-10
4.92218787242e-10	-3.33859134782e-10
4.93452246545e-10	-6.55216714218e-10
4.94685705847e-10	-8.05472688548e-10
4.9591916515e-10	-7.80061237826e-10
4.97152624452e-10	-6.14681916478e-10
4.98386083755e-10	-3.72449543429e-10
4.99619543058e-10	-1.24231194776e-10
5.0085300236e-10	6.94583418559e-11
5.02086461663e-10	1.69022712493e-10
5.03319920965e-10	1.57246854426e-10
5.04553380268e-10	3.47496684205e-11
5.0578683957e-10	-1.85034515487e-10
5.07020298873e-10	-4.77408057531e-10
5.08253758176e-10	-8.04892430484e-10
5.09487217478e-10	-1.11501119449e-09
5.10720676781e-10	-1.34069155777e-09
5.11954136083e-10	-1.40715650243e-09
5.13187595386e-10	-1.24724586215e-09
5.14421054688e-10	-8.22664880662e-10
5.15654513991e-10	-1.45844766819e-10
5.16887973294e-10	7.05575264881e-10
5.18121432596e-10	1.59069302175e-09
5.19354891899e-10	2.32839703074e-09
5.20588351201e-10	2.73831934905e-09
5.21821810504e-10	2.68939559511e-09
5.23055269806e-10	2.14197126702e-09
5.24288729109e-10	1.16897103108e-09
5.25522188412e-10	-5.25873580792e-11
5.26755647714e-10	-1.27956856222e-09
5.27989107017e-10	-2.2608868111e-09
5.29222566319e-10	-2.80033463085e-09
5.30456025622e-10	-2.80613710046e-09
5.31689484924e-10	-2.31198948875e-09
5.32922944227e-10	-1.46239542698e-09
5.3415640353e-10	-4.66035710023e-10
5.35389862832e-10	4.67486604983e-10
5.36623322135e-10	1.18594689624e-09
5.37856781437e-10	1.62747970656e-09
5.3909024074e-10	1.81667858534e-09
5.40323700042e-10	1.82800974358e-09
5.41557159345e-10	1.73570102735e-09
5.42790618648e-10	1.57393542644e-09
5.4402407795e-10	1.32537258946e-09
5.45257537253e-10	9.42721345432e-10
5.46490996555e-10	3.90958987406e-10
5.47724455858e-10	-3.12537190572e-10
5.4895791516e-10	-1.0801536332e-09
5.50191374463e-10	-1.76824632714e-09
5.51424833766e-10	-2.2191823934e-09
5.52658293068e-10	-2.31436225739e-09
5.53891752371e-10	-2.01807504041e-09
5.55125211673e-10	-1.39617262196e-09
5.56358670976e-10	-6.01748040285e-10
5.57592130278e-10	1.68791508548e-10
5.58825589581e-10	7.34702743088e-10
5.60059048884e-10	9.8582464414e-10
5.61292508186e-10	9.14746445257e-10
5.62525967489e-10	6.12947803624e-10
5.63759426791e-10	2.3085507117e-10
5.64992886094e-10	-8.23264789673e-11
5.66226345396e-10	-2.34972347135e-10
5.67459804699e-10	-2.22338120137e-10
5.68693264002e-10	-1.15925290201e-10
5.69926723304e-10	-1.89370585185e-11
5.71160182607e-10	-1.08623249284e-11
5.72393641909e-10	-1.08778923369e-10
5.73627101212e-10	-2.63691679603e-10
5.74860560514e-10	-3.91600890604e-10
5.76094019817e-10	-4.20681045554e-10
5.7732747912e-10	-3.28931409888e-10
5.78560938422e-10	-1.53962606553e-10
5.79794397725e-10	2.72299977705e-11
5.81027857027e-10	1.3529799503e-10
5.8226131633e-10	1.23146395858e-10
5.83494775632e-10	-6.99311572191e-12
5.84728234935e-10	-2.08298017723e-10
5.85961694238e-10	-4.09842798588e-10
5.8719515354e-10	-5.42504596801e-10
5.88428612843e-10	-5.61334090321e-10
5.89662072145e-10	-4.59014937171e-10
5.90895531448e-10	-2.68753991284e-10
5.9212899075e-10	-5.57766818843e-11
5.93362450053e-10	1.02411627789e-10
5.94595909356e-10	1.42045417095e-10
5.95829368658e-10	3.70979219566e-11
5.97062827961e-10	-1.88363200038e-10
5.98296287263e-10	-4.67181959785e-10
5.99529746566e-10	-7.14740766572e-10
6.00763205868e-10	-8.61601623381e-10
6.01996665171e-10	-8.78034034368e-10
6.03230124474e-10	-7.78762665465e-10
6.04463583776e-10	-6.0641586197e-10
6.05697043079e-10	-4.04706101964e-10
6.06930502381e-10	-1.97581367933e-10
6.08163961684e-10	1.40395299553e-11
6.09397420986e-10	2.37062369735e-10
6.10630880289e-10	4.63765609249e-10
6.11864339591e-10	6.58438414902e-10
6.13097798894e-10	7.63351826194e-10
6.14331258197e-10	7.22244541951e-10
6.15564717499e-10	5.09555841965e-10
6.16798176802e-10	1.4988954522e-10
6.18031636104e-10	-2.82954881747e-10
6.19265095407e-10	-6.86904311209e-10
6.20498554709e-10	-9.62891877343e-10
6.21732014012e-10	-1.04479824792e-09
6.22965473315e-10	-9.18230325109e-10
6.24198932617e-10	-6.23390894461e-10
6.2543239192e-10	-2.43013609236e-10
6.26665851222e-10	1.2118817061e-10
6.27899310525e-10	3.78935438583e-10
6.29132769827e-10	4.79868034198e-10
6.3036622913e-10	4.3007944428e-10
6.31599688433e-10	2.88692958428e-10
6.32833147735e-10	1.42048164897e-10
6.34066607038e-10	6.37129446424e-11
6.3530006634e-10	7.86302967182e-11
6.36533525643e-10	1.50173457003e-10
6.37766984945e-10	1.98279601071e-10
6.39000444248e-10	1.41191489056e-10
6.40233903551e-10	-6.02137922856e-11
6.41467362853e-10	-3.79053788357e-10
6.42700822156e-10	-7.3214384555e-10
6.43934281458e-10	-1.01648456319e-09
6.45167740761e-10	-1.15277654089e-09
6.46401200063e-10	-1.11454390161e-09
6.47634659366e-10	-9.30608035077e-10
6.48868118669e-10	-6.64484578472e-10
6.50101577971e-10	-3.85076137643e-10
6.51335037274e-10	-1.42992021002e-10
6.52568496576e-10	3.97254937279e-11
6.53801955879e-10	1.66858471484e-10
6.55035415181e-10	2.58744914383e-10
6.56268874484e-10	3.41057987407e-10
6.57502333787e-10	4.32827468311e-10
6.58735793089e-10	5.35104793808e-10
6.59969252392e-10	6.23676388312e-10
6.61202711694e-10	6.50807630009e-10
6.62436170997e-10	5.60666568727e-10
6.63669630299e-10	3.16301096426e-10
6.64903089602e-10	-7.29251867226e-11
6.66136548905e-10	-5.38332212141e-10
6.67370008207e-10	-9.63727098124e-10
6.6860346751e-10	-1.22090981769e-09
6.69836926812e-10	-1.2149661277e-09
6.71070386115e-10	-9.19478826411e-10
6.72303845417e-10	-3.86994686297e-10
6.7353730472e-10	2.67952021682e-10
6.74770764023e-10	9.03716379508e-10
6.76004223325e-10	1.38887179535e-09
6.77237682628e-10	1.62946400817e-09
6.7847114193e-10	1.58271262762e-09
6.79704601233e-10	1.25975097021e-09
6.80938060535e-10	7.20958737155e-10
6.82171519838e-10	6.54516232879e-11
6.83404979141e-10	-5.86642512346e-10
6.84638438443e-10	-1.11960085647e-09
6.85871897746e-10	-1.44971568083e-09
6.87105357048e-10	-1.54465573665e-09
6.88338816351e-10	-1.42578848727e-09
6.89572275653e-10	-1.15149667579e-09
6.90805734956e-10	-7.89389831279e-10
6.92039194259e-10	-3.91490284635e-10
6.93272653561e-10	1.52422258842e-11
6.94506112864e-10	4.20321083494e-10
6.95739572166e-10	8.10983669108e-10
6.96973031469e-10	1.15649345656e-09
6.98206490771e-10	1.40572853358e-09
6.99439950074e-10	1.49990408982e-09
7.00673409377e-10	1.39375222474e-09
7.01906868679e-10	1.07510556013e-09
7.03140327982e-10	5.75306025041e-10
7.04373787284e-10	-3.22907048322e-11
7.05607246587e-10	-6.43952557944e-10
7.06840705889e-10	-1.14437348486e-09
7.08074165192e-10	-1.43050782331e-09
7.09307624495e-10	-1.43733180913e-09
7.10541083797e-10	-1.15937648371e-09
7.117745431e-10	-6.59895360577e-10
7.13008002402e-10	-6.01820676627e-11
7.14241461705e-10	4.92592522328e-10
7.15474921007e-10	8.70286342991e-10
7.1670838031e-10	1.00461994279e-09
7.17941839613e-10	9.07068531397e-10
7.19175298915e-10	6.58935794817e-10
7.20408758218e-10	3.75528719232e-10
7.2164221752e-10	1.5980408663e-10
7.22875676823e-10	6.50570916583e-11
7.24109136125e-10	8.09094111154e-11
7.25342595428e-10	1.45746664737e-10
7.26576054731e-10	1.78244502491e-10
7.27809514033e-10	1.1400333455e-10
7.29042973336e-10	-6.69113167651e-11
7.30276432638e-10	-3.30607041743e-10
7.31509891941e-10	-6.00324234767e-10
7.32743351243e-10	-7.83107967361e-10
7.33976810546e-10	-8.02848398873e-10
7.35210269848e-10	-6.29414464992e-10
7.36443729151e-10	-2.94268165391e-10
7.37677188454e-10	1.14495711523e-10
7.38910647756e-10	4.77741346483e-10
7.40144107059e-10	6.84158119046e-10
7.41377566361e-10	6.7011451943e-10
7.42611025664e-10	4.45216946643e-10
7.43844484966e-10	9.16645717663e-11
7.45077944269e-10	-2.64051919219e-10
7.46311403572e-10	-4.97478946926e-10
7.47544862874e-10	-5.3279519685e-10
7.48778322177e-10	-3.70530744975e-10
7.50011781479e-10	-8.52501888526e-11
7.51245240782e-10	2.0524970612e-10
7.52478700084e-10	3.86264437102e-10
7.53712159387e-10	3.88999360501e-10
7.5494561869e-10	2.1367646541e-10
7.56179077992e-10	-7.38736918859e-11
7.57412537295e-10	-3.68927222105e-10
7.58645996597e-10	-5.66869384766e-10
7.598794559e-10	-6.00165916964e-10
7.61112915202e-10	-4.61146953956e-10
7.62346374505e-10	-2.03866645787e-10
7.63579833808e-10	7.52905793266e-11
7.6481329311e-10	2.71947686592e-10
7.66046752413e-10	3.11746878312e-10
7.67280211715e-10	1.78780976134e-10
7.68513671018e-10	-7.66188362755e-11
7.6974713032e-10	-3.55169449406e-10
7.70980589623e-10	-5.46115208611e-10
7.72214048926e-10	-5.71185432285e-10
7.73447508228e-10	-4.17492290739e-10
7.74680967531e-10	-1.45278081232e-10
7.75914426833e-10	1.33952821058e-10
7.77147886136e-10	3.00811875409e-10
7.78381345438e-10	2.75623440738e-10
7.79614804741e-10	5.13161249605e-11
7.80848264044e-10	-3.01531327684e-10
7.82081723346e-10	-6.59435783756e-10
7.83315182649e-10	-8.90680806886e-10
7.84548641951e-10	-9.03084385051e-10
7.85782101254e-10	-6.77470080035e-10
7.87015560556e-10	-2.74985478832e-10
7.88249019859e-10	1.83610460169e-10
7.89482479162e-10	5.58910473458e-10
7.90715938464e-10	7.3977496351e-10
7.91949397767e-10	6.80241918349e-10
7.93182857069e-10	4.13872519589e-10
7.94416316372e-10	4.05713032614e-11
7.95649775674e-10	-3.09561404288e-10
7.96883234977e-10	-5.2264653716e-10
7.9811669428e-10	-5.41264144616e-10
7.99350153582e-10	-3.83555659456e-10
8.00583612885e-10	-1.3353838868e-10
8.01817072187e-10	9.3669363932e-11
8.0305053149e-10	1.9829353437e-10
8.04283990792e-10	1.35759820052e-10
8.05517450095e-10	-6.63875759921e-11
8.06750909398e-10	-3.21199622455e-10
8.079843687e-10	-5.18665943527e-10
8.09217828003e-10	-5.70869684857e-10
8.10451287305e-10	-4.47518549995e-10
8.11684746608e-10	-1.87678525498e-10
8.1291820591e-10	1.15648025878e-10
8.14151665213e-10	3.50966145035e-10
8.15385124516e-10	4.29965674176e-10
8.16618583818e-10	3.19849619013e-10
8.17852043121e-10	5.50344839145e-11
8.19085502423e-10	-2.74935157973e-10
8.20318961726e-10	-5.56687806963e-10
8.21552421028e-10	-6.92848889372e-10
8.22785880331e-10	-6.36550534505e-10
8.24019339634e-10	-4.08547307096e-10
8.25252798936e-10	-9.05853447808e-11
8.26486258239e-10	2.03437183766e-10
8.27719717541e-10	3.68837460574e-10
8.28953176844e-10	3.48861328714e-10
8.30186636146e-10	1.55821300307e-10
8.31420095449e-10	-1.33735911234e-10
8.32653554752e-10	-4.08464567725e-10
8.33887014054e-10	-5.64892022048e-10
8.35120473357e-10	-5.46405309887e-10
8.36353932659e-10	-3.63545804571e-10
8.37587391962e-10	-8.8438513457e-11
8.38820851264e-10	1.73838166084e-10
8.40054310567e-10	3.25180632421e-10
8.4128776987e-10	3.10190817476e-10
8.42521229172e-10	1.35179964444e-10
8.43754688475e-10	-1.35606942342e-10
8.44988147777e-10	-4.0446937466e-10
8.4622160708e-10	-5.75708480888e-10
8.47455066382e-10	-5.89303605913e-10
8.48688525685e-10	-4.41403497087e-10
8.49921984987e-10	-1.84580767337e-10
8.5115544429e-10	9.19760032025e-11
8.52388903593e-10	2.94848478966e-10
8.53622362895e-10	3.59825363949e-10
8.54855822198e-10	2.74345962614e-10
8.560892815e-10	8.05593092235e-11
8.57322740803e-10	-1.42010486703e-10
8.58556200105e-10	-3.07363967611e-10
8.59789659408e-10	-3.55697221677e-10
8.61023118711e-10	-2.7536559144e-10
8.62256578013e-10	-1.05752719082e-10
8.63490037316e-10	7.97107241324e-11
8.64723496618e-10	2.03238759156e-10
8.65956955921e-10	2.13282641548e-10
8.67190415223e-10	1.04196089257e-10
8.68423874526e-10	-8.25132046023e-11
8.69657333829e-10	-2.75183903442e-10
8.70890793131e-10	-3.99932725825e-10
8.72124252434e-10	-4.08604955426e-10
8.73357711736e-10	-2.96126234645e-10
8.74591171039e-10	-1.00973139572e-10
8.75824630341e-10	1.10232996342e-10
8.77058089644e-10	2.6752325355e-10
8.78291548947e-10	3.2274433126e-10
8.79525008249e-10	2.65956895396e-10
8.80758467552e-10	1.27612101442e-10
8.81991926854e-10	-3.34109649669e-11
8.83225386157e-10	-1.51546372673e-10
8.84458845459e-10	-1.78714293364e-10
8.85692304762e-10	-1.02194697149e-10
8.86925764065e-10	5.02535825453e-11
8.88159223367e-10	2.20103074655e-10
8.8939268267e-10	3.39521688542e-10
8.90626141972e-10	3.56780521793e-10
8.91859601275e-10	2.55731130716e-10
8.93093060577e-10	6.20468468271e-11
8.9432651988e-10	-1.66025429515e-10
8.95559979183e-10	-3.58657853416e-10
8.96793438485e-10	-4.58655669e-10
8.98026897788e-10	-4.39765474036e-10
8.9926035709e-10	-3.13276349306e-10
9.00493816393e-10	-1.21690629795e-10
9.01727275695e-10	7.72009817185e-11
9.02960734998e-10	2.29355506809e-10
9.04194194301e-10	3.00310581958e-10
9.05427653603e-10	2.83604417728e-10
9.06661112906e-10	1.99891256325e-10
9.07894572208e-10	8.76273012484e-11
9.09128031511e-10	-1.12787869322e-11
9.10361490813e-10	-6.62319157851e-11
9.11594950116e-10	-6.83674436508e-11
9.12828409419e-10	-3.27307590753e-11
9.14061868721e-10	8.97537339589e-12
9.15295328024e-10	2.25827048034e-11
9.16528787326e-10	-1.29749067393e-11
9.17762246629e-10	-9.51931866666e-11
9.18995705931e-10	-1.97201255325e-10
9.20229165234e-10	-2.77510459057e-10
9.21462624537e-10	-2.96511815101e-10
9.22696083839e-10	-2.32816918522e-10
9.23929543142e-10	-9.29263402338e-11
9.25163002444e-10	8.94952861819e-11
9.26396461747e-10	2.64520877424e-10
9.27629921049e-10	3.82771786489e-10
9.28863380352e-10	4.11708500625e-10
9.30096839655e-10	3.4586408737e-10
9.31330298957e-10	2.07803191321e-10
9.3256375826e-10	3.99023696029e-11
9.33797217562e-10	-1.09722730901e-10
9.35030676865e-10	-2.02390867954e-10
9.36264136167e-10	-2.20327520117e-10
9.3749759547e-10	-1.70773895025e-10
9.38731054773e-10	-8.16528303305e-11
9.39964514075e-10	9.54137116538e-12
9.41197973378e-10	6.98527694021e-11
9.4243143268e-10	8.29455740203e-11
9.43664891983e-10	5.44710561379e-11
9.44898351285e-10	8.63533290013e-12
9.46131810588e-10	-2.27564165428e-11
9.47365269891e-10	-1.44068333652e-11
9.48598729193e-10	4.10893888358e-11
9.49832188496e-10	1.29376689917e-10
9.51065647798e-10	2.19587972805e-10
9.52299107101e-10	2.76531825216e-10
9.53532566403e-10	2.74633066288e-10
9.54766025706e-10	2.07951655895e-10
9.55999485009e-10	9.2669427687e-11
9.57232944311e-10	-3.84519603658e-11
9.58466403614e-10	-1.47258941152e-10
9.59699862916e-10	-2.02794905868e-10
9.60933322219e-10	-1.91097360158e-10
9.62166781521e-10	-1.19376730723e-10
9.63400240824e-10	-1.34884915737e-11
9.64633700126e-10	9.05427954834e-11
9.65867159429e-10	1.5843512613e-10
9.67100618732e-10	1.69182265419e-10
9.68334078034e-10	1.22316393125e-10
9.69567537337e-10	3.80325389238e-11
9.70800996639e-10	-5.04117511624e-11
9.72034455942e-10	-1.09394215908e-10
9.73267915244e-10	-1.1771437991e-10
9.74501374547e-10	-7.42996775216e-11
9.7573483385e-10	2.28836264174e-12
9.76968293152e-10	8.21212889357e-11
9.78201752455e-10	1.36088321168e-10
9.79435211757e-10	1.46760006925e-10
9.8066867106e-10	1.13775495969e-10
9.81902130362e-10	5.23071204406e-11
9.83135589665e-10	-1.40886946207e-11
9.84369048968e-10	-6.29117591355e-11
9.8560250827e-10	-8.08122804785e-11
9.86835967573e-10	-6.78387554465e-11
9.88069426875e-10	-3.68165324616e-11
9.89302886178e-10	-8.10832477549e-12
9.9053634548e-10	-1.55079052898e-12
9.91769804783e-10	-2.83584596777e-11
9.93003264086e-10	-8.58036350304e-11
9.94236723388e-10	-1.57014248825e-10
9.95470182691e-10	-2.16591897195e-10
9.96703641993e-10	-2.40118230854e-10
9.97937101296e-10	-2.13773471147e-10
9.99170560598e-10	-1.40142286664e-10
1.0004040199e-09	-3.77244277483e-11
1.0016374792e-09	6.56345880423e-11
1.00287093851e-09	1.42519746005e-10
1.00410439781e-09	1.74936787278e-10
1.00533785711e-09	1.59360497021e-10
1.00657131641e-09	1.06633833707e-10
1.00780477572e-09	3.72031710993e-11
1.00903823502e-09	-2.63369707987e-11
1.01027169432e-09	-6.67293512113e-11
1.01150515362e-09	-7.73574121427e-11
1.01273861293e-09	-6.38045588586e-11
1.01397207223e-09	-4.0991730843e-11
1.01520553153e-09	-2.66742149202e-11
1.01643899083e-09	-3.36708508297e-11
1.01767245014e-09	-6.39674632708e-11
1.01890590944e-09	-1.07305525576e-10
1.02013936874e-09	-1.45173179034e-10
1.02137282804e-09	-1.58649288151e-10
1.02260628735e-09	-1.36605393664e-10
1.02383974665e-09	-8.06242433926e-11
1.02507320595e-09	-4.64941626865e-12
1.02630666525e-09	7.02555652543e-11
1.02754012456e-09	1.23524704354e-10
1.02877358386e-09	1.41879175075e-10
1.03000704316e-09	1.23015028719e-10
1.03124050247e-09	7.5418678247e-11
1.03247396177e-09	1.49168594143e-11
1.03370742107e-09	-4.06323794055e-11
1.03494088037e-09	-7.69419805646e-11
1.03617433968e-09	-8.77624847795e-11
1.03740779898e-09	-7.67867436302e-11
1.03864125828e-09	-5.60660684545e-11
1.03987471758e-09	-4.11701714387e-11
1.04110817689e-09	-4.46536418952e-11
1.04234163619e-09	-7.04897598625e-11
1.04357509549e-09	-1.12070575042e-10
1.04480855479e-09	-1.54788931672e-10
1.0460420141e-09	-1.8211752939e-10
1.0472754734e-09	-1.82370119006e-10
1.0485089327e-09	-1.53063742236e-10
1.049742392e-09	-1.01223557314e-10
1.05097585131e-09	-4.0033695109e-11
1.05220931061e-09	1.61905332891e-11
1.05344276991e-09	5.64120486435e-11
1.05467622921e-09	7.51688086775e-11
1.05590968852e-09	7.26577409349e-11
1.05714314782e-09	5.34724313439e-11
1.05837660712e-09	2.47411084675e-11
1.05961006642e-09	-5.94299913101e-12
1.06084352573e-09	-3.26232721393e-11
1.06207698503e-09	-5.28454884019e-11
1.06331044433e-09	-6.85890372276e-11
1.06454390363e-09	-8.53777534782e-11
1.06577736294e-09	-1.09344214239e-10
1.06701082224e-09	-1.43315997958e-10
1.06824428154e-09	-1.83837778334e-10
1.06947774084e-09	-2.20905072013e-10
1.07071120015e-09	-2.4104770957e-10
1.07194465945e-09	-2.32611624407e-10
1.07317811875e-09	-1.90827936786e-10
1.07441157806e-09	-1.20335533205e-10
1.07564503736e-09	-3.40873163029e-11
1.07687849666e-09	5.06491237839e-11
1.07811195596e-09	1.17318904591e-10
1.07934541527e-09	1.54258980589e-10
1.08057887457e-09	1.56840054832e-10
1.08181233387e-09	1.27582527876e-10
1.08304579317e-09	7.48461223554e-11
1.08427925248e-09	1.06057038152e-11
1.08551271178e-09	-5.22723184182e-11
1.08674617108e-09	-1.0300771347e-10
1.08797963038e-09	-1.35727609707e-10
1.08921308969e-09	-1.50985390857e-10
1.09044654899e-09	-1.54933413321e-10
1.09168000829e-09	-1.56020779629e-10
1.09291346759e-09	-1.60330082544e-10
1.0941469269e-09	-1.67781011307e-10
1.0953803862e-09	-1.71479025424e-10
1.0966138455e-09	-1.60856716835e-10
1.0978473048e-09	-1.27124547e-10
1.09908076411e-09	-6.83705453364e-11
1.10031422341e-09	8.33584937188e-12
1.10154768271e-09	8.89495699319e-11
1.10278114201e-09	1.57327512129e-10
1.10401460132e-09	2.00514826965e-10
1.10524806062e-09	2.12279693823e-10
1.10648151992e-09	1.93819349459e-10
1.10771497922e-09	1.51997248121e-10
1.10894843853e-09	9.65556037902e-11
1.11018189783e-09	3.75604096436e-11
1.11141535713e-09	-1.66244240596e-11
1.11264881643e-09	-6.0884922104e-11
1.11388227574e-09	-9.43273098519e-11
1.11511573504e-09	-1.20293899841e-10
1.11634919434e-09	-1.4467503584e-10
1.11758265365e-09	-1.72431680046e-10
1.11881611295e-09	-2.03721692293e-10
1.12004957225e-09	-2.31749688884e-10
1.12128303155e-09	-2.44068598665e-10
1.12251649086e-09	-2.27470695058e-10
1.12374995016e-09	-1.74459974245e-10
1.12498340946e-09	-8.80227765676e-11
1.12621686876e-09	1.7946987646e-11
1.12745032807e-09	1.22849647122e-10
1.12868378737e-09	2.06144268322e-10
1.12991724667e-09	2.53572163267e-10
1.13115070597e-09	2.6024099542e-10
1.13238416528e-09	2.29954069675e-10
1.13361762458e-09	1.72208192151e-10
1.13485108388e-09	9.87986290002e-11
1.13608454318e-09	2.12121830517e-11
1.13731800249e-09	-5.09805565818e-11
1.13855146179e-09	-1.11223204258e-10
1.13978492109e-09	-1.56873680712e-10
1.14101838039e-09	-1.89314772192e-10
1.1422518397e-09	-2.12471151784e-10
1.143485299e-09	-2.29787383565e-10
1.1447187583e-09	-2.40854336475e-10
1.1459522176e-09	-2.39716718697e-10
1.14718567691e-09	-2.16654805207e-10
1.14841913621e-09	-1.63165411737e-10
1.14965259551e-09	-7.78038744542e-11
1.15088605481e-09	3.0327219902e-11
1.15211951412e-09	1.42758027621e-10
1.15335297342e-09	2.37296626793e-10
1.15458643272e-09	2.9537547408e-10
1.15581989202e-09	3.07669278943e-10
1.15705335133e-09	2.75831857355e-10
1.15828681063e-09	2.10322259608e-10
1.15952026993e-09	1.26066962425e-10
1.16075372924e-09	3.82330278548e-11
1.16198718854e-09	-4.06891707827e-11
1.16322064784e-09	-1.02532808632e-10
1.16445410714e-09	-1.44152551007e-10
1.16568756645e-09	-1.67356614678e-10
1.16692102575e-09	-1.77766829035e-10
1.16815448505e-09	-1.82132114945e-10
1.16938794435e-09	-1.84582113483e-10
1.17062140366e-09	-1.83604520476e-10
1.17185486296e-09	-1.71718778086e-10
1.17308832226e-09	-1.38799929883e-10
1.17432178156e-09	-7.80321571248e-11
1.17555524087e-09	8.54580121945e-12
1.17678870017e-09	1.08239625596e-10
1.17802215947e-09	2.00966646102e-10
1.17925561877e-09	2.6624449867e-10
1.18048907808e-09	2.90646479106e-10
1.18172253738e-09	2.72126571277e-10
1.18295599668e-09	2.19448917371e-10
1.18418945598e-09	1.47714659948e-10
1.18542291529e-09	7.26287502362e-11
1.18665637459e-09	5.9821804628e-12
1.18788983389e-09	-4.62836782789e-11
1.18912329319e-09	-8.35691932322e-11
1.1903567525e-09	-1.08940273469e-10
1.1915902118e-09	-1.27182070431e-10
1.1928236711e-09	-1.42650904977e-10
1.1940571304e-09	-1.57155830016e-10
1.19529058971e-09	-1.68366806608e-10
1.19652404901e-09	-1.69554176255e-10
1.19775750831e-09	-1.5159419553e-10
1.19899096761e-09	-1.0716673382e-10
1.20022442692e-09	-3.54252807644e-11
1.20145788622e-09	5.525426644e-11
1.20269134552e-09	1.48239628905e-10
1.20392480483e-09	2.23485605022e-10
1.20515826413e-09	2.64313099185e-10
1.20639172343e-09	2.62969396259e-10
1.20762518273e-09	2.22539126016e-10
1.20885864204e-09	1.54688470366e-10
1.21009210134e-09	7.46617837e-11
1.21132556064e-09	-3.79470283321e-12
1.21255901994e-09	-7.1445183103e-11
1.21379247925e-09	-1.24040236416e-10
1.21502593855e-09	-1.61050769942e-10
1.21625939785e-09	-1.83935561227e-10
1.21749285715e-09	-1.94836494161e-10
1.21872631646e-09	-1.95738453224e-10
1.21995977576e-09	-1.87692084097e-10
1.22119323506e-09	-1.70084293871e-10
1.22242669436e-09	-1.40524064607e-10
1.22366015367e-09	-9.59307425163e-11
1.22489361297e-09	-3.4872365412e-11
1.22612707227e-09	3.97305313649e-11
1.22736053157e-09	1.19160847856e-10
1.22859399088e-09	1.89981863574e-10
1.22982745018e-09	2.37685898741e-10
1.23106090948e-09	2.51530074546e-10
1.23229436878e-09	2.28332908137e-10
1.23352782809e-09	1.73484213106e-10
1.23476128739e-09	9.87898721161e-11
1.23599474669e-09	1.83869950515e-11
1.23722820599e-09	-5.52899948048e-11
1.2384616653e-09	-1.13993502138e-10
1.2396951246e-09	-1.5411763532e-10
1.2409285839e-09	-1.75760059284e-10
1.2421620432e-09	-1.81388543075e-10
1.24339550251e-09	-1.74633044137e-10
1.24462896181e-09	-1.5920410823e-10
1.24586242111e-09	-1.37778330411e-10
1.24709588042e-09	-1.11008160997e-10
1.24832933972e-09	-7.72696143181e-11
1.24956279902e-09	-3.37967431818e-11
1.25079625832e-09	2.08330210721e-11
1.25202971763e-09	8.39374889039e-11
1.25326317693e-09	1.47319850763e-10
1.25449663623e-09	1.98419017328e-10
1.25573009553e-09	2.24041910024e-10
1.25696355484e-09	2.1521669169e-10
1.25819701414e-09	1.70936209631e-10
1.25943047344e-09	9.90360987663e-11
1.26066393274e-09	1.38059563781e-11
1.26189739205e-09	-6.85251855259e-11
1.26313085135e-09	-1.34503075344e-10
1.26436431065e-09	-1.76544556751e-10
1.26559776995e-09	-1.93639909662e-10
1.26683122926e-09	-1.90023566327e-10
1.26806468856e-09	-1.7268791952e-10
1.26929814786e-09	-1.48756063023e-10
1.27053160716e-09	-1.23395571539e-10
1.27176506647e-09	-9.85524301056e-11
1.27299852577e-09	-7.27769233766e-11
1.27423198507e-09	-4.2347257645e-11
1.27546544437e-09	-3.57435543837e-12
1.27669890368e-09	4.43626038682e-11
1.27793236298e-09	9.72564598301e-11
1.27916582228e-09	1.45658776707e-10
1.28039928158e-09	1.77267603374e-10
1.28163274089e-09	1.81192241766e-10
1.28286620019e-09	1.52337406578e-10
1.28409965949e-09	9.3985909333e-11
1.28533311879e-09	1.72658796982e-11
1.2865665781e-09	-6.23580700965e-11
1.2878000374e-09	-1.29991378772e-10
1.2890334967e-09	-1.75602726804e-10
1.290266956e-09	-1.96082983184e-10
1.29150041531e-09	-1.94577895463e-10
1.29273387461e-09	-1.77885525754e-10
1.29396733391e-09	-1.53310739104e-10
1.29520079322e-09	-1.26233329345e-10
1.29643425252e-09	-9.90257459366e-11
1.29766771182e-09	-7.12947756387e-11
1.29890117112e-09	-4.10135397866e-11
1.30013463043e-09	-6.13829169785e-12
1.30136808973e-09	3.36585481708e-11
1.30260154903e-09	7.56535459279e-11
1.30383500833e-09	1.13702346149e-10
1.30506846764e-09	1.39301459257e-10
1.30630192694e-09	1.44064038476e-10
1.30753538624e-09	1.22849827533e-10
1.30876884554e-09	7.63445417995e-11
1.31000230485e-09	1.17983166639e-11
1.31123576415e-09	-5.86059811791e-11
1.31246922345e-09	-1.21191570668e-10
1.31370268275e-09	-1.64766325583e-10
1.31493614206e-09	-1.8356165199e-10
1.31616960136e-09	-1.78064354928e-10
1.31740306066e-09	-1.53793741631e-10
1.31863651996e-09	-1.18779236447e-10
1.31986997927e-09	-8.08244374206e-11
1.32110343857e-09	-4.55542756295e-11
1.32233689787e-09	-1.56249232303e-11
1.32357035717e-09	9.03249176842e-12
1.32480381648e-09	3.02294023147e-11
1.32603727578e-09	5.01542696263e-11
1.32727073508e-09	7.00338884108e-11
1.32850419438e-09	8.9088146582e-11
1.32973765369e-09	1.04135776391e-10
1.33097111299e-09	1.1023978258e-10
1.33220457229e-09	1.02329936191e-10
1.33343803159e-09	7.73569194812e-11
1.3346714909e-09	3.61853116915e-11
1.3359049502e-09	-1.57346271429e-11
1.3371384095e-09	-6.93926097139e-11
1.33837186881e-09	-1.14638916415e-10
1.33960532811e-09	-1.43152059651e-10
1.34083878741e-09	-1.50824852607e-10
1.34207224671e-09	-1.38682856865e-10
1.34330570602e-09	-1.12080164594e-10
1.34453916532e-09	-7.85793652369e-11
1.34577262462e-09	-4.54225441981e-11
1.34700608392e-09	-1.74936072572e-11
1.34823954323e-09	3.5932389876e-12
1.34947300253e-09	1.91480598738e-11
1.35070646183e-09	3.21259893687e-11
1.35193992113e-09	4.54438049691e-11
1.35317338044e-09	6.04545163929e-11
1.35440683974e-09	7.59792784244e-11
1.35564029904e-09	8.82469791685e-11
1.35687375834e-09	9.18706846709e-11
1.35810721765e-09	8.16895578959e-11
1.35934067695e-09	5.50038070646e-11
1.36057413625e-09	1.33431937374e-11
1.36180759555e-09	-3.7063886682e-11
1.36304105486e-09	-8.65100491243e-11
1.36427451416e-09	-1.24511082e-10
1.36550797346e-09	-1.43076245296e-10
1.36674143276e-09	-1.39260367127e-10
1.36797489207e-09	-1.15956827473e-10
1.36920835137e-09	-8.06420347166e-11
1.37044181067e-09	-4.25696145001e-11
1.37167526997e-09	-9.57979268829e-12
1.37290872928e-09	1.41765219355e-11
1.37414218858e-09	2.88898072132e-11
1.37537564788e-09	3.80867663796e-11
1.37660910718e-09	4.64814298162e-11
1.37784256649e-09	5.76414749265e-11
1.37907602579e-09	7.22877591119e-11
1.38030948509e-09	8.77088610074e-11
1.3815429444e-09	9.84759149225e-11
1.3827764037e-09	9.82399578353e-11
1.384009863e-09	8.20926382428e-11
1.3852433223e-09	4.8789285112e-11
1.38647678161e-09	2.01446108059e-12
1.38771024091e-09	-4.99470360904e-11
1.38894370021e-09	-9.62377538771e-11
1.39017715951e-09	-1.26620436358e-10
1.39141061882e-09	-1.34739622237e-10
1.39264407812e-09	-1.20170373652e-10
1.39387753742e-09	-8.83660228324e-11
1.39511099672e-09	-4.85409733242e-11
1.39634445603e-09	-1.03158558085e-11
1.39757791533e-09	1.95165966721e-11
1.39881137463e-09	3.88163598486e-11
1.40004483393e-09	4.99264032894e-11
1.40127829324e-09	5.7729831332e-11
1.40251175254e-09	6.68742769494e-11
1.40374521184e-09	7.93951224209e-11
1.40497867114e-09	9.36323935052e-11
1.40621213045e-09	1.04742374496e-10
1.40744558975e-09	1.06527855981e-10
1.40867904905e-09	9.38674138418e-11
1.40991250835e-09	6.49289094712e-11
1.41114596766e-09	2.24379299862e-11
1.41237942696e-09	-2.64828974722e-11
1.41361288626e-09	-7.20075388205e-11
1.41484634556e-09	-1.04369769771e-10
1.41607980487e-09	-1.16873913325e-10
1.41731326417e-09	-1.08076311789e-10
1.41854672347e-09	-8.22015719382e-11
1.41978018277e-09	-4.75469802419e-11
1.42101364208e-09	-1.34279653369e-11
1.42224710138e-09	1.31686892293e-11
1.42348056068e-09	2.98141025756e-11
1.42471401999e-09	3.88287353659e-11
1.42594747929e-09	4.54216803059e-11
1.42718093859e-09	5.46737689844e-11
1.42841439789e-09	6.87696011248e-11
1.4296478572e-09	8.56901979929e-11
1.4308813165e-09	9.98645055539e-11
1.4321147758e-09	1.04373849841e-10
1.4333482351e-09	9.36954402952e-11
1.43458169441e-09	6.59535967507e-11
1.43581515371e-09	2.39269593721e-11
1.43704861301e-09	-2.5480265467e-11
1.43828207231e-09	-7.29844309988e-11
1.43951553162e-09	-1.09375640489e-10
1.44074899092e-09	-1.27999735811e-10
1.44198245022e-09	-1.26496826902e-10
1.44321590952e-09	-1.07229863877e-10
1.44444936883e-09	-7.62795104858e-11
1.44568282813e-09	-4.12687765905e-11
1.44691628743e-09	-8.80564978573e-12
1.44814974673e-09	1.74000206604e-11
1.44938320604e-09	3.70704786312e-11
1.45061666534e-09	5.23890167359e-11
1.45185012464e-09	6.59808735426e-11
1.45308358394e-09	7.89270801493e-11
1.45431704325e-09	8.97865462535e-11
1.45555050255e-09	9.50054340754e-11
1.45678396185e-09	9.04929534085e-11
1.45801742115e-09	7.36053371031e-11
1.45925088046e-09	4.45972703211e-11
1.46048433976e-09	6.95780108875e-12
1.46171779906e-09	-3.33959665477e-11
1.46295125836e-09	-6.96579599557e-11
1.46418471767e-09	-9.58388229888e-11
1.46541817697e-09	-1.08137138133e-10
1.46665163627e-09	-1.05663401639e-10
1.46788509558e-09	-9.04091801424e-11
1.46911855488e-09	-6.65079380457e-11
1.47035201418e-09	-3.89715863747e-11
1.47158547348e-09	-1.22692966897e-11
1.47281893279e-09	1.07630735921e-11
1.47405239209e-09	2.93223119396e-11
1.47528585139e-09	4.4200289262e-11
1.47651931069e-09	5.66749217001e-11
1.47775277e-09	6.72938857416e-11
1.4789862293e-09	7.51611828331e-11
1.4802196886e-09	7.80397829692e-11
1.4814531479e-09	7.32813670856e-11
1.48268660721e-09	5.91476867484e-11
1.48392006651e-09	3.58552770807e-11
1.48515352581e-09	5.88303711302e-12
1.48638698511e-09	-2.6566202363e-11
1.48762044442e-09	-5.66870682339e-11
1.48885390372e-09	-8.0262609059e-11
1.49008736302e-09	-9.44880076958e-11
1.49132082232e-09	-9.82835132723e-11
1.49255428163e-09	-9.21878337556e-11
1.49378774093e-09	-7.79722050814e-11
1.49502120023e-09	-5.81290397761e-11
1.49625465953e-09	-3.53512843998e-11
1.49748811884e-09	-1.20399237455e-11
1.49872157814e-09	1.00208391932e-11
1.49995503744e-09	2.96758069507e-11
1.50118849674e-09	4.61219083758e-11
1.50242195605e-09	5.85188633662e-11
1.50365541535e-09	6.57208246158e-11
1.50488887465e-09	6.63860494354e-11
1.50612233395e-09	5.94538238086e-11
1.50735579326e-09	4.47403988857e-11
1.50858925256e-09	2.33677851375e-11
1.50982271186e-09	-2.24133623987e-12
1.51105617116e-09	-2.88823999439e-11
1.51228963047e-09	-5.33340073494e-11
1.51352308977e-09	-7.30226504264e-11
1.51475654907e-09	-8.63476651292e-11
1.51599000838e-09	-9.26030155335e-11
1.51722346768e-09	-9.17016532154e-11
1.51845692698e-09	-8.39638705785e-11
1.51969038628e-09	-7.00901975348e-11
1.52092384559e-09	-5.12452857926e-11
1.52215730489e-09	-2.90902163469e-11
1.52339076419e-09	-5.68099907394e-12
1.52462422349e-09	1.67281778707e-11
1.5258576828e-09	3.59093796365e-11
1.5270911421e-09	4.98207933242e-11
1.5283246014e-09	5.67591806888e-11
1.5295580607e-09	5.56277281183e-11
1.53079152001e-09	4.62789875866e-11
1.53202497931e-09	2.97617624989e-11
1.53325843861e-09	8.31251907585e-12
1.53449189791e-09	-1.50246343145e-11
1.53572535722e-09	-3.7092304922e-11
1.53695881652e-09	-5.53016035743e-11
1.53819227582e-09	-6.803584085e-11
1.53942573512e-09	-7.46861808509e-11
1.54065919443e-09	-7.5350857498e-11
1.54189265373e-09	-7.0449111822e-11
1.54312611303e-09	-6.05417868615e-11
1.54435957233e-09	-4.6386974123e-11
1.54559303164e-09	-2.9117479261e-11
1.54682649094e-09	-1.03580182625e-11
1.54805995024e-09	7.88705559196e-12
1.54929340954e-09	2.35579940971e-11
1.55052686885e-09	3.48964745989e-11
1.55176032815e-09	4.07148689763e-11
1.55299378745e-09	4.05134502335e-11
1.55422724675e-09	3.45078549069e-11
1.55546070606e-09	2.36455976327e-11
1.55669416536e-09	9.58110847604e-12
1.55792762466e-09	-5.49856731327e-12
1.55916108397e-09	-1.92862618237e-11
1.56039454327e-09	-2.99330837894e-11
1.56162800257e-09	-3.65507381306e-11
1.56286146187e-09	-3.93495756812e-11
1.56409492118e-09	-3.93153114231e-11
1.56532838048e-09	-3.75914334383e-11
1.56656183978e-09	-3.49087529716e-11
1.56779529908e-09	-3.13318572476e-11
1.56902875839e-09	-2.6452447871e-11
1.57026221769e-09	-1.98678642982e-11
1.57149567699e-09	-1.1608018366e-11
1.57272913629e-09	-2.31368786976e-12
1.5739625956e-09	6.86746753215e-12
1.5751960549e-09	1.461216044e-11
1.5764295142e-09	1.9758245387e-11
1.5776629735e-09	2.14974531232e-11
1.57889643281e-09	1.94830141603e-11
1.58012989211e-09	1.38977431993e-11
1.58136335141e-09	5.48500394409e-12
1.58259681071e-09	-4.44056943993e-12
1.58383027002e-09	-1.41586846414e-11
1.58506372932e-09	-2.19762454762e-11
1.58629718862e-09	-2.67514881774e-11
1.58753064792e-09	-2.82580556177e-11
1.58876410723e-09	-2.71810889768e-11
1.58999756653e-09	-2.46664754594e-11
1.59123102583e-09	-2.16752102378e-11
1.59246448513e-09	-1.85489210797e-11
1.59369794444e-09	-1.50011669753e-11
1.59493140374e-09	-1.0510529079e-11
1.59616486304e-09	-4.86437279346e-12
1.59739832234e-09	1.52066976632e-12
1.59863178165e-09	7.67542626678e-12
1.59986524095e-09	1.24354380959e-11
1.60109870025e-09	1.48774655789e-11
1.60233215956e-09	1.46046300054e-11
1.60356561886e-09	1.17430735275e-11
1.60479907816e-09	6.78458070974e-12
1.60603253746e-09	4.59459835629e-13
1.60726599677e-09	-6.31429587436e-12
1.60849945607e-09	-1.24481744357e-11
1.60973291537e-09	-1.67934086776e-11
1.61096637467e-09	-1.84429554961e-11
1.61219983398e-09	-1.71323007864e-11
1.61343329328e-09	-1.34309282446e-11
1.61466675258e-09	-8.54546034629e-12
1.61590021188e-09	-3.80320254456e-12
1.61713367119e-09	-3.00559951276e-14
1.61836713049e-09	2.77176046871e-12
1.61960058979e-09	5.19821382119e-12
1.62083404909e-09	7.87213263326e-12
1.6220675084e-09	1.08988113673e-11
1.6233009677e-09	1.36816877272e-11
1.624534427e-09	1.5231123654e-11
1.6257678863e-09	1.47370969594e-11
1.62700134561e-09	1.20101628295e-11
1.62823480491e-09	7.53637083295e-12
1.62946826421e-09	2.19420618827e-12
1.63070172351e-09	-3.12260026863e-12
1.63193518282e-09	-7.70000643108e-12
1.63316864212e-09	-1.09610324289e-11
1.63440210142e-09	-1.23340842748e-11
1.63563556072e-09	-1.1272286056e-11
1.63686902003e-09	-7.51131795651e-12
1.63810247933e-09	-1.38704748642e-12
1.63933593863e-09	6.04853233471e-12
1.64056939793e-09	1.32635048777e-11
1.64180285724e-09	1.88299081189e-11
1.64303631654e-09	2.19812675006e-11
1.64426977584e-09	2.27672568298e-11
1.64550323515e-09	2.17700718563e-11
1.64673669445e-09	1.95575968615e-11
1.64797015375e-09	1.62577087209e-11
1.64920361305e-09	1.16093766545e-11
1.65043707236e-09	5.4109646451e-12
1.65167053166e-09	-1.99933732764e-12
1.65290399096e-09	-9.58170695564e-12
1.65413745026e-09	-1.59065486477e-11
1.65537090957e-09	-1.97465689633e-11
1.65660436887e-09	-2.05387807456e-11
1.65783782817e-09	-1.84427976363e-11
1.65907128747e-09	-1.405646953e-11
1.66030474678e-09	-8.03750815903e-12
1.66153820608e-09	-9.13620199459e-13
1.66277166538e-09	6.8176467076e-12
1.66400512468e-09	1.44725464252e-11
1.66523858399e-09	2.10983470278e-11
1.66647204329e-09	2.56615891731e-11
1.66770550259e-09	2.74305630293e-11
1.66893896189e-09	2.62582473126e-11
1.6701724212e-09	2.25658138009e-11
1.6714058805e-09	1.70226679974e-11
1.6726393398e-09	1.01556445545e-11
1.6738727991e-09	2.22131904884e-12
1.67510625841e-09	-6.58111889637e-12
1.67633971771e-09	-1.57089202757e-11
1.67757317701e-09	-2.40133156415e-11
1.67880663631e-09	-2.99118611824e-11
1.68004009562e-09	-3.19737292198e-11
1.68127355492e-09	-2.95625642022e-11
1.68250701422e-09	-2.31570578685e-11
1.68374047352e-09	-1.41519296282e-11
1.68497393283e-09	-4.2549813499e-12
1.68620739213e-09	5.14581129443e-12
1.68744085143e-09	1.32802831232e-11
1.68867431074e-09	1.98894321152e-11
1.68990777004e-09	2.48904785671e-11
1.69114122934e-09	2.80858496182e-11
1.69237468864e-09	2.91359852911e-11
1.69360814795e-09	2.77528156706e-11
1.69484160725e-09	2.38962166027e-11
1.69607506655e-09	1.78246375993e-11
1.69730852585e-09	9.98977376515e-12
1.69854198516e-09	9.0137370224e-13
1.69977544446e-09	-8.88722775927e-12
1.70100890376e-09	-1.86193230972e-11
1.70224236306e-09	-2.71662536216e-11
1.70347582237e-09	-3.30993149555e-11
1.70470928167e-09	-3.50522354198e-11
1.70594274097e-09	-3.23004401004e-11
1.70717620027e-09	-2.52369618259e-11
1.70840965958e-09	-1.53636738748e-11
1.70964311888e-09	-4.77860416168e-12
1.71087657818e-09	4.59946967665e-12
1.71211003748e-09	1.17004331571e-11
1.71334349679e-09	1.64773663464e-11
1.71457695609e-09	1.95525921842e-11
1.71581041539e-09	2.16255451047e-11
1.71704387469e-09	2.29980999522e-11
1.718277334e-09	2.34300339547e-11
1.7195107933e-09	2.23373472497e-11
1.7207442526e-09	1.91366748836e-11
1.7219777119e-09	1.35057165104e-11
1.72321117121e-09	5.51344863861e-12
1.72444463051e-09	-4.34914691066e-12
1.72567808981e-09	-1.51825600703e-11
1.72691154911e-09	-2.56794550901e-11
1.72814500842e-09	-3.42218510474e-11
1.72937846772e-09	-3.9193114032e-11
1.73061192702e-09	-3.946551419e-11
1.73184538632e-09	-3.48954753981e-11
1.73307884563e-09	-2.65361239926e-11
1.73431230493e-09	-1.63653066793e-11
1.73554576423e-09	-6.58939352735e-12
1.73677922354e-09	1.17323327702e-12
1.73801268284e-09	6.41433217305e-12
1.73924614214e-09	9.69843563098e-12
1.74047960144e-09	1.21086170604e-11
1.74171306075e-09	1.45033672572e-11
1.74294652005e-09	1.6997790328e-11
1.74417997935e-09	1.88854522298e-11
1.74541343865e-09	1.89893916563e-11
1.74664689796e-09	1.62156434114e-11
1.74788035726e-09	1.00213188442e-11
1.74911381656e-09	6.37933716269e-13
1.75034727586e-09	-1.09383734709e-11
1.75158073517e-09	-2.311533083e-11
1.75281419447e-09	-3.39796350779e-11
1.75404765377e-09	-4.16474250919e-11
1.75528111307e-09	-4.46881490146e-11
1.75651457238e-09	-4.25597335152e-11
1.75774803168e-09	-3.58448271065e-11
1.75898149098e-09	-2.614465415e-11
1.76021495028e-09	-1.56105128823e-11
1.76144840959e-09	-6.19840940727e-12
1.76268186889e-09	9.99736426456e-13
1.76391532819e-09	6.01737193059e-12
1.76514878749e-09	9.7517775105e-12
1.7663822468e-09	1.32891180699e-11
1.7676157061e-09	1.71620807843e-11
1.7688491654e-09	2.09503699111e-11
1.7700826247e-09	2.34071390742e-11
1.77131608401e-09	2.29999647799e-11
1.77254954331e-09	1.85908528155e-11
1.77378300261e-09	9.95758250161e-12
1.77501646191e-09	-2.05628981724e-12
1.77624992122e-09	-1.57204717993e-11
1.77748338052e-09	-2.87917380909e-11
1.77871683982e-09	-3.89977460047e-11
1.77995029913e-09	-4.45227396617e-11
1.78118375843e-09	-4.44088099627e-11
1.78241721773e-09	-3.88218103498e-11
1.78365067703e-09	-2.90599870556e-11
1.78488413634e-09	-1.72300628626e-11
1.78611759564e-09	-5.64455687052e-12
1.78735105494e-09	3.88039773924e-12
1.78858451424e-09	1.0550509251e-11
1.78981797355e-09	1.4687879385e-11
1.79105143285e-09	1.73172396561e-11
1.79228489215e-09	1.94658265201e-11
1.79351835145e-09	2.1519555235e-11
1.79475181076e-09	2.29445074051e-11
1.79598527006e-09	2.25209607907e-11
1.79721872936e-09	1.89517689736e-11
1.79845218866e-09	1.1527923581e-11
1.79968564797e-09	5.64624952695e-13
1.80091910727e-09	-1.25373799884e-11
1.80215256657e-09	-2.56039148216e-11
1.80338602587e-09	-3.6233606393e-11
1.80461948518e-09	-4.23808106664e-11
1.80585294448e-09	-4.28481208847e-11
1.80708640378e-09	-3.76026258742e-11
1.80831986308e-09	-2.7807233946e-11
1.80955332239e-09	-1.55478512009e-11
1.81078678169e-09	-3.2993093934e-12
1.81202024099e-09	6.76651876891e-12
1.81325370029e-09	1.3398878361e-11
1.8144871596e-09	1.65519507822e-11
1.8157206189e-09	1.72092722017e-11
1.8169540782e-09	1.68105165205e-11
1.8181875375e-09	1.65127043983e-11
1.81942099681e-09	1.66253139727e-11
1.82065445611e-09	1.64863383362e-11
1.82188791541e-09	1.48128488642e-11
1.82312137472e-09	1.03647004174e-11
1.82435483402e-09	2.62533137591e-12
1.82558829332e-09	-7.812274265e-12
1.82682175262e-09	-1.92922951919e-11
1.82805521193e-09	-2.95321544996e-11
1.82928867123e-09	-3.62777932694e-11
1.83052213053e-09	-3.79546359619e-11
1.83175558983e-09	-3.41119250902e-11
1.83298904914e-09	-2.55483117301e-11
1.83422250844e-09	-1.40924789199e-11
1.83545596774e-09	-2.09421889552e-12
1.83668942704e-09	8.23257000765e-12
1.83792288635e-09	1.54003493985e-11
