% time-domain current integration by openEMS v0.37.0-rc1-2-g7b051bb @Mon Aug  3 21:36:23 2026
% start-coordinates: (0.00371692,0.00107058,-0.000889) m -> [91,53,13]
% stop-coordinates: (0.00415867,0.00151234,-0.000889) m -> [98,60,13]
% t/s	current
9.94510575543e-14	0
1.29286374821e-12	0
2.48627643886e-12	0
3.67968912951e-12	0
4.87310182016e-12	0
6.06651451081e-12	0
7.25992720146e-12	0
8.45333989211e-12	0
9.64675258276e-12	0
1.08401652734e-11	0
1.20335779641e-11	0
1.32269906547e-11	0
1.44204033454e-11	0
1.5613816036e-11	0
1.68072287267e-11	0
1.80006414173e-11	0
1.9194054108e-11	0
2.03874667986e-11	0
2.15808794893e-11	0
2.27742921799e-11	0
2.39677048706e-11	0
2.51611175612e-11	0
2.63545302519e-11	4.19951234303e-34
2.75479429425e-11	1.76799541347e-30
2.87413556332e-11	2.26807948791e-27
2.99347683238e-11	1.06913105611e-24
3.11281810145e-11	2.12714512936e-22
3.23215937051e-11	1.99091048176e-20
3.35150063958e-11	9.56824216368e-19
3.47084190864e-11	2.53712407348e-17
3.59018317771e-11	3.93906213494e-16
3.70952444677e-11	3.76590001316e-15
3.82886571584e-11	2.32035815936e-14
3.9482069849e-11	9.62672866769e-14
4.06754825397e-11	2.78958388507e-13
4.18688952303e-11	5.64449366153e-13
4.3062307921e-11	6.78472035498e-13
4.42557206116e-11	-2.38941462102e-13
4.54491333023e-11	-3.95322663493e-12
4.66425459929e-11	-1.32419943066e-11
4.78359586836e-11	-3.14416270797e-11
4.90293713742e-11	-6.09075151425e-11
5.02227840649e-11	-9.97606303121e-11
5.14161967556e-11	-1.36901920356e-10
5.26096094462e-11	-1.46379103283e-10
5.38030221369e-11	-8.41871641843e-11
5.49964348275e-11	1.07638148394e-10
5.61898475182e-11	4.84288498193e-10
5.73832602088e-11	1.06692454871e-09
5.85766728995e-11	1.80157444518e-09
5.97700855901e-11	2.52297183145e-09
6.09634982808e-11	2.94673330181e-09
6.21569109714e-11	2.71330180546e-09
6.33503236621e-11	1.49377310521e-09
6.45437363527e-11	-8.59831150724e-10
6.57371490434e-11	-4.16784429191e-09
6.6930561734e-11	-7.85103093648e-09
6.81239744247e-11	-1.09936424408e-08
6.93173871153e-11	-1.25624559644e-08
7.0510799806e-11	-1.17321494741e-08
7.17042124966e-11	-8.20852097405e-09
7.28976251873e-11	-2.41323450112e-09
7.40910378779e-11	4.56606841226e-09
7.52844505686e-11	1.12702878141e-08
7.64778632592e-11	1.63092561678e-08
7.76712759499e-11	1.8778827382e-08
7.88646886405e-11	1.84889987764e-08
8.00581013312e-11	1.59169957215e-08
8.12515140218e-11	1.19226584161e-08
8.24449267125e-11	7.36547267621e-09
8.36383394031e-11	2.79945755466e-09
8.48317520938e-11	-1.62653490676e-09
8.60251647844e-11	-6.04259486892e-09
8.72185774751e-11	-1.05890949342e-08
8.84119901657e-11	-1.51531693859e-08
8.96054028564e-11	-1.92416358402e-08
9.0798815547e-11	-2.20544738028e-08
9.19922282377e-11	-2.27285585908e-08
9.31856409283e-11	-2.0652612065e-08
9.4379053619e-11	-1.57275668045e-08
9.55724663096e-11	-8.47425773998e-09
9.67658790003e-11	5.25433481446e-11
9.79592916909e-11	8.51216164222e-09
9.91527043816e-11	1.56064068335e-08
1.00346117072e-10	2.03796055587e-08
1.01539529763e-10	2.24037499663e-08
1.02732942454e-10	2.17978808337e-08
1.03926355144e-10	1.91016233941e-08
1.05119767835e-10	1.50557610823e-08
1.06313180525e-10	1.03809130181e-08
1.07506593216e-10	5.61517987663e-09
1.08700005907e-10	1.05404995843e-09
1.09893418597e-10	-3.2237092995e-09
1.11086831288e-10	-7.27552329494e-09
1.12280243979e-10	-1.12048601508e-08
1.13473656669e-10	-1.50840975266e-08
1.1466706936e-10	-1.88939104362e-08
1.15860482051e-10	-2.24711786956e-08
1.17053894741e-10	-2.54704488611e-08
1.18247307432e-10	-2.73581939325e-08
1.19440720123e-10	-2.74816347456e-08
1.20634132813e-10	-2.52225351716e-08
1.21827545504e-10	-2.02214707201e-08
1.23020958195e-10	-1.25874599632e-08
1.24214370885e-10	-3.00372260398e-09
1.25407783576e-10	7.35177696498e-09
1.26601196267e-10	1.70628222662e-08
1.27794608957e-10	2.48343585696e-08
1.28988021648e-10	2.98152329492e-08
1.30181434339e-10	3.17665467264e-08
1.31374847029e-10	3.10166257123e-08
1.3256825972e-10	2.82427787823e-08
1.3376167241e-10	2.41797337708e-08
1.34955085101e-10	1.93836289242e-08
1.36148497792e-10	1.41280107613e-08
1.37341910482e-10	8.45632097679e-09
1.38535323173e-10	2.33433228303e-09
1.39728735864e-10	-4.17869516767e-09
1.40922148554e-10	-1.08246398511e-08
1.42115561245e-10	-1.7147621989e-08
1.43308973936e-10	-2.25903313833e-08
1.44502386626e-10	-2.66318895825e-08
1.45695799317e-10	-2.89012014321e-08
1.46889212008e-10	-2.92184818562e-08
1.48082624698e-10	-2.75681557582e-08
1.49276037389e-10	-2.40383606354e-08
1.5046945008e-10	-1.87854318767e-08
1.5166286277e-10	-1.20526308933e-08
1.52856275461e-10	-4.23179313813e-09
1.54049688152e-10	4.08007050368e-09
1.55243100842e-10	1.20892682531e-08
1.56436513533e-10	1.89038260601e-08
1.57629926223e-10	2.37049864182e-08
1.58823338914e-10	2.59285357629e-08
1.60016751605e-10	2.53935539263e-08
1.61210164295e-10	2.23299672086e-08
1.62403576986e-10	1.73133969383e-08
1.63596989677e-10	1.11333413599e-08
1.64790402367e-10	4.6495207684e-09
1.65983815058e-10	-1.33895938781e-09
1.67177227749e-10	-6.18827833421e-09
1.68370640439e-10	-9.47699430043e-09
1.6956405313e-10	-1.10411946252e-08
1.70757465821e-10	-1.0978514986e-08
1.71950878511e-10	-9.61182600179e-09
1.73144291202e-10	-7.41133288074e-09
1.74337703893e-10	-4.88833018508e-09
1.75531116583e-10	-2.48734322028e-09
1.76724529274e-10	-5.05901598391e-10
1.77917941965e-10	9.32614430127e-10
1.79111354655e-10	1.8528283352e-09
1.80304767346e-10	2.35561081752e-09
1.81498180037e-10	2.53642440384e-09
1.82691592727e-10	2.41699793513e-09
1.83885005418e-10	1.92605131843e-09
1.85078418108e-10	9.31836052764e-10
1.86271830799e-10	-6.73571587395e-10
1.8746524349e-10	-2.87240364827e-09
1.8865865618e-10	-5.43738609693e-09
1.89852068871e-10	-7.91566989733e-09
1.91045481562e-10	-9.69658842109e-09
1.92238894252e-10	-1.01650634576e-08
1.93432306943e-10	-8.8888016947e-09
1.94625719634e-10	-5.78284220509e-09
1.95819132324e-10	-1.18319942732e-09
1.97012545015e-10	4.19875822999e-09
1.98205957706e-10	9.43386169183e-09
1.99399370396e-10	1.35908759802e-08
2.00592783087e-10	1.59461173155e-08
2.01786195778e-10	1.61243889352e-08
2.02979608468e-10	1.41454181701e-08
2.04173021159e-10	1.03777750837e-08
2.0536643385e-10	5.43460387803e-09
2.0655984654e-10	4.50865803026e-11
2.07753259231e-10	-5.06378272647e-09
2.08946671921e-10	-9.26411658497e-09
2.10140084612e-10	-1.2098287705e-08
2.11333497303e-10	-1.33247421985e-08
2.12526909993e-10	-1.29391235504e-08
2.13720322684e-10	-1.11601901054e-08
2.14913735375e-10	-8.3807565332e-09
2.16107148065e-10	-5.08244291098e-09
2.17300560756e-10	-1.73716252494e-09
2.18493973447e-10	1.28216803841e-09
2.19687386137e-10	3.7490446303e-09
2.20880798828e-10	5.5792015452e-09
2.22074211519e-10	6.77932376902e-09
2.23267624209e-10	7.37871941325e-09
2.244610369e-10	7.37837968501e-09
2.25654449591e-10	6.74456979155e-09
2.26847862281e-10	5.45023004506e-09
2.28041274972e-10	3.54156082238e-09
2.29234687663e-10	1.19303822377e-09
2.30428100353e-10	-1.28449817449e-09
2.31621513044e-10	-3.49476980688e-09
2.32814925735e-10	-5.0514712413e-09
2.34008338425e-10	-5.68198377238e-09
2.35201751116e-10	-5.30002264298e-09
2.36395163806e-10	-4.02067623639e-09
2.37588576497e-10	-2.11947903672e-09
2.38781989188e-10	4.45654312065e-11
2.39975401878e-10	2.10850159554e-09
2.41168814569e-10	3.76292597082e-09
2.4236222726e-10	4.77966022316e-09
2.4355563995e-10	5.01718799839e-09
2.44749052641e-10	4.42306680171e-09
2.45942465332e-10	3.04190228562e-09
2.47135878022e-10	1.03149011554e-09
2.48329290713e-10	-1.33219912879e-09
2.49522703404e-10	-3.67595398565e-09
2.50716116094e-10	-5.58779023052e-09
2.51909528785e-10	-6.70552458004e-09
2.53102941476e-10	-6.806010866e-09
2.54296354166e-10	-5.86848480921e-09
2.55489766857e-10	-4.08085032433e-09
2.56683179548e-10	-1.7903555305e-09
2.57876592238e-10	5.87461912449e-10
2.59070004929e-10	2.66860111786e-09
2.60263417619e-10	4.17704137945e-09
2.6145683031e-10	4.98203833743e-09
2.62650243001e-10	5.09228481604e-09
2.63843655691e-10	4.62300686621e-09
2.65037068382e-10	3.75180730927e-09
2.66230481073e-10	2.67768429651e-09
2.67423893763e-10	1.58838520115e-09
2.68617306454e-10	6.35607066979e-10
2.69810719145e-10	-8.3800466566e-11
2.71004131835e-10	-5.40324285314e-10
2.72197544526e-10	-7.71929242749e-10
2.73390957217e-10	-8.69965488537e-10
2.74584369907e-10	-9.47375955462e-10
2.75777782598e-10	-1.09915687663e-09
2.76971195289e-10	-1.3657496245e-09
2.78164607979e-10	-1.71494429768e-09
2.7935802067e-10	-2.05203742887e-09
2.80551433361e-10	-2.25495067063e-09
2.81744846051e-10	-2.22530505134e-09
2.82938258742e-10	-1.92993687698e-09
2.84131671433e-10	-1.42102429823e-09
2.85325084123e-10	-8.18084433529e-10
2.86518496814e-10	-2.65754779294e-10
2.87711909504e-10	1.22286555881e-10
2.88905322195e-10	3.04847730392e-10
2.90098734886e-10	3.25954735425e-10
2.91292147576e-10	2.94842289472e-10
2.92485560267e-10	3.4072203392e-10
2.93678972958e-10	5.62659474568e-10
2.94872385648e-10	9.90661108702e-10
2.96065798339e-10	1.57041701865e-09
2.9725921103e-10	2.17474771524e-09
2.9845262372e-10	2.63666732891e-09
2.99646036411e-10	2.79499734468e-09
3.00839449102e-10	2.54156184987e-09
3.02032861792e-10	1.8571602034e-09
3.03226274483e-10	8.27139745585e-10
3.04419687174e-10	-3.71937730614e-10
3.05613099864e-10	-1.51114398772e-09
3.06806512555e-10	-2.36634578599e-09
3.07999925246e-10	-2.77442491203e-09
3.09193337936e-10	-2.67342836757e-09
3.10386750627e-10	-2.11466888445e-09
3.11580163317e-10	-1.24486376762e-09
3.12773576008e-10	-2.67983468749e-10
3.13966988699e-10	6.03294247892e-10
3.15160401389e-10	1.19251031272e-09
3.1635381408e-10	1.39318689918e-09
3.17547226771e-10	1.1879264239e-09
3.18740639461e-10	6.47705167278e-10
3.19934052152e-10	-8.51589701534e-11
3.21127464843e-10	-8.30950974695e-10
3.22320877533e-10	-1.41476275139e-09
3.23514290224e-10	-1.70692504575e-09
3.24707702915e-10	-1.65095936921e-09
3.25901115605e-10	-1.27069144096e-09
3.27094528296e-10	-6.5638128266e-10
3.28287940987e-10	6.42906769488e-11
3.29481353677e-10	7.59301066466e-10
3.30674766368e-10	1.32050881341e-09
3.31868179059e-10	1.67919611549e-09
3.33061591749e-10	1.81070647365e-09
3.3425500444e-10	1.72783587438e-09
3.35448417131e-10	1.47022094499e-09
3.36641829821e-10	1.09127673564e-09
3.37835242512e-10	6.46795728088e-10
3.39028655202e-10	1.87100626658e-10
3.40222067893e-10	-2.47590475899e-10
3.41415480584e-10	-6.26134089021e-10
3.42608893274e-10	-9.24750387377e-10
3.43802305965e-10	-1.1230218977e-09
3.44995718656e-10	-1.20407406268e-09
3.46189131346e-10	-1.15665321765e-09
3.47382544037e-10	-9.80024617014e-10
3.48575956728e-10	-6.89083790029e-10
3.49769369418e-10	-3.154659034e-10
3.50962782109e-10	9.38160660269e-11
3.521561948e-10	4.82881012953e-10
3.5334960749e-10	7.94134924487e-10
3.54543020181e-10	9.76933534069e-10
3.55736432872e-10	9.95347582133e-10
3.56929845562e-10	8.35757074658e-10
3.58123258253e-10	5.12649700468e-10
3.59316670944e-10	7.07225319974e-11
3.60510083634e-10	-4.1910333537e-10
3.61703496325e-10	-8.70922167717e-10
3.62896909015e-10	-1.2003177341e-09
3.64090321706e-10	-1.34170685673e-09
3.65283734397e-10	-1.26169030779e-09
3.66477147087e-10	-9.64399338166e-10
3.67670559778e-10	-4.89604579101e-10
3.68863972469e-10	9.50412665235e-11
3.70057385159e-10	7.03643254774e-10
3.7125079785e-10	1.24324761597e-09
3.72444210541e-10	1.62578284169e-09
3.73637623231e-10	1.78241743587e-09
3.74831035922e-10	1.67794389494e-09
3.76024448613e-10	1.32190558499e-09
3.77217861303e-10	7.7078987637e-10
3.78411273994e-10	1.18300910734e-10
3.79604686685e-10	-5.24696397441e-10
3.80798099375e-10	-1.05547282025e-09
3.81991512066e-10	-1.40050659958e-09
3.83184924757e-10	-1.52754009441e-09
3.84378337447e-10	-1.44529421764e-09
3.85571750138e-10	-1.1943560585e-09
3.86765162829e-10	-8.33825730684e-10
3.87958575519e-10	-4.28302809885e-10
3.8915198821e-10	-3.73823610955e-11
3.903454009e-10	2.914063435e-10
3.91538813591e-10	5.28171173464e-10
3.92732226282e-10	6.62272237051e-10
3.93925638972e-10	7.01765701105e-10
3.95119051663e-10	6.68058997011e-10
3.96312464354e-10	5.88013693292e-10
3.97505877044e-10	4.85998741251e-10
3.98699289735e-10	3.77639836069e-10
3.99892702426e-10	2.69316180468e-10
4.01086115116e-10	1.604998634e-10
4.02279527807e-10	4.97333563221e-11
4.03472940498e-10	-6.08303477034e-11
4.04666353188e-10	-1.63007135567e-10
4.05859765879e-10	-2.43158271296e-10
4.0705317857e-10	-2.86324353116e-10
4.0824659126e-10	-2.80556550214e-10
4.09440003951e-10	-2.22495286084e-10
4.10633416642e-10	-1.203296629e-10
4.11826829332e-10	5.53246424367e-12
4.13020242023e-10	1.2566964136e-10
4.14213654713e-10	2.08477388131e-10
4.15407067404e-10	2.2814587719e-10
4.16600480095e-10	1.72810196708e-10
4.17793892785e-10	4.83269743667e-11
4.18987305476e-10	-1.21607723891e-10
4.20180718167e-10	-3.0092020542e-10
4.21374130857e-10	-4.49222270493e-10
4.22567543548e-10	-5.30867683146e-10
4.23760956239e-10	-5.23469267932e-10
4.24954368929e-10	-4.225126915e-10
4.2614778162e-10	-2.43613851314e-10
4.27341194311e-10	-1.85578913348e-11
4.28534607001e-10	2.11066858435e-10
4.29728019692e-10	4.04248218233e-10
4.30921432383e-10	5.29598864762e-10
4.32114845073e-10	5.72099645435e-10
4.33308257764e-10	5.34275346187e-10
4.34501670455e-10	4.32681196427e-10
4.35695083145e-10	2.91427160182e-10
4.36888495836e-10	1.35536026846e-10
4.38081908526e-10	-1.29185646555e-11
4.39275321217e-10	-1.36715652688e-10
4.40468733908e-10	-2.23198820537e-10
4.41662146598e-10	-2.64926719451e-10
4.42855559289e-10	-2.61131477552e-10
4.4404897198e-10	-2.19297607851e-10
4.4524238467e-10	-1.5546364196e-10
4.46435797361e-10	-9.07539460249e-11
4.47629210052e-10	-4.49241199796e-11
4.48822622742e-10	-2.91169831301e-11
4.50016035433e-10	-4.04973762858e-11
4.51209448124e-10	-6.33192526189e-11
4.52402860814e-10	-7.49926717947e-11
4.53596273505e-10	-5.67401160778e-11
4.54789686196e-10	-2.8422908558e-12
4.55983098886e-10	7.52358592093e-11
4.57176511577e-10	1.51819931626e-10
4.58369924268e-10	1.9684948116e-10
4.59563336958e-10	1.87222112813e-10
4.60756749649e-10	1.15808369838e-10
4.6195016234e-10	-5.38842408193e-12
4.6314357503e-10	-1.49119799842e-10
4.64336987721e-10	-2.80259176977e-10
4.65530400411e-10	-3.65272811997e-10
4.66723813102e-10	-3.79237891091e-10
4.67917225793e-10	-3.10904246792e-10
4.69110638483e-10	-1.6475737441e-10
4.70304051174e-10	3.91177021331e-11
4.71497463865e-10	2.67082217453e-10
4.72690876555e-10	4.77257122711e-10
4.73884289246e-10	6.2643779053e-10
4.75077701937e-10	6.79931999592e-10
4.76271114627e-10	6.19493289999e-10
4.77464527318e-10	4.49603299035e-10
4.78657940009e-10	1.97559302251e-10
4.79851352699e-10	-9.12006789533e-11
4.8104476539e-10	-3.6291936123e-10
4.82238178081e-10	-5.67422275832e-10
4.83431590771e-10	-6.69199584635e-10
4.84625003462e-10	-6.55627496737e-10
4.85818416153e-10	-5.38879607603e-10
4.87011828843e-10	-3.52545159732e-10
4.88205241534e-10	-1.41724271208e-10
4.89398654224e-10	4.86339059302e-11
4.90592066915e-10	1.85662471508e-10
4.91785479606e-10	2.55193810528e-10
4.92978892296e-10	2.62597027456e-10
4.94172304987e-10	2.27097590733e-10
4.95365717678e-10	1.72562270029e-10
4.96559130368e-10	1.18854759368e-10
4.97752543059e-10	7.62570145918e-11
4.9894595575e-10	4.52450993338e-11
5.0013936844e-10	2.0298792161e-11
5.01332781131e-10	-5.03317006129e-12
5.02526193822e-10	-3.30432382845e-11
5.03719606512e-10	-6.0689758774e-11
5.04913019203e-10	-8.00782495869e-11
5.06106431894e-10	-8.19663364959e-11
5.07299844584e-10	-5.93323515319e-11
5.08493257275e-10	-1.03845803484e-11
5.09686669966e-10	5.96176094603e-11
5.10880082656e-10	1.38661832016e-10
5.12073495347e-10	2.09707987087e-10
5.13266908038e-10	2.54014809187e-10
5.14460320728e-10	2.55204218869e-10
5.15653733419e-10	2.03273495258e-10
5.16847146109e-10	9.77512862321e-11
5.180405588e-10	-5.07462023791e-11
5.19233971491e-10	-2.21082721574e-10
5.20427384181e-10	-3.84002940557e-10
5.21620796872e-10	-5.06871156158e-10
5.22814209563e-10	-5.59527590926e-10
5.24007622253e-10	-5.21557130817e-10
5.25201034944e-10	-3.88506365967e-10
5.26394447635e-10	-1.75953376869e-10
5.27587860325e-10	8.11580802562e-11
5.28781273016e-10	3.34806932178e-10
5.29974685707e-10	5.34609745362e-10
5.31168098397e-10	6.4070532213e-10
5.32361511088e-10	6.33785135484e-10
5.33554923779e-10	5.19714993263e-10
5.34748336469e-10	3.26407345597e-10
5.3594174916e-10	9.52553036448e-11
5.37135161851e-10	-1.29966357121e-10
5.38328574541e-10	-3.12380454837e-10
5.39521987232e-10	-4.2766340469e-10
5.40715399922e-10	-4.65345623146e-10
5.41908812613e-10	-4.27689356153e-10
5.43102225304e-10	-3.27416288526e-10
5.44295637994e-10	-1.85377491135e-10
5.45489050685e-10	-2.76754417994e-11
5.46682463376e-10	1.18240139901e-10
5.47875876066e-10	2.28384339218e-10
5.49069288757e-10	2.87129209298e-10
5.50262701448e-10	2.89935547793e-10
5.51456114138e-10	2.43309011827e-10
5.52649526829e-10	1.61586119485e-10
5.5384293952e-10	6.22729645627e-11
5.5503635221e-10	-3.81343359668e-11
5.56229764901e-10	-1.26759588936e-10
5.57423177592e-10	-1.94848776003e-10
5.58616590282e-10	-2.36982627966e-10
5.59810002973e-10	-2.5042362628e-10
5.61003415664e-10	-2.34187558235e-10
5.62196828354e-10	-1.89335810918e-10
5.63390241045e-10	-1.18702839225e-10
5.64583653736e-10	-2.73969319453e-11
5.65777066426e-10	7.69459010397e-11
5.66970479117e-10	1.83496037809e-10
5.68163891807e-10	2.7810684311e-10
5.69357304498e-10	3.44201639413e-10
5.70550717189e-10	3.65673602509e-10
5.71744129879e-10	3.31141558618e-10
5.7293754257e-10	2.38574410227e-10
5.74130955261e-10	9.82122577708e-11
5.75324367951e-10	-6.80446463064e-11
5.76517780642e-10	-2.30433574999e-10
5.77711193333e-10	-3.58230362041e-10
5.78904606023e-10	-4.26423812927e-10
5.80098018714e-10	-4.21505358394e-10
5.81291431405e-10	-3.43964773331e-10
5.82484844095e-10	-2.08061234908e-10
5.83678256786e-10	-3.89840312809e-11
5.84871669477e-10	1.32038588396e-10
5.86065082167e-10	2.73549766172e-10
5.87258494858e-10	3.60110524733e-10
5.88451907549e-10	3.77420733555e-10
5.89645320239e-10	3.25082044617e-10
5.9083873293e-10	2.16217543869e-10
5.9203214562e-10	7.39534822269e-11
5.93225558311e-10	-7.41467789944e-11
5.94418971002e-10	-2.01781868991e-10
5.95612383692e-10	-2.88524343306e-10
5.96805796383e-10	-3.22559978727e-10
5.97999209074e-10	-3.01416169801e-10
5.99192621764e-10	-2.31769686776e-10
6.00386034455e-10	-1.27701516028e-10
6.01579447146e-10	-8.4121277652e-12
6.02772859836e-10	1.05580946763e-10
6.03966272527e-10	1.96591812274e-10
6.05159685218e-10	2.53246229542e-10
6.06353097908e-10	2.72291744707e-10
6.07546510599e-10	2.57290300176e-10
6.0873992329e-10	2.1587802379e-10
6.0993333598e-10	1.55879795183e-10
6.11126748671e-10	8.34357583024e-11
6.12320161362e-10	2.84360035518e-12
6.13513574052e-10	-8.14499301338e-11
6.14706986743e-10	-1.62809515869e-10
6.15900399434e-10	-2.31815538987e-10
6.17093812124e-10	-2.77408679361e-10
6.18287224815e-10	-2.8995883472e-10
6.19480637505e-10	-2.63954386126e-10
6.20674050196e-10	-2.00168728814e-10
6.21867462887e-10	-1.05830157138e-10
6.23060875577e-10	6.18006774228e-12
6.24254288268e-10	1.19212917316e-10
6.25447700959e-10	2.15216747201e-10
6.26641113649e-10	2.77708633867e-10
6.2783452634e-10	2.9507146726e-10
6.29027939031e-10	2.63617128127e-10
6.30221351721e-10	1.89159951591e-10
6.31414764412e-10	8.6260755483e-11
6.32608177103e-10	-2.49029217386e-11
6.33801589793e-10	-1.23507759575e-10
6.34995002484e-10	-1.92544202804e-10
6.36188415175e-10	-2.22208251799e-10
6.37381827865e-10	-2.10600731299e-10
6.38575240556e-10	-1.62911392709e-10
6.39768653247e-10	-8.9626146782e-11
6.40962065937e-10	-4.30619038691e-12
6.42155478628e-10	7.80490672092e-11
6.43348891318e-10	1.43490039295e-10
6.44542304009e-10	1.81087589368e-10
6.457357167e-10	1.85375825801e-10
6.4692912939e-10	1.57416205071e-10
6.48122542081e-10	1.04477065888e-10
6.49315954772e-10	3.79249201488e-11
6.50509367462e-10	-2.99137728477e-11
6.51702780153e-10	-8.86290207891e-11
6.52896192844e-10	-1.31630442657e-10
6.54089605534e-10	-1.5609122328e-10
6.55283018225e-10	-1.6235281175e-10
6.56476430916e-10	-1.52100249062e-10
6.57669843606e-10	-1.27669722016e-10
6.58863256297e-10	-9.11433289952e-11
6.60056668988e-10	-4.4710787156e-11
6.61250081678e-10	8.95410308399e-12
6.62443494369e-10	6.60782262241e-11
6.6363690706e-10	1.21068516323e-10
6.6483031975e-10	1.66779395849e-10
6.66023732441e-10	1.94951499388e-10
6.67217145132e-10	1.98380006866e-10
6.68410557822e-10	1.72926631348e-10
6.69603970513e-10	1.19921406139e-10
6.70797383203e-10	4.67680373595e-11
6.71990795894e-10	-3.4125834103e-11
6.73184208585e-10	-1.08129900867e-10
6.74377621275e-10	-1.62263993908e-10
6.75571033966e-10	-1.87832333021e-10
6.76764446657e-10	-1.82220738498e-10
6.77957859347e-10	-1.48301496083e-10
6.79151272038e-10	-9.31702423546e-11
6.80344684729e-10	-2.65107519271e-11
6.81538097419e-10	4.09309947047e-11
6.8273151011e-10	9.82713771469e-11
6.83924922801e-10	1.36043135091e-10
6.85118335491e-10	1.47687112539e-10
6.86311748182e-10	1.31362809519e-10
6.87505160873e-10	9.09003983196e-11
6.88698573563e-10	3.52472495635e-11
6.89891986254e-10	-2.36741685283e-11
6.91085398945e-10	-7.40219760487e-11
6.92278811635e-10	-1.07079088651e-10
6.93472224326e-10	-1.18717230491e-10
6.94665637016e-10	-1.09667226689e-10
6.95859049707e-10	-8.41047231859e-11
6.97052462398e-10	-4.80055543928e-11
6.98245875088e-10	-7.63707500018e-12
6.99439287779e-10	3.16107001685e-11
7.0063270047e-10	6.54473766848e-11
7.0182611316e-10	9.11991870911e-11
7.03019525851e-10	1.07343002542e-10
7.04212938542e-10	1.13431680715e-10
7.05406351232e-10	1.09264916559e-10
7.06599763923e-10	9.45424155629e-11
7.07793176614e-10	6.88265139326e-11
7.08986589304e-10	3.22744643511e-11
7.10180001995e-10	-1.30947527127e-11
7.11373414686e-10	-6.25467524995e-11
7.12566827376e-10	-1.08497724693e-10
7.13760240067e-10	-1.42097847378e-10
7.14953652758e-10	-1.55415347258e-10
7.16147065448e-10	-1.44104783661e-10
7.17340478139e-10	-1.08772220397e-10
7.1853389083e-10	-5.51171261409e-11
7.1972730352e-10	7.45520659096e-12
7.20920716211e-10	6.8040878487e-11
7.22114128901e-10	1.16219874002e-10
7.23307541592e-10	1.44051950923e-10
7.24500954283e-10	1.46981898874e-10
7.25694366973e-10	1.24808580138e-10
7.26887779664e-10	8.16129525072e-11
7.28081192355e-10	2.54176055203e-11
7.29274605045e-10	-3.31742168458e-11
7.30468017736e-10	-8.30798832507e-11
7.31661430427e-10	-1.14863077383e-10
7.32854843117e-10	-1.23019705534e-10
7.34048255808e-10	-1.06739436734e-10
7.35241668499e-10	-7.01856003871e-11
7.36435081189e-10	-2.11414948048e-11
7.3762849388e-10	3.06131647809e-11
7.38821906571e-10	7.53651030472e-11
7.40015319261e-10	1.054161064e-10
7.41208731952e-10	1.16350033774e-10
7.42402144643e-10	1.07867312304e-10
7.43595557333e-10	8.33426175295e-11
7.44788970024e-10	4.87550555484e-11
7.45982382714e-10	1.07726865622e-11
7.47175795405e-10	-2.49047501372e-11
7.48369208096e-10	-5.47502702897e-11
7.49562620786e-10	-7.72836447616e-11
7.50756033477e-10	-9.23524035024e-11
7.51949446168e-10	-9.97616711462e-11
7.53142858858e-10	-9.86056791774e-11
7.54336271549e-10	-8.73624297903e-11
7.5552968424e-10	-6.48251105573e-11
7.5672309693e-10	-3.15043616195e-11
7.57916509621e-10	9.69789960142e-12
7.59109922312e-10	5.336787956e-11
7.60303335002e-10	9.26566254278e-11
7.61496747693e-10	1.20724374941e-10
7.62690160384e-10	1.32168068157e-10
7.63883573074e-10	1.24223811793e-10
7.65076985765e-10	9.71741784261e-11
7.66270398456e-10	5.45614144143e-11
7.67463811146e-10	2.78813300572e-12
7.68657223837e-10	-4.96775329206e-11
7.69850636527e-10	-9.35573077343e-11
7.71044049218e-10	-1.20558021899e-10
7.72237461909e-10	-1.2523590498e-10
7.73430874599e-10	-1.06365721786e-10
7.7462428729e-10	-6.75562800145e-11
7.75817699981e-10	-1.64924046642e-11
7.77011112671e-10	3.67069326324e-11
7.78204525362e-10	8.16123835179e-11
7.79397938053e-10	1.09782495594e-10
7.80591350743e-10	1.16095494329e-10
7.81784763434e-10	9.99284058278e-11
7.82978176125e-10	6.48648079693e-11
7.84171588815e-10	1.82486473849e-11
7.85365001506e-10	-3.04832201148e-11
7.86558414197e-10	-7.17592860133e-11
7.87751826887e-10	-9.79035047477e-11
7.88945239578e-10	-1.05146731599e-10
7.90138652269e-10	-9.39682776036e-11
7.91332064959e-10	-6.88674742233e-11
7.9252547765e-10	-3.63648937352e-11
7.93718890341e-10	-3.07875079597e-12
7.94912303031e-10	2.60549550685e-11
7.96105715722e-10	4.85438529652e-11
7.97299128412e-10	6.38841826661e-11
7.98492541103e-10	7.27387317045e-11
7.99685953794e-10	7.57718610078e-11
8.00879366484e-10	7.32154406546e-11
8.02072779175e-10	6.47948014687e-11
8.03266191866e-10	5.02124036794e-11
8.04459604556e-10	2.96590668691e-11
8.05653017247e-10	4.21970704906e-12
8.06846429938e-10	-2.38877684994e-11
8.08039842628e-10	-5.1364908854e-11
8.09233255319e-10	-7.40723454795e-11
8.1042666801e-10	-8.77237935071e-11
8.116200807e-10	-8.87326739862e-11
8.12813493391e-10	-7.54015114235e-11
8.14006906082e-10	-4.86621333506e-11
8.15200318772e-10	-1.24136794594e-11
8.16393731463e-10	2.70656500684e-11
8.17587144154e-10	6.24054696807e-11
8.18780556844e-10	8.65953628248e-11
8.19973969535e-10	9.46799721957e-11
8.21167382225e-10	8.45526634818e-11
8.22360794916e-10	5.7704719475e-11
8.23554207607e-10	1.89127533079e-11
8.24747620297e-10	-2.43556737278e-11
8.25941032988e-10	-6.32490865238e-11
8.27134445679e-10	-8.94353827108e-11
8.28327858369e-10	-9.69933369732e-11
8.2952127106e-10	-8.41380506933e-11
8.30714683751e-10	-5.3850743309e-11
8.31908096441e-10	-1.31143039137e-11
8.33101509132e-10	2.89071856729e-11
8.34294921823e-10	6.34716931791e-11
8.35488334513e-10	8.43798572681e-11
8.36681747204e-10	8.91512835777e-11
8.37875159895e-10	7.90726581434e-11
8.39068572585e-10	5.80388063998e-11
8.40261985276e-10	3.13311564193e-11
8.41455397967e-10	4.08901862023e-12
8.42648810657e-10	-1.94766130307e-11
8.43842223348e-10	-3.67433791726e-11
8.45035636039e-10	-4.68466619663e-11
8.46229048729e-10	-5.04322278383e-11
8.4742246142e-10	-4.92758854553e-11
8.4861587411e-10	-4.52816013852e-11
8.49809286801e-10	-3.98293550918e-11
8.51002699492e-10	-3.31638431994e-11
8.52196112182e-10	-2.45388553227e-11
8.53389524873e-10	-1.29484157771e-11
8.54582937564e-10	2.05536824539e-12
8.55776350254e-10	1.94722380581e-11
8.56969762945e-10	3.69407074374e-11
8.58163175636e-10	5.11131276193e-11
8.59356588326e-10	5.86877282882e-11
8.60550001017e-10	5.73100039647e-11
8.61743413708e-10	4.61515062278e-11
8.62936826398e-10	2.63366273234e-11
8.64130239089e-10	7.19491740492e-13
8.6532365178e-10	-2.61994644729e-11
8.6651706447e-10	-4.90930733565e-11
8.67710477161e-10	-6.2663332856e-11
8.68903889852e-10	-6.30527019485e-11
8.70097302542e-10	-4.90954915611e-11
8.71290715233e-10	-2.30880748547e-11
8.72484127923e-10	9.43761475219e-12
8.73677540614e-10	4.09893612108e-11
8.74870953305e-10	6.41258227074e-11
8.76064365995e-10	7.34325864005e-11
8.77257778686e-10	6.68756439115e-11
8.78451191377e-10	4.62053867389e-11
8.79644604067e-10	1.61434580981e-11
8.80838016758e-10	-1.6730214436e-11
8.82031429449e-10	-4.57275467491e-11
8.83224842139e-10	-6.5282154682e-11
8.8441825483e-10	-7.21731216458e-11
8.85611667521e-10	-6.60297580501e-11
8.86805080211e-10	-4.92843994782e-11
8.87998492902e-10	-2.64651911497e-11
8.89191905593e-10	-2.86214975331e-12
8.90385318283e-10	1.68966767661e-11
8.91578730974e-10	3.00394049912e-11
8.92772143665e-10	3.6069484205e-11
8.93965556355e-10	3.63945332205e-11
8.95158969046e-10	3.33460134505e-11
8.96352381737e-10	2.91181280476e-11
8.97545794427e-10	2.50532268542e-11
8.98739207118e-10	2.14196577142e-11
8.99932619808e-10	1.76738866597e-11
9.01126032499e-10	1.28470567518e-11
9.0231944519e-10	6.04390929665e-12
9.0351285788e-10	-3.19565120893e-12
9.04706270571e-10	-1.45434697271e-11
9.05899683262e-10	-2.66282794426e-11
9.07093095952e-10	-3.70900116176e-11
9.08286508643e-10	-4.29443494654e-11
9.09479921334e-10	-4.15536424714e-11
9.10673334024e-10	-3.16166919034e-11
9.11866746715e-10	-1.41075796878e-11
9.13060159406e-10	7.69153404162e-12
9.14253572096e-10	2.88038932983e-11
9.15446984787e-10	4.40060522744e-11
9.16640397478e-10	4.92629999294e-11
9.17833810168e-10	4.29098145904e-11
9.19027222859e-10	2.60675977332e-11
9.2022063555e-10	2.32037392772e-12
9.2141404824e-10	-2.30898997838e-11
9.22607460931e-10	-4.44743096517e-11
9.23800873621e-10	-5.68654602573e-11
9.24994286312e-10	-5.72028188706e-11
9.26187699003e-10	-4.51061965556e-11
9.27381111693e-10	-2.31379186644e-11
9.28574524384e-10	3.7605205408e-12
9.29767937075e-10	2.94776113241e-11
9.30961349765e-10	4.84318141147e-11
9.32154762456e-10	5.69956616625e-11
9.33348175147e-10	5.43883653392e-11
9.34541587837e-10	4.24808174748e-11
9.35735000528e-10	2.49853280426e-11
9.36928413219e-10	6.13488730303e-12
9.38121825909e-10	-1.03890229752e-11
9.393152386e-10	-2.21824399127e-11
9.40508651291e-10	-2.83658235789e-11
9.41702063981e-10	-2.93744126245e-11
9.42895476672e-10	-2.66912845992e-11
9.44088889363e-10	-2.22296816371e-11
9.45282302053e-10	-1.78660194278e-11
9.46475714744e-10	-1.47593916255e-11
9.47669127435e-10	-1.30260576631e-11
9.48862540125e-10	-1.17067145908e-11
9.50055952816e-10	-9.21456053821e-12
9.51249365506e-10	-4.17959894125e-12
9.52442778197e-10	3.84401191433e-12
9.53636190888e-10	1.3885782281e-11
9.54829603578e-10	2.37532493674e-11
9.56023016269e-10	3.06763607572e-11
9.5721642896e-10	3.2185032417e-11
9.5840984165e-10	2.6984393886e-11
9.59603254341e-10	1.53440576217e-11
9.60796667032e-10	-7.70682129225e-13
9.61990079722e-10	-1.81017336537e-11
9.63183492413e-10	-3.26935006845e-11
9.64376905104e-10	-4.08023441423e-11
9.65570317794e-10	-3.98482184749e-11
9.66763730485e-10	-2.92715539307e-11
9.67957143176e-10	-1.09356221994e-11
9.69150555866e-10	1.11041219622e-11
9.70343968557e-10	3.15540961415e-11
9.71537381248e-10	4.53360959884e-11
9.72730793938e-10	4.89726453834e-11
9.73924206629e-10	4.16204605502e-11
9.75117619319e-10	2.51042606841e-11
9.7631103201e-10	3.40040734285e-12
9.77504444701e-10	-1.86420896081e-11
9.78697857391e-10	-3.64109749296e-11
9.79891270082e-10	-4.66392688359e-11
9.81084682773e-10	-4.79027720268e-11
9.82278095463e-10	-4.07629971444e-11
9.83471508154e-10	-2.74940747252e-11
9.84664920845e-10	-1.14226024472e-11
9.85858333535e-10	3.83677378063e-12
9.87051746226e-10	1.53582424556e-11
9.88245158917e-10	2.15335388409e-11
9.89438571607e-10	2.24209175531e-11
9.90631984298e-10	1.94789722546e-11
9.91825396989e-10	1.48927224719e-11
9.93018809679e-10	1.07176698072e-11
9.9421222237e-10	8.18051702767e-12
9.95405635061e-10	7.36385084854e-12
9.96599047751e-10	7.38800253614e-12
9.97792460442e-10	6.86157857963e-12
9.98985873133e-10	4.50046423739e-12
1.00017928582e-09	-3.79864759439e-13
1.00137269851e-09	-7.56361900195e-12
1.0025661112e-09	-1.58373765491e-11
1.0037595239e-09	-2.32114032855e-11
1.00495293659e-09	-2.73642775106e-11
1.00614634928e-09	-2.63104781018e-11
1.00733976197e-09	-1.91864111404e-11
1.00853317466e-09	-6.72624542869e-12
1.00972658735e-09	8.54800778771e-12
1.01092000004e-09	2.29270075147e-11
1.01211341273e-09	3.24581299338e-11
1.01330682542e-09	3.41928187153e-11
1.01450023811e-09	2.71580119504e-11
1.0156936508e-09	1.26652473231e-11
1.01688706349e-09	-5.92295440124e-12
1.01808047618e-09	-2.42345987028e-11
1.01927388887e-09	-3.78981776517e-11
1.02046730156e-09	-4.37440916823e-11
1.02166071425e-09	-4.04307178015e-11
1.02285412695e-09	-2.8731902274e-11
1.02404753964e-09	-1.13202554969e-11
1.02524095233e-09	7.93163538321e-12
1.02643436502e-09	2.48010206122e-11
1.02762777771e-09	3.57982879451e-11
1.0288211904e-09	3.89519042021e-11
1.03001460309e-09	3.42577112511e-11
1.03120801578e-09	2.35572117369e-11
1.03240142847e-09	9.89771892917e-12
1.03359484116e-09	-3.39382927143e-12
1.03478825385e-09	-1.35879120455e-11
1.03598166654e-09	-1.92170394181e-11
1.03717507923e-09	-2.01710974312e-11
1.03836849192e-09	-1.75359865517e-11
1.03956190461e-09	-1.30667967765e-11
1.04075531731e-09	-8.61000593738e-12
1.04194873e-09	-5.62560241446e-12
1.04314214269e-09	-4.73099467588e-12
1.04433555538e-09	-5.61479682193e-12
1.04552896807e-09	-7.11006080401e-12
1.04672238076e-09	-7.60287232476e-12
1.04791579345e-09	-5.71588262832e-12
1.04910920614e-09	-8.47995068262e-13
1.05030261883e-09	6.30767747062e-12
1.05149603152e-09	1.39114891481e-11
1.05268944421e-09	1.94743249304e-11
1.0538828569e-09	2.07155265164e-11
1.05507626959e-09	1.64658200269e-11
1.05626968228e-09	7.10422172479e-12
1.05746309497e-09	-5.36576512389e-12
1.05865650767e-09	-1.78967222986e-11
1.05984992036e-09	-2.72152439473e-11
1.06104333305e-09	-3.07027840651e-11
1.06223674574e-09	-2.71223390969e-11
1.06343015843e-09	-1.69404542477e-11
1.06462357112e-09	-2.27239082586e-12
1.06581698381e-09	1.35447521254e-11
1.0670103965e-09	2.67838806689e-11
1.06820380919e-09	3.41818275074e-11
1.06939722188e-09	3.38840309977e-11
1.07059063457e-09	2.58853979918e-11
1.07178404726e-09	1.20952111174e-11
1.07297745995e-09	-4.20988287633e-12
1.07417087264e-09	-1.92949579925e-11
1.07536428533e-09	-2.99184357844e-11
1.07655769802e-09	-3.41495685896e-11
1.07775111072e-09	-3.16411688517e-11
1.07894452341e-09	-2.36175905222e-11
1.0801379361e-09	-1.23622700618e-11
1.08133134879e-09	-6.3282397985e-13
1.08252476148e-09	8.99022696565e-12
1.08371817417e-09	1.47206240253e-11
1.08491158686e-09	1.58939215955e-11
1.08610499955e-09	1.31193155298e-11
1.08729841224e-09	8.03635456792e-12
1.08849182493e-09	2.75241309779e-12
1.08968523762e-09	-8.49390436458e-13
1.09087865031e-09	-1.76971892002e-12
1.092072063e-09	-2.1619294896e-13
1.09326547569e-09	2.54451321124e-12
1.09445888838e-09	4.7261066588e-12
1.09565230108e-09	4.72935406115e-12
1.09684571377e-09	1.83211193612e-12
1.09803912646e-09	-3.60064061899e-12
1.09923253915e-09	-1.01093144272e-11
1.10042595184e-09	-1.5699627362e-11
1.10161936453e-09	-1.83900707162e-11
1.10281277722e-09	-1.68337843665e-11
1.10400618991e-09	-1.08308414321e-11
1.1051996026e-09	-1.37916609556e-12
1.10639301529e-09	9.32502252499e-12
1.10758642798e-09	1.85378119105e-11
1.10877984067e-09	2.35923017233e-11
1.10997325336e-09	2.27432187666e-11
1.11116666605e-09	1.57567795617e-11
1.11236007874e-09	4.03645953467e-12
1.11355349144e-09	-9.63473051341e-12
1.11474690413e-09	-2.19313716493e-11
1.11594031682e-09	-2.98258709397e-11
1.11713372951e-09	-3.1436311887e-11
1.1183271422e-09	-2.64289597152e-11
1.11952055489e-09	-1.6026718147e-11
1.12071396758e-09	-2.65310169667e-12
1.12190738027e-09	1.06926264717e-11
1.12310079296e-09	2.11047221366e-11
1.12429420565e-09	2.64417238105e-11
1.12548761834e-09	2.57776213569e-11
1.12668103103e-09	1.96418749321e-11
1.12787444372e-09	9.86062013292e-12
1.12906785641e-09	-9.27348692628e-13
1.1302612691e-09	-1.00115263302e-11
1.13145468179e-09	-1.5402849135e-11
1.13264809449e-09	-1.6332442343e-11
1.13384150718e-09	-1.34108895863e-11
1.13503491987e-09	-8.26752295097e-12
1.13622833256e-09	-2.94654860407e-12
1.13742174525e-09	7.93507837563e-13
1.13861515794e-09	1.99659950031e-12
1.13980857063e-09	7.025476121e-13
1.14100198332e-09	-2.14726283629e-12
1.14219539601e-09	-5.08977018518e-12
1.1433888087e-09	-6.62174221705e-12
1.14458222139e-09	-5.70450978121e-12
1.14577563408e-09	-2.15091768181e-12
1.14696904677e-09	3.2448822275e-12
1.14816245946e-09	8.8449109148e-12
1.14935587215e-09	1.26833179376e-11
1.15054928485e-09	1.30874261081e-11
1.15174269754e-09	9.32524543695e-12
1.15293611023e-09	1.96789980145e-12
1.15412952292e-09	-7.24429283921e-12
1.15532293561e-09	-1.58204838119e-11
1.1565163483e-09	-2.13437184593e-11
1.15770976099e-09	-2.2109121825e-11
1.15890317368e-09	-1.76433121585e-11
1.16009658637e-09	-8.81733835251e-12
1.16128999906e-09	2.41653680573e-12
1.16248341175e-09	1.34414788328e-11
1.16367682444e-09	2.16724450885e-11
1.16487023713e-09	2.50796987344e-11
1.16606364982e-09	2.27526417845e-11
1.16725706251e-09	1.51501779871e-11
1.1684504752e-09	4.01877749828e-12
1.1696438879e-09	-7.96841325562e-12
1.17083730059e-09	-1.79792049304e-11
1.17203071328e-09	-2.37246697982e-11
1.17322412597e-09	-2.41092909525e-11
1.17441753866e-09	-1.9451154229e-11
1.17561095135e-09	-1.13180966335e-11
1.17680436404e-09	-2.00584687748e-12
1.17799777673e-09	6.13618791195e-12
1.17919118942e-09	1.12996556556e-11
1.18038460211e-09	1.26435849637e-11
1.1815780148e-09	1.03899909509e-11
1.18277142749e-09	5.72309604221e-12
1.18396484018e-09	3.58549290518e-13
1.18515825287e-09	-3.91713527934e-12
1.18635166556e-09	-5.83701056239e-12
1.18754507826e-09	-5.007714729e-12
1.18873849095e-09	-2.0520653319e-12
1.18993190364e-09	1.61320587964e-12
1.19112531633e-09	4.32622861146e-12
1.19231872902e-09	4.76014063236e-12
1.19351214171e-09	2.4781268617e-12
1.1947055544e-09	-1.94484120648e-12
1.19589896709e-09	-7.07957650836e-12
1.19709237978e-09	-1.11526499841e-11
1.19828579247e-09	-1.26324341612e-11
1.19947920516e-09	-1.07091852747e-11
1.20067261785e-09	-5.55922495538e-12
1.20186603054e-09	1.69630477199e-12
1.20305944323e-09	9.25556072756e-12
1.20425285592e-09	1.50900455326e-11
1.20544626862e-09	1.74617976328e-11
1.20663968131e-09	1.54161856891e-11
1.207833094e-09	9.10665553383e-12
1.20902650669e-09	-1.57350478133e-13
1.21021991938e-09	-1.0182553585e-11
1.21141333207e-09	-1.84738977588e-11
1.21260674476e-09	-2.29027422027e-11
1.21380015745e-09	-2.23189088738e-11
1.21499357014e-09	-1.68537666462e-11
1.21618698283e-09	-7.87715552508e-12
1.21738039552e-09	2.41189728779e-12
1.21857380821e-09	1.15715275903e-11
1.2197672209e-09	1.75377212752e-11
1.22096063359e-09	1.90888971296e-11
1.22215404628e-09	1.61323124998e-11
1.22334745897e-09	9.66973029426e-12
1.22454087167e-09	1.52892911005e-12
1.22573428436e-09	-6.11824002919e-12
1.22692769705e-09	-1.13714593297e-11
1.22812110974e-09	-1.30810536014e-11
1.22931452243e-09	-1.12171886363e-11
1.23050793512e-09	-6.78021614547e-12
1.23170134781e-09	-1.4709396895e-12
1.2328947605e-09	2.91891510962e-12
1.23408817319e-09	5.08758139783e-12
1.23528158588e-09	4.59983960643e-12
1.23647499857e-09	1.96328803909e-12
1.23766841126e-09	-1.62741673436e-12
1.23886182395e-09	-4.72434938392e-12
1.24005523664e-09	-6.11701227865e-12
1.24124864933e-09	-5.18885802381e-12
1.24244206203e-09	-2.11878279678e-12
1.24363547472e-09	2.19206358794e-12
1.24482888741e-09	6.35075715974e-12
1.2460223001e-09	8.88205481386e-12
1.24721571279e-09	8.69564663331e-12
1.24840912548e-09	5.4483162773e-12
1.24960253817e-09	-2.38657401133e-13
1.25079595086e-09	-6.94472084006e-12
1.25198936355e-09	-1.27796315197e-11
1.25318277624e-09	-1.59789161069e-11
1.25437618893e-09	-1.54290642762e-11
1.25556960162e-09	-1.10038141793e-11
1.25676301431e-09	-3.65002516059e-12
1.257956427e-09	4.9057290348e-12
1.25914983969e-09	1.25767530071e-11
1.26034325239e-09	1.74746640769e-11
1.26153666508e-09	1.83518374108e-11
1.26273007777e-09	1.49492189461e-11
1.26392349046e-09	8.04062632448e-12
1.26511690315e-09	-7.07170216482e-13
1.26631031584e-09	-9.16182841398e-12
1.26750372853e-09	-1.52713050539e-11
1.26869714122e-09	-1.76005772456e-11
1.26989055391e-09	-1.57629152786e-11
1.2710839666e-09	-1.04784132759e-11
1.27227737929e-09	-3.37684979805e-12
1.27347079198e-09	3.55145166747e-12
1.27466420467e-09	8.51156384957e-12
1.27585761736e-09	1.04206521884e-11
1.27705103005e-09	9.14994816026e-12
1.27824444274e-09	5.45843318461e-12
1.27943785544e-09	7.13553185722e-13
1.28063126813e-09	-3.56621785054e-12
1.28182468082e-09	-6.13604653199e-12
1.28301809351e-09	-6.37072686271e-12
1.2842115062e-09	-4.40175196639e-12
1.28540491889e-09	-1.06766093362e-12
1.28659833158e-09	2.37301367792e-12
1.28779174427e-09	4.63399370959e-12
1.28898515696e-09	4.83387375266e-12
1.29017856965e-09	2.80983851637e-12
1.29137198234e-09	-8.26099605389e-13
1.29256539503e-09	-4.84524790081e-12
1.29375880772e-09	-7.83183934372e-12
1.29495222041e-09	-8.63069424956e-12
