% time-domain voltage integration by openEMS v0.37.0-rc1-2-g7b051bb @Sat Aug  8 20:24:17 2026
% start-coordinates: (0.00292492,0.00262109,-0.000889) m -> [74,69,13]
% stop-coordinates: (0.00320686,0.00262109,-0.000889) m -> [78,69,13]
% t/s	voltage
0	0
1.20694985616e-12	0
2.41389971232e-12	0
3.62084956847e-12	0
4.82779942463e-12	0
6.03474928079e-12	0
7.24169913695e-12	0
8.44864899311e-12	0
9.65559884926e-12	0
1.08625487054e-11	0
1.20694985616e-11	0
1.32764484177e-11	-2.82824283039e-33
1.44833982739e-11	-8.87822456196e-30
1.56903481301e-11	-8.73631359317e-27
1.68972979862e-11	-3.17217651932e-24
1.81042478424e-11	-5.08946832734e-22
1.93111976985e-11	-4.92968796455e-20
2.05181475547e-11	-3.78691682895e-18
2.17250974108e-11	-2.03318605668e-16
2.2932047267e-11	-6.38307480145e-15
2.41389971232e-11	-1.14475950556e-13
2.53459469793e-11	-1.22592651905e-12
2.65528968355e-11	-8.32008745753e-12
2.77598466916e-11	-3.78958409791e-11
2.89667965478e-11	-1.210138309e-10
3.01737464039e-11	-2.74460905392e-10
3.13806962601e-11	-4.07807419778e-10
3.25876461163e-11	-1.49841160313e-10
3.37945959724e-11	1.38491393353e-09
3.50015458286e-11	5.75896486055e-09
3.62084956847e-11	1.50131993504e-08
3.74154455409e-11	3.07793639465e-08
3.86223953971e-11	5.25299821419e-08
3.98293452532e-11	7.48353308211e-08
4.10362951094e-11	8.39472154013e-08
4.22432449655e-11	5.52480159399e-08
4.34501948217e-11	-4.52310828791e-08
4.46571446778e-11	-2.51436464538e-07
4.5864094534e-11	-5.77936447144e-07
4.70710443902e-11	-9.93503263658e-07
4.82779942463e-11	-1.39770412488e-06
4.94849441025e-11	-1.61623526651e-06
5.06918939586e-11	-1.43083158832e-06
5.18988438148e-11	-6.50967763249e-07
5.3105793671e-11	7.85105825685e-07
5.43127435271e-11	2.71575805755e-06
5.55196933833e-11	4.71917172717e-06
5.67266432394e-11	6.17777084244e-06
5.79335930956e-11	6.45255170184e-06
5.91405429517e-11	5.12264739427e-06
6.03474928079e-11	2.2005938547e-06
6.15544426641e-11	-1.77823824288e-06
6.27613925202e-11	-5.85545615195e-06
6.39683423764e-11	-8.92609205039e-06
6.51752922325e-11	-1.00996721812e-05
6.63822420887e-11	-9.00825625649e-06
6.75891919448e-11	-5.93749155087e-06
6.8796141801e-11	-1.72855209257e-06
7.00030916572e-11	2.50917719313e-06
7.12100415133e-11	5.76103388994e-06
7.24169913695e-11	7.41032340557e-06
7.36239412256e-11	7.3748003615e-06
7.48308910818e-11	6.04345177635e-06
7.6037840938e-11	4.06005693776e-06
7.72447907941e-11	2.05307276246e-06
7.84517406503e-11	4.22100463027e-07
7.96586905064e-11	-7.4015238738e-07
8.08656403626e-11	-1.57799499334e-06
8.20725902187e-11	-2.30811966162e-06
8.32795400749e-11	-3.04978124177e-06
8.44864899311e-11	-3.7311261849e-06
8.56934397872e-11	-4.11155411939e-06
8.69003896434e-11	-3.90264648331e-06
8.81073394995e-11	-2.92778366884e-06
8.93142893557e-11	-1.24290824033e-06
9.05212392118e-11	8.32987240074e-07
9.1728189068e-11	2.79737173514e-06
9.29351389242e-11	4.12367120362e-06
9.41420887803e-11	4.44315406867e-06
9.53490386365e-11	3.67652069144e-06
9.65559884926e-11	2.06428785532e-06
9.77629383488e-11	8.10651901162e-08
9.8969888205e-11	-1.73093559397e-06
1.00176838061e-10	-2.93814605357e-06
1.01383787917e-10	-3.33220225457e-06
1.02590737773e-10	-2.94743927043e-06
1.0379768763e-10	-1.99139640245e-06
1.05004637486e-10	-7.37237670023e-07
1.06211587342e-10	5.61806309918e-07
1.07418537198e-10	1.70751053474e-06
1.08625487054e-10	2.55040004049e-06
1.0983243691e-10	2.97578623076e-06
1.11039386767e-10	2.90998895025e-06
1.12246336623e-10	2.34982843494e-06
1.13453286479e-10	1.39009665645e-06
1.14660236335e-10	2.20697216946e-07
1.15867186191e-10	-9.1845696204e-07
1.17074136047e-10	-1.80702724606e-06
1.18281085903e-10	-2.30648510069e-06
1.1948803576e-10	-2.38461007029e-06
1.20694985616e-10	-2.09690153952e-06
1.21901935472e-10	-1.54252924744e-06
1.23108885328e-10	-8.24330527394e-07
1.24315835184e-10	-3.4582142483e-08
1.2552278504e-10	7.33709711653e-07
1.26729734897e-10	1.36942608719e-06
1.27936684753e-10	1.74395032104e-06
1.29143634609e-10	1.74262987684e-06
1.30350584465e-10	1.31709006723e-06
1.31557534321e-10	5.3027384439e-07
1.32764484177e-10	-4.35917662855e-07
1.33971434034e-10	-1.32584284529e-06
1.3517838389e-10	-1.89281274743e-06
1.36385333746e-10	-1.98535136064e-06
1.37592283602e-10	-1.59592619298e-06
1.38799233458e-10	-8.52085321412e-07
1.40006183314e-10	4.42247252153e-08
1.4121313317e-10	8.92470737313e-07
1.42420083027e-10	1.54780244088e-06
1.43627032883e-10	1.93389269043e-06
1.44833982739e-10	2.02136567395e-06
1.46040932595e-10	1.79893621066e-06
1.47247882451e-10	1.26287517332e-06
1.48454832307e-10	4.35363396889e-07
1.49661782164e-10	-6.0465154661e-07
1.5086873202e-10	-1.70193723648e-06
1.52075681876e-10	-2.6397491979e-06
1.53282631732e-10	-3.19066299426e-06
1.54489581588e-10	-3.18687233403e-06
1.55696531444e-10	-2.58068763515e-06
1.56903481301e-10	-1.47277955875e-06
1.58110431157e-10	-9.53122949454e-08
1.59317381013e-10	1.24636741816e-06
1.60524330869e-10	2.25533506182e-06
1.61731280725e-10	2.72427519121e-06
1.62938230581e-10	2.59247934764e-06
1.64145180437e-10	1.96037333922e-06
1.65352130294e-10	1.05265758066e-06
1.6655908015e-10	1.41314497881e-07
1.67766030006e-10	-5.43591561097e-07
1.68972979862e-10	-8.81916847106e-07
1.70179929718e-10	-8.83026913812e-07
1.71386879574e-10	-6.52629182696e-07
1.72593829431e-10	-3.24817058583e-07
1.73800779287e-10	1.17214482565e-09
1.75007729143e-10	2.91883452519e-07
1.76214678999e-10	5.64044199791e-07
1.77421628855e-10	8.40644190703e-07
1.78628578711e-10	1.10744731785e-06
1.79835528568e-10	1.29817792072e-06
1.81042478424e-10	1.3189799688e-06
1.8224942828e-10	1.09535046988e-06
1.83456378136e-10	6.17714306372e-07
1.84663327992e-10	-4.04473272653e-08
1.85870277848e-10	-7.38379299037e-07
1.87077227704e-10	-1.3103931451e-06
1.88284177561e-10	-1.61441701607e-06
1.89491127417e-10	-1.56984279442e-06
1.90698077273e-10	-1.17735217486e-06
1.91905027129e-10	-5.15571393578e-07
1.93111976985e-10	2.78115972918e-07
1.94318926841e-10	1.03796810436e-06
1.95525876698e-10	1.60728097853e-06
1.96732826554e-10	1.87429597531e-06
1.9793977641e-10	1.79897685371e-06
1.99146726266e-10	1.4194314133e-06
2.00353676122e-10	8.3753084823e-07
2.01560625978e-10	1.85769881256e-07
2.02767575835e-10	-4.11299801328e-07
2.03974525691e-10	-8.64794387212e-07
2.05181475547e-10	-1.13077315689e-06
2.06388425403e-10	-1.20012609273e-06
2.07595375259e-10	-1.08220855566e-06
2.08802325115e-10	-7.93683938127e-07
2.10009274971e-10	-3.61084765643e-07
2.11216224828e-10	1.66478006491e-07
2.12423174684e-10	7.0748130554e-07
2.1363012454e-10	1.15221847352e-06
2.14837074396e-10	1.38833590313e-06
2.16044024252e-10	1.33715218453e-06
2.17250974108e-10	9.86422804772e-07
2.18457923965e-10	4.02891544127e-07
2.19664873821e-10	-2.83837138682e-07
2.20871823677e-10	-9.18877674394e-07
2.22078773533e-10	-1.36776947102e-06
2.23285723389e-10	-1.55060379825e-06
2.24492673245e-10	-1.45548963815e-06
2.25699623102e-10	-1.13072647423e-06
2.26906572958e-10	-6.61977352934e-07
2.28113522814e-10	-1.4694364836e-07
2.2932047267e-10	3.25588203509e-07
2.30527422526e-10	6.87323847615e-07
2.31734372382e-10	8.94630332482e-07
2.32941322238e-10	9.26050987005e-07
2.34148272095e-10	7.78225881959e-07
2.35355221951e-10	4.6333071424e-07
2.36562171807e-10	8.73149330616e-09
2.37769121663e-10	-5.37734607065e-07
2.38976071519e-10	-1.10285537858e-06
2.40183021375e-10	-1.58758484758e-06
2.41389971232e-10	-1.87914926641e-06
2.42596921088e-10	-1.87763694726e-06
2.43803870944e-10	-1.53181596829e-06
2.450108208e-10	-8.70528580776e-07
2.46217770656e-10	-1.27075461265e-08
2.47424720512e-10	8.53243562915e-07
2.48631670369e-10	1.51861706854e-06
2.49838620225e-10	1.81612844585e-06
2.51045570081e-10	1.67101370607e-06
2.52252519937e-10	1.12340822511e-06
2.53459469793e-10	3.13469371349e-07
2.54666419649e-10	-5.60474951783e-07
2.55873369505e-10	-1.29655509795e-06
2.57080319362e-10	-1.73637542389e-06
2.58287269218e-10	-1.79502515607e-06
2.59494219074e-10	-1.46996575268e-06
2.6070116893e-10	-8.33930428712e-07
2.61908118786e-10	-1.73195200404e-08
2.63115068642e-10	8.17266041508e-07
2.64322018499e-10	1.50475452187e-06
2.65528968355e-10	1.90855300275e-06
2.66735918211e-10	1.94979571688e-06
2.67942868067e-10	1.62486304589e-06
2.69149817923e-10	1.00736829722e-06
2.70356767779e-10	2.30368858212e-07
2.71563717636e-10	-5.45055556245e-07
2.72770667492e-10	-1.16845450293e-06
2.73977617348e-10	-1.53270849523e-06
2.75184567204e-10	-1.59164747515e-06
2.7639151706e-10	-1.36088615932e-06
2.77598466916e-10	-9.03075331848e-07
2.78805416772e-10	-3.07219032436e-07
2.80012366629e-10	3.29417218836e-07
2.81219316485e-10	9.12436760814e-07
2.82426266341e-10	1.3544588171e-06
2.83633216197e-10	1.57938282541e-06
2.84840166053e-10	1.53121811763e-06
2.86047115909e-10	1.19079572869e-06
2.87254065766e-10	5.931420759e-07
2.88461015622e-10	-1.63996684677e-07
2.89667965478e-10	-9.30792893428e-07
2.90874915334e-10	-1.5376107001e-06
2.9208186519e-10	-1.84109381962e-06
2.93288815046e-10	-1.76738490154e-06
2.94495764903e-10	-1.33546723191e-06
2.95702714759e-10	-6.51074600455e-07
2.96909664615e-10	1.26411956458e-07
2.98116614471e-10	8.30789872452e-07
2.99323564327e-10	1.33150933834e-06
3.00530514183e-10	1.55726974072e-06
3.01737464039e-10	1.49784395376e-06
3.02944413896e-10	1.18982578101e-06
3.04151363752e-10	6.97871882949e-07
3.05358313608e-10	1.01642957162e-07
3.06565263464e-10	-5.10175972579e-07
3.0777221332e-10	-1.04338968754e-06
3.08979163176e-10	-1.40607727417e-06
3.10186113033e-10	-1.52536179598e-06
3.11393062889e-10	-1.3686124305e-06
3.12600012745e-10	-9.59232409059e-07
3.13806962601e-10	-3.77602383139e-07
3.15013912457e-10	2.56671398802e-07
3.16220862313e-10	8.16556223526e-07
3.1742781217e-10	1.20033820394e-06
3.18634762026e-10	1.35384115652e-06
3.19841711882e-10	1.2742000024e-06
3.21048661738e-10	9.97915279299e-07
3.22255611594e-10	5.82798705295e-07
3.2346256145e-10	9.27126055927e-08
3.24669511307e-10	-4.0822052938e-07
3.25876461163e-10	-8.54607051792e-07
3.27083411019e-10	-1.17848523473e-06
3.28290360875e-10	-1.31546744342e-06
3.29497310731e-10	-1.2197548358e-06
3.30704260587e-10	-8.83995625145e-07
3.31911210443e-10	-3.53919915597e-07
3.331181603e-10	2.71617587089e-07
3.34325110156e-10	8.59623256133e-07
3.35532060012e-10	1.27662534055e-06
3.36739009868e-10	1.42632683264e-06
3.37945959724e-10	1.27755487256e-06
3.3915290958e-10	8.72178105737e-07
3.40359859437e-10	3.10414655758e-07
3.41566809293e-10	-2.79223868915e-07
3.42773759149e-10	-7.75476422632e-07
3.43980709005e-10	-1.09181912933e-06
3.45187658861e-10	-1.18939547633e-06
3.46394608717e-10	-1.07501504942e-06
3.47601558574e-10	-7.88952618791e-07
3.4880850843e-10	-3.90843233333e-07
3.50015458286e-10	5.19868779136e-08
3.51222408142e-10	4.71361516929e-07
3.52429357998e-10	8.03259879945e-07
3.53636307854e-10	9.93480625766e-07
3.5484325771e-10	1.00664671265e-06
3.56050207567e-10	8.3555495678e-07
3.57257157423e-10	5.08123342513e-07
3.58464107279e-10	8.68699903123e-08
3.59671057135e-10	-3.41983160013e-07
3.60878006991e-10	-6.87610949512e-07
3.62084956847e-10	-8.77187986248e-07
3.63291906704e-10	-8.75059029681e-07
3.6449885656e-10	-6.90989665486e-07
3.65705806416e-10	-3.7584066348e-07
3.66912756272e-10	-5.32015986821e-09
3.68119706128e-10	3.40874699134e-07
3.69326655984e-10	5.98263326879e-07
3.70533605841e-10	7.29109601139e-07
3.71740555697e-10	7.23575197981e-07
3.72947505553e-10	5.95330405417e-07
3.74154455409e-10	3.73451157998e-07
3.75361405265e-10	9.71382032589e-08
3.76568355121e-10	-1.87904500848e-07
3.77775304977e-10	-4.32515953719e-07
3.78982254834e-10	-5.89897467762e-07
3.8018920469e-10	-6.25521124675e-07
3.81396154546e-10	-5.28541669098e-07
3.82603104402e-10	-3.1967412184e-07
3.83810054258e-10	-4.92721561329e-08
3.85017004114e-10	2.14570917478e-07
3.86223953971e-10	4.05823755045e-07
3.87430903827e-10	4.80923517898e-07
3.88637853683e-10	4.30376147165e-07
3.89844803539e-10	2.79074296117e-07
3.91051753395e-10	7.4518055726e-08
3.92258703251e-10	-1.30525341646e-07
3.93465653108e-10	-2.92811606073e-07
3.94672602964e-10	-3.87124401868e-07
3.9587955282e-10	-4.05564925643e-07
3.97086502676e-10	-3.52656215341e-07
3.98293452532e-10	-2.39924570877e-07
3.99500402388e-10	-8.38259701652e-08
4.00707352244e-10	9.29373378256e-08
4.01914302101e-10	2.60070567748e-07
4.03121251957e-10	3.81775677738e-07
4.04328201813e-10	4.24241257235e-07
4.05535151669e-10	3.66913248229e-07
4.06742101525e-10	2.12765069563e-07
4.07949051381e-10	-7.5376397346e-09
4.09156001238e-10	-2.41730607087e-07
4.10362951094e-10	-4.29734903662e-07
4.1156990095e-10	-5.22182375562e-07
4.12776850806e-10	-4.95177182813e-07
4.13983800662e-10	-3.56912678967e-07
4.15190750518e-10	-1.43862013857e-07
4.16397700375e-10	9.20737299737e-08
4.17604650231e-10	2.98261504383e-07
4.18811600087e-10	4.34809685146e-07
4.20018549943e-10	4.80682281534e-07
4.21225499799e-10	4.34034454599e-07
4.22432449655e-10	3.08110386982e-07
4.23639399511e-10	1.25788464089e-07
4.24846349368e-10	-8.37129885412e-08
4.26053299224e-10	-2.87379801733e-07
4.2726024908e-10	-4.50561273624e-07
4.28467198936e-10	-5.40980195751e-07
4.29674148792e-10	-5.35272526747e-07
4.30881098648e-10	-4.26446923996e-07
4.32088048505e-10	-2.29252112405e-07
4.33294998361e-10	2.00114089743e-08
4.34501948217e-10	2.69966353272e-07
4.35708898073e-10	4.67106403335e-07
4.36915847929e-10	5.69637620629e-07
4.38122797785e-10	5.58227782221e-07
4.39329747642e-10	4.40325749196e-07
4.40536697498e-10	2.45312623548e-07
4.41743647354e-10	1.49679240113e-08
4.4295059721e-10	-2.08063251961e-07
4.44157547066e-10	-3.88773685245e-07
4.45364496922e-10	-5.03352744374e-07
4.46571446778e-10	-5.38754100887e-07
4.47778396635e-10	-4.90796637109e-07
4.48985346491e-10	-3.63767689748e-07
4.50192296347e-10	-1.71906659574e-07
4.51399246203e-10	5.81432786362e-08
4.52606196059e-10	2.87995025161e-07
4.53813145915e-10	4.73028507031e-07
4.55020095772e-10	5.72363269669e-07
4.56227045628e-10	5.6077683297e-07
4.57433995484e-10	4.37416005639e-07
4.5864094534e-10	2.27739590741e-07
4.59847895196e-10	-2.30183423433e-08
4.61054845052e-10	-2.61818065894e-07
4.62261794909e-10	-4.41653291716e-07
4.63468744765e-10	-5.32445646684e-07
4.64675694621e-10	-5.25236373505e-07
4.65882644477e-10	-4.30791708084e-07
4.67089594333e-10	-2.73037162657e-07
4.68296544189e-10	-8.15548997224e-08
4.69503494045e-10	1.14103787752e-07
4.70710443902e-10	2.87796893872e-07
4.71917393758e-10	4.1738309875e-07
4.73124343614e-10	4.848678401e-07
4.7433129347e-10	4.77677637889e-07
4.75538243326e-10	3.91939963151e-07
4.76745193182e-10	2.36393177033e-07
4.77952143039e-10	3.46877073731e-08
4.79159092895e-10	-1.76599460389e-07
4.80366042751e-10	-3.55598707813e-07
4.81572992607e-10	-4.6566398737e-07
4.82779942463e-10	-4.86104489994e-07
4.83986892319e-10	-4.17716591983e-07
4.85193842176e-10	-2.80844879796e-07
4.86400792032e-10	-1.07477781341e-07
4.87607741888e-10	6.95060125011e-08
4.88814691744e-10	2.24052886466e-07
4.900216416e-10	3.39350670231e-07
4.91228591456e-10	4.05158175454e-07
4.92435541312e-10	4.13737311078e-07
4.93642491169e-10	3.58896720343e-07
4.94849441025e-10	2.39666054114e-07
4.96056390881e-10	6.70467841246e-08
4.97263340737e-10	-1.32083769699e-07
4.98470290593e-10	-3.17184785104e-07
4.99677240449e-10	-4.4461310722e-07
5.00884190306e-10	-4.82243585509e-07
5.02091140162e-10	-4.21255116123e-07
5.03298090018e-10	-2.79571491291e-07
5.04505039874e-10	-9.46845499783e-08
5.0571198973e-10	9.0284553167e-08
5.06918939586e-10	2.40550743769e-07
5.08125889443e-10	3.37107472603e-07
5.09332839299e-10	3.75807964303e-07
5.10539789155e-10	3.60735938898e-07
5.11746739011e-10	2.97372821478e-07
5.12953688867e-10	1.90740053085e-07
5.14160638723e-10	4.87657842996e-08
5.15367588579e-10	-1.12214218362e-07
5.16574538436e-10	-2.64976335984e-07
5.17781488292e-10	-3.75927712071e-07
5.18988438148e-10	-4.15006184085e-07
5.20195388004e-10	-3.67527867695e-07
5.2140233786e-10	-2.41221965069e-07
5.22609287716e-10	-6.52496767728e-08
5.23816237573e-10	1.18863662024e-07
5.25023187429e-10	2.69958039922e-07
5.26230137285e-10	3.58664507871e-07
5.27437087141e-10	3.73278162158e-07
5.28644036997e-10	3.18942085187e-07
5.29850986853e-10	2.12884586404e-07
5.3105793671e-10	7.79814506302e-08
5.32264886566e-10	-6.20863254142e-08
5.33471836422e-10	-1.85651867213e-07
5.34678786278e-10	-2.74492265362e-07
5.35885736134e-10	-3.15000797002e-07
5.3709268599e-10	-3.00049080693e-07
5.38299635846e-10	-2.30919859234e-07
5.39506585703e-10	-1.18565640861e-07
5.40713535559e-10	1.70551746059e-08
5.41920485415e-10	1.5024735589e-07
5.43127435271e-10	2.54532469768e-07
5.44334385127e-10	3.08926622949e-07
5.45541334983e-10	3.02651628203e-07
5.4674828484e-10	2.37843078565e-07
5.47955234696e-10	1.28765671903e-07
5.49162184552e-10	-1.99099958742e-09
5.50369134408e-10	-1.28998575377e-07
5.51576084264e-10	-2.29382795425e-07
5.5278303412e-10	-2.86492095825e-07
5.53989983977e-10	-2.91630421145e-07
5.55196933833e-10	-2.43940995404e-07
5.56403883689e-10	-1.50020166956e-07
5.57610833545e-10	-2.38838593347e-08
5.58817783401e-10	1.13491351428e-07
5.60024733257e-10	2.35745311272e-07
5.61231683113e-10	3.15497636905e-07
5.6243863297e-10	3.31301002632e-07
5.63645582826e-10	2.74895068486e-07
5.64852532682e-10	1.56084137615e-07
5.66059482538e-10	1.75968672966e-09
5.67266432394e-10	-1.50890368644e-07
5.6847338225e-10	-2.65508390385e-07
5.69680332107e-10	-3.17113872939e-07
5.70887281963e-10	-2.98693052514e-07
5.72094231819e-10	-2.20899902814e-07
5.73301181675e-10	-1.06261788702e-07
5.74508131531e-10	1.8878338004e-08
5.75715081387e-10	1.31561547434e-07
5.76922031244e-10	2.15659010649e-07
5.781289811e-10	2.61838565052e-07
5.79335930956e-10	2.66066734866e-07
5.80542880812e-10	2.28069787056e-07
5.81749830668e-10	1.51794299796e-07
5.82956780524e-10	4.64096387987e-08
5.8416373038e-10	-7.27330178307e-08
5.85370680237e-10	-1.85193410829e-07
5.86577630093e-10	-2.69095156824e-07
5.87784579949e-10	-3.06016751495e-07
5.88991529805e-10	-2.86085153789e-07
5.90198479661e-10	-2.10887876051e-07
5.91405429517e-10	-9.38427220376e-08
5.92612379374e-10	4.26496074013e-08
5.9381932923e-10	1.71911310076e-07
5.95026279086e-10	2.68597048603e-07
5.96233228942e-10	3.13923578688e-07
5.97440178798e-10	2.99158621431e-07
5.98647128654e-10	2.2724044868e-07
5.99854078511e-10	1.11938701863e-07
6.01061028367e-10	-2.50706722049e-08
6.02267978223e-10	-1.58069713763e-07
6.03474928079e-10	-2.62331205647e-07
6.04681877935e-10	-3.1832863101e-07
6.05888827791e-10	-3.1544950474e-07
6.07095777647e-10	-2.54137493272e-07
6.08302727504e-10	-1.46045451288e-07
6.0950967736e-10	-1.21904597528e-08
6.10716627216e-10	1.21213625803e-07
6.11923577072e-10	2.28268987712e-07
6.13130526928e-10	2.89212540139e-07
6.14337476784e-10	2.94645921883e-07
6.15544426641e-10	2.46928017589e-07
6.16751376497e-10	1.58428292707e-07
6.17958326353e-10	4.73630370479e-08
6.19165276209e-10	-6.68179822583e-08
6.20372226065e-10	-1.66946740876e-07
6.21579175921e-10	-2.39647672373e-07
6.22786125778e-10	-2.75196136101e-07
6.23993075634e-10	-2.67773977214e-07
6.2520002549e-10	-2.15964853112e-07
6.26406975346e-10	-1.24994611994e-07
6.27613925202e-10	-8.10615818914e-09
6.28820875058e-10	1.13772042454e-07
6.30027824914e-10	2.15748293897e-07
6.31234774771e-10	2.75387797899e-07
6.32441724627e-10	2.79258586033e-07
6.33648674483e-10	2.27400949626e-07
6.34855624339e-10	1.33176271788e-07
6.36062574195e-10	1.88707462989e-08
6.37269524051e-10	-9.09490687206e-08
6.38476473908e-10	-1.76049816503e-07
6.39683423764e-10	-2.24038039676e-07
6.4089037362e-10	-2.3121855719e-07
6.42097323476e-10	-2.00724912247e-07
6.43304273332e-10	-1.40254822867e-07
6.44511223188e-10	-6.04812999683e-08
6.45718173045e-10	2.61300017179e-08
6.46925122901e-10	1.05842090647e-07
6.48132072757e-10	1.65555288589e-07
6.49339022613e-10	1.9490576264e-07
6.50545972469e-10	1.89039312204e-07
6.51752922325e-10	1.50080385453e-07
6.52959872181e-10	8.66547704703e-08
6.54166822038e-10	1.18827656603e-08
6.55373771894e-10	-6.0075867836e-08
6.5658072175e-10	-1.1701478364e-07
6.57787671606e-10	-1.50665385945e-07
6.58994621462e-10	-1.57640219101e-07
6.60201571318e-10	-1.38793174287e-07
6.61408521175e-10	-9.88707178351e-08
6.62615471031e-10	-4.52567876508e-08
6.63822420887e-10	1.28103305741e-08
6.65029370743e-10	6.56022010048e-08
6.66236320599e-10	1.04455155636e-07
6.67443270455e-10	1.23236418403e-07
6.68650220312e-10	1.19736435877e-07
6.69857170168e-10	9.58266763718e-08
6.71064120024e-10	5.7227494743e-08
6.7227106988e-10	1.20084067134e-08
6.73478019736e-10	-3.10639460821e-08
6.74684969592e-10	-6.43059614447e-08
6.75891919448e-10	-8.26094943562e-08
6.77098869305e-10	-8.42227336761e-08
6.78305819161e-10	-7.0902578031e-08
6.79512769017e-10	-4.7127666214e-08
6.80719718873e-10	-1.88447257798e-08
6.81926668729e-10	7.93694454604e-09
6.83133618585e-10	2.87244783514e-08
6.84340568442e-10	4.09612193053e-08
6.85547518298e-10	4.44517862519e-08
6.86754468154e-10	4.06407245634e-08
6.8796141801e-10	3.19232627e-08
6.89168367866e-10	2.09625099501e-08
6.90375317722e-10	1.00090431499e-08
6.91582267579e-10	6.85465531558e-10
6.92789217435e-10	-6.14757900141e-09
6.93996167291e-10	-1.0392257721e-08
6.95203117147e-10	-1.25511376847e-08
6.96410067003e-10	-1.33152369131e-08
6.97617016859e-10	-1.33981727934e-08
6.98823966715e-10	-1.3182940739e-08
7.00030916572e-10	-1.27199393241e-08
7.01237866428e-10	-1.19545298105e-08
7.02444816284e-10	-1.07980431263e-08
7.0365176614e-10	-9.19621157003e-09
7.04858715996e-10	-7.0274156494e-09
7.06065665852e-10	-3.73451430891e-09
7.07272615709e-10	1.37872990802e-09
7.08479565565e-10	8.93158336179e-09
7.09686515421e-10	1.85533113317e-08
7.10893465277e-10	2.8490752868e-08
7.12100415133e-10	3.56957836622e-08
7.13307364989e-10	3.69206190065e-08
7.14514314846e-10	3.02018117182e-08
7.15721264702e-10	1.61107007735e-08
7.16928214558e-10	-2.1276762574e-09
7.18135164414e-10	-1.98404901397e-08
7.1934211427e-10	-3.27188933724e-08
7.20549064126e-10	-3.8661029933e-08
7.21756013982e-10	-3.80811506773e-08
7.22962963839e-10	-3.30951319683e-08
7.24169913695e-10	-2.58363050953e-08
7.25376863551e-10	-1.69788505477e-08
7.26583813407e-10	-5.7989610891e-09
7.27790763263e-10	8.70103333828e-09
7.28997713119e-10	2.61259711642e-08
7.30204662976e-10	4.35280052002e-08
7.31411612832e-10	5.61058568493e-08
7.32618562688e-10	5.89425317443e-08
7.33825512544e-10	4.95056386995e-08
7.350324624e-10	2.89071189208e-08
7.36239412256e-10	1.76076006553e-09
7.37446362113e-10	-2.56625591888e-08
7.38653311969e-10	-4.76730130927e-08
7.39860261825e-10	-6.08389241208e-08
7.41067211681e-10	-6.42935997774e-08
7.42274161537e-10	-5.87938098207e-08
7.43481111393e-10	-4.56590898423e-08
7.44688061249e-10	-2.60517913908e-08
7.45895011106e-10	-1.28639865427e-09
7.47101960962e-10	2.62152495267e-08
7.48308910818e-10	5.24621324161e-08
7.49515860674e-10	7.21254886926e-08
7.5072281053e-10	7.99661705742e-08
7.51929760386e-10	7.27823561419e-08
7.53136710243e-10	5.08103745744e-08
7.54343660099e-10	1.81515167341e-08
7.55550609955e-10	-1.83493598094e-08
7.56757559811e-10	-5.10257498476e-08
7.57964509667e-10	-7.35680911745e-08
7.59171459523e-10	-8.24189978488e-08
7.6037840938e-10	-7.73012214239e-08
7.61585359236e-10	-6.05244565577e-08
7.62792309092e-10	-3.58726692795e-08
7.63999258948e-10	-7.4682594553e-09
7.65206208804e-10	2.09611941138e-08
7.6641315866e-10	4.62526914546e-08
7.67620108516e-10	6.55784750947e-08
7.68827058373e-10	7.62749792216e-08
7.70034008229e-10	7.59657794447e-08
7.71240958085e-10	6.32440810833e-08
7.72447907941e-10	3.85713994078e-08
7.73654857797e-10	5.02919794698e-09
7.74861807653e-10	-3.16739008355e-08
7.7606875751e-10	-6.42659436778e-08
7.77275707366e-10	-8.56666595439e-08
7.78482657222e-10	-9.11170214835e-08
7.79689607078e-10	-7.9548005516e-08
7.80896556934e-10	-5.38052606913e-08
7.8210350679e-10	-1.96535410169e-08
7.83310456647e-10	1.60796032045e-08
7.84517406503e-10	4.72970969057e-08
7.85724356359e-10	6.95874229351e-08
7.86931306215e-10	8.05576458873e-08
7.88138256071e-10	7.92424508234e-08
7.89345205927e-10	6.57579626306e-08
7.90552155783e-10	4.13402219124e-08
7.9175910564e-10	8.80429795735e-09
7.92966055496e-10	-2.70989910511e-08
7.94173005352e-10	-5.98238374394e-08
7.95379955208e-10	-8.23830692553e-08
7.96586905064e-10	-8.9250457691e-08
7.9779385492e-10	-7.83034295182e-08
7.99000804777e-10	-5.1869104567e-08
8.00207754633e-10	-1.61535305132e-08
8.01414704489e-10	2.05491583749e-08
8.02621654345e-10	5.04046369088e-08
8.03828604201e-10	6.8176196244e-08
8.05035554057e-10	7.21167952022e-08
8.06242503914e-10	6.36648413987e-08
8.0744945377e-10	4.61508857796e-08
8.08656403626e-10	2.33582069242e-08
8.09863353482e-10	-1.24691287851e-09
8.11070303338e-10	-2.47393567854e-08
8.12277253194e-10	-4.43078995715e-08
8.1348420305e-10	-5.71162495078e-08
8.14691152907e-10	-6.05692962452e-08
8.15898102763e-10	-5.32073585191e-08
8.17105052619e-10	-3.56338287766e-08
8.18312002475e-10	-1.10581119817e-08
8.19518952331e-10	1.53125476743e-08
8.20725902187e-10	3.7640345063e-08
8.21932852044e-10	5.12156397292e-08
8.231398019e-10	5.38940705397e-08
8.24346751756e-10	4.63313964971e-08
8.25553701612e-10	3.13707251287e-08
8.26760651468e-10	1.27330992417e-08
8.27967601324e-10	-6.23590123983e-09
8.29174551181e-10	-2.29207701707e-08
8.30381501037e-10	-3.54530564906e-08
8.31588450893e-10	-4.21595540701e-08
8.32795400749e-10	-4.15008676313e-08
8.34002350605e-10	-3.26782143567e-08
8.35209300461e-10	-1.64187274887e-08
8.36416250317e-10	4.25299706563e-09
8.37623200174e-10	2.44191173948e-08
8.3883015003e-10	3.85505174449e-08
8.40037099886e-10	4.26715569546e-08
8.41244049742e-10	3.58585485749e-08
8.42450999598e-10	2.07600177049e-08
8.43657949454e-10	2.44649506209e-09
8.44864899311e-10	-1.37351801044e-08
8.46071849167e-10	-2.40947954921e-08
8.47278799023e-10	-2.76662937004e-08
8.48485748879e-10	-2.5668902115e-08
8.49692698735e-10	-2.00828433883e-08
8.50899648591e-10	-1.24033339155e-08
8.52106598448e-10	-3.02684927123e-09
8.53313548304e-10	7.91892151852e-09
8.5452049816e-10	1.95110292367e-08
8.55727448016e-10	2.92990760542e-08
8.56934397872e-10	3.37523533567e-08
8.58141347728e-10	2.99350726429e-08
8.59348297584e-10	1.72225800288e-08
8.60555247441e-10	-1.62170679663e-09
8.61762197297e-10	-2.11932662531e-08
8.62969147153e-10	-3.54799887248e-08
8.64176097009e-10	-4.03202511379e-08
8.65383046865e-10	-3.49710140846e-08
8.66589996721e-10	-2.20185825128e-08
8.67796946578e-10	-5.77323633344e-09
8.69003896434e-10	9.79949699165e-09
8.7021084629e-10	2.24306773156e-08
8.71417796146e-10	3.15143013907e-08
8.72624746002e-10	3.70274229056e-08
8.73831695858e-10	3.82476441629e-08
8.75038645715e-10	3.35798335804e-08
8.76245595571e-10	2.14388564679e-08
8.77452545427e-10	2.02951766504e-09
8.78659495283e-10	-2.14493787176e-08
8.79866445139e-10	-4.31220117392e-08
8.81073394995e-10	-5.6363801626e-08
8.82280344851e-10	-5.6534801729e-08
8.83487294708e-10	-4.31396189882e-08
8.84694244564e-10	-2.00438572406e-08
8.8590119442e-10	6.17456474838e-09
8.87108144276e-10	2.89648180996e-08
8.88315094132e-10	4.42005374524e-08
8.89522043988e-10	5.0868162127e-08
8.90728993845e-10	5.0198209145e-08
8.91935943701e-10	4.37451648239e-08
8.93142893557e-10	3.21638755629e-08
8.94349843413e-10	1.51471182264e-08
8.95556793269e-10	-7.17513992665e-09
8.96763743125e-10	-3.25880362695e-08
8.97970692982e-10	-5.61533770593e-08
8.99177642838e-10	-7.12776957457e-08
9.00384592694e-10	-7.21859700903e-08
9.0159154255e-10	-5.66424116499e-08
9.02798492406e-10	-2.7327581531e-08
9.04005442262e-10	8.75478367579e-09
9.05212392118e-10	4.27072768261e-08
9.06419341975e-10	6.67564963308e-08
9.07626291831e-10	7.65449517104e-08
9.08833241687e-10	7.16725088168e-08
9.10040191543e-10	5.48128067379e-08
9.11247141399e-10	3.00319089597e-08
9.12454091255e-10	1.36828756658e-09
9.13661041112e-10	-2.75008753547e-08
9.14867990968e-10	-5.30603951887e-08
9.16074940824e-10	-7.1520162237e-08
9.1728189068e-10	-7.90226906133e-08
9.18488840536e-10	-7.27287847724e-08
9.19695790392e-10	-5.2156939212e-08
9.20902740249e-10	-2.02101428926e-08
9.22109690105e-10	1.69768683556e-08
9.23316639961e-10	5.15502422971e-08
9.24523589817e-10	7.59879288381e-08
9.25730539673e-10	8.5339728173e-08
9.26937489529e-10	7.82714160152e-08
9.28144439385e-10	5.70563258862e-08
9.29351389242e-10	2.64594302024e-08
9.30558339098e-10	-7.69072516782e-09
9.31765288954e-10	-3.97887678361e-08
9.3297223881e-10	-6.50742562058e-08
9.34179188666e-10	-7.99288351061e-08
9.35386138522e-10	-8.19923204887e-08
9.36593088379e-10	-7.03772222721e-08
9.37800038235e-10	-4.61642519767e-08
9.39006988091e-10	-1.26783601395e-08
9.40213937947e-10	2.45529312437e-08
9.41420887803e-10	5.85925983287e-08
9.42627837659e-10	8.25299082408e-08
9.43834787516e-10	9.11026756256e-08
9.45041737372e-10	8.21242789328e-08
9.46248687228e-10	5.71449145781e-08
9.47455637084e-10	2.11006301321e-08
9.4866258694e-10	-1.87823654407e-08
9.49869536796e-10	-5.47108127691e-08
9.51076486652e-10	-7.99256696382e-08
9.52283436509e-10	-9.00107579582e-08
9.53490386365e-10	-8.35343634265e-08
9.54697336221e-10	-6.21274001134e-08
9.55904286077e-10	-2.9909988708e-08
9.57111235933e-10	7.27055637917e-09
9.58318185789e-10	4.28582707102e-08
9.59525135646e-10	7.06662737215e-08
9.60732085502e-10	8.57881534699e-08
9.61939035358e-10	8.54695390018e-08
9.63145985214e-10	6.96463651195e-08
9.6435293507e-10	4.10149132435e-08
9.65559884926e-10	4.74956762808e-09
9.66766834783e-10	-3.24671534102e-08
9.67973784639e-10	-6.36462011983e-08
9.69180734495e-10	-8.28879578307e-08
9.70387684351e-10	-8.66153939683e-08
9.71594634207e-10	-7.422478987e-08
9.72801584063e-10	-4.82388946565e-08
9.7400853392e-10	-1.36455575728e-08
9.75215483776e-10	2.30773071763e-08
9.76422433632e-10	5.52882628568e-08
9.77629383488e-10	7.73041914925e-08
9.78836333344e-10	8.53359480857e-08
9.800432832e-10	7.80445272852e-08
9.81250233056e-10	5.66905038468e-08
9.82457182913e-10	2.49569303001e-08
9.83664132769e-10	-1.15465395023e-08
9.84871082625e-10	-4.62056926054e-08
9.86078032481e-10	-7.24624698023e-08
9.87284982337e-10	-8.51867962837e-08
9.88491932193e-10	-8.17162959521e-08
9.8969888205e-10	-6.26144682769e-08
9.90905831906e-10	-3.163172968e-08
9.92112781762e-10	5.14189191225e-09
9.93319731618e-10	4.04989908276e-08
9.94526681474e-10	6.78107614505e-08
9.9573363133e-10	8.22157577574e-08
9.96940581187e-10	8.14548748451e-08
9.98147531043e-10	6.60794965412e-08
9.99354480899e-10	3.90323231514e-08
1.00056143075e-09	5.1574186033e-09
1.00176838061e-09	-2.96616327056e-08
1.00297533047e-09	-5.92680349243e-08
1.00418228032e-09	-7.82022180346e-08
1.00538923018e-09	-8.27210477894e-08
1.00659618004e-09	-7.16023187408e-08
1.00780312989e-09	-4.67832670381e-08
1.00901007975e-09	-1.2978194297e-08
1.0102170296e-09	2.30720109684e-08
1.01142397946e-09	5.42713047835e-08
1.01263092932e-09	7.47151478464e-08
1.01383787917e-09	8.09057763007e-08
1.01504482903e-09	7.23523321255e-08
1.01625177889e-09	5.11862809915e-08
1.01745872874e-09	2.153773071e-08
1.0186656786e-09	-1.14404328233e-08
1.01987262845e-09	-4.23190620324e-08
1.02107957831e-09	-6.59508936351e-08
1.02228652817e-09	-7.81826301477e-08
1.02349347802e-09	-7.63914194124e-08
1.02470042788e-09	-6.03462915194e-08
1.02590737773e-09	-3.25729727635e-08
1.02711432759e-09	1.78431880382e-09
1.02832127745e-09	3.58329410588e-08
1.0295282273e-09	6.26737488574e-08
1.03073517716e-09	7.6968923679e-08
1.03194212702e-09	7.6340302968e-08
1.03314907687e-09	6.16495698935e-08
1.03435602673e-09	3.64489096683e-08
1.03556297658e-09	5.82864922993e-09
1.03676992644e-09	-2.48229516941e-08
1.0379768763e-09	-5.06403212697e-08
1.03918382615e-09	-6.77617819633e-08
1.04039077601e-09	-7.3499247577e-08
1.04159772586e-09	-6.66033210805e-08
1.04280467572e-09	-4.77155461809e-08
1.04401162558e-09	-1.96220253379e-08
1.04521857543e-09	1.26841592785e-08
1.04642552529e-09	4.29202833274e-08
1.04763247515e-09	6.48253211111e-08
1.048839425e-09	7.38424201785e-08
1.05004637486e-09	6.8407291387e-08
1.05125332471e-09	5.01488983673e-08
1.05246027457e-09	2.33877144318e-08
1.05366722443e-09	-6.32854002536e-09
1.05487417428e-09	-3.35538983265e-08
1.05608112414e-09	-5.39495488283e-08
1.05728807399e-09	-6.47404396759e-08
1.05849502385e-09	-6.46393800707e-08
1.05970197371e-09	-5.38050182186e-08
1.06090892356e-09	-3.38000702982e-08
1.06211587342e-09	-7.68051744426e-09
1.06332282328e-09	2.01196610483e-08
1.06452977313e-09	4.44392833643e-08
1.06573672299e-09	6.03608540928e-08
1.06694367284e-09	6.45921893749e-08
1.0681506227e-09	5.63307516188e-08
1.06935757256e-09	3.75951705323e-08
1.07056452241e-09	1.25763444103e-08
1.07177147227e-09	-1.354554513e-08
1.07297842212e-09	-3.58929099775e-08
1.07418537198e-09	-5.0901316051e-08
1.07539232184e-09	-5.66581208616e-08
1.07659927169e-09	-5.28614689799e-08
1.07780622155e-09	-4.05270164094e-08
1.07901317141e-09	-2.16783515583e-08
1.08022012126e-09	7.21020076977e-10
1.08142707112e-09	2.30319172623e-08
1.08263402097e-09	4.13133856014e-08
1.08384097083e-09	5.20292644524e-08
1.08504792069e-09	5.29579651243e-08
1.08625487054e-09	4.38239879941e-08
1.0874618204e-09	2.65903334906e-08
1.08866877025e-09	4.89389484493e-09
1.08987572011e-09	-1.6786893875e-08
1.09108266997e-09	-3.43590138563e-08
1.09228961982e-09	-4.49082104836e-08
1.09349656968e-09	-4.71244741007e-08
1.09470351954e-09	-4.12496525826e-08
1.09591046939e-09	-2.86814545447e-08
1.09711741925e-09	-1.16428611197e-08
1.0983243691e-09	7.10708769613e-09
1.09953131896e-09	2.45267566257e-08
1.10073826882e-09	3.75460347257e-08
1.10194521867e-09	4.36404112847e-08
1.10315216853e-09	4.14145153727e-08
1.10435911838e-09	3.11687049503e-08
1.10556606824e-09	1.50216314942e-08
1.1067730181e-09	-3.51942575083e-09
1.10797996795e-09	-2.04448182828e-08
1.10918691781e-09	-3.23716187189e-08
1.11039386767e-09	-3.73064654724e-08
1.11160081752e-09	-3.50414475214e-08
1.11280776738e-09	-2.68129163317e-08
1.11401471723e-09	-1.47241452364e-08
1.11522166709e-09	-1.1031497521e-09
1.11642861695e-09	1.19509726559e-08
1.1176355668e-09	2.26317342644e-08
1.11884251666e-09	2.94610811302e-08
1.12004946651e-09	3.13255950068e-08
1.12125641637e-09	2.76752145645e-08
1.12246336623e-09	1.89244016013e-08
1.12367031608e-09	6.54618759199e-09
1.12487726594e-09	-6.97454061171e-09
1.1260842158e-09	-1.87885698111e-08
1.12729116565e-09	-2.64142183681e-08
1.12849811551e-09	-2.84471655121e-08
1.12970506536e-09	-2.49020710719e-08
1.13091201522e-09	-1.69895482127e-08
1.13211896508e-09	-6.65334320971e-09
1.13332591493e-09	4.09830902548e-09
1.13453286479e-09	1.35564262038e-08
1.13573981464e-09	2.04629420075e-08
1.1369467645e-09	2.39438793237e-08
1.13815371436e-09	2.34401662524e-08
1.13936066421e-09	1.88178161942e-08
1.14056761407e-09	1.05763280356e-08
1.14177456393e-09	2.19690793335e-11
1.14298151378e-09	-1.07626301205e-08
1.14418846364e-09	-1.9412724761e-08
1.14539541349e-09	-2.38541653097e-08
1.14660236335e-09	-2.30644356947e-08
1.14780931321e-09	-1.73370700018e-08
1.14901626306e-09	-8.22997259231e-09
1.15022321292e-09	1.97746458097e-09
1.15143016277e-09	1.10023332667e-08
1.15263711263e-09	1.71344318733e-08
1.15384406249e-09	1.95677580805e-08
1.15505101234e-09	1.83305370882e-08
1.1562579622e-09	1.40592100184e-08
1.15746491206e-09	7.72539510141e-09
1.15867186191e-09	3.97217508885e-10
1.15987881177e-09	-6.77887179723e-09
1.16108576162e-09	-1.268642702e-08
1.16229271148e-09	-1.62979456597e-08
1.16349966134e-09	-1.6867075292e-08
1.16470661119e-09	-1.42010461168e-08
1.16591356105e-09	-8.73485750397e-09
1.1671205109e-09	-1.60900706647e-09
1.16832746076e-09	5.65851077106e-09
1.16953441062e-09	1.15023823799e-08
1.17074136047e-09	1.47540006878e-08
1.17194831033e-09	1.49170733543e-08
1.17315526019e-09	1.22282468595e-08
1.17436221004e-09	7.50580453346e-09
1.1755691599e-09	1.84393070257e-09
1.17677610975e-09	-3.672289417e-09
1.17798305961e-09	-8.19452417034e-09
1.17919000947e-09	-1.11765174893e-08
1.18039695932e-09	-1.2297568297e-08
1.18160390918e-09	-1.14634988169e-08
1.18281085903e-09	-8.73256444933e-09
1.18401780889e-09	-4.4112235531e-09
1.18522475875e-09	8.69128324865e-10
1.1864317086e-09	6.17643614031e-09
1.18763865846e-09	1.0370727388e-08
1.18884560832e-09	1.24390753253e-08
1.19005255817e-09	1.17877609895e-08
1.19125950803e-09	8.51883152908e-09
1.19246645788e-09	3.44411804631e-09
1.19367340774e-09	-2.1447546239e-09
1.1948803576e-09	-6.86312351394e-09
1.19608730745e-09	-9.68320956751e-09
1.19729425731e-09	-1.0190323918e-08
1.19850120716e-09	-8.5986567866e-09
1.19970815702e-09	-5.60288482276e-09
1.20091510688e-09	-2.01267882916e-09
1.20212205673e-09	1.42504774647e-09
1.20332900659e-09	4.23559859408e-09
1.20453595645e-09	6.11146044882e-09
1.2057429063e-09	6.89370893703e-09
1.20694985616e-09	6.48332165731e-09
1.20815680601e-09	4.85317208643e-09
1.20936375587e-09	2.1971583164e-09
1.21057070573e-09	-1.04564162884e-09
1.21177765558e-09	-4.15134643328e-09
1.21298460544e-09	-6.29746144121e-09
1.21419155529e-09	-6.84016765451e-09
1.21539850515e-09	-5.54136925235e-09
1.21660545501e-09	-2.75742306766e-09
1.21781240486e-09	6.79263673087e-10
1.21901935472e-09	3.70932984328e-09
1.22022630458e-09	5.42849087903e-09
1.22143325443e-09	5.4173006081e-09
1.22264020429e-09	3.83367099177e-09
1.22384715414e-09	1.35069866403e-09
1.225054104e-09	-1.2230741836e-09
1.22626105386e-09	-3.17706760899e-09
1.22746800371e-09	-4.19431434029e-09
1.22867495357e-09	-4.31206148566e-09
1.22988190342e-09	-3.73699704515e-09
1.23108885328e-09	-2.68351074695e-09
1.23229580314e-09	-1.19567117318e-09
1.23350275299e-09	7.51690265588e-10
1.23470970285e-09	3.05757358321e-09
1.23591665271e-09	5.3517439369e-09
1.23712360256e-09	6.92031332239e-09
1.23833055242e-09	7.00755042882e-09
1.23953750227e-09	5.12973519218e-09
1.24074445213e-09	1.45407180741e-09
1.24195140199e-09	-3.14580839156e-09
1.24315835184e-09	-7.35318539391e-09
1.2443653017e-09	-9.87242998463e-09
1.24557225156e-09	-9.99019977854e-09
1.24677920141e-09	-7.75126673958e-09
1.24798615127e-09	-3.93028376511e-09
1.24919310112e-09	4.15136307275e-10
1.25040005098e-09	4.36117664204e-09
1.25160700084e-09	7.37042216148e-09
1.25281395069e-09	9.299415904e-09
1.25402090055e-09	1.01086934379e-08
1.2552278504e-09	9.66634305932e-09
1.25643480026e-09	7.70513863824e-09
1.25764175012e-09	4.00412414336e-09
1.25884869997e-09	-1.20558307781e-09
1.26005564983e-09	-7.10421810268e-09
1.26126259969e-09	-1.22819543424e-08
1.26246954954e-09	-1.523664106e-08
1.2636764994e-09	-1.49008567707e-08
1.26488344925e-09	-1.11069835551e-08
1.26609039911e-09	-4.7232613376e-09
1.26729734897e-09	2.69660488383e-09
1.26850429882e-09	9.396646794e-09
1.26971124868e-09	1.40148130878e-08
1.27091819853e-09	1.58606594525e-08
1.27212514839e-09	1.49188128518e-08
1.27333209825e-09	1.1646462017e-08
1.2745390481e-09	6.66962718388e-09
1.27574599796e-09	6.87488718731e-10
1.27695294782e-09	-5.57865975637e-09
1.27815989767e-09	-1.12930973462e-08
1.27936684753e-09	-1.54682631148e-08
1.28057379738e-09	-1.71880767397e-08
1.28178074724e-09	-1.57891191233e-08
1.2829876971e-09	-1.12470388558e-08
1.28419464695e-09	-4.24887336425e-09
1.28540159681e-09	3.85406279113e-09
1.28660854666e-09	1.13780076472e-08
1.28781549652e-09	1.67610687551e-08
1.28902244638e-09	1.89251379012e-08
1.29022939623e-09	1.75293517479e-08
1.29143634609e-09	1.29583312969e-08
1.29264329595e-09	6.17299233951e-09
1.2938502458e-09	-1.53128745795e-09
1.29505719566e-09	-8.82197626062e-09
1.29626414551e-09	-1.44754279674e-08
1.29747109537e-09	-1.7603614344e-08
1.29867804523e-09	-1.77112950972e-08
1.29988499508e-09	-1.47745231605e-08
1.30109194494e-09	-9.28058097038e-09
1.30229889479e-09	-2.11866180155e-09
1.30350584465e-09	5.47157252839e-09
1.30471279451e-09	1.21753855886e-08
1.30591974436e-09	1.67542724139e-08
1.30712669422e-09	1.83433908063e-08
1.30833364408e-09	1.65885005732e-08
1.30954059393e-09	1.17523901721e-08
1.31074754379e-09	4.7248871482e-09
1.31195449364e-09	-3.16997267324e-09
1.3131614435e-09	-1.03873460944e-08
1.31436839336e-09	-1.55073669461e-08
1.31557534321e-09	-1.75730767715e-08
1.31678229307e-09	-1.62545323867e-08
1.31798924292e-09	-1.19757714856e-08
1.31919619278e-09	-5.70794811416e-09
1.32040314264e-09	1.24953536407e-09
1.32161009249e-09	7.61063001509e-09
1.32281704235e-09	1.23516055162e-08
1.32402399221e-09	1.48135725908e-08
1.32523094206e-09	1.47567777997e-08
1.32643789192e-09	1.22470786845e-08
1.32764484177e-09	7.66685548381e-09
1.32885179163e-09	1.67488939384e-09
1.33005874149e-09	-4.77460426751e-09
1.33126569134e-09	-1.05043966858e-08
1.3324726412e-09	-1.43080982618e-08
1.33367959105e-09	-1.52379446838e-08
1.33488654091e-09	-1.29502693014e-08
1.33609349077e-09	-7.88714837885e-09
1.33730044062e-09	-1.21165244504e-09
1.33850739048e-09	5.45685918674e-09
1.33971434034e-09	1.05887179025e-08
1.34092129019e-09	1.31086952404e-08
1.34212824005e-09	1.27158368279e-08
1.3433351899e-09	9.82071202138e-09
1.34454213976e-09	5.29134691618e-09
1.34574908962e-09	1.62567830725e-10
1.34695603947e-09	-4.6626732475e-09
1.34816298933e-09	-8.47877446031e-09
1.34936993918e-09	-1.07682440742e-08
1.35057688904e-09	-1.11673974512e-08
1.3517838389e-09	-9.4823047192e-09
1.35299078875e-09	-5.82251569181e-09
1.35419773861e-09	-7.28643742565e-10
1.35540468847e-09	4.80484252385e-09
1.35661163832e-09	9.5037699932e-09
1.35781858818e-09	1.21630674421e-08
1.35902553803e-09	1.20240877255e-08
1.36023248789e-09	9.07747921275e-09
1.36143943775e-09	4.02468847138e-09
1.3626463876e-09	-1.88404059021e-09
1.36385333746e-09	-7.30262372794e-09
1.36506028731e-09	-1.11042381956e-08
1.36626723717e-09	-1.26185781824e-08
1.36747418703e-09	-1.16927347804e-08
1.36868113688e-09	-8.56287762918e-09
1.36988808674e-09	-3.77898307091e-09
1.3710950366e-09	1.89704366105e-09
1.37230198645e-09	7.54249196433e-09
1.37350893631e-09	1.21148875376e-08
1.37471588616e-09	1.46376106791e-08
1.37592283602e-09	1.43762752813e-08
1.37712978588e-09	1.11212161702e-08
1.37833673573e-09	5.30622801254e-09
1.37954368559e-09	-2.00766447911e-09
1.38075063544e-09	-9.33148514015e-09
1.3819575853e-09	-1.5124755226e-08
1.38316453516e-09	-1.81055659354e-08
1.38437148501e-09	-1.75838283933e-08
1.38557843487e-09	-1.35527900014e-08
1.38678538473e-09	-6.70813771197e-09
1.38799233458e-09	1.70576927583e-09
1.38919928444e-09	1.01114128181e-08
1.39040623429e-09	1.6882442111e-08
1.39161318415e-09	2.06601473707e-08
1.39282013401e-09	2.06224664012e-08
1.39402708386e-09	1.66711602301e-08
1.39523403372e-09	9.49002609829e-09
1.39644098357e-09	3.68919311766e-10
1.39764793343e-09	-9.01672514431e-09
1.39885488329e-09	-1.69801823713e-08
1.40006183314e-09	-2.20955116426e-08
1.401268783e-09	-2.34258989984e-08
1.40247573286e-09	-2.06479717768e-08
1.40368268271e-09	-1.40786382552e-08
1.40488963257e-09	-4.69111349766e-09
1.40609658242e-09	6.00332306089e-09
1.40730353228e-09	1.61103663743e-08
1.40851048214e-09	2.36775181683e-08
1.40971743199e-09	2.71036189048e-08
1.41092438185e-09	2.55205674371e-08
1.4121313317e-09	1.90822118107e-08
1.41333828156e-09	8.95417928692e-09
1.41454523142e-09	-2.93759594427e-09
1.41575218127e-09	-1.43390008756e-08
1.41695913113e-09	-2.31970984643e-08
1.41816608099e-09	-2.79944214476e-08
1.41937303084e-09	-2.79887339971e-08
1.4205799807e-09	-2.32087518093e-08
1.42178693055e-09	-1.43959024701e-08
1.42299388041e-09	-2.88780593882e-09
1.42420083027e-09	9.51036893682e-09
1.42540778012e-09	2.07011412456e-08
1.42661472998e-09	2.86076704548e-08
1.42782167983e-09	3.15651140781e-08
1.42902862969e-09	2.87462031956e-08
1.43023557955e-09	2.04790575609e-08
1.4314425294e-09	8.23748991241e-09
1.43264947926e-09	-5.61248547637e-09
1.43385642912e-09	-1.83890884742e-08
1.43506337897e-09	-2.7705224781e-08
1.43627032883e-09	-3.19466262333e-08
1.43747727868e-09	-3.05517748878e-08
1.43868422854e-09	-2.39424062798e-08
1.4398911784e-09	-1.33591866458e-08
1.44109812825e-09	-5.55617399312e-10
1.44230507811e-09	1.24238439536e-08
1.44351202796e-09	2.34853514414e-08
1.44471897782e-09	3.07287706391e-08
1.44592592768e-09	3.2739639888e-08
1.44713287753e-09	2.89275328136e-08
1.44833982739e-09	1.97694038917e-08
1.44954677725e-09	6.84024448194e-09
1.4507537271e-09	-7.42779515672e-09
1.45196067696e-09	-2.02915280134e-08
1.45316762681e-09	-2.92943402869e-08
1.45437457667e-09	-3.28494276225e-08
1.45558152653e-09	-3.04973797327e-08
1.45678847638e-09	-2.28946301917e-08
1.45799542624e-09	-1.15574254611e-08
1.4592023761e-09	1.52282819688e-09
1.46040932595e-09	1.42041056694e-08
1.46161627581e-09	2.44682820671e-08
1.46282322566e-09	3.06308578502e-08
1.46403017552e-09	3.15588035704e-08
1.46523712538e-09	2.69159698973e-08
1.46644407523e-09	1.73385308333e-08
1.46765102509e-09	4.47003356552e-09
1.46885797494e-09	-9.27765930747e-09
1.4700649248e-09	-2.1227913205e-08
1.47127187466e-09	-2.90502115696e-08
1.47247882451e-09	-3.13307202404e-08
1.47368577437e-09	-2.78425646982e-08
1.47489272423e-09	-1.95191454111e-08
1.47609967408e-09	-8.09765532406e-09
1.47730662394e-09	4.30325147738e-09
1.47851357379e-09	1.56112343053e-08
1.47972052365e-09	2.40654136618e-08
1.48092747351e-09	2.83726380168e-08
1.48213442336e-09	2.78270650966e-08
1.48334137322e-09	2.2426542845e-08
1.48454832307e-09	1.29671478e-08
1.48575527293e-09	1.0614477769e-09
1.48696222279e-09	-1.10926592356e-08
1.48816917264e-09	-2.11194954858e-08
1.4893761225e-09	-2.70229740806e-08
1.49058307236e-09	-2.76994329695e-08
1.49179002221e-09	-2.31694952113e-08
1.49299697207e-09	-1.45429099874e-08
1.49420392192e-09	-3.64504770811e-09
1.49541087178e-09	7.43642014633e-09
1.49661782164e-09	1.67929616879e-08
1.49782477149e-09	2.29657812767e-08
1.49903172135e-09	2.50703520166e-08
1.5002386712e-09	2.28328178586e-08
1.50144562106e-09	1.6605803177e-08
1.50265257092e-09	7.37963701258e-09
1.50385952077e-09	-3.26808180517e-09
1.50506647063e-09	-1.33797644075e-08
1.50627342049e-09	-2.09586383804e-08
1.50748037034e-09	-2.44544113848e-08
1.5086873202e-09	-2.31507732984e-08
1.50989427005e-09	-1.7385377582e-08
1.51110121991e-09	-8.43888681157e-09
1.51230816977e-09	1.79386350219e-09
1.51351511962e-09	1.12990863332e-08
1.51472206948e-09	1.83728707803e-08
1.51592901933e-09	2.18901110571e-08
1.51713596919e-09	2.14185891245e-08
1.51834291905e-09	1.71683309791e-08
1.5195498689e-09	9.91525572758e-09
1.52075681876e-09	8.93834645188e-10
1.52196376862e-09	-8.33221314167e-09
1.52317071847e-09	-1.60789068726e-08
1.52437766833e-09	-2.08294106407e-08
1.52558461818e-09	-2.15848019458e-08
1.52679156804e-09	-1.81295114476e-08
1.5279985179e-09	-1.11457629792e-08
1.52920546775e-09	-2.06541050929e-09
1.53041241761e-09	7.2645635063e-09
1.53161936746e-09	1.50236518781e-08
1.53282631732e-09	1.97975587035e-08
1.53403326718e-09	2.08284589576e-08
1.53524021703e-09	1.80529438065e-08
1.53644716689e-09	1.20532297476e-08
1.53765411675e-09	3.89659154942e-09
1.5388610666e-09	-5.01106300899e-09
1.54006801646e-09	-1.31064668007e-08
1.54127496631e-09	-1.88976683191e-08
1.54248191617e-09	-2.12166439972e-08
1.54368886603e-09	-1.95064888686e-08
1.54489581588e-09	-1.39988511894e-08
1.54610276574e-09	-5.72671754462e-09
1.54730971559e-09	3.67298208515e-09
1.54851666545e-09	1.23357775106e-08
1.54972361531e-09	1.85959398991e-08
1.55093056516e-09	2.13287503215e-08
1.55213751502e-09	2.01422269974e-08
1.55334446488e-09	1.53536183767e-08
1.55455141473e-09	7.86907627948e-09
1.55575836459e-09	-1.01918534723e-09
1.55696531444e-09	-9.8121937242e-09
1.5581722643e-09	-1.70100662444e-08
1.55937921416e-09	-2.12919135656e-08
1.56058616401e-09	-2.17662274871e-08
1.56179311387e-09	-1.81892740869e-08
1.56300006372e-09	-1.10953397581e-08
1.56420701358e-09	-1.77193948403e-09
1.56541396344e-09	7.97833332733e-09
1.56662091329e-09	1.62472604259e-08
1.56782786315e-09	2.14394657583e-08
1.56903481301e-09	2.26406706716e-08
1.57024176286e-09	1.97441525351e-08
1.57144871272e-09	1.33995421425e-08
1.57265566257e-09	4.81130213448e-09
1.57386261243e-09	-4.54102755398e-09
1.57506956229e-09	-1.31112678492e-08
1.57627651214e-09	-1.95049856266e-08
1.577483462e-09	-2.26184750929e-08
1.57869041185e-09	-2.18262976581e-08
1.57989736171e-09	-1.71194873833e-08
1.58110431157e-09	-9.20709353203e-09
1.58231126142e-09	5.31822433314e-10
1.58351821128e-09	1.02842050431e-08
1.58472516114e-09	1.81719976844e-08
1.58593211099e-09	2.2680945122e-08
1.58713906085e-09	2.30126668832e-08
1.5883460107e-09	1.92105304997e-08
1.58955296056e-09	1.21154266619e-08
1.59075991042e-09	3.08702646779e-09
1.59196686027e-09	-6.27415441823e-09
1.59317381013e-09	-1.44309766359e-08
1.59438075998e-09	-2.01097241082e-08
1.59558770984e-09	-2.24222191925e-08
1.5967946597e-09	-2.09830228748e-08
1.59800160955e-09	-1.59592923321e-08
1.59920855941e-09	-8.12261957694e-09
1.60041550927e-09	1.22033519401e-09
1.60162245912e-09	1.04152682034e-08
1.60282940898e-09	1.77625356645e-08
1.60403635883e-09	2.18881663905e-08
1.60524330869e-09	2.20510218973e-08
1.60645025855e-09	1.8292852122e-08
1.6076572084e-09	1.14094036441e-08
1.60886415826e-09	2.72447792105e-09
1.61007110811e-09	-6.19065865237e-09
1.61127805797e-09	-1.38386881954e-08
1.61248500783e-09	-1.90041138382e-08
1.61369195768e-09	-2.09188466549e-08
1.61489890754e-09	-1.93326155085e-08
1.6161058574e-09	-1.45307310628e-08
1.61731280725e-09	-7.31758020844e-09
1.61851975711e-09	1.08967281032e-09
1.61972670696e-09	9.24269616398e-09
1.62093365682e-09	1.56974666599e-08
1.62214060668e-09	1.93228038015e-08
1.62334755653e-09	1.95024361105e-08
1.62455450639e-09	1.6281688664e-08
1.62576145624e-09	1.03286859066e-08
1.6269684061e-09	2.77952394434e-09
1.62817535596e-09	-4.99701435785e-09
1.62938230581e-09	-1.16732079558e-08
1.63058925567e-09	-1.61590378855e-08
1.63179620553e-09	-1.77955066238e-08
1.63300315538e-09	-1.64016582538e-08
1.63421010524e-09	-1.23048125023e-08
1.63541705509e-09	-6.27636065342e-09
1.63662400495e-09	6.14720344072e-10
1.63783095481e-09	7.17129977623e-09
1.63903790466e-09	1.22856462781e-08
1.64024485452e-09	1.5143328369e-08
1.64145180437e-09	1.53408679093e-08
1.64265875423e-09	1.29647417246e-08
1.64386570409e-09	8.51457127027e-09
1.64507265394e-09	2.82788309436e-09
1.6462796038e-09	-3.10388431624e-09
1.64748655366e-09	-8.28409096876e-09
1.64869350351e-09	-1.18700029805e-08
1.64990045337e-09	-1.33153190696e-08
1.65110740322e-09	-1.2440079411e-08
1.65231435308e-09	-9.48997924688e-09
1.65352130294e-09	-5.06541852907e-09
1.65472825279e-09	-2.06392125612e-11
1.65593520265e-09	4.72015637687e-09
1.6571421525e-09	8.35513025432e-09
1.65834910236e-09	1.03414414809e-08
1.65955605222e-09	1.04850652605e-08
1.66076300207e-09	8.91717255591e-09
1.66196995193e-09	6.02565974894e-09
1.66317690179e-09	2.36461183967e-09
1.66438385164e-09	-1.46073458884e-09
1.6655908015e-09	-4.83948914276e-09
1.66679775135e-09	-7.25491722253e-09
1.66800470121e-09	-8.32752278246e-09
1.66921165107e-09	-7.90372722825e-09
1.67041860092e-09	-6.10364803144e-09
1.67162555078e-09	-3.31899996375e-09
1.67283250063e-09	-1.46539901741e-10
1.67403945049e-09	2.75455913634e-09
1.67524640035e-09	4.83545359309e-09
1.6764533502e-09	5.77870729046e-09
1.67766030006e-09	5.5690358991e-09
1.67886724992e-09	4.43221598312e-09
1.68007419977e-09	2.74175010473e-09
1.68128114963e-09	8.80241421419e-10
1.68248809948e-09	-8.37134334075e-10
1.68369504934e-09	-2.1883790613e-09
1.6849019992e-09	-3.04536479367e-09
1.68610894905e-09	-3.32010324788e-09
1.68731589891e-09	-2.99727809239e-09
1.68852284877e-09	-2.13729192677e-09
1.68972979862e-09	-9.18702405817e-10
1.69093674848e-09	3.69861877236e-10
1.69214369833e-09	1.40056613529e-09
1.69335064819e-09	1.90138046974e-09
1.69455759805e-09	1.7668398411e-09
