% time-domain voltage integration by openEMS v0.37.0-rc1-2-g7b051bb @Sat Aug  8 20:24:17 2026
% start-coordinates: (0.00161438,0.00393163,0.00933714) m -> [55,88,143]
% stop-coordinates: (0.00189632,0.00393163,0.00933714) m -> [59,88,143]
% t/s	voltage
0	0
1.20694985616e-12	0
2.41389971232e-12	0
3.62084956847e-12	0
4.82779942463e-12	0
6.03474928079e-12	0
7.24169913695e-12	0
8.44864899311e-12	0
9.65559884926e-12	0
1.08625487054e-11	0
1.20694985616e-11	0
1.32764484177e-11	0
1.44833982739e-11	0
1.56903481301e-11	0
1.68972979862e-11	0
1.81042478424e-11	0
1.93111976985e-11	0
2.05181475547e-11	0
2.17250974108e-11	0
2.2932047267e-11	0
2.41389971232e-11	0
2.53459469793e-11	0
2.65528968355e-11	0
2.77598466916e-11	0
2.89667965478e-11	0
3.01737464039e-11	0
3.13806962601e-11	0
3.25876461163e-11	0
3.37945959724e-11	0
3.50015458286e-11	0
3.62084956847e-11	0
3.74154455409e-11	0
3.86223953971e-11	0
3.98293452532e-11	0
4.10362951094e-11	0
4.22432449655e-11	-5.24470337465e-35
4.34501948217e-11	-2.17771613236e-32
4.46571446778e-11	-3.87020060991e-30
4.5864094534e-11	-4.91556387672e-28
4.70710443902e-11	-4.5206292012e-26
4.82779942463e-11	-3.0425764594e-24
4.94849441025e-11	-1.51307557434e-22
5.06918939586e-11	-5.60902388617e-21
5.18988438148e-11	-1.56310475354e-19
5.3105793671e-11	-3.30253581131e-18
5.43127435271e-11	-5.33762377749e-17
5.55196933833e-11	-6.66350364042e-16
5.67266432394e-11	-6.49342307744e-15
5.79335930956e-11	-4.99341778863e-14
5.91405429517e-11	-3.06176518329e-13
6.03474928079e-11	-1.50934868987e-12
6.15544426641e-11	-6.00590118003e-12
6.27613925202e-11	-1.92109015328e-11
6.39683423764e-11	-4.83569607967e-11
6.51752922325e-11	-8.93309749089e-11
6.63822420887e-11	-8.78979580093e-11
6.75891919448e-11	1.27797820937e-10
6.8796141801e-11	9.1129917501e-10
7.00030916572e-11	2.7860444507e-09
7.12100415133e-11	6.2826094327e-09
7.24169913695e-11	1.15842910819e-08
7.36239412256e-11	1.7945286146e-08
7.48308910818e-11	2.28392549317e-08
7.6037840938e-11	2.10055142169e-08
7.72447907941e-11	4.11319112104e-09
7.84517406503e-11	-3.77883377922e-08
7.96586905064e-11	-1.12218829784e-07
8.08656403626e-11	-2.17976975136e-07
8.20725902187e-11	-3.38373062903e-07
8.32795400749e-11	-4.37211419069e-07
8.44864899311e-11	-4.61918510553e-07
8.56934397872e-11	-3.57217594171e-07
8.69003896434e-11	-8.78074004618e-08
8.81073394995e-11	3.38138896439e-07
8.93142893557e-11	8.56612274447e-07
9.05212392118e-11	1.35657464284e-06
9.1728189068e-11	1.71261962123e-06
9.29351389242e-11	1.83198304171e-06
9.41420887803e-11	1.69481475609e-06
9.53490386365e-11	1.36442207577e-06
9.65559884926e-11	9.57262173529e-07
9.77629383488e-11	5.83763629436e-07
9.8969888205e-11	2.89131062203e-07
1.00176838061e-10	2.66505435498e-08
1.01383787917e-10	-3.17983086973e-07
1.02590737773e-10	-8.60418040816e-07
1.0379768763e-10	-1.64330174357e-06
1.05004637486e-10	-2.59427753235e-06
1.06211587342e-10	-3.53860917812e-06
1.07418537198e-10	-4.26006363341e-06
1.08625487054e-10	-4.58051124497e-06
1.0983243691e-10	-4.42248222043e-06
1.11039386767e-10	-3.82954425504e-06
1.12246336623e-10	-2.9438321576e-06
1.13453286479e-10	-1.95844168616e-06
1.14660236335e-10	-1.06506672637e-06
1.15867186191e-10	-4.09098845466e-07
1.17074136047e-10	-5.98145089015e-08
1.18281085903e-10	2.40572234356e-09
1.1948803576e-10	-1.19233193985e-07
1.20694985616e-10	-2.64866024224e-07
1.21901935472e-10	-2.66609202271e-07
1.23108885328e-10	-6.31260510531e-09
1.24315835184e-10	5.37766254638e-07
1.2552278504e-10	1.27443402675e-06
1.26729734897e-10	2.02431135676e-06
1.27936684753e-10	2.57884181565e-06
1.29143634609e-10	2.77074138921e-06
1.30350584465e-10	2.53038285791e-06
1.31557534321e-10	1.90878446915e-06
1.32764484177e-10	1.0602028766e-06
1.33971434034e-10	1.94418269928e-07
1.3517838389e-10	-4.8214301529e-07
1.36385333746e-10	-8.19834838239e-07
1.37592283602e-10	-7.59533222094e-07
1.38799233458e-10	-3.40272265476e-07
1.40006183314e-10	3.15564925302e-07
1.4121313317e-10	1.03386852857e-06
1.42420083027e-10	1.63108967399e-06
1.43627032883e-10	1.95698174821e-06
1.44833982739e-10	1.9283998256e-06
1.46040932595e-10	1.54762005877e-06
1.47247882451e-10	9.010204991e-07
1.48454832307e-10	1.38611012446e-07
1.49661782164e-10	-5.60369976199e-07
1.5086873202e-10	-1.02900011711e-06
1.52075681876e-10	-1.15100466758e-06
1.53282631732e-10	-8.87886073997e-07
1.54489581588e-10	-2.90902036681e-07
1.55696531444e-10	5.05215176361e-07
1.56903481301e-10	1.30811525878e-06
1.58110431157e-10	1.90887726603e-06
1.59317381013e-10	2.13153444406e-06
1.60524330869e-10	1.88032285564e-06
1.61731280725e-10	1.17223243024e-06
1.62938230581e-10	1.43250034057e-07
1.64145180437e-10	-9.77952709036e-07
1.65352130294e-10	-1.92546681888e-06
1.6655908015e-10	-2.46453919317e-06
1.67766030006e-10	-2.45488166684e-06
1.68972979862e-10	-1.89122258121e-06
1.70179929718e-10	-9.06120376953e-07
1.71386879574e-10	2.64860524624e-07
1.72593829431e-10	1.3429390151e-06
1.73800779287e-10	2.07578881373e-06
1.75007729143e-10	2.2995347706e-06
1.76214678999e-10	1.97535536017e-06
1.77421628855e-10	1.1933364874e-06
1.78628578711e-10	1.45724118994e-07
1.79835528568e-10	-9.23124545693e-07
1.81042478424e-10	-1.77569992843e-06
1.8224942828e-10	-2.23335774763e-06
1.83456378136e-10	-2.21040087922e-06
1.84663327992e-10	-1.72446220859e-06
1.85870277848e-10	-8.85189265887e-07
1.87077227704e-10	1.32386535512e-07
1.88284177561e-10	1.12213236036e-06
1.89491127417e-10	1.88479233998e-06
1.90698077273e-10	2.26505969181e-06
1.91905027129e-10	2.18283057052e-06
1.93111976985e-10	1.65326594015e-06
1.94318926841e-10	7.88791240325e-07
1.95525876698e-10	-2.22122199744e-07
1.96732826554e-10	-1.15695863201e-06
1.9793977641e-10	-1.81078576134e-06
1.99146726266e-10	-2.04459564657e-06
2.00353676122e-10	-1.8164767539e-06
2.01560625978e-10	-1.18652889114e-06
2.02767575835e-10	-2.97994432685e-07
2.03974525691e-10	6.5781652836e-07
2.05181475547e-10	1.48334433447e-06
2.06388425403e-10	2.01352168006e-06
2.07595375259e-10	2.14540941101e-06
2.08802325115e-10	1.85648116258e-06
2.10009274971e-10	1.20873298215e-06
2.11216224828e-10	3.3718423964e-07
2.12423174684e-10	-5.76512704242e-07
2.1363012454e-10	-1.34325631507e-06
2.14837074396e-10	-1.80957138696e-06
2.16044024252e-10	-1.89262777894e-06
2.17250974108e-10	-1.59773034625e-06
2.18457923965e-10	-1.01240425465e-06
2.19664873821e-10	-2.79752647714e-07
2.20871823677e-10	4.38929220081e-07
2.22078773533e-10	1.00147497051e-06
2.23285723389e-10	1.31165359107e-06
2.24492673245e-10	1.33171519678e-06
2.25699623102e-10	1.08217190586e-06
2.26906572958e-10	6.31962393527e-07
2.28113522814e-10	8.17881744553e-08
2.2932047267e-10	-4.55572255476e-07
2.30527422526e-10	-8.76553670537e-07
2.31734372382e-10	-1.10664468878e-06
2.32941322238e-10	-1.11348052201e-06
2.34148272095e-10	-9.10771163376e-07
2.35355221951e-10	-5.51622036937e-07
2.36562171807e-10	-1.14022599362e-07
2.37769121663e-10	3.16605550665e-07
2.38976071519e-10	6.62632416493e-07
2.40183021375e-10	8.65751658807e-07
2.41389971232e-10	8.93758127063e-07
2.42596921088e-10	7.44383527262e-07
2.43803870944e-10	4.46826376788e-07
2.450108208e-10	5.94469060644e-08
2.46217770656e-10	-3.39205634248e-07
2.47424720512e-10	-6.65371644004e-07
2.48631670369e-10	-8.4968209535e-07
2.49838620225e-10	-8.55722277038e-07
2.51045570081e-10	-6.90128800329e-07
2.52252519937e-10	-4.00415650859e-07
2.53459469793e-10	-6.07528045649e-08
2.54666419649e-10	2.49771222371e-07
2.55873369505e-10	4.68084309091e-07
2.57080319362e-10	5.60360490454e-07
2.58287269218e-10	5.25320061229e-07
2.59494219074e-10	3.87952276526e-07
2.6070116893e-10	1.88666515299e-07
2.61908118786e-10	-2.75399534289e-08
2.63115068642e-10	-2.19816183034e-07
2.64322018499e-10	-3.57152259767e-07
2.65528968355e-10	-4.21348303803e-07
2.66735918211e-10	-4.08856067224e-07
2.67942868067e-10	-3.30000837323e-07
2.69149817923e-10	-2.05628815309e-07
2.70356767779e-10	-6.13328987598e-08
2.71563717636e-10	7.90005891815e-08
2.72770667492e-10	1.97585848127e-07
2.73977617348e-10	2.83465801942e-07
2.75184567204e-10	3.3020421597e-07
2.7639151706e-10	3.32926781255e-07
2.77598466916e-10	2.87399576138e-07
2.78805416772e-10	1.93467066367e-07
2.80012366629e-10	6.04534271531e-08
2.81219316485e-10	-8.90937421616e-08
2.82426266341e-10	-2.21631051289e-07
2.83633216197e-10	-3.012332499e-07
2.84840166053e-10	-3.02678415665e-07
2.86047115909e-10	-2.22234490366e-07
2.87254065766e-10	-8.0759145149e-08
2.88461015622e-10	8.26583512747e-08
2.89667965478e-10	2.24523443393e-07
2.90874915334e-10	3.11867736968e-07
2.9208186519e-10	3.31369960804e-07
2.93288815046e-10	2.90125480973e-07
2.94495764903e-10	2.089768536e-07
2.95702714759e-10	1.12459064283e-07
2.96909664615e-10	2.09357482461e-08
2.98116614471e-10	-5.25337320312e-08
2.99323564327e-10	-1.012011559e-07
3.00530514183e-10	-1.21561702926e-07
3.01737464039e-10	-1.11664819613e-07
3.02944413896e-10	-7.17186701138e-08
3.04151363752e-10	-5.85093895555e-09
3.05358313608e-10	7.61561427254e-08
3.06565263464e-10	1.59741642136e-07
3.0777221332e-10	2.2862152349e-07
3.08979163176e-10	2.68922253355e-07
3.10186113033e-10	2.72565831239e-07
3.11393062889e-10	2.38876527447e-07
3.12600012745e-10	1.73936665959e-07
3.13806962601e-10	8.90178384338e-08
3.15013912457e-10	-1.4094178602e-09
3.16220862313e-10	-8.16542087279e-08
3.1742781217e-10	-1.36842388088e-07
3.18634762026e-10	-1.5547768939e-07
3.19841711882e-10	-1.3250295261e-07
3.21048661738e-10	-7.12753003285e-08
3.22255611594e-10	1.65046500911e-08
3.2346256145e-10	1.13345395292e-07
3.24669511307e-10	2.00407811235e-07
3.25876461163e-10	2.61914763655e-07
3.27083411019e-10	2.87893808348e-07
3.28290360875e-10	2.74389620358e-07
3.29497310731e-10	2.22588820264e-07
3.30704260587e-10	1.37720581606e-07
3.31911210443e-10	2.94937478884e-08
3.331181603e-10	-8.69433236517e-08
3.34325110156e-10	-1.91145975492e-07
3.35532060012e-10	-2.60176886258e-07
3.36739009868e-10	-2.744950649e-07
3.37945959724e-10	-2.25046516533e-07
3.3915290958e-10	-1.1802967137e-07
3.40359859437e-10	2.48317686413e-08
3.41566809293e-10	1.71743003818e-07
3.42773759149e-10	2.89262299447e-07
3.43980709005e-10	3.513150304e-07
3.45187658861e-10	3.45033534188e-07
3.46394608717e-10	2.72784941302e-07
3.47601558574e-10	1.50169025659e-07
3.4880850843e-10	2.07400430163e-09
3.50015458286e-10	-1.42325408348e-07
3.51222408142e-10	-2.55211229927e-07
3.52429357998e-10	-3.15296276199e-07
3.53636307854e-10	-3.12337384401e-07
3.5484325771e-10	-2.49548001818e-07
3.56050207567e-10	-1.42789795987e-07
3.57257157423e-10	-1.62487807653e-08
3.58464107279e-10	1.03862982215e-07
3.59671057135e-10	1.95628086175e-07
3.60878006991e-10	2.45401238885e-07
3.62084956847e-10	2.4865813586e-07
3.63291906704e-10	2.08338502006e-07
3.6449885656e-10	1.32597781644e-07
3.65705806416e-10	3.28822307161e-08
3.66912756272e-10	-7.661513024e-08
3.68119706128e-10	-1.79325049032e-07
3.69326655984e-10	-2.57578019358e-07
3.70533605841e-10	-2.95155324181e-07
3.71740555697e-10	-2.81129231894e-07
3.72947505553e-10	-2.13592720399e-07
3.74154455409e-10	-1.01933013141e-07
3.75361405265e-10	3.36683578794e-08
3.76568355121e-10	1.65750748238e-07
3.77775304977e-10	2.65713833159e-07
3.78982254834e-10	3.10948124138e-07
3.8018920469e-10	2.908169634e-07
3.81396154546e-10	2.10154844638e-07
3.82603104402e-10	8.80410766513e-08
3.83810054258e-10	-4.73980090732e-08
3.85017004114e-10	-1.66285037295e-07
3.86223953971e-10	-2.44749298162e-07
3.87430903827e-10	-2.69824571575e-07
3.88637853683e-10	-2.4073353444e-07
3.89844803539e-10	-1.67025003606e-07
3.91051753395e-10	-6.47789386576e-08
3.92258703251e-10	4.71354884013e-08
3.93465653108e-10	1.49712743536e-07
3.94672602964e-10	2.2599141758e-07
3.9587955282e-10	2.62816286067e-07
3.97086502676e-10	2.5292589001e-07
3.98293452532e-10	1.97103986466e-07
3.99500402388e-10	1.05187261568e-07
4.00707352244e-10	-5.30569743695e-09
4.01914302101e-10	-1.12464137558e-07
4.03121251957e-10	-1.9512938465e-07
4.04328201813e-10	-2.37617239662e-07
4.05535151669e-10	-2.32809085787e-07
4.06742101525e-10	-1.82980574692e-07
4.07949051381e-10	-9.83328742876e-08
4.09156001238e-10	5.07775288483e-09
4.10362951094e-10	1.08143797917e-07
4.1156990095e-10	1.91274470041e-07
4.12776850806e-10	2.37404897518e-07
4.13983800662e-10	2.35444133523e-07
4.15190750518e-10	1.83352209859e-07
4.16397700375e-10	9.01159307176e-08
4.17604650231e-10	-2.5097145695e-08
4.18811600087e-10	-1.37078632889e-07
4.20018549943e-10	-2.20731731559e-07
4.21225499799e-10	-2.57734480869e-07
4.22432449655e-10	-2.41116403288e-07
4.23639399511e-10	-1.76276362396e-07
4.24846349368e-10	-7.84219835737e-08
4.26053299224e-10	3.20133120013e-08
4.2726024908e-10	1.34457950551e-07
4.28467198936e-10	2.11784211501e-07
4.29674148792e-10	2.52206316276e-07
4.30881098648e-10	2.50065468776e-07
4.32088048505e-10	2.05700679601e-07
4.33294998361e-10	1.25433972542e-07
4.34501948217e-10	2.13532631577e-08
4.35708898073e-10	-8.97797800548e-08
4.36915847929e-10	-1.88529252654e-07
4.38122797785e-10	-2.56171073687e-07
4.39329747642e-10	-2.78249022045e-07
4.40536697498e-10	-2.47714652346e-07
4.41743647354e-10	-1.6707059558e-07
4.4295059721e-10	-4.84074496043e-08
4.44157547066e-10	8.81672281849e-08
4.45364496922e-10	2.17688228332e-07
4.46571446778e-10	3.14572872639e-07
4.47778396635e-10	3.57552615071e-07
4.48985346491e-10	3.34312396433e-07
4.50192296347e-10	2.44859737819e-07
4.51399246203e-10	1.02829025295e-07
4.52606196059e-10	-6.6304940205e-08
4.53813145915e-10	-2.29779118399e-07
4.55020095772e-10	-3.54397535318e-07
4.56227045628e-10	-4.13846187541e-07
4.57433995484e-10	-3.9449260214e-07
4.5864094534e-10	-2.98574505564e-07
4.59847895196e-10	-1.43439496725e-07
4.61054845052e-10	4.21286010521e-08
4.62261794909e-10	2.23857643533e-07
4.63468744765e-10	3.68447636845e-07
4.64675694621e-10	4.49228011234e-07
4.65882644477e-10	4.50669183749e-07
4.67089594333e-10	3.70849129183e-07
4.68296544189e-10	2.22165756014e-07
4.69503494045e-10	2.96669160349e-08
4.70710443902e-10	-1.72795861175e-07
4.71917393758e-10	-3.48454946675e-07
4.73124343614e-10	-4.64589810178e-07
4.7433129347e-10	-4.99007846599e-07
4.75538243326e-10	-4.44328371429e-07
4.76745193182e-10	-3.09088484585e-07
4.77952143039e-10	-1.15663404188e-07
4.79159092895e-10	1.04026881331e-07
4.80366042751e-10	3.1388878341e-07
4.81572992607e-10	4.78553715766e-07
4.82779942463e-10	5.68173156523e-07
4.83986892319e-10	5.62682885175e-07
4.85193842176e-10	4.56116026726e-07
4.86400792032e-10	2.60065782243e-07
4.87607741888e-10	4.55458337711e-09
4.88814691744e-10	-2.64877396461e-07
4.900216416e-10	-4.95147936874e-07
4.91228591456e-10	-6.37179340401e-07
4.92435541312e-10	-6.58190003833e-07
4.93642491169e-10	-5.50646987563e-07
4.94849441025e-10	-3.34774760802e-07
4.96056390881e-10	-5.3708496317e-08
4.97263340737e-10	2.37084094579e-07
4.98470290593e-10	4.82635734045e-07
4.99677240449e-10	6.39386385615e-07
5.00884190306e-10	6.82138590946e-07
5.02091140162e-10	6.06099519018e-07
5.03298090018e-10	4.25584907759e-07
5.04505039874e-10	1.70782119113e-07
5.0571198973e-10	-1.16405340478e-07
5.06918939586e-10	-3.87560241677e-07
5.08125889443e-10	-5.94458882119e-07
5.09332839299e-10	-6.9743113329e-07
5.10539789155e-10	-6.74078137308e-07
5.11746739011e-10	-5.25514295191e-07
5.12953688867e-10	-2.77976447194e-07
5.14160638723e-10	2.1899265068e-08
5.15367588579e-10	3.17116132464e-07
5.16574538436e-10	5.52637281714e-07
5.17781488292e-10	6.86749970669e-07
5.18988438148e-10	6.98177814229e-07
5.20195388004e-10	5.88024335002e-07
5.2140233786e-10	3.77598361467e-07
5.22609287716e-10	1.03359667492e-07
5.23816237573e-10	-1.88864405004e-07
5.25023187429e-10	-4.5022444084e-07
5.26230137285e-10	-6.35452479969e-07
5.27437087141e-10	-7.10048198016e-07
5.28644036997e-10	-6.57350071265e-07
5.29850986853e-10	-4.83537263563e-07
5.3105793671e-10	-2.18680003883e-07
5.32264886566e-10	8.78155610451e-08
5.33471836422e-10	3.7698040245e-07
5.34678786278e-10	5.93032439156e-07
5.35885736134e-10	6.95652346394e-07
5.3709268599e-10	6.68273784754e-07
5.38299635846e-10	5.20377049895e-07
5.39506585703e-10	2.83743439411e-07
5.40713535559e-10	4.43462266908e-09
5.41920485415e-10	-2.66887344225e-07
5.43127435271e-10	-4.8403344266e-07
5.44334385127e-10	-6.12048040693e-07
5.45541334983e-10	-6.31854618405e-07
5.4674828484e-10	-5.4210803313e-07
5.47955234696e-10	-3.5929878095e-07
5.49162184552e-10	-1.1545574985e-07
5.50369134408e-10	1.46595610317e-07
5.51576084264e-10	3.8002312408e-07
5.5278303412e-10	5.42509944523e-07
5.53989983977e-10	6.04487809142e-07
5.55196933833e-10	5.5535844723e-07
5.56403883689e-10	4.06001419151e-07
5.57610833545e-10	1.86576244232e-07
5.58817783401e-10	-5.98561538112e-08
5.60024733257e-10	-2.86433824215e-07
5.61231683113e-10	-4.52091072134e-07
5.6243863297e-10	-5.29378574754e-07
5.63645582826e-10	-5.08913842623e-07
5.64852532682e-10	-3.99745701429e-07
5.66059482538e-10	-2.26210740806e-07
5.67266432394e-10	-2.20286802133e-08
5.6847338225e-10	1.76265949392e-07
5.69680332107e-10	3.35698146614e-07
5.70887281963e-10	4.31780378563e-07
5.72094231819e-10	4.51524357459e-07
5.73301181675e-10	3.94704784412e-07
5.74508131531e-10	2.73158413222e-07
5.75715081387e-10	1.08773203777e-07
5.76922031244e-10	-6.99137716609e-08
5.781289811e-10	-2.3220284362e-07
5.79335930956e-10	-3.50138151362e-07
5.80542880812e-10	-4.03430149731e-07
5.81749830668e-10	-3.83226932854e-07
5.82956780524e-10	-2.94120361843e-07
5.8416373038e-10	-1.53527302871e-07
5.85370680237e-10	1.15726788152e-08
5.86577630093e-10	1.69835086439e-07
5.87784579949e-10	2.91915185358e-07
5.88991529805e-10	3.56181985239e-07
5.90198479661e-10	3.52817743021e-07
5.91405429517e-10	2.85275167045e-07
5.92612379374e-10	1.68942861478e-07
5.9381932923e-10	2.75712328524e-08
5.95026279086e-10	-1.11741281117e-07
5.96233228942e-10	-2.23684544665e-07
5.97440178798e-10	-2.8936764096e-07
5.98647128654e-10	-2.99265167314e-07
5.99854078511e-10	-2.54441570036e-07
6.01061028367e-10	-1.65857194645e-07
6.02267978223e-10	-5.17312077619e-08
6.03474928079e-10	6.60675265607e-08
6.04681877935e-10	1.66299411575e-07
6.05888827791e-10	2.32231787578e-07
6.07095777647e-10	2.54164117308e-07
6.08302727504e-10	2.30742777774e-07
6.0950967736e-10	1.68298466718e-07
6.10716627216e-10	7.92087853085e-08
6.11923577072e-10	-2.04527736969e-08
6.13130526928e-10	-1.13551644532e-07
6.14337476784e-10	-1.84354622235e-07
6.15544426641e-10	-2.20864126987e-07
6.16751376497e-10	-2.16797968022e-07
6.17958326353e-10	-1.72952582034e-07
6.19165276209e-10	-9.74363434381e-08
6.20372226065e-10	-4.57001003706e-09
6.21579175921e-10	8.78634516255e-08
6.22786125778e-10	1.62210387344e-07
6.23993075634e-10	2.04564226891e-07
6.2520002549e-10	2.07667209651e-07
6.26406975346e-10	1.71946599181e-07
6.27613925202e-10	1.05024060559e-07
6.28820875058e-10	1.99037657467e-08
6.30027824914e-10	-6.77664768745e-08
6.31234774771e-10	-1.42234956257e-07
6.32441724627e-10	-1.90299573433e-07
6.33648674483e-10	-2.03422604983e-07
6.34855624339e-10	-1.79149974855e-07
6.36062574195e-10	-1.21914117912e-07
6.37269524051e-10	-4.22705372927e-08
6.38476473908e-10	4.48439854139e-08
6.39683423764e-10	1.23128476304e-07
6.4089037362e-10	1.78171017495e-07
6.42097323476e-10	2.00238375214e-07
6.43304273332e-10	1.8593438611e-07
6.44511223188e-10	1.38399661509e-07
6.45718173045e-10	6.63169270609e-08
6.46925122901e-10	-1.7800231733e-08
6.48132072757e-10	-9.96960860533e-08
6.49339022613e-10	-1.65377201711e-07
6.50545972469e-10	-2.03157643597e-07
6.51752922325e-10	-2.05521981655e-07
6.52959872181e-10	-1.70812374023e-07
6.54166822038e-10	-1.03932665141e-07
6.55373771894e-10	-1.61591913184e-08
6.5658072175e-10	7.66462679991e-08
6.57787671606e-10	1.57056263106e-07
6.58994621462e-10	2.09504740667e-07
6.60201571318e-10	2.23748124029e-07
6.61408521175e-10	1.96890852067e-07
6.62615471031e-10	1.33978812045e-07
6.63822420887e-10	4.68729686176e-08
6.65029370743e-10	-4.83909037285e-08
6.66236320599e-10	-1.34726068524e-07
6.67443270455e-10	-1.97254909295e-07
6.68650220312e-10	-2.25790582675e-07
6.69857170168e-10	-2.16207951098e-07
6.71064120024e-10	-1.70708045033e-07
6.7227106988e-10	-9.69032374343e-08
6.73478019736e-10	-6.50869547147e-09
6.74684969592e-10	8.64594635885e-08
6.75891919448e-10	1.67320902023e-07
6.77098869305e-10	2.2255375498e-07
6.78305819161e-10	2.41756016095e-07
6.79512769017e-10	2.19632234177e-07
6.80719718873e-10	1.57789600053e-07
6.81926668729e-10	6.53996030664e-08
6.83133618585e-10	-4.15951468824e-08
6.84340568442e-10	-1.43363660499e-07
6.85547518298e-10	-2.20329539502e-07
6.86754468154e-10	-2.57602732034e-07
6.8796141801e-10	-2.48363249966e-07
6.89168367866e-10	-1.95015729787e-07
6.90375317722e-10	-1.08136747556e-07
6.91582267579e-10	-3.69056607497e-09
6.92789217435e-10	1.00424301763e-07
6.93996167291e-10	1.87276445018e-07
6.95203117147e-10	2.43302409331e-07
6.96410067003e-10	2.59593370799e-07
6.97617016859e-10	2.33132904981e-07
6.98823966715e-10	1.67388051864e-07
7.00030916572e-10	7.24265785124e-08
7.01237866428e-10	-3.60547023348e-08
7.02444816284e-10	-1.39227321228e-07
7.0365176614e-10	-2.18592109746e-07
7.04858715996e-10	-2.59854093798e-07
7.06065665852e-10	-2.55925144188e-07
7.07272615709e-10	-2.08166756721e-07
7.08479565565e-10	-1.25708668364e-07
7.09686515421e-10	-2.31974213172e-08
7.10893465277e-10	8.21462720069e-08
7.12100415133e-10	1.73426112582e-07
7.13307364989e-10	2.36407739607e-07
7.14514314846e-10	2.61177039107e-07
7.15721264702e-10	2.43502942254e-07
7.16928214558e-10	1.85465260927e-07
7.18135164414e-10	9.57618144781e-08
7.1934211427e-10	-1.12654938711e-08
7.20549064126e-10	-1.17570843727e-07
7.21756013982e-10	-2.04478823207e-07
7.22962963839e-10	-2.56290192624e-07
7.24169913695e-10	-2.63443830306e-07
7.25376863551e-10	-2.2460229232e-07
7.26583813407e-10	-1.46903730069e-07
7.27790763263e-10	-4.4502980856e-08
7.28997713119e-10	6.42605355594e-08
7.30204662976e-10	1.60436819385e-07
7.31411612832e-10	2.27821985277e-07
7.32618562688e-10	2.55698598295e-07
7.33825512544e-10	2.40348956737e-07
7.350324624e-10	1.85319194657e-07
7.36239412256e-10	1.00633345212e-07
7.37446362113e-10	8.34238234049e-10
7.38653311969e-10	-9.73195728449e-08
7.39860261825e-10	-1.77738026963e-07
7.41067211681e-10	-2.27444676426e-07
7.42274161537e-10	-2.38750395454e-07
7.43481111393e-10	-2.10418122037e-07
7.44688061249e-10	-1.47726520794e-07
7.45895011106e-10	-6.15493513934e-08
7.47101960962e-10	3.35747367686e-08
7.48308910818e-10	1.21881083004e-07
7.49515860674e-10	1.88888016339e-07
7.5072281053e-10	2.23770285857e-07
7.51929760386e-10	2.21001304368e-07
7.53136710243e-10	1.81345019001e-07
7.54343660099e-10	1.11769219657e-07
7.55550609955e-10	2.44000246674e-08
7.56757559811e-10	-6.55344649658e-08
7.57964509667e-10	-1.42467245112e-07
7.59171459523e-10	-1.93341325172e-07
7.6037840938e-10	-2.101737131e-07
7.61585359236e-10	-1.91279024619e-07
7.62792309092e-10	-1.41355990024e-07
7.63999258948e-10	-7.00817093247e-08
7.65206208804e-10	1.00163499717e-08
7.6641315866e-10	8.58526565395e-08
7.67620108516e-10	1.4583240926e-07
7.68827058373e-10	1.81198831939e-07
7.70034008229e-10	1.86940201985e-07
7.71240958085e-10	1.62394634629e-07
7.72447907941e-10	1.11388709811e-07
7.73654857797e-10	4.21951149576e-08
7.74861807653e-10	-3.35552892139e-08
7.7606875751e-10	-1.02627481624e-07
7.77275707366e-10	-1.52715699642e-07
7.78482657222e-10	-1.75102442768e-07
7.79689607078e-10	-1.66502758248e-07
7.80896556934e-10	-1.2968924068e-07
7.8210350679e-10	-7.2496164627e-08
7.83310456647e-10	-5.89741711021e-09
7.84517406503e-10	5.849175988e-08
7.85724356359e-10	1.10398449493e-07
7.86931306215e-10	1.42296181949e-07
7.88138256071e-10	1.50108334651e-07
7.89345205927e-10	1.33356126142e-07
7.90552155783e-10	9.52224983308e-08
7.9175910564e-10	4.22234087694e-08
7.92966055496e-10	-1.65971987265e-08
7.94173005352e-10	-7.09626508666e-08
7.95379955208e-10	-1.11400419556e-07
7.96586905064e-10	-1.31097319667e-07
7.9779385492e-10	-1.2745953093e-07
7.99000804777e-10	-1.02440488092e-07
8.00207754633e-10	-6.18012814257e-08
8.01414704489e-10	-1.35783919664e-08
8.02621654345e-10	3.38137793321e-08
8.03828604201e-10	7.30029956486e-08
8.05035554057e-10	9.86365105149e-08
8.06242503914e-10	1.0771050718e-07
8.0744945377e-10	9.958719005e-08
8.08656403626e-10	7.59556595398e-08
8.09863353482e-10	4.0643509891e-08
8.11070303338e-10	-6.81632306154e-10
8.12277253194e-10	-4.12345055878e-08
8.1348420305e-10	-7.4147207485e-08
8.14691152907e-10	-9.3704006332e-08
8.15898102763e-10	-9.65576170131e-08
8.17105052619e-10	-8.23730612609e-08
8.18312002475e-10	-5.40459712539e-08
8.19518952331e-10	-1.70248608544e-08
8.20725902187e-10	2.16669904241e-08
8.21932852044e-10	5.48569785153e-08
8.231398019e-10	7.66460939161e-08
8.24346751756e-10	8.34943083561e-08
8.25553701612e-10	7.49313748827e-08
8.26760651468e-10	5.3447901216e-08
8.27967601324e-10	2.38278041742e-08
8.29174551181e-10	-7.99313826239e-09
8.30381501037e-10	-3.63169441187e-08
8.31588450893e-10	-5.66423690174e-08
8.32795400749e-10	-6.63010464308e-08
8.34002350605e-10	-6.45177307135e-08
8.35209300461e-10	-5.21399226017e-08
8.36416250317e-10	-3.13902308591e-08
8.37623200174e-10	-5.55649093403e-09
8.3883015003e-10	2.11661781435e-08
8.40037099886e-10	4.4124207399e-08
8.41244049742e-10	5.88562176773e-08
8.42450999598e-10	6.21424671721e-08
8.43657949454e-10	5.29649257786e-08
8.44864899311e-10	3.30562994755e-08
8.46071849167e-10	6.72352062914e-09
8.47278799023e-10	-2.02298346963e-08
8.48485748879e-10	-4.19712371524e-08
8.49692698735e-10	-5.41642064533e-08
8.50899648591e-10	-5.49284875362e-08
8.52106598448e-10	-4.49223387378e-08
8.53313548304e-10	-2.68812918591e-08
8.5452049816e-10	-4.59619226012e-09
8.55727448016e-10	1.78676624607e-08
8.56934397872e-10	3.68066732648e-08
8.58141347728e-10	4.92215512793e-08
8.59348297584e-10	5.29352117695e-08
8.60555247441e-10	4.69683518745e-08
8.61762197297e-10	3.18119486309e-08
8.62969147153e-10	9.73073688293e-09
8.64176097009e-10	-1.52916914686e-08
8.65383046865e-10	-3.82176263969e-08
8.66589996721e-10	-5.4012514461e-08
8.67796946578e-10	-5.89606656831e-08
8.69003896434e-10	-5.17097191732e-08
8.7021084629e-10	-3.36774466092e-08
8.71417796146e-10	-8.66010785305e-09
8.72624746002e-10	1.81908363928e-08
8.73831695858e-10	4.16211465293e-08
8.75038645715e-10	5.74080596394e-08
8.76245595571e-10	6.2934232048e-08
8.77452545427e-10	5.74173109058e-08
8.78659495283e-10	4.17141254871e-08
8.79866445139e-10	1.80833175101e-08
8.81073394995e-10	-9.93607174316e-09
8.82280344851e-10	-3.78446225469e-08
8.83487294708e-10	-6.05423364775e-08
8.84694244564e-10	-7.32043083929e-08
8.8590119442e-10	-7.23923658796e-08
8.87108144276e-10	-5.71262592786e-08
8.88315094132e-10	-2.959549672e-08
8.89522043988e-10	5.09906239454e-09
8.90728993845e-10	3.99780777371e-08
8.91935943701e-10	6.7878878518e-08
8.93142893557e-10	8.31913311572e-08
8.94349843413e-10	8.30335196156e-08
8.95556793269e-10	6.76974281077e-08
8.96763743125e-10	4.02111339781e-08
8.97970692982e-10	5.51570755736e-09
8.99177642838e-10	-3.05287053415e-08
9.00384592694e-10	-6.20087456937e-08
9.0159154255e-10	-8.36255207304e-08
9.02798492406e-10	-9.14049422818e-08
9.04005442262e-10	-8.33260997979e-08
9.05212392118e-10	-5.99609792928e-08
9.06419341975e-10	-2.47534059916e-08
9.07626291831e-10	1.63117606089e-08
9.08833241687e-10	5.56699752963e-08
9.10040191543e-10	8.57754134387e-08
9.11247141399e-10	1.00678981596e-07
9.12454091255e-10	9.73989493502e-08
9.13661041112e-10	7.6451367903e-08
9.14867990968e-10	4.16394021485e-08
9.16074940824e-10	-7.92798993121e-10
9.1728189068e-10	-4.34258682347e-08
9.18488840536e-10	-7.8890920463e-08
9.19695790392e-10	-1.01066865099e-07
9.20902740249e-10	-1.06011796674e-07
9.22109690105e-10	-9.25806773466e-08
9.23316639961e-10	-6.27660305952e-08
9.24523589817e-10	-2.14552180466e-08
9.25730539673e-10	2.42457560695e-08
9.26937489529e-10	6.62656463035e-08
9.28144439385e-10	9.70447437965e-08
9.29351389242e-10	1.10954861299e-07
9.30558339098e-10	1.05420465246e-07
9.31765288954e-10	8.13258616006e-08
9.3297223881e-10	4.28681827813e-08
9.34179188666e-10	-3.28174870612e-09
9.35386138522e-10	-4.91385518941e-08
9.36593088379e-10	-8.67520597581e-08
9.37800038235e-10	-1.09572761531e-07
9.39006988091e-10	-1.13525327805e-07
9.40213937947e-10	-9.77685736814e-08
9.41420887803e-10	-6.49001030695e-08
9.42627837659e-10	-2.055387327e-08
9.43834787516e-10	2.75048006593e-08
9.45041737372e-10	7.08256058246e-08
9.46248687228e-10	1.01758917737e-07
9.47455637084e-10	1.14893452974e-07
9.4866258694e-10	1.07996518395e-07
9.49869536796e-10	8.23668422356e-08
9.51076486652e-10	4.25706758733e-08
9.52283436509e-10	-4.4632723073e-09
9.53490386365e-10	-5.06102111331e-08
9.54697336221e-10	-8.79772752427e-08
9.55904286077e-10	-1.1016595991e-07
9.57111235933e-10	-1.13357678799e-07
9.58318185789e-10	-9.69741407175e-08
9.59525135646e-10	-6.37929540304e-08
9.60732085502e-10	-1.95641001177e-08
9.61939035358e-10	2.79631358069e-08
9.63145985214e-10	7.04061875467e-08
9.6435293507e-10	1.00257876667e-07
9.65559884926e-10	1.1234793007e-07
9.66766834783e-10	1.04720905725e-07
9.67973784639e-10	7.90238008364e-08
9.69180734495e-10	4.00467934369e-08
9.70387684351e-10	-5.24097099053e-09
9.71594634207e-10	-4.89904916634e-08
9.72801584063e-10	-8.38712583828e-08
9.7400853392e-10	-1.04161285819e-07
9.75215483776e-10	-1.06618722739e-07
9.76422433632e-10	-9.09049564513e-08
9.77629383488e-10	-5.96496336769e-08
9.78836333344e-10	-1.81360289009e-08
9.800432832e-10	2.64775148473e-08
9.81250233056e-10	6.63009993573e-08
9.82457182913e-10	9.41579436642e-08
9.83664132769e-10	1.05005760531e-07
9.84871082625e-10	9.70148352764e-08
9.86078032481e-10	7.19618702405e-08
9.87284982337e-10	3.47738691175e-08
9.88491932193e-10	-7.50139828032e-09
9.8969888205e-10	-4.72837990984e-08
9.90905831906e-10	-7.78032767101e-08
9.92112781762e-10	-9.42486160227e-08
9.93319731618e-10	-9.43681737198e-08
9.94526681474e-10	-7.85557983107e-08
9.9573363133e-10	-4.97286274381e-08
9.96940581187e-10	-1.28124084675e-08
9.98147531043e-10	2.59310062312e-08
9.99354480899e-10	5.98083591541e-08
1.00056143075e-09	8.28730613023e-08
1.00176838061e-09	9.10160196099e-08
1.00297533047e-09	8.28882722459e-08
1.00418228032e-09	6.02202243627e-08
1.00538923018e-09	2.74697096181e-08
1.00659618004e-09	-9.14052189493e-09
1.00780312989e-09	-4.29721440653e-08
1.00901007975e-09	-6.82108263206e-08
1.0102170296e-09	-8.09052256301e-08
1.01142397946e-09	-7.93906611563e-08
1.01263092932e-09	-6.4404921396e-08
1.01383787917e-09	-3.8773841915e-08
1.01504482903e-09	-6.94302693116e-09
1.01625177889e-09	2.56375916052e-08
1.01745872874e-09	5.33531787639e-08
1.0186656786e-09	7.12915344536e-08
1.01987262845e-09	7.61981517883e-08
1.02107957831e-09	6.72048878769e-08
1.02228652817e-09	4.60908156086e-08
1.02349347802e-09	1.70440321856e-08
1.02470042788e-09	-1.42632408107e-08
1.02590737773e-09	-4.18469898733e-08
1.02711432759e-09	-6.06931456204e-08
1.02832127745e-09	-6.77328264587e-08
1.0295282273e-09	-6.2256234834e-08
1.03073517716e-09	-4.59078464132e-08
1.03194212702e-09	-2.20995293176e-08
1.03314907687e-09	4.66522720455e-09
1.03435602673e-09	2.9631472831e-08
1.03556297658e-09	4.85366946634e-08
1.03676992644e-09	5.82133026228e-08
1.0379768763e-09	5.71304008545e-08
1.03918382615e-09	4.56330440102e-08
1.04039077601e-09	2.59869183949e-08
1.04159772586e-09	2.01827807245e-09
1.04280467572e-09	-2.16053210877e-08
1.04401162558e-09	-4.02882269768e-08
1.04521857543e-09	-5.05463271239e-08
1.04642552529e-09	-5.06862036787e-08
1.04763247515e-09	-4.11520044707e-08
1.048839425e-09	-2.42865003663e-08
1.05004637486e-09	-3.6971964934e-09
1.05125332471e-09	1.6545987247e-08
1.05246027457e-09	3.27553664192e-08
1.05366722443e-09	4.2186942828e-08
1.05487417428e-09	4.34376952185e-08
1.05608112414e-09	3.65374095423e-08
1.05728807399e-09	2.29123822137e-08
1.05849502385e-09	5.19235188179e-09
1.05970197371e-09	-1.32400008734e-08
1.06090892356e-09	-2.87649788433e-08
1.06211587342e-09	-3.82913363239e-08
1.06332282328e-09	-3.99262782835e-08
1.06452977313e-09	-3.34091194709e-08
1.06573672299e-09	-2.02567704832e-08
1.06694367284e-09	-3.31400851206e-09
1.0681506227e-09	1.38675719796e-08
1.06935757256e-09	2.7861953189e-08
1.07056452241e-09	3.60461349658e-08
1.07177147227e-09	3.70052646304e-08
1.07297842212e-09	3.07004515143e-08
1.07418537198e-09	1.83442647739e-08
1.07539232184e-09	2.22667645433e-09
1.07659927169e-09	-1.46534111511e-08
1.07780622155e-09	-2.90100699019e-08
1.07901317141e-09	-3.78397215783e-08
1.08022012126e-09	-3.9101022864e-08
1.08142707112e-09	-3.2213143708e-08
1.08263402097e-09	-1.838032615e-08
1.08384097083e-09	-3.90156490448e-10
1.08504792069e-09	1.79838717251e-08
1.08625487054e-09	3.2852053522e-08
1.0874618204e-09	4.11517770971e-08
1.08866877025e-09	4.12376026659e-08
1.08987572011e-09	3.31787228802e-08
1.09108266997e-09	1.85774267081e-08
1.09228961982e-09	1.71594835563e-10
1.09349656968e-09	-1.86685236159e-08
1.09470351954e-09	-3.45230999343e-08
1.09591046939e-09	-4.43645502557e-08
1.09711741925e-09	-4.61127207529e-08
1.0983243691e-09	-3.90379355508e-08
1.09953131896e-09	-2.40580777522e-08
1.10073826882e-09	-3.7628238303e-09
1.10194521867e-09	1.80280621542e-08
1.10315216853e-09	3.69555097635e-08
1.10435911838e-09	4.9140746583e-08
1.10556606824e-09	5.20278744531e-08
1.1067730181e-09	4.49623662746e-08
1.10797996795e-09	2.92928494794e-08
1.10918691781e-09	7.9740779535e-09
1.11039386767e-09	-1.50550552025e-08
1.11160081752e-09	-3.56623135467e-08
1.11280776738e-09	-5.01979178225e-08
1.11401471723e-09	-5.60445325704e-08
1.11522166709e-09	-5.2007772311e-08
1.11642861695e-09	-3.84980580748e-08
1.1176355668e-09	-1.76059113954e-08
1.11884251666e-09	7.17375969739e-09
1.12004946651e-09	3.14212678099e-08
1.12125641637e-09	5.05753110502e-08
1.12246336623e-09	6.08705148508e-08
1.12367031608e-09	6.01009535472e-08
1.12487726594e-09	4.82105289024e-08
1.1260842158e-09	2.72885731789e-08
1.12729116565e-09	1.17119669518e-09
1.12849811551e-09	-2.53439029763e-08
1.12970506536e-09	-4.74671209005e-08
1.13091201522e-09	-6.12699304625e-08
1.13211896508e-09	-6.43699200609e-08
1.13332591493e-09	-5.62516184743e-08
1.13453286479e-09	-3.82843801106e-08
1.13573981464e-09	-1.34850548505e-08
1.1369467645e-09	1.40026708007e-08
1.13815371436e-09	3.94992607511e-08
1.13936066421e-09	5.85727493174e-08
1.14056761407e-09	6.77400029403e-08
1.14177456393e-09	6.51407363605e-08
1.14298151378e-09	5.0943668839e-08
1.14418846364e-09	2.74139360101e-08
1.14539541349e-09	-1.36555373953e-09
1.14660236335e-09	-3.0266644746e-08
1.14780931321e-09	-5.40047242481e-08
1.14901626306e-09	-6.82159715382e-08
1.15022321292e-09	-7.03063998131e-08
1.15143016277e-09	-5.99043596949e-08
1.15263711263e-09	-3.89589285277e-08
1.15384406249e-09	-1.12530653684e-08
1.15505101234e-09	1.8314103345e-08
1.1562579622e-09	4.46047581093e-08
1.15746491206e-09	6.31700673992e-08
1.15867186191e-09	7.08762426527e-08
1.15987881177e-09	6.64444801401e-08
1.16108576162e-09	5.05896533554e-08
1.16229271148e-09	2.59590970941e-08
1.16349966134e-09	-3.26776555815e-09
1.16470661119e-09	-3.20351158933e-08
1.16591356105e-09	-5.52590035952e-08
1.1671205109e-09	-6.87877408367e-08
1.16832746076e-09	-7.01732902897e-08
1.16953441062e-09	-5.92129776322e-08
1.17074136047e-09	-3.79593103617e-08
1.17194831033e-09	-1.03158663833e-08
1.17315526019e-09	1.87341906432e-08
1.17436221004e-09	4.41386136529e-08
1.1755691599e-09	6.16190396485e-08
1.17677610975e-09	6.84075773805e-08
1.17798305961e-09	6.36006092236e-08
1.17919000947e-09	4.81749662384e-08
1.18039695932e-09	2.48303924089e-08
1.18160390918e-09	-2.54122012322e-09
1.18281085903e-09	-2.93696893472e-08
1.18401780889e-09	-5.1147295288e-08
1.18522475875e-09	-6.4154879631e-08
1.1864317086e-09	-6.60915651096e-08
1.18763865846e-09	-5.65794708862e-08
1.18884560832e-09	-3.72630308831e-08
1.19005255817e-09	-1.158521723e-08
1.19125950803e-09	1.58456274768e-08
1.19246645788e-09	4.01487314505e-08
1.19367340774e-09	5.70745850581e-08
1.1948803576e-09	6.38280726051e-08
1.19608730745e-09	5.94813958088e-08
1.19729425731e-09	4.50854278355e-08
1.19850120716e-09	2.33544295014e-08
1.19970815702e-09	-1.87947438168e-09
1.20091510688e-09	-2.63157904357e-08
1.20212205673e-09	-4.59236826345e-08
1.20332900659e-09	-5.74900198558e-08
1.20453595645e-09	-5.91810342954e-08
1.2057429063e-09	-5.07843518349e-08
1.20694985616e-09	-3.38053354199e-08
1.20815680601e-09	-1.12513862671e-08
1.20936375587e-09	1.29111568103e-08
1.21057070573e-09	3.44215500547e-08
1.21177765558e-09	4.95637904052e-08
1.21298460544e-09	5.58391226591e-08
1.21419155529e-09	5.23734628999e-08
1.21539850515e-09	4.00592448102e-08
1.21660545501e-09	2.12380513176e-08
1.21781240486e-09	-7.178236755e-10
1.21901935472e-09	-2.20564366771e-08
1.22022630458e-09	-3.92385315351e-08
1.22143325443e-09	-4.94677125928e-08
1.22264020429e-09	-5.11500415357e-08
1.22384715414e-09	-4.40882397257e-08
1.225054104e-09	-2.95938979988e-08
1.22626105386e-09	-1.02462336393e-08
1.22746800371e-09	1.05260384853e-08
1.22867495357e-09	2.90597044206e-08
1.22988190342e-09	4.21590238275e-08
1.23108885328e-09	4.76420929374e-08
1.23229580314e-09	4.47534729275e-08
1.23350275299e-09	3.42130448416e-08
1.23470970285e-09	1.80373529446e-08
1.23591665271e-09	-8.4816248469e-10
1.23712360256e-09	-1.91660256554e-08
1.23833055242e-09	-3.37720686971e-08
1.23953750227e-09	-4.22400896483e-08
1.24074445213e-09	-4.3205278466e-08
1.24195140199e-09	-3.66361332382e-08
1.24315835184e-09	-2.38415611697e-08
1.2443653017e-09	-7.20473647409e-09
1.24557225156e-09	1.02263304491e-08
1.24677920141e-09	2.53812202367e-08
1.24798615127e-09	3.5688768385e-08
1.24919310112e-09	3.95416854815e-08
1.25040005098e-09	3.65179042561e-08
1.25160700084e-09	2.7336661379e-08
1.25281395069e-09	1.37261055855e-08
1.25402090055e-09	-1.95280744353e-09
1.2552278504e-09	-1.70387552956e-08
1.25643480026e-09	-2.8977594102e-08
1.25764175012e-09	-3.5755090888e-08
1.25884869997e-09	-3.61897729562e-08
1.26005564983e-09	-3.02445881672e-08
1.26126259969e-09	-1.90034654679e-08
1.26246954954e-09	-4.54348170198e-09
1.2636764994e-09	1.04804418477e-08
1.26488344925e-09	2.33697190488e-08
1.26609039911e-09	3.18646855568e-08
1.26729734897e-09	3.45875434959e-08
1.26850429882e-09	3.1202563644e-08
1.26971124868e-09	2.24347305178e-08
1.27091819853e-09	9.88671611246e-09
1.27212514839e-09	-4.25943202931e-09
1.27333209825e-09	-1.75618670717e-08
1.2745390481e-09	-2.77368470414e-08
1.27574599796e-09	-3.29785017072e-08
1.27695294782e-09	-3.23308282368e-08
1.27815989767e-09	-2.58614853976e-08
1.27936684753e-09	-1.46981415927e-08
1.28057379738e-09	-8.83803641383e-10
1.28178074724e-09	1.30646562457e-08
1.2829876971e-09	2.45705638058e-08
1.28419464695e-09	3.15548320806e-08
1.28540159681e-09	3.27985203441e-08
1.28660854666e-09	2.81297616311e-08
1.28781549652e-09	1.84699846528e-08
1.28902244638e-09	5.57175150462e-09
1.29022939623e-09	-8.25238732904e-09
1.29143634609e-09	-2.05590260371e-08
1.29264329595e-09	-2.92020159165e-08
1.2938502458e-09	-3.26491766955e-08
1.29505719566e-09	-3.0310252086e-08
1.29626414551e-09	-2.25811445098e-08
1.29747109537e-09	-1.08237536711e-08
1.29867804523e-09	2.89537877007e-09
1.29988499508e-09	1.61693360923e-08
1.30109194494e-09	2.66591850817e-08
1.30229889479e-09	3.25287650149e-08
1.30350584465e-09	3.27144178414e-08
1.30471279451e-09	2.71497468951e-08
1.30591974436e-09	1.67457161471e-08
1.30712669422e-09	3.26797044981e-09
1.30833364408e-09	-1.09449711516e-08
1.30954059393e-09	-2.34053731951e-08
1.31074754379e-09	-3.18658202048e-08
1.31195449364e-09	-3.47852027183e-08
1.3131614435e-09	-3.15835499975e-08
1.31436839336e-09	-2.27672161124e-08
1.31557534321e-09	-9.86251924573e-09
1.31678229307e-09	4.92135854291e-09
1.31798924292e-09	1.90105025055e-08
1.31919619278e-09	2.99860234421e-08
1.32040314264e-09	3.59284890727e-08
1.32161009249e-09	3.57380769422e-08
1.32281704235e-09	2.93471011936e-08
1.32402399221e-09	1.77008412372e-08
1.32523094206e-09	2.70336053543e-09
1.32643789192e-09	-1.3105860841e-08
1.32764484177e-09	-2.69457549606e-08
1.32885179163e-09	-3.6279431459e-08
1.33005874149e-09	-3.93394614662e-08
1.33126569134e-09	-3.54492120103e-08
1.3324726412e-09	-2.52248901766e-08
1.33367959105e-09	-1.04342912088e-08
1.33488654091e-09	6.32386976118e-09
1.33609349077e-09	2.21114180299e-08
1.33730044062e-09	3.42012462795e-08
1.33850739048e-09	4.05017264171e-08
1.33971434034e-09	3.99300317255e-08
1.34092129019e-09	3.25147655467e-08
1.34212824005e-09	1.94292075761e-08
1.3433351899e-09	2.7997126284e-09
1.34454213976e-09	-1.46133887213e-08
1.34574908962e-09	-2.98088105311e-08
1.34695603947e-09	-4.01011117646e-08
1.34816298933e-09	-4.35653220165e-08
1.34936993918e-09	-3.94592634123e-08
1.35057688904e-09	-2.84062857681e-08
1.3517838389e-09	-1.22724188589e-08
1.35299078875e-09	6.11248118787e-09
1.35419773861e-09	2.35525718928e-08
1.35540468847e-09	3.7020829069e-08
1.35661163832e-09	4.42137615408e-08
1.35781858818e-09	4.39229435045e-08
1.35902553803e-09	3.61731467002e-08
1.36023248789e-09	2.22409544115e-08
1.36143943775e-09	4.39266778507e-09
1.3626463876e-09	-1.44176541816e-08
1.36385333746e-09	-3.10230694467e-08
1.36506028731e-09	-4.25547108662e-08
1.36626723717e-09	-4.69235281741e-08
1.36747418703e-09	-4.32579341236e-08
1.36868113688e-09	-3.20719895086e-08
1.36988808674e-09	-1.52398316189e-08
1.3710950366e-09	4.33498581476e-09
1.37230198645e-09	2.32661960808e-08
1.37350893631e-09	3.82647851183e-08
1.37471588616e-09	4.67751517519e-08
1.37592283602e-09	4.73381112087e-08
1.37712978588e-09	3.98609181218e-08
1.37833673573e-09	2.55822518724e-08
1.37954368559e-09	6.86239531866e-09
1.38075063544e-09	-1.31579718232e-08
1.3819575853e-09	-3.11020742494e-08
1.38316453516e-09	-4.38614957687e-08
1.38437148501e-09	-4.91812111036e-08
1.38557843487e-09	-4.60670221969e-08
1.38678538473e-09	-3.49955802115e-08
1.38799233458e-09	-1.78741292878e-08
1.38919928444e-09	2.34178210157e-09
1.39040623429e-09	2.21419460544e-08
1.39161318415e-09	3.81372080582e-08
1.39282013401e-09	4.76201051924e-08
1.39402708386e-09	4.89927378666e-08
1.39523403372e-09	4.20477457297e-08
1.39644098357e-09	2.79276299864e-08
1.39764793343e-09	9.01029795219e-09
1.39885488329e-09	-1.15072185114e-08
1.40006183314e-09	-3.01055846919e-08
1.401268783e-09	-4.35340199445e-08
1.40247573286e-09	-4.94381016125e-08
1.40368268271e-09	-4.677303167e-08
1.40488963257e-09	-3.60468184191e-08
1.40609658242e-09	-1.91971727403e-08
1.40730353228e-09	7.91844131931e-10
1.40851048214e-09	2.04448369345e-08
1.40971743199e-09	3.64525849506e-08
1.41092438185e-09	4.61721931799e-08
1.4121313317e-09	4.80588857599e-08
1.41333828156e-09	4.18413579339e-08
1.41454523142e-09	2.85597692162e-08
1.41575218127e-09	1.04301822734e-08
1.41695913113e-09	-9.50420342427e-09
1.41816608099e-09	-2.77996083931e-08
1.41937303084e-09	-4.12561869112e-08
1.4205799807e-09	-4.74761039371e-08
1.42178693055e-09	-4.53711948012e-08
1.42299388041e-09	-3.53913165441e-08
1.42420083027e-09	-1.9400463902e-08
1.42540778012e-09	-3.25742405272e-10
1.42661472998e-09	1.84777175782e-08
1.42782167983e-09	3.38188219651e-08
1.42902862969e-09	4.32037721154e-08
1.43023557955e-09	4.52087052238e-08
1.4314425294e-09	3.95970500833e-08
1.43264947926e-09	2.7369849942e-08
1.43385642912e-09	1.0564507491e-08
1.43506337897e-09	-7.99674582108e-09
1.43627032883e-09	-2.51339646873e-08
1.43747727868e-09	-3.78538667078e-08
1.43868422854e-09	-4.3871831501e-08
1.4398911784e-09	-4.21230019754e-08
1.44109812825e-09	-3.29675575728e-08
1.44230507811e-09	-1.81513444275e-08
1.44351202796e-09	-4.41325101463e-10
1.44471897782e-09	1.69644036596e-08
1.44592592768e-09	3.10344567822e-08
1.44713287753e-09	3.94693371319e-08
1.44833982739e-09	4.10114697758e-08
1.44954677725e-09	3.55846614397e-08
1.4507537271e-09	2.423827139e-08
1.45196067696e-09	8.92417839626e-09
1.45316762681e-09	-7.7576243207e-09
1.45437457667e-09	-2.2985321646e-08
1.45558152653e-09	-3.41124875014e-08
1.45678847638e-09	-3.91655401444e-08
1.45799542624e-09	-3.72324588938e-08
1.4592023761e-09	-2.86743078171e-08
1.46040932595e-09	-1.51262047332e-08
1.46161627581e-09	8.63643545568e-10
1.46282322566e-09	1.63186275604e-08
1.46403017552e-09	2.84712977638e-08
1.46523712538e-09	3.52850140217e-08
1.46644407523e-09	3.57587062183e-08
1.46765102509e-09	3.00603288927e-08
1.46885797494e-09	1.93551561445e-08
1.4700649248e-09	5.58480472979e-09
1.47127187466e-09	-8.87693152318e-09
1.47247882451e-09	-2.15905942014e-08
1.47368577437e-09	-3.03813223468e-08
1.47489272423e-09	-3.37361578673e-08
1.47609967408e-09	-3.10515013702e-08
1.47730662394e-09	-2.28286198833e-08
1.47851357379e-09	-1.06081634588e-08
1.47972052365e-09	3.30866717357e-09
1.48092747351e-09	1.6304548156e-08
1.48213442336e-09	2.6021560906e-08
1.48334137322e-09	3.07897081164e-08
1.48454832307e-09	2.99391089698e-08
1.48575527293e-09	2.38401143271e-08
1.48696222279e-09	1.37385793852e-08
1.48816917264e-09	1.50817491829e-09
1.4893761225e-09	-1.07236068914e-08
1.49058307236e-09	-2.08591091067e-08
1.49179002221e-09	-2.71754685421e-08
1.49299697207e-09	-2.85798784638e-08
1.49420392192e-09	-2.48197760122e-08
1.49541087178e-09	-1.65927538376e-08
1.49661782164e-09	-5.42462552655e-09
1.49782477149e-09	6.56222998163e-09
1.49903172135e-09	1.71154033168e-08
1.5002386712e-09	2.42935693784e-08
1.50144562106e-09	2.6856600055e-08
1.50265257092e-09	2.44882705225e-08
1.50385952077e-09	1.77631014342e-08
1.50506647063e-09	8.01128618999e-09
1.50627342049e-09	-2.98749891492e-09
1.50748037034e-09	-1.32974091738e-08
1.5086873202e-09	-2.11101447434e-08
1.50989427005e-09	-2.50564733406e-08
1.51110121991e-09	-2.43930826649e-08
1.51230816977e-09	-1.92153688516e-08
1.51351511962e-09	-1.04634851894e-08
1.51472206948e-09	2.08409914326e-10
1.51592901933e-09	1.07296818097e-08
1.51713596919e-09	1.90793389976e-08
1.51834291905e-09	2.36856374514e-08
1.5195498689e-09	2.37743593701e-08
1.52075681876e-09	1.94676892384e-08
1.52196376862e-09	1.16953409179e-08
1.52317071847e-09	1.96435925859e-09
1.52437766833e-09	-7.97097687855e-09
1.52558461818e-09	-1.63717006618e-08
1.52679156804e-09	-2.18000968388e-08
1.5279985179e-09	-2.32930017496e-08
1.52920546775e-09	-2.05351495808e-08
1.53041241761e-09	-1.3958542544e-08
1.53161936746e-09	-4.70372374384e-09
1.53282631732e-09	5.49909817682e-09
1.53403326718e-09	1.46951049107e-08
1.53524021703e-09	2.10745425555e-08
1.53644716689e-09	2.33985040232e-08
1.53765411675e-09	2.12747699457e-08
1.5388610666e-09	1.51922159297e-08
1.54006801646e-09	6.40820652098e-09
1.54127496631e-09	-3.39527328475e-09
1.54248191617e-09	-1.24436725368e-08
1.54368886603e-09	-1.91756970302e-08
1.54489581588e-09	-2.24912897195e-08
1.54610276574e-09	-2.18362896653e-08
1.54730971559e-09	-1.73057965736e-08
1.54851666545e-09	-9.6143812911e-09
1.54972361531e-09	-4.42395356459e-11
1.55093056516e-09	9.70928182298e-09
1.55213751502e-09	1.78355044067e-08
1.55334446488e-09	2.27288796673e-08
1.55455141473e-09	2.33855685927e-08
1.55575836459e-09	1.96214804404e-08
1.55696531444e-09	1.21601131386e-08
1.5581722643e-09	2.46425863049e-09
1.55937921416e-09	-7.60291996027e-09
1.56058616401e-09	-1.61648399111e-08
1.56179311387e-09	-2.17235340827e-08
1.56300006372e-09	-2.33719341658e-08
1.56420701358e-09	-2.09123944828e-08
1.56541396344e-09	-1.48197150107e-08
1.56662091329e-09	-6.12224915209e-09
1.56782786315e-09	3.71965469537e-09
1.56903481301e-09	1.30523425401e-08
1.57024176286e-09	2.02170231667e-08
1.57144871272e-09	2.3864342058e-08
1.57265566257e-09	2.32210046747e-08
1.57386261243e-09	1.82817680994e-08
1.57506956229e-09	9.90579862581e-09
1.57627651214e-09	-3.62221731776e-10
1.577483462e-09	-1.0572357434e-08
1.57869041185e-09	-1.87980067068e-08
1.57989736171e-09	-2.3546957717e-08
1.58110431157e-09	-2.40137949525e-08
1.58231126142e-09	-2.02201477784e-08
1.58351821128e-09	-1.29179691388e-08
1.58472516114e-09	-3.42458594815e-09
1.58593211099e-09	6.62489829661e-09
1.58713906085e-09	1.55411392644e-08
1.5883460107e-09	2.17996856122e-08
1.58955296056e-09	2.42998190458e-08
1.59075991042e-09	2.25279377375e-08
1.59196686027e-09	1.67199178946e-08
1.59317381013e-09	7.85043385854e-09
1.59438075998e-09	-2.49533665952e-09
1.59558770984e-09	-1.24057055739e-08
1.5967946597e-09	-2.00489562729e-08
1.59800160955e-09	-2.40203505975e-08
1.59920855941e-09	-2.36508252982e-08
1.60041550927e-09	-1.90920346199e-08
1.60162245912e-09	-1.12406532971e-08
1.60282940898e-09	-1.54797963337e-09
1.60403635883e-09	8.29851187767e-09
1.60524330869e-09	1.66234697119e-08
1.60645025855e-09	2.20441287446e-08
1.6076572084e-09	2.36602262227e-08
1.60886415826e-09	2.11822226426e-08
1.61007110811e-09	1.50222814188e-08
1.61127805797e-09	6.22074791679e-09
1.61248500783e-09	-3.6738286302e-09
1.61369195768e-09	-1.28971942015e-08
1.61489890754e-09	-1.97917202627e-08
1.6161058574e-09	-2.31263816985e-08
1.61731280725e-09	-2.23520673082e-08
1.61851975711e-09	-1.76670265084e-08
1.61972670696e-09	-9.9733479253e-09
1.62093365682e-09	-6.64570731779e-10
1.62214060668e-09	8.63543170304e-09
1.62334755653e-09	1.63413580445e-08
1.62455450639e-09	2.11777924086e-08
1.62576145624e-09	2.23365130836e-08
1.6269684061e-09	1.96393852292e-08
1.62817535596e-09	1.35462689954e-08
1.62938230581e-09	5.11469311348e-09
1.63058925567e-09	-4.16328543862e-09
1.63179620553e-09	-1.26411621171e-08
1.63300315538e-09	-1.87961854969e-08
1.63421010524e-09	-2.15576632101e-08
1.63541705509e-09	-2.04854511132e-08
1.63662400495e-09	-1.58508723924e-08
1.63783095481e-09	-8.5627667179e-09
1.63903790466e-09	4.96017532603e-11
1.64024485452e-09	8.46775427554e-09
1.64145180437e-09	1.5274310261e-08
1.64265875423e-09	1.9357662584e-08
1.64386570409e-09	2.00747036772e-08
1.64507265394e-09	1.73532463954e-08
1.6462796038e-09	1.16768843483e-08
1.64748655366e-09	4.04764743944e-09
1.64869350351e-09	-4.1987866517e-09
1.64990045337e-09	-1.16007403683e-08
1.65110740322e-09	-1.68461493644e-08
1.65231435308e-09	-1.9032492915e-08
1.65352130294e-09	-1.78267516304e-08
1.65472825279e-09	-1.35410733737e-08
1.65593520265e-09	-7.02939206843e-09
1.6571421525e-09	4.89712478902e-10
1.65834910236e-09	7.68299923681e-09
1.65955605222e-09	1.33528044177e-08
1.66076300207e-09	1.66042040117e-08
1.66196995193e-09	1.69868643596e-08
1.66317690179e-09	1.45086052061e-08
1.66438385164e-09	9.63663771003e-09
1.6655908015e-09	3.21968346428e-09
1.66679775135e-09	-3.64817115406e-09
1.66800470121e-09	-9.77155600879e-09
1.66921165107e-09	-1.40920866087e-08
1.67041860092e-09	-1.58591075827e-08
1.67162555078e-09	-1.48029124514e-08
1.67283250063e-09	-1.11862390462e-08
1.67403945049e-09	-5.73482694666e-09
1.67524640035e-09	5.06818767509e-10
1.6764533502e-09	6.41705866222e-09
1.67766030006e-09	1.09965414552e-08
1.67886724992e-09	1.35410542779e-08
1.68007419977e-09	1.37316564786e-08
1.68128114963e-09	1.16314520238e-08
1.68248809948e-09	7.66792240814e-09
1.68369504934e-09	2.53002646611e-09
1.6849019992e-09	-2.90965235239e-09
1.68610894905e-09	-7.73438657564e-09
1.68731589891e-09	-1.11282560944e-08
1.68852284877e-09	-1.251145898e-08
1.68972979862e-09	-1.16794982574e-08
1.69093674848e-09	-8.82868500529e-09
1.69214369833e-09	-4.53967641256e-09
1.69335064819e-09	3.64117798413e-10
1.69455759805e-09	4.9899169241e-09
