% time-domain current integration by openEMS v0.37.0-rc1-2-g7b051bb @Thu Aug  6 23:33:35 2026
% start-coordinates: (0.0041785,0.00717115,-0.000762) m -> [123,181,14]
% stop-coordinates: (0.00467979,0.00765914,-0.000762) m -> [132,188,14]
% t/s	current
6.68851896328e-14	0
1.27081860302e-12	0
2.47475201641e-12	0
3.67868542981e-12	0
4.8826188432e-12	0
6.08655225659e-12	0
7.29048566998e-12	0
8.49441908337e-12	0
9.69835249676e-12	0
1.09022859102e-11	0
1.21062193235e-11	0
1.33101527369e-11	0
1.45140861503e-11	0
1.57180195637e-11	0
1.69219529771e-11	0
1.81258863905e-11	0
1.93298198039e-11	0
2.05337532173e-11	0
2.17376866307e-11	0
2.29416200441e-11	2.60464781257e-35
2.41455534575e-11	9.78260034489e-32
2.53494868708e-11	1.23040213205e-28
2.65534202842e-11	6.00835477053e-26
2.77573536976e-11	1.28320848009e-23
2.8961287111e-11	1.3277874516e-21
3.01652205244e-11	7.27510195502e-20
3.13691539378e-11	2.27861003157e-18
3.25730873512e-11	4.35520551764e-17
3.37770207646e-11	5.37124397101e-16
3.4980954178e-11	4.48156789118e-15
3.61848875914e-11	2.62963648523e-14
3.73888210048e-11	1.11595465941e-13
3.85927544181e-11	3.46570618341e-13
3.97966878315e-11	7.70444255269e-13
4.10006212449e-11	1.06412871136e-12
4.22045546583e-11	6.33096776975e-15
4.34084880717e-11	-5.0336479776e-12
4.46124214851e-11	-1.80819907658e-11
4.58163548985e-11	-4.35395365594e-11
4.70202883119e-11	-8.37259150899e-11
4.82242217253e-11	-1.34481384362e-10
4.94281551387e-11	-1.78574113829e-10
5.06320885521e-11	-1.78547718277e-10
5.18360219654e-11	-7.42312669666e-11
5.30399553788e-11	2.07292821797e-10
5.42438887922e-11	7.22687298893e-10
5.54478222056e-11	1.46492351583e-09
5.6651755619e-11	2.31199437373e-09
5.78556890324e-11	3.00052604985e-09
5.90596224458e-11	3.15850590127e-09
6.02635558592e-11	2.41894038133e-09
6.14674892726e-11	5.98230076587e-10
6.2671422686e-11	-2.12804773803e-09
6.38753560994e-11	-5.15158760095e-09
6.50792895128e-11	-7.55076268177e-09
6.62832229261e-11	-8.41766922832e-09
6.74871563395e-11	-7.28251592363e-09
6.86910897529e-11	-4.43287984098e-09
6.98950231663e-11	-9.12790121266e-10
7.10989565797e-11	1.88401938495e-09
7.23028899931e-11	2.88884072219e-09
7.35068234065e-11	1.9725703293e-09
7.47107568199e-11	1.29994459641e-10
7.59146902333e-11	-9.62102952862e-10
7.71186236467e-11	1.32731547975e-10
7.83225570601e-11	3.66316799116e-09
7.95264904734e-11	8.27400636894e-09
8.07304238868e-11	1.14535252393e-08
8.19343573002e-11	1.0724610533e-08
8.31382907136e-11	5.02561769977e-09
8.4342224127e-11	-4.45489023448e-09
8.55461575404e-11	-1.44989407147e-08
8.67500909538e-11	-2.11215578361e-08
8.79540243672e-11	-2.13159214724e-08
8.91579577806e-11	-1.44407197311e-08
9.0361891194e-11	-2.56951859789e-09
9.15658246074e-11	1.03664090645e-08
9.27697580207e-11	2.02125889359e-08
9.39736914341e-11	2.42290614239e-08
9.51776248475e-11	2.19951044045e-08
9.63815582609e-11	1.52596708602e-08
9.75854916743e-11	6.93526391871e-09
9.87894250877e-11	-2.11821796214e-10
9.99933585011e-11	-4.5775494506e-09
1.01197291914e-10	-6.08026917703e-09
1.02401225328e-10	-5.85553872057e-09
1.03605158741e-10	-5.53430057337e-09
1.04809092155e-10	-6.46022391138e-09
1.06013025568e-10	-9.12688946642e-09
1.07216958981e-10	-1.29870310062e-08
1.08420892395e-10	-1.66474389829e-08
1.09624825808e-10	-1.83639450313e-08
1.10828759222e-10	-1.66782694322e-08
1.12032692635e-10	-1.0996540567e-08
1.13236626048e-10	-1.90867543992e-09
1.14440559462e-10	8.88063933502e-09
1.15644492875e-10	1.8996670903e-08
1.16848426289e-10	2.60688963749e-08
1.18052359702e-10	2.83906640419e-08
1.19256293115e-10	2.53533229966e-08
1.20460226529e-10	1.75286647419e-08
1.21664159942e-10	6.43250297472e-09
1.22868093356e-10	-5.9013367526e-09
1.24072026769e-10	-1.73651013569e-08
1.25275960182e-10	-2.61265640233e-08
1.26479893596e-10	-3.08308187869e-08
1.27683827009e-10	-3.06968033215e-08
1.28887760422e-10	-2.55640735247e-08
1.30091693836e-10	-1.59424917712e-08
1.31295627249e-10	-3.05841374448e-09
1.32499560663e-10	1.11762696875e-08
1.33703494076e-10	2.43698412561e-08
1.34907427489e-10	3.40762760231e-08
1.36111360903e-10	3.8373787703e-08
1.37315294316e-10	3.64137591191e-08
1.3851922773e-10	2.87048997905e-08
1.39723161143e-10	1.69861813504e-08
1.40927094556e-10	3.70134189964e-09
1.4213102797e-10	-8.70928040797e-09
1.43334961383e-10	-1.8415281744e-08
1.44538894797e-10	-2.44768738611e-08
1.4574282821e-10	-2.67614712612e-08
1.46946761623e-10	-2.56447592051e-08
1.48150695037e-10	-2.17171916006e-08
1.4935462845e-10	-1.56527413253e-08
1.50558561864e-10	-8.23564505481e-09
1.51762495277e-10	-4.27589685881e-10
1.5296642869e-10	6.67428778911e-09
1.54170362104e-10	1.20270131632e-08
1.55374295517e-10	1.48978260839e-08
1.5657822893e-10	1.50541499266e-08
1.57782162344e-10	1.27756418777e-08
1.58986095757e-10	8.70295302491e-09
1.60190029171e-10	3.61532848103e-09
1.61393962584e-10	-1.74587233559e-09
1.62597895997e-10	-6.74552103064e-09
1.63801829411e-10	-1.08404254462e-08
1.65005762824e-10	-1.35519409028e-08
1.66209696238e-10	-1.44828646853e-08
1.67413629651e-10	-1.33954891623e-08
1.68617563064e-10	-1.03159809584e-08
1.69821496478e-10	-5.62114399472e-09
1.71025429891e-10	-5.62303155427e-11
1.72229363305e-10	5.35476818442e-09
1.73433296718e-10	9.52454737302e-09
1.74637230131e-10	1.16059961641e-08
1.75841163545e-10	1.12954952058e-08
1.77045096958e-10	8.99617269567e-09
1.78249030372e-10	5.72190339554e-09
1.79452963785e-10	2.72519384836e-09
1.80656897198e-10	9.75344360832e-10
1.81860830612e-10	7.3416661639e-10
1.83064764025e-10	1.44960043968e-09
1.84268697438e-10	2.04694550199e-09
1.85472630852e-10	1.48433443314e-09
1.86676564265e-10	-7.03455127482e-10
1.87880497679e-10	-4.14459755405e-09
1.89084431092e-10	-7.76589992313e-09
1.90288364505e-10	-1.02517638823e-08
1.91492297919e-10	-1.05814885742e-08
1.92696231332e-10	-8.42130543077e-09
1.93900164746e-10	-4.21878576518e-09
1.95104098159e-10	9.81593695215e-10
1.96308031572e-10	5.89446447208e-09
1.97511964986e-10	9.36717103883e-09
1.98715898399e-10	1.0669633177e-08
1.99919831813e-10	9.63754764882e-09
2.01123765226e-10	6.66440680419e-09
2.02327698639e-10	2.56880916538e-09
2.03531632053e-10	-1.62869351339e-09
2.04735565466e-10	-4.9518469325e-09
2.0593949888e-10	-6.68684307925e-09
2.07143432293e-10	-6.52288179026e-09
2.08347365706e-10	-4.59002036379e-09
2.0955129912e-10	-1.4061348752e-09
2.10755232533e-10	2.25706786594e-09
2.11959165946e-10	5.55603829611e-09
2.1316309936e-10	7.7675883503e-09
2.14367032773e-10	8.45091463475e-09
2.15570966187e-10	7.53517781504e-09
2.167748996e-10	5.304532813e-09
2.17978833013e-10	2.28540586455e-09
2.19182766427e-10	-9.22170118045e-10
2.2038669984e-10	-3.79778830606e-09
2.21590633254e-10	-5.97485483311e-09
2.22794566667e-10	-7.22532877973e-09
2.2399850008e-10	-7.39280014983e-09
2.25202433494e-10	-6.34669428123e-09
2.26406366907e-10	-4.00874355933e-09
2.27610300321e-10	-4.5636672219e-10
2.28814233734e-10	3.95211863236e-09
2.30018167147e-10	8.51961345916e-09
2.31222100561e-10	1.22852421569e-08
2.32426033974e-10	1.42380658374e-08
2.33629967387e-10	1.36042990206e-08
2.34833900801e-10	1.01021244703e-08
2.36037834214e-10	4.07081479636e-09
2.37241767628e-10	-3.57078744351e-09
2.38445701041e-10	-1.15183365068e-08
2.39649634454e-10	-1.83580262103e-08
2.40853567868e-10	-2.28486012332e-08
2.42057501281e-10	-2.41505215826e-08
2.43261434695e-10	-2.19716032035e-08
2.44465368108e-10	-1.66183404815e-08
2.45669301521e-10	-8.94677754104e-09
2.46873234935e-10	-2.14354117789e-10
2.48077168348e-10	8.15661493903e-09
2.49281101762e-10	1.48615884044e-08
2.50485035175e-10	1.8975937266e-08
2.51688968588e-10	2.01178949055e-08
2.52892902002e-10	1.84689543659e-08
2.54096835415e-10	1.4651702962e-08
2.55300768829e-10	9.52242640295e-09
2.56504702242e-10	3.95281185561e-09
2.57708635655e-10	-1.32731448055e-09
2.58912569069e-10	-5.79784220633e-09
2.60116502482e-10	-9.13999098628e-09
2.61320435895e-10	-1.11870530617e-08
2.62524369309e-10	-1.18745875355e-08
2.63728302722e-10	-1.12098952343e-08
2.64932236136e-10	-9.27094845338e-09
2.66136169549e-10	-6.22457951849e-09
2.67340102962e-10	-2.35553287986e-09
2.68544036376e-10	1.91421367646e-09
2.69747969789e-10	6.04243988178e-09
2.70951903203e-10	9.43856637292e-09
2.72155836616e-10	1.15866765071e-08
2.73359770029e-10	1.21821734922e-08
2.74563703443e-10	1.12267830588e-08
2.75767636856e-10	9.02693475524e-09
2.7697157027e-10	6.08378414313e-09
2.78175503683e-10	2.91681812037e-09
2.79379437096e-10	-9.66404803404e-11
2.8058337051e-10	-2.78673240039e-09
2.81787303923e-10	-5.13777465017e-09
2.82991237337e-10	-7.16067782847e-09
2.8419517075e-10	-8.77964367874e-09
2.85399104163e-10	-9.80159686748e-09
2.86603037577e-10	-9.99118832112e-09
2.8780697099e-10	-9.19982934278e-09
2.89010904403e-10	-7.47094475173e-09
2.90214837817e-10	-5.06181274673e-09
2.9141877123e-10	-2.36908093143e-09
2.92622704644e-10	1.92301466417e-10
2.93826638057e-10	2.29631802462e-09
2.9503057147e-10	3.75564024324e-09
2.96234504884e-10	4.50953274722e-09
2.97438438297e-10	4.58050175567e-09
2.98642371711e-10	4.03509226032e-09
2.99846305124e-10	2.97281688155e-09
3.01050238537e-10	1.53645896006e-09
3.02254171951e-10	-7.66054580881e-11
3.03458105364e-10	-1.62350632937e-09
3.04662038778e-10	-2.85544055068e-09
3.05865972191e-10	-3.58316709637e-09
3.07069905604e-10	-3.73989861302e-09
3.08273839018e-10	-3.41384698288e-09
3.09477772431e-10	-2.82319567724e-09
3.10681705845e-10	-2.23349294615e-09
3.11885639258e-10	-1.84333848186e-09
3.13089572671e-10	-1.68977365433e-09
3.14293506085e-10	-1.62211288846e-09
3.15497439498e-10	-1.36846400878e-09
3.16701372911e-10	-6.73492595027e-10
3.17905306325e-10	5.55754664511e-10
3.19109239738e-10	2.16859707969e-09
3.20313173152e-10	3.79695697106e-09
3.21517106565e-10	4.9840438443e-09
3.22721039978e-10	5.35693267523e-09
3.23924973392e-10	4.76776662595e-09
3.25128906805e-10	3.34204020014e-09
3.26332840219e-10	1.42259781732e-09
3.27536773632e-10	-5.59727042493e-10
3.28740707045e-10	-2.2222159668e-09
3.29944640459e-10	-3.32088423427e-09
3.31148573872e-10	-3.76850639583e-09
3.32352507286e-10	-3.59693386187e-09
3.33556440699e-10	-2.89752488669e-09
3.34760374112e-10	-1.7785825035e-09
3.35964307526e-10	-3.55960094733e-10
3.37168240939e-10	1.23130372565e-09
3.38372174353e-10	2.8022608678e-09
3.39576107766e-10	4.13570067082e-09
3.40780041179e-10	5.00079222476e-09
3.41983974593e-10	5.21016074728e-09
3.43187908006e-10	4.67276883853e-09
3.44391841419e-10	3.4317495512e-09
3.45595774833e-10	1.6688911364e-09
3.46799708246e-10	-3.22389365204e-10
3.4800364166e-10	-2.19390017264e-09
3.49207575073e-10	-3.61394469905e-09
3.50411508486e-10	-4.339073989e-09
3.516154419e-10	-4.26716528779e-09
3.52819375313e-10	-3.45795747592e-09
3.54023308727e-10	-2.1139423545e-09
3.5522724214e-10	-5.27653365445e-10
3.56431175553e-10	9.88784387701e-10
3.57635108967e-10	2.16942130926e-09
3.5883904238e-10	2.84076229207e-09
3.60042975794e-10	2.9403892654e-09
3.61246909207e-10	2.51069187662e-09
3.6245084262e-10	1.67931635264e-09
3.63654776034e-10	6.33351648904e-10
3.64858709447e-10	-4.10209977098e-10
3.66062642861e-10	-1.24094889919e-09
3.67266576274e-10	-1.69830305374e-09
3.68470509687e-10	-1.7151166043e-09
3.69674443101e-10	-1.34398003837e-09
3.70878376514e-10	-7.48703321563e-10
3.72082309927e-10	-1.53763710098e-10
3.73286243341e-10	2.3634560975e-10
3.74490176754e-10	3.16952381008e-10
3.75694110168e-10	1.25322419109e-10
3.76898043581e-10	-1.76967940302e-10
3.78101976994e-10	-3.75854375401e-10
3.79305910408e-10	-3.01360214561e-10
3.80509843821e-10	9.35652527678e-11
3.81713777235e-10	7.04927338724e-10
3.82917710648e-10	1.31135846626e-09
3.84121644061e-10	1.65495783744e-09
3.85325577475e-10	1.5366518058e-09
3.86529510888e-10	8.93070450925e-10
3.87733444302e-10	-1.70829642099e-10
3.88937377715e-10	-1.40073985744e-09
3.90141311128e-10	-2.46194908904e-09
3.91345244542e-10	-3.03710789851e-09
3.92549177955e-10	-2.92701485272e-09
3.93753111369e-10	-2.12180362169e-09
3.94957044782e-10	-8.18323464546e-10
3.96160978195e-10	6.29542584729e-10
3.97364911609e-10	1.81678927458e-09
3.98568845022e-10	2.4167852164e-09
3.99772778435e-10	2.28980612249e-09
4.00976711849e-10	1.5296621747e-09
4.02180645262e-10	4.29772495369e-10
4.03384578676e-10	-6.20440254728e-10
4.04588512089e-10	-1.271607597e-09
4.05792445502e-10	-1.33199107299e-09
4.06996378916e-10	-8.2608786478e-10
4.08200312329e-10	2.55429566387e-11
4.09404245743e-10	8.91204887665e-10
4.10608179156e-10	1.44740797126e-09
4.11812112569e-10	1.48828793733e-09
4.13016045983e-10	9.90165505144e-10
4.14219979396e-10	1.12157547139e-10
4.1542391281e-10	-8.6509793773e-10
4.16627846223e-10	-1.63898705718e-09
4.17831779636e-10	-1.9857078204e-09
4.1903571305e-10	-1.82670001347e-09
4.20239646463e-10	-1.23818333364e-09
4.21443579877e-10	-4.04038635882e-10
4.2264751329e-10	4.64505434117e-10
4.23851446703e-10	1.20586418628e-09
4.25055380117e-10	1.74955483434e-09
4.2625931353e-10	2.10954764768e-09
4.27463246943e-10	2.3389985504e-09
4.28667180357e-10	2.4737851767e-09
4.2987111377e-10	2.49474174652e-09
4.31075047184e-10	2.32525132482e-09
4.32278980597e-10	1.8645416322e-09
4.3348291401e-10	1.04232600329e-09
4.34686847424e-10	-1.27928709293e-10
4.35890780837e-10	-1.51990742214e-09
4.37094714251e-10	-2.90185275809e-09
4.38298647664e-10	-3.98435595628e-09
4.39502581077e-10	-4.4969930002e-09
4.40706514491e-10	-4.273642773e-09
4.41910447904e-10	-3.31553517974e-09
4.43114381318e-10	-1.80738746192e-09
4.44318314731e-10	-7.51580325753e-11
4.45522248144e-10	1.50330425885e-09
4.46726181558e-10	2.60733590274e-09
4.47930114971e-10	3.06119329885e-09
4.49134048384e-10	2.87218493433e-09
4.50337981798e-10	2.20632223602e-09
4.51541915211e-10	1.31789767988e-09
4.52745848625e-10	4.5885986677e-10
4.53949782038e-10	-1.9664202211e-10
4.55153715451e-10	-5.90884452478e-10
4.56357648865e-10	-7.75293607091e-10
4.57561582278e-10	-8.67374283509e-10
4.58765515692e-10	-9.90817317081e-10
4.59969449105e-10	-1.22005572312e-09
4.61173382518e-10	-1.54789081552e-09
4.62377315932e-10	-1.88516025013e-09
4.63581249345e-10	-2.09152761776e-09
4.64785182759e-10	-2.02580174857e-09
4.65989116172e-10	-1.59954793855e-09
4.67193049585e-10	-8.15922496233e-10
4.68396982999e-10	2.17484114051e-10
4.69600916412e-10	1.30828192724e-09
4.70804849826e-10	2.22589191523e-09
4.72008783239e-10	2.76289080503e-09
4.73212716652e-10	2.79442069484e-09
4.74416650066e-10	2.31812502527e-09
4.75620583479e-10	1.4608911858e-09
4.76824516892e-10	4.47191644826e-10
4.78028450306e-10	-4.63815874596e-10
4.79232383719e-10	-1.05412756302e-09
4.80436317133e-10	-1.21190901758e-09
4.81640250546e-10	-9.62524171477e-10
4.82844183959e-10	-4.54770526792e-10
4.84048117373e-10	9.48926562327e-11
4.85252050786e-10	4.78741546406e-10
4.864559842e-10	5.68938229861e-10
4.87659917613e-10	3.57186447086e-10
4.88863851026e-10	-4.96521400384e-11
4.9006778444e-10	-4.7503662115e-10
4.91271717853e-10	-7.40953409739e-10
4.92475651267e-10	-7.32849003704e-10
4.9367958468e-10	-4.38385827639e-10
4.94883518093e-10	5.29553068063e-11
4.96087451507e-10	5.86611148545e-10
4.9729138492e-10	1.00051344987e-09
4.98495318334e-10	1.18144571903e-09
4.99699251747e-10	1.10040965229e-09
5.0090318516e-10	8.15026879319e-10
5.02107118574e-10	4.40649822187e-10
5.03311051987e-10	1.01703520605e-10
5.045149854e-10	-1.16908926984e-10
5.05718918814e-10	-2.00934741068e-10
5.06922852227e-10	-2.07635270089e-10
5.08126785641e-10	-2.36682368149e-10
5.09330719054e-10	-3.81860792986e-10
5.10534652467e-10	-6.81723566487e-10
5.11738585881e-10	-1.09077569199e-09
5.12942519294e-10	-1.48432199865e-09
5.14146452708e-10	-1.6999893715e-09
5.15350386121e-10	-1.60025337426e-09
5.16554319534e-10	-1.13454767803e-09
5.17758252948e-10	-3.73450076419e-10
5.18962186361e-10	5.01831298738e-10
5.20166119775e-10	1.25372279225e-09
5.21370053188e-10	1.66780156352e-09
5.22573986601e-10	1.62619762101e-09
5.23777920015e-10	1.14861120615e-09
5.24981853428e-10	3.83637066559e-10
5.26185786842e-10	-4.42886644025e-10
5.27389720255e-10	-1.10385267593e-09
5.28593653668e-10	-1.44087741738e-09
5.29797587082e-10	-1.40665823434e-09
5.31001520495e-10	-1.06823305757e-09
5.32205453908e-10	-5.7412075094e-10
5.33409387322e-10	-9.95616297739e-11
5.34613320735e-10	2.12442952119e-10
5.35817254149e-10	2.95487051494e-10
5.37021187562e-10	1.76777092964e-10
5.38225120975e-10	-3.71964438417e-11
5.39429054389e-10	-2.02948866046e-10
5.40632987802e-10	-1.94863514213e-10
5.41836921216e-10	4.45550089878e-11
5.43040854629e-10	4.78765027623e-10
5.44244788042e-10	9.85346026994e-10
5.45448721456e-10	1.39660660814e-09
5.46652654869e-10	1.55888857378e-09
5.47856588283e-10	1.38873701427e-09
5.49060521696e-10	9.06477393148e-10
5.50264455109e-10	2.34077451866e-10
5.51468388523e-10	-4.415758037e-10
5.52672321936e-10	-9.27946941509e-10
5.5387625535e-10	-1.08852338254e-09
5.55080188763e-10	-8.86987649995e-10
5.56284122176e-10	-3.99491134617e-10
5.5748805559e-10	2.09921274807e-10
5.58691989003e-10	7.42808092813e-10
5.59895922416e-10	1.03147834718e-09
5.6109985583e-10	9.93944149208e-10
5.62303789243e-10	6.58826271316e-10
5.63507722657e-10	1.52168666556e-10
5.6471165607e-10	-3.5018596356e-10
5.65915589483e-10	-6.85540457734e-10
5.67119522897e-10	-7.598707219e-10
5.6832345631e-10	-5.75614222953e-10
5.69527389724e-10	-2.23101176422e-10
5.70731323137e-10	1.58477134193e-10
5.7193525655e-10	4.33871188976e-10
5.73139189964e-10	5.18702414354e-10
5.74343123377e-10	4.04481198535e-10
5.75547056791e-10	1.54993448631e-10
5.76750990204e-10	-1.21748472415e-10
5.77954923617e-10	-3.15111103877e-10
5.79158857031e-10	-3.52283507921e-10
5.80362790444e-10	-2.24223847822e-10
5.81566723858e-10	1.23897732351e-11
5.82770657271e-10	2.57550175631e-10
5.83974590684e-10	4.07468198071e-10
5.85178524098e-10	3.96540994485e-10
5.86382457511e-10	2.2531987387e-10
5.87586390924e-10	-3.73143217713e-11
5.88790324338e-10	-2.79750472787e-10
5.89994257751e-10	-3.91643106834e-10
5.91198191165e-10	-3.0935004558e-10
5.92402124578e-10	-4.42123490596e-11
5.93606057991e-10	3.17843640296e-10
5.94809991405e-10	6.4577698744e-10
5.96013924818e-10	8.10716327404e-10
5.97217858232e-10	7.34075411568e-10
5.98421791645e-10	4.1816283769e-10
5.99625725058e-10	-5.06499772679e-11
6.00829658472e-10	-5.28343868655e-10
6.02033591885e-10	-8.59517013119e-10
6.03237525299e-10	-9.28289167756e-10
6.04441458712e-10	-6.97265578609e-10
6.05645392125e-10	-2.20814935781e-10
6.06849325539e-10	3.71266156707e-10
6.08053258952e-10	9.15409137381e-10
6.09257192366e-10	1.26617172302e-09
6.10461125779e-10	1.34157074339e-09
6.11665059192e-10	1.14564580045e-09
6.12868992606e-10	7.61319562947e-10
6.14072926019e-10	3.16332238182e-10
6.15276859432e-10	-6.34647820408e-11
6.16480792846e-10	-2.96246471798e-10
6.17684726259e-10	-3.66565999776e-10
6.18888659673e-10	-3.20840548573e-10
6.20092593086e-10	-2.40232361781e-10
6.21296526499e-10	-2.02619143685e-10
6.22500459913e-10	-2.49697484911e-10
6.23704393326e-10	-3.70831171326e-10
6.2490832674e-10	-5.09004061122e-10
6.26112260153e-10	-5.85423320931e-10
6.27316193566e-10	-5.31920674174e-10
6.2852012698e-10	-3.19672732729e-10
6.29724060393e-10	2.6849486176e-11
6.30927993807e-10	4.34936336946e-10
6.3213192722e-10	8.05480793176e-10
6.33335860633e-10	1.04352415597e-09
6.34539794047e-10	1.08687958633e-09
6.3574372746e-10	9.23869258873e-10
6.36947660874e-10	5.95277105386e-10
6.38151594287e-10	1.81024986667e-10
6.393555277e-10	-2.23355625661e-10
6.40559461114e-10	-5.32990152013e-10
6.41763394527e-10	-6.95198953959e-10
6.4296732794e-10	-7.00504654283e-10
6.44171261354e-10	-5.8101506939e-10
6.45375194767e-10	-3.97045618605e-10
6.46579128181e-10	-2.161990309e-10
6.47783061594e-10	-9.14556971821e-11
6.48986995007e-10	-4.53111992371e-11
6.50190928421e-10	-6.55361875879e-11
6.51394861834e-10	-1.13116460643e-10
6.52598795248e-10	-1.3988736558e-10
6.53802728661e-10	-1.08895246986e-10
6.55006662074e-10	-1.00032091985e-11
6.56210595488e-10	1.34803085361e-10
6.57414528901e-10	2.77945499949e-10
6.58618462315e-10	3.62324781289e-10
6.59822395728e-10	3.41900313616e-10
6.61026329141e-10	1.9957241415e-10
6.62230262555e-10	-4.28316132561e-11
6.63434195968e-10	-3.27380511589e-10
6.64638129382e-10	-5.75305858508e-10
6.65842062795e-10	-7.11042058565e-10
6.67045996208e-10	-6.87598034066e-10
6.68249929622e-10	-5.03623864834e-10
6.69453863035e-10	-2.05838623923e-10
6.70657796448e-10	1.25893809266e-10
6.71861729862e-10	4.04800748477e-10
6.73065663275e-10	5.6503002277e-10
6.74269596689e-10	5.80912984383e-10
6.75473530102e-10	4.70749772497e-10
6.76677463515e-10	2.85821227797e-10
6.77881396929e-10	9.005845375e-11
6.79085330342e-10	-6.07857375545e-11
6.80289263756e-10	-1.33939290214e-10
6.81493197169e-10	-1.25426780073e-10
6.82697130582e-10	-5.70299710234e-11
6.83901063996e-10	3.36858804739e-11
6.85104997409e-10	1.06671303735e-10
6.86308930823e-10	1.33286756632e-10
6.87512864236e-10	1.0630873265e-10
6.88716797649e-10	4.29115389056e-11
6.89920731063e-10	-2.20421580294e-11
6.91124664476e-10	-5.05285951968e-11
6.92328597889e-10	-1.81842180202e-11
6.93532531303e-10	7.33600472036e-11
6.94736464716e-10	1.952910611e-10
6.9594039813e-10	3.01717012485e-10
6.97144331543e-10	3.47704309789e-10
6.98348264956e-10	3.06831698937e-10
6.9955219837e-10	1.81570106172e-10
7.00756131783e-10	2.94419913796e-12
7.01960065197e-10	-1.79267087286e-10
7.0316399861e-10	-3.11864478686e-10
7.04367932023e-10	-3.53864715308e-10
7.05571865437e-10	-2.8854477141e-10
7.0677579885e-10	-1.29288621475e-10
7.07979732264e-10	8.25685214645e-11
7.09183665677e-10	2.87934398546e-10
7.1038759909e-10	4.26569196632e-10
7.11591532504e-10	4.55758236706e-10
7.12795465917e-10	3.65099867006e-10
7.13999399331e-10	1.8093877785e-10
7.15203332744e-10	-4.21076437607e-11
7.16407266157e-10	-2.40298447807e-10
7.17611199571e-10	-3.63170632456e-10
7.18815132984e-10	-3.90396104333e-10
7.20019066397e-10	-3.36585759264e-10
7.21222999811e-10	-2.42139114315e-10
7.22426933224e-10	-1.55014487357e-10
7.23630866638e-10	-1.11142026138e-10
7.24834800051e-10	-1.20947904469e-10
7.26038733464e-10	-1.66732433415e-10
7.27242666878e-10	-2.11166376052e-10
7.28446600291e-10	-2.1290397223e-10
7.29650533705e-10	-1.43649966922e-10
7.30854467118e-10	-8.37715747465e-13
7.32058400531e-10	1.88622339969e-10
7.33262333945e-10	3.74857617169e-10
7.34466267358e-10	5.00102459444e-10
7.35670200772e-10	5.17786424847e-10
7.36874134185e-10	4.09424882886e-10
7.38078067598e-10	1.93190838327e-10
7.39282001012e-10	-7.90706181086e-11
7.40485934425e-10	-3.36021238612e-10
7.41689867839e-10	-5.08271924549e-10
7.42893801252e-10	-5.49757184221e-10
7.44097734665e-10	-4.52181153632e-10
7.45301668079e-10	-2.47149883892e-10
7.46505601492e-10	4.26468062253e-12
7.47709534905e-10	2.31710844956e-10
7.48913468319e-10	3.78181180816e-10
7.50117401732e-10	4.17375967121e-10
7.51321335146e-10	3.59939161809e-10
7.52525268559e-10	2.46510811763e-10
7.53729201972e-10	1.30805019594e-10
7.54933135386e-10	5.87902782012e-11
7.56137068799e-10	5.24099479093e-11
7.57341002213e-10	1.02982775085e-10
7.58544935626e-10	1.76535203122e-10
7.59748869039e-10	2.28626784171e-10
7.60952802453e-10	2.22465310062e-10
7.62156735866e-10	1.44121409251e-10
7.6336066928e-10	9.04697931153e-12
7.64564602693e-10	-1.42191980412e-10
7.65768536106e-10	-2.5779195445e-10
7.6697246952e-10	-2.93329194267e-10
7.68176402933e-10	-2.28505936395e-10
7.69380336347e-10	-7.62461344062e-11
7.7058426976e-10	1.20164850292e-10
7.71788203173e-10	3.00916291884e-10
7.72992136587e-10	4.10395079031e-10
7.7419607e-10	4.16443546314e-10
7.75400003413e-10	3.21485310595e-10
7.76603936827e-10	1.60660901249e-10
7.7780787024e-10	-1.1905643138e-11
7.79011803654e-10	-1.4321818731e-10
7.80215737067e-10	-1.9988871669e-10
7.8141967048e-10	-1.78005291063e-10
7.82623603894e-10	-1.01676868314e-10
7.83827537307e-10	-1.1460764629e-11
7.85031470721e-10	5.1833582565e-11
7.86235404134e-10	6.18269532793e-11
7.87439337547e-10	1.50007853361e-11
7.88643270961e-10	-6.96439364511e-11
7.89847204374e-10	-1.58509219639e-10
7.91051137788e-10	-2.16180004453e-10
7.92255071201e-10	-2.18414911157e-10
7.93459004614e-10	-1.61315918956e-10
7.94662938028e-10	-6.32548735613e-11
7.95866871441e-10	4.13651612963e-11
7.97070804855e-10	1.14722814581e-10
7.98274738268e-10	1.30119831576e-10
7.99478671681e-10	8.28830268307e-11
8.00682605095e-10	-6.91693577415e-12
8.01886538508e-10	-1.0155525032e-10
8.03090471921e-10	-1.59684918066e-10
8.04294405335e-10	-1.52182932922e-10
8.05498338748e-10	-7.34308100436e-11
8.06702272162e-10	5.63525441588e-11
8.07906205575e-10	1.98005042917e-10
8.09110138988e-10	3.06924236027e-10
8.10314072402e-10	3.47744361084e-10
8.11518005815e-10	3.05406533396e-10
8.12721939229e-10	1.89171844855e-10
8.13925872642e-10	2.91957152898e-11
8.15129806055e-10	-1.32701349909e-10
8.16333739469e-10	-2.55173021602e-10
8.17537672882e-10	-3.0873889556e-10
8.18741606296e-10	-2.83659873368e-10
8.19945539709e-10	-1.91884078071e-10
8.21149473122e-10	-6.27148818988e-11
8.22353406536e-10	6.70063865504e-11
8.23557339949e-10	1.64689928361e-10
8.24761273363e-10	2.12060896621e-10
8.25965206776e-10	2.09725597999e-10
8.27169140189e-10	1.74758346683e-10
8.28373073603e-10	1.32590854962e-10
8.29577007016e-10	1.06516184761e-10
8.30780940429e-10	1.09166627127e-10
8.31984873843e-10	1.3883062755e-10
8.33188807256e-10	1.81664072674e-10
8.3439274067e-10	2.18167275912e-10
8.35596674083e-10	2.31158786557e-10
8.36800607496e-10	2.1199590694e-10
8.3800454091e-10	1.63394867081e-10
8.39208474323e-10	9.79544570456e-11
8.40412407737e-10	3.32753095911e-11
8.4161634115e-10	-1.43533344932e-11
8.42820274563e-10	-3.56262519485e-11
8.44024207977e-10	-3.11361214589e-11
8.4522814139e-10	-1.06192936389e-11
8.46432074804e-10	1.12246462125e-11
8.47636008217e-10	2.07830697097e-11
8.4883994163e-10	1.09457486477e-11
8.50043875044e-10	-1.60443030389e-11
8.51247808457e-10	-4.93976803906e-11
8.52451741871e-10	-7.39058328425e-11
8.53655675284e-10	-7.57956961084e-11
8.54859608697e-10	-4.8170353123e-11
8.56063542111e-10	5.99965346501e-12
8.57267475524e-10	7.44083822335e-11
8.58471408937e-10	1.39044178948e-10
8.59675342351e-10	1.819469575e-10
8.60879275764e-10	1.90816057399e-10
8.62083209178e-10	1.62701560558e-10
8.63287142591e-10	1.04555065994e-10
8.64491076004e-10	3.05415068236e-11
8.65695009418e-10	-4.25787322067e-11
8.66898942831e-10	-1.00614815091e-10
8.68102876245e-10	-1.35483735342e-10
8.69306809658e-10	-1.46544457125e-10
8.70510743071e-10	-1.39317890557e-10
8.71714676485e-10	-1.22626589438e-10
8.72918609898e-10	-1.05042093079e-10
8.74122543312e-10	-9.19129772292e-11
8.75326476725e-10	-8.3859259814e-11
8.76530410138e-10	-7.67597027607e-11
8.77734343552e-10	-6.37238456447e-11
8.78938276965e-10	-3.80538274503e-11
8.80142210379e-10	3.42847928866e-12
8.81346143792e-10	5.81772338637e-11
8.82550077205e-10	1.17562751201e-10
8.83754010619e-10	1.68857108851e-10
8.84957944032e-10	1.99056590655e-10
8.86161877445e-10	1.99030958381e-10
8.87365810859e-10	1.66595043316e-10
8.88569744272e-10	1.07322518927e-10
8.89773677686e-10	3.30881572141e-11
8.90977611099e-10	-4.12394146609e-11
8.92181544512e-10	-1.01446524792e-10
8.93385477926e-10	-1.369943603e-10
8.94589411339e-10	-1.42882927712e-10
8.95793344753e-10	-1.201134886e-10
8.96997278166e-10	-7.50408277184e-11
8.98201211579e-10	-1.75399018226e-11
8.99405144993e-10	4.13776582442e-11
9.00609078406e-10	9.23841697587e-11
9.0181301182e-10	1.30013708133e-10
9.03016945233e-10	1.53449447593e-10
9.04220878646e-10	1.65676833364e-10
9.0542481206e-10	1.71137118365e-10
9.06628745473e-10	1.7323376067e-10
9.07832678886e-10	1.72633990436e-10
9.090366123e-10	1.67358474301e-10
9.10240545713e-10	1.54184165435e-10
9.11444479127e-10	1.30649741026e-10
9.1264841254e-10	9.64666888037e-11
9.13852345953e-10	5.38901527569e-11
9.15056279367e-10	7.07467504718e-12
9.1626021278e-10	-3.88422384534e-11
9.17464146194e-10	-7.85231255018e-11
9.18668079607e-10	-1.07188431742e-10
9.1987201302e-10	-1.21121460084e-10
9.21075946434e-10	-1.18741919075e-10
9.22279879847e-10	-1.01314144574e-10
9.23483813261e-10	-7.31491880956e-11
9.24687746674e-10	-4.05273418991e-11
9.25891680087e-10	-9.62529795451e-12
9.27095613501e-10	1.57020819957e-11
9.28299546914e-10	3.53186264956e-11
9.29503480328e-10	5.23645987682e-11
9.30707413741e-10	7.10893427458e-11
9.31911347154e-10	9.42026665007e-11
9.33115280568e-10	1.20777471357e-10
9.34319213981e-10	1.45882639302e-10
9.35523147394e-10	1.62018523597e-10
9.36727080808e-10	1.61680988042e-10
9.37931014221e-10	1.39891404016e-10
9.39134947635e-10	9.59428786418e-11
9.40338881048e-10	3.38656949705e-11
9.41542814461e-10	-3.82242085206e-11
9.42746747875e-10	-1.0976251158e-10
9.43950681288e-10	-1.69797814698e-10
9.45154614702e-10	-2.09209941038e-10
9.46358548115e-10	-2.2264386168e-10
9.47562481528e-10	-2.09433845266e-10
9.48766414942e-10	-1.73390107827e-10
