% time-domain voltage integration by openEMS v0.37.0-rc1-2-g7b051bb @Sat Aug  8 20:17:06 2026
% start-coordinates: (0.00161438,0.00262109,-0.000762) m -> [55,69,14]
% stop-coordinates: (0.00189632,0.00262109,-0.000762) m -> [59,69,14]
% t/s	voltage
0	0
1.20694985616e-12	0
2.41389971232e-12	0
3.62084956847e-12	0
4.82779942463e-12	0
6.03474928079e-12	4.54552657759e-37
7.24169913695e-12	-6.07216829569e-32
8.44864899311e-12	-2.30499082123e-26
9.65559884926e-12	-1.3452144934e-22
1.08625487054e-11	-1.24935091436e-19
1.20694985616e-11	-2.97851025396e-17
1.32764484177e-11	-2.43361152543e-15
1.44833982739e-11	-8.38436968914e-14
1.56903481301e-11	-1.42145800339e-12
1.68972979862e-11	-1.32985671086e-11
1.81042478424e-11	-7.47255035627e-11
1.93111976985e-11	-2.67187948849e-10
2.05181475547e-11	-6.18383927398e-10
2.17250974108e-11	-8.30332733126e-10
2.2932047267e-11	2.60609606811e-11
2.41389971232e-11	3.67767694076e-09
2.53459469793e-11	1.27049142318e-08
2.65528968355e-11	3.02402582975e-08
2.77598466916e-11	5.82758366008e-08
2.89667965478e-11	9.39346449513e-08
3.01737464039e-11	1.24464737183e-07
3.13806962601e-11	1.2285490314e-07
3.25876461163e-11	4.64623681751e-08
3.37945959724e-11	-1.56265976159e-07
3.50015458286e-11	-5.26100436105e-07
3.62084956847e-11	-1.05918347515e-06
3.74154455409e-11	-1.67040579413e-06
3.86223953971e-11	-2.17182127926e-06
3.98293452532e-11	-2.28994599638e-06
4.10362951094e-11	-1.73759516997e-06
4.22432449655e-11	-3.37509590054e-07
4.34501948217e-11	1.84283970839e-06
4.46571446778e-11	4.40557425918e-06
4.5864094534e-11	6.65554352963e-06
4.70710443902e-11	7.7793077935e-06
4.82779942463e-11	7.1415219054e-06
4.94849441025e-11	4.58347233234e-06
5.06918939586e-11	5.93851389397e-07
5.18988438148e-11	-3.76695652449e-06
5.3105793671e-11	-7.19256888715e-06
5.43127435271e-11	-8.60541899783e-06
5.55196933833e-11	-7.57803263696e-06
5.67266432394e-11	-4.5194882432e-06
5.79335930956e-11	-5.3078767337e-07
5.91405429517e-11	3.01425632188e-06
6.03474928079e-11	4.98135887028e-06
6.15544426641e-11	4.86815133627e-06
6.27613925202e-11	2.92844106298e-06
6.39683423764e-11	8.36008773319e-09
6.51752922325e-11	-2.80589512158e-06
6.63822420887e-11	-4.57493507611e-06
6.75891919448e-11	-4.78222250422e-06
6.8796141801e-11	-3.43729431052e-06
7.00030916572e-11	-1.00218456112e-06
7.12100415133e-11	1.79581505222e-06
7.24169913695e-11	4.19568755206e-06
7.36239412256e-11	5.60981868603e-06
7.48308910818e-11	5.75914737055e-06
7.6037840938e-11	4.71117084544e-06
7.72447907941e-11	2.81762959276e-06
7.84517406503e-11	5.82266991955e-07
7.96586905064e-11	-1.49688946749e-06
8.08656403626e-11	-3.05695630232e-06
8.20725902187e-11	-3.93051965375e-06
8.32795400749e-11	-4.12962964447e-06
8.44864899311e-11	-3.77582176725e-06
8.56934397872e-11	-3.02013694409e-06
8.69003896434e-11	-1.98944516683e-06
8.81073394995e-11	-7.82831492074e-07
8.93142893557e-11	4.97590882276e-07
9.05212392118e-11	1.71118259118e-06
9.1728189068e-11	2.67009784238e-06
9.29351389242e-11	3.17529446647e-06
9.41420887803e-11	3.08435539864e-06
9.53490386365e-11	2.38379624307e-06
9.65559884926e-11	1.22412606629e-06
9.77629383488e-11	-1.05305639764e-07
9.8969888205e-11	-1.25888118419e-06
1.00176838061e-10	-1.94412626797e-06
1.01383787917e-10	-2.0192731256e-06
1.02590737773e-10	-1.53837939365e-06
1.0379768763e-10	-7.22525030028e-07
1.05004637486e-10	1.27267927752e-07
1.06211587342e-10	7.45501466781e-07
1.07418537198e-10	9.95282917415e-07
1.08625487054e-10	9.00986179886e-07
1.0983243691e-10	6.06620517374e-07
1.11039386767e-10	2.84380782034e-07
1.12246336623e-10	4.25996855569e-08
1.13453286479e-10	-1.17811156386e-07
1.14660236335e-10	-2.72104259125e-07
1.15867186191e-10	-4.95256713862e-07
1.17074136047e-10	-7.81097412528e-07
1.18281085903e-10	-1.01985702372e-06
1.1948803576e-10	-1.04965963033e-06
1.20694985616e-10	-7.57014589681e-07
1.21901935472e-10	-1.622157626e-07
1.23108885328e-10	5.64992461705e-07
1.24315835184e-10	1.17516304954e-06
1.2552278504e-10	1.4570211988e-06
1.26729734897e-10	1.33507052169e-06
1.27936684753e-10	8.9398835712e-07
1.29143634609e-10	3.18283419176e-07
1.30350584465e-10	-2.07040976363e-07
1.31557534321e-10	-5.7860593472e-07
1.32764484177e-10	-7.90686371488e-07
1.33971434034e-10	-8.92773186933e-07
1.3517838389e-10	-9.24222234744e-07
1.36385333746e-10	-8.76332975963e-07
1.37592283602e-10	-7.06017445395e-07
1.38799233458e-10	-3.86006838937e-07
1.40006183314e-10	4.77980579561e-08
1.4121313317e-10	4.89451380759e-07
1.42420083027e-10	8.03724077514e-07
1.43627032883e-10	8.88703496571e-07
1.44833982739e-10	7.23627280763e-07
1.46040932595e-10	3.73508733276e-07
1.47247882451e-10	-4.57767281858e-08
1.48454832307e-10	-4.2307424053e-07
1.49661782164e-10	-6.88672088245e-07
1.5086873202e-10	-8.22591914584e-07
1.52075681876e-10	-8.35571270841e-07
1.53282631732e-10	-7.45398807567e-07
1.54489581588e-10	-5.64369379674e-07
1.55696531444e-10	-3.06106734627e-07
1.56903481301e-10	-1.55999657636e-10
1.58110431157e-10	3.01343561659e-07
1.59317381013e-10	5.36460873946e-07
1.60524330869e-10	6.57094048506e-07
1.61731280725e-10	6.51487567893e-07
1.62938230581e-10	5.52023301736e-07
1.64145180437e-10	4.20761125497e-07
1.65352130294e-10	3.22440818934e-07
1.6655908015e-10	2.96545078271e-07
1.67766030006e-10	3.46979710741e-07
1.68972979862e-10	4.45038196517e-07
1.70179929718e-10	5.46096764253e-07
1.71386879574e-10	6.08708660366e-07
1.72593829431e-10	6.08817771308e-07
1.73800779287e-10	5.46228775988e-07
1.75007729143e-10	4.41891963021e-07
1.76214678999e-10	3.34285012116e-07
1.77421628855e-10	2.66733444221e-07
1.78628578711e-10	2.73694947595e-07
1.79835528568e-10	3.63107190537e-07
1.81042478424e-10	5.05597881784e-07
1.8224942828e-10	6.36524745801e-07
1.83456378136e-10	6.75367417102e-07
1.84663327992e-10	5.60506052238e-07
1.85870277848e-10	2.81592605234e-07
1.87077227704e-10	-1.03575146682e-07
1.88284177561e-10	-4.83884569746e-07
1.89491127417e-10	-7.35611692448e-07
1.90698077273e-10	-7.75032617639e-07
1.91905027129e-10	-5.9589891066e-07
1.93111976985e-10	-2.77139250215e-07
1.94318926841e-10	4.48253798524e-08
1.95525876698e-10	2.28828085369e-07
1.96732826554e-10	1.79661643784e-07
1.9793977641e-10	-1.16992982413e-07
1.99146726266e-10	-5.90994666538e-07
2.00353676122e-10	-1.10839512502e-06
2.01560625978e-10	-1.51210846866e-06
2.02767575835e-10	-1.66798565715e-06
2.03974525691e-10	-1.50654716435e-06
2.05181475547e-10	-1.04832194836e-06
2.06388425403e-10	-4.0364918874e-07
2.07595375259e-10	2.55701596785e-07
2.08802325115e-10	7.52161909645e-07
2.10009274971e-10	9.6308758657e-07
2.11216224828e-10	8.65456001975e-07
2.12423174684e-10	5.42645032908e-07
2.1363012454e-10	1.47650412785e-07
2.14837074396e-10	-1.60999469756e-07
2.16044024252e-10	-2.82776998262e-07
2.17250974108e-10	-2.08571723448e-07
2.18457923965e-10	-1.2953911277e-08
2.19664873821e-10	1.87979491528e-07
2.20871823677e-10	2.90094611444e-07
2.22078773533e-10	2.4254027764e-07
2.23285723389e-10	6.28030889516e-08
2.24492673245e-10	-1.75173855865e-07
2.25699623102e-10	-3.71836328839e-07
2.26906572958e-10	-4.38417913529e-07
2.28113522814e-10	-3.30883757726e-07
2.2932047267e-10	-7.01973768003e-08
2.30527422526e-10	2.5672665771e-07
2.31734372382e-10	5.21057025082e-07
2.32941322238e-10	5.96953455556e-07
2.34148272095e-10	4.13706295888e-07
2.35355221951e-10	-4.63735405631e-09
2.36562171807e-10	-5.37180852689e-07
2.37769121663e-10	-1.00292037075e-06
2.38976071519e-10	-1.2298533818e-06
2.40183021375e-10	-1.12356542559e-06
2.41389971232e-10	-7.07967217295e-07
2.42596921088e-10	-1.167299164e-07
2.43803870944e-10	4.58936455061e-07
2.450108208e-10	8.42365551534e-07
2.46217770656e-10	9.33740480491e-07
2.47424720512e-10	7.36448768635e-07
2.48631670369e-10	3.42877179094e-07
2.49838620225e-10	-1.09651498548e-07
2.51045570081e-10	-4.90229460581e-07
2.52252519937e-10	-7.13606738145e-07
2.53459469793e-10	-7.53942089204e-07
2.54666419649e-10	-6.37946499182e-07
2.55873369505e-10	-4.21477146517e-07
2.57080319362e-10	-1.67191036127e-07
2.58287269218e-10	7.40426369106e-08
2.59494219074e-10	2.69700979771e-07
2.6070116893e-10	4.0529054246e-07
2.61908118786e-10	4.7787543167e-07
2.63115068642e-10	4.90349670201e-07
2.64322018499e-10	4.47075606758e-07
2.65528968355e-10	3.53116128338e-07
2.66735918211e-10	2.17529763091e-07
2.67942868067e-10	5.5390382947e-08
2.69149817923e-10	-1.1010195955e-07
2.70356767779e-10	-2.5109657642e-07
2.71563717636e-10	-3.40674723986e-07
2.72770667492e-10	-3.6060935571e-07
2.73977617348e-10	-3.07248214426e-07
2.75184567204e-10	-1.91845703768e-07
2.7639151706e-10	-3.66288537279e-08
2.77598466916e-10	1.30263103415e-07
2.78805416772e-10	2.80852418655e-07
2.80012366629e-10	3.88730015288e-07
2.81219316485e-10	4.30530135986e-07
2.82426266341e-10	3.87581145844e-07
2.83633216197e-10	2.53013869411e-07
2.84840166053e-10	3.96397448199e-08
2.86047115909e-10	-2.14022719547e-07
2.87254065766e-10	-4.47070291898e-07
2.88461015622e-10	-5.92899979779e-07
2.89667965478e-10	-6.01903167308e-07
2.90874915334e-10	-4.64865337335e-07
2.9208186519e-10	-2.21051656979e-07
2.93288815046e-10	5.28588097737e-08
2.94495764903e-10	2.71062045698e-07
2.95702714759e-10	3.72158751816e-07
2.96909664615e-10	3.41139283933e-07
2.98116614471e-10	2.11257329852e-07
2.99323564327e-10	4.4754162154e-08
3.00530514183e-10	-9.73959846107e-08
3.01737464039e-10	-1.79882626128e-07
3.02944413896e-10	-2.0148640445e-07
3.04151363752e-10	-1.85339480652e-07
3.05358313608e-10	-1.58668800765e-07
3.06565263464e-10	-1.35771440313e-07
3.0777221332e-10	-1.12357740889e-07
3.08979163176e-10	-7.35309519939e-08
3.10186113033e-10	-8.35652480546e-09
3.11393062889e-10	7.87445113559e-08
3.12600012745e-10	1.67040031585e-07
3.13806962601e-10	2.28407646574e-07
3.15013912457e-10	2.40527679551e-07
3.16220862313e-10	1.97387617362e-07
3.1742781217e-10	1.11048263918e-07
3.18634762026e-10	5.95882987398e-09
3.19841711882e-10	-9.04664663182e-08
3.21048661738e-10	-1.5699959377e-07
3.22255611594e-10	-1.81944567856e-07
3.2346256145e-10	-1.63860963909e-07
3.24669511307e-10	-1.09407810811e-07
3.25876461163e-10	-3.1185508842e-08
3.27083411019e-10	5.31223749434e-08
3.28290360875e-10	1.23280489817e-07
3.29497310731e-10	1.59404624611e-07
3.30704260587e-10	1.4860034625e-07
3.31911210443e-10	9.0322068047e-08
3.331181603e-10	-5.7360960426e-10
3.34325110156e-10	-9.68602140716e-08
3.35532060012e-10	-1.68726721483e-07
3.36739009868e-10	-1.94696319511e-07
3.37945959724e-10	-1.72194443593e-07
3.3915290958e-10	-1.18174380503e-07
3.40359859437e-10	-6.18198514601e-08
3.41566809293e-10	-3.00390228247e-08
3.42773759149e-10	-3.34742251695e-08
3.43980709005e-10	-6.07765331395e-08
3.45187658861e-10	-8.33252435939e-08
3.46394608717e-10	-7.07595573246e-08
3.47601558574e-10	-7.76343545006e-09
3.4880850843e-10	9.47487190928e-08
3.50015458286e-10	2.01553891799e-07
3.51222408142e-10	2.6716293533e-07
3.52429357998e-10	2.56136274857e-07
3.53636307854e-10	1.60426662177e-07
3.5484325771e-10	5.35922084488e-09
3.56050207567e-10	-1.5877720827e-07
3.57257157423e-10	-2.75378511105e-07
3.58464107279e-10	-3.02854680001e-07
3.59671057135e-10	-2.29636416549e-07
3.60878006991e-10	-7.66382957096e-08
3.62084956847e-10	1.11481297083e-07
3.63291906704e-10	2.83242435728e-07
3.6449885656e-10	3.95922924668e-07
3.65705806416e-10	4.26539699561e-07
3.66912756272e-10	3.73925608699e-07
3.68119706128e-10	2.54363154539e-07
3.69326655984e-10	9.52257508402e-08
3.70533605841e-10	-7.19508692626e-08
3.71740555697e-10	-2.15749363264e-07
3.72947505553e-10	-3.09428941137e-07
3.74154455409e-10	-3.35324521927e-07
3.75361405265e-10	-2.90142367021e-07
3.76568355121e-10	-1.87406282492e-07
3.77775304977e-10	-5.56973915877e-08
3.78982254834e-10	6.99166449181e-08
3.8018920469e-10	1.59662128851e-07
3.81396154546e-10	1.98864444911e-07
3.82603104402e-10	1.91711311714e-07
3.83810054258e-10	1.55361657761e-07
3.85017004114e-10	1.0890784452e-07
3.86223953971e-10	6.26714626861e-08
3.87430903827e-10	1.43812635134e-08
3.88637853683e-10	-4.53675621515e-08
3.89844803539e-10	-1.21992028923e-07
3.91051753395e-10	-2.07364898586e-07
3.92258703251e-10	-2.77592015152e-07
3.93465653108e-10	-3.01507412814e-07
3.94672602964e-10	-2.55358337142e-07
3.9587955282e-10	-1.36067612289e-07
3.97086502676e-10	3.31264047304e-08
3.98293452532e-10	2.09097244408e-07
3.99500402388e-10	3.43529286795e-07
4.00707352244e-10	3.99506753013e-07
4.01914302101e-10	3.63068267006e-07
4.03121251957e-10	2.45906125684e-07
4.04328201813e-10	7.9126600383e-08
4.05535151669e-10	-9.77743717101e-08
4.06742101525e-10	-2.4698780976e-07
4.07949051381e-10	-3.40552695377e-07
4.09156001238e-10	-3.63400872061e-07
4.10362951094e-10	-3.14837926396e-07
4.1156990095e-10	-2.07346083414e-07
4.12776850806e-10	-6.47144533517e-08
4.13983800662e-10	8.17090750616e-08
4.15190750518e-10	1.99400506773e-07
4.16397700375e-10	2.62223380787e-07
4.17604650231e-10	2.57517914548e-07
4.18811600087e-10	1.8968481541e-07
4.20018549943e-10	7.8914830226e-08
4.21225499799e-10	-4.49230004307e-08
4.22432449655e-10	-1.51223009226e-07
4.23639399511e-10	-2.1736035194e-07
4.24846349368e-10	-2.33307126507e-07
4.26053299224e-10	-2.03215652306e-07
4.2726024908e-10	-1.40987829411e-07
4.28467198936e-10	-6.56995178261e-08
4.29674148792e-10	5.1356143782e-09
4.30881098648e-10	5.92050239945e-08
4.32088048505e-10	9.11259103731e-08
4.33294998361e-10	1.01402239494e-07
4.34501948217e-10	9.36379862537e-08
4.35708898073e-10	7.23317343798e-08
4.36915847929e-10	4.07284890258e-08
4.38122797785e-10	2.08369799193e-09
4.39329747642e-10	-3.94953918459e-08
4.40536697498e-10	-7.7186408376e-08
4.41743647354e-10	-1.0209557999e-07
4.4295059721e-10	-1.06495150476e-07
4.44157547066e-10	-8.71280594339e-08
4.45364496922e-10	-4.85564219943e-08
4.46571446778e-10	-2.54842774661e-09
4.47778396635e-10	3.63354182298e-08
4.48985346491e-10	5.65268596375e-08
4.50192296347e-10	5.49432090935e-08
4.51399246203e-10	3.68903965153e-08
4.52606196059e-10	1.30198842818e-08
4.53813145915e-10	-7.18947634759e-09
4.55020095772e-10	-2.00853920163e-08
4.56227045628e-10	-2.81063576857e-08
4.57433995484e-10	-3.60684038192e-08
4.5864094534e-10	-4.55215740658e-08
4.59847895196e-10	-5.20492973166e-08
4.61054845052e-10	-4.7050865426e-08
4.62261794909e-10	-2.37856778718e-08
4.63468744765e-10	1.61147748479e-08
4.64675694621e-10	6.06523755664e-08
4.65882644477e-10	9.14028319698e-08
4.67089594333e-10	9.25904366511e-08
4.68296544189e-10	5.97303371208e-08
4.69503494045e-10	3.3426040269e-09
4.70710443902e-10	-5.49232153091e-08
4.71917393758e-10	-9.25233614169e-08
4.73124343614e-10	-9.56381764894e-08
4.7433129347e-10	-6.60583578949e-08
4.75538243326e-10	-1.85257218455e-08
4.76745193182e-10	2.66972688401e-08
4.77952143039e-10	5.35028732429e-08
4.79159092895e-10	5.64525768354e-08
4.80366042751e-10	4.08327656132e-08
4.81572992607e-10	1.79536618905e-08
4.82779942463e-10	-1.57334190121e-09
4.83986892319e-10	-1.27200439071e-08
4.85193842176e-10	-1.64163660443e-08
4.86400792032e-10	-1.6778062939e-08
4.87607741888e-10	-1.72350131944e-08
4.88814691744e-10	-1.81883668127e-08
4.900216416e-10	-1.72731386971e-08
4.91228591456e-10	-1.19237457685e-08
4.92435541312e-10	-2.03283165301e-09
4.93642491169e-10	9.37601640771e-09
4.94849441025e-10	1.6933511926e-08
4.96056390881e-10	1.62711932816e-08
4.97263340737e-10	6.17183826268e-09
4.98470290593e-10	-9.96708537926e-09
4.99677240449e-10	-2.52830472114e-08
5.00884190306e-10	-3.23840745331e-08
5.02091140162e-10	-2.61980162009e-08
5.03298090018e-10	-6.51383269545e-09
5.04505039874e-10	2.1701542785e-08
5.0571198973e-10	5.01793362417e-08
5.06918939586e-10	6.98976592162e-08
5.08125889443e-10	7.47115684874e-08
5.09332839299e-10	6.28302290195e-08
5.10539789155e-10	3.73830584266e-08
5.11746739011e-10	4.60589200113e-09
5.12953688867e-10	-2.8476963454e-08
5.14160638723e-10	-5.59239357045e-08
5.15367588579e-10	-7.40630756724e-08
5.16574538436e-10	-8.05447033514e-08
5.17781488292e-10	-7.41190113729e-08
5.18988438148e-10	-5.35297006721e-08
5.20195388004e-10	-1.86533748447e-08
5.2140233786e-10	2.80097465222e-08
5.22609287716e-10	8.01584523202e-08
5.23816237573e-10	1.27138722661e-07
5.25023187429e-10	1.56356147585e-07
5.26230137285e-10	1.56762521186e-07
5.27437087141e-10	1.22995041707e-07
5.28644036997e-10	5.86093698018e-08
5.29850986853e-10	-2.40621429448e-08
5.3105793671e-10	-1.06323529536e-07
5.32264886566e-10	-1.68381259158e-07
5.33471836422e-10	-1.94957635813e-07
5.34678786278e-10	-1.79375483356e-07
5.35885736134e-10	-1.25365227532e-07
5.3709268599e-10	-4.5286089545e-08
5.38299635846e-10	4.35058948867e-08
5.39506585703e-10	1.2348878542e-07
5.40713535559e-10	1.80639005976e-07
5.41920485415e-10	2.06387486656e-07
5.43127435271e-10	1.98224928027e-07
5.44334385127e-10	1.58063777178e-07
5.45541334983e-10	9.18778617631e-08
5.4674828484e-10	8.35414704081e-09
5.47955234696e-10	-8.09029785387e-08
5.49162184552e-10	-1.61793121123e-07
5.50369134408e-10	-2.19616467234e-07
5.51576084264e-10	-2.40994406653e-07
5.5278303412e-10	-2.18261739349e-07
5.53989983977e-10	-1.51879142152e-07
5.55196933833e-10	-5.22752765519e-08
5.56403883689e-10	6.16798390141e-08
5.57610833545e-10	1.66970711035e-07
5.58817783401e-10	2.41537112089e-07
5.60024733257e-10	2.70164413507e-07
5.61231683113e-10	2.47388683761e-07
5.6243863297e-10	1.78448907207e-07
5.63645582826e-10	7.72397648063e-08
5.64852532682e-10	-3.75011621756e-08
5.66059482538e-10	-1.45420298026e-07
5.67266432394e-10	-2.28284665837e-07
5.6847338225e-10	-2.71921603456e-07
5.69680332107e-10	-2.68142407833e-07
5.70887281963e-10	-2.16466752079e-07
5.72094231819e-10	-1.24617406172e-07
5.73301181675e-10	-8.75427075275e-09
5.74508131531e-10	1.09209459254e-07
5.75715081387e-10	2.05709977052e-07
5.76922031244e-10	2.61154784909e-07
5.781289811e-10	2.64824130625e-07
5.79335930956e-10	2.17173724337e-07
5.80542880812e-10	1.29800666215e-07
5.81749830668e-10	2.12008317568e-08
5.82956780524e-10	-8.75485479668e-08
5.8416373038e-10	-1.7750441117e-07
5.85370680237e-10	-2.35106313085e-07
5.86577630093e-10	-2.52844881032e-07
5.87784579949e-10	-2.29989456813e-07
5.88991529805e-10	-1.71360209578e-07
5.90198479661e-10	-8.69746532572e-08
5.91405429517e-10	9.21853038349e-09
5.92612379374e-10	1.01395166041e-07
5.9381932923e-10	1.74015564625e-07
5.95026279086e-10	2.15049976049e-07
5.96233228942e-10	2.17887471621e-07
5.97440178798e-10	1.82561716855e-07
5.98647128654e-10	1.15479345197e-07
5.99854078511e-10	2.80086878135e-08
6.01061028367e-10	-6.50709006678e-08
6.02267978223e-10	-1.4803532622e-07
6.03474928079e-10	-2.05992577662e-07
6.04681877935e-10	-2.2781583553e-07
6.05888827791e-10	-2.0857446259e-07
6.07095777647e-10	-1.51201355436e-07
6.08302727504e-10	-6.71277913256e-08
6.0950967736e-10	2.65056772086e-08
6.10716627216e-10	1.10338159942e-07
6.11923577072e-10	1.68056210725e-07
6.13130526928e-10	1.9033964449e-07
6.14337476784e-10	1.76188205359e-07
6.15544426641e-10	1.3227010065e-07
6.16751376497e-10	6.95387143423e-08
6.17958326353e-10	2.59436749861e-10
6.19165276209e-10	-6.46466844501e-08
6.20372226065e-10	-1.16633856351e-07
6.21579175921e-10	-1.49139406602e-07
6.22786125778e-10	-1.58071653544e-07
6.23993075634e-10	-1.41623699434e-07
6.2520002549e-10	-1.01787241746e-07
6.26406975346e-10	-4.4777454633e-08
6.27613925202e-10	1.92696774093e-08
6.28820875058e-10	7.81516646953e-08
6.30027824914e-10	1.20757267297e-07
6.31234774771e-10	1.39697261758e-07
6.32441724627e-10	1.33242940237e-07
6.33648674483e-10	1.04812649226e-07
6.34855624339e-10	6.13986159692e-08
6.36062574195e-10	1.14980016619e-08
6.37269524051e-10	-3.69917652066e-08
6.38476473908e-10	-7.71327162141e-08
6.39683423764e-10	-1.03434526721e-07
6.4089037362e-10	-1.1201639083e-07
6.42097323476e-10	-1.00992435748e-07
6.43304273332e-10	-7.19102866142e-08
6.44511223188e-10	-2.97638047542e-08
6.45718173045e-10	1.70718905679e-08
6.46925122901e-10	5.90441677772e-08
6.48132072757e-10	8.77508004038e-08
6.49339022613e-10	9.83048309422e-08
6.50545972469e-10	9.0463831981e-08
6.51752922325e-10	6.77948186478e-08
6.52959872181e-10	3.64106735873e-08
6.54166822038e-10	2.70535094327e-09
6.55373771894e-10	-2.7688010551e-08
6.5658072175e-10	-5.05212964796e-08
6.57787671606e-10	-6.32416332635e-08
6.58994621462e-10	-6.45541451405e-08
6.60201571318e-10	-5.50806058541e-08
6.61408521175e-10	-3.70611399347e-08
6.62615471031e-10	-1.41581111279e-08
6.63822420887e-10	9.39001476574e-09
6.65029370743e-10	3.0113584959e-08
6.66236320599e-10	4.56736204413e-08
6.67443270455e-10	5.52775487606e-08
6.68650220312e-10	5.84458685893e-08
6.69857170168e-10	5.46356480058e-08
6.71064120024e-10	4.30124806883e-08
6.7227106988e-10	2.32847936488e-08
6.73478019736e-10	-2.53678522633e-09
6.74684969592e-10	-2.97880689004e-08
6.75891919448e-10	-5.14816260733e-08
6.77098869305e-10	-6.0814403291e-08
6.78305819161e-10	-5.42240670143e-08
6.79512769017e-10	-3.29909641827e-08
6.80719718873e-10	-3.67001562473e-09
6.81926668729e-10	2.48406522019e-08
6.83133618585e-10	4.44554819623e-08
6.84340568442e-10	5.10066504589e-08
6.85547518298e-10	4.52736426126e-08
6.86754468154e-10	3.14367687437e-08
6.8796141801e-10	1.50017509526e-08
6.89168367866e-10	-3.80776105091e-11
6.90375317722e-10	-1.175224007e-08
6.91582267579e-10	-2.00290255492e-08
6.92789217435e-10	-2.52155754055e-08
6.93996167291e-10	-2.7006279435e-08
6.95203117147e-10	-2.47941236431e-08
6.96410067003e-10	-1.80964074836e-08
6.97617016859e-10	-7.74473796206e-09
6.98823966715e-10	3.98988458938e-09
7.00030916572e-10	1.43317029355e-08
7.01237866428e-10	2.08034007798e-08
7.02444816284e-10	2.27504597383e-08
7.0365176614e-10	2.08246930811e-08
7.04858715996e-10	1.66599825047e-08
7.06065665852e-10	1.14779503679e-08
7.07272615709e-10	5.41285316569e-09
7.08479565565e-10	-1.90214968776e-09
7.09686515421e-10	-1.10086306737e-08
7.10893465277e-10	-2.10221933195e-08
7.12100415133e-10	-2.96900926067e-08
7.13307364989e-10	-3.38365029329e-08
7.14514314846e-10	-3.06776630765e-08
7.15721264702e-10	-1.93815128391e-08
7.16928214558e-10	-1.61135721433e-09
7.18135164414e-10	1.84557702454e-08
7.1934211427e-10	3.55565408228e-08
7.20549064126e-10	4.48179875434e-08
7.21756013982e-10	4.32021165508e-08
7.22962963839e-10	3.07008871658e-08
7.24169913695e-10	9.82726100496e-09
7.25376863551e-10	-1.44506084876e-08
7.26583813407e-10	-3.6404922632e-08
7.27790763263e-10	-5.08694562029e-08
7.28997713119e-10	-5.44455307505e-08
7.30204662976e-10	-4.667490483e-08
7.31411612832e-10	-2.97536404403e-08
7.32618562688e-10	-8.06281297283e-09
7.33825512544e-10	1.33544379999e-08
7.350324624e-10	3.02075582326e-08
7.36239412256e-10	3.98302804072e-08
7.37446362113e-10	4.16669845293e-08
7.38653311969e-10	3.63656833535e-08
7.39860261825e-10	2.54502237063e-08
7.41067211681e-10	1.04798039136e-08
7.42274161537e-10	-6.87886159145e-09
7.43481111393e-10	-2.43859359372e-08
7.44688061249e-10	-3.94007324545e-08
7.45895011106e-10	-4.8757766713e-08
7.47101960962e-10	-5.010400983e-08
7.48308910818e-10	-4.26260777786e-08
7.49515860674e-10	-2.76558060897e-08
7.5072281053e-10	-8.42440306403e-09
7.51929760386e-10	1.12463369728e-08
7.53136710243e-10	2.79467715636e-08
7.54343660099e-10	3.95659327523e-08
7.55550609955e-10	4.51144765989e-08
7.56757559811e-10	4.40559571047e-08
7.57964509667e-10	3.60485232775e-08
7.59171459523e-10	2.08647921163e-08
7.6037840938e-10	-4.34232136359e-10
7.61585359236e-10	-2.48975031703e-08
7.62792309092e-10	-4.7491844235e-08
7.63999258948e-10	-6.22899163361e-08
7.65206208804e-10	-6.47262714537e-08
7.6641315866e-10	-5.31983399554e-08
7.67620108516e-10	-3.02966998156e-08
7.68827058373e-10	-1.58318355648e-09
7.70034008229e-10	2.61956669689e-08
7.71240958085e-10	4.73636205811e-08
7.72447907941e-10	5.87872799329e-08
7.73654857797e-10	5.96538036746e-08
7.74861807653e-10	5.09720159414e-08
7.7606875751e-10	3.43697563743e-08
7.77275707366e-10	1.1953153578e-08
7.78482657222e-10	-1.33574475925e-08
7.79689607078e-10	-3.76427875537e-08
7.80896556934e-10	-5.5879399774e-08
7.8210350679e-10	-6.34947729949e-08
7.83310456647e-10	-5.78087613334e-08
7.84517406503e-10	-3.95846919687e-08
7.85724356359e-10	-1.31543433923e-08
7.86931306215e-10	1.49294610008e-08
7.88138256071e-10	3.79533151573e-08
7.89345205927e-10	5.13809270686e-08
7.90552155783e-10	5.38331494937e-08
7.9175910564e-10	4.68574272716e-08
7.92966055496e-10	3.36981473836e-08
7.94173005352e-10	1.76312784372e-08
7.95379955208e-10	1.19301085677e-09
7.96586905064e-10	-1.41251632613e-08
7.9779385492e-10	-2.72122888667e-08
7.99000804777e-10	-3.67518984135e-08
8.00207754633e-10	-4.11087377472e-08
8.01414704489e-10	-3.86777454509e-08
8.02621654345e-10	-2.89144010956e-08
8.03828604201e-10	-1.28080492878e-08
8.05035554057e-10	6.64875254852e-09
8.06242503914e-10	2.53912042503e-08
8.0744945377e-10	3.93172552293e-08
8.08656403626e-10	4.552925148e-08
8.09863353482e-10	4.33367342012e-08
8.11070303338e-10	3.40116295128e-08
8.12277253194e-10	2.023825596e-08
8.1348420305e-10	5.01522556817e-09
8.14691152907e-10	-9.3497527498e-09
8.15898102763e-10	-2.12649902132e-08
8.17105052619e-10	-2.98266287224e-08
8.18312002475e-10	-3.40778525398e-08
8.19518952331e-10	-3.29230589458e-08
8.20725902187e-10	-2.54454124438e-08
8.21932852044e-10	-1.17956795442e-08
8.231398019e-10	6.00468763601e-09
8.24346751756e-10	2.40823205822e-08
8.25553701612e-10	3.75370623473e-08
8.26760651468e-10	4.23652677384e-08
8.27967601324e-10	3.70095225577e-08
8.29174551181e-10	2.32638450726e-08
8.30381501037e-10	5.66695668169e-09
8.31588450893e-10	-1.03493991155e-08
8.32795400749e-10	-2.05209946813e-08
8.34002350605e-10	-2.33025709839e-08
8.35209300461e-10	-1.99675596058e-08
8.36416250317e-10	-1.34583912903e-08
8.37623200174e-10	-6.94426438574e-09
8.3883015003e-10	-2.10843831283e-09
8.40037099886e-10	8.62352175779e-10
8.41244049742e-10	2.97527408266e-09
8.42450999598e-10	5.26421350955e-09
8.43657949454e-10	7.96173227346e-09
8.44864899311e-10	1.04265882594e-08
8.46071849167e-10	1.14884179947e-08
8.47278799023e-10	1.03760748882e-08
8.48485748879e-10	7.12617420628e-09
8.49692698735e-10	2.65364402674e-09
8.50899648591e-10	-1.76459633017e-09
8.52106598448e-10	-5.17838116831e-09
8.53313548304e-10	-7.22605852932e-09
8.5452049816e-10	-8.24891022155e-09
8.55727448016e-10	-8.71944139114e-09
8.56934397872e-10	-8.82111683698e-09
8.58141347728e-10	-8.27389234903e-09
8.59348297584e-10	-6.40281472286e-09
8.60555247441e-10	-2.91054458312e-09
8.61762197297e-10	1.88865262318e-09
8.62969147153e-10	6.70432420691e-09
8.64176097009e-10	9.82357573065e-09
8.65383046865e-10	9.8132804105e-09
8.66589996721e-10	6.28317908813e-09
8.67796946578e-10	2.87513408914e-10
8.69003896434e-10	-6.05128269715e-09
8.7021084629e-10	-1.04091371078e-08
8.71417796146e-10	-1.12099576288e-08
8.72624746002e-10	-8.41048819478e-09
8.73831695858e-10	-3.31231841955e-09
8.75038645715e-10	1.85660406493e-09
8.76245595571e-10	5.11367437284e-09
8.77452545427e-10	5.39052869009e-09
8.78659495283e-10	2.78009654187e-09
8.79866445139e-10	-1.52218218585e-09
8.81073394995e-10	-6.0838327709e-09
8.82280344851e-10	-9.4882539603e-09
8.83487294708e-10	-1.09657098957e-08
8.84694244564e-10	-1.02089605658e-08
8.8590119442e-10	-7.44940320541e-09
8.87108144276e-10	-3.25233362464e-09
8.88315094132e-10	1.53450632756e-09
8.89522043988e-10	5.83511616803e-09
8.90728993845e-10	8.58226723022e-09
8.91935943701e-10	9.00983465613e-09
8.93142893557e-10	6.95732493838e-09
8.94349843413e-10	3.03896852127e-09
8.95556793269e-10	-1.67380106997e-09
8.96763743125e-10	-5.89355686476e-09
8.97970692982e-10	-8.76820083207e-09
8.99177642838e-10	-1.00479689014e-08
9.00384592694e-10	-9.9919259533e-09
9.0159154255e-10	-9.14488751391e-09
9.02798492406e-10	-7.81406139794e-09
9.04005442262e-10	-6.03231009588e-09
9.05212392118e-10	-3.56495111209e-09
9.06419341975e-10	-2.42952259005e-10
9.07626291831e-10	3.71511815755e-09
9.08833241687e-10	7.70970665087e-09
9.10040191543e-10	1.08294195833e-08
9.11247141399e-10	1.22790424495e-08
9.12454091255e-10	1.16437148812e-08
9.13661041112e-10	8.94586760225e-09
9.14867990968e-10	4.67626903866e-09
9.16074940824e-10	-6.15550305172e-10
9.1728189068e-10	-6.23364926344e-09
9.18488840536e-10	-1.16413285678e-08
9.19695790392e-10	-1.61064146464e-08
9.20902740249e-10	-1.87932562845e-08
9.22109690105e-10	-1.87278463848e-08
9.23316639961e-10	-1.50226304729e-08
9.24523589817e-10	-7.50521045312e-09
9.25730539673e-10	3.10331704778e-09
9.26937489529e-10	1.48751799767e-08
9.28144439385e-10	2.50126803714e-08
9.29351389242e-10	3.07250900278e-08
9.30558339098e-10	3.00110971629e-08
9.31765288954e-10	2.25979079893e-08
9.3297223881e-10	1.01366923744e-08
9.34179188666e-10	-4.30712970845e-09
9.35386138522e-10	-1.71460385889e-08
9.36593088379e-10	-2.5614169008e-08
9.37800038235e-10	-2.83433023718e-08
9.39006988091e-10	-2.57311545404e-08
9.40213937947e-10	-1.91483975343e-08
9.41420887803e-10	-1.02800237212e-08
9.42627837659e-10	-4.11966738501e-10
9.43834787516e-10	9.71075508893e-09
9.45041737372e-10	1.93359057654e-08
9.46248687228e-10	2.73903673076e-08
9.47455637084e-10	3.21382107593e-08
9.4866258694e-10	3.17498933811e-08
9.49869536796e-10	2.52577585513e-08
9.51076486652e-10	1.32521127405e-08
9.52283436509e-10	-1.70684666401e-09
9.53490386365e-10	-1.60197071164e-08
9.54697336221e-10	-2.61818664526e-08
9.55904286077e-10	-3.01695917138e-08
9.57111235933e-10	-2.8044920608e-08
9.58318185789e-10	-2.1426058705e-08
9.59525135646e-10	-1.25766339565e-08
9.60732085502e-10	-3.12600845209e-09
9.61939035358e-10	6.28380125711e-09
9.63145985214e-10	1.56199562173e-08
9.6435293507e-10	2.45750655381e-08
9.65559884926e-10	3.17773181102e-08
9.66766834783e-10	3.49590782989e-08
9.67973784639e-10	3.18462092253e-08
9.69180734495e-10	2.15275788307e-08
9.70387684351e-10	5.48139544865e-09
9.71594634207e-10	-1.2678726069e-08
9.72801584063e-10	-2.81859509066e-08
9.7400853392e-10	-3.70645309999e-08
9.75215483776e-10	-3.74026223326e-08
9.76422433632e-10	-2.98903044538e-08
9.77629383488e-10	-1.72277001553e-08
9.78836333344e-10	-2.72686312419e-09
9.800432832e-10	1.07192030807e-08
9.81250233056e-10	2.13830868567e-08
9.82457182913e-10	2.8415823472e-08
9.83664132769e-10	3.13886707737e-08
9.84871082625e-10	2.99549536287e-08
9.86078032481e-10	2.38198998304e-08
9.87284982337e-10	1.33892332776e-08
9.88491932193e-10	3.75593167679e-11
9.8969888205e-10	-1.36771638459e-08
9.90905831906e-10	-2.4707535573e-08
9.92112781762e-10	-3.0536190021e-08
9.93319731618e-10	-2.99367499679e-08
9.94526681474e-10	-2.35990258446e-08
9.9573363133e-10	-1.35393716238e-08
9.96940581187e-10	-2.45599174331e-09
9.98147531043e-10	7.27899696074e-09
9.99354480899e-10	1.4303987772e-08
1.00056143075e-09	1.81863879511e-08
1.00176838061e-09	1.92211895289e-08
1.00297533047e-09	1.78976313769e-08
1.00418228032e-09	1.45808687346e-08
1.00538923018e-09	9.53966039496e-09
1.00659618004e-09	3.04889802294e-09
1.00780312989e-09	-4.22797058475e-09
1.00901007975e-09	-1.13419544867e-08
1.0102170296e-09	-1.70058092053e-08
1.01142397946e-09	-2.00916621118e-08
1.01263092932e-09	-1.98764111836e-08
1.01383787917e-09	-1.63006066423e-08
1.01504482903e-09	-1.01319632684e-08
1.01625177889e-09	-2.59563215366e-09
1.01745872874e-09	4.71589300943e-09
1.0186656786e-09	1.04199135986e-08
1.01987262845e-09	1.35795734657e-08
1.02107957831e-09	1.38707325625e-08
1.02228652817e-09	1.16456999599e-08
1.02349347802e-09	7.64635343931e-09
1.02470042788e-09	2.82910700422e-09
1.02590737773e-09	-1.94178906288e-09
1.02711432759e-09	-6.02498406721e-09
1.02832127745e-09	-8.95676766088e-09
1.0295282273e-09	-1.05377038206e-08
1.03073517716e-09	-1.06224644636e-08
1.03194212702e-09	-9.32814225862e-09
1.03314907687e-09	-6.9371017819e-09
1.03435602673e-09	-4.01759597812e-09
1.03556297658e-09	-1.26719798543e-09
1.03676992644e-09	7.09946199051e-10
1.0379768763e-09	1.62608751464e-09
1.03918382615e-09	1.70739408722e-09
1.04039077601e-09	1.54384252604e-09
1.04159772586e-09	1.81042153491e-09
1.04280467572e-09	2.9183589989e-09
1.04401162558e-09	4.63343241552e-09
1.04521857543e-09	6.24203877475e-09
1.04642552529e-09	6.75279288043e-09
1.04763247515e-09	5.38752853441e-09
1.048839425e-09	2.08782227618e-09
1.05004637486e-09	-2.56631205175e-09
1.05125332471e-09	-7.36715577432e-09
1.05246027457e-09	-1.10808677789e-08
1.05366722443e-09	-1.27555395135e-08
1.05487417428e-09	-1.2079734768e-08
1.05608112414e-09	-9.30657328979e-09
1.05728807399e-09	-5.05181119159e-09
1.05849502385e-09	-9.43301270429e-11
1.05970197371e-09	4.87361007107e-09
1.06090892356e-09	9.21534637488e-09
1.06211587342e-09	1.23363976812e-08
1.06332282328e-09	1.37390450128e-08
1.06452977313e-09	1.29914594638e-08
1.06573672299e-09	1.00845962692e-08
1.06694367284e-09	5.3817604817e-09
1.0681506227e-09	-2.44853529813e-10
1.06935757256e-09	-5.68309133087e-09
1.07056452241e-09	-9.92355508878e-09
1.07177147227e-09	-1.22548962089e-08
1.07297842212e-09	-1.25639034732e-08
1.07418537198e-09	-1.10732016889e-08
1.07539232184e-09	-8.27913682055e-09
1.07659927169e-09	-4.57899351769e-09
1.07780622155e-09	-2.2951873041e-10
1.07901317141e-09	4.57038179524e-09
1.08022012126e-09	9.50509249087e-09
1.08142707112e-09	1.39344273897e-08
1.08263402097e-09	1.69190570443e-08
1.08384097083e-09	1.74949503773e-08
1.08504792069e-09	1.49879877398e-08
1.08625487054e-09	9.48872558304e-09
1.0874618204e-09	1.8557937409e-09
1.08866877025e-09	-6.34374552888e-09
1.08987572011e-09	-1.33562614302e-08
1.09108266997e-09	-1.76841095101e-08
1.09228961982e-09	-1.85098580907e-08
1.09349656968e-09	-1.58144637386e-08
1.09470351954e-09	-1.02440136374e-08
1.09591046939e-09	-2.91088603221e-09
1.09711741925e-09	4.94804952567e-09
1.0983243691e-09	1.20697329908e-08
1.09953131896e-09	1.73257612701e-08
1.10073826882e-09	1.9837310461e-08
1.10194521867e-09	1.90857605276e-08
1.10315216853e-09	1.51330838971e-08
1.10435911838e-09	8.69854765995e-09
1.10556606824e-09	1.02901950849e-09
1.1067730181e-09	-6.27370455586e-09
1.10797996795e-09	-1.18459704268e-08
1.10918691781e-09	-1.47720755628e-08
1.11039386767e-09	-1.48975904946e-08
1.11160081752e-09	-1.26649353227e-08
1.11280776738e-09	-8.8370137874e-09
1.11401471723e-09	-4.22110757459e-09
1.11522166709e-09	5.8444424994e-10
1.11642861695e-09	5.163335981e-09
1.1176355668e-09	9.15312603489e-09
1.11884251666e-09	1.21623726645e-08
1.12004946651e-09	1.37233935327e-08
1.12125641637e-09	1.34327637902e-08
1.12246336623e-09	1.11429481198e-08
1.12367031608e-09	7.07353831064e-09
1.12487726594e-09	1.80517945036e-09
1.1260842158e-09	-3.824029704e-09
1.12729116565e-09	-8.90991325164e-09
1.12849811551e-09	-1.26838457515e-08
1.12970506536e-09	-1.45013610009e-08
1.13091201522e-09	-1.40480014288e-08
1.13211896508e-09	-1.12603237845e-08
1.13332591493e-09	-6.49335085701e-09
1.13453286479e-09	-5.18449991271e-10
1.13573981464e-09	5.59691859525e-09
1.1369467645e-09	1.06126811783e-08
1.13815371436e-09	1.35048878747e-08
1.13936066421e-09	1.37300262271e-08
1.14056761407e-09	1.13601390517e-08
1.14177456393e-09	7.08198377719e-09
1.14298151378e-09	1.8684229719e-09
1.14418846364e-09	-3.22094756422e-09
1.14539541349e-09	-7.4051051957e-09
1.14660236335e-09	-1.01829276122e-08
1.14780931321e-09	-1.13688294334e-08
1.14901626306e-09	-1.09885451849e-08
1.15022321292e-09	-9.17442144477e-09
1.15143016277e-09	-6.23427665047e-09
1.15263711263e-09	-2.5897274325e-09
1.15384406249e-09	1.15851345184e-09
1.15505101234e-09	4.37054781255e-09
1.1562579622e-09	6.50214826425e-09
1.15746491206e-09	7.26874016532e-09
1.15867186191e-09	6.7415478755e-09
1.15987881177e-09	5.26605681284e-09
1.16108576162e-09	3.28567650865e-09
1.16229271148e-09	1.18635584689e-09
1.16349966134e-09	-9.02597829811e-10
1.16470661119e-09	-2.94717106275e-09
1.16591356105e-09	-4.9802924007e-09
1.1671205109e-09	-6.83687295666e-09
1.16832746076e-09	-8.12052580734e-09
1.16953441062e-09	-8.33840940739e-09
1.17074136047e-09	-7.08242942071e-09
1.17194831033e-09	-4.40029607196e-09
1.17315526019e-09	-7.78890785202e-10
1.17436221004e-09	2.84799578365e-09
1.1755691599e-09	5.51417478345e-09
1.17677610975e-09	6.61253463097e-09
1.17798305961e-09	6.03028682544e-09
1.17919000947e-09	4.27606339226e-09
1.18039695932e-09	2.05202055348e-09
1.18160390918e-09	9.48899639419e-12
1.18281085903e-09	-1.5463393066e-09
1.18401780889e-09	-2.67183669633e-09
1.18522475875e-09	-3.49621959161e-09
1.1864317086e-09	-4.10917944116e-09
1.18763865846e-09	-4.3117998616e-09
1.18884560832e-09	-3.85023163352e-09
1.19005255817e-09	-2.60264504393e-09
1.19125950803e-09	-8.10169958898e-10
1.19246645788e-09	9.15827927384e-10
1.19367340774e-09	1.94498475659e-09
1.1948803576e-09	1.89044543908e-09
1.19608730745e-09	9.5498080277e-10
1.19729425731e-09	-1.79031674902e-10
1.19850120716e-09	-7.51585266245e-10
1.19970815702e-09	-2.35898165585e-10
1.20091510688e-09	1.17314702397e-09
1.20212205673e-09	2.83953449642e-09
1.20332900659e-09	3.89191467942e-09
1.20453595645e-09	3.76026887405e-09
1.2057429063e-09	2.47403314502e-09
1.20694985616e-09	5.17917125853e-10
1.20815680601e-09	-1.35487554509e-09
1.20936375587e-09	-2.64613142509e-09
1.21057070573e-09	-3.211911348e-09
1.21177765558e-09	-3.27438920422e-09
1.21298460544e-09	-3.13404990848e-09
1.21419155529e-09	-2.87467410987e-09
1.21539850515e-09	-2.35942992921e-09
1.21660545501e-09	-1.27703470021e-09
1.21781240486e-09	5.32749303006e-10
1.21901935472e-09	2.8755792747e-09
1.22022630458e-09	5.26618149088e-09
1.22143325443e-09	7.00279467747e-09
1.22264020429e-09	7.59273977025e-09
1.22384715414e-09	6.82850642697e-09
1.225054104e-09	4.9101180899e-09
1.22626105386e-09	2.29326246881e-09
1.22746800371e-09	-5.44333286778e-10
1.22867495357e-09	-3.17613757517e-09
1.22988190342e-09	-5.34300148569e-09
1.23108885328e-09	-6.84241263649e-09
1.23229580314e-09	-7.46828310305e-09
1.23350275299e-09	-7.03795144386e-09
1.23470970285e-09	-5.35094857312e-09
1.23591665271e-09	-2.45094483597e-09
1.23712360256e-09	1.41640540963e-09
1.23833055242e-09	5.67816493824e-09
1.23953750227e-09	9.52640899499e-09
1.24074445213e-09	1.21281402699e-08
1.24195140199e-09	1.27250490145e-08
1.24315835184e-09	1.1022933899e-08
1.2443653017e-09	7.10764047618e-09
1.24557225156e-09	1.6895442545e-09
1.24677920141e-09	-4.17989021173e-09
1.24798615127e-09	-9.3056469197e-09
1.24919310112e-09	-1.26043926407e-08
1.25040005098e-09	-1.34840505428e-08
1.25160700084e-09	-1.18386800363e-08
1.25281395069e-09	-8.10890510294e-09
1.25402090055e-09	-3.07148828593e-09
1.2552278504e-09	2.41451592053e-09
1.25643480026e-09	7.47971196091e-09
1.25764175012e-09	1.14666569573e-08
1.25884869997e-09	1.37810118872e-08
1.26005564983e-09	1.40364173618e-08
1.26126259969e-09	1.2027121743e-08
1.26246954954e-09	7.85834208816e-09
1.2636764994e-09	2.11729153654e-09
1.26488344925e-09	-4.27529905922e-09
1.26609039911e-09	-1.0034476805e-08
1.26729734897e-09	-1.39946487732e-08
1.26850429882e-09	-1.53309558382e-08
1.26971124868e-09	-1.38246356585e-08
1.27091819853e-09	-9.92928628207e-09
1.27212514839e-09	-4.51239229315e-09
1.27333209825e-09	1.33882741005e-09
1.2745390481e-09	6.67046773373e-09
1.27574599796e-09	1.0783421045e-08
1.27695294782e-09	1.31970496753e-08
1.27815989767e-09	1.36825097918e-08
1.27936684753e-09	1.20692971173e-08
1.28057379738e-09	8.449327904e-09
1.28178074724e-09	3.12919606893e-09
1.2829876971e-09	-3.14202353024e-09
1.28419464695e-09	-9.26087184716e-09
1.28540159681e-09	-1.3992387693e-08
1.28660854666e-09	-1.62065596498e-08
1.28781549652e-09	-1.5364039152e-08
1.28902244638e-09	-1.15810667722e-08
1.29022939623e-09	-5.70823521784e-09
1.29143634609e-09	9.54236620276e-10
1.29264329595e-09	7.05447911198e-09
1.2938502458e-09	1.14458578171e-08
1.29505719566e-09	1.34929982742e-08
1.29626414551e-09	1.30507800122e-08
1.29747109537e-09	1.03750752434e-08
1.29867804523e-09	6.05431382805e-09
1.29988499508e-09	7.72614972e-10
1.30109194494e-09	-4.60184679252e-09
1.30229889479e-09	-9.2636278648e-09
1.30350584465e-09	-1.24006143132e-08
1.30471279451e-09	-1.34295603527e-08
1.30591974436e-09	-1.21258583174e-08
1.30712669422e-09	-8.66543192757e-09
1.30833364408e-09	-3.74277714377e-09
1.30954059393e-09	1.68686603574e-09
1.31074754379e-09	6.51047038502e-09
1.31195449364e-09	9.79742909024e-09
1.3131614435e-09	1.10014100052e-08
1.31436839336e-09	9.99236249299e-09
1.31557534321e-09	7.18297743507e-09
1.31678229307e-09	3.22598658897e-09
1.31798924292e-09	-1.04703755388e-09
1.31919619278e-09	-4.85533335759e-09
1.32040314264e-09	-7.64771623807e-09
1.32161009249e-09	-9.04046337791e-09
1.32281704235e-09	-8.98180319009e-09
1.32402399221e-09	-7.52245243874e-09
1.32523094206e-09	-4.93100227317e-09
1.32643789192e-09	-1.58087259949e-09
1.32764484177e-09	2.04100089607e-09
1.32885179163e-09	5.30991850489e-09
1.33005874149e-09	7.63948637683e-09
1.33126569134e-09	8.49662584734e-09
1.3324726412e-09	7.63346408306e-09
1.33367959105e-09	5.19364751206e-09
1.33488654091e-09	1.64380783985e-09
1.33609349077e-09	-2.17739867803e-09
1.33730044062e-09	-5.44483591547e-09
1.33850739048e-09	-7.42307082469e-09
1.33971434034e-09	-7.73748398686e-09
1.34092129019e-09	-6.4256954202e-09
1.34212824005e-09	-3.83190218445e-09
1.3433351899e-09	-5.87550244568e-10
1.34454213976e-09	2.68136252091e-09
1.34574908962e-09	5.33731170371e-09
1.34695603947e-09	6.93609902847e-09
1.34816298933e-09	7.20873216675e-09
1.34936993918e-09	6.09708405985e-09
1.35057688904e-09	3.83391851599e-09
1.3517838389e-09	8.10719685829e-10
1.35299078875e-09	-2.35033015272e-09
1.35419773861e-09	-4.98866670195e-09
1.35540468847e-09	-6.55268161953e-09
1.35661163832e-09	-6.63785371113e-09
1.35781858818e-09	-5.2455570998e-09
1.35902553803e-09	-2.61298938042e-09
1.36023248789e-09	6.83081730068e-10
1.36143943775e-09	3.94600074838e-09
1.3626463876e-09	6.49788989282e-09
1.36385333746e-09	7.75534603203e-09
1.36506028731e-09	7.49072359696e-09
1.36626723717e-09	5.74260794473e-09
1.36747418703e-09	2.9137154911e-09
1.36868113688e-09	-3.66710134481e-10
1.36988808674e-09	-3.42423467359e-09
1.3710950366e-09	-5.63428703693e-09
1.37230198645e-09	-6.65670274458e-09
1.37350893631e-09	-6.3754407309e-09
1.37471588616e-09	-4.95156782243e-09
1.37592283602e-09	-2.69190658653e-09
1.37712978588e-09	7.50003687627e-11
1.37833673573e-09	2.94217072927e-09
1.37954368559e-09	5.57430268611e-09
1.38075063544e-09	7.51856266135e-09
1.3819575853e-09	8.37603575388e-09
1.38316453516e-09	7.80692199776e-09
1.38437148501e-09	5.67726066159e-09
1.38557843487e-09	2.26777130408e-09
1.38678538473e-09	-1.83145396071e-09
1.38799233458e-09	-5.70453317916e-09
1.38919928444e-09	-8.45335856869e-09
1.39040623429e-09	-9.44203026876e-09
1.39161318415e-09	-8.45136249872e-09
1.39282013401e-09	-5.81082393314e-09
1.39402708386e-09	-2.11560843844e-09
1.39523403372e-09	1.83938064779e-09
1.39644098357e-09	5.38935807093e-09
1.39764793343e-09	8.03068433974e-09
1.39885488329e-09	9.42081168631e-09
1.40006183314e-09	9.3849727989e-09
1.401268783e-09	7.79499054193e-09
1.40247573286e-09	4.75005079714e-09
1.40368268271e-09	5.71988040265e-10
1.40488963257e-09	-4.07036038208e-09
1.40609658242e-09	-8.22466805772e-09
1.40730353228e-09	-1.09278954774e-08
1.40851048214e-09	-1.14342781909e-08
1.40971743199e-09	-9.55775192324e-09
1.41092438185e-09	-5.72206526606e-09
1.4121313317e-09	-8.35054816961e-10
1.41333828156e-09	3.95196436687e-09
1.41454523142e-09	7.69359997932e-09
1.41575218127e-09	9.74949254662e-09
1.41695913113e-09	9.99240890032e-09
1.41816608099e-09	8.59409632348e-09
1.41937303084e-09	5.91883897449e-09
1.4205799807e-09	2.40713510236e-09
1.42178693055e-09	-1.542953737e-09
1.42299388041e-09	-5.40310829411e-09
1.42420083027e-09	-8.61993010304e-09
1.42540778012e-09	-1.05694817343e-08
1.42661472998e-09	-1.07357072121e-08
1.42782167983e-09	-8.93465357255e-09
1.42902862969e-09	-5.38099353964e-09
1.43023557955e-09	-7.85772363843e-10
1.4314425294e-09	3.90736520917e-09
1.43264947926e-09	7.707422367e-09
1.43385642912e-09	9.87014825427e-09
1.43506337897e-09	1.0098255121e-08
1.43627032883e-09	8.46355263651e-09
1.43747727868e-09	5.42476186194e-09
1.43868422854e-09	1.54993551327e-09
1.4398911784e-09	-2.51802784179e-09
1.44109812825e-09	-6.19486517639e-09
1.44230507811e-09	-8.95892882102e-09
1.44351202796e-09	-1.03512749483e-08
1.44471897782e-09	-1.00863981611e-08
1.44592592768e-09	-8.07734512609e-09
1.44713287753e-09	-4.56327797771e-09
1.44833982739e-09	-1.40357395845e-10
1.44954677725e-09	4.37587477364e-09
1.4507537271e-09	8.03287847351e-09
1.45196067696e-09	1.00893076116e-08
1.45316762681e-09	1.01145138931e-08
1.45437457667e-09	8.15002720866e-09
1.45558152653e-09	4.67598593179e-09
1.45678847638e-09	4.24559817858e-10
1.45799542624e-09	-3.73578878943e-09
1.4592023761e-09	-7.09080072436e-09
1.46040932595e-09	-9.09158637263e-09
1.46161627581e-09	-9.50209733119e-09
1.46282322566e-09	-8.33248092746e-09
1.46403017552e-09	-5.81469916661e-09
1.46523712538e-09	-2.38641700845e-09
1.46644407523e-09	1.41177008972e-09
1.46765102509e-09	4.94166285669e-09
1.46885797494e-09	7.5883016537e-09
1.4700649248e-09	8.88986151359e-09
1.47127187466e-09	8.56565307572e-09
1.47247882451e-09	6.70313970996e-09
1.47368577437e-09	3.64123625696e-09
1.47489272423e-09	-1.18552945239e-11
1.47609967408e-09	-3.54937412794e-09
1.47730662394e-09	-6.32710661641e-09
1.47851357379e-09	-7.8511276369e-09
1.47972052365e-09	-7.92624399448e-09
1.48092747351e-09	-6.59427468186e-09
1.48213442336e-09	-4.16801815284e-09
1.48334137322e-09	-1.10715830948e-09
1.48454832307e-09	2.06957487259e-09
1.48575527293e-09	4.83046569411e-09
1.48696222279e-09	6.76950262513e-09
1.48816917264e-09	7.5792216947e-09
1.4893761225e-09	7.14747072639e-09
1.49058307236e-09	5.54314372181e-09
1.49179002221e-09	3.00304797696e-09
1.49299697207e-09	-1.43332290481e-11
1.49420392192e-09	-3.00749813942e-09
1.49541087178e-09	-5.3752681195e-09
1.49661782164e-09	-6.67060218174e-09
1.49782477149e-09	-6.62241572691e-09
1.49903172135e-09	-5.25775534221e-09
1.5002386712e-09	-2.91028517951e-09
1.50144562106e-09	-9.06817780588e-11
1.50265257092e-09	2.58763110939e-09
1.50385952077e-09	4.640677842e-09
1.50506647063e-09	5.76501857363e-09
1.50627342049e-09	5.89000459517e-09
1.50748037034e-09	5.13966469384e-09
1.5086873202e-09	3.70346797673e-09
1.50989427005e-09	1.83889414807e-09
1.51110121991e-09	-2.19140604968e-10
1.51230816977e-09	-2.19582413363e-09
1.51351511962e-09	-3.77616404812e-09
1.51472206948e-09	-4.67144234406e-09
1.51592901933e-09	-4.63619298507e-09
1.51713596919e-09	-3.66657182393e-09
1.51834291905e-09	-1.95844621076e-09
1.5195498689e-09	6.29235101524e-11
1.52075681876e-09	1.90177323889e-09
1.52196376862e-09	3.17669252015e-09
1.52317071847e-09	3.7064073477e-09
1.52437766833e-09	3.56363666354e-09
1.52558461818e-09	2.96652519216e-09
1.52679156804e-09	2.13618278622e-09
1.5279985179e-09	1.222810464e-09
1.52920546775e-09	2.45902263829e-10
1.53041241761e-09	-7.66751898085e-10
1.53161936746e-09	-1.76167341825e-09
1.53282631732e-09	-2.54854026771e-09
1.53403326718e-09	-2.89268303755e-09
1.53524021703e-09	-2.64471028411e-09
1.53644716689e-09	-1.80201939481e-09
1.53765411675e-09	-6.21362475361e-10
1.5388610666e-09	5.57822905922e-10
1.54006801646e-09	1.39134928578e-09
1.54127496631e-09	1.71291292261e-09
1.54248191617e-09	1.58966720343e-09
1.54368886603e-09	1.21557527932e-09
1.54489581588e-09	8.33762253682e-10
1.54610276574e-09	5.61854868186e-10
1.54730971559e-09	3.83867285181e-10
1.54851666545e-09	2.03552910638e-10
1.54972361531e-09	-8.97182085569e-11
1.55093056516e-09	-4.60644009048e-10
1.55213751502e-09	-8.37658609143e-10
1.55334446488e-09	-1.06545723633e-09
1.55455141473e-09	-1.08812445165e-09
1.55575836459e-09	-9.55022866345e-10
1.55696531444e-09	-7.82149997547e-10
1.5581722643e-09	-7.17226195102e-10
1.55937921416e-09	-7.66945784658e-10
1.56058616401e-09	-8.55627638185e-10
1.56179311387e-09	-8.08008840392e-10
1.56300006372e-09	-4.80791857715e-10
1.56420701358e-09	1.22733948005e-10
1.56541396344e-09	8.86689333068e-10
1.56662091329e-09	1.55421228665e-09
1.56782786315e-09	1.91492369184e-09
1.56903481301e-09	1.84109968937e-09
1.57024176286e-09	1.33773567224e-09
1.57144871272e-09	5.46706423188e-10
1.57265566257e-09	-3.95349475379e-10
1.57386261243e-09	-1.31742619591e-09
1.57506956229e-09	-2.130349952e-09
1.57627651214e-09	-2.72926464762e-09
1.577483462e-09	-3.01263375357e-09
1.57869041185e-09	-2.885586603e-09
1.57989736171e-09	-2.26601049036e-09
1.58110431157e-09	-1.19962079159e-09
1.58231126142e-09	1.62142119176e-10
1.58351821128e-09	1.55798521306e-09
1.58472516114e-09	2.68076372212e-09
1.58593211099e-09	3.31880439797e-09
1.58713906085e-09	3.34590755102e-09
1.5883460107e-09	2.81181855577e-09
1.58955296056e-09	1.83118645247e-09
1.59075991042e-09	5.57424079117e-10
1.59196686027e-09	-8.41590144796e-10
1.59317381013e-09	-2.22672669192e-09
1.59438075998e-09	-3.40049793879e-09
1.59558770984e-09	-4.1648056115e-09
1.5967946597e-09	-4.29965579807e-09
1.59800160955e-09	-3.67933505885e-09
1.59920855941e-09	-2.34243224817e-09
1.60041550927e-09	-4.9395557089e-10
1.60162245912e-09	1.4817048144e-09
1.60282940898e-09	3.19263082638e-09
1.60403635883e-09	4.31704444415e-09
1.60524330869e-09	4.68217031813e-09
1.60645025855e-09	4.31447017002e-09
1.6076572084e-09	3.30712229824e-09
1.60886415826e-09	1.85165202615e-09
1.61007110811e-09	1.02470722879e-10
1.61127805797e-09	-1.74163006239e-09
1.61248500783e-09	-3.43704908978e-09
1.61369195768e-09	-4.70647509854e-09
1.61489890754e-09	-5.23403898001e-09
1.6161058574e-09	-4.83292605935e-09
1.61731280725e-09	-3.47340822771e-09
1.61851975711e-09	-1.38705291697e-09
1.61972670696e-09	1.00025680794e-09
1.62093365682e-09	3.20799298237e-09
1.62214060668e-09	4.78564188278e-09
1.62334755653e-09	5.50758338935e-09
1.62455450639e-09	5.31897736966e-09
1.62576145624e-09	4.34469638044e-09
1.6269684061e-09	2.81020101633e-09
1.62817535596e-09	9.22727338981e-10
1.62938230581e-09	-1.05652588067e-09
1.63058925567e-09	-2.91120538787e-09
1.63179620553e-09	-4.36061636799e-09
1.63300315538e-09	-5.15045028848e-09
1.63421010524e-09	-5.08823472245e-09
1.63541705509e-09	-4.10549694241e-09
1.63662400495e-09	-2.35253566627e-09
1.63783095481e-09	-1.32090552038e-10
1.63903790466e-09	2.12347611717e-09
1.64024485452e-09	3.98778782218e-09
1.64145180437e-09	5.15802289769e-09
1.64265875423e-09	5.46513589939e-09
1.64386570409e-09	4.94494178938e-09
1.64507265394e-09	3.72362546353e-09
1.6462796038e-09	2.02945091288e-09
1.64748655366e-09	1.03223851342e-10
1.64869350351e-09	-1.81168455238e-09
1.64990045337e-09	-3.44156131371e-09
1.65110740322e-09	-4.57440907375e-09
1.65231435308e-09	-4.99109675811e-09
1.65352130294e-09	-4.60010030068e-09
1.65472825279e-09	-3.42640382733e-09
1.65593520265e-09	-1.63461238989e-09
1.6571421525e-09	4.55109769315e-10
1.65834910236e-09	2.48936704583e-09
1.65955605222e-09	4.0989482919e-09
1.66076300207e-09	5.01607766434e-09
1.66196995193e-09	5.1190818251e-09
1.66317690179e-09	4.40591307882e-09
1.66438385164e-09	3.04514824467e-09
1.6655908015e-09	1.24980545357e-09
1.66679775135e-09	-6.81691619819e-10
1.66800470121e-09	-2.47593762159e-09
1.66921165107e-09	-3.872757115e-09
1.67041860092e-09	-4.65457816734e-09
1.67162555078e-09	-4.71867189766e-09
1.67283250063e-09	-4.02960065315e-09
1.67403945049e-09	-2.70448158313e-09
1.67524640035e-09	-9.52891585082e-10
1.6764533502e-09	9.36577690402e-10
1.67766030006e-09	2.63546584556e-09
1.67886724992e-09	3.87853671402e-09
1.68007419977e-09	4.456244318e-09
1.68128114963e-09	4.30402391505e-09
1.68248809948e-09	3.47293166447e-09
1.68369504934e-09	2.10795994549e-09
1.6849019992e-09	4.58716439833e-10
1.68610894905e-09	-1.24042237593e-09
1.68731589891e-09	-2.71129296792e-09
1.68852284877e-09	-3.76448994199e-09
1.68972979862e-09	-4.24667484511e-09
1.69093674848e-09	-4.09524508749e-09
1.69214369833e-09	-3.35275879282e-09
1.69335064819e-09	-2.11360168256e-09
1.69455759805e-09	-5.82069004107e-10
1.6957645479e-09	1.01844094269e-09
1.69697149776e-09	2.43250886101e-09
1.69817844761e-09	3.41958261707e-09
1.69938539747e-09	3.83058218478e-09
1.70059234733e-09	3.5797742548e-09
1.70179929718e-09	2.73425848629e-09
1.70300624704e-09	1.44317943707e-09
1.7042131969e-09	-6.16612741769e-11
1.70542014675e-09	-1.51831344719e-09
1.70662709661e-09	-2.71645717032e-09
1.70783404646e-09	-3.47254858202e-09
1.70904099632e-09	-3.71938330135e-09
1.71024794618e-09	-3.42768047279e-09
1.71145489603e-09	-2.65091026908e-09
1.71266184589e-09	-1.49884724077e-09
1.71386879574e-09	-1.23941069213e-10
1.7150757456e-09	1.25249394189e-09
1.71628269546e-09	2.40960362774e-09
1.71748964531e-09	3.12449704998e-09
1.71869659517e-09	3.26153637431e-09
1.71990354503e-09	2.81301854033e-09
1.72111049488e-09	1.86965548599e-09
1.72231744474e-09	6.62061128143e-10
1.72352439459e-09	-5.85397730291e-10
1.72473134445e-09	-1.64895586074e-09
1.72593829431e-09	-2.39263348023e-09
1.72714524416e-09	-2.76382811082e-09
1.72835219402e-09	-2.74654293753e-09
1.72955914387e-09	-2.38115255291e-09
1.73076609373e-09	-1.69198133282e-09
1.73197304359e-09	-7.54811754766e-10
1.73317999344e-09	3.23464414975e-10
1.7343869433e-09	1.37648925591e-09
1.73559389316e-09	2.19513421329e-09
1.73680084301e-09	2.6096534933e-09
1.73800779287e-09	2.51392096029e-09
1.73921474272e-09	1.94507973617e-09
1.74042169258e-09	1.05968910036e-09
1.74162864244e-09	6.41417249175e-11
1.74283559229e-09	-8.09804695523e-10
