% time-domain current integration by openEMS v0.37.0-rc1-2-g7b051bb @Sat Aug  8 20:17:06 2026
% start-coordinates: (0.00224676,0.00224676,-0.000762) m -> [65,64,14]
% stop-coordinates: (0.00292492,0.00292492,-0.000762) m -> [74,73,14]
% t/s	current
3.17618383199e-14	0
1.23871169448e-12	0
2.44566155064e-12	0
3.65261140679e-12	1.04453650282e-35
4.85956126295e-12	3.57628940639e-29
6.06651111911e-12	1.43143406367e-24
7.27346097527e-12	3.73522977952e-21
8.48041083143e-12	1.47667393734e-18
9.68736068758e-12	1.45603190158e-16
1.08943105437e-11	4.98572444248e-15
1.21012603999e-11	7.55041984339e-14
1.33082102561e-11	6.1217263897e-13
1.45151601122e-11	3.068425505e-12
1.57221099684e-11	1.03111659835e-11
1.69290598245e-11	2.36280890686e-11
1.81360096807e-11	3.37099480274e-11
1.93429595368e-11	8.1485122469e-12
2.0549909393e-11	-1.19111165375e-10
2.17568592492e-11	-4.5576134533e-10
2.29638091053e-11	-1.15092035902e-09
2.41707589615e-11	-2.35617880762e-09
2.53777088176e-11	-4.10996880973e-09
2.65846586738e-11	-6.13453687848e-09
2.779160853e-11	-7.58452411986e-09
2.89985583861e-11	-6.8457723934e-09
3.02055082423e-11	-1.54497625804e-09
3.14124580984e-11	1.10367874839e-08
3.26194079546e-11	3.30105827118e-08
3.38263578107e-11	6.44408899575e-08
3.50333076669e-11	1.01816524989e-07
3.62402575231e-11	1.37084896323e-07
3.74472073792e-11	1.58003004458e-07
3.86541572354e-11	1.50323387516e-07
3.98611070915e-11	1.01803117047e-07
4.10680569477e-11	7.10734049392e-09
4.22750068038e-11	-1.27891084389e-07
4.348195666e-11	-2.84180771359e-07
4.46889065162e-11	-4.31407812584e-07
4.58958563723e-11	-5.33794320745e-07
4.71028062285e-11	-5.59068212169e-07
4.83097560846e-11	-4.88132059218e-07
4.95167059408e-11	-3.2253112181e-07
5.0723655797e-11	-8.69452208008e-08
5.19306056531e-11	1.7482332737e-07
5.31375555093e-11	4.09899115539e-07
5.43445053654e-11	5.69814915252e-07
5.55514552216e-11	6.23382561571e-07
5.67584050777e-11	5.64736637898e-07
5.79653549339e-11	4.13997184978e-07
5.91723047901e-11	2.10435857184e-07
6.03792546462e-11	6.6811778332e-10
6.15862045024e-11	-1.73954987304e-07
6.27931543585e-11	-2.86747962264e-07
6.40001042147e-11	-3.29541592237e-07
6.52070540709e-11	-3.106909503e-07
6.6414003927e-11	-2.49151526077e-07
6.76209537832e-11	-1.67228520809e-07
6.88279036393e-11	-8.4504797826e-08
7.00348534955e-11	-1.42675595782e-08
7.12418033516e-11	3.72709756391e-08
7.24487532078e-11	6.96907491715e-08
7.3655703064e-11	8.60180051632e-08
7.48626529201e-11	9.03792241047e-08
7.60696027763e-11	8.63711093757e-08
7.72765526324e-11	7.63613812182e-08
7.84835024886e-11	6.16401436559e-08
7.96904523447e-11	4.31053415184e-08
8.08974022009e-11	2.1974283726e-08
8.21043520571e-11	1.94496585504e-10
8.33113019132e-11	-1.97328589024e-08
8.45182517694e-11	-3.5411591881e-08
8.57252016255e-11	-4.53435156089e-08
8.69321514817e-11	-4.93494063392e-08
8.81391013379e-11	-4.83885926883e-08
8.9346051194e-11	-4.38503526823e-08
9.05530010502e-11	-3.66509347316e-08
9.17599509063e-11	-2.68649955615e-08
9.29669007625e-11	-1.40965576989e-08
9.41738506186e-11	1.52982837509e-09
9.53808004748e-11	1.85062738467e-08
9.6587750331e-11	3.37510748238e-08
9.77947001871e-11	4.35299511992e-08
9.90016500433e-11	4.50727348777e-08
1.00208599899e-10	3.80099578479e-08
1.01415549756e-10	2.49323797163e-08
1.02622499612e-10	1.06512798581e-08
1.03829449468e-10	4.8548565168e-10
1.05036399324e-10	-1.74409264808e-09
1.0624334918e-10	4.77099337814e-09
1.07450299036e-10	1.73980581053e-08
1.08657248893e-10	3.0750349822e-08
1.09864198749e-10	3.84674834208e-08
1.11071148605e-10	3.54472611264e-08
1.12278098461e-10	1.99625524999e-08
1.13485048317e-10	-5.24500887167e-09
1.14691998173e-10	-3.35827827769e-08
1.15898948029e-10	-5.68232110254e-08
1.17105897886e-10	-6.81788563384e-08
1.18312847742e-10	-6.48958717875e-08
1.19519797598e-10	-4.90846510104e-08
1.20726747454e-10	-2.64858641685e-08
1.2193369731e-10	-3.86495235816e-09
1.23140647166e-10	1.362441715e-08
1.24347597023e-10	2.3789427317e-08
1.25554546879e-10	2.71178546285e-08
1.26761496735e-10	2.53854608445e-08
1.27968446591e-10	2.03200496429e-08
1.29175396447e-10	1.30106529994e-08
1.30382346303e-10	4.3787573567e-09
1.3158929616e-10	-4.12358769353e-09
1.32796246016e-10	-1.02392965218e-08
1.34003195872e-10	-1.15277547508e-08
1.35210145728e-10	-6.58739551795e-09
1.36417095584e-10	3.87918319689e-09
1.3762404544e-10	1.68236411469e-08
1.38830995296e-10	2.78353677885e-08
1.40037945153e-10	3.28664810922e-08
1.41244895009e-10	3.00284348498e-08
1.42451844865e-10	2.04730969955e-08
1.43658794721e-10	7.89923504385e-09
1.44865744577e-10	-3.09035508295e-09
1.46072694433e-10	-9.05606523105e-09
1.4727964429e-10	-9.26296550574e-09
1.48486594146e-10	-5.97064353514e-09
1.49693544002e-10	-3.2689511098e-09
1.50900493858e-10	-5.03701924615e-09
1.52107443714e-10	-1.30058657177e-08
1.5331439357e-10	-2.57108396795e-08
1.54521343427e-10	-3.89989054383e-08
1.55728293283e-10	-4.77473420801e-08
1.56935243139e-10	-4.81203557001e-08
1.58142192995e-10	-3.93541164101e-08
1.59349142851e-10	-2.42379094573e-08
1.60556092707e-10	-8.13749778672e-09
1.61763042563e-10	3.11151571175e-09
1.6296999242e-10	5.44762990273e-09
1.64176942276e-10	-1.90184312743e-09
1.65383892132e-10	-1.62876769849e-08
1.66590841988e-10	-3.28666089899e-08
1.67797791844e-10	-4.65523086746e-08
1.690047417e-10	-5.38470281697e-08
1.70211691557e-10	-5.37304920556e-08
1.71418641413e-10	-4.73628105624e-08
1.72625591269e-10	-3.69397241684e-08
1.73832541125e-10	-2.44266011862e-08
1.75039490981e-10	-1.08713438252e-08
1.76246440837e-10	3.45885298181e-09
1.77453390694e-10	1.8274851854e-08
1.7866034055e-10	3.25532631962e-08
1.79867290406e-10	4.43991154953e-08
1.81074240262e-10	5.16787750371e-08
1.82281190118e-10	5.3186290927e-08
1.83488139974e-10	4.95265268796e-08
1.8469508983e-10	4.32098801184e-08
1.85902039687e-10	3.77802251705e-08
1.87108989543e-10	3.63332510744e-08
1.88315939399e-10	4.00712281134e-08
1.89522889255e-10	4.77386272735e-08
1.90729839111e-10	5.61302506696e-08
1.91936788967e-10	6.14207849026e-08
1.93143738824e-10	6.08311907513e-08
1.9435068868e-10	5.37281401591e-08
1.95557638536e-10	4.17717522794e-08
1.96764588392e-10	2.81308096817e-08
1.97971538248e-10	1.60705884156e-08
1.99178488104e-10	7.63002727666e-09
2.00385437961e-10	2.92235324828e-09
2.01592387817e-10	2.96494190311e-10
2.02799337673e-10	-2.73232392267e-09
2.04006287529e-10	-8.18179834994e-09
2.05213237385e-10	-1.65591185208e-08
2.06420187241e-10	-2.64225903379e-08
2.07627137097e-10	-3.47804309797e-08
2.08834086954e-10	-3.81971680952e-08
2.1004103681e-10	-3.41507835344e-08
2.11247986666e-10	-2.21989786553e-08
2.12454936522e-10	-4.49740555908e-09
2.13661886378e-10	1.46413103863e-08
2.14868836234e-10	2.99485058974e-08
2.16075786091e-10	3.68331996015e-08
2.17282735947e-10	3.29795852849e-08
2.18489685803e-10	1.92381985897e-08
2.19696635659e-10	-4.91120588642e-10
2.20903585515e-10	-2.03702743562e-08
2.22110535371e-10	-3.44707160593e-08
2.23317485228e-10	-3.87113487932e-08
2.24524435084e-10	-3.21969295669e-08
2.2573138494e-10	-1.74872525349e-08
2.26938334796e-10	3.64120733565e-10
2.28145284652e-10	1.56621506875e-08
2.29352234508e-10	2.40917774619e-08
2.30559184364e-10	2.42004727369e-08
2.31766134221e-10	1.76945302854e-08
2.32973084077e-10	8.50378878425e-09
2.34180033933e-10	1.02135289115e-09
2.35386983789e-10	-1.70693892354e-09
2.36593933645e-10	8.80310324636e-10
2.37800883501e-10	6.88820644967e-09
2.39007833358e-10	1.30282646893e-08
2.40214783214e-10	1.61702580215e-08
2.4142173307e-10	1.47452317023e-08
2.42628682926e-10	9.31601285004e-09
2.43835632782e-10	2.19327334072e-09
2.45042582638e-10	-3.63817376225e-09
2.46249532495e-10	-5.78467629353e-09
2.47456482351e-10	-3.41323103115e-09
2.48663432207e-10	2.53843412956e-09
2.49870382063e-10	9.81624204144e-09
2.51077331919e-10	1.56966120102e-08
2.52284281775e-10	1.79782180254e-08
2.53491231631e-10	1.56629074155e-08
2.54698181488e-10	9.17892695185e-09
2.55905131344e-10	1.97782012989e-10
2.571120812e-10	-8.91637430556e-09
2.58319031056e-10	-1.58008166551e-08
2.59525980912e-10	-1.8714292338e-08
2.60732930768e-10	-1.69948997097e-08
2.61939880625e-10	-1.12151550269e-08
2.63146830481e-10	-3.01787439483e-09
2.64353780337e-10	5.29108179492e-09
2.65560730193e-10	1.13471667618e-08
2.66767680049e-10	1.336617661e-08
2.67974629905e-10	1.06525481769e-08
2.69181579762e-10	3.8838168237e-09
2.70388529618e-10	-5.03346830882e-09
2.71595479474e-10	-1.34777247141e-08
2.7280242933e-10	-1.88792252942e-08
2.74009379186e-10	-1.95841902695e-08
2.75216329042e-10	-1.54482560077e-08
2.76423278899e-10	-7.86884246651e-09
2.77630228755e-10	7.07102654207e-10
2.78837178611e-10	7.70876162903e-09
2.80044128467e-10	1.14028484433e-08
2.81251078323e-10	1.14694351794e-08
2.82458028179e-10	8.94033025389e-09
2.83664978035e-10	5.58740476109e-09
2.84871927892e-10	3.05109981724e-09
2.86078877748e-10	2.14020912104e-09
2.87285827604e-10	2.64808375228e-09
2.8849277746e-10	3.67155883474e-09
2.89699727316e-10	4.22723323013e-09
2.90906677172e-10	3.80161946367e-09
2.92113627029e-10	2.56037813173e-09
2.93320576885e-10	1.1422625068e-09
2.94527526741e-10	2.47371650941e-10
2.95734476597e-10	2.53157550478e-10
2.96941426453e-10	1.06163078328e-09
2.98148376309e-10	2.23974239155e-09
2.99355326166e-10	3.28425264762e-09
3.00562276022e-10	3.84697296241e-09
3.01769225878e-10	3.84065401704e-09
3.02976175734e-10	3.33122107676e-09
3.0418312559e-10	2.42333486611e-09
3.05390075446e-10	1.19030385548e-09
3.06597025302e-10	-3.3457650539e-10
3.07803975159e-10	-2.04117855951e-09
3.09010925015e-10	-3.67281138836e-09
3.10217874871e-10	-4.85930007343e-09
3.11424824727e-10	-5.23186871604e-09
3.12631774583e-10	-4.58298377026e-09
3.13838724439e-10	-2.9995506079e-09
3.15045674296e-10	-8.54322668165e-10
3.16252624152e-10	1.30788146979e-09
3.17459574008e-10	2.94753443875e-09
3.18666523864e-10	3.71884523176e-09
3.1987347372e-10	3.53388518448e-09
3.21080423576e-10	2.55349519307e-09
3.22287373433e-10	1.11328823937e-09
3.23494323289e-10	-4.08423517229e-10
3.24701273145e-10	-1.6405069525e-09
3.25908223001e-10	-2.28824892368e-09
3.27115172857e-10	-2.17945483882e-09
3.28322122713e-10	-1.28938748567e-09
3.29529072569e-10	2.09950709595e-10
3.30736022426e-10	1.95430471805e-09
3.31942972282e-10	3.48868556266e-09
3.33149922138e-10	4.40973613181e-09
3.34356871994e-10	4.51570603133e-09
3.3556382185e-10	3.90193877209e-09
3.36770771706e-10	2.9042432903e-09
3.37977721563e-10	1.93012761329e-09
3.39184671419e-10	1.29416422023e-09
3.40391621275e-10	1.08443110047e-09
3.41598571131e-10	1.1742383732e-09
3.42805520987e-10	1.34839384103e-09
3.44012470843e-10	1.39694467105e-09
3.452194207e-10	1.18740195454e-09
3.46426370556e-10	6.42083219926e-10
3.47633320412e-10	-3.0554220265e-10
3.48840270268e-10	-1.70958924794e-09
3.50047220124e-10	-3.51221673967e-09
3.5125416998e-10	-5.42980105322e-09
3.52461119836e-10	-6.94344404195e-09
3.53668069693e-10	-7.41096917167e-09
3.54875019549e-10	-6.37344887977e-09
3.56081969405e-10	-3.84580367552e-09
3.57288919261e-10	-4.47981873819e-10
3.58495869117e-10	2.73065969836e-09
3.59702818973e-10	4.5428705242e-09
3.6090976883e-10	4.26617541294e-09
3.62116718686e-10	1.9416881436e-09
3.63323668542e-10	-1.60976099117e-09
3.64530618398e-10	-5.11056486019e-09
3.65737568254e-10	-7.33731431168e-09
3.6694451811e-10	-7.59678897566e-09
3.68151467967e-10	-5.94236926332e-09
3.69358417823e-10	-3.07314595993e-09
3.70565367679e-10	2.26568555584e-11
3.71772317535e-10	2.48306331052e-09
3.72979267391e-10	3.87402510071e-09
3.74186217247e-10	4.2658765409e-09
3.75393167103e-10	4.06890610094e-09
3.7660011696e-10	3.7798626451e-09
3.77807066816e-10	3.7309191292e-09
3.79014016672e-10	3.95817689736e-09
3.80220966528e-10	4.24402868404e-09
3.81427916384e-10	4.23694501706e-09
3.8263486624e-10	3.62943786136e-09
3.83841816097e-10	2.29286123421e-09
3.85048765953e-10	3.3003116906e-10
3.86255715809e-10	-1.93933913373e-09
3.87462665665e-10	-4.05244415802e-09
3.88669615521e-10	-5.50115863973e-09
3.89876565377e-10	-5.86415183079e-09
3.91083515234e-10	-4.90330887004e-09
3.9229046509e-10	-2.66314414965e-09
3.93497414946e-10	4.82600515106e-10
3.94704364802e-10	3.87542353764e-09
3.95911314658e-10	6.67844179958e-09
3.97118264514e-10	8.09491407239e-09
3.9832521437e-10	7.59640084169e-09
3.99532164227e-10	5.12464648494e-09
4.00739114083e-10	1.17380605236e-09
4.01946063939e-10	-3.28800386917e-09
4.03153013795e-10	-7.08461289634e-09
4.04359963651e-10	-9.18188636234e-09
4.05566913507e-10	-9.01524543906e-09
4.06773863364e-10	-6.68801325432e-09
4.0798081322e-10	-2.92075585939e-09
4.09187763076e-10	1.22078602782e-09
4.10394712932e-10	4.69319694218e-09
4.11601662788e-10	6.82940770602e-09
4.12808612644e-10	7.4992083654e-09
4.14015562501e-10	7.0211423342e-09
4.15222512357e-10	5.93445825814e-09
4.16429462213e-10	4.69497241085e-09
4.17636412069e-10	3.50663609261e-09
4.18843361925e-10	2.31723173982e-09
4.20050311781e-10	9.80083902924e-10
4.21257261637e-10	-5.57276391699e-10
4.22464211494e-10	-2.13209450095e-09
4.2367116135e-10	-3.40209727057e-09
4.24878111206e-10	-3.9916070449e-09
4.26085061062e-10	-3.65916363876e-09
4.27292010918e-10	-2.41625386366e-09
4.28498960774e-10	-5.00644081747e-10
4.29705910631e-10	1.71636749258e-09
4.30912860487e-10	3.83356191236e-09
4.32119810343e-10	5.5059423687e-09
4.33326760199e-10	6.44279252171e-09
4.34533710055e-10	6.41463238082e-09
4.35740659911e-10	5.27921173443e-09
4.36947609768e-10	3.05459435523e-09
4.38154559624e-10	1.62544231547e-11
4.3936150948e-10	-3.28084781565e-09
4.40568459336e-10	-6.09004624508e-09
4.41775409192e-10	-7.6793771342e-09
4.42982359048e-10	-7.58197327144e-09
4.44189308904e-10	-5.78630654502e-09
4.45396258761e-10	-2.76440692559e-09
4.46603208617e-10	6.77715328301e-10
4.47810158473e-10	3.67404529023e-09
4.49017108329e-10	5.57437340731e-09
4.50224058185e-10	6.12039885439e-09
4.51431008041e-10	5.45098766125e-09
4.52637957898e-10	3.9779881611e-09
4.53844907754e-10	2.17453899332e-09
4.5505185761e-10	4.2253534005e-10
4.56258807466e-10	-1.06839492808e-09
4.57465757322e-10	-2.22513896198e-09
4.58672707178e-10	-3.03253222533e-09
4.59879657035e-10	-3.46950224106e-09
4.61086606891e-10	-3.4795286652e-09
4.62293556747e-10	-3.02918423678e-09
4.63500506603e-10	-2.14835926826e-09
4.64707456459e-10	-9.6632635227e-10
4.65914406315e-10	3.15467624246e-10
4.67121356171e-10	1.49275936057e-09
4.68328306028e-10	2.41895103947e-09
4.69535255884e-10	3.01937852498e-09
4.7074220574e-10	3.27355564878e-09
4.71949155596e-10	3.15188897204e-09
4.73156105452e-10	2.59883514708e-09
4.74363055308e-10	1.56873447565e-09
4.75570005165e-10	1.06690462021e-10
4.76776955021e-10	-1.58029522801e-09
4.77983904877e-10	-3.11869441383e-09
4.79190854733e-10	-4.07913258726e-09
4.80397804589e-10	-4.13872092153e-09
4.81604754445e-10	-3.24066085078e-09
4.82811704302e-10	-1.65028246624e-09
4.84018654158e-10	1.50027448798e-10
4.85225604014e-10	1.64411706471e-09
4.8643255387e-10	2.49318921064e-09
4.87639503726e-10	2.64784416615e-09
4.88846453582e-10	2.30421304259e-09
4.90053403438e-10	1.76176906397e-09
4.91260353295e-10	1.25059651523e-09
4.92467303151e-10	8.26717638791e-10
4.93674253007e-10	4.04878297555e-10
4.94881202863e-10	-1.4314528729e-10
4.96088152719e-10	-8.51698989113e-10
4.97295102575e-10	-1.61210556016e-09
4.98502052432e-10	-2.20529239314e-09
4.99709002288e-10	-2.41787190269e-09
5.00915952144e-10	-2.14992001979e-09
5.02122902e-10	-1.46930079215e-09
5.03329851856e-10	-5.72863756432e-10
5.04536801712e-10	3.05860281546e-10
5.05743751569e-10	9.86714931983e-10
5.06950701425e-10	1.40303935137e-09
5.08157651281e-10	1.57684409974e-09
5.09364601137e-10	1.56674173635e-09
5.10571550993e-10	1.41199141268e-09
5.11778500849e-10	1.10852904633e-09
5.12985450705e-10	6.31720897815e-10
5.14192400562e-10	-1.08825795597e-11
5.15399350418e-10	-7.46254558148e-10
5.16606300274e-10	-1.43242029349e-09
5.1781325013e-10	-1.90630244923e-09
5.19020199986e-10	-2.04855421515e-09
5.20227149842e-10	-1.84347448418e-09
5.21434099699e-10	-1.37989830673e-09
5.22641049555e-10	-8.14061318355e-10
5.23847999411e-10	-2.93126273254e-10
5.25054949267e-10	1.07982345288e-10
5.26261899123e-10	4.02250344145e-10
5.27468848979e-10	6.49258646845e-10
5.28675798836e-10	8.88654705378e-10
5.29882748692e-10	1.08210262972e-09
5.31089698548e-10	1.11848152962e-09
5.32296648404e-10	8.72154570786e-10
5.3350359826e-10	2.94211599527e-10
5.34710548116e-10	-5.2639603787e-10
5.35917497972e-10	-1.37627176322e-09
5.37124447829e-10	-1.99483740637e-09
5.38331397685e-10	-2.19383133881e-09
5.39538347541e-10	-1.9331583001e-09
5.40745297397e-10	-1.3323490089e-09
5.41952247253e-10	-5.94657711961e-10
5.43159197109e-10	8.74600530887e-11
5.44366146966e-10	6.13343265066e-10
5.45573096822e-10	9.79217595898e-10
5.46780046678e-10	1.23020338361e-09
5.47986996534e-10	1.39873679306e-09
5.4919394639e-10	1.46738787787e-09
5.50400896246e-10	1.38370115366e-09
5.51607846103e-10	1.11250697543e-09
5.52814795959e-10	6.71578681555e-10
5.54021745815e-10	1.3946316324e-10
5.55228695671e-10	-3.81065345945e-10
5.56435645527e-10	-8.11724687466e-10
5.57642595383e-10	-1.11687170623e-09
5.58849545239e-10	-1.29975097352e-09
5.60056495096e-10	-1.3545888855e-09
5.61263444952e-10	-1.25030341636e-09
5.62470394808e-10	-9.33701005401e-10
5.63677344664e-10	-3.72968572693e-10
5.6488429452e-10	3.8951836201e-10
5.66091244376e-10	1.22196253116e-09
5.67298194233e-10	1.92609639349e-09
5.68505144089e-10	2.30805619061e-09
5.69712093945e-10	2.24650342773e-09
5.70919043801e-10	1.73930758685e-09
5.72125993657e-10	9.0211804693e-10
5.73332943513e-10	-7.30952659511e-11
5.7453989337e-10	-9.72876001981e-10
5.75746843226e-10	-1.61732449655e-09
5.76953793082e-10	-1.89458893018e-09
5.78160742938e-10	-1.77823467062e-09
5.79367692794e-10	-1.32505517669e-09
5.8057464265e-10	-6.52496057185e-10
5.81781592506e-10	9.34203964187e-11
5.82988542363e-10	7.8406164894e-10
5.84195492219e-10	1.34008693031e-09
5.85402442075e-10	1.7370861416e-09
5.86609391931e-10	1.98680738528e-09
5.87816341787e-10	2.09085881941e-09
5.89023291643e-10	2.02005479011e-09
5.902302415e-10	1.71415981409e-09
5.91437191356e-10	1.12836651134e-09
5.92644141212e-10	2.9215110886e-10
5.93851091068e-10	-6.63245569577e-10
5.95058040924e-10	-1.51660195513e-09
5.9626499078e-10	-2.03869388038e-09
5.97471940637e-10	-2.07498973559e-09
5.98678890493e-10	-1.61136382015e-09
5.99885840349e-10	-7.78866193762e-10
6.01092790205e-10	2.08791456346e-10
6.02299740061e-10	1.13454945438e-09
6.03506689917e-10	1.84472537246e-09
6.04713639773e-10	2.26617924426e-09
6.0592058963e-10	2.38412134479e-09
6.07127539486e-10	2.20305684806e-09
6.08334489342e-10	1.73008896098e-09
6.09541439198e-10	9.91710158438e-10
6.10748389054e-10	6.41047770422e-11
6.1195533891e-10	-9.03398411634e-10
6.13162288767e-10	-1.71274572303e-09
6.14369238623e-10	-2.17533857594e-09
6.15576188479e-10	-2.18132201191e-09
6.16783138335e-10	-1.74902459182e-09
6.17990088191e-10	-1.00858321694e-09
6.19197038047e-10	-1.50626289219e-10
6.20403987904e-10	6.47939091269e-10
6.2161093776e-10	1.27968102781e-09
6.22817887616e-10	1.69903646707e-09
6.24024837472e-10	1.90203830464e-09
6.25231787328e-10	1.87562010368e-09
6.26438737184e-10	1.5858372393e-09
6.2764568704e-10	1.00653796409e-09
6.28852636897e-10	1.61973962021e-10
6.30059586753e-10	-8.30204904823e-10
6.31266536609e-10	-1.76874381808e-09
6.32473486465e-10	-2.42090592018e-09
6.33680436321e-10	-2.60856736212e-09
6.34887386177e-10	-2.27187935131e-09
6.36094336034e-10	-1.49630707824e-09
6.3730128589e-10	-4.75635586472e-10
6.38508235746e-10	5.5812893196e-10
6.39715185602e-10	1.40070510746e-09
6.40922135458e-10	1.92354066009e-09
6.42129085314e-10	2.0742854101e-09
6.43336035171e-10	1.86223769738e-09
6.44542985027e-10	1.3427655654e-09
6.45749934883e-10	5.9992460999e-10
6.46956884739e-10	-2.4192239878e-10
6.48163834595e-10	-1.03431185838e-09
6.49370784451e-10	-1.6278567383e-09
6.50577734307e-10	-1.9088719494e-09
6.51784684164e-10	-1.84340154252e-09
6.5299163402e-10	-1.48219669871e-09
6.54198583876e-10	-9.41967726042e-10
6.55405533732e-10	-3.54885398846e-10
6.56612483588e-10	1.81702347613e-10
6.57819433444e-10	6.23894047536e-10
6.59026383301e-10	9.67129487606e-10
6.60233333157e-10	1.20980880869e-09
6.61440283013e-10	1.31777178058e-09
6.62647232869e-10	1.22202203912e-09
6.63854182725e-10	8.54912751702e-10
6.65061132581e-10	2.03862524084e-10
6.66268082438e-10	-6.50364428978e-10
6.67475032294e-10	-1.52355017491e-09
6.6868198215e-10	-2.18883067227e-09
6.69888932006e-10	-2.44434961161e-09
6.71095881862e-10	-2.19679230362e-09
6.72302831718e-10	-1.50293877343e-09
6.73509781574e-10	-5.42699496453e-10
6.74716731431e-10	4.31879670915e-10
6.75923681287e-10	1.19354193195e-09
6.77130631143e-10	1.60253654791e-09
6.78337580999e-10	1.63136282261e-09
6.79544530855e-10	1.3486286532e-09
6.80751480711e-10	8.64072202678e-10
6.81958430568e-10	2.81702328131e-10
6.83165380424e-10	-3.21146192972e-10
6.8437233028e-10	-8.8481610927e-10
6.85579280136e-10	-1.34238142824e-09
6.86786229992e-10	-1.60361468549e-09
6.87993179848e-10	-1.57470414486e-09
6.89200129705e-10	-1.20978616014e-09
6.90407079561e-10	-5.54326917701e-10
6.91614029417e-10	2.31962130059e-10
6.92820979273e-10	9.2578728017e-10
6.94027929129e-10	1.32594846214e-09
6.95234878985e-10	1.34220579096e-09
6.96441828841e-10	1.0434142439e-09
6.97648778698e-10	6.10379524701e-10
6.98855728554e-10	2.42293268782e-10
7.0006267841e-10	4.67292940454e-11
7.01269628266e-10	-1.54910320682e-11
7.02476578122e-10	-8.30487623116e-11
7.03683527978e-10	-2.97941255001e-10
7.04890477835e-10	-6.87758239248e-10
7.06097427691e-10	-1.12172937605e-09
7.07304377547e-10	-1.36988198562e-09
7.08511327403e-10	-1.22428611693e-09
7.09718277259e-10	-6.29949925557e-10
7.10925227115e-10	2.66413946459e-10
7.12132176972e-10	1.16893117408e-09
7.13339126828e-10	1.76995573753e-09
7.14546076684e-10	1.88357818232e-09
7.1575302654e-10	1.52191548253e-09
7.16959976396e-10	8.60607529685e-10
7.18166926252e-10	1.37606440131e-10
7.19373876108e-10	-4.54876691869e-10
7.20580825965e-10	-8.37654501318e-10
7.21787775821e-10	-1.02436481519e-09
7.22994725677e-10	-1.0599044975e-09
7.24201675533e-10	-9.65769464401e-10
7.25408625389e-10	-7.15317249878e-10
7.26615575245e-10	-2.80838241551e-10
7.27822525102e-10	3.1223018615e-10
7.29029474958e-10	9.57180779082e-10
7.30236424814e-10	1.47675238704e-09
7.3144337467e-10	1.70398417598e-09
7.32650324526e-10	1.55364276999e-09
7.33857274382e-10	1.07102215985e-09
7.35064224239e-10	4.15474488147e-10
7.36271174095e-10	-2.09706169096e-10
7.37478123951e-10	-6.40016595277e-10
7.38685073807e-10	-8.09523281742e-10
7.39892023663e-10	-7.55758011728e-10
7.41098973519e-10	-5.78759151715e-10
7.42305923375e-10	-3.76673386926e-10
7.43512873232e-10	-1.98956781605e-10
7.44719823088e-10	-3.2958833579e-11
7.45926772944e-10	1.69148528517e-10
7.471337228e-10	4.42459069383e-10
7.48340672656e-10	7.77761688386e-10
7.49547622512e-10	1.10287479149e-09
7.50754572369e-10	1.31144139992e-09
7.51961522225e-10	1.30450206193e-09
7.53168472081e-10	1.02965902471e-09
7.54375421937e-10	5.15970044468e-10
7.55582371793e-10	-1.37600722483e-10
7.56789321649e-10	-7.83719589226e-10
7.57996271506e-10	-1.26917609755e-09
7.59203221362e-10	-1.48217094154e-09
7.60410171218e-10	-1.37147793122e-09
7.61617121074e-10	-9.62930402082e-10
7.6282407093e-10	-3.46500245163e-10
7.64031020786e-10	3.50180690001e-10
7.65237970642e-10	9.84710868401e-10
7.66444920499e-10	1.43331502223e-09
7.67651870355e-10	1.61188828951e-09
7.68858820211e-10	1.48782786091e-09
7.70065770067e-10	1.08599507165e-09
7.71272719923e-10	4.84689788305e-10
7.72479669779e-10	-2.05887168425e-10
7.73686619636e-10	-8.5704776609e-10
7.74893569492e-10	-1.34875721702e-09
7.76100519348e-10	-1.59578672498e-09
7.77307469204e-10	-1.55505053279e-09
7.7851441906e-10	-1.24254961875e-09
7.79721368916e-10	-7.2514344529e-10
7.80928318773e-10	-1.03635475202e-10
7.82135268629e-10	4.99381036523e-10
7.83342218485e-10	9.76750791359e-10
7.84549168341e-10	1.25054788747e-09
7.85756118197e-10	1.28601784777e-09
7.86963068053e-10	1.10032494227e-09
7.88170017909e-10	7.41751049471e-10
7.89376967766e-10	2.81339118668e-10
7.90583917622e-10	-2.07422135023e-10
7.91790867478e-10	-6.64424570918e-10
7.92997817334e-10	-1.04074349139e-09
7.9420476719e-10	-1.3013194966e-09
7.95411717046e-10	-1.42020184501e-09
7.96618666903e-10	-1.37401168221e-09
7.97825616759e-10	-1.1494527552e-09
7.99032566615e-10	-7.49935225031e-10
8.00239516471e-10	-2.05220840321e-10
8.01446466327e-10	4.15593393033e-10
8.02653416183e-10	1.0073131218e-09
8.0386036604e-10	1.4449171859e-09
8.05067315896e-10	1.60438295982e-09
8.06274265752e-10	1.41255585007e-09
8.07481215608e-10	8.70868099856e-10
8.08688165464e-10	7.38071964657e-11
8.0989511532e-10	-8.01818500484e-10
8.11102065176e-10	-1.55378365729e-09
8.12309015033e-10	-2.00462202393e-09
8.13515964889e-10	-2.06216954624e-09
8.14722914745e-10	-1.74525871532e-09
8.15929864601e-10	-1.15707743387e-09
8.17136814457e-10	-4.49389969681e-10
8.18343764313e-10	2.37652980628e-10
8.1955071417e-10	8.10866040979e-10
8.20757664026e-10	1.21920851193e-09
8.21964613882e-10	1.44038836414e-09
8.23171563738e-10	1.4526411185e-09
8.24378513594e-10	1.23063403912e-09
8.2558546345e-10	7.7108114338e-10
8.26792413307e-10	1.22544766001e-10
8.27999363163e-10	-6.0124821788e-10
8.29206313019e-10	-1.23296295396e-09
8.30413262875e-10	-1.61677538024e-09
8.31620212731e-10	-1.66396407764e-09
8.32827162587e-10	-1.39049372017e-09
8.34034112443e-10	-9.11175579432e-10
8.352410623e-10	-3.75392605889e-10
8.36448012156e-10	9.83845366287e-11
8.37654962012e-10	4.63959648478e-10
8.38861911868e-10	7.5128098187e-10
8.40068861724e-10	1.00504693457e-09
8.4127581158e-10	1.23394150453e-09
8.42482761437e-10	1.3797268883e-09
8.43689711293e-10	1.33179045569e-09
8.44896661149e-10	1.00136687831e-09
8.46103611005e-10	3.8057568208e-10
8.47310560861e-10	-4.20068979601e-10
8.48517510717e-10	-1.19634602225e-09
8.49724460574e-10	-1.72770997509e-09
8.5093141043e-10	-1.86083626286e-09
8.52138360286e-10	-1.56526913653e-09
8.53345310142e-10	-9.40892030954e-10
8.54552259998e-10	-1.62893545874e-10
8.55759209854e-10	5.84268355919e-10
8.5696615971e-10	1.16602150158e-09
8.58173109567e-10	1.52152068722e-09
8.59380059423e-10	1.6471376485e-09
8.60587009279e-10	1.56416035679e-09
8.61793959135e-10	1.29850896702e-09
8.63000908991e-10	8.68279115274e-10
8.64207858847e-10	3.0872271406e-10
8.65414808704e-10	-3.119449421e-10
8.6662175856e-10	-8.8993645786e-10
8.67828708416e-10	-1.29881472244e-09
8.69035658272e-10	-1.43850109602e-09
8.70242608128e-10	-1.26875199236e-09
8.71449557984e-10	-8.316489164e-10
8.72656507841e-10	-2.4260662923e-10
8.73863457697e-10	3.55313445333e-10
8.75070407553e-10	8.38577152162e-10
8.76277357409e-10	1.13965359372e-09
8.77484307265e-10	1.25991594935e-09
8.78691257121e-10	1.240733849e-09
8.79898206977e-10	1.13115083966e-09
8.81105156834e-10	9.52785295105e-10
8.8231210669e-10	6.95891178015e-10
8.83519056546e-10	3.38077066342e-10
8.84726006402e-10	-1.16590306853e-10
8.85932956258e-10	-6.16538986531e-10
8.87139906114e-10	-1.05736774891e-09
8.88346855971e-10	-1.31584920737e-09
8.89553805827e-10	-1.30051969194e-09
8.90760755683e-10	-9.87167791955e-10
8.91967705539e-10	-4.40683628478e-10
8.93174655395e-10	2.10119088795e-10
8.94381605251e-10	8.17034051526e-10
8.95588555108e-10	1.25490873248e-09
8.96795504964e-10	1.45774958771e-09
8.9800245482e-10	1.41739142645e-09
8.99209404676e-10	1.16726606159e-09
9.00416354532e-10	7.64676877374e-10
9.01623304388e-10	2.69779698581e-10
9.02830254244e-10	-2.50789805589e-10
9.04037204101e-10	-7.2537920115e-10
9.05244153957e-10	-1.07801700899e-09
9.06451103813e-10	-1.24316379413e-09
9.07658053669e-10	-1.18454501763e-09
9.08865003525e-10	-9.15611364505e-10
9.10071953381e-10	-4.97282437451e-10
9.11278903238e-10	-2.36156476319e-11
9.12485853094e-10	4.07460121199e-10
9.1369280295e-10	7.24827753373e-10
9.14899752806e-10	8.9538182424e-10
9.16106702662e-10	9.21060727688e-10
9.17313652518e-10	8.2685791547e-10
9.18520602375e-10	6.37479624643e-10
9.19727552231e-10	3.77161857301e-10
9.20934502087e-10	6.75310987686e-11
9.22141451943e-10	-2.65906879848e-10
9.23348401799e-10	-5.81338976957e-10
9.24555351655e-10	-8.35039148939e-10
9.25762301512e-10	-9.82677939021e-10
9.26969251368e-10	-9.97310012352e-10
9.28176201224e-10	-8.75377104137e-10
9.2938315108e-10	-6.33701202624e-10
9.30590100936e-10	-3.06720121523e-10
9.31797050792e-10	6.0641949795e-11
9.33004000648e-10	4.18570511584e-10
9.34210950505e-10	7.10023095873e-10
9.35417900361e-10	8.79062489467e-10
9.36624850217e-10	8.80870043574e-10
9.37831800073e-10	6.97136015582e-10
9.39038749929e-10	3.50472928456e-10
9.40245699785e-10	-9.14563078047e-11
9.41452649642e-10	-5.34916277939e-10
9.42659599498e-10	-8.80283901328e-10
9.43866549354e-10	-1.05817854479e-09
9.4507349921e-10	-1.04846675786e-09
9.46280449066e-10	-8.75522210286e-10
9.47487398922e-10	-6.01191152416e-10
9.48694348779e-10	-2.90974910833e-10
9.49901298635e-10	2.15504870893e-12
9.51108248491e-10	2.43854908488e-10
9.52315198347e-10	4.20531970358e-10
9.53522148203e-10	5.22513754486e-10
9.54729098059e-10	5.41783062857e-10
9.55936047915e-10	4.75085137897e-10
9.57142997772e-10	3.25487220509e-10
9.58349947628e-10	1.16389668736e-10
9.59556897484e-10	-1.16168873132e-10
9.6076384734e-10	-3.30127647441e-10
9.61970797196e-10	-4.90841089995e-10
9.63177747052e-10	-5.81620640538e-10
9.64384696909e-10	-6.04105931945e-10
9.65591646765e-10	-5.67847213695e-10
9.66798596621e-10	-4.83411422003e-10
9.68005546477e-10	-3.55500295868e-10
9.69212496333e-10	-1.83749335192e-10
9.70419446189e-10	2.32258448585e-11
9.71626396046e-10	2.45121895004e-10
9.72833345902e-10	4.45936898519e-10
9.74040295758e-10	5.80495873592e-10
9.75247245614e-10	6.14214179517e-10
9.7645419547e-10	5.29873256383e-10
9.77661145326e-10	3.39746342171e-10
9.78868095182e-10	8.22814524848e-11
9.80075045039e-10	-1.91228907709e-10
9.81281994895e-10	-4.2329453831e-10
9.82488944751e-10	-5.69718161536e-10
9.83695894607e-10	-6.03555594392e-10
9.84902844463e-10	-5.21621912331e-10
9.86109794319e-10	-3.46102924098e-10
9.87316744176e-10	-1.1654917309e-10
9.88523694032e-10	1.18297316387e-10
9.89730643888e-10	3.12664005797e-10
9.90937593744e-10	4.37503033801e-10
9.921445436e-10	4.84969508996e-10
9.93351493456e-10	4.66837069002e-10
9.94558443313e-10	4.0519099187e-10
9.95765393169e-10	3.21654564095e-10
9.96972343025e-10	2.27063312597e-10
9.98179292881e-10	1.25802271378e-10
9.99386242737e-10	1.72838358209e-11
1.00059319259e-09	-9.26334078888e-11
1.00180014245e-09	-1.88157975312e-10
1.00300709231e-09	-2.50758858122e-10
1.00421404216e-09	-2.62456223421e-10
1.00542099202e-09	-2.19423590408e-10
1.00662794187e-09	-1.30586999547e-10
1.00783489173e-09	-1.28126250928e-11
1.00904184159e-09	1.14955475694e-10
1.01024879144e-09	2.41656056277e-10
1.0114557413e-09	3.60318913595e-10
1.01266269115e-09	4.61340105007e-10
1.01386964101e-09	5.27941523831e-10
1.01507659087e-09	5.341395104e-10
1.01628354072e-09	4.57321569503e-10
1.01749049058e-09	2.922217468e-10
1.01869744044e-09	6.47342596194e-11
1.01990439029e-09	-1.72030861778e-10
1.02111134015e-09	-3.50834833407e-10
1.02231829e-09	-4.19294182707e-10
1.02352523986e-09	-3.60813823264e-10
1.02473218972e-09	-2.00854957666e-10
1.02593913957e-09	2.15740272869e-12
1.02714608943e-09	1.85809825859e-10
1.02835303928e-09	3.06755038038e-10
1.02955998914e-09	3.53949730636e-10
1.030766939e-09	3.4639210944e-10
1.03197388885e-09	3.10539316484e-10
1.03318083871e-09	2.6670715636e-10
1.03438778857e-09	2.1732866895e-10
1.03559473842e-09	1.52101428674e-10
1.03680168828e-09	6.55836981944e-11
1.03800863813e-09	-3.54244272804e-11
1.03921558799e-09	-1.26491747632e-10
1.04042253785e-09	-1.80269923988e-10
1.0416294877e-09	-1.81194378945e-10
1.04283643756e-09	-1.37238692632e-10
1.04404338741e-09	-7.55834630994e-11
1.04525033727e-09	-2.7326252372e-11
1.04645728713e-09	-8.05778187229e-12
1.04766423698e-09	-8.15492812167e-12
1.04887118684e-09	-6.17880312886e-13
1.0500781367e-09	4.03689755235e-11
1.05128508655e-09	1.18259360637e-10
1.05249203641e-09	2.04489231104e-10
1.05369898626e-09	2.53392751226e-10
1.05490593612e-09	2.22060703159e-10
1.05611288598e-09	1.01821821807e-10
1.05731983583e-09	-7.52429299422e-11
1.05852678569e-09	-2.47762782513e-10
1.05973373555e-09	-3.50353190903e-10
1.0609406854e-09	-3.49780870934e-10
1.06214763526e-09	-2.55457877074e-10
1.06335458511e-09	-1.15642766196e-10
1.06456153497e-09	8.94288809672e-12
1.06576848483e-09	7.51511075592e-11
1.06697543468e-09	7.36453745209e-11
1.06818238454e-09	2.73185155053e-11
1.06938933439e-09	-2.71084543702e-11
1.07059628425e-09	-6.3214149193e-11
1.07180323411e-09	-7.56960605308e-11
1.07301018396e-09	-7.93105581209e-11
1.07421713382e-09	-9.1330977503e-11
1.07542408368e-09	-1.17916301723e-10
1.07663103353e-09	-1.45583878286e-10
1.07783798339e-09	-1.52824281008e-10
1.07904493324e-09	-1.23744139935e-10
1.0802518831e-09	-6.41432879034e-11
1.08145883296e-09	-2.38634719624e-12
1.08266578281e-09	2.65849824793e-11
1.08387273267e-09	-1.69708734912e-12
1.08507968252e-09	-8.18672421521e-11
1.08628663238e-09	-1.80565812302e-10
1.08749358224e-09	-2.52164122916e-10
1.08870053209e-09	-2.60645394157e-10
1.08990748195e-09	-2.01271277422e-10
1.09111443181e-09	-1.00878132236e-10
1.09232138166e-09	-4.18942398134e-12
1.09352833152e-09	4.82033267468e-11
1.09473528137e-09	4.27771394695e-11
1.09594223123e-09	-5.43158053257e-12
1.09714918109e-09	-6.03426197898e-11
1.09835613094e-09	-8.83768058735e-11
1.0995630808e-09	-7.49943440681e-11
1.10077003065e-09	-3.15862336286e-11
1.10197698051e-09	1.32977292372e-11
1.10318393037e-09	3.10400143089e-11
1.10439088022e-09	7.74694978306e-12
1.10559783008e-09	-4.90224943972e-11
1.10680477994e-09	-1.17154896895e-10
1.10801172979e-09	-1.72324210457e-10
1.10921867965e-09	-1.97251798228e-10
1.1104256295e-09	-1.89005769369e-10
1.11163257936e-09	-1.51224893719e-10
1.11283952922e-09	-9.15557490933e-11
1.11404647907e-09	-1.57065419698e-11
1.11525342893e-09	7.15535478091e-11
1.11646037878e-09	1.59137522604e-10
1.11766732864e-09	2.31003452478e-10
1.1188742785e-09	2.65204830319e-10
1.12008122835e-09	2.45822112666e-10
1.12128817821e-09	1.69959171736e-10
1.12249512807e-09	5.3418304502e-11
1.12370207792e-09	-7.42716305124e-11
1.12490902778e-09	-1.80714901377e-10
1.12611597763e-09	-2.41902942122e-10
1.12732292749e-09	-2.49343212744e-10
1.12852987735e-09	-2.08484965403e-10
1.1297368272e-09	-1.31693600469e-10
1.13094377706e-09	-3.30939477211e-11
1.13215072691e-09	7.67307814509e-11
1.13335767677e-09	1.85054999102e-10
1.13456462663e-09	2.77504907942e-10
1.13577157648e-09	3.35959288167e-10
1.13697852634e-09	3.44660605611e-10
1.1381854762e-09	3.00287267274e-10
1.13939242605e-09	2.13099080049e-10
1.14059937591e-09	1.07897524249e-10
1.14180632576e-09	1.13538631621e-11
1.14301327562e-09	-5.90461013417e-11
1.14422022548e-09	-1.00928161662e-10
1.14542717533e-09	-1.25214866253e-10
1.14663412519e-09	-1.43177802947e-10
1.14784107504e-09	-1.56112595073e-10
1.1490480249e-09	-1.50442464042e-10
1.15025497476e-09	-1.0426262631e-10
1.15146192461e-09	-3.96638147673e-12
1.15266887447e-09	1.44236789179e-10
1.15387582433e-09	3.07573522207e-10
1.15508277418e-09	4.39274366881e-10
1.15628972404e-09	4.95389174127e-10
1.15749667389e-09	4.55354642881e-10
1.15870362375e-09	3.29601929083e-10
1.15991057361e-09	1.54104770611e-10
1.16111752346e-09	-2.43699158076e-11
1.16232447332e-09	-1.683103934e-10
1.16353142317e-09	-2.58326193769e-10
1.16473837303e-09	-2.93187446543e-10
1.16594532289e-09	-2.82657230954e-10
1.16715227274e-09	-2.34377878217e-10
1.1683592226e-09	-1.52357779171e-10
1.16956617246e-09	-3.74573670692e-11
1.17077312231e-09	1.03622166403e-10
1.17198007217e-09	2.5165752815e-10
1.17318702202e-09	3.77031017518e-10
1.17439397188e-09	4.45752906808e-10
1.17560092174e-09	4.35328301185e-10
1.17680787159e-09	3.42790684726e-10
1.17801482145e-09	1.89360999103e-10
1.1792217713e-09	1.24729315418e-11
1.18042872116e-09	-1.47480125334e-10
1.18163567102e-09	-2.60438309807e-10
1.18284262087e-09	-3.15369258486e-10
1.18404957073e-09	-3.18203047245e-10
1.18525652059e-09	-2.84232970493e-10
1.18646347044e-09	-2.28705693273e-10
1.1876704203e-09	-1.57443308391e-10
1.18887737015e-09	-7.04735089729e-11
1.19008432001e-09	3.53221965566e-11
1.19129126987e-09	1.55171597793e-10
1.19249821972e-09	2.72058375828e-10
1.19370516958e-09	3.58388624333e-10
1.19491211943e-09	3.84062920356e-10
1.19611906929e-09	3.29639371355e-10
1.19732601915e-09	1.95579677453e-10
1.198532969e-09	6.61877540623e-12
1.19973991886e-09	-1.95807273173e-10
1.20094686872e-09	-3.6520661495e-10
1.20215381857e-09	-4.65428806606e-10
1.20336076843e-09	-4.81147122144e-10
1.20456771828e-09	-4.18803686175e-10
1.20577466814e-09	-3.01650787682e-10
1.206981618e-09	-1.58189017441e-10
1.20818856785e-09	-1.23942757099e-11
1.20939551771e-09	1.18310639063e-10
1.21060246756e-09	2.25121310482e-10
1.21180941742e-09	2.98034569246e-10
1.21301636728e-09	3.26281834884e-10
1.21422331713e-09	2.97991464837e-10
1.21543026699e-09	2.06146932857e-10
1.21663721685e-09	5.86251602819e-11
1.2178441667e-09	-1.20207205301e-10
1.21905111656e-09	-2.92212282149e-10
1.22025806641e-09	-4.1697159614e-10
1.22146501627e-09	-4.67193284059e-10
1.22267196613e-09	-4.3681491757e-10
1.22387891598e-09	-3.42998018876e-10
1.22508586584e-09	-2.15961387662e-10
1.22629281569e-09	-8.59143450826e-11
1.22749976555e-09	2.8287544182e-11
1.22870671541e-09	1.21218896032e-10
1.22991366526e-09	1.95546245862e-10
1.23112061512e-09	2.51744791679e-10
1.23232756498e-09	2.80575451761e-10
1.23353451483e-09	2.67146832433e-10
1.23474146469e-09	1.96391805596e-10
1.23594841454e-09	6.87407075706e-11
1.2371553644e-09	-9.60846749387e-11
1.23836231426e-09	-2.61919652633e-10
1.23956926411e-09	-3.87027382365e-10
1.24077621397e-09	-4.41321507116e-10
1.24198316382e-09	-4.15350309702e-10
1.24319011368e-09	-3.20425436184e-10
1.24439706354e-09	-1.83750528682e-10
1.24560401339e-09	-3.25077464947e-11
1.24681096325e-09	1.09894426892e-10
1.24801791311e-09	2.28917329537e-10
1.24922486296e-09	3.14416992442e-10
1.25043181282e-09	3.5555153266e-10
1.25163876267e-09	3.42596506719e-10
1.25284571253e-09	2.69890304549e-10
1.25405266239e-09	1.43783721041e-10
1.25525961224e-09	-1.43435003458e-11
1.2564665621e-09	-1.70526481824e-10
1.25767351195e-09	-2.89874929615e-10
1.25888046181e-09	-3.46603551415e-10
1.26008741167e-09	-3.33814781373e-10
1.26129436152e-09	-2.63028959724e-10
1.26250131138e-09	-1.56004931195e-10
1.26370826124e-09	-3.61297172735e-11
1.26491521109e-09	8.02213989681e-11
1.26612216095e-09	1.84817300353e-10
1.2673291108e-09	2.70577588113e-10
1.26853606066e-09	3.30752703004e-10
1.26974301052e-09	3.5224587136e-10
1.27094996037e-09	3.23799376201e-10
1.27215691023e-09	2.42273756612e-10
1.27336386009e-09	1.17623494278e-10
1.27457080994e-09	-2.43466462269e-11
1.2757777598e-09	-1.52022783251e-10
1.27698470965e-09	-2.3794863302e-10
1.27819165951e-09	-2.67511873764e-10
1.27939860937e-09	-2.43728343063e-10
1.28060555922e-09	-1.79936274214e-10
1.28181250908e-09	-9.2559619691e-11
1.28301945893e-09	6.45316916223e-12
1.28422640879e-09	1.113509146e-10
1.28543335865e-09	2.16630796634e-10
1.2866403085e-09	3.11622727622e-10
1.28784725836e-09	3.7686451182e-10
1.28905420822e-09	3.89986209992e-10
1.29026115807e-09	3.34276689662e-10
1.29146810793e-09	2.13007320116e-10
1.29267505778e-09	4.95070616446e-11
1.29388200764e-09	-1.15172031634e-10
1.2950889575e-09	-2.38495584393e-10
1.29629590735e-09	-2.93069041257e-10
1.29750285721e-09	-2.73594119582e-10
1.29870980706e-09	-1.98225935666e-10
1.29991675692e-09	-9.60000620664e-11
1.30112370678e-09	8.03336824146e-12
1.30233065663e-09	9.88099879695e-11
1.30353760649e-09	1.75413100711e-10
1.30474455635e-09	2.39586045447e-10
1.3059515062e-09	2.88285756378e-10
1.30715845606e-09	3.10037245876e-10
1.30836540591e-09	2.87737472737e-10
1.30957235577e-09	2.11952080886e-10
1.31077930563e-09	8.91567444872e-11
1.31198625548e-09	-5.51223858225e-11
1.31319320534e-09	-1.84572607198e-10
1.31440015519e-09	-2.65694993784e-10
1.31560710505e-09	-2.82667500517e-10
1.31681405491e-09	-2.40677228147e-10
1.31802100476e-09	-1.61602106696e-10
1.31922795462e-09	-7.1516861877e-11
1.32043490448e-09	1.19115724229e-11
1.32164185433e-09	8.33675281586e-11
1.32284880419e-09	1.4518543312e-10
1.32405575404e-09	2.00214816948e-10
1.3252627039e-09	2.40251457617e-10
1.32646965376e-09	2.50810705538e-10
1.32767660361e-09	2.14930115372e-10
1.32888355347e-09	1.26479215989e-10
1.33009050332e-09	-1.76781278418e-12
1.33129745318e-09	-1.42305736639e-10
1.33250440304e-09	-2.58976978751e-10
1.33371135289e-09	-3.23451321282e-10
1.33491830275e-09	-3.2406693995e-10
1.33612525261e-09	-2.67333238879e-10
1.33733220246e-09	-1.73362144085e-10
1.33853915232e-09	-6.53246207127e-11
1.33974610217e-09	3.81607627442e-11
1.34095305203e-09	1.2482073708e-10
1.34216000189e-09	1.87342488744e-10
1.34336695174e-09	2.19134654866e-10
1.3445739016e-09	2.14126924525e-10
1.34578085145e-09	1.68241157117e-10
1.34698780131e-09	8.54551845952e-11
1.34819475117e-09	-2.21582977661e-11
1.34940170102e-09	-1.33268340807e-10
1.35060865088e-09	-2.25862509251e-10
1.35181560074e-09	-2.8274238506e-10
1.35302255059e-09	-2.95891144919e-10
1.35422950045e-09	-2.68435412787e-10
1.3554364503e-09	-2.08748893171e-10
1.35664340016e-09	-1.27739735456e-10
1.35785035002e-09	-3.67128411005e-11
1.35905729987e-09	5.4831150037e-11
1.36026424973e-09	1.34205049851e-10
1.36147119958e-09	1.88863341632e-10
1.36267814944e-09	2.07007661013e-10
1.3638850993e-09	1.82209580757e-10
1.36509204915e-09	1.18433401974e-10
1.36629899901e-09	2.79350501065e-11
1.36750594887e-09	-6.99439325902e-11
1.36871289872e-09	-1.57299118175e-10
1.36991984858e-09	-2.20899007419e-10
1.37112679843e-09	-2.55260645954e-10
1.37233374829e-09	-2.5927709979e-10
1.37354069815e-09	-2.33741109801e-10
1.374747648e-09	-1.78884532187e-10
1.37595459786e-09	-9.63105012408e-11
1.37716154771e-09	6.84130139691e-12
1.37836849757e-09	1.15236147014e-10
1.37957544743e-09	2.0675849921e-10
1.38078239728e-09	2.57391913339e-10
1.38198934714e-09	2.52795284705e-10
1.383196297e-09	1.91946930572e-10
1.38440324685e-09	9.12572101219e-11
1.38561019671e-09	-2.26460968034e-11
1.38681714656e-09	-1.23159274446e-10
1.38802409642e-09	-1.90885043883e-10
1.38923104628e-09	-2.20506432558e-10
1.39043799613e-09	-2.15805012749e-10
1.39164494599e-09	-1.85306617273e-10
1.39285189584e-09	-1.35886066288e-10
1.3940588457e-09	-7.04801841889e-11
1.39526579556e-09	8.33458736055e-12
1.39647274541e-09	9.44422595683e-11
1.39767969527e-09	1.75358366716e-10
1.39888664513e-09	2.33511682213e-10
1.40009359498e-09	2.53263465755e-10
1.40130054484e-09	2.2687157708e-10
1.40250749469e-09	1.59991242477e-10
1.40371444455e-09	6.86041293219e-11
1.40492139441e-09	-2.48092501404e-11
1.40612834426e-09	-1.01667646524e-10
1.40733529412e-09	-1.50418191791e-10
1.40854224397e-09	-1.68664665567e-10
1.40974919383e-09	-1.60259819304e-10
1.41095614369e-09	-1.29600580268e-10
1.41216309354e-09	-8.05618766142e-11
1.4133700434e-09	-1.58532319217e-11
1.41457699326e-09	6.03127686682e-11
1.41578394311e-09	1.38386829773e-10
1.41699089297e-09	2.05371955553e-10
1.41819784282e-09	2.46081904853e-10
1.41940479268e-09	2.49234438643e-10
1.42061174254e-09	2.1203869216e-10
1.42181869239e-09	1.40754269351e-10
1.42302564225e-09	5.06653330401e-11
1.4242325921e-09	-4.00433158854e-11
1.42543954196e-09	-1.13580811423e-10
1.42664649182e-09	-1.57818105806e-10
1.42785344167e-09	-1.66516259115e-10
1.42906039153e-09	-1.41280223631e-10
1.43026734139e-09	-8.86496848151e-11
1.43147429124e-09	-1.9454830108e-11
1.4326812411e-09	5.3427557517e-11
1.43388819095e-09	1.18056425746e-10
1.43509514081e-09	1.64745161957e-10
1.43630209067e-09	1.8777079891e-10
1.43750904052e-09	1.86729395835e-10
1.43871599038e-09	1.63285329702e-10
1.43992294023e-09	1.22578655559e-10
1.44112989009e-09	6.96172494652e-11
1.44233683995e-09	1.00769288747e-11
1.4435437898e-09	-4.85582615783e-11
1.44475073966e-09	-9.86777187739e-11
1.44595768952e-09	-1.30749619465e-10
1.44716463937e-09	-1.37792929844e-10
1.44837158923e-09	-1.17212864414e-10
1.44957853908e-09	-7.29277957467e-11
1.45078548894e-09	-1.51755275013e-11
1.4519924388e-09	4.23905736902e-11
1.45319938865e-09	8.80126943548e-11
1.45440633851e-09	1.1473160616e-10
1.45561328836e-09	1.22133095304e-10
1.45682023822e-09	1.14275817975e-10
1.45802718808e-09	9.58027129849e-11
1.45923413793e-09	6.87773102359e-11
1.46044108779e-09	3.36181325833e-11
1.46164803765e-09	-1.09315499361e-11
1.4628549875e-09	-6.091480792e-11
1.46406193736e-09	-1.08347927852e-10
1.46526888721e-09	-1.40800940351e-10
1.46647583707e-09	-1.46646403354e-10
1.46768278693e-09	-1.22276494485e-10
1.46888973678e-09	-7.3027910108e-11
1.47009668664e-09	-1.40085703454e-11
1.47130363649e-09	3.6859470337e-11
1.47251058635e-09	6.68987920616e-11
1.47371753621e-09	7.21090478994e-11
1.47492448606e-09	5.88261245271e-11
1.47613143592e-09	3.82163224677e-11
1.47733838578e-09	1.91057100696e-11
1.47854533563e-09	4.60423756413e-12
1.47975228549e-09	-9.44779844636e-12
1.48095923534e-09	-2.87049863046e-11
1.4821661852e-09	-5.57097215581e-11
1.48337313506e-09	-8.53434753423e-11
1.48458008491e-09	-1.07990595632e-10
1.48578703477e-09	-1.12928791318e-10
1.48699398462e-09	-9.67268695695e-11
1.48820093448e-09	-6.43547021228e-11
1.48940788434e-09	-2.77564030787e-11
1.49061483419e-09	-1.29025479537e-14
1.49182178405e-09	1.25701298329e-11
1.49302873391e-09	1.16817024803e-11
1.49423568376e-09	5.34059602098e-12
1.49544263362e-09	2.90114416865e-12
1.49664958347e-09	6.62195298595e-12
1.49785653333e-09	1.26412092599e-11
1.49906348319e-09	1.20648317725e-11
1.50027043304e-09	-2.52793749475e-12
1.5014773829e-09	-3.01529044788e-11
1.50268433276e-09	-6.30253071954e-11
1.50389128261e-09	-8.77831557444e-11
1.50509823247e-09	-9.44073361153e-11
1.50630518232e-09	-8.05314842589e-11
1.50751213218e-09	-5.29072896605e-11
1.50871908204e-09	-2.32628534491e-11
1.50992603189e-09	-2.10817149328e-12
1.51113298175e-09	6.82329019674e-12
1.5123399316e-09	6.85725868449e-12
1.51354688146e-09	5.39999295279e-12
1.51475383132e-09	8.24943759137e-12
1.51596078117e-09	1.5932850525e-11
1.51716773103e-09	2.31476175033e-11
1.51837468089e-09	2.39031312105e-11
1.51958163074e-09	1.38252638504e-11
1.5207885806e-09	-4.4240331884e-12
1.52199553045e-09	-2.39945684849e-11
1.52320248031e-09	-3.73552612454e-11
1.52440943017e-09	-3.94099995693e-11
1.52561638002e-09	-3.20722372271e-11
1.52682332988e-09	-2.02267196048e-11
1.52803027973e-09	-1.00223579436e-11
1.52923722959e-09	-4.34918854403e-12
1.53044417945e-09	-1.13790834394e-12
1.5316511293e-09	3.58127980396e-12
1.53285807916e-09	1.35496770054e-11
1.53406502902e-09	2.84618006247e-11
1.53527197887e-09	4.35861555181e-11
1.53647892873e-09	5.31344100663e-11
1.53768587858e-09	5.2235413911e-11
1.53889282844e-09	4.12282083473e-11
1.5400997783e-09	2.39770876764e-11
1.54130672815e-09	7.13277440584e-12
1.54251367801e-09	-4.70050994655e-12
1.54372062786e-09	-9.48369507925e-12
1.54492757772e-09	-8.54992639188e-12
1.54613452758e-09	-4.54021455848e-12
1.54734147743e-09	1.1936443587e-12
1.54854842729e-09	8.22827743441e-12
1.54975537715e-09	1.72349703953e-11
1.550962327e-09	2.80374508332e-11
1.55216927686e-09	3.81115486392e-11
1.55337622671e-09	4.49163865823e-11
1.55458317657e-09	4.57049120772e-11
1.55579012643e-09	4.08373890259e-11
1.55699707628e-09	3.33313272816e-11
1.55820402614e-09	2.663852125e-11
1.55941097599e-09	2.40756737463e-11
1.56061792585e-09	2.47738288217e-11
1.56182487571e-09	2.64652449261e-11
1.56303182556e-09	2.56873151222e-11
1.56423877542e-09	2.14070046411e-11
1.56544572528e-09	1.52036491036e-11
1.56665267513e-09	1.0576975927e-11
1.56785962499e-09	1.02717235759e-11
1.56906657484e-09	1.4088695488e-11
1.5702735247e-09	1.89940684708e-11
1.57148047456e-09	2.10173406456e-11
1.57268742441e-09	1.78789170968e-11
1.57389437427e-09	1.15571788251e-11
1.57510132412e-09	6.07574407452e-12
1.57630827398e-09	6.52660564482e-12
1.57751522384e-09	1.4151394466e-11
1.57872217369e-09	2.59509167627e-11
1.57992912355e-09	3.63165296446e-11
1.58113607341e-09	3.92337447253e-11
1.58234302326e-09	3.36182366667e-11
1.58354997312e-09	2.20521621797e-11
1.58475692297e-09	1.04292685599e-11
1.58596387283e-09	3.55904498581e-12
1.58717082269e-09	1.91330545157e-12
1.58837777254e-09	2.17563315454e-12
1.5895847224e-09	-1.12932710059e-12
1.59079167225e-09	-1.10661783556e-11
1.59199862211e-09	-2.57844821883e-11
1.59320557197e-09	-3.92571114505e-11
1.59441252182e-09	-4.37068922721e-11
1.59561947168e-09	-3.49911245812e-11
1.59682642154e-09	-1.39913618885e-11
1.59803337139e-09	1.21481314591e-11
1.59924032125e-09	3.49749812445e-11
1.6004472711e-09	4.73712007121e-11
1.60165422096e-09	4.72112869632e-11
1.60286117082e-09	3.71610277272e-11
1.60406812067e-09	2.16684326731e-11
1.60527507053e-09	4.87465146373e-12
1.60648202038e-09	-1.21130380032e-11
1.60768897024e-09	-3.0326598871e-11
1.6088959201e-09	-5.01047224544e-11
1.61010286995e-09	-7.01554855875e-11
1.61130981981e-09	-8.53595111261e-11
1.61251676967e-09	-8.96725402266e-11
1.61372371952e-09	-7.87767906463e-11
1.61493066938e-09	-5.22309730189e-11
1.61613761923e-09	-1.57577822318e-11
1.61734456909e-09	2.23200260357e-11
1.61855151895e-09	5.22949357429e-11
1.6197584688e-09	6.79946862703e-11
1.62096541866e-09	6.7127671477e-11
1.62217236851e-09	5.19383702713e-11
1.62337931837e-09	2.67590932052e-11
1.62458626823e-09	-3.6862544267e-12
1.62579321808e-09	-3.55128287888e-11
1.62700016794e-09	-6.56968576762e-11
1.6282071178e-09	-9.11931918868e-11
1.62941406765e-09	-1.0847855253e-10
1.63062101751e-09	-1.14085137171e-10
1.63182796736e-09	-1.04998530703e-10
1.63303491722e-09	-8.11242600873e-11
1.63424186708e-09	-4.48717625556e-11
1.63544881693e-09	-1.83718752017e-12
1.63665576679e-09	4.04715982949e-11
1.63786271664e-09	7.49907358433e-11
1.6390696665e-09	9.51085390999e-11
1.64027661636e-09	9.73166824902e-11
1.64148356621e-09	8.05136027293e-11
1.64269051607e-09	4.68448439761e-11
1.64389746593e-09	1.66409269177e-12
1.64510441578e-09	-4.74790901039e-11
1.64631136564e-09	-9.15728742834e-11
1.64751831549e-09	-1.22423737814e-10
1.64872526535e-09	-1.3449626135e-10
1.64993221521e-09	-1.25826113417e-10
1.65113916506e-09	-9.88011200631e-11
1.65234611492e-09	-5.81073765493e-11
1.65355306477e-09	-1.04384044811e-11
1.65476001463e-09	3.83151115002e-11
1.65596696449e-09	8.18555639936e-11
1.65717391434e-09	1.14776375904e-10
1.6583808642e-09	1.31476399212e-10
1.65958781406e-09	1.27170191044e-10
1.66079476391e-09	1.00179677054e-10
1.66200171377e-09	5.28705343394e-11
1.66320866362e-09	-6.51092981613e-12
1.66441561348e-09	-6.55982837494e-11
1.66562256334e-09	-1.11519501966e-10
1.66682951319e-09	-1.34271357921e-10
1.66803646305e-09	-1.30621263805e-10
1.6692434129e-09	-1.03974953647e-10
1.67045036276e-09	-6.22469992217e-11
1.67165731262e-09	-1.46405422508e-11
1.67286426247e-09	3.23013976677e-11
1.67407121233e-09	7.44088679561e-11
1.67527816219e-09	1.09729419995e-10
1.67648511204e-09	1.35089425757e-10
1.6776920619e-09	1.46035433746e-10
1.67889901175e-09	1.36795755279e-10
1.68010596161e-09	1.04452217708e-10
1.68131291147e-09	5.14560373477e-11
1.68251986132e-09	-1.27963967547e-11
1.68372681118e-09	-7.37873165346e-11
1.68493376103e-09	-1.17043777448e-10
1.68614071089e-09	-1.32946667564e-10
1.68734766075e-09	-1.19768972517e-10
1.6885546106e-09	-8.41179140232e-11
1.68976156046e-09	-3.59556065477e-11
1.69096851032e-09	1.43082915308e-11
1.69217546017e-09	6.00854782595e-11
1.69338241003e-09	9.84586509545e-11
1.69458935988e-09	1.27356569735e-10
1.69579630974e-09	1.44617429143e-10
1.6970032596e-09	1.45308209909e-10
1.69821020945e-09	1.25178895027e-10
1.69941715931e-09	8.32333230116e-11
1.70062410916e-09	2.47497231043e-11
1.70183105902e-09	-3.84782483653e-11
1.70303800888e-09	-9.15689468695e-11
1.70424495873e-09	-1.22061444285e-10
1.70545190859e-09	-1.24002530466e-10
1.70665885845e-09	-1.00234022471e-10
1.7078658083e-09	-5.96702895428e-11
1.70907275816e-09	-1.33385680973e-11
1.71027970801e-09	3.03024133563e-11
1.71148665787e-09	6.66113830761e-11
1.71269360773e-09	9.47084355385e-11
1.71390055758e-09	1.13570770843e-10
1.71510750744e-09	1.21170323775e-10
1.71631445729e-09	1.13861267637e-10
1.71752140715e-09	8.85983786336e-11
1.71872835701e-09	4.70369229677e-11
1.71993530686e-09	-4.58853267882e-12
1.72114225672e-09	-5.53318883767e-11
1.72234920658e-09	-9.37042596294e-11
1.72355615643e-09	-1.12351475345e-10
1.72476310629e-09	-1.09108742874e-10
1.72597005614e-09	-8.80588657548e-11
1.727177006e-09	-5.60080419543e-11
1.72838395586e-09	-1.93235375617e-11
1.72959090571e-09	1.6827714569e-11
1.73079785557e-09	4.99752947358e-11
1.73200480543e-09	7.70047844934e-11
1.73321175528e-09	9.43656749963e-11
1.73441870514e-09	9.76071654057e-11
1.73562565499e-09	8.3674372986e-11
1.73683260485e-09	5.30236722585e-11
1.73803955471e-09	1.1130775121e-11
1.73924650456e-09	-3.33386963869e-11
1.74045345442e-09	-7.07798750166e-11
1.74166040427e-09	-9.42925459935e-11
1.74286735413e-09	-1.01595308555e-10
