% time-domain voltage integration by openEMS v0.37.0-rc1-2-g7b051bb @Sat Aug  8 20:10:12 2026
% start-coordinates: (0.00292492,0.00262109,0.00921014) m -> [74,69,142]
% stop-coordinates: (0.00320686,0.00262109,0.00921014) m -> [78,69,142]
% t/s	voltage
0	0
1.20694985616e-12	0
2.41389971232e-12	0
3.62084956847e-12	0
4.82779942463e-12	0
6.03474928079e-12	0
7.24169913695e-12	0
8.44864899311e-12	0
9.65559884926e-12	0
1.08625487054e-11	0
1.20694985616e-11	0
1.32764484177e-11	0
1.44833982739e-11	0
1.56903481301e-11	0
1.68972979862e-11	0
1.81042478424e-11	0
1.93111976985e-11	0
2.05181475547e-11	0
2.17250974108e-11	0
2.2932047267e-11	0
2.41389971232e-11	0
2.53459469793e-11	0
2.65528968355e-11	0
2.77598466916e-11	0
2.89667965478e-11	0
3.01737464039e-11	0
3.13806962601e-11	0
3.25876461163e-11	0
3.37945959724e-11	0
3.50015458286e-11	0
3.62084956847e-11	0
3.74154455409e-11	0
3.86223953971e-11	0
3.98293452532e-11	-2.49760053559e-33
4.10362951094e-11	-5.07378526728e-31
4.22432449655e-11	-7.31848609181e-29
4.34501948217e-11	-7.62317844654e-27
4.46571446778e-11	-5.80386402801e-25
4.5864094534e-11	-3.26633300947e-23
4.70710443902e-11	-1.37360981937e-21
4.82779942463e-11	-4.36229561095e-20
4.94849441025e-11	-1.05724851807e-18
5.06918939586e-11	-1.97628432716e-17
5.18988438148e-11	-2.88008562933e-16
5.3105793671e-11	-3.30804667674e-15
5.43127435271e-11	-3.02708996683e-14
5.55196933833e-11	-2.22943439019e-13
5.67266432394e-11	-1.33342176276e-12
5.79335930956e-11	-6.52096887772e-12
5.91405429517e-11	-2.61662358447e-11
6.03474928079e-11	-8.59690790778e-11
6.15544426641e-11	-2.28288766363e-10
6.27613925202e-11	-4.70765773586e-10
6.39683423764e-11	-6.55245177561e-10
6.51752922325e-11	-1.27815272255e-10
6.63822420887e-11	2.71498928894e-09
6.75891919448e-11	1.08236142271e-08
6.8796141801e-11	2.85258212607e-08
7.00030916572e-11	6.0788612366e-08
7.12100415133e-11	1.11098236388e-07
7.24169913695e-11	1.77147089886e-07
7.36239412256e-11	2.44091094004e-07
7.48308910818e-11	2.7703353922e-07
7.6037840938e-11	2.16717815249e-07
7.72447907941e-11	-1.64478259901e-08
7.84517406503e-11	-5.05640251447e-07
7.96586905064e-11	-1.30683051225e-06
8.08656403626e-11	-2.40943126073e-06
8.20725902187e-11	-3.70291900254e-06
8.32795400749e-11	-4.96846553233e-06
8.44864899311e-11	-5.90891158936e-06
8.56934397872e-11	-6.21680169388e-06
8.69003896434e-11	-5.66294443161e-06
8.81073394995e-11	-4.17220894633e-06
8.93142893557e-11	-1.8504598529e-06
9.05212392118e-11	1.05191018918e-06
9.1728189068e-11	4.22192556471e-06
9.29351389242e-11	7.37042910259e-06
9.41420887803e-11	1.02814403817e-05
9.53490386365e-11	1.2802230458e-05
9.65559884926e-11	1.4792906768e-05
9.77629383488e-11	1.60846125254e-05
9.8969888205e-11	1.64899165611e-05
1.00176838061e-10	1.58726936661e-05
1.01383787917e-10	1.42428457366e-05
1.02590737773e-10	1.18167795335e-05
1.0379768763e-10	8.98926430182e-06
1.05004637486e-10	6.22226093583e-06
1.06211587342e-10	3.89631969711e-06
1.07418537198e-10	2.19657189859e-06
1.08625487054e-10	1.07986824105e-06
1.0983243691e-10	3.42605041226e-07
1.11039386767e-10	-2.60942439212e-07
1.12246336623e-10	-9.04823039605e-07
1.13453286479e-10	-1.62670423265e-06
1.14660236335e-10	-2.32768462638e-06
1.15867186191e-10	-2.82931091533e-06
1.17074136047e-10	-2.94946812573e-06
1.18281085903e-10	-2.56668710108e-06
1.1948803576e-10	-1.66369034105e-06
1.20694985616e-10	-3.36945070956e-07
1.21901935472e-10	1.22556130577e-06
1.23108885328e-10	2.78386437458e-06
1.24315835184e-10	4.0960168235e-06
1.2552278504e-10	4.9695972848e-06
1.26729734897e-10	5.29734961674e-06
1.27936684753e-10	5.07399272465e-06
1.29143634609e-10	4.39722498413e-06
1.30350584465e-10	3.44619633097e-06
1.31557534321e-10	2.44103972591e-06
1.32764484177e-10	1.59365208674e-06
1.33971434034e-10	1.04925129563e-06
1.3517838389e-10	8.41119387474e-07
1.36385333746e-10	8.79539911125e-07
1.37592283602e-10	9.85644504681e-07
1.38799233458e-10	9.6562311569e-07
1.40006183314e-10	7.02180571466e-07
1.4121313317e-10	2.14775170093e-07
1.42420083027e-10	-3.41734370579e-07
1.43627032883e-10	-7.43395801805e-07
1.44833982739e-10	-8.052952154e-07
1.46040932595e-10	-4.74435061903e-07
1.47247882451e-10	1.38307475694e-07
1.48454832307e-10	8.00339407192e-07
1.49661782164e-10	1.25700955778e-06
1.5086873202e-10	1.33792514134e-06
1.52075681876e-10	1.01822861609e-06
1.53282631732e-10	4.19951042829e-07
1.54489581588e-10	-2.41925796729e-07
1.55696531444e-10	-7.45776304711e-07
1.56903481301e-10	-9.37063774131e-07
1.58110431157e-10	-7.7283644373e-07
1.59317381013e-10	-3.294657418e-07
1.60524330869e-10	2.28684847059e-07
1.61731280725e-10	7.07346842432e-07
1.62938230581e-10	9.41882746019e-07
1.64145180437e-10	8.53819742019e-07
1.65352130294e-10	4.78255941516e-07
1.6655908015e-10	-5.15856886096e-08
1.67766030006e-10	-5.52886213256e-07
1.68972979862e-10	-8.6210420136e-07
1.70179929718e-10	-8.94865948453e-07
1.71386879574e-10	-6.74600016737e-07
1.72593829431e-10	-3.13510916783e-07
1.73800779287e-10	3.86628773441e-08
1.75007729143e-10	2.55857017351e-07
1.76214678999e-10	2.78089007821e-07
1.77421628855e-10	1.26250576216e-07
1.78628578711e-10	-1.18242796887e-07
1.79835528568e-10	-3.53495217098e-07
1.81042478424e-10	-4.91623168841e-07
1.8224942828e-10	-4.86317198067e-07
1.83456378136e-10	-3.44321989587e-07
1.84663327992e-10	-1.14752456426e-07
1.85870277848e-10	1.23986199085e-07
1.87077227704e-10	2.86864352717e-07
1.88284177561e-10	3.12806058389e-07
1.89491127417e-10	1.86493210208e-07
1.90698077273e-10	-5.15351041841e-08
1.91905027129e-10	-3.07149257139e-07
1.93111976985e-10	-4.6543237886e-07
1.94318926841e-10	-4.34831015639e-07
1.95525876698e-10	-1.84082651344e-07
1.96732826554e-10	2.34093374019e-07
1.9793977641e-10	6.97971174191e-07
1.99146726266e-10	1.06176896963e-06
2.00353676122e-10	1.2080292322e-06
2.01560625978e-10	1.09409801041e-06
2.02767575835e-10	7.69113981391e-07
2.03974525691e-10	3.48075914758e-07
2.05181475547e-10	-3.23444364625e-08
2.06388425403e-10	-2.6690128152e-07
2.07595375259e-10	-3.19605440779e-07
2.08802325115e-10	-2.27206321313e-07
2.10009274971e-10	-7.38711118942e-08
2.11216224828e-10	4.76956598661e-08
2.12423174684e-10	7.69402923595e-08
2.1363012454e-10	5.5741055105e-09
2.14837074396e-10	-1.28745103467e-07
2.16044024252e-10	-2.63603965323e-07
2.17250974108e-10	-3.43485034193e-07
2.18457923965e-10	-3.40531613574e-07
2.19664873821e-10	-2.60637790461e-07
2.20871823677e-10	-1.33543453629e-07
2.22078773533e-10	3.08453529385e-09
2.23285723389e-10	1.2021907736e-07
2.24492673245e-10	2.04616725341e-07
2.25699623102e-10	2.56979873825e-07
2.26906572958e-10	2.8578273259e-07
2.28113522814e-10	3.00538005149e-07
2.2932047267e-10	3.05828585567e-07
2.30527422526e-10	3.02059191881e-07
2.31734372382e-10	2.87383379316e-07
2.32941322238e-10	2.59909253231e-07
2.34148272095e-10	2.21684924639e-07
2.35355221951e-10	1.79288644375e-07
2.36562171807e-10	1.4122808345e-07
2.37769121663e-10	1.16347308676e-07
2.38976071519e-10	1.07726998877e-07
2.40183021375e-10	1.0749491075e-07
2.41389971232e-10	1.00338406028e-07
2.42596921088e-10	6.6507645613e-08
2.43803870944e-10	-6.58434629042e-09
2.450108208e-10	-1.13736955853e-07
2.46217770656e-10	-2.30474675789e-07
2.47424720512e-10	-3.1867154604e-07
2.48631670369e-10	-3.4054210829e-07
2.49838620225e-10	-2.79136592951e-07
2.51045570081e-10	-1.44699605187e-07
2.52252519937e-10	2.58956949217e-08
2.53459469793e-10	1.81506514707e-07
2.54666419649e-10	2.79826366523e-07
2.55873369505e-10	3.00364810357e-07
2.57080319362e-10	2.49265614372e-07
2.58287269218e-10	1.5490633487e-07
2.59494219074e-10	5.15345357499e-08
2.6070116893e-10	-3.41453247898e-08
2.61908118786e-10	-8.83946711383e-08
2.63115068642e-10	-1.13705738158e-07
2.64322018499e-10	-1.19303003032e-07
2.65528968355e-10	-1.13718193973e-07
2.66735918211e-10	-1.01084138393e-07
2.67942868067e-10	-7.8726257513e-08
2.69149817923e-10	-4.1643944293e-08
2.70356767779e-10	1.18994072373e-08
2.71563717636e-10	7.9848922141e-08
2.72770667492e-10	1.54641764283e-07
2.73977617348e-10	2.27224752791e-07
2.75184567204e-10	2.88868019283e-07
2.7639151706e-10	3.29962190904e-07
2.77598466916e-10	3.39765868773e-07
2.78805416772e-10	3.05577131599e-07
2.80012366629e-10	2.17049926476e-07
2.81219316485e-10	7.53750128979e-08
2.82426266341e-10	-1.00245674872e-07
2.83633216197e-10	-2.69971152989e-07
2.84840166053e-10	-3.8309335082e-07
2.86047115909e-10	-3.97427101007e-07
2.87254065766e-10	-2.95536079165e-07
2.88461015622e-10	-9.84414896266e-08
2.89667965478e-10	1.39853916892e-07
2.90874915334e-10	3.51536030507e-07
2.9208186519e-10	4.77203577987e-07
2.93288815046e-10	4.87246197167e-07
2.94495764903e-10	3.90850921406e-07
2.95702714759e-10	2.26337366627e-07
2.96909664615e-10	4.86737539163e-08
2.98116614471e-10	-9.17334190831e-08
2.99323564327e-10	-1.65666630636e-07
3.00530514183e-10	-1.67728313016e-07
3.01737464039e-10	-1.16933394523e-07
3.02944413896e-10	-4.5246618896e-08
3.04151363752e-10	1.78023855657e-08
3.05358313608e-10	5.38900417624e-08
3.06565263464e-10	6.35768158119e-08
3.0777221332e-10	6.34904298025e-08
3.08979163176e-10	7.30908888968e-08
3.10186113033e-10	1.05674752504e-07
3.11393062889e-10	1.57328052808e-07
3.12600012745e-10	2.06808838499e-07
3.13806962601e-10	2.26803805958e-07
3.15013912457e-10	1.95519756829e-07
3.16220862313e-10	1.08187464321e-07
3.1742781217e-10	-1.8537119395e-08
3.18634762026e-10	-1.54936206087e-07
3.19841711882e-10	-2.67415686039e-07
3.21048661738e-10	-3.29992268178e-07
3.22255611594e-10	-3.30200492726e-07
3.2346256145e-10	-2.67712234603e-07
3.24669511307e-10	-1.52676452814e-07
3.25876461163e-10	-1.84645077006e-09
3.27083411019e-10	1.62452863606e-07
3.28290360875e-10	3.12161098748e-07
3.29497310731e-10	4.17587180834e-07
3.30704260587e-10	4.53055001515e-07
3.31911210443e-10	4.05127821068e-07
3.331181603e-10	2.81504686228e-07
3.34325110156e-10	1.10036619816e-07
3.35532060012e-10	-6.49978559863e-08
3.36739009868e-10	-1.96368297622e-07
3.37945959724e-10	-2.48826431459e-07
3.3915290958e-10	-2.09469192214e-07
3.40359859437e-10	-9.34801427377e-08
3.41566809293e-10	6.12101409558e-08
3.42773759149e-10	2.07510183259e-07
3.43980709005e-10	3.03602782026e-07
3.45187658861e-10	3.2852760512e-07
3.46394608717e-10	2.87520972364e-07
3.47601558574e-10	2.05976714795e-07
3.4880850843e-10	1.185088081e-07
3.50015458286e-10	5.12941875641e-08
3.51222408142e-10	1.19918830421e-08
3.52429357998e-10	-9.73009184335e-09
3.53636307854e-10	-3.48345841061e-08
3.5484325771e-10	-7.92182799358e-08
3.56050207567e-10	-1.42971996908e-07
3.57257157423e-10	-2.10252679267e-07
3.58464107279e-10	-2.54331173011e-07
3.59671057135e-10	-2.53117864446e-07
3.60878006991e-10	-1.99699837111e-07
3.62084956847e-10	-1.04833368653e-07
3.63291906704e-10	5.42131595171e-09
3.6449885656e-10	1.02334695384e-07
3.65705806416e-10	1.64427017779e-07
3.66912756272e-10	1.81371596852e-07
3.68119706128e-10	1.56567526943e-07
3.69326655984e-10	1.00257448565e-07
3.70533605841e-10	2.45662463705e-08
3.71740555697e-10	-5.71714622311e-08
3.72947505553e-10	-1.3344163996e-07
3.74154455409e-10	-1.90819381629e-07
3.75361405265e-10	-2.14216576921e-07
3.76568355121e-10	-1.91980355169e-07
3.77775304977e-10	-1.19108117147e-07
3.78982254834e-10	-4.35029368084e-09
3.8018920469e-10	1.27178685361e-07
3.81396154546e-10	2.41925299349e-07
3.82603104402e-10	3.0501792736e-07
3.83810054258e-10	2.94797384726e-07
3.85017004114e-10	2.13515633618e-07
3.86223953971e-10	8.53035384552e-08
3.87430903827e-10	-4.8802693442e-08
3.88637853683e-10	-1.46508082111e-07
3.89844803539e-10	-1.81402469934e-07
3.91051753395e-10	-1.49302657348e-07
3.92258703251e-10	-7.04140603602e-08
3.93465653108e-10	2.0428068126e-08
3.94672602964e-10	9.05327972589e-08
3.9587955282e-10	1.19301901691e-07
3.97086502676e-10	1.06593359916e-07
3.98293452532e-10	6.96536632816e-08
3.99500402388e-10	3.14443222571e-08
4.00707352244e-10	1.07545274908e-08
4.01914302101e-10	1.2967600993e-08
4.03121251957e-10	2.8026526433e-08
4.04328201813e-10	3.92636376745e-08
4.05535151669e-10	3.08691650019e-08
4.06742101525e-10	-2.22059737265e-09
4.07949051381e-10	-5.05774035986e-08
4.09156001238e-10	-9.6369337399e-08
4.10362951094e-10	-1.19877153537e-07
4.1156990095e-10	-1.09068425402e-07
4.12776850806e-10	-6.54223697438e-08
4.13983800662e-10	-7.51221973516e-10
4.15190750518e-10	6.71061943791e-08
4.16397700375e-10	1.21220381288e-07
4.17604650231e-10	1.52226991901e-07
4.18811600087e-10	1.56119828176e-07
4.20018549943e-10	1.34319050105e-07
4.21225499799e-10	9.00016665639e-08
4.22432449655e-10	2.65100243979e-08
4.23639399511e-10	-4.93157008563e-08
4.24846349368e-10	-1.25834045406e-07
4.26053299224e-10	-1.8665600976e-07
4.2726024908e-10	-2.12473789674e-07
4.28467198936e-10	-1.90209235029e-07
4.29674148792e-10	-1.18814931227e-07
4.30881098648e-10	-1.2286272888e-08
4.32088048505e-10	1.01313181844e-07
4.33294998361e-10	1.90559209301e-07
4.34501948217e-10	2.30538038437e-07
4.35708898073e-10	2.10892022068e-07
4.36915847929e-10	1.40255581371e-07
4.38122797785e-10	4.10642959636e-08
4.39329747642e-10	-5.90073216955e-08
4.40536697498e-10	-1.34679197572e-07
4.41743647354e-10	-1.72727272485e-07
4.4295059721e-10	-1.71679225502e-07
4.44157547066e-10	-1.40569675011e-07
4.45364496922e-10	-9.43605620307e-08
4.46571446778e-10	-4.61897284865e-08
4.47778396635e-10	-4.57248183761e-09
4.48985346491e-10	2.80970331445e-08
4.50192296347e-10	5.48660308297e-08
4.51399246203e-10	7.85606957265e-08
4.52606196059e-10	9.91836834885e-08
4.53813145915e-10	1.122546891e-07
4.55020095772e-10	1.09306904861e-07
4.56227045628e-10	8.38195202135e-08
4.57433995484e-10	3.47737909578e-08
4.5864094534e-10	-3.07933802901e-08
4.59847895196e-10	-9.8409378424e-08
4.61054845052e-10	-1.51906892398e-07
4.62261794909e-10	-1.78988123878e-07
4.63468744765e-10	-1.74232532402e-07
4.64675694621e-10	-1.41325347869e-07
4.65882644477e-10	-8.79715393864e-08
4.67089594333e-10	-2.34425296952e-08
4.68296544189e-10	4.40291030301e-08
4.69503494045e-10	1.08272262267e-07
4.70710443902e-10	1.61624946315e-07
4.71917393758e-10	1.94537978615e-07
4.73124343614e-10	1.96751795301e-07
4.7433129347e-10	1.60120382731e-07
4.75538243326e-10	8.53492068131e-08
4.76745193182e-10	-1.56205584023e-08
4.77952143039e-10	-1.20662049241e-07
4.79159092895e-10	-2.02087246493e-07
4.80366042751e-10	-2.37251704505e-07
4.81572992607e-10	-2.15575376217e-07
4.82779942463e-10	-1.42768278977e-07
4.83986892319e-10	-3.95633641403e-08
4.85193842176e-10	6.61485017872e-08
4.86400792032e-10	1.48839482961e-07
4.87607741888e-10	1.91887622236e-07
4.88814691744e-10	1.93016131078e-07
4.900216416e-10	1.61069305449e-07
4.91228591456e-10	1.11080812104e-07
4.92435541312e-10	5.87745603298e-08
4.93642491169e-10	1.40845191066e-08
4.94849441025e-10	-1.93801139581e-08
4.96056390881e-10	-4.31897957398e-08
4.97263340737e-10	-6.177190226e-08
4.98470290593e-10	-7.74172121965e-08
4.99677240449e-10	-8.94267326856e-08
5.00884190306e-10	-9.38475643864e-08
5.02091140162e-10	-8.4594327987e-08
5.03298090018e-10	-5.79540584411e-08
5.04505039874e-10	-1.38959774798e-08
5.0571198973e-10	4.22451353899e-08
5.06918939586e-10	1.00272057324e-07
5.08125889443e-10	1.48328073379e-07
5.09332839299e-10	1.75731948104e-07
5.10539789155e-10	1.75201506636e-07
5.11746739011e-10	1.45631629422e-07
5.12953688867e-10	9.08880437578e-08
5.14160638723e-10	1.96936729147e-08
5.15367588579e-10	-5.52977281743e-08
5.16574538436e-10	-1.20779219515e-07
5.17781488292e-10	-1.63594840785e-07
5.18988438148e-10	-1.74221565175e-07
5.20195388004e-10	-1.50005554644e-07
5.2140233786e-10	-9.50894794016e-08
5.22609287716e-10	-2.15801230219e-08
5.23816237573e-10	5.4149026596e-08
5.25023187429e-10	1.16485647794e-07
5.26230137285e-10	1.53373370892e-07
5.27437087141e-10	1.60616643541e-07
5.28644036997e-10	1.41119635089e-07
5.29850986853e-10	1.0218943558e-07
5.3105793671e-10	5.36844044774e-08
5.32264886566e-10	4.20281670577e-09
5.33471836422e-10	-4.00216864094e-08
5.34678786278e-10	-7.41612478095e-08
5.35885736134e-10	-9.60900745639e-08
5.3709268599e-10	-1.04692251313e-07
5.38299635846e-10	-1.00137164338e-07
5.39506585703e-10	-8.48546477528e-08
5.40713535559e-10	-6.12720345572e-08
5.41920485415e-10	-3.20428283906e-08
5.43127435271e-10	6.06098879419e-10
5.44334385127e-10	3.62428038692e-08
5.45541334983e-10	7.30553990635e-08
5.4674828484e-10	1.072600746e-07
5.47955234696e-10	1.32623499738e-07
5.49162184552e-10	1.39805875321e-07
5.50369134408e-10	1.21631789085e-07
5.51576084264e-10	7.58111671217e-08
5.5278303412e-10	7.57578577648e-09
5.53989983977e-10	-6.9025806404e-08
5.55196933833e-10	-1.36404711526e-07
5.56403883689e-10	-1.78072639301e-07
5.57610833545e-10	-1.83675322063e-07
5.58817783401e-10	-1.53291050964e-07
5.60024733257e-10	-9.51360217272e-08
5.61231683113e-10	-2.30131256274e-08
5.6243863297e-10	4.78146038319e-08
5.63645582826e-10	1.05539550432e-07
5.64852532682e-10	1.42014810578e-07
5.66059482538e-10	1.53496507949e-07
5.67266432394e-10	1.40359526668e-07
5.6847338225e-10	1.05275539397e-07
5.69680332107e-10	5.42817284455e-08
5.70887281963e-10	-3.7818523313e-09
5.72094231819e-10	-5.91329154531e-08
5.73301181675e-10	-1.0142043827e-07
5.74508131531e-10	-1.23683754794e-07
5.75715081387e-10	-1.23840967703e-07
5.76922031244e-10	-1.04306188575e-07
5.781289811e-10	-7.21192003894e-08
5.79335930956e-10	-3.49161606295e-08
5.80542880812e-10	1.25620472358e-09
5.81749830668e-10	3.27744729134e-08
5.82956780524e-10	5.94755844574e-08
5.8416373038e-10	8.17443570611e-08
5.85370680237e-10	9.88784076839e-08
5.86577630093e-10	1.08371267515e-07
5.87784579949e-10	1.05135065098e-07
5.88991529805e-10	8.46246148711e-08
5.90198479661e-10	4.51356960696e-08
5.91405429517e-10	-1.02181794137e-08
5.92612379374e-10	-7.20817538991e-08
5.9381932923e-10	-1.27262991256e-07
5.95026279086e-10	-1.62165704864e-07
5.96233228942e-10	-1.66433931525e-07
5.97440178798e-10	-1.37368539654e-07
5.98647128654e-10	-8.05172888363e-08
5.99854078511e-10	-8.20464862716e-09
6.01061028367e-10	6.31709298204e-08
6.02267978223e-10	1.18742933708e-07
6.03474928079e-10	1.48298365588e-07
6.04681877935e-10	1.4815463345e-07
6.05888827791e-10	1.21895027405e-07
6.07095777647e-10	7.72965851326e-08
6.08302727504e-10	2.42503306325e-08
6.0950967736e-10	-2.73768088199e-08
6.10716627216e-10	-7.02961209242e-08
6.11923577072e-10	-9.91695969788e-08
6.13130526928e-10	-1.11283553039e-07
6.14337476784e-10	-1.06462810123e-07
6.15544426641e-10	-8.62590781026e-08
6.16751376497e-10	-5.46344871566e-08
6.17958326353e-10	-1.71751597389e-08
6.19165276209e-10	2.01041738812e-08
6.20372226065e-10	5.14359870252e-08
6.21579175921e-10	7.29518339071e-08
6.22786125778e-10	8.34378113268e-08
6.23993075634e-10	8.33431723635e-08
6.2520002549e-10	7.46548423081e-08
6.26406975346e-10	5.91365401093e-08
6.27613925202e-10	3.74290975991e-08
6.28820875058e-10	1.00118728863e-08
6.30027824914e-10	-2.2511647213e-08
6.31234774771e-10	-5.77051100237e-08
6.32441724627e-10	-9.00013095162e-08
6.33648674483e-10	-1.12304423538e-07
6.34855624339e-10	-1.16732923772e-07
6.36062574195e-10	-9.83037899971e-08
6.37269524051e-10	-5.76532146468e-08
6.38476473908e-10	-1.50852480507e-09
6.39683423764e-10	5.75724214968e-08
6.4089037362e-10	1.0512490789e-07
6.42097323476e-10	1.2952599171e-07
6.43304273332e-10	1.25170886989e-07
6.44511223188e-10	9.50542631273e-08
6.45718173045e-10	4.90470659642e-08
6.46925122901e-10	-1.2998718768e-10
6.48132072757e-10	-4.06574711675e-08
6.49339022613e-10	-6.57972298868e-08
6.50545972469e-10	-7.46853654476e-08
6.51752922325e-10	-7.03276707981e-08
6.52959872181e-10	-5.77268650659e-08
6.54166822038e-10	-4.0822136782e-08
6.55373771894e-10	-2.14382871455e-08
6.5658072175e-10	-1.0491397473e-09
6.57787671606e-10	1.93739415622e-08
6.58994621462e-10	3.73920094887e-08
6.60201571318e-10	4.98195129595e-08
6.61408521175e-10	5.49120215965e-08
6.62615471031e-10	5.23186987067e-08
6.63822420887e-10	4.41916778726e-08
6.65029370743e-10	3.37313754706e-08
6.66236320599e-10	2.25435936585e-08
6.67443270455e-10	1.07431579188e-08
6.68650220312e-10	-3.51173379265e-09
6.69857170168e-10	-2.18507394401e-08
6.71064120024e-10	-4.28433049038e-08
6.7227106988e-10	-6.20272277985e-08
6.73478019736e-10	-7.24430408994e-08
6.74684969592e-10	-6.7804098336e-08
6.75891919448e-10	-4.61273694796e-08
6.77098869305e-10	-1.1061732641e-08
6.78305819161e-10	2.87964123658e-08
6.79512769017e-10	6.25192342341e-08
6.80719718873e-10	8.15712617452e-08
6.81926668729e-10	8.19650853856e-08
6.83133618585e-10	6.55209992928e-08
6.84340568442e-10	3.87185883355e-08
6.85547518298e-10	9.34402000219e-09
6.86754468154e-10	-1.55427715143e-08
6.8796141801e-10	-3.18366843999e-08
6.89168367866e-10	-3.89396506151e-08
6.90375317722e-10	-3.83771165957e-08
6.91582267579e-10	-3.33383227691e-08
6.92789217435e-10	-2.66246953373e-08
6.93996167291e-10	-1.99190055561e-08
6.95203117147e-10	-1.38074760514e-08
6.96410067003e-10	-7.40068684113e-09
6.97617016859e-10	1.76483348768e-10
6.98823966715e-10	9.46865752471e-09
7.00030916572e-10	1.98919636318e-08
7.01237866428e-10	2.96987532344e-08
7.02444816284e-10	3.66575618749e-08
7.0365176614e-10	3.88274923324e-08
7.04858715996e-10	3.52053834973e-08
7.06065665852e-10	2.6035882339e-08
7.07272615709e-10	1.24287631298e-08
7.08479565565e-10	-4.03296512852e-09
7.09686515421e-10	-2.15562425687e-08
7.10893465277e-10	-3.80290545721e-08
7.12100415133e-10	-5.07985440379e-08
7.13307364989e-10	-5.66369475763e-08
7.14514314846e-10	-5.27531858197e-08
7.15721264702e-10	-3.78440798698e-08
7.16928214558e-10	-1.3615247374e-08
7.18135164414e-10	1.49564007845e-08
7.1934211427e-10	4.08912352867e-08
7.20549064126e-10	5.71429517038e-08
7.21756013982e-10	5.97560987359e-08
7.22962963839e-10	4.89867222342e-08
7.24169913695e-10	2.93795427986e-08
7.25376863551e-10	7.76589126339e-09
7.26583813407e-10	-9.93014492856e-09
7.27790763263e-10	-2.05348578142e-08
7.28997713119e-10	-2.4742839777e-08
7.30204662976e-10	-2.57809782411e-08
7.31411612832e-10	-2.69360165284e-08
7.32618562688e-10	-2.98916082997e-08
7.33825512544e-10	-3.33126104479e-08
7.350324624e-10	-3.40363337514e-08
7.36239412256e-10	-2.87751746875e-08
7.37446362113e-10	-1.60989275244e-08
7.38653311969e-10	2.41844697046e-09
7.39860261825e-10	2.2720993087e-08
7.41067211681e-10	3.97426092036e-08
7.42274161537e-10	4.93606933105e-08
7.43481111393e-10	4.9695263904e-08
7.44688061249e-10	4.14056309239e-08
7.45895011106e-10	2.68831521488e-08
7.47101960962e-10	9.03045727085e-09
7.48308910818e-10	-9.63290558431e-09
7.49515860674e-10	-2.72940519075e-08
7.5072281053e-10	-4.23116039983e-08
7.51929760386e-10	-5.27454924182e-08
7.53136710243e-10	-5.6183756314e-08
7.54343660099e-10	-5.04251351785e-08
7.55550609955e-10	-3.48084521207e-08
7.56757559811e-10	-1.10722657709e-08
7.57964509667e-10	1.60889679357e-08
7.59171459523e-10	4.05138829151e-08
7.6037840938e-10	5.6324390485e-08
7.61585359236e-10	6.00679967988e-08
7.62792309092e-10	5.21559133659e-08
7.63999258948e-10	3.59671172845e-08
7.65206208804e-10	1.6677392356e-08
7.6641315866e-10	-1.15920753552e-09
7.67620108516e-10	-1.52857035918e-08
7.68827058373e-10	-2.54126266697e-08
7.70034008229e-10	-3.28420042273e-08
7.71240958085e-10	-3.85178546836e-08
7.72447907941e-10	-4.2000187328e-08
7.73654857797e-10	-4.18029220128e-08
7.74861807653e-10	-3.58540073186e-08
7.7606875751e-10	-2.31807959494e-08
7.77275707366e-10	-4.79540257503e-09
7.78482657222e-10	1.65490208204e-08
7.79689607078e-10	3.68037267329e-08
7.80896556934e-10	5.19509502084e-08
7.8210350679e-10	5.91831756935e-08
7.83310456647e-10	5.7054687197e-08
7.84517406503e-10	4.58635547318e-08
7.85724356359e-10	2.74109810405e-08
7.86931306215e-10	4.31953928182e-09
7.88138256071e-10	-1.97481471176e-08
7.89345205927e-10	-4.0943516133e-08
7.90552155783e-10	-5.58922339522e-08
7.9175910564e-10	-6.17779205569e-08
7.92966055496e-10	-5.77619099218e-08
7.94173005352e-10	-4.44705445801e-08
7.95379955208e-10	-2.40310806809e-08
7.96586905064e-10	6.8092545491e-11
7.9779385492e-10	2.42807360884e-08
7.99000804777e-10	4.49128663149e-08
8.00207754633e-10	5.87783111072e-08
8.01414704489e-10	6.38755599525e-08
8.02621654345e-10	5.91810165318e-08
8.03828604201e-10	4.54480231227e-08
8.05035554057e-10	2.5039699203e-08
8.06242503914e-10	1.35182232075e-09
8.0744945377e-10	-2.16202087344e-08
8.08656403626e-10	-4.04004572019e-08
8.09863353482e-10	-5.27984154175e-08
8.11070303338e-10	-5.77814667224e-08
8.12277253194e-10	-5.54888082149e-08
8.1348420305e-10	-4.66659164644e-08
8.14691152907e-10	-3.19575210739e-08
8.15898102763e-10	-1.25055057421e-08
8.17105052619e-10	1.01804105146e-08
8.18312002475e-10	3.36945804591e-08
8.19518952331e-10	5.43692220134e-08
8.20725902187e-10	6.83912793065e-08
8.21932852044e-10	7.22772641737e-08
8.231398019e-10	6.40989208378e-08
8.24346751756e-10	4.45552768014e-08
8.25553701612e-10	1.64396454228e-08
8.26760651468e-10	-1.53312857964e-08
8.27967601324e-10	-4.50865833557e-08
8.29174551181e-10	-6.76294913404e-08
8.30381501037e-10	-7.89860497008e-08
8.31588450893e-10	-7.73445538726e-08
8.32795400749e-10	-6.31979100163e-08
8.34002350605e-10	-3.90612546752e-08
8.35209300461e-10	-9.07852815146e-09
8.36416250317e-10	2.18149778242e-08
8.37623200174e-10	4.89280180815e-08
8.3883015003e-10	6.82512490968e-08
8.40037099886e-10	7.72256445458e-08
8.41244049742e-10	7.48575015308e-08
8.42450999598e-10	6.14697972523e-08
8.43657949454e-10	3.89427654568e-08
8.44864899311e-10	1.02483133091e-08
8.46071849167e-10	-2.06995913743e-08
8.47278799023e-10	-4.90872240633e-08
8.48485748879e-10	-7.04237717031e-08
8.49692698735e-10	-8.08037370348e-08
8.50899648591e-10	-7.82225892948e-08
8.52106598448e-10	-6.30914911426e-08
8.53313548304e-10	-3.79981619503e-08
8.5452049816e-10	-7.45661654644e-09
8.55727448016e-10	2.34745480832e-08
8.56934397872e-10	5.01579560108e-08
8.58141347728e-10	6.90065427023e-08
8.59348297584e-10	7.79888988944e-08
8.60555247441e-10	7.62560183887e-08
8.61762197297e-10	6.40180646272e-08
8.62969147153e-10	4.24850057357e-08
8.64176097009e-10	1.38385158888e-08
8.65383046865e-10	-1.84796187241e-08
8.66589996721e-10	-4.9854406825e-08
8.67796946578e-10	-7.50723678777e-08
8.69003896434e-10	-8.92190499258e-08
8.7021084629e-10	-8.88412383659e-08
8.71417796146e-10	-7.32588878449e-08
8.72624746002e-10	-4.46060282044e-08
8.73831695858e-10	-8.02561106461e-09
8.75038645715e-10	2.97390441162e-08
8.76245595571e-10	6.18571052158e-08
8.77452545427e-10	8.26673343113e-08
8.78659495283e-10	8.92401956776e-08
8.79866445139e-10	8.13925709053e-08
8.81073394995e-10	6.13313710929e-08
8.82280344851e-10	3.31278799948e-08
8.83487294708e-10	1.12075509984e-09
8.84694244564e-10	-3.02641449679e-08
8.8590119442e-10	-5.7078631599e-08
8.87108144276e-10	-7.6109307301e-08
8.88315094132e-10	-8.4463565031e-08
8.89522043988e-10	-8.04153899026e-08
8.90728993845e-10	-6.37313526397e-08
8.91935943701e-10	-3.62585881319e-08
8.93142893557e-10	-2.2619979223e-09
8.94349843413e-10	3.23180833206e-08
8.95556793269e-10	6.12480981488e-08
8.96763743125e-10	7.93314924863e-08
8.97970692982e-10	8.39830214261e-08
8.99177642838e-10	7.54603775022e-08
9.00384592694e-10	5.62229791612e-08
9.0159154255e-10	3.01308693551e-08
9.02798492406e-10	1.05017736174e-09
9.04005442262e-10	-2.76794058784e-08
9.05212392118e-10	-5.29135544269e-08
9.06419341975e-10	-7.19646777725e-08
9.07626291831e-10	-8.18734164909e-08
9.08833241687e-10	-8.01500465997e-08
9.10040191543e-10	-6.57341336918e-08
9.11247141399e-10	-3.94983334928e-08
9.12454091255e-10	-5.23460785828e-09
9.13661041112e-10	3.11505106154e-08
9.14867990968e-10	6.28404519532e-08
9.16074940824e-10	8.36096898382e-08
9.1728189068e-10	8.96353427038e-08
9.18488840536e-10	8.01934341155e-08
9.19695790392e-10	5.76132332952e-08
9.20902740249e-10	2.66433177742e-08
9.22109690105e-10	-6.9619964238e-09
9.23316639961e-10	-3.76393129997e-08
9.24523589817e-10	-6.09741563906e-08
9.25730539673e-10	-7.42038697155e-08
9.26937489529e-10	-7.640488775e-08
9.28144439385e-10	-6.79130618408e-08
9.29351389242e-10	-5.03598984736e-08
9.30558339098e-10	-2.60642254446e-08
9.31765288954e-10	2.00458336042e-09
9.3297223881e-10	3.01146116932e-08
9.34179188666e-10	5.43614122606e-08
9.35386138522e-10	7.07893672569e-08
9.36593088379e-10	7.63726308861e-08
9.37800038235e-10	6.99052264963e-08
9.39006988091e-10	5.22960688087e-08
9.40213937947e-10	2.67380917407e-08
9.41420887803e-10	-2.18788892559e-09
9.42627837659e-10	-2.96972104685e-08
9.43834787516e-10	-5.17279650225e-08
9.45041737372e-10	-6.57036620666e-08
9.46248687228e-10	-7.04483831271e-08
9.47455637084e-10	-6.58349703642e-08
9.4866258694e-10	-5.23579490874e-08
9.49869536796e-10	-3.12591410534e-08
9.51076486652e-10	-4.56039084273e-09
9.52283436509e-10	2.43460274163e-08
9.53490386365e-10	5.09195743348e-08
9.54697336221e-10	7.02848277356e-08
9.55904286077e-10	7.81836693164e-08
9.57111235933e-10	7.2646809457e-08
9.58318185789e-10	5.44985905293e-08
9.59525135646e-10	2.72641522692e-08
9.60732085502e-10	-3.55966434107e-09
9.61939035358e-10	-3.23600071184e-08
9.63145985214e-10	-5.43464349079e-08
9.6435293507e-10	-6.66153265882e-08
9.65559884926e-10	-6.83504000065e-08
9.66766834783e-10	-6.02484604428e-08
9.67973784639e-10	-4.4303640756e-08
9.69180734495e-10	-2.30461290052e-08
9.70387684351e-10	6.74203345929e-10
9.71594634207e-10	2.3873167887e-08
9.72801584063e-10	4.36735723142e-08
9.7400853392e-10	5.75218530585e-08
9.75215483776e-10	6.34179411207e-08
9.76422433632e-10	6.03369700869e-08
9.77629383488e-10	4.8449129153e-08
9.78836333344e-10	2.91670052555e-08
9.800432832e-10	5.22584986395e-09
9.81250233056e-10	-1.98309444421e-08
9.82457182913e-10	-4.21284136465e-08
9.83664132769e-10	-5.80350016932e-08
9.84871082625e-10	-6.51087823655e-08
9.86078032481e-10	-6.22055704724e-08
9.87284982337e-10	-4.9893598586e-08
9.88491932193e-10	-3.02292164633e-08
9.8969888205e-10	-6.12363215691e-09
9.90905831906e-10	1.87585258438e-08
9.92112781762e-10	4.09123570577e-08
9.93319731618e-10	5.71107481306e-08
9.94526681474e-10	6.48012106197e-08
9.9573363133e-10	6.26967127104e-08
9.96940581187e-10	5.07563981955e-08
9.98147531043e-10	3.06816736462e-08
9.99354480899e-10	5.65897306792e-09
1.00056143075e-09	-2.01987009341e-08
1.00176838061e-09	-4.24608401772e-08
1.00297533047e-09	-5.75165195471e-08
1.00418228032e-09	-6.3164018016e-08
1.00538923018e-09	-5.89768713866e-08
1.00659618004e-09	-4.62045335325e-08
1.00780312989e-09	-2.73106324222e-08
1.00901007975e-09	-5.29475330246e-09
1.0102170296e-09	1.67031748433e-08
1.01142397946e-09	3.58415701562e-08
1.01263092932e-09	4.98274133065e-08
1.01383787917e-09	5.68473010887e-08
1.01504482903e-09	5.6005438509e-08
1.01625177889e-09	4.72455701228e-08
1.01745872874e-09	3.15222945524e-08
1.0186656786e-09	1.09876636678e-08
1.01987262845e-09	-1.15809006829e-08
1.02107957831e-09	-3.2784003956e-08
1.02228652817e-09	-4.93557630321e-08
1.02349347802e-09	-5.87132884533e-08
1.02470042788e-09	-5.91832485242e-08
1.02590737773e-09	-5.06315362969e-08
1.02711432759e-09	-3.42287451716e-08
1.02832127745e-09	-1.24339945007e-08
1.0295282273e-09	1.13646851929e-08
1.03073517716e-09	3.34975109872e-08
1.03194212702e-09	5.04718533634e-08
1.03314907687e-09	5.9637199179e-08
1.03435602673e-09	5.95473519382e-08
1.03556297658e-09	5.02589143636e-08
1.03676992644e-09	3.32589045193e-08
1.0379768763e-09	1.1252276888e-08
1.03918382615e-09	-1.22465437791e-08
1.04039077601e-09	-3.36461130068e-08
1.04159772586e-09	-4.96119731963e-08
1.04280467572e-09	-5.7862028946e-08
1.04401162558e-09	-5.73001726067e-08
1.04521857543e-09	-4.81791024853e-08
1.04642552529e-09	-3.20924953279e-08
1.04763247515e-09	-1.1479942108e-08
1.048839425e-09	1.05695290298e-08
1.05004637486e-09	3.08698879792e-08
1.05125332471e-09	4.65592888688e-08
1.05246027457e-09	5.53611085863e-08
1.05366722443e-09	5.60163213592e-08
1.05487417428e-09	4.83517554883e-08
1.05608112414e-09	3.34529133283e-08
1.05728807399e-09	1.34786037886e-08
1.05849502385e-09	-8.55379767017e-09
1.05970197371e-09	-2.92706570093e-08
1.06090892356e-09	-4.55135271693e-08
1.06211587342e-09	-5.47338023793e-08
1.06332282328e-09	-5.56611006175e-08
1.06452977313e-09	-4.81693875898e-08
1.06573672299e-09	-3.34917569234e-08
1.06694367284e-09	-1.39006657296e-08
1.0681506227e-09	7.78780051558e-09
1.06935757256e-09	2.83281318403e-08
1.07056452241e-09	4.47480816845e-08
1.07177147227e-09	5.45696545728e-08
1.07297842212e-09	5.61107045272e-08
1.07418537198e-09	4.90234892681e-08
1.07539232184e-09	3.41573320739e-08
1.07659927169e-09	1.37969169423e-08
1.07780622155e-09	-8.77834060997e-09
1.07901317141e-09	-2.98397448972e-08
1.08022012126e-09	-4.58654483282e-08
1.08142707112e-09	-5.42979234908e-08
1.08263402097e-09	-5.39851630066e-08
1.08384097083e-09	-4.53574235948e-08
1.08504792069e-09	-3.01244318379e-08
1.08625487054e-09	-1.09623825573e-08
1.0874618204e-09	9.20766951573e-09
1.08866877025e-09	2.75462723742e-08
1.08987572011e-09	4.16229291034e-08
1.09108266997e-09	4.97131580346e-08
1.09228961982e-09	5.06749842089e-08
1.09349656968e-09	4.42973400183e-08
1.09470351954e-09	3.13060999346e-08
1.09591046939e-09	1.33623296872e-08
1.09711741925e-09	-6.8026113631e-09
1.0983243691e-09	-2.60673749253e-08
1.09953131896e-09	-4.1170932441e-08
1.10073826882e-09	-4.95729670646e-08
1.10194521867e-09	-4.99673076249e-08
1.10315216853e-09	-4.24563513235e-08
1.10435911838e-09	-2.86340817723e-08
1.10556606824e-09	-1.0975692577e-08
1.1067730181e-09	7.60979745884e-09
1.10797996795e-09	2.43999758176e-08
1.10918691781e-09	3.72452477748e-08
1.11039386767e-09	4.46521495334e-08
1.11160081752e-09	4.58659519254e-08
1.11280776738e-09	4.0723417527e-08
1.11401471723e-09	2.97419466833e-08
1.11522166709e-09	1.41636100626e-08
1.11642861695e-09	-4.01136862616e-09
1.1176355668e-09	-2.20420934838e-08
1.11884251666e-09	-3.69594346239e-08
1.12004946651e-09	-4.59733042746e-08
1.12125641637e-09	-4.73544989887e-08
1.12246336623e-09	-4.07790325951e-08
1.12367031608e-09	-2.75693103902e-08
1.12487726594e-09	-1.03621988767e-08
1.1260842158e-09	7.65390850699e-09
1.12729116565e-09	2.33843358011e-08
1.12849811551e-09	3.46216544322e-08
1.12970506536e-09	4.02281674639e-08
1.13091201522e-09	4.00440223203e-08
1.13211896508e-09	3.46833521903e-08
1.13332591493e-09	2.50334255547e-08
1.13453286479e-09	1.22737198183e-08
1.13573981464e-09	-2.23455731696e-09
1.1369467645e-09	-1.68041525139e-08
1.13815371436e-09	-2.93705757493e-08
1.13936066421e-09	-3.78713966853e-08
1.14056761407e-09	-4.05358608901e-08
1.14177456393e-09	-3.66420764841e-08
1.14298151378e-09	-2.66863300347e-08
1.14418846364e-09	-1.25251842231e-08
1.14539541349e-09	3.13565806653e-09
1.14660236335e-09	1.74818635124e-08
1.14780931321e-09	2.82078898017e-08
1.14901626306e-09	3.41161126016e-08
1.15022321292e-09	3.50106672542e-08
1.15143016277e-09	3.14331995988e-08
1.15263711263e-09	2.42972753028e-08
1.15384406249e-09	1.43777101336e-08
1.15505101234e-09	2.56839799428e-09
1.1562579622e-09	-1.01417647613e-08
1.15746491206e-09	-2.22878013822e-08
1.15867186191e-09	-3.18917781073e-08
1.15987881177e-09	-3.69621742102e-08
1.16108576162e-09	-3.5955048272e-08
1.16229271148e-09	-2.85757488783e-08
1.16349966134e-09	-1.60372244373e-08
1.16470661119e-09	-8.79363054596e-10
1.16591356105e-09	1.37800293398e-08
1.1671205109e-09	2.51123704054e-08
1.16832746076e-09	3.14294350545e-08
1.16953441062e-09	3.24290021503e-08
1.17074136047e-09	2.88854149488e-08
1.17194831033e-09	2.21916600651e-08
1.17315526019e-09	1.35800617418e-08
1.17436221004e-09	3.91798182786e-09
1.1755691599e-09	-6.11886608048e-09
1.17677610975e-09	-1.59523620979e-08
1.17798305961e-09	-2.4416599409e-08
1.17919000947e-09	-3.0095679282e-08
1.18039695932e-09	-3.1550991153e-08
1.18160390918e-09	-2.78335030579e-08
1.18281085903e-09	-1.92863214288e-08
1.18401780889e-09	-7.32158789152e-09
1.18522475875e-09	5.70519831378e-09
1.1864317086e-09	1.7229993432e-08
1.18763865846e-09	2.53910275028e-08
1.18884560832e-09	2.92027761972e-08
1.19005255817e-09	2.87617849537e-08
1.19125950803e-09	2.48096183597e-08
1.19246645788e-09	1.8169889815e-08
1.19367340774e-09	9.60501767011e-09
1.1948803576e-09	-2.89847576496e-10
1.19608730745e-09	-1.07648869818e-08
1.19729425731e-09	-2.06237849021e-08
1.19850120716e-09	-2.82182508471e-08
1.19970815702e-09	-3.18473176719e-08
1.20091510688e-09	-3.02165079624e-08
1.20212205673e-09	-2.32124097721e-08
1.20332900659e-09	-1.19916172547e-08
1.20453595645e-09	1.23541155084e-09
1.2057429063e-09	1.37332512029e-08
1.20694985616e-09	2.32694246094e-08
1.20815680601e-09	2.84576504583e-08
1.20936375587e-09	2.90447061957e-08
1.21057070573e-09	2.57338959031e-08
1.21177765558e-09	1.94547649102e-08
1.21298460544e-09	1.13007068148e-08
1.21419155529e-09	2.06443726003e-09
1.21539850515e-09	-7.53484452609e-09
1.21660545501e-09	-1.65501576888e-08
1.21781240486e-09	-2.3949764838e-08
1.21901935472e-09	-2.84030368114e-08
1.22022630458e-09	-2.8870352331e-08
1.22143325443e-09	-2.48987443996e-08
1.22264020429e-09	-1.68160616543e-08
1.22384715414e-09	-5.91812099326e-09
1.225054104e-09	6.00486438351e-09
1.22626105386e-09	1.69759204471e-08
1.22746800371e-09	2.52615066643e-08
1.22867495357e-09	2.97399216365e-08
1.22988190342e-09	2.98815168165e-08
1.23108885328e-09	2.57847898588e-08
1.23229580314e-09	1.80616732681e-08
1.23350275299e-09	7.72179720165e-09
1.23470970285e-09	-3.91975474301e-09
1.23591665271e-09	-1.52343582194e-08
1.23712360256e-09	-2.46215261512e-08
1.23833055242e-09	-3.0543388263e-08
1.23953750227e-09	-3.19172590579e-08
1.24074445213e-09	-2.8418382314e-08
1.24195140199e-09	-2.03922905229e-08
1.24315835184e-09	-9.13353181975e-09
1.2443653017e-09	3.57279317242e-09
1.24557225156e-09	1.57217707741e-08
1.24677920141e-09	2.53071421596e-08
1.24798615127e-09	3.09818988242e-08
1.24919310112e-09	3.19365751622e-08
1.25040005098e-09	2.81698269156e-08
1.25160700084e-09	2.04460119946e-08
1.25281395069e-09	9.87802861729e-09
1.25402090055e-09	-1.94566224243e-09
1.2552278504e-09	-1.34614626113e-08
1.25643480026e-09	-2.31704060383e-08
1.25764175012e-09	-2.97399602722e-08
1.25884869997e-09	-3.22732258695e-08
1.26005564983e-09	-3.02659630691e-08
1.26126259969e-09	-2.37954624893e-08
1.26246954954e-09	-1.35994411288e-08
1.2636764994e-09	-9.97181157092e-10
1.26488344925e-09	1.21893342087e-08
1.26609039911e-09	2.3894762613e-08
1.26729734897e-09	3.21960231808e-08
1.26850429882e-09	3.56475586827e-08
1.26971124868e-09	3.35347865033e-08
1.27091819853e-09	2.61418322545e-08
1.27212514839e-09	1.45436973575e-08
1.27333209825e-09	5.66277677527e-10
1.2745390481e-09	-1.35787268096e-08
1.27574599796e-09	-2.57320063035e-08
1.27695294782e-09	-3.3926148113e-08
1.27815989767e-09	-3.69314161475e-08
1.27936684753e-09	-3.42336172743e-08
1.28057379738e-09	-2.62165076315e-08
1.28178074724e-09	-1.41603120341e-08
1.2829876971e-09	1.19402460141e-10
1.28419464695e-09	1.43573792855e-08
1.28540159681e-09	2.63723660687e-08
1.28660854666e-09	3.43721566765e-08
1.28781549652e-09	3.71258712661e-08
1.28902244638e-09	3.43347013043e-08
1.29022939623e-09	2.63819881496e-08
1.29143634609e-09	1.44735181618e-08
1.29264329595e-09	3.42550626753e-10
1.2938502458e-09	-1.39643776542e-08
1.29505719566e-09	-2.62713224508e-08
1.29626414551e-09	-3.4702954288e-08
1.29747109537e-09	-3.78771840559e-08
1.29867804523e-09	-3.52288207495e-08
1.29988499508e-09	-2.71182556411e-08
1.30109194494e-09	-1.47864993583e-08
1.30229889479e-09	-1.50321574632e-10
1.30350584465e-09	1.45390273154e-08
1.30471279451e-09	2.70543702996e-08
1.30591974436e-09	3.55481399872e-08
1.30712669422e-09	3.87288547898e-08
1.30833364408e-09	3.60797738352e-08
1.30954059393e-09	2.78808363063e-08
1.31074754379e-09	1.51966859097e-08
1.31195449364e-09	-8.46613196215e-11
1.3131614435e-09	-1.56622930181e-08
1.31436839336e-09	-2.89349464389e-08
1.31557534321e-09	-3.76477835573e-08
1.31678229307e-09	-4.02752720063e-08
1.31798924292e-09	-3.63016350313e-08
1.31919619278e-09	-2.64995687616e-08
1.32040314264e-09	-1.25583659027e-08
1.32161009249e-09	3.12658016144e-09
1.32281704235e-09	1.79780321741e-08
1.32402399221e-09	2.9769762655e-08
1.32523094206e-09	3.67607082552e-08
1.32643789192e-09	3.81098450575e-08
1.32764484177e-09	3.37332899392e-08
1.32885179163e-09	2.4349794181e-08
1.33005874149e-09	1.14093292591e-08
1.33126569134e-09	-3.23188198426e-09
1.3324726412e-09	-1.73511380819e-08
1.33367959105e-09	-2.8842953359e-08
1.33488654091e-09	-3.59240854841e-08
1.33609349077e-09	-3.74593023267e-08
1.33730044062e-09	-3.31912706208e-08
1.33850739048e-09	-2.37657604707e-08
1.33971434034e-09	-1.06603421646e-08
1.34092129019e-09	4.0333438811e-09
1.34212824005e-09	1.79845804915e-08
1.3433351899e-09	2.89972295064e-08
1.34454213976e-09	3.53556957045e-08
1.34574908962e-09	3.61463876608e-08
1.34695603947e-09	3.13576871136e-08
1.34816298933e-09	2.18073838987e-08
1.34936993918e-09	9.09866426646e-09
1.35057688904e-09	-4.84791085054e-09
1.3517838389e-09	-1.79160526415e-08
1.35299078875e-09	-2.81522920531e-08
1.35419773861e-09	-3.41106667356e-08
1.35540468847e-09	-3.47979756121e-08
1.35661163832e-09	-3.01305460582e-08
1.35781858818e-09	-2.07623345183e-08
1.35902553803e-09	-8.10523770323e-09
1.36023248789e-09	5.72180969272e-09
1.36143943775e-09	1.84959636496e-08
1.3626463876e-09	2.80562435506e-08
1.36385333746e-09	3.28582290265e-08
1.36506028731e-09	3.23246083234e-08
1.36626723717e-09	2.67180908509e-08
1.36747418703e-09	1.72622547367e-08
1.36868113688e-09	5.62704050022e-09
1.36988808674e-09	-6.34439478731e-09
1.3710950366e-09	-1.69245673032e-08
1.37230198645e-09	-2.47627793826e-08
1.37350893631e-09	-2.89326349545e-08
1.37471588616e-09	-2.89407462439e-08
1.37592283602e-09	-2.4809624577e-08
1.37712978588e-09	-1.70735265925e-08
1.37833673573e-09	-6.75601408151e-09
1.37954368559e-09	4.58160798189e-09
1.38075063544e-09	1.51817056704e-08
1.3819575853e-09	2.33087007473e-08
1.38316453516e-09	2.75918861092e-08
1.38437148501e-09	2.74538209943e-08
1.38557843487e-09	2.3035395369e-08
1.38678538473e-09	1.52751076232e-08
1.38799233458e-09	5.61194735127e-09
1.38919928444e-09	-4.45701731078e-09
1.39040623429e-09	-1.34242617023e-08
1.39161318415e-09	-2.02143186634e-08
1.39282013401e-09	-2.40405757523e-08
1.39402708386e-09	-2.44754660983e-08
1.39523403372e-09	-2.15166555684e-08
1.39644098357e-09	-1.54569155253e-08
1.39764793343e-09	-7.11179826141e-09
1.39885488329e-09	2.34072897176e-09
1.40006183314e-09	1.14352232128e-08
1.401268783e-09	1.86458888329e-08
1.40247573286e-09	2.28098779864e-08
1.40368268271e-09	2.32772441322e-08
1.40488963257e-09	2.01555514501e-08
1.40609658242e-09	1.41748999205e-08
1.40730353228e-09	6.46942954763e-09
1.40851048214e-09	-1.67922700745e-09
1.40971743199e-09	-9.14971498567e-09
1.41092438185e-09	-1.50544234856e-08
1.4121313317e-09	-1.88130102607e-08
1.41333828156e-09	-2.00672638506e-08
1.41454523142e-09	-1.87065567481e-08
1.41575218127e-09	-1.48357661711e-08
1.41695913113e-09	-8.88178564029e-09
1.41816608099e-09	-1.60333218924e-09
1.41937303084e-09	5.98887428538e-09
1.4205799807e-09	1.27087018686e-08
1.42178693055e-09	1.75283727533e-08
1.42299388041e-09	1.97119049972e-08
1.42420083027e-09	1.89764803871e-08
1.42540778012e-09	1.55880519603e-08
1.42661472998e-09	1.00967558758e-08
1.42782167983e-09	3.39333433574e-09
1.42902862969e-09	-3.62206364901e-09
1.43023557955e-09	-1.00847152851e-08
1.4314425294e-09	-1.51616366129e-08
1.43264947926e-09	-1.82773089996e-08
1.43385642912e-09	-1.89400415351e-08
1.43506337897e-09	-1.69865843613e-08
1.43627032883e-09	-1.25841190801e-08
1.43747727868e-09	-6.2180752769e-09
1.43868422854e-09	1.19960083533e-09
1.4398911784e-09	8.59633464412e-09
1.44109812825e-09	1.48119989607e-08
1.44230507811e-09	1.88438984416e-08
1.44351202796e-09	2.00821248519e-08
1.44471897782e-09	1.83278223709e-08
1.44592592768e-09	1.39126756782e-08
1.44713287753e-09	7.53310536172e-09
1.44833982739e-09	1.5366413697e-10
1.44954677725e-09	-7.19117443371e-09
1.4507537271e-09	-1.35115583166e-08
1.45196067696e-09	-1.80041641595e-08
1.45316762681e-09	-2.00747365398e-08
1.45437457667e-09	-1.93952907068e-08
1.45558152653e-09	-1.59774207198e-08
1.45678847638e-09	-1.01314603373e-08
1.45799542624e-09	-2.59273325032e-09
1.4592023761e-09	5.60154100882e-09
1.46040932595e-09	1.32282629295e-08
1.46161627581e-09	1.89969204811e-08
1.46282322566e-09	2.19675841961e-08
1.46403017552e-09	2.15659139435e-08
1.46523712538e-09	1.78390142658e-08
1.46644407523e-09	1.14070755064e-08
1.46765102509e-09	3.21786342017e-09
1.46885797494e-09	-5.44298728311e-09
1.4700649248e-09	-1.33797006807e-08
1.47127187466e-09	-1.94737248549e-08
1.47247882451e-09	-2.28292615922e-08
1.47368577437e-09	-2.29421401876e-08
1.47489272423e-09	-1.96175378164e-08
1.47609967408e-09	-1.31981348073e-08
1.47730662394e-09	-4.51954651481e-09
1.47851357379e-09	5.16846898613e-09
1.47972052365e-09	1.42756952926e-08
1.48092747351e-09	2.12758206608e-08
1.48213442336e-09	2.49278908626e-08
1.48334137322e-09	2.45850628744e-08
1.48454832307e-09	2.03150833933e-08
1.48575527293e-09	1.28708690372e-08
1.48696222279e-09	3.48080575474e-09
1.48816917264e-09	-6.35566432816e-09
1.4893761225e-09	-1.51648793523e-08
1.49058307236e-09	-2.17085682763e-08
1.49179002221e-09	-2.50426155368e-08
1.49299697207e-09	-2.4723001868e-08
1.49420392192e-09	-2.07286232623e-08
1.49541087178e-09	-1.35445215044e-08
1.49661782164e-09	-4.1784509186e-09
1.49782477149e-09	6.05225669581e-09
1.49903172135e-09	1.55266575153e-08
1.5002386712e-09	2.27083716275e-08
1.50144562106e-09	2.63849884163e-08
1.50265257092e-09	2.58468801917e-08
1.50385952077e-09	2.11968380626e-08
1.50506647063e-09	1.31464938935e-08
1.50627342049e-09	3.04203423562e-09
1.50748037034e-09	-7.48422634977e-09
1.5086873202e-09	-1.68091141006e-08
1.50989427005e-09	-2.34933907883e-08
1.51110121991e-09	-2.65988835402e-08
1.51230816977e-09	-2.56739793869e-08
1.51351511962e-09	-2.08559853832e-08
1.51472206948e-09	-1.28424246792e-08
1.51592901933e-09	-2.75843337061e-09
1.51713596919e-09	7.87050169482e-09
1.51834291905e-09	1.74101668637e-08
1.5195498689e-09	2.4295294665e-08
1.52075681876e-09	2.73335616363e-08
1.52196376862e-09	2.5969933759e-08
1.52317071847e-09	2.0380792165e-08
1.52437766833e-09	1.15178635518e-08
1.52558461818e-09	8.82299094895e-10
1.52679156804e-09	-9.72813651856e-09
1.5279985179e-09	-1.86156450255e-08
1.52920546775e-09	-2.44076652223e-08
1.53041241761e-09	-2.6335370773e-08
1.53161936746e-09	-2.42372251158e-08
1.53282631732e-09	-1.85259625418e-08
1.53403326718e-09	-1.01497592553e-08
1.53524021703e-09	-3.13675585506e-10
1.53644716689e-09	9.52933443266e-09
1.53765411675e-09	1.7930651186e-08
1.5388610666e-09	2.36579889012e-08
1.54006801646e-09	2.57329424436e-08
1.54127496631e-09	2.38246058437e-08
1.54248191617e-09	1.81500985352e-08
1.54368886603e-09	9.57834878079e-09
1.54489581588e-09	-4.50830414667e-10
1.54610276574e-09	-1.03462174383e-08
1.54730971559e-09	-1.84447994656e-08
1.54851666545e-09	-2.34904242724e-08
1.54972361531e-09	-2.47801321684e-08
1.55093056516e-09	-2.21982268123e-08
1.55213751502e-09	-1.63040041468e-08
1.55334446488e-09	-8.06929256747e-09
1.55455141473e-09	1.24374163746e-09
1.55575836459e-09	1.02447044181e-08
1.55696531444e-09	1.76561782972e-08
1.5581722643e-09	2.23846021719e-08
1.55937921416e-09	2.36964803335e-08
1.56058616401e-09	2.13476467614e-08
1.56179311387e-09	1.56534509799e-08
1.56300006372e-09	7.47395967338e-09
1.56420701358e-09	-1.82350470834e-09
1.56541396344e-09	-1.07124353832e-08
1.56662091329e-09	-1.76973100618e-08
1.56782786315e-09	-2.16574198575e-08
1.56903481301e-09	-2.21023102043e-08
1.57024176286e-09	-1.90883975293e-08
1.57144871272e-09	-1.33097797228e-08
1.57265566257e-09	-5.78264669482e-09
1.57386261243e-09	2.34384145426e-09
1.57506956229e-09	9.86253279045e-09
1.57627651214e-09	1.58220700985e-08
1.577483462e-09	1.9415507424e-08
1.57869041185e-09	2.01551140222e-08
1.57989736171e-09	1.79566055358e-08
1.58110431157e-09	1.30470485527e-08
1.58231126142e-09	6.18358186877e-09
1.58351821128e-09	-1.61332588955e-09
1.58472516114e-09	-9.10146291666e-09
1.58593211099e-09	-1.50536276777e-08
1.58713906085e-09	-1.85590480761e-08
1.5883460107e-09	-1.90961508828e-08
1.58955296056e-09	-1.66874454255e-08
1.59075991042e-09	-1.18326171084e-08
1.59196686027e-09	-5.36002675577e-09
1.59317381013e-09	1.69807690131e-09
1.59438075998e-09	8.30777191485e-09
1.59558770984e-09	1.35589248718e-08
1.5967946597e-09	1.67549669694e-08
1.59800160955e-09	1.74720680146e-08
1.59920855941e-09	1.56441486432e-08
1.60041550927e-09	1.15045302174e-08
1.60162245912e-09	5.6635044432e-09
1.60282940898e-09	-9.96188839752e-10
1.60403635883e-09	-7.47267714374e-09
1.60524330869e-09	-1.26900876474e-08
1.60645025855e-09	-1.58641551007e-08
1.6076572084e-09	-1.65035185518e-08
1.60886415826e-09	-1.45787093508e-08
1.61007110811e-09	-1.05400723704e-08
1.61127805797e-09	-5.08055142401e-09
1.61248500783e-09	8.65001875683e-10
1.61369195768e-09	6.42986786037e-09
1.61489890754e-09	1.08956574874e-08
1.6161058574e-09	1.37019351421e-08
1.61731280725e-09	1.45985663558e-08
1.61851975711e-09	1.34732693891e-08
1.61972670696e-09	1.04812372115e-08
1.62093365682e-09	5.99105542953e-09
1.62214060668e-09	5.73214545274e-10
1.62334755653e-09	-4.97255836507e-09
1.62455450639e-09	-9.80727188349e-09
