% time-domain current integration by openEMS v0.37.0-rc1-2-g7b051bb @Mon Jul 13 22:17:19 2026
% start-coordinates: (0.00695348,0.00407453,0.0165342) m -> [168,120,255]
% stop-coordinates: (0.00742736,0.00457625,0.0165342) m -> [176,128,255]
% t/s	current
7.21641059801e-14	-0
1.22678980166e-12	-0
2.38141549734e-12	-0
3.53604119303e-12	-0
4.69066688871e-12	-0
5.84529258439e-12	-0
6.99991828007e-12	-0
8.15454397575e-12	-0
9.30916967143e-12	-0
1.04637953671e-11	-0
1.16184210628e-11	-0
1.27730467585e-11	-0
1.39276724542e-11	-0
1.50822981498e-11	-0
1.62369238455e-11	-0
1.73915495412e-11	-0
1.85461752369e-11	-0
1.97008009326e-11	-0
2.08554266283e-11	-0
2.20100523239e-11	-0
2.31646780196e-11	-0
2.43193037153e-11	-0
2.5473929411e-11	-0
2.66285551067e-11	-0
2.77831808023e-11	-0
2.8937806498e-11	-0
3.00924321937e-11	-0
3.12470578894e-11	-0
3.24016835851e-11	-0
3.35563092808e-11	-0
3.47109349764e-11	-0
3.58655606721e-11	-0
3.70201863678e-11	-0
3.81748120635e-11	-0
3.93294377592e-11	-0
4.04840634548e-11	-0
4.16386891505e-11	-0
4.27933148462e-11	-0
4.39479405419e-11	-0
4.51025662376e-11	-0
4.62571919333e-11	-0
4.74118176289e-11	-0
4.85664433246e-11	-0
4.97210690203e-11	-0
5.0875694716e-11	-0
5.20303204117e-11	-0
5.31849461073e-11	-0
5.4339571803e-11	-0
5.54941974987e-11	-0
5.66488231944e-11	-0
5.78034488901e-11	-0
5.89580745858e-11	-0
6.01127002814e-11	-0
6.12673259771e-11	-0
6.24219516728e-11	-0
6.35765773685e-11	-0
6.47312030642e-11	-0
6.58858287598e-11	-0
6.70404544555e-11	-0
6.81950801512e-11	-0
6.93497058469e-11	-0
7.05043315426e-11	-0
7.16589572383e-11	-0
7.28135829339e-11	-0
7.39682086296e-11	-0
7.51228343253e-11	-0
7.6277460021e-11	-0
7.74320857167e-11	-0
7.85867114123e-11	-0
7.9741337108e-11	-0
8.08959628037e-11	-0
8.20505884994e-11	-0
8.32052141951e-11	-0
8.43598398908e-11	-0
8.55144655864e-11	-0
8.66690912821e-11	-0
8.78237169778e-11	-0
8.89783426735e-11	-0
9.01329683692e-11	-0
9.12875940648e-11	-0
9.24422197605e-11	-0
9.35968454562e-11	-0
9.47514711519e-11	-0
9.59060968476e-11	-0
9.70607225432e-11	-0
9.82153482389e-11	-0
9.93699739346e-11	-0
1.0052459963e-10	1.98954983813e-36
1.01679225326e-10	8.09865901754e-35
1.02833851022e-10	2.25318959204e-33
1.03988476717e-10	5.35680416383e-32
1.05143102413e-10	1.09788407604e-30
1.06297728109e-10	1.94060688473e-29
1.07452353804e-10	2.955447111e-28
1.086069795e-10	3.86707512052e-27
1.09761605196e-10	4.32106541888e-26
1.10916230891e-10	4.07296157677e-25
1.12070856587e-10	3.15393058567e-24
1.13225482283e-10	1.87558290871e-23
1.14380107978e-10	6.58350873537e-23
1.15534733674e-10	-1.8794540385e-22
1.1668935937e-10	-5.78681016258e-21
1.17843985066e-10	-6.17456529188e-20
1.18998610761e-10	-4.77848901585e-19
1.20153236457e-10	-3.02028374343e-18
1.21307862153e-10	-1.62828865763e-17
1.22462487848e-10	-7.6474415965e-17
1.23617113544e-10	-3.16596828184e-16
1.2477173924e-10	-1.16302578801e-15
1.25926364935e-10	-3.80239823934e-15
1.27080990631e-10	-1.10565514535e-14
1.28235616327e-10	-2.84317654056e-14
1.29390242022e-10	-6.37077603128e-14
1.30544867718e-10	-1.19988966137e-13
1.31699493414e-10	-1.70866603201e-13
1.32854119109e-10	-9.81589687462e-14
1.34008744805e-10	4.32531587586e-13
1.35163370501e-10	2.17501819506e-12
1.36317996196e-10	6.56442868813e-12
1.37472621892e-10	1.59388474641e-11
1.38627247588e-10	3.3498495644e-11
1.39781873283e-10	6.2636125453e-11
1.40936498979e-10	1.05170018527e-10
1.42091124675e-10	1.58060745048e-10
1.43245750371e-10	2.08542627611e-10
1.44400376066e-10	2.28384006151e-10
1.45555001762e-10	1.69216904378e-10
1.46709627458e-10	-3.77155390252e-11
1.47864253153e-10	-4.73104555532e-10
1.49018878849e-10	-1.20860177422e-09
1.50173504545e-10	-2.27235097405e-09
1.5132813024e-10	-3.60556695611e-09
1.52482755936e-10	-5.02200458996e-09
1.53637381632e-10	-6.18866913271e-09
1.54792007327e-10	-6.64819932439e-09
1.55946633023e-10	-5.89714943544e-09
1.57101258719e-10	-3.5185310221e-09
1.58255884414e-10	6.55937804073e-10
1.5941051011e-10	6.40081410097e-09
1.60565135806e-10	1.30272788113e-08
1.61719761501e-10	1.94378664276e-08
1.62874387197e-10	2.43222562091e-08
1.64029012893e-10	2.6462723568e-08
1.65183638588e-10	2.507016994e-08
1.66338264284e-10	2.00453804666e-08
1.6749288998e-10	1.2070167088e-08
1.68647515676e-10	2.48149700788e-09
1.69802141371e-10	-7.04629554704e-09
1.70956767067e-10	-1.49181538234e-08
1.72111392763e-10	-2.00049541377e-08
1.73266018458e-10	-2.18831388565e-08
1.74420644154e-10	-2.08649311162e-08
1.7557526985e-10	-1.7830826593e-08
1.76729895545e-10	-1.39391156395e-08
1.77884521241e-10	-1.03151451825e-08
1.79039146937e-10	-7.80962761127e-09
1.80193772632e-10	-6.87278012279e-09
1.81348398328e-10	-7.54251328061e-09
1.82503024024e-10	-9.51195744392e-09
1.83657649719e-10	-1.22342083131e-08
1.84812275415e-10	-1.50353294259e-08
1.85966901111e-10	-1.72260445908e-08
1.87121526806e-10	-1.82139849869e-08
1.88276152502e-10	-1.76142815889e-08
1.89430778198e-10	-1.53416568338e-08
1.90585403893e-10	-1.16527480998e-08
1.91740029589e-10	-7.10769842982e-09
1.92894655285e-10	-2.44062614563e-09
1.94049280981e-10	1.63584090718e-09
1.95203906676e-10	4.63267557649e-09
1.96358532372e-10	6.42053565869e-09
1.97513158068e-10	7.24497883908e-09
1.98667783763e-10	7.61108864822e-09
1.99822409459e-10	8.08021560772e-09
2.00977035155e-10	9.05666652784e-09
2.0213166085e-10	1.06429851598e-08
2.03286286546e-10	1.26098296249e-08
2.04440912242e-10	1.44787586365e-08
2.05595537937e-10	1.56773687365e-08
2.06750163633e-10	1.5711993484e-08
2.07904789329e-10	1.43117437901e-08
2.09059415024e-10	1.1517282239e-08
2.1021404072e-10	7.70299912745e-09
2.11368666416e-10	3.52932727488e-09
2.12523292111e-10	-1.73694919559e-10
2.13677917807e-10	-2.58092813787e-09
2.14832543503e-10	-3.07647329834e-09
2.15987169198e-10	-1.43969480781e-09
2.17141794894e-10	2.04514960522e-09
2.1829642059e-10	6.60312915457e-09
2.19451046286e-10	1.11217124399e-08
2.20605671981e-10	1.44137715097e-08
2.21760297677e-10	1.55231933974e-08
2.22914923373e-10	1.39872131655e-08
2.24069549068e-10	9.97814098014e-09
2.25224174764e-10	4.27998170238e-09
2.2637880046e-10	-1.89738358358e-09
2.27533426155e-10	-7.21674364712e-09
2.28688051851e-10	-1.05420703278e-08
2.29842677547e-10	-1.12066302904e-08
2.30997303242e-10	-9.15168829607e-09
2.32151928938e-10	-4.90968199429e-09
2.33306554634e-10	5.47260126105e-10
2.34461180329e-10	6.03952576839e-09
2.35615806025e-10	1.04289794578e-08
2.36770431721e-10	1.28322081849e-08
2.37925057416e-10	1.2768798463e-08
2.39079683112e-10	1.02366142229e-08
2.40234308808e-10	5.71555958118e-09
2.41388934503e-10	9.95797472259e-11
2.42543560199e-10	-5.44652456469e-09
2.43698185895e-10	-9.70161551095e-09
2.44852811591e-10	-1.16495897373e-08
2.46007437286e-10	-1.07354294343e-08
2.47162062982e-10	-7.04461466938e-09
2.48316688678e-10	-1.33816691061e-09
2.49471314373e-10	5.09146991234e-09
2.50625940069e-10	1.07237436708e-08
2.51780565765e-10	1.41958063082e-08
2.5293519146e-10	1.46594860695e-08
2.54089817156e-10	1.20016752092e-08
2.55244442852e-10	6.86185153143e-09
2.56399068547e-10	4.4409428912e-10
2.57553694243e-10	-5.81529890908e-09
2.58708319939e-10	-1.06228954522e-08
2.59862945634e-10	-1.31376109991e-08
2.6101757133e-10	-1.31331079345e-08
2.62172197026e-10	-1.09800488701e-08
2.63326822721e-10	-7.47061523754e-09
2.64481448417e-10	-3.55301033039e-09
2.65636074113e-10	-6.43709530124e-11
2.66790699808e-10	2.45835085622e-09
2.67945325504e-10	3.84365739237e-09
2.690999512e-10	4.22658308352e-09
2.70254576896e-10	3.90713505993e-09
2.71409202591e-10	3.19166959528e-09
2.72563828287e-10	2.28073182562e-09
2.73718453983e-10	1.23959531528e-09
2.74873079678e-10	4.81540571307e-11
2.76027705374e-10	-1.30621780059e-09
2.7718233107e-10	-2.74386380283e-09
2.78336956765e-10	-4.06085964855e-09
2.79491582461e-10	-4.97009633449e-09
2.80646208157e-10	-5.20114706859e-09
2.81800833852e-10	-4.6155990141e-09
2.82955459548e-10	-3.28503912961e-09
2.84110085244e-10	-1.49188683629e-09
2.85264710939e-10	3.55276613684e-10
2.86419336635e-10	1.86158255477e-09
2.87573962331e-10	2.78300182899e-09
2.88728588026e-10	3.10261860648e-09
2.89883213722e-10	3.01410496562e-09
2.91037839418e-10	2.81957701631e-09
2.92192465113e-10	2.78532885645e-09
2.93347090809e-10	3.01724867313e-09
2.94501716505e-10	3.40774786167e-09
2.95656342201e-10	3.67396357781e-09
2.96810967896e-10	3.46973760834e-09
2.97965593592e-10	2.52644927201e-09
2.99120219288e-10	7.68846986077e-10
3.00274844983e-10	-1.63555158306e-09
3.01429470679e-10	-4.30814628416e-09
3.02584096375e-10	-6.7579355445e-09
3.0373872207e-10	-8.51182413442e-09
3.04893347766e-10	-9.23371956674e-09
3.06047973462e-10	-8.7986720132e-09
3.07202599157e-10	-7.30828597639e-09
3.08357224853e-10	-5.05308195287e-09
3.09511850549e-10	-2.44065412325e-09
3.10666476244e-10	8.75900185715e-11
3.1182110194e-10	2.13273398941e-09
3.12975727636e-10	3.39805850125e-09
3.14130353331e-10	3.72921471481e-09
3.15284979027e-10	3.13461923085e-09
3.16439604723e-10	1.78510128901e-09
3.17594230418e-10	-9.57949865266e-12
3.18748856114e-10	-1.84848025775e-09
3.1990348181e-10	-3.30799787562e-09
3.21058107506e-10	-4.02230826424e-09
3.22212733201e-10	-3.76192321738e-09
3.23367358897e-10	-2.49259990426e-09
3.24521984593e-10	-3.97863103574e-10
3.25676610288e-10	2.14505258e-09
3.26831235984e-10	4.63659866057e-09
3.2798586168e-10	6.5623084744e-09
3.29140487375e-10	7.51152473555e-09
3.30295113071e-10	7.27599980266e-09
3.31449738767e-10	5.90147575252e-09
3.32604364462e-10	3.67755159658e-09
3.33758990158e-10	1.06678688105e-09
3.34913615854e-10	-1.40924139025e-09
3.36068241549e-10	-3.29643623509e-09
3.37222867245e-10	-4.3140548911e-09
3.38377492941e-10	-4.41336744927e-09
3.39532118636e-10	-3.77469522306e-09
3.40686744332e-10	-2.74384315269e-09
3.41841370028e-10	-1.72555436606e-09
3.42995995723e-10	-1.06361230934e-09
3.44150621419e-10	-9.41216549144e-10
3.45305247115e-10	-1.3309546798e-09
3.46459872811e-10	-2.01037608782e-09
3.47614498506e-10	-2.63844479598e-09
3.48769124202e-10	-2.86826251639e-09
3.49923749898e-10	-2.46018405647e-09
3.51078375593e-10	-1.35890643183e-09
3.52233001289e-10	2.9000268853e-10
3.53387626985e-10	2.18630558102e-09
3.5454225268e-10	3.96397581426e-09
3.55696878376e-10	5.2901443226e-09
3.56851504072e-10	5.94149973665e-09
3.58006129767e-10	5.83776937901e-09
3.59160755463e-10	5.03191088796e-09
3.60315381159e-10	3.67275720947e-09
3.61470006854e-10	1.96116123341e-09
3.6262463255e-10	1.16285578389e-10
3.63779258246e-10	-1.64291313887e-09
3.64933883941e-10	-3.10852454888e-09
3.66088509637e-10	-4.0988701322e-09
3.67243135333e-10	-4.48492665228e-09
3.68397761028e-10	-4.22445411985e-09
3.69552386724e-10	-3.39013395134e-09
3.7070701242e-10	-2.17389839463e-09
3.71861638116e-10	-8.55556459012e-10
3.73016263811e-10	2.61574317761e-10
3.74170889507e-10	9.30701016255e-10
3.75325515203e-10	1.03113839689e-09
3.76480140898e-10	6.01481975337e-10
3.77634766594e-10	-1.77575606997e-10
3.7878939229e-10	-1.04480657459e-09
3.79944017985e-10	-1.74165226685e-09
3.81098643681e-10	-2.08796979706e-09
3.82253269377e-10	-2.02509209402e-09
3.83407895072e-10	-1.61419777545e-09
3.84562520768e-10	-9.96883908755e-10
3.85717146464e-10	-3.37718852883e-10
3.86871772159e-10	2.29800442564e-10
3.88026397855e-10	6.3748234469e-10
3.89181023551e-10	8.89926188297e-10
3.90335649246e-10	1.0489443758e-09
3.91490274942e-10	1.20442644747e-09
3.92644900638e-10	1.44197942475e-09
3.93799526333e-10	1.81543924338e-09
3.94954152029e-10	2.3287278772e-09
3.96108777725e-10	2.92911606081e-09
3.97263403421e-10	3.51317841485e-09
3.98418029116e-10	3.94510157875e-09
3.99572654812e-10	4.08480316239e-09
4.00727280508e-10	3.82184062175e-09
4.01881906203e-10	3.10848147222e-09
4.03036531899e-10	1.9821002617e-09
4.04191157595e-10	5.68158298186e-10
4.0534578329e-10	-9.39342048589e-10
4.06500408986e-10	-2.31556573915e-09
4.07655034682e-10	-3.35110539318e-09
4.08809660377e-10	-3.89467169626e-09
4.09964286073e-10	-3.88098042592e-09
4.11118911769e-10	-3.33863114932e-09
4.12273537464e-10	-2.38049735479e-09
4.1342816316e-10	-1.18252341252e-09
4.14582788856e-10	4.32957975027e-11
4.15737414551e-10	1.07814557282e-09
4.16892040247e-10	1.72767855577e-09
4.18046665943e-10	1.85590132151e-09
4.19201291638e-10	1.41775047258e-09
4.20355917334e-10	4.81199635693e-10
4.2151054303e-10	-7.71265940003e-10
4.22665168726e-10	-2.06993533425e-09
4.23819794421e-10	-3.11478953741e-09
4.24974420117e-10	-3.65041108452e-09
4.26129045813e-10	-3.53675022602e-09
4.27283671508e-10	-2.79112910562e-09
4.28438297204e-10	-1.58430935038e-09
4.295929229e-10	-1.8861706641e-10
4.30747548595e-10	1.10567344169e-09
4.31902174291e-10	2.07530859164e-09
4.33056799987e-10	2.61881516472e-09
4.34211425682e-10	2.76307643432e-09
4.35366051378e-10	2.62366772752e-09
4.36520677074e-10	2.33898767021e-09
4.37675302769e-10	2.00820249319e-09
4.38829928465e-10	1.65927738216e-09
4.39984554161e-10	1.25716459465e-09
4.41139179856e-10	7.43559547267e-10
4.42293805552e-10	8.67676416827e-11
4.43448431248e-10	-6.82703171773e-10
4.44603056943e-10	-1.46701351067e-09
4.45757682639e-10	-2.12825979062e-09
4.46912308335e-10	-2.53621368351e-09
4.48066934031e-10	-2.61610000329e-09
4.49221559726e-10	-2.37662733937e-09
4.50376185422e-10	-1.90755544693e-09
4.51530811118e-10	-1.3483548722e-09
4.52685436813e-10	-8.40981784211e-10
4.53840062509e-10	-4.85910811587e-10
4.54994688205e-10	-3.18134407706e-10
4.561493139e-10	-3.09996722736e-10
4.57303939596e-10	-3.96614657783e-10
4.58458565292e-10	-5.10784914365e-10
4.59613190987e-10	-6.11133754713e-10
4.60767816683e-10	-6.92017221304e-10
4.61922442379e-10	-7.73708930257e-10
4.63077068074e-10	-8.80276185278e-10
4.6423169377e-10	-1.01650332596e-09
4.65386319466e-10	-1.15475606854e-09
4.66540945161e-10	-1.23841747968e-09
4.67695570857e-10	-1.20066256937e-09
4.68850196553e-10	-9.90410975454e-10
4.70004822248e-10	-5.95145821514e-10
4.71159447944e-10	-5.14258254036e-11
4.7231407364e-10	5.6189675135e-10
4.73468699336e-10	1.14576326204e-09
4.74623325031e-10	1.61026858514e-09
4.75777950727e-10	1.90068738526e-09
4.76932576423e-10	2.01023775404e-09
4.78087202118e-10	1.97470062524e-09
4.79241827814e-10	1.85159310107e-09
4.8039645351e-10	1.69278624451e-09
4.81551079205e-10	1.52204537862e-09
4.82705704901e-10	1.32721889035e-09
4.83860330597e-10	1.07060849075e-09
4.85014956292e-10	7.13194892032e-10
4.86169581988e-10	2.42763475988e-10
4.87324207684e-10	-3.05861475036e-10
4.88478833379e-10	-8.48154935174e-10
4.89633459075e-10	-1.2681667938e-09
4.90788084771e-10	-1.45294543064e-09
4.91942710466e-10	-1.33188793328e-09
4.93097336162e-10	-9.07014463536e-10
4.94251961858e-10	-2.62599858525e-10
4.95406587553e-10	4.50827625231e-10
4.96561213249e-10	1.05445108201e-09
4.97715838945e-10	1.38979194819e-09
4.98870464641e-10	1.36311306687e-09
5.00025090336e-10	9.71756675128e-10
5.01179716032e-10	3.04292091524e-10
5.02334341728e-10	-4.84813911239e-10
5.03488967423e-10	-1.21730026059e-09
5.04643593119e-10	-1.7365943128e-09
5.05798218815e-10	-1.94351623684e-09
5.0695284451e-10	-1.81303649871e-09
5.08107470206e-10	-1.38965239316e-09
5.09262095902e-10	-7.6619122158e-10
5.10416721597e-10	-5.52964271594e-11
5.11571347293e-10	6.36564856382e-10
5.12725972989e-10	1.22538468261e-09
5.13880598684e-10	1.65430347199e-09
5.1503522438e-10	1.89000060047e-09
5.16189850076e-10	1.91694371487e-09
5.17344475771e-10	1.73500325218e-09
5.18499101467e-10	1.36283051511e-09
5.19653727163e-10	8.44899206154e-10
5.20808352858e-10	2.55938770177e-10
5.21962978554e-10	-3.03251257439e-10
5.2311760425e-10	-7.2151878916e-10
5.24272229946e-10	-9.0319574042e-10
5.25426855641e-10	-7.96771759681e-10
5.26581481337e-10	-4.15998263614e-10
5.27736107033e-10	1.55591761697e-10
5.28890732728e-10	7.80941533662e-10
5.30045358424e-10	1.30359500972e-09
5.3119998412e-10	1.58997770505e-09
5.32354609815e-10	1.56638579885e-09
5.33509235511e-10	1.23896004567e-09
5.34663861207e-10	6.9010125392e-10
5.35818486902e-10	5.24060309037e-11
5.36973112598e-10	-5.30538168952e-10
5.38127738294e-10	-9.43443212442e-10
5.39282363989e-10	-1.12634346294e-09
5.40436989685e-10	-1.08214803785e-09
5.41591615381e-10	-8.65205740386e-10
5.42746241076e-10	-5.57033363879e-10
5.43900866772e-10	-2.39203740149e-10
5.45055492468e-10	2.70540187475e-11
5.46210118163e-10	2.09613840174e-10
5.47364743859e-10	3.02645408734e-10
5.48519369555e-10	3.16494497277e-10
5.49673995251e-10	2.66233507462e-10
5.50828620946e-10	1.6425996674e-10
5.51983246642e-10	1.96340096958e-11
5.53137872338e-10	-1.5738904624e-10
5.54292498033e-10	-3.49181461523e-10
5.55447123729e-10	-5.27551058394e-10
5.56601749425e-10	-6.56914411756e-10
5.5775637512e-10	-7.03443914229e-10
5.58911000816e-10	-6.47323750158e-10
5.60065626512e-10	-4.92812679553e-10
5.61220252207e-10	-2.70925254453e-10
5.62374877903e-10	-3.25385100808e-11
5.63529503599e-10	1.66843455718e-10
5.64684129294e-10	2.85113960219e-10
5.6583875499e-10	3.07822434209e-10
5.66993380686e-10	2.533570298e-10
5.68148006381e-10	1.66444164007e-10
5.69302632077e-10	1.02348310382e-10
5.70457257773e-10	1.07446780639e-10
5.71611883468e-10	2.02769148694e-10
5.72766509164e-10	3.76082998077e-10
5.7392113486e-10	5.84918335989e-10
5.75075760556e-10	7.69469876705e-10
5.76230386251e-10	8.70846339485e-10
5.77385011947e-10	8.49169956574e-10
5.78539637643e-10	6.96029900382e-10
5.79694263338e-10	4.37359259919e-10
5.80848889034e-10	1.26778171294e-10
5.8200351473e-10	-1.68404096224e-10
5.83158140425e-10	-3.84614895488e-10
5.84312766121e-10	-4.77476391758e-10
5.85467391817e-10	-4.31643221166e-10
5.86622017512e-10	-2.62833421694e-10
5.87776643208e-10	-1.20581808427e-11
5.88931268904e-10	2.65740762728e-10
5.90085894599e-10	5.15145259783e-10
5.91240520295e-10	6.92025325932e-10
5.92395145991e-10	7.71126495991e-10
5.93549771686e-10	7.4758260693e-10
5.94704397382e-10	6.32949248569e-10
5.95859023078e-10	4.48754172711e-10
5.97013648773e-10	2.20078497093e-10
5.98168274469e-10	-2.78521147118e-11
5.99322900165e-10	-2.69385957985e-10
6.00477525861e-10	-4.76777894942e-10
6.01632151556e-10	-6.19553741643e-10
6.02786777252e-10	-6.67535193788e-10
6.03941402948e-10	-5.98003924157e-10
6.05096028643e-10	-4.04747069194e-10
6.06250654339e-10	-1.05206170165e-10
6.07405280035e-10	2.58526061669e-10
6.0855990573e-10	6.25990259628e-10
6.09714531426e-10	9.31132670967e-10
6.10869157122e-10	1.11843512229e-09
6.12023782817e-10	1.15677589729e-09
6.13178408513e-10	1.04704289683e-09
6.14333034209e-10	8.20809031854e-10
6.15487659904e-10	5.30082644445e-10
6.166422856e-10	2.31883803825e-10
6.17796911296e-10	-2.75154690699e-11
6.18951536991e-10	-2.23082108342e-10
6.20106162687e-10	-3.53034851353e-10
6.21260788383e-10	-4.32441971121e-10
6.22415414078e-10	-4.81445272538e-10
6.23570039774e-10	-5.14014109054e-10
6.2472466547e-10	-5.31487631683e-10
6.25879291166e-10	-5.23049381584e-10
6.27033916861e-10	-4.72491545889e-10
6.28188542557e-10	-3.67351593589e-10
6.29343168253e-10	-2.0671891976e-10
6.30497793948e-10	-4.75341857889e-12
6.31652419644e-10	2.11106063186e-10
6.3280704534e-10	4.06009309506e-10
6.33961671035e-10	5.45898881654e-10
6.35116296731e-10	6.05365924056e-10
6.36270922427e-10	5.73223746247e-10
6.37425548122e-10	4.54405207906e-10
6.38580173818e-10	2.67886379746e-10
6.39734799514e-10	4.19943628482e-11
6.40889425209e-10	-1.91585233789e-10
6.42044050905e-10	-4.03071187538e-10
6.43198676601e-10	-5.67811575536e-10
6.44353302296e-10	-6.67665922549e-10
6.45507927992e-10	-6.91040613621e-10
6.46662553688e-10	-6.32993490957e-10
6.47817179383e-10	-4.95973428993e-10
6.48971805079e-10	-2.91239476979e-10
6.50126430775e-10	-4.03756021672e-11
6.51281056471e-10	2.24994800568e-10
6.52435682166e-10	4.65961047524e-10
6.53590307862e-10	6.41897979214e-10
6.54744933558e-10	7.18638981656e-10
6.55899559253e-10	6.7712557783e-10
6.57054184949e-10	5.20153198291e-10
6.58208810645e-10	2.74507583331e-10
6.5936343634e-10	-1.29294431064e-11
6.60518062036e-10	-2.84775314441e-10
6.61672687732e-10	-4.86563234148e-10
6.62827313427e-10	-5.79682191137e-10
6.63981939123e-10	-5.50132717159e-10
6.65136564819e-10	-4.10535688777e-10
6.66291190514e-10	-1.94714258606e-10
6.6744581621e-10	5.23817100806e-11
6.68600441906e-10	2.86024454121e-10
6.69755067601e-10	4.7080778165e-10
6.70909693297e-10	5.85051562751e-10
6.72064318993e-10	6.20811180241e-10
6.73218944688e-10	5.80920922477e-10
6.74373570384e-10	4.75450179227e-10
6.7552819608e-10	3.19180348818e-10
6.76682821776e-10	1.3037111668e-10
6.77837447471e-10	-6.96888657892e-11
6.78992073167e-10	-2.57924626101e-10
6.80146698863e-10	-4.12043538178e-10
6.81301324558e-10	-5.14032372223e-10
6.82455950254e-10	-5.53768197964e-10
6.8361057595e-10	-5.31162169803e-10
6.84765201645e-10	-4.56004844995e-10
6.85919827341e-10	-3.45413364577e-10
6.87074453037e-10	-2.19671641988e-10
6.88229078732e-10	-9.79031439252e-11
6.89383704428e-10	5.23972011612e-12
6.90538330124e-10	8.09469505314e-11
6.91692955819e-10	1.25770602266e-10
6.92847581515e-10	1.39905725893e-10
6.94002207211e-10	1.25264673634e-10
6.95156832906e-10	8.45853734277e-11
6.96311458602e-10	2.16224867872e-11
6.97466084298e-10	-5.7746512433e-11
6.98620709993e-10	-1.44392137136e-10
6.99775335689e-10	-2.26077004339e-10
7.00929961385e-10	-2.89052198843e-10
7.02084587081e-10	-3.20916709873e-10
7.03239212776e-10	-3.13615078351e-10
7.04393838472e-10	-2.65528238286e-10
7.05548464168e-10	-1.82115544867e-10
7.06703089863e-10	-7.46983377931e-11
7.07857715559e-10	4.17280376919e-11
7.09012341255e-10	1.5105161566e-10
7.1016696695e-10	2.38540742714e-10
7.11321592646e-10	2.92684737557e-10
7.12476218342e-10	3.06392522464e-10
7.13630844037e-10	2.7757379728e-10
7.14785469733e-10	2.09409697915e-10
7.15940095429e-10	1.10337003423e-10
7.17094721124e-10	-6.53567694756e-12
7.1824934682e-10	-1.24279780911e-10
7.19403972516e-10	-2.24091536993e-10
7.20558598211e-10	-2.88608387189e-10
7.21713223907e-10	-3.05926284305e-10
7.22867849603e-10	-2.73498168557e-10
7.24022475298e-10	-2.001031979e-10
7.25177100994e-10	-1.04629145625e-10
7.2633172669e-10	-1.15663555122e-11
7.27486352386e-10	5.57093954301e-11
7.28640978081e-10	8.14377246194e-11
7.29795603777e-10	6.14862605275e-11
7.30950229473e-10	3.42948694616e-12
7.32104855168e-10	-7.69380462118e-11
7.33259480864e-10	-1.60942911775e-10
7.3441410656e-10	-2.32239380504e-10
7.35568732255e-10	-2.79790690616e-10
7.36723357951e-10	-2.98234076324e-10
7.37877983647e-10	-2.86353607493e-10
7.39032609342e-10	-2.4491389472e-10
7.40187235038e-10	-1.75549338954e-10
7.41341860734e-10	-8.13209846684e-11
7.42496486429e-10	3.13935162588e-11
7.43651112125e-10	1.50988416214e-10
7.44805737821e-10	2.60482441172e-10
7.45960363516e-10	3.40092232154e-10
7.47114989212e-10	3.72364694634e-10
7.48269614908e-10	3.48076151235e-10
7.49424240603e-10	2.70530958746e-10
7.50578866299e-10	1.56260435147e-10
7.51733491995e-10	3.10597103592e-11
7.52888117691e-10	-7.72662905879e-11
7.54042743386e-10	-1.46984577287e-10
7.55197369082e-10	-1.68450503546e-10
7.56351994778e-10	-1.45889716974e-10
7.57506620473e-10	-9.47420891739e-11
7.58661246169e-10	-3.57190423073e-11
7.59815871865e-10	1.1995091552e-11
7.6097049756e-10	3.59220188317e-11
7.62125123256e-10	3.24833528131e-11
7.63279748952e-10	5.80600628339e-12
7.64434374647e-10	-3.55404247698e-11
7.65589000343e-10	-8.22523299471e-11
7.66743626039e-10	-1.26956084534e-10
7.67898251734e-10	-1.64842986483e-10
7.6905287743e-10	-1.92850957426e-10
7.70207503126e-10	-2.08318542971e-10
7.71362128821e-10	-2.08210906849e-10
7.72516754517e-10	-1.8969030513e-10
7.73671380213e-10	-1.51670703774e-10
7.74826005908e-10	-9.68004773561e-11
7.75980631604e-10	-3.25928832534e-11
7.771352573e-10	2.92033480731e-11
7.78289882995e-10	7.48986636601e-11
7.79444508691e-10	9.23536733199e-11
7.80599134387e-10	7.46635253623e-11
7.81753760083e-10	2.28824129783e-11
7.82908385778e-10	-5.33310964834e-11
7.84063011474e-10	-1.37647962473e-10
7.8521763717e-10	-2.1099148817e-10
7.86372262865e-10	-2.56552251665e-10
7.87526888561e-10	-2.64253258164e-10
7.88681514257e-10	-2.33068592204e-10
7.89836139952e-10	-1.70566810676e-10
7.90990765648e-10	-8.98363605728e-11
7.92145391344e-10	-5.25407191712e-12
7.93300017039e-10	7.12540929038e-11
7.94454642735e-10	1.32254221463e-10
7.95609268431e-10	1.74640843453e-10
7.96763894126e-10	1.97982991113e-10
7.97918519822e-10	2.02521582837e-10
7.99073145518e-10	1.88015478186e-10
8.00227771213e-10	1.53968227057e-10
8.01382396909e-10	1.00921160318e-10
8.02537022605e-10	3.20991289104e-11
8.036916483e-10	-4.57318870273e-11
8.04846273996e-10	-1.22812177095e-10
8.06000899692e-10	-1.88344409513e-10
8.07155525388e-10	-2.33323832477e-10
8.08310151083e-10	-2.5299343176e-10
8.09464776779e-10	-2.47968201528e-10
8.10619402475e-10	-2.23455615123e-10
8.1177402817e-10	-1.86923365675e-10
8.12928653866e-10	-1.45390519068e-10
8.14083279562e-10	-1.03436356702e-10
8.15237905257e-10	-6.28424534632e-11
8.16392530953e-10	-2.38087796006e-11
8.17547156649e-10	1.31279691978e-11
8.18701782344e-10	4.56061299836e-11
8.1985640804e-10	6.93422819165e-11
8.21011033736e-10	7.93553417422e-11
8.22165659431e-10	7.19092563273e-11
8.23320285127e-10	4.63089219749e-11
8.24474910823e-10	5.61429505316e-12
8.25629536518e-10	-4.39056117851e-11
8.26784162214e-10	-9.41879560457e-11
8.2793878791e-10	-1.37096320407e-10
8.29093413605e-10	-1.65880351122e-10
8.30248039301e-10	-1.76100273253e-10
8.31402664997e-10	-1.65885610803e-10
8.32557290693e-10	-1.35889646757e-10
8.33711916388e-10	-8.9199203579e-11
8.34866542084e-10	-3.11676968956e-11
8.3602116778e-10	3.08092301671e-11
8.37175793475e-10	8.79035108592e-11
8.38330419171e-10	1.30979130319e-10
8.39485044867e-10	1.52290791089e-10
8.40639670562e-10	1.47418272034e-10
8.41794296258e-10	1.1666378974e-10
8.42948921954e-10	6.52774362342e-11
8.44103547649e-10	2.26395876872e-12
8.45258173345e-10	-6.19625253884e-11
8.46412799041e-10	-1.18264786853e-10
8.47567424736e-10	-1.60769092483e-10
8.48722050432e-10	-1.87353660364e-10
8.49876676128e-10	-1.98773567051e-10
8.51031301823e-10	-1.9701114351e-10
8.52185927519e-10	-1.83799128695e-10
8.53340553215e-10	-1.60157928586e-10
8.5449517891e-10	-1.26909718845e-10
8.55649804606e-10	-8.5757553836e-11
8.56804430302e-10	-4.01803347538e-11
8.57959055998e-10	4.61732561907e-12
8.59113681693e-10	4.26829856182e-11
8.60268307389e-10	6.88883047828e-11
8.61422933085e-10	8.03466182475e-11
8.6257755878e-10	7.70525726557e-11
8.63732184476e-10	6.15379899815e-11
8.64886810172e-10	3.76470903063e-11
8.66041435867e-10	9.07467503919e-12
8.67196061563e-10	-2.17741519259e-11
8.68350687259e-10	-5.40885114475e-11
8.69505312954e-10	-8.78521352887e-11
8.7065993865e-10	-1.22352489251e-10
8.71814564346e-10	-1.54632542881e-10
8.72969190041e-10	-1.78810147244e-10
8.74123815737e-10	-1.86960988358e-10
8.75278441433e-10	-1.71513261926e-10
8.76433067128e-10	-1.2854677045e-10
8.77587692824e-10	-6.05819006072e-11
8.7874231852e-10	2.25059918618e-11
8.79896944215e-10	1.05136337136e-10
8.81051569911e-10	1.69929806337e-10
8.82206195607e-10	2.02579175657e-10
8.83360821303e-10	1.95944524495e-10
8.84515446998e-10	1.51876108911e-10
8.85670072694e-10	8.02732880167e-11
8.8682469839e-10	-4.09488285294e-12
8.87979324085e-10	-8.5813474382e-11
8.89133949781e-10	-1.52555260091e-10
8.90288575477e-10	-1.97261582069e-10
8.91443201172e-10	-2.1832750885e-10
8.92597826868e-10	-2.18103979321e-10
8.93752452564e-10	-2.00713959342e-10
8.94907078259e-10	-1.70162370305e-10
8.96061703955e-10	-1.29541100069e-10
8.97216329651e-10	-8.15780082375e-11
8.98370955346e-10	-2.99187688513e-11
8.99525581042e-10	1.98251484673e-11
9.00680206738e-10	6.02485145107e-11
9.01834832433e-10	8.379686528e-11
9.02989458129e-10	8.54252571458e-11
9.04144083825e-10	6.51140252828e-11
9.0529870952e-10	2.87718113223e-11
9.06453335216e-10	-1.30400421364e-11
9.07607960912e-10	-4.83005024865e-11
9.08762586608e-10	-6.75755285062e-11
9.09917212303e-10	-6.72097724697e-11
9.11071837999e-10	-5.04697984793e-11
9.12226463695e-10	-2.61255218847e-11
9.1338108939e-10	-5.0347065926e-12
9.14535715086e-10	3.94507907245e-12
9.15690340782e-10	-2.79174990417e-12
9.16844966477e-10	-2.24786526198e-11
9.17999592173e-10	-4.72365063731e-11
9.19154217869e-10	-6.72320324413e-11
9.20308843564e-10	-7.44855566115e-11
9.2146346926e-10	-6.56815227207e-11
9.22618094956e-10	-4.30649647887e-11
9.23772720651e-10	-1.31418374447e-11
9.24927346347e-10	1.61198086129e-11
9.26081972043e-10	3.81995789167e-11
9.27236597738e-10	4.99594150771e-11
9.28391223434e-10	5.18909255842e-11
9.2954584913e-10	4.68816270527e-11
9.30700474825e-10	3.82959532141e-11
9.31855100521e-10	2.83227052922e-11
9.33009726217e-10	1.73513634016e-11
9.34164351913e-10	4.42589584773e-12
9.35318977608e-10	-1.14766607676e-11
9.36473603304e-10	-3.01123674606e-11
9.37628229e-10	-4.92758819859e-11
9.38782854695e-10	-6.50598741547e-11
9.39937480391e-10	-7.31343596794e-11
9.41092106087e-10	-7.04868316492e-11
9.42246731782e-10	-5.69116004323e-11
9.43401357478e-10	-3.55703487498e-11
9.44555983174e-10	-1.22380187581e-11
9.45710608869e-10	6.49572106173e-12
9.46865234565e-10	1.54919497369e-11
9.48019860261e-10	1.29113351954e-11
9.49174485956e-10	8.54390072146e-13
9.50329111652e-10	-1.5354174529e-11
9.51483737348e-10	-2.90600963432e-11
9.52638363043e-10	-3.4611376265e-11
9.53792988739e-10	-2.93184539146e-11
9.54947614435e-10	-1.44441715533e-11
9.5610224013e-10	5.18019091164e-12
9.57256865826e-10	2.26914164542e-11
9.58411491522e-10	3.14393025502e-11
9.59566117218e-10	2.72360901193e-11
9.60720742913e-10	9.80241755821e-12
9.61875368609e-10	-1.69660327454e-11
9.63029994305e-10	-4.61641211369e-11
9.6418462e-10	-7.00227376083e-11
9.65339245696e-10	-8.22754711582e-11
9.66493871392e-10	-8.00420701941e-11
9.67648497087e-10	-6.45186404302e-11
9.68803122783e-10	-4.0311816385e-11
9.69957748479e-10	-1.372018818e-11
9.71112374174e-10	9.37256088712e-12
9.7226699987e-10	2.5182276403e-11
9.73421625566e-10	3.27941424016e-11
9.74576251261e-10	3.36987659999e-11
9.75730876957e-10	3.04776238969e-11
9.76885502653e-10	2.53211028534e-11
9.78040128348e-10	1.89776007409e-11
9.79194754044e-10	1.07223821835e-11
9.8034937974e-10	-6.7252431922e-13
9.81504005435e-10	-1.54832275473e-11
9.82658631131e-10	-3.1883461149e-11
9.83813256827e-10	-4.58425658545e-11
9.84967882523e-10	-5.23147948572e-11
9.86122508218e-10	-4.74073801049e-11
9.87277133914e-10	-3.05498300268e-11
9.8843175961e-10	-5.60424493271e-12
9.89586385305e-10	1.97008832858e-11
9.90741011001e-10	3.61371557678e-11
9.91895636697e-10	3.62956678601e-11
9.93050262392e-10	1.75571588518e-11
9.94204888088e-10	-1.64383194556e-11
9.95359513784e-10	-5.66439777028e-11
9.96514139479e-10	-9.14410144826e-11
9.97668765175e-10	-1.10505923856e-10
9.98823390871e-10	-1.0822736457e-10
9.99978016566e-10	-8.54143283879e-11
1.00113264226e-09	-4.87229770418e-11
1.00228726796e-09	-8.05559959016e-12
1.00344189365e-09	2.68778437007e-11
1.00459651935e-09	4.95045011928e-11
1.00575114504e-09	5.78678216456e-11
1.00690577074e-09	5.40951415606e-11
1.00806039644e-09	4.2458602606e-11
1.00921502213e-09	2.70082498033e-11
1.01036964783e-09	9.88866107055e-12
1.01152427352e-09	-8.89477467375e-12
1.01267889922e-09	-3.03550830305e-11
1.01383352491e-09	-5.46412984304e-11
1.01498815061e-09	-7.95121746222e-11
1.01614277631e-09	-1.00063540787e-10
1.017297402e-09	-1.099743005e-10
1.0184520277e-09	-1.03900499315e-10
1.01960665339e-09	-7.99242685923e-11
1.02076127909e-09	-4.10071664125e-11
1.02191590478e-09	5.26565336473e-12
1.02307053048e-09	4.8726331997e-11
1.02422515618e-09	7.96358048949e-11
1.02537978187e-09	9.16031001053e-11
1.02653440757e-09	8.33218286034e-11
1.02768903326e-09	5.85659021279e-11
1.02884365896e-09	2.46000459586e-11
1.02999828465e-09	-1.03947848593e-11
1.03115291035e-09	-3.97943622499e-11
1.03230753605e-09	-6.01147187584e-11
1.03346216174e-09	-7.12709682937e-11
1.03461678744e-09	-7.55334267355e-11
1.03577141313e-09	-7.58457324723e-11
1.03692603883e-09	-7.42011174726e-11
1.03808066452e-09	-7.07813321843e-11
1.03923529022e-09	-6.41982647598e-11
1.04038991592e-09	-5.25774770943e-11
1.04154454161e-09	-3.50400715388e-11
1.04269916731e-09	-1.28104454128e-11
1.043853793e-09	1.05738473533e-11
1.0450084187e-09	3.00774682938e-11
1.04616304439e-09	4.07884802323e-11
1.04731767009e-09	3.96612812037e-11
1.04847229579e-09	2.67330012294e-11
1.04962692148e-09	5.2935776422e-12
1.05078154718e-09	-1.91097172808e-11
1.05193617287e-09	-4.04281885746e-11
1.05309079857e-09	-5.40667753623e-11
1.05424542426e-09	-5.82398157478e-11
1.05540004996e-09	-5.42804690085e-11
1.05655467565e-09	-4.58455322316e-11
1.05770930135e-09	-3.72785240177e-11
1.05886392705e-09	-3.19133053317e-11
1.06001855274e-09	-3.09032105461e-11
1.06117317844e-09	-3.29671671906e-11
1.06232780413e-09	-3.51724378789e-11
1.06348242983e-09	-3.42962845623e-11
1.06463705552e-09	-2.82590461448e-11
1.06579168122e-09	-1.70185410903e-11
1.06694630692e-09	-2.63087034796e-12
1.06810093261e-09	1.15157640368e-11
1.06925555831e-09	2.1968229319e-11
1.070410184e-09	2.63943051443e-11
1.0715648097e-09	2.42556062041e-11
1.07271943539e-09	1.67525784911e-11
1.07387406109e-09	6.03547377007e-12
1.07502868679e-09	-5.78047635799e-12
1.07618331248e-09	-1.74646651308e-11
1.07733793818e-09	-2.8930659951e-11
1.07849256387e-09	-4.08280145803e-11
1.07964718957e-09	-5.37447378268e-11
1.08080181526e-09	-6.73463229628e-11
1.08195644096e-09	-7.99325050593e-11
1.08311106666e-09	-8.86137413447e-11
1.08426569235e-09	-9.00672730841e-11
1.08542031805e-09	-8.16895787126e-11
1.08657494374e-09	-6.26825813477e-11
1.08772956944e-09	-3.47365851361e-11
1.08888419513e-09	-2.00782619697e-12
1.09003882083e-09	2.97027367979e-11
1.09119344653e-09	5.42945480242e-11
1.09234807222e-09	6.69501537542e-11
1.09350269792e-09	6.5366850821e-11
1.09465732361e-09	5.02775460154e-11
1.09581194931e-09	2.5154793179e-11
1.096966575e-09	-4.88586168051e-12
1.0981212007e-09	-3.44842106259e-11
1.0992758264e-09	-5.93182586384e-11
1.10043045209e-09	-7.68838603893e-11
1.10158507779e-09	-8.65882504586e-11
1.10273970348e-09	-8.92856691359e-11
1.10389432918e-09	-8.6479788608e-11
1.10504895487e-09	-7.95769700135e-11
1.10620358057e-09	-6.94399746037e-11
1.10735820626e-09	-5.63596877501e-11
1.10851283196e-09	-4.04686457955e-11
1.10966745766e-09	-2.22664595095e-11
1.11082208335e-09	-3.0525324022e-12
1.11197670905e-09	1.49975917102e-11
1.11313133474e-09	2.92593449469e-11
1.11428596044e-09	3.7379127571e-11
1.11544058613e-09	3.80745886208e-11
1.11659521183e-09	3.16036433134e-11
1.11774983753e-09	1.96570537625e-11
1.11890446322e-09	4.7496030546e-12
1.12005908892e-09	-1.0697223489e-11
1.12121371461e-09	-2.51425495007e-11
1.12236834031e-09	-3.82224980833e-11
1.123522966e-09	-5.04723797479e-11
1.1246775917e-09	-6.25470231164e-11
1.1258322174e-09	-7.44095687844e-11
1.12698684309e-09	-8.47894948697e-11
1.12814146879e-09	-9.12539696585e-11
1.12929609448e-09	-9.09008354699e-11
1.13045072018e-09	-8.13964243229e-11
1.13160534587e-09	-6.20663728745e-11
1.13275997157e-09	-3.45348680209e-11
1.13391459727e-09	-2.68893457847e-12
1.13506922296e-09	2.80281284293e-11
1.13622384866e-09	5.19207177252e-11
1.13737847435e-09	6.44398839844e-11
1.13853310005e-09	6.33210844869e-11
1.13968772574e-09	4.91085505594e-11
1.14084235144e-09	2.48769997657e-11
1.14199697714e-09	-4.66997794601e-12
1.14315160283e-09	-3.44319017742e-11
1.14430622853e-09	-6.00436089737e-11
1.14546085422e-09	-7.85881984489e-11
1.14661547992e-09	-8.88046719494e-11
1.14777010561e-09	-9.07948993767e-11
1.14892473131e-09	-8.55409909573e-11
1.15007935701e-09	-7.44257641627e-11
1.1512339827e-09	-5.89401721873e-11
1.1523886084e-09	-4.06440055223e-11
1.15354323409e-09	-2.12068314298e-11
1.15469785979e-09	-2.48424458088e-12
1.15585248548e-09	1.35174328328e-11
1.15700711118e-09	2.48873369829e-11
1.15816173687e-09	3.01394915969e-11
1.15931636257e-09	2.86194123955e-11
1.16047098827e-09	2.07389088541e-11
1.16162561396e-09	7.96161400696e-12
1.16278023966e-09	-7.52563636408e-12
1.16393486535e-09	-2.33775221403e-11
1.16508949105e-09	-3.76722091022e-11
1.16624411674e-09	-4.93154822534e-11
1.16739874244e-09	-5.80856335253e-11
1.16855336814e-09	-6.4309627068e-11
1.16970799383e-09	-6.83794479373e-11
1.17086261953e-09	-7.02734190283e-11
1.17201724522e-09	-6.93810842112e-11
1.17317187092e-09	-6.46814130034e-11
1.17432649661e-09	-5.51999973508e-11
1.17548112231e-09	-4.06198095992e-11
1.17663574801e-09	-2.17169424804e-11
1.1777903737e-09	-5.34902634339e-13
1.1789449994e-09	1.98193718381e-11
1.18009962509e-09	3.57483036229e-11
1.18125425079e-09	4.39044842149e-11
1.18240887648e-09	4.20032376935e-11
1.18356350218e-09	2.9431703602e-11
1.18471812788e-09	7.52038101931e-12
1.18587275357e-09	-2.05790384733e-11
1.18702737927e-09	-5.04630955078e-11
1.18818200496e-09	-7.72796618365e-11
1.18933663066e-09	-9.66548854842e-11
1.19049125635e-09	-1.05505104653e-10
1.19164588205e-09	-1.02545853753e-10
1.19280050775e-09	-8.8469967463e-11
1.19395513344e-09	-6.57159465733e-11
1.19510975914e-09	-3.79476623735e-11
1.19626438483e-09	-9.36680767671e-12
1.19741901053e-09	1.60401327637e-11
1.19857363622e-09	3.50751511169e-11
1.19972826192e-09	4.57236228046e-11
1.20088288762e-09	4.72569448851e-11
1.20203751331e-09	4.01243829828e-11
1.20319213901e-09	2.5732929676e-11
1.2043467647e-09	6.17027999875e-12
1.2055013904e-09	-1.60177565656e-11
1.20665601609e-09	-3.8060516544e-11
1.20781064179e-09	-5.72389115272e-11
1.20896526748e-09	-7.1209406427e-11
1.21011989318e-09	-7.84212347837e-11
1.21127451888e-09	-7.84501491546e-11
1.21242914457e-09	-7.21318144103e-11
1.21358377027e-09	-6.13826767193e-11
1.21473839596e-09	-4.86899479069e-11
1.21589302166e-09	-3.64240686224e-11
1.21704764735e-09	-2.61920294481e-11
1.21820227305e-09	-1.84794124447e-11
1.21935689875e-09	-1.27254127374e-11
1.22051152444e-09	-7.76490764048e-12
1.22166615014e-09	-2.51799969764e-12
1.22282077583e-09	3.41108543321e-12
1.22397540153e-09	9.40639666852e-12
1.22513002722e-09	1.39405943386e-11
1.22628465292e-09	1.50868085386e-11
1.22743927862e-09	1.12006732014e-11
1.22859390431e-09	1.589510858e-12
1.22974853001e-09	-1.30921428212e-11
1.2309031557e-09	-3.08683009709e-11
1.2320577814e-09	-4.88301517276e-11
1.23321240709e-09	-6.38214342485e-11
1.23436703279e-09	-7.31523522313e-11
1.23552165849e-09	-7.51619599892e-11
1.23667628418e-09	-6.94932167367e-11
1.23783090988e-09	-5.70324065752e-11
1.23898553557e-09	-3.96478336273e-11
1.24014016127e-09	-1.97912606442e-11
1.24129478696e-09	-1.01734403237e-13
1.24244941266e-09	1.68922705684e-11
1.24360403836e-09	2.90503818917e-11
1.24475866405e-09	3.48166703801e-11
1.24591328975e-09	3.34019374659e-11
1.24706791544e-09	2.4943231508e-11
1.24822254114e-09	1.0549104125e-11
1.24937716683e-09	-7.7720434255e-12
1.25053179253e-09	-2.73646418025e-11
1.25168641823e-09	-4.53351869933e-11
1.25284104392e-09	-5.90341595053e-11
1.25399566962e-09	-6.65494048757e-11
1.25515029531e-09	-6.70553959581e-11
1.25630492101e-09	-6.09838221588e-11
1.2574595467e-09	-4.99010693877e-11
1.2586141724e-09	-3.61503778301e-11
1.25976879809e-09	-2.2323788651e-11
1.26092342379e-09	-1.06601871427e-11
1.26207804949e-09	-2.60506113209e-12
1.26323267518e-09	1.40933575574e-12
1.26438730088e-09	1.88479635545e-12
1.26554192657e-09	-1.03761163344e-13
1.26669655227e-09	-3.36915152895e-12
1.26785117796e-09	-7.02015095361e-12
1.26900580366e-09	-1.06859573273e-11
1.27016042936e-09	-1.44784245357e-11
1.27131505505e-09	-1.8764281795e-11
1.27246968075e-09	-2.38184715007e-11
1.27362430644e-09	-2.9567414489e-11
1.27477893214e-09	-3.54640032618e-11
1.27593355783e-09	-4.05655960212e-11
1.27708818353e-09	-4.3799637528e-11
1.27824280923e-09	-4.42541628343e-11
1.27939743492e-09	-4.14499927437e-11
1.28055206062e-09	-3.54987150786e-11
1.28170668631e-09	-2.70823485166e-11
1.28286131201e-09	-1.7319229384e-11
1.2840159377e-09	-7.54211276766e-12
1.2851705634e-09	9.25621883828e-13
1.2863251891e-09	6.9338003221e-12
1.28747981479e-09	9.63514597968e-12
1.28863444049e-09	8.5394755503e-12
1.28978906618e-09	3.56544850068e-12
1.29094369188e-09	-4.88832628889e-12
1.29209831757e-09	-1.58971395076e-11
1.29325294327e-09	-2.7997359639e-11
1.29440756897e-09	-3.93320168102e-11
1.29556219466e-09	-4.79115427887e-11
1.29671682036e-09	-5.20380856461e-11
1.29787144605e-09	-5.07514238968e-11
1.29902607175e-09	-4.4131746868e-11
1.30018069744e-09	-3.33955467446e-11
1.30133532314e-09	-2.06523478874e-11
1.30248994884e-09	-8.41703443055e-12
1.30364457453e-09	9.78765896456e-13
1.30479920023e-09	5.94844399432e-12
1.30595382592e-09	5.96307768788e-12
1.30710845162e-09	1.59027738894e-12
1.30826307731e-09	-5.74476924364e-12
1.30941770301e-09	-1.41914509658e-11
1.3105723287e-09	-2.19591775319e-11
1.3117269544e-09	-2.77322713405e-11
1.3128815801e-09	-3.08657994996e-11
1.31403620579e-09	-3.13978842925e-11
1.31519083149e-09	-2.98669769472e-11
1.31634545718e-09	-2.70317900009e-11
1.31750008288e-09	-2.36502536305e-11
1.31865470857e-09	-2.03147897809e-11
1.31980933427e-09	-1.74251169049e-11
1.32096395997e-09	-1.52488733446e-11
1.32211858566e-09	-1.39401320348e-11
1.32327321136e-09	-1.35453861669e-11
1.32442783705e-09	-1.39530375101e-11
1.32558246275e-09	-1.48538143591e-11
1.32673708844e-09	-1.57676476042e-11
1.32789171414e-09	-1.61764664164e-11
1.32904633984e-09	-1.57226870412e-11
1.33020096553e-09	-1.43804933239e-11
1.33135559123e-09	-1.25458081424e-11
1.33251021692e-09	-1.09663779793e-11
1.33366484262e-09	-1.05059658889e-11
1.33481946831e-09	-1.18384859207e-11
1.33597409401e-09	-1.51387964664e-11
1.33712871971e-09	-1.99237865789e-11
1.3382833454e-09	-2.51118275479e-11
1.3394379711e-09	-2.92738749907e-11
1.34059259679e-09	-3.10717285235e-11
1.34174722249e-09	-2.96901184194e-11
1.34290184818e-09	-2.51249090977e-11
1.34405647388e-09	-1.82509059948e-11
1.34521109958e-09	-1.05846564152e-11
1.34636572527e-09	-3.87643519714e-12
1.34752035097e-09	3.73004903874e-13
1.34867497666e-09	1.2755079111e-12
1.34982960236e-09	-1.26840638687e-12
1.35098422805e-09	-6.62153361655e-12
1.35213885375e-09	-1.3650686484e-11
1.35329347945e-09	-2.10280560325e-11
1.35444810514e-09	-2.75168100111e-11
1.35560273084e-09	-3.21791655822e-11
1.35675735653e-09	-3.44451620005e-11
1.35791198223e-09	-3.4113833286e-11
1.35906660792e-09	-3.13090803283e-11
1.36022123362e-09	-2.64230946151e-11
1.36137585931e-09	-2.01064512262e-11
1.36253048501e-09	-1.32129585051e-11
1.36368511071e-09	-6.7532008631e-12
1.3648397364e-09	-1.75371110862e-12
1.3659943621e-09	9.5691401851e-13
1.36714898779e-09	9.43135977302e-13
1.36830361349e-09	-1.68448783568e-12
1.36945823918e-09	-6.26508393775e-12
1.37061286488e-09	-1.17478674358e-11
1.37176749058e-09	-1.69730653143e-11
1.37292211627e-09	-2.10011209811e-11
1.37407674197e-09	-2.33600205152e-11
1.37523136766e-09	-2.41448978866e-11
1.37638599336e-09	-2.39274589725e-11
1.37754061905e-09	-2.34911205071e-11
1.37869524475e-09	-2.35231053386e-11
1.37984987045e-09	-2.43042634629e-11
1.38100449614e-09	-2.55865120757e-11
1.38215912184e-09	-2.66535231386e-11
1.38331374753e-09	-2.65519186499e-11
1.38446837323e-09	-2.44704811969e-11
1.38562299892e-09	-2.00644952042e-11
1.38677762462e-09	-1.36432636022e-11
1.38793225032e-09	-6.1662437309e-12
1.38908687601e-09	9.77895390532e-13
1.39024150171e-09	6.3110124765e-12
1.3913961274e-09	8.62392622591e-12
1.3925507531e-09	7.23381250733e-12
1.39370537879e-09	2.12677206575e-12
1.39486000449e-09	-6.05328504336e-12
1.39601463019e-09	-1.6155221258e-11
1.39716925588e-09	-2.67108939134e-11
1.39832388158e-09	-3.61646684821e-11
1.39947850727e-09	-4.30998396694e-11
1.40063313297e-09	-4.64082036689e-11
1.40178775866e-09	-4.54476872802e-11
1.40294238436e-09	-4.01380734205e-11
1.40409701006e-09	-3.10059547481e-11
1.40525163575e-09	-1.91724396775e-11
1.40640626145e-09	-6.25094941087e-12
1.40756088714e-09	5.84439181078e-12
1.40871551284e-09	1.51917905339e-11
1.40987013853e-09	2.02204555183e-11
1.41102476423e-09	2.00384518007e-11
1.41217938992e-09	1.46720673805e-11
1.41333401562e-09	5.09681056041e-12
1.41448864132e-09	-6.93933062054e-12
1.41564326701e-09	-1.93089971096e-11
1.41679789271e-09	-2.99611828403e-11
1.4179525184e-09	-3.73621064642e-11
1.4191071441e-09	-4.07874671537e-11
1.42026176979e-09	-4.03571655261e-11
1.42141639549e-09	-3.68743161006e-11
1.42257102119e-09	-3.15164977449e-11
1.42372564688e-09	-2.54587063236e-11
1.42488027258e-09	-1.95875936998e-11
1.42603489827e-09	-1.4361635145e-11
1.42718952397e-09	-9.82958766466e-12
1.42834414966e-09	-5.81197373214e-12
1.42949877536e-09	-2.13512410877e-12
1.43065340106e-09	1.16983224323e-12
1.43180802675e-09	3.78722834343e-12
1.43296265245e-09	5.17211750858e-12
1.43411727814e-09	4.74381645077e-12
1.43527190384e-09	2.11195644306e-12
1.43642652953e-09	-2.75295736728e-12
1.43758115523e-09	-9.460795862e-12
