% time-domain voltage integration by openEMS v0.37.0-rc1-2-g7b051bb @Mon Aug  3 21:34:55 2026
% start-coordinates: (0.00012576,0.00529267,0.00192004) m -> [38,120,47]
% stop-coordinates: (0.000506229,0.00529267,0.00192004) m -> [44,120,47]
% t/s	voltage
0	0
1.19341269065e-12	0
2.3868253813e-12	0
3.58023807195e-12	0
4.7736507626e-12	0
5.96706345326e-12	0
7.16047614391e-12	0
8.35388883456e-12	0
9.54730152521e-12	0
1.07407142159e-11	0
1.19341269065e-11	0
1.31275395972e-11	0
1.43209522878e-11	0
1.55143649785e-11	0
1.67077776691e-11	0
1.79011903598e-11	0
1.90946030504e-11	0
2.02880157411e-11	0
2.14814284317e-11	0
2.26748411224e-11	0
2.3868253813e-11	0
2.50616665037e-11	0
2.62550791943e-11	0
2.7448491885e-11	0
2.86419045756e-11	0
2.98353172663e-11	0
3.10287299569e-11	0
3.22221426476e-11	0
3.34155553382e-11	0
3.46089680289e-11	0
3.58023807195e-11	0
3.69957934102e-11	0
3.81892061008e-11	0
3.93826187915e-11	0
4.05760314821e-11	0
4.17694441728e-11	-2.90265899295e-34
4.29628568634e-11	-5.27234450901e-32
4.41562695541e-11	-6.67990324791e-30
4.53496822447e-11	-6.1113780373e-28
4.65430949354e-11	-4.06766313164e-26
4.7736507626e-11	-1.98476621056e-24
4.89299203167e-11	-7.17909098798e-23
5.01233330073e-11	-1.95412434274e-21
5.1316745698e-11	-4.07227078051e-20
5.25101583886e-11	-6.60563373063e-19
5.37035710793e-11	-8.4498262501e-18
5.48969837699e-11	-8.59288033348e-17
5.60903964606e-11	-6.97392268674e-16
5.72838091513e-11	-4.52722704338e-15
5.84772218419e-11	-2.35847853833e-14
5.96706345326e-11	-9.9167930676e-14
6.08640472232e-11	-3.38956828913e-13
6.20574599139e-11	-9.45265472342e-13
6.32508726045e-11	-2.12714519393e-12
6.44442852952e-11	-3.64752569511e-12
6.56376979858e-11	-3.60409450765e-12
6.68311106765e-11	3.96205302995e-12
6.80245233671e-11	3.26398370137e-11
6.92179360578e-11	1.07406722405e-10
7.04113487484e-11	2.66100471519e-10
7.16047614391e-11	5.54438731037e-10
7.27981741297e-11	1.00901553779e-09
7.39915868204e-11	1.62282369487e-09
7.5184999511e-11	2.29033841892e-09
7.63784122017e-11	2.73852707178e-09
7.75718248923e-11	2.46594251962e-09
7.8765237583e-11	7.31099292217e-10
7.99586502736e-11	-3.35850613986e-09
8.11520629643e-11	-1.06192545868e-08
8.23454756549e-11	-2.14348521155e-08
8.35388883456e-11	-3.5344517535e-08
8.47323010362e-11	-5.07049850995e-08
8.59257137269e-11	-6.45891171658e-08
8.71191264175e-11	-7.30621585454e-08
8.83125391082e-11	-7.1890796427e-08
8.95059517988e-11	-5.75851943907e-08
9.06993644895e-11	-2.85236555486e-08
9.18927771801e-11	1.42180650586e-08
9.30861898708e-11	6.66754473855e-08
9.42796025614e-11	1.22617101361e-07
9.54730152521e-11	1.74883485471e-07
9.66664279427e-11	2.17053159446e-07
9.78598406334e-11	2.44811722894e-07
9.9053253324e-11	2.56397138187e-07
1.00246666015e-10	2.5180434271e-07
1.01440078705e-10	2.30993027373e-07
1.02633491396e-10	1.92068766225e-07
1.03826904087e-10	1.30741929283e-07
1.05020316777e-10	4.2146456547e-08
1.06213729468e-10	-7.50529576266e-08
1.07407142159e-10	-2.13789920878e-07
1.08600554849e-10	-3.55711318178e-07
1.0979396754e-10	-4.72741064073e-07
1.10987380231e-10	-5.33890901266e-07
1.12180792921e-10	-5.15360493836e-07
1.13374205612e-10	-4.09884162167e-07
1.14567618303e-10	-2.3102560931e-07
1.15761030993e-10	-1.03380806138e-08
1.16954443684e-10	2.11504909586e-07
1.18147856374e-10	3.95706290846e-07
1.19341269065e-10	5.14140133134e-07
1.20534681756e-10	5.5339495475e-07
1.21728094446e-10	5.14140172214e-07
1.22921507137e-10	4.08051018752e-07
1.24114919828e-10	2.54412375611e-07
1.25308332518e-10	7.74530821701e-08
1.26501745209e-10	-9.62634505441e-08
1.276951579e-10	-2.41095319709e-07
1.2888857059e-10	-3.36521168265e-07
1.30081983281e-10	-3.71114978748e-07
1.31275395972e-10	-3.44727659751e-07
1.32468808662e-10	-2.67885191363e-07
1.33662221353e-10	-1.5855806268e-07
1.34855634044e-10	-3.76288702419e-08
1.36049046734e-10	7.55169189404e-08
1.37242459425e-10	1.66066511653e-07
1.38435872116e-10	2.25443470114e-07
1.39629284806e-10	2.51200399148e-07
1.40822697497e-10	2.46084388422e-07
1.42016110187e-10	2.15997905784e-07
1.43209522878e-10	1.68139221657e-07
1.44402935569e-10	1.09253780245e-07
1.45596348259e-10	4.52616295554e-08
1.4678976095e-10	-1.86559818705e-08
1.47983173641e-10	-7.70998429545e-08
1.49176586331e-10	-1.24487153919e-07
1.50369999022e-10	-1.55534699786e-07
1.51563411713e-10	-1.66869863705e-07
1.52756824403e-10	-1.58148282026e-07
1.53950237094e-10	-1.32586294832e-07
1.55143649785e-10	-9.58901518189e-08
1.56337062475e-10	-5.46089498066e-08
1.57530475166e-10	-1.41806312248e-08
1.58723887857e-10	2.19779433541e-08
1.59917300547e-10	5.24651819767e-08
1.61110713238e-10	7.69572054971e-08
1.62304125929e-10	9.50726715132e-08
1.63497538619e-10	1.05618976676e-07
1.6469095131e-10	1.06573966541e-07
1.65884364e-10	9.5898395891e-08
1.67077776691e-10	7.28175999498e-08
1.68271189382e-10	3.91500454278e-08
1.69464602072e-10	-1.77993786377e-10
1.70658014763e-10	-3.76772855137e-08
1.71851427454e-10	-6.52469571705e-08
1.73044840144e-10	-7.65719185836e-08
1.74238252835e-10	-6.93780695116e-08
1.75431665526e-10	-4.61945557362e-08
1.76625078216e-10	-1.35360509468e-08
1.77818490907e-10	2.03575254432e-08
1.79011903598e-10	4.80143622639e-08
1.80205316288e-10	6.46908064894e-08
1.81398728979e-10	6.89963601808e-08
1.8259214167e-10	6.24773068836e-08
1.8378555436e-10	4.84899982389e-08
1.84978967051e-10	3.10222583177e-08
1.86172379742e-10	1.37196837224e-08
1.87365792432e-10	-7.26146393015e-10
1.88559205123e-10	-1.09424106443e-08
1.89752617814e-10	-1.69782330417e-08
1.90946030504e-10	-2.00903272907e-08
1.92139443195e-10	-2.22818012929e-08
1.93332855885e-10	-2.54511306474e-08
1.94526268576e-10	-3.06088729918e-08
1.95719681267e-10	-3.71788970721e-08
1.96913093957e-10	-4.27948352311e-08
1.98106506648e-10	-4.39013470022e-08
1.99299919339e-10	-3.6842835005e-08
2.00493332029e-10	-1.95524882951e-08
2.0168674472e-10	7.15887038538e-09
2.02880157411e-10	3.89379801735e-08
2.04073570101e-10	6.87935868271e-08
2.05266982792e-10	8.88059625836e-08
2.06460395483e-10	9.27691248265e-08
2.07653808173e-10	7.80701157055e-08
2.08847220864e-10	4.67320586672e-08
2.10040633555e-10	4.765409789e-09
2.11234046245e-10	-3.9358023507e-08
2.12427458936e-10	-7.68733618983e-08
2.13620871627e-10	-1.00534822245e-07
2.14814284317e-10	-1.05997107092e-07
2.16007697008e-10	-9.22823444327e-08
2.17201109698e-10	-6.18211064563e-08
2.18394522389e-10	-1.98009491026e-08
2.1958793508e-10	2.67638415874e-08
2.2078134777e-10	7.02486389059e-08
2.21974760461e-10	1.03608163826e-07
2.23168173152e-10	1.21498377581e-07
2.24361585842e-10	1.21004734233e-07
2.25554998533e-10	1.02123881796e-07
2.26748411224e-10	6.7809947879e-08
2.27941823914e-10	2.36268493659e-08
2.29135236605e-10	-2.30907981624e-08
2.30328649296e-10	-6.45793805099e-08
2.31522061986e-10	-9.4186183297e-08
2.32715474677e-10	-1.07825513851e-07
2.33908887368e-10	-1.04720442984e-07
2.35102300058e-10	-8.72286385345e-08
2.36295712749e-10	-5.97249401046e-08
2.3748912544e-10	-2.72255276101e-08
2.3868253813e-10	5.81618619933e-09
2.39875950821e-10	3.59628404834e-08
2.41069363512e-10	6.06378898205e-08
2.42262776202e-10	7.76960646931e-08
2.43456188893e-10	8.52779793448e-08
2.44649601583e-10	8.2130831025e-08
2.45843014274e-10	6.81905052424e-08
2.47036426965e-10	4.5110230662e-08
2.48229839655e-10	1.61911679619e-08
2.49423252346e-10	-1.41274805188e-08
2.50616665037e-10	-4.12353338142e-08
2.51810077727e-10	-6.10969834725e-08
2.53003490418e-10	-7.09242726771e-08
2.54196903109e-10	-6.92970685279e-08
2.55390315799e-10	-5.64105633316e-08
2.5658372849e-10	-3.41091292988e-08
2.57777141181e-10	-5.97199678598e-09
2.58970553871e-10	2.30710821558e-08
2.60163966562e-10	4.74383297089e-08
2.61357379253e-10	6.21768094788e-08
2.62550791943e-10	6.42017066177e-08
2.63744204634e-10	5.32572035361e-08
2.64937617325e-10	3.20506698959e-08
2.66131030015e-10	5.6202851817e-09
2.67324442706e-10	-1.99590490801e-08
2.68517855396e-10	-3.90998016186e-08
2.69711268087e-10	-4.80509751988e-08
2.70904680778e-10	-4.57165540979e-08
2.72098093468e-10	-3.3764028684e-08
2.73291506159e-10	-1.59995883209e-08
2.7448491885e-10	2.83231024745e-09
2.7567833154e-10	1.83281723132e-08
2.76871744231e-10	2.75649716386e-08
2.78065156922e-10	2.9600648821e-08
2.79258569612e-10	2.54191938609e-08
2.80451982303e-10	1.72818552802e-08
2.81645394994e-10	7.99749638736e-09
2.82838807684e-10	9.34601007696e-11
2.84032220375e-10	-4.67096472612e-09
2.85225633066e-10	-5.72556874134e-09
2.86419045756e-10	-3.74732930797e-09
2.87612458447e-10	-5.06533089778e-10
2.88805871138e-10	1.72622013211e-09
2.89999283828e-10	1.02746007535e-09
2.91192696519e-10	-3.32064303138e-09
2.9238610921e-10	-1.03292750464e-08
2.935795219e-10	-1.75706511563e-08
2.94772934591e-10	-2.20087139624e-08
2.95966347281e-10	-2.12970967528e-08
2.97159759972e-10	-1.46634306919e-08
2.98353172663e-10	-3.30110005997e-09
2.99546585353e-10	1.01402705122e-08
3.00739998044e-10	2.24159750761e-08
3.01933410735e-10	3.07206615702e-08
3.03126823425e-10	3.32948904003e-08
3.04320236116e-10	2.97377120706e-08
3.05513648807e-10	2.08599864049e-08
3.06707061497e-10	8.47889580768e-09
3.07900474188e-10	-5.01910812911e-09
3.09093886879e-10	-1.70516345488e-08
3.10287299569e-10	-2.54255407839e-08
3.1148071226e-10	-2.88172103957e-08
3.12674124951e-10	-2.71044977573e-08
3.13867537641e-10	-2.13878534883e-08
3.15060950332e-10	-1.35511761812e-08
3.16254363023e-10	-5.645180573e-09
3.17447775713e-10	8.20255793843e-10
3.18641188404e-10	5.25843912857e-09
3.19834601094e-10	8.04506933294e-09
3.21028013785e-10	1.01455354673e-08
3.22221426476e-10	1.25637509285e-08
3.23414839166e-10	1.57671644629e-08
3.24608251857e-10	1.94005798093e-08
3.25801664548e-10	2.23018779e-08
3.26995077238e-10	2.29174019761e-08
3.28188489929e-10	1.98869423151e-08
3.2938190262e-10	1.26579755566e-08
3.3057531531e-10	1.81179132808e-09
3.31768728001e-10	-1.09337402465e-08
3.32962140692e-10	-2.31613130897e-08
3.34155553382e-10	-3.2359452895e-08
3.35348966073e-10	-3.65584886808e-08
3.36542378764e-10	-3.47590511929e-08
3.37735791454e-10	-2.70868225627e-08
3.38929204145e-10	-1.47345776691e-08
3.40122616836e-10	2.54134324695e-10
3.41316029526e-10	1.52730602609e-08
3.42509442217e-10	2.7542254033e-08
3.43702854908e-10	3.46099158222e-08
3.44896267598e-10	3.49389732701e-08
3.46089680289e-10	2.83956691494e-08
3.47283092979e-10	1.6504993261e-08
3.4847650567e-10	2.14286516309e-09
3.49669918361e-10	-1.11677372905e-08
3.50863331051e-10	-2.03385845943e-08
3.52056743742e-10	-2.36331427761e-08
3.53250156433e-10	-2.11592969812e-08
3.54443569123e-10	-1.4691910355e-08
3.55636981814e-10	-6.89153745181e-09
3.56830394505e-10	-2.89399580689e-10
3.58023807195e-10	3.55716389677e-09
3.59217219886e-10	4.43316405807e-09
3.60410632577e-10	3.28712335129e-09
3.61604045267e-10	1.60131875815e-09
3.62797457958e-10	7.65846927542e-10
3.63990870649e-10	1.52351611014e-09
3.65184283339e-10	3.86191642554e-09
3.6637769603e-10	7.0798791274e-09
3.67571108721e-10	1.01409062259e-08
3.68764521411e-10	1.19123326758e-08
3.69957934102e-10	1.15001852485e-08
3.71151346792e-10	8.41493297266e-09
3.72344759483e-10	2.75451259024e-09
3.73538172174e-10	-4.6978440027e-09
3.74731584864e-10	-1.25115312555e-08
3.75924997555e-10	-1.88538233914e-08
3.77118410246e-10	-2.19377904731e-08
3.78311822936e-10	-2.0581904181e-08
3.79505235627e-10	-1.46672994861e-08
3.80698648318e-10	-5.31580440777e-09
3.81892061008e-10	5.33789717982e-09
3.83085473699e-10	1.47349801249e-08
3.8427888639e-10	2.0608681206e-08
3.8547229908e-10	2.16975566403e-08
3.86665711771e-10	1.80192678556e-08
3.87859124462e-10	1.08864132153e-08
3.89052537152e-10	2.39228326038e-09
3.90245949843e-10	-5.16903847503e-09
3.91439362534e-10	-1.00204297082e-08
3.92632775224e-10	-1.1319813753e-08
3.93826187915e-10	-9.34747912407e-09
3.95019600606e-10	-5.30480070982e-09
3.96213013296e-10	-8.78801899307e-10
3.97406425987e-10	2.31262897721e-09
3.98599838677e-10	3.21048876373e-09
3.99793251368e-10	1.59867608041e-09
4.00986664059e-10	-1.8753077563e-09
4.02180076749e-10	-5.94774068885e-09
4.0337348944e-10	-9.11888431432e-09
4.04566902131e-10	-1.01360069227e-08
4.05760314821e-10	-8.31847346561e-09
4.06953727512e-10	-3.83090520417e-09
4.08147140203e-10	2.39029415705e-09
4.09340552893e-10	8.81908635009e-09
4.10533965584e-10	1.38055755716e-08
4.11727378275e-10	1.60264509441e-08
4.12920790965e-10	1.48770622488e-08
4.14114203656e-10	1.06335983352e-08
4.15307616347e-10	4.35277219824e-09
4.16501029037e-10	-2.46539558213e-09
4.17694441728e-10	-8.27338209053e-09
4.18887854419e-10	-1.18488844292e-08
4.20081267109e-10	-1.25385308802e-08
4.212746798e-10	-1.03570834131e-08
4.2246809249e-10	-5.98605520707e-09
4.23661505181e-10	-6.3573785819e-10
4.24854917872e-10	4.19824719433e-09
4.26048330562e-10	7.13687792198e-09
4.27241743253e-10	7.31961430356e-09
4.28435155944e-10	4.77817130307e-09
4.29628568634e-10	4.80848243167e-10
4.30821981325e-10	-3.93880128513e-09
4.32015394016e-10	-6.76318384629e-09
4.33208806706e-10	-6.83655215772e-09
4.34402219397e-10	-4.02742256211e-09
4.35595632088e-10	7.24588118672e-10
4.36789044778e-10	5.74856495739e-09
4.37982457469e-10	9.27277143958e-09
4.3917587016e-10	1.00259902602e-08
4.4036928285e-10	7.65635688182e-09
4.41562695541e-10	2.78758563454e-09
4.42756108232e-10	-3.22047824519e-09
4.43949520922e-10	-8.68169297563e-09
4.45142933613e-10	-1.20666764358e-08
4.46336346304e-10	-1.23681711539e-08
4.47529758994e-10	-9.35087141052e-09
4.48723171685e-10	-3.60495355789e-09
4.49916584375e-10	3.55797824536e-09
4.51109997066e-10	1.03997106482e-08
4.52303409757e-10	1.51355988853e-08
4.53496822447e-10	1.64198911135e-08
4.54690235138e-10	1.37122898591e-08
4.55883647829e-10	7.51898826534e-09
4.57077060519e-10	-6.87680044853e-10
4.5827047321e-10	-8.81540196396e-09
4.59463885901e-10	-1.47287461116e-08
4.60657298591e-10	-1.68746663309e-08
4.61850711282e-10	-1.47524668037e-08
4.63044123973e-10	-9.07536601424e-09
4.64237536663e-10	-1.55524819412e-09
4.65430949354e-10	5.63772262208e-09
4.66624362045e-10	1.05442512499e-08
4.67817774735e-10	1.20060023034e-08
4.69011187426e-10	9.9784668306e-09
4.70204600117e-10	5.47521084027e-09
4.71398012807e-10	1.65499849936e-10
4.72591425498e-10	-4.19018825193e-09
4.73784838188e-10	-6.30317842365e-09
4.74978250879e-10	-5.70423636104e-09
4.7617166357e-10	-2.80845294243e-09
4.7736507626e-10	1.27645974346e-09
4.78558488951e-10	5.14895454051e-09
4.79751901642e-10	7.50288331464e-09
4.80945314332e-10	7.50750361878e-09
4.82138727023e-10	5.01260466468e-09
4.83332139714e-10	6.21547230351e-10
4.84525552404e-10	-4.44790726473e-09
4.85718965095e-10	-8.65693172702e-09
4.86912377786e-10	-1.061219701e-08
4.88105790476e-10	-9.50117962084e-09
4.89299203167e-10	-5.45251166439e-09
4.90492615858e-10	4.48395848229e-10
4.91686028548e-10	6.45293013468e-09
4.92879441239e-10	1.07047313236e-08
4.9407285393e-10	1.1881833184e-08
4.9526626662e-10	9.60936286099e-09
4.96459679311e-10	4.58149435056e-09
4.97653092001e-10	-1.7017045828e-09
4.98846504692e-10	-7.42294170575e-09
5.00039917383e-10	-1.09865211373e-08
5.01233330073e-10	-1.1434845959e-08
5.02426742764e-10	-8.68359950612e-09
5.03620155455e-10	-3.48546244644e-09
5.04813568145e-10	2.75390166227e-09
5.06006980836e-10	8.36066560428e-09
5.07200393527e-10	1.1810055045e-08
5.08393806217e-10	1.21638793482e-08
5.09587218908e-10	9.33226806943e-09
5.10780631599e-10	4.12875250655e-09
5.11974044289e-10	-1.96824387344e-09
5.1316745698e-10	-7.24876136893e-09
5.14360869671e-10	-1.02763747512e-08
5.15554282361e-10	-1.02994976992e-08
5.16747695052e-10	-7.44140621345e-09
5.17941107743e-10	-2.62128493911e-09
5.19134520433e-10	2.72412853386e-09
5.20327933124e-10	7.07340103157e-09
5.21521345815e-10	9.23189136248e-09
5.22714758505e-10	8.65717675325e-09
5.23908171196e-10	5.6017022132e-09
5.25101583886e-10	1.01700123323e-09
5.26294996577e-10	-3.72246017344e-09
5.27488409268e-10	-7.23716314655e-09
5.28681821958e-10	-8.53987192073e-09
5.29875234649e-10	-7.31505284124e-09
5.3106864734e-10	-3.98133720436e-09
5.3226206003e-10	4.4841140176e-10
5.33455472721e-10	4.68668415188e-09
5.34648885412e-10	7.52242995672e-09
5.35842298102e-10	8.15800116349e-09
5.37035710793e-10	6.42884112612e-09
5.38229123484e-10	2.84722778687e-09
5.39422536174e-10	-1.51649545699e-09
5.40615948865e-10	-5.33404881375e-09
5.41809361556e-10	-7.40737088334e-09
5.43002774246e-10	-7.05131708578e-09
5.44196186937e-10	-4.32816460449e-09
5.45389599628e-10	-5.82877773825e-11
5.46583012318e-10	4.44038605885e-09
5.47776425009e-10	7.76398906277e-09
5.48969837699e-10	8.8801852538e-09
5.5016325039e-10	7.43788913793e-09
5.51356663081e-10	3.85083714916e-09
5.52550075771e-10	-8.53246470006e-10
5.53743488462e-10	-5.36225924774e-09
5.54936901153e-10	-8.45302083885e-09
5.56130313843e-10	-9.30680288391e-09
5.57323726534e-10	-7.71008279443e-09
5.58517139225e-10	-4.08276146224e-09
5.59710551915e-10	6.25051285036e-10
5.60903964606e-10	5.1712590321e-09
5.62097377297e-10	8.32694102559e-09
5.63290789987e-10	9.2088346948e-09
5.64484202678e-10	7.53552764632e-09
5.65677615369e-10	3.7463112057e-09
5.66871028059e-10	-1.08536576948e-09
5.6806444075e-10	-5.54811702136e-09
5.69257853441e-10	-8.30174584632e-09
5.70451266131e-10	-8.50534653818e-09
5.71644678822e-10	-6.08030253924e-09
5.72838091513e-10	-1.75486614129e-09
5.74031504203e-10	3.17316861675e-09
5.75224916894e-10	7.22280502075e-09
5.76418329584e-10	9.20330678333e-09
5.77611742275e-10	8.53854698057e-09
5.78805154966e-10	5.45067296853e-09
5.79998567656e-10	8.48732813197e-10
5.81191980347e-10	-3.9246488559e-09
5.82385393038e-10	-7.50960976736e-09
5.83578805728e-10	-8.90335094539e-09
5.84772218419e-10	-7.75830349964e-09
5.8596563111e-10	-4.46147563338e-09
5.871590438e-10	-2.12364570373e-11
5.88352456491e-10	4.24339174909e-09
5.89545869182e-10	7.09461112081e-09
5.90739281872e-10	7.72852604136e-09
5.91932694563e-10	6.0125847634e-09
5.93126107254e-10	2.49041390288e-09
5.94319519944e-10	-1.77114864441e-09
5.95512932635e-10	-5.50283441036e-09
5.96706345326e-10	-7.5857628512e-09
5.97899758016e-10	-7.37041772059e-09
5.99093170707e-10	-4.8649121398e-09
6.00286583397e-10	-7.5668368793e-10
6.01479996088e-10	3.78319262029e-09
6.02673408779e-10	7.41477634847e-09
6.03866821469e-10	9.05097963244e-09
6.0506023416e-10	8.17553447163e-09
6.06253646851e-10	5.02081115572e-09
6.07447059541e-10	4.88786289221e-10
6.08640472232e-10	-4.12543699202e-09
6.09833884923e-10	-7.52837003848e-09
6.11027297613e-10	-8.79853767621e-09
6.12220710304e-10	-7.64146629306e-09
6.13414122995e-10	-4.44249753651e-09
6.14607535685e-10	-1.42970885131e-10
6.15800948376e-10	4.02105743147e-09
6.16994361067e-10	6.87107237773e-09
6.18187773757e-10	7.59437429609e-09
6.19381186448e-10	5.99768329446e-09
6.20574599139e-10	2.55726559373e-09
6.21768011829e-10	-1.69303671083e-09
6.2296142452e-10	-5.4785801451e-09
6.24154837211e-10	-7.65587826468e-09
6.25348249901e-10	-7.57665630235e-09
6.26541662592e-10	-5.26631627196e-09
6.27735075282e-10	-1.41389028263e-09
6.28928487973e-10	2.85703205538e-09
6.30121900664e-10	6.33354479973e-09
6.31315313354e-10	8.05411759508e-09
6.32508726045e-10	7.58217860719e-09
6.33702138736e-10	5.09559344719e-09
6.34895551426e-10	1.32902618077e-09
6.36088964117e-10	-2.64787364257e-09
6.37282376808e-10	-5.72947433941e-09
6.38475789498e-10	-7.08893405088e-09
6.39669202189e-10	-6.4004971323e-09
6.4086261488e-10	-3.94044605279e-09
6.4205602757e-10	-4.80693471139e-10
6.43249440261e-10	2.92376423072e-09
6.44442852952e-10	5.26428212133e-09
6.45636265642e-10	5.85930531871e-09
6.46829678333e-10	4.54952608919e-09
6.48023091024e-10	1.73665495873e-09
6.49216503714e-10	-1.74143380272e-09
6.50409916405e-10	-4.84875362083e-09
6.51603329095e-10	-6.64845861698e-09
6.52796741786e-10	-6.5730958454e-09
6.53990154477e-10	-4.59016830101e-09
6.55183567167e-10	-1.2268774191e-09
6.56376979858e-10	2.57726234798e-09
6.57570392549e-10	5.73937286585e-09
6.58763805239e-10	7.3430993508e-09
6.5995721793e-10	6.92397494895e-09
6.61150630621e-10	4.59195165226e-09
6.62344043311e-10	1.01761181426e-09
6.63537456002e-10	-2.7821947246e-09
6.64730868693e-10	-5.72809127908e-09
6.65924281383e-10	-7.00075075688e-09
6.67117694074e-10	-6.26329083042e-09
6.68311106765e-10	-3.75895375937e-09
6.69504519455e-10	-2.26823365646e-10
6.70697932146e-10	3.303229551e-09
6.71891344837e-10	5.81160264357e-09
6.73084757527e-10	6.57070681198e-09
6.74278170218e-10	5.35237532073e-09
6.75471582909e-10	2.49721629486e-09
6.76664995599e-10	-1.18880548461e-09
6.7785840829e-10	-4.65162108831e-09
6.7905182098e-10	-6.90535451042e-09
6.80245233671e-10	-7.30545324235e-09
6.81438646362e-10	-5.75056041674e-09
6.82632059052e-10	-2.6932365782e-09
6.83825471743e-10	9.83024370238e-10
6.85018884434e-10	4.24381846331e-09
6.86212297124e-10	6.19420359449e-09
6.87405709815e-10	6.34327790294e-09
6.88599122506e-10	4.71888245146e-09
6.89792535196e-10	1.85403002673e-09
6.90985947887e-10	-1.39437950075e-09
6.92179360578e-10	-4.07802230873e-09
6.93372773268e-10	-5.43685108045e-09
6.94566185959e-10	-5.09700254225e-09
6.9575959865e-10	-3.18332779581e-09
6.9695301134e-10	-2.78844877744e-10
6.98146424031e-10	2.73248063065e-09
6.99339836722e-10	4.92487356452e-09
7.00533249412e-10	5.60631252533e-09
7.01726662103e-10	4.52639808968e-09
7.02920074793e-10	1.96772498295e-09
7.04113487484e-10	-1.34615311953e-09
7.05306900175e-10	-4.45046749453e-09
7.06500312865e-10	-6.4413607781e-09
7.07693725556e-10	-6.72588723605e-09
7.08887138247e-10	-5.20961568329e-09
7.10080550937e-10	-2.30589733419e-09
7.11273963628e-10	1.16370600656e-09
7.12467376319e-10	4.22587204119e-09
7.13660789009e-10	6.01108607334e-09
7.148542017e-10	6.02727545651e-09
7.16047614391e-10	4.28816504527e-09
7.17241027081e-10	1.32316999024e-09
7.18434439772e-10	-1.98523145145e-09
7.19627852463e-10	-4.66429156409e-09
7.20821265153e-10	-5.93758198164e-09
7.22014677844e-10	-5.45675327146e-09
7.23208090535e-10	-3.38392142085e-09
7.24401503225e-10	-3.4000079141e-10
7.25594915916e-10	2.79662640268e-09
7.26788328607e-10	5.13511516642e-09
7.27981741297e-10	6.02578320574e-09
7.29175153988e-10	5.22360293909e-09
7.30368566678e-10	2.95557234242e-09
7.31561979369e-10	-1.55257452727e-10
7.3275539206e-10	-3.25061419448e-09
7.3394880475e-10	-5.48325984617e-09
7.35142217441e-10	-6.24443169395e-09
7.36335630132e-10	-5.34489491555e-09
7.37529042822e-10	-3.06479833179e-09
7.38722455513e-10	-7.84634301976e-11
7.39915868204e-10	2.74761097208e-09
7.41109280894e-10	4.60391041956e-09
7.42302693585e-10	4.97980451319e-09
7.43496106276e-10	3.80447609527e-09
7.44689518966e-10	1.4626532624e-09
7.45882931657e-10	-1.32231080252e-09
7.47076344348e-10	-3.71102479302e-09
7.48269757038e-10	-4.98187979758e-09
7.49463169729e-10	-4.75347494699e-09
7.5065658242e-10	-3.08042438779e-09
7.5184999511e-10	-4.47882154975e-10
7.53043407801e-10	2.37709099626e-09
7.54236820491e-10	4.56062276832e-09
7.55430233182e-10	5.45606354541e-09
7.56623645873e-10	4.78331124709e-09
7.57817058563e-10	2.7253284629e-09
7.59010471254e-10	-1.3455153311e-10
7.60203883945e-10	-2.97879937383e-09
7.61397296635e-10	-4.99705710144e-09
7.62590709326e-10	-5.62633728496e-09
7.63784122017e-10	-4.70571637212e-09
7.64977534707e-10	-2.52143131374e-09
7.66170947398e-10	2.86720586509e-10
7.67364360089e-10	2.90928475755e-09
7.68557772779e-10	4.60203664066e-09
7.6975118547e-10	4.88661339171e-09
7.70944598161e-10	3.68998714917e-09
7.72138010851e-10	1.35411913627e-09
7.73331423542e-10	-1.44906039945e-09
7.74524836233e-10	-3.91436330571e-09
7.75718248923e-10	-5.32334609726e-09
7.76911661614e-10	-5.25859239486e-09
7.78105074305e-10	-3.72195110843e-09
7.79298486995e-10	-1.14117312822e-09
7.80491899686e-10	1.75799350077e-09
7.81685312376e-10	4.15917539298e-09
7.82878725067e-10	5.39728106652e-09
7.84072137758e-10	5.13962283843e-09
7.85265550448e-10	3.48046105825e-09
7.86458963139e-10	9.00693769568e-10
7.8765237583e-10	-1.86876411568e-09
7.8884578852e-10	-4.05430577999e-09
7.90039201211e-10	-5.05601177592e-09
7.91232613902e-10	-4.6113975416e-09
7.92426026592e-10	-2.87453399972e-09
7.93619439283e-10	-3.7034113276e-10
7.94812851974e-10	2.15098677758e-09
7.96006264664e-10	3.94102528389e-09
7.97199677355e-10	4.46796072362e-09
7.98393090046e-10	3.59041044118e-09
7.99586502736e-10	1.58044434484e-09
8.00779915427e-10	-9.464212955e-10
8.01973328118e-10	-3.23790413925e-09
8.03166740808e-10	-4.61806365371e-09
8.04360153499e-10	-4.6908986695e-09
8.05553566189e-10	-3.44099679306e-09
8.0674697888e-10	-1.23296375887e-09
8.07940391571e-10	1.30286106903e-09
8.09133804261e-10	3.44482350978e-09
8.10327216952e-10	4.58723736774e-09
8.11520629643e-10	4.40709790883e-09
8.12714042333e-10	2.95804869488e-09
8.13907455024e-10	6.61248819589e-10
8.15100867715e-10	-1.81861820048e-09
8.16294280405e-10	-3.75654557461e-09
8.17487693096e-10	-4.59077809101e-09
8.18681105787e-10	-4.0766103826e-09
8.19874518477e-10	-2.36948552446e-09
8.21067931168e-10	3.30696997564e-11
8.22261343859e-10	2.430688123e-09
8.23454756549e-10	4.13010903255e-09
8.2464816924e-10	4.63868837786e-09
8.25841581931e-10	3.80666098643e-09
8.27034994621e-10	1.86231589872e-09
8.28228407312e-10	-6.48618381227e-10
8.29421820002e-10	-3.02286418119e-09
8.30615232693e-10	-4.59274895892e-09
8.31808645384e-10	-4.91812762737e-09
8.33002058074e-10	-3.91164078906e-09
8.34195470765e-10	-1.86287663073e-09
8.35388883456e-10	6.42983215282e-10
8.36582296146e-10	2.89567050893e-09
8.37775708837e-10	4.26527824171e-09
8.38969121528e-10	4.38348113363e-09
8.40162534218e-10	3.243056379e-09
8.41355946909e-10	1.20053939012e-09
8.425493596e-10	-1.14282860952e-09
8.4374277229e-10	-3.10309938856e-09
8.44936184981e-10	-4.12354794754e-09
8.46129597672e-10	-3.91735316407e-09
8.47323010362e-10	-2.55460874676e-09
8.48516423053e-10	-4.35749571842e-10
8.49709835744e-10	1.82170736829e-09
8.50903248434e-10	3.55924079098e-09
8.52096661125e-10	4.26667051689e-09
8.53290073816e-10	3.73315359181e-09
8.54483486506e-10	2.11052583743e-09
8.55676899197e-10	-1.31379747359e-10
8.56870311887e-10	-2.33733682409e-09
8.58063724578e-10	-3.8724524698e-09
8.59257137269e-10	-4.29687596615e-09
8.60450549959e-10	-3.50605483534e-09
8.6164396265e-10	-1.74391490138e-09
8.62837375341e-10	4.68900206857e-10
8.64030788031e-10	2.49374806915e-09
8.65224200722e-10	3.7552704002e-09
8.66417613413e-10	3.90347032475e-09
8.67611026103e-10	2.90213991727e-09
8.68804438794e-10	1.04456759908e-09
8.69997851485e-10	-1.13729141382e-09
8.71191264175e-10	-3.01035443795e-09
8.72384676866e-10	-4.02624189544e-09
8.73578089557e-10	-3.87632467791e-09
8.74771502247e-10	-2.58682869569e-09
8.75964914938e-10	-5.18840650998e-10
8.77158327629e-10	1.73723663233e-09
8.78351740319e-10	3.53074358639e-09
8.7954515301e-10	4.34615887723e-09
8.807385657e-10	3.95055049784e-09
8.81931978391e-10	2.46256562364e-09
8.83125391082e-10	3.08740144561e-10
8.84318803772e-10	-1.89686379104e-09
8.85512216463e-10	-3.53598184066e-09
8.86705629154e-10	-4.15330236869e-09
8.87899041844e-10	-3.58958676672e-09
8.89092454535e-10	-2.01931937838e-09
8.90285867226e-10	9.52444824398e-11
8.91479279916e-10	2.14018480715e-09
8.92672692607e-10	3.52098941669e-09
8.93866105298e-10	3.84391574126e-09
8.95059517988e-10	3.01982833184e-09
8.96252930679e-10	1.30264159182e-09
8.9744634337e-10	-7.99322857903e-10
8.9863975606e-10	-2.66598296217e-09
8.99833168751e-10	-3.75128553221e-09
9.01026581442e-10	-3.74331435293e-09
9.02219994132e-10	-2.6445357848e-09
9.03413406823e-10	-7.75754342708e-10
9.04606819514e-10	1.32772824679e-09
9.05800232204e-10	3.06441189091e-09
9.06993644895e-10	3.94143059856e-09
9.08187057585e-10	3.71292940837e-09
9.09380470276e-10	2.45059603166e-09
9.10573882967e-10	5.21057183511e-10
9.11767295657e-10	-1.5158609229e-09
9.12960708348e-10	-3.07479930406e-09
9.14154121039e-10	-3.70855696152e-09
9.15347533729e-10	-3.24363033655e-09
9.1654094642e-10	-1.82479914512e-09
9.17734359111e-10	1.25881699162e-10
9.18927771801e-10	2.03749436767e-09
9.20121184492e-10	3.35183961142e-09
9.21314597183e-10	3.69095937147e-09
9.22508009873e-10	2.95463092881e-09
9.23701422564e-10	1.35583652638e-09
9.24894835255e-10	-6.49154133225e-10
9.26088247945e-10	-2.48610917963e-09
9.27281660636e-10	-3.62621524475e-09
9.28475073327e-10	-3.73984163082e-09
9.29668486017e-10	-2.78591000269e-09
9.30861898708e-10	-1.03310625332e-09
9.32055311398e-10	1.0214948748e-09
9.33248724089e-10	2.78950845756e-09
9.3444213678e-10	3.76814132674e-09
9.3563554947e-10	3.68208374901e-09
9.36828962161e-10	2.57164770034e-09
9.38022374852e-10	7.7057984299e-10
9.39215787542e-10	-1.18835247198e-09
9.40409200233e-10	-2.73736269762e-09
9.41602612924e-10	-3.43713066342e-09
9.42796025614e-10	-3.10131140213e-09
9.43989438305e-10	-1.84429205241e-09
9.45182850996e-10	-4.18405587954e-11
9.46376263686e-10	1.78056186462e-09
9.47569676377e-10	3.09575473589e-09
9.48763089068e-10	3.52549905935e-09
9.49956501758e-10	2.94470506312e-09
9.51149914449e-10	1.51586547481e-09
9.5234332714e-10	-3.51373156265e-10
9.5353673983e-10	-2.1229299707e-09
9.54730152521e-10	-3.28562116403e-09
9.55923565212e-10	-3.50388554282e-09
9.57116977902e-10	-2.71388600481e-09
9.58310390593e-10	-1.14383345851e-09
9.59503803283e-10	7.5192700677e-10
9.60697215974e-10	2.42919667715e-09
9.61890628665e-10	3.41116926372e-09
9.63084041355e-10	3.42415334975e-09
9.64277454046e-10	2.47707171441e-09
9.65470866737e-10	8.50986461853e-10
9.66664279427e-10	-9.78496769721e-10
9.67857692118e-10	-2.48206338815e-09
9.69051104809e-10	-3.22571072631e-09
9.70244517499e-10	-2.9942990587e-09
9.7143793019e-10	-1.85608831083e-09
9.72631342881e-10	-1.40296326639e-10
9.73824755571e-10	1.6531874758e-09
9.75018168262e-10	3.00251171148e-09
9.76211580953e-10	3.51260115439e-09
9.77404993643e-10	3.03380345845e-09
9.78598406334e-10	1.7013628284e-09
9.79791819025e-10	-1.0047432851e-10
9.80985231715e-10	-1.85648850459e-09
9.82178644406e-10	-3.06472008882e-09
9.83372057096e-10	-3.38590611104e-09
9.84565469787e-10	-2.73449091148e-09
9.85758882478e-10	-1.30458752134e-09
9.86952295168e-10	4.90045885815e-10
9.88145707859e-10	2.13354631184e-09
9.8933912055e-10	3.15813838969e-09
9.9053253324e-10	3.27560067959e-09
9.91725945931e-10	2.46262721326e-09
9.92919358622e-10	9.64826094019e-10
9.94112771312e-10	-7.74798752934e-10
9.95306184003e-10	-2.24358451262e-09
9.96499596694e-10	-3.01442018569e-09
9.97693009384e-10	-2.86347795475e-09
9.98886422075e-10	-1.84048747076e-09
1.00007983477e-09	-2.46423062511e-10
1.00127324746e-09	1.45359539683e-09
1.00246666015e-09	2.76757264328e-09
1.00366007284e-09	3.31761432215e-09
1.00485348553e-09	2.94739141427e-09
1.00604689822e-09	1.76140037278e-09
1.00724031091e-09	9.92531681843e-11
1.0084337236e-09	-1.56801245599e-09
1.00962713629e-09	-2.76342010386e-09
1.01082054898e-09	-3.14729750595e-09
1.01201396167e-09	-2.60925941964e-09
1.01320737436e-09	-1.30727173531e-09
1.01440078705e-09	3.80165260383e-10
1.01559419974e-09	1.95985366824e-09
1.01678761243e-09	2.97286556483e-09
1.01798102513e-09	3.12666337265e-09
1.01917443782e-09	2.38367342531e-09
1.02036785051e-09	9.70209704243e-10
1.0215612632e-09	-6.96236596154e-10
1.02275467589e-09	-2.12554457368e-09
1.02394808858e-09	-2.90629245669e-09
1.02514150127e-09	-2.81343273678e-09
1.02633491396e-09	-1.87836028676e-09
1.02752832665e-09	-3.6941494308e-10
1.02872173934e-09	1.28002763944e-09
1.02991515203e-09	2.59875287956e-09
1.03110856472e-09	3.20885151783e-09
1.03230197741e-09	2.93638219295e-09
1.0334953901e-09	1.85939394437e-09
1.03468880279e-09	2.90784035739e-10
1.03588221549e-09	-1.31730674979e-09
1.03707562818e-09	-2.50078036057e-09
1.03826904087e-09	-2.92423432691e-09
1.03946245356e-09	-2.47569481582e-09
1.04065586625e-09	-1.29770932888e-09
1.04184927894e-09	2.57946435045e-10
1.04304269163e-09	1.73620241795e-09
1.04423610432e-09	2.71079181324e-09
1.04542951701e-09	2.90633400679e-09
1.0466229297e-09	2.27244040252e-09
1.04781634239e-09	9.99305554972e-10
1.04900975508e-09	-5.43992087487e-10
1.05020316777e-09	-1.90668927869e-09
1.05139658046e-09	-2.6944360354e-09
1.05258999315e-09	-2.67446581548e-09
1.05378340584e-09	-1.8497953308e-09
1.05497681854e-09	-4.57674450421e-10
1.05617023123e-09	1.1004369499e-09
1.05736364392e-09	2.37318498186e-09
1.05855705661e-09	2.99431171524e-09
1.0597504693e-09	2.78938050435e-09
1.06094388199e-09	1.82135397042e-09
1.06213729468e-09	3.75828670268e-10
1.06333070737e-09	-1.13027083526e-09
1.06452412006e-09	-2.26521537638e-09
1.06571753275e-09	-2.7063790653e-09
1.06691094544e-09	-2.33490127233e-09
1.06810435813e-09	-1.26123159139e-09
1.06929777082e-09	1.97681208208e-10
1.07049118351e-09	1.6181712359e-09
1.0716845962e-09	2.58426291477e-09
1.0728780089e-09	2.8152284115e-09
1.07407142159e-09	2.24327978415e-09
1.07526483428e-09	1.03854778943e-09
1.07645824697e-09	-4.45736152849e-10
1.07765165966e-09	-1.77472923857e-09
1.07884507235e-09	-2.56352383765e-09
1.08003848504e-09	-2.58812846154e-09
1.08123189773e-09	-1.84705460649e-09
1.08242531042e-09	-5.60103727287e-10
1.08361872311e-09	9.02383480439e-10
1.0848121358e-09	2.12289022472e-09
1.08600554849e-09	2.75855932541e-09
1.08719896118e-09	2.63417540558e-09
1.08839237387e-09	1.79139782175e-09
1.08958578656e-09	4.75751632534e-10
1.09077919926e-09	-9.30944127342e-10
1.09197261195e-09	-2.02267746996e-09
1.09316602464e-09	-2.48142778547e-09
1.09435943733e-09	-2.17783779899e-09
1.09555285002e-09	-1.20332602216e-09
1.09674626271e-09	1.51137709986e-10
1.0979396754e-09	1.48536058453e-09
1.09913308809e-09	2.40679121077e-09
1.10032650078e-09	2.64864410959e-09
1.10151991347e-09	2.1423532115e-09
1.10271332616e-09	1.0398727851e-09
1.10390673885e-09	-3.40155979772e-10
1.10510015154e-09	-1.59904148256e-09
1.10629356423e-09	-2.37683825399e-09
1.10748697692e-09	-2.45230522e-09
1.10868038961e-09	-1.80335484046e-09
1.10987380231e-09	-6.18168093103e-10
1.111067215e-09	7.6330969323e-10
1.11226062769e-09	1.94187643743e-09
1.11345404038e-09	2.57799617764e-09
1.11464745307e-09	2.49093057292e-09
1.11584086576e-09	1.71224548429e-09
1.11703427845e-09	4.74571774239e-10
1.11822769114e-09	-8.54330647893e-10
1.11942110383e-09	-1.88895799003e-09
1.12061451652e-09	-2.32942545808e-09
1.12180792921e-09	-2.05689204558e-09
1.1230013419e-09	-1.156641255e-09
1.12419475459e-09	1.0551305836e-10
1.12538816728e-09	1.36239135251e-09
1.12658157997e-09	2.25206253646e-09
1.12777499267e-09	2.51894680114e-09
1.12896840536e-09	2.0865403294e-09
1.13016181805e-09	1.08084305395e-09
1.13135523074e-09	-2.08472950708e-10
1.13254864343e-09	-1.40795795855e-09
1.13374205612e-09	-2.17190063156e-09
1.13493546881e-09	-2.28259733337e-09
1.1361288815e-09	-1.71346324629e-09
1.13732229419e-09	-6.36586797165e-10
1.13851570688e-09	6.30943602919e-10
1.13970911957e-09	1.72042927127e-09
1.14090253226e-09	2.3204710653e-09
1.14209594495e-09	2.26342666831e-09
1.14328935764e-09	1.57498725173e-09
1.14448277033e-09	4.58243606255e-10
1.14567618303e-09	-7.5824988649e-10
1.14686959572e-09	-1.72258819708e-09
1.14806300841e-09	-2.15340809073e-09
1.1492564211e-09	-1.92508801955e-09
1.15044983379e-09	-1.10340540871e-09
1.15164324648e-09	7.31609772764e-11
1.15283665917e-09	1.26049266858e-09
1.15403007186e-09	2.11163730945e-09
1.15522348455e-09	2.37911015888e-09
1.15641689724e-09	1.98678219709e-09
1.15761030993e-09	1.05219689905e-09
1.15880372262e-09	-1.49650547163e-10
1.15999713531e-09	-1.27236270131e-09
1.161190548e-09	-1.9933304729e-09
1.16238396069e-09	-2.11376494086e-09
1.16357737338e-09	-1.60586413611e-09
1.16477078608e-09	-6.23064634608e-10
1.16596419877e-09	5.47935231909e-10
1.16715761146e-09	1.56922899675e-09
1.16835102415e-09	2.14741222027e-09
1.16954443684e-09	2.11741610356e-09
1.17073784953e-09	1.4917361929e-09
1.17193126222e-09	4.54479481826e-10
1.17312467491e-09	-6.89024538814e-10
1.1743180876e-09	-1.60379316771e-09
1.17551150029e-09	-2.02435287977e-09
1.17670491298e-09	-1.82954661143e-09
1.17789832567e-09	-1.081746831e-09
1.17909173836e-09	-8.99039523383e-13
1.18028515105e-09	1.09766219725e-09
1.18147856374e-09	1.89806154127e-09
1.18267197644e-09	2.17402054692e-09
1.18386538913e-09	1.85215158488e-09
1.18505880182e-09	1.02964065052e-09
1.18625221451e-09	-5.2183452004e-11
1.1874456272e-09	-1.08216430261e-09
1.18863903989e-09	-1.76270807672e-09
1.18983245258e-09	-1.90141657974e-09
1.19102586527e-09	-1.46106142462e-09
1.19221927796e-09	-5.7548664445e-10
1.19341269065e-09	4.93135907109e-10
1.19460610334e-09	1.42931308456e-09
1.19579951603e-09	1.95884745924e-09
1.19699292872e-09	1.92854369974e-09
