% time-domain voltage integration by openEMS v0.37.0-rc1-2-g7b051bb @Sat Aug  8 17:49:00 2026
% start-coordinates: (0.000202881,0.0027903,-0.000635) m -> [45,94,15]
% stop-coordinates: (0.000508647,0.0027903,-0.000635) m -> [51,94,15]
% t/s	voltage
0	0
1.23345930257e-12	0
2.46691860514e-12	0
3.70037790771e-12	0
4.93383721028e-12	0
6.16729651285e-12	0
7.40075581542e-12	0
8.63421511799e-12	0
9.86767442056e-12	0
1.11011337231e-11	0
1.23345930257e-11	0
1.35680523283e-11	0
1.48015116308e-11	0
1.60349709334e-11	0
1.7268430236e-11	0
1.85018895385e-11	0
1.97353488411e-11	0
2.09688081437e-11	0
2.22022674463e-11	0
2.34357267488e-11	0
2.46691860514e-11	0
2.5902645354e-11	0
2.71361046565e-11	0
2.83695639591e-11	-1.01770800355e-32
2.96030232617e-11	-2.29105250165e-29
3.08364825642e-11	-2.09297184774e-26
3.20699418668e-11	-8.46367484705e-24
3.33034011694e-11	-1.62927186374e-21
3.4536860472e-11	-1.59013052129e-19
3.57703197745e-11	-8.32301667046e-18
3.70037790771e-11	-2.45890845556e-16
3.82372383797e-11	-4.29775253014e-15
3.94706976822e-11	-4.6421698696e-14
4.07041569848e-11	-3.22872892972e-13
4.19376162874e-11	-1.50358465099e-12
4.31710755899e-11	-4.84382987279e-12
4.44045348925e-11	-1.08315589571e-11
4.56379941951e-11	-1.48134478859e-11
4.68714534977e-11	6.82400045759e-13
4.81049128002e-11	7.36522240766e-11
4.93383721028e-11	2.65423853035e-10
5.05718314054e-11	6.52312891203e-10
5.18052907079e-11	1.28855008608e-09
5.30387500105e-11	2.12708650693e-09
5.42722093131e-11	2.90155119376e-09
5.55056686156e-11	2.99899363676e-09
5.67391279182e-11	1.4170255247e-09
5.79725872208e-11	-3.0855159816e-09
5.92060465234e-11	-1.15295368808e-08
6.04395058259e-11	-2.39138464586e-08
6.16729651285e-11	-3.83049889585e-08
6.29064244311e-11	-5.02762858012e-08
6.41398837336e-11	-5.33419917126e-08
6.53733430362e-11	-4.08569746924e-08
6.66068023388e-11	-9.2388522388e-09
6.78402616413e-11	3.85428755578e-08
6.90737209439e-11	9.10968136481e-08
7.03071802465e-11	1.30195527248e-07
7.15406395491e-11	1.36587548383e-07
7.27740988516e-11	9.84458985442e-08
7.40075581542e-11	1.92075384486e-08
7.52410174568e-11	-7.96656918212e-08
7.64744767593e-11	-1.63884941173e-07
7.77079360619e-11	-1.98545549779e-07
7.89413953645e-11	-1.63118020424e-07
8.0174854667e-11	-6.1341721036e-08
8.14083139696e-11	7.87988128081e-08
8.26417732722e-11	2.1580041043e-07
8.38752325748e-11	3.11564836153e-07
8.51086918773e-11	3.45378648348e-07
8.63421511799e-11	3.1910990117e-07
8.75756104825e-11	2.51684857844e-07
8.8809069785e-11	1.66918496802e-07
9.00425290876e-11	8.24753412232e-08
9.12759883902e-11	5.35575683802e-09
9.25094476927e-11	-6.53968514897e-08
9.37429069953e-11	-1.31850796947e-07
9.49763662979e-11	-1.9193954337e-07
9.62098256005e-11	-2.38912125639e-07
9.7443284903e-11	-2.64413372975e-07
9.86767442056e-11	-2.63398407085e-07
9.99102035082e-11	-2.3674791727e-07
1.01143662811e-10	-1.912575609e-07
1.02377122113e-10	-1.37515161924e-07
1.03610581416e-10	-8.65219345059e-08
1.04844040718e-10	-4.66277918498e-08
1.06077500021e-10	-2.04802995674e-08
1.07310959324e-10	-3.03457800555e-09
1.08544418626e-10	1.74571289646e-08
1.09777877929e-10	5.50800345334e-08
1.11011337231e-10	1.17752616546e-07
1.12244796534e-10	1.99210633767e-07
1.13478255836e-10	2.76493647533e-07
1.14711715139e-10	3.16191027139e-07
1.15945174442e-10	2.89212843896e-07
1.17178633744e-10	1.8601411611e-07
1.18412093047e-10	2.39626518628e-08
1.19645552349e-10	-1.58431052277e-07
1.20879011652e-10	-3.18078152262e-07
1.22112470954e-10	-4.24966156487e-07
1.23345930257e-10	-4.70624961224e-07
1.2457938956e-10	-4.62831447834e-07
1.25812848862e-10	-4.11445494564e-07
1.27046308165e-10	-3.16207461992e-07
1.28279767467e-10	-1.65970002186e-07
1.2951322677e-10	4.90880509574e-08
1.30746686072e-10	3.20116463115e-07
1.31980145375e-10	6.08614740827e-07
1.33213604678e-10	8.51025959037e-07
1.3444706398e-10	9.78469635982e-07
1.35680523283e-10	9.42355228517e-07
1.36913982585e-10	7.33857952184e-07
1.38147441888e-10	3.87777816968e-07
1.3938090119e-10	-2.86822778861e-08
1.40614360493e-10	-4.36409937521e-07
1.41847819796e-10	-7.63910598778e-07
1.43081279098e-10	-9.59356121655e-07
1.44314738401e-10	-9.95339000553e-07
1.45548197703e-10	-8.6823511225e-07
1.46781657006e-10	-5.97971585137e-07
1.48015116308e-10	-2.28740219654e-07
1.49248575611e-10	1.7255487883e-07
1.50482034914e-10	5.24047038652e-07
1.51715494216e-10	7.46110352168e-07
1.52948953519e-10	7.84665388665e-07
1.54182412821e-10	6.31581997368e-07
1.55415872124e-10	3.32997572627e-07
1.56649331426e-10	-2.18007931707e-08
1.57882790729e-10	-3.28653783299e-07
1.59116250032e-10	-5.03958769826e-07
1.60349709334e-10	-5.13224943433e-07
1.61583168637e-10	-3.80673739642e-07
1.62816627939e-10	-1.76223451831e-07
1.64050087242e-10	1.3843674207e-08
1.65283546544e-10	1.20155583261e-07
1.66517005847e-10	1.13564524895e-07
1.6775046515e-10	1.0758142821e-08
1.68983924452e-10	-1.36970039755e-07
1.70217383755e-10	-2.65772358787e-07
1.71450843057e-10	-3.21475967624e-07
1.7268430236e-10	-2.75574009834e-07
1.73917761662e-10	-1.31423988137e-07
1.75151220965e-10	7.87602418839e-08
1.76384680268e-10	3.03216872055e-07
1.7761813957e-10	4.84131803091e-07
1.78851598873e-10	5.72709410562e-07
1.80085058175e-10	5.42980522766e-07
1.81318517478e-10	4.00612918838e-07
1.8255197678e-10	1.8310220451e-07
1.83785436083e-10	-5.07130548666e-08
1.85018895385e-10	-2.38827610133e-07
1.86252354688e-10	-3.36772700393e-07
1.87485813991e-10	-3.31739773429e-07
1.88719273293e-10	-2.45043169755e-07
1.89952732596e-10	-1.21214180027e-07
1.91186191898e-10	-9.34720278956e-09
1.92419651201e-10	5.55352670517e-08
1.93653110503e-10	6.33314680698e-08
1.94886569806e-10	2.85057573102e-08
1.96120029109e-10	-1.92866329574e-08
1.97353488411e-10	-4.86909845776e-08
1.98586947714e-10	-3.80595357452e-08
1.99820407016e-10	1.82185271869e-08
2.01053866319e-10	1.09675880822e-07
2.02287325621e-10	2.13450626063e-07
2.03520784924e-10	3.00842890155e-07
2.04754244227e-10	3.44601605917e-07
2.05987703529e-10	3.25951120317e-07
2.07221162832e-10	2.40115483052e-07
2.08454622134e-10	9.82009238371e-08
2.09688081437e-10	-7.50146691431e-08
2.10921540739e-10	-2.46684582095e-07
2.12155000042e-10	-3.83204724841e-07
2.13388459345e-10	-4.56175591523e-07
2.14621918647e-10	-4.4685600642e-07
2.1585537795e-10	-3.487334439e-07
2.17088837252e-10	-1.70059093918e-07
2.18322296555e-10	6.40582515921e-08
2.19555755857e-10	3.11963130883e-07
2.2078921516e-10	5.20540567095e-07
2.22022674463e-10	6.37080013632e-07
2.23256133765e-10	6.25122154929e-07
2.24489593068e-10	4.79075165316e-07
2.2572305237e-10	2.30004415513e-07
2.26956511673e-10	-6.15463067177e-08
2.28189970975e-10	-3.2438006059e-07
2.29423430278e-10	-4.9984434014e-07
2.30656889581e-10	-5.59752365348e-07
2.31890348883e-10	-5.11374960155e-07
2.33123808186e-10	-3.88643382365e-07
2.34357267488e-10	-2.35071608401e-07
2.35590726791e-10	-8.70505401096e-08
2.36824186093e-10	3.4832811302e-08
2.38057645396e-10	1.24932920897e-07
2.39291104699e-10	1.85059773727e-07
2.40524564001e-10	2.17213472098e-07
2.41758023304e-10	2.20500512071e-07
2.42991482606e-10	1.93663598935e-07
2.44224941909e-10	1.39765767848e-07
2.45458401211e-10	6.89867234449e-08
2.46691860514e-10	-2.93318649924e-09
2.47925319817e-10	-5.9930967744e-08
2.49158779119e-10	-9.15009286118e-08
2.50392238422e-10	-9.61819068834e-08
2.51625697724e-10	-8.09708899929e-08
2.52859157027e-10	-5.76586165479e-08
2.54092616329e-10	-3.77903515147e-08
2.55326075632e-10	-2.88918220459e-08
2.56559534935e-10	-3.21179598473e-08
2.57792994237e-10	-4.23441459674e-08
2.5902645354e-10	-4.95007497214e-08
2.60259912842e-10	-4.17516505813e-08
2.61493372145e-10	-9.89158410736e-09
2.62726831447e-10	4.80291588723e-08
2.6396029075e-10	1.23308856459e-07
2.65193750053e-10	1.97025253001e-07
2.66427209355e-10	2.45015517208e-07
2.67660668658e-10	2.46288394123e-07
2.6889412796e-10	1.91893740009e-07
2.70127587263e-10	8.98638914393e-08
2.71361046565e-10	-3.58821066193e-08
2.72594505868e-10	-1.53036926243e-07
2.73827965171e-10	-2.31605515211e-07
2.75061424473e-10	-2.53312490983e-07
2.76294883776e-10	-2.16507043405e-07
2.77528343078e-10	-1.34478733038e-07
2.78761802381e-10	-2.90445600903e-08
2.79995261683e-10	7.7921250341e-08
2.81228720986e-10	1.70811016886e-07
2.82462180289e-10	2.4231506579e-07
2.83695639591e-10	2.90706035244e-07
2.84929098894e-10	3.14898109366e-07
2.86162558196e-10	3.1045269111e-07
2.87396017499e-10	2.69744393933e-07
2.88629476801e-10	1.86265243229e-07
2.89862936104e-10	6.08137646907e-08
2.91096395407e-10	-9.41191222736e-08
2.92329854709e-10	-2.5515171842e-07
2.93563314012e-10	-3.93702929813e-07
2.94796773314e-10	-4.84440040083e-07
2.96030232617e-10	-5.12487051907e-07
2.97263691919e-10	-4.76724856924e-07
2.98497151222e-10	-3.88537351625e-07
2.99730610524e-10	-2.67618341709e-07
3.00964069827e-10	-1.36765287095e-07
3.0219752913e-10	-1.72261009901e-08
3.03430988432e-10	7.50267865612e-08
3.04664447735e-10	1.31304212836e-07
3.05897907037e-10	1.50668224563e-07
3.0713136634e-10	1.38001867711e-07
3.08364825642e-10	1.00506456491e-07
3.09598284945e-10	4.41538254847e-08
3.10831744248e-10	-2.7800090896e-08
3.1206520355e-10	-1.12597582813e-07
3.13298662853e-10	-2.03703024226e-07
3.14532122155e-10	-2.8716015521e-07
3.15765581458e-10	-3.42470507064e-07
3.1699904076e-10	-3.48998316468e-07
3.18232500063e-10	-2.95722468735e-07
3.19465959366e-10	-1.89119992555e-07
3.20699418668e-10	-5.43812528342e-08
3.21932877971e-10	7.19137887017e-08
3.23166337273e-10	1.54957026766e-07
3.24399796576e-10	1.74843428624e-07
3.25633255878e-10	1.33962267945e-07
3.26866715181e-10	5.54793206931e-08
3.28100174484e-10	-2.56910430707e-08
3.29333633786e-10	-7.56536682189e-08
3.30567093089e-10	-7.27470093054e-08
3.31800552391e-10	-1.40466249743e-08
3.33034011694e-10	8.47012042726e-08
3.34267470996e-10	1.94531940778e-07
3.35500930299e-10	2.8240510197e-07
3.36734389602e-10	3.20954697486e-07
3.37967848904e-10	2.96406149403e-07
3.39201308207e-10	2.12249654297e-07
3.40434767509e-10	8.79669617149e-08
3.41668226812e-10	-4.665113984e-08
3.42901686114e-10	-1.59709053094e-07
3.44135145417e-10	-2.2540668887e-07
3.4536860472e-10	-2.2997553728e-07
3.46602064022e-10	-1.74159593413e-07
3.47835523325e-10	-7.22240969253e-08
3.49068982627e-10	5.2206301504e-08
3.5030244193e-10	1.72201094273e-07
3.51535901232e-10	2.64246851955e-07
3.52769360535e-10	3.13880615721e-07
3.54002819838e-10	3.1869560857e-07
3.5523627914e-10	2.87387816655e-07
3.56469738443e-10	2.35052786124e-07
3.57703197745e-10	1.76478295089e-07
3.58936657048e-10	1.20333329079e-07
3.6017011635e-10	6.69956379262e-08
3.61403575653e-10	1.13260805179e-08
3.62637034956e-10	-5.12995943502e-08
3.63870494258e-10	-1.18772184088e-07
3.65103953561e-10	-1.79630735175e-07
3.66337412863e-10	-2.16058367641e-07
3.67570872166e-10	-2.11085524171e-07
3.68804331468e-10	-1.56999469425e-07
3.70037790771e-10	-6.05117760344e-08
3.71271250074e-10	5.76727590129e-08
3.72504709376e-10	1.69128615113e-07
3.73738168679e-10	2.47075048421e-07
3.74971627981e-10	2.75268801531e-07
3.76205087284e-10	2.53031897657e-07
3.77438546586e-10	1.94913646112e-07
3.78672005889e-10	1.25090156011e-07
3.79905465192e-10	6.83108796196e-08
3.81138924494e-10	4.06530804575e-08
3.82372383797e-10	4.32049067633e-08
3.83605843099e-10	6.15562769646e-08
3.84839302402e-10	7.16574675153e-08
3.86072761704e-10	5.05288237918e-08
3.87306221007e-10	-1.26131334821e-08
3.8853968031e-10	-1.09476387955e-07
3.89773139612e-10	-2.13805973814e-07
3.91006598915e-10	-2.90330749664e-07
3.92240058217e-10	-3.08365358137e-07
3.9347351752e-10	-2.5418682803e-07
3.94706976822e-10	-1.37089743113e-07
3.95940436125e-10	1.34359319226e-08
3.97173895428e-10	1.58059622279e-07
3.9840735473e-10	2.60900200999e-07
3.99640814033e-10	3.00913210793e-07
4.00874273335e-10	2.77149254657e-07
4.02107732638e-10	2.06916105583e-07
4.0334119194e-10	1.18072835065e-07
4.04574651243e-10	3.88345524627e-08
4.05808110546e-10	-1.13598344065e-08
4.07041569848e-10	-2.72118825251e-08
4.08275029151e-10	-1.75813420489e-08
4.09508488453e-10	-6.69539840237e-10
4.10741947756e-10	3.9368079352e-09
4.11975407058e-10	-1.65712279454e-08
4.13208866361e-10	-6.2762102182e-08
4.14442325663e-10	-1.22316486717e-07
4.15675784966e-10	-1.74480362602e-07
4.16909244269e-10	-1.98111319349e-07
4.18142703571e-10	-1.80003697281e-07
4.19376162874e-10	-1.20393067071e-07
4.20609622176e-10	-3.33320491208e-08
4.21843081479e-10	5.80005252715e-08
4.23076540781e-10	1.29206301658e-07
4.24310000084e-10	1.62741999432e-07
4.25543459387e-10	1.53208608467e-07
4.26776918689e-10	1.08249571973e-07
4.28010377992e-10	4.49619714793e-08
4.29243837294e-10	-1.65938442986e-08
4.30477296597e-10	-6.02536460725e-08
4.31710755899e-10	-7.8751630106e-08
4.32944215202e-10	-7.50779376446e-08
4.34177674505e-10	-6.00589098454e-08
4.35411133807e-10	-4.71962726678e-08
4.3664459311e-10	-4.6809874199e-08
4.37878052412e-10	-6.18461557522e-08
4.39111511715e-10	-8.68244374175e-08
4.40344971017e-10	-1.10320421243e-07
4.4157843032e-10	-1.19761373263e-07
4.42811889623e-10	-1.06526355736e-07
4.44045348925e-10	-6.93895976234e-08
4.45278808228e-10	-1.48991250448e-08
4.4651226753e-10	4.5176005159e-08
4.47745726833e-10	9.80143237683e-08
4.48979186135e-10	1.33992298146e-07
4.50212645438e-10	1.4924200098e-07
4.51446104741e-10	1.45911551286e-07
4.52679564043e-10	1.30119262032e-07
4.53913023346e-10	1.08639186536e-07
4.55146482648e-10	8.5795551108e-08
4.56379941951e-10	6.16683166754e-08
4.57613401253e-10	3.2659538185e-08
4.58846860556e-10	-5.91878807077e-09
4.60080319859e-10	-5.61091280105e-08
4.61313779161e-10	-1.14228268622e-07
4.62547238464e-10	-1.70084389239e-07
4.63780697766e-10	-2.09295174969e-07
4.65014157069e-10	-2.17937305536e-07
4.66247616371e-10	-1.87948140606e-07
4.67481075674e-10	-1.20780014434e-07
4.68714534977e-10	-2.79398655323e-08
4.69947994279e-10	7.1923885514e-08
4.71181453582e-10	1.58213708801e-07
4.72414912884e-10	2.13844034036e-07
4.73648372187e-10	2.2940600175e-07
4.74881831489e-10	2.0482676355e-07
4.76115290792e-10	1.48506964059e-07
4.77348750095e-10	7.45970241134e-08
4.78582209397e-10	-9.4247293303e-10
4.798156687e-10	-6.42124926564e-08
4.81049128002e-10	-1.06535833488e-07
4.82282587305e-10	-1.25803811812e-07
4.83516046607e-10	-1.25812923635e-07
4.8474950591e-10	-1.13629936571e-07
4.85982965213e-10	-9.62040012098e-08
4.87216424515e-10	-7.74931390168e-08
4.88449883818e-10	-5.7386488006e-08
4.8968334312e-10	-3.26820386309e-08
4.90916802423e-10	4.35680241884e-10
4.92150261725e-10	4.36876108623e-08
4.93383721028e-10	9.5000688205e-08
4.94617180331e-10	1.48258822108e-07
4.95850639633e-10	1.94441737378e-07
4.97084098936e-10	2.2354624285e-07
4.98317558238e-10	2.26782082891e-07
4.99551017541e-10	1.98778190352e-07
5.00784476843e-10	1.39467781324e-07
5.02017936146e-10	5.52690559985e-08
5.03251395449e-10	-4.13220480056e-08
5.04484854751e-10	-1.33907243516e-07
5.05718314054e-10	-2.0613083862e-07
5.06951773356e-10	-2.4595799708e-07
5.08185232659e-10	-2.48733726949e-07
5.09418691961e-10	-2.17647697198e-07
5.10652151264e-10	-1.61642564223e-07
5.11885610567e-10	-9.19167550961e-08
5.13119069869e-10	-1.87088329273e-08
5.14352529172e-10	5.02762405041e-08
5.15585988474e-10	1.09788641289e-07
5.16819447777e-10	1.56020229625e-07
5.18052907079e-10	1.85882452541e-07
5.19286366382e-10	1.96999542013e-07
5.20519825685e-10	1.8827671866e-07
5.21753284987e-10	1.60421842921e-07
5.2298674429e-10	1.16052073729e-07
5.24220203592e-10	5.94801581322e-08
5.25453662895e-10	-3.51883225336e-09
5.26687122197e-10	-6.58897034711e-08
5.279205815e-10	-1.19720663605e-07
5.29154040803e-10	-1.57487530572e-07
5.30387500105e-10	-1.73986123286e-07
5.31620959408e-10	-1.68277734858e-07
5.3285441871e-10	-1.44315666084e-07
5.34087878013e-10	-1.09689626271e-07
5.35321337315e-10	-7.25930964229e-08
5.36554796618e-10	-3.87197496288e-08
5.3778825592e-10	-9.53729872855e-09
5.39021715223e-10	1.69892462321e-08
5.40255174526e-10	4.40031273641e-08
5.41488633828e-10	7.30826137385e-08
5.42722093131e-10	1.02885689302e-07
5.43955552433e-10	1.29461410481e-07
5.45189011736e-10	1.47692561292e-07
5.46422471038e-10	1.52756602034e-07
5.47655930341e-10	1.41022098887e-07
5.48889389644e-10	1.10545776089e-07
5.50122848946e-10	6.17225093258e-08
5.51356308249e-10	-1.7915721684e-09
5.52589767551e-10	-7.24667432728e-08
5.53823226854e-10	-1.39574678037e-07
5.55056686156e-10	-1.91520850734e-07
5.56290145459e-10	-2.19209775665e-07
5.57523604762e-10	-2.18847192812e-07
5.58757064064e-10	-1.92794788134e-07
5.59990523367e-10	-1.48085843144e-07
5.61223982669e-10	-9.35950730252e-08
5.62457441972e-10	-3.74028301664e-08
5.63690901274e-10	1.45589487133e-08
5.64924360577e-10	5.8516849144e-08
5.6615781988e-10	9.22409046922e-08
5.67391279182e-10	1.14727487066e-07
5.68624738485e-10	1.26158212765e-07
5.69858197787e-10	1.2778591163e-07
5.7109165709e-10	1.21239992268e-07
5.72325116392e-10	1.07387547743e-07
5.73558575695e-10	8.55839612512e-08
5.74792034998e-10	5.40503233282e-08
5.760254943e-10	1.15762690545e-08
5.77258953603e-10	-4.04131124121e-08
5.78492412905e-10	-9.6597664978e-08
5.79725872208e-10	-1.48390128629e-07
5.8095933151e-10	-1.86140932001e-07
5.82192790813e-10	-2.02045761455e-07
5.83426250116e-10	-1.9231343984e-07
5.84659709418e-10	-1.57991136618e-07
5.85893168721e-10	-1.0435306308e-07
5.87126628023e-10	-3.95335160164e-08
5.88360087326e-10	2.70181785833e-08
5.89593546628e-10	8.60978346395e-08
5.90827005931e-10	1.30143498644e-07
5.92060465234e-10	1.54445878309e-07
5.93293924536e-10	1.5777901119e-07
5.94527383839e-10	1.42220970112e-07
5.95760843141e-10	1.12070607905e-07
5.96994302444e-10	7.23277606696e-08
5.98227761746e-10	2.74346998452e-08
5.99461221049e-10	-1.91456765997e-08
6.00694680352e-10	-6.45303250835e-08
6.01928139654e-10	-1.05622047109e-07
6.03161598957e-10	-1.38654014492e-07
6.04395058259e-10	-1.59485049167e-07
6.05628517562e-10	-1.64573146222e-07
6.06861976864e-10	-1.52190875014e-07
6.08095436167e-10	-1.23305225586e-07
6.0932889547e-10	-8.17420264809e-08
6.10562354772e-10	-3.3644346864e-08
6.11795814075e-10	1.37513098686e-08
6.13029273377e-10	5.3583871118e-08
6.1426273268e-10	8.09003646296e-08
6.15496191982e-10	9.37107271781e-08
6.16729651285e-10	9.32893087224e-08
6.17963110588e-10	8.35434059709e-08
6.1919656989e-10	6.95004547246e-08
6.20430029193e-10	5.54853820667e-08
6.21663488495e-10	4.35808154009e-08
6.22896947798e-10	3.30829308393e-08
6.241304071e-10	2.11058872601e-08
6.25363866403e-10	4.22097540254e-09
6.26597325706e-10	-1.95818129489e-08
6.27830785008e-10	-4.93535483592e-08
6.29064244311e-10	-8.07415467818e-08
6.30297703613e-10	-1.06876739459e-07
6.31531162916e-10	-1.20311587359e-07
6.32764622218e-10	-1.15461538996e-07
6.33998081521e-10	-9.06231010234e-08
6.35231540824e-10	-4.89933360548e-08
6.36465000126e-10	1.8971611504e-09
6.37698459429e-10	5.20301441931e-08
6.38931918731e-10	9.16281477359e-08
6.40165378034e-10	1.13681458913e-07
6.41398837336e-10	1.15657084798e-07
6.42632296639e-10	9.96770976869e-08
6.43865755942e-10	7.1403487123e-08
6.45099215244e-10	3.80035081182e-08
6.46332674547e-10	5.9839715405e-09
6.47566133849e-10	-2.04485810507e-08
6.48799593152e-10	-4.00191182415e-08
6.50033052454e-10	-5.39383910869e-08
6.51266511757e-10	-6.4646723974e-08
6.52499971059e-10	-7.42449364211e-08
6.53733430362e-10	-8.31290378756e-08
6.54966889665e-10	-8.94257077277e-08
6.56200348967e-10	-8.94444491806e-08
6.5743380827e-10	-7.91015768442e-08
6.58667267572e-10	-5.58772730308e-08
6.59900726875e-10	-2.04994390351e-08
6.61134186177e-10	2.23638960684e-08
6.6236764548e-10	6.48789448832e-08
6.63601104783e-10	9.81491199425e-08
6.64834564085e-10	1.14939328277e-07
6.66068023388e-10	1.1202858019e-07
6.6730148269e-10	9.12487019278e-08
6.68534941993e-10	5.87944621877e-08
6.69768401295e-10	2.31139329898e-08
6.71001860598e-10	-7.91821663793e-09
6.72235319901e-10	-2.935892085e-08
6.73468779203e-10	-4.03634730084e-08
6.74702238506e-10	-4.37509104501e-08
6.75935697808e-10	-4.42340151174e-08
6.77169157111e-10	-4.60459581575e-08
6.78402616413e-10	-5.08847497471e-08
6.79636075716e-10	-5.69418410201e-08
6.80869535019e-10	-5.9511245265e-08
6.82102994321e-10	-5.2937792816e-08
6.83336453624e-10	-3.32676359793e-08
6.84569912926e-10	-5.28909249731e-10
6.85803372229e-10	4.03874427235e-08
6.87036831531e-10	8.07249298518e-08
6.88270290834e-10	1.10562933031e-07
6.89503750137e-10	1.2217066736e-07
6.90737209439e-10	1.12744382719e-07
6.91970668742e-10	8.53437116533e-08
6.93204128044e-10	4.76811292671e-08
6.94437587347e-10	9.28082927176e-09
6.95671046649e-10	-2.1815305784e-08
6.96904505952e-10	-4.14504737201e-08
6.98137965255e-10	-5.00488770427e-08
6.99371424557e-10	-5.1480604224e-08
7.0060488386e-10	-5.08011748224e-08
7.01838343162e-10	-5.18038416608e-08
7.03071802465e-10	-5.54088290805e-08
7.04305261767e-10	-5.93525397719e-08
7.0553872107e-10	-5.9246637818e-08
7.06772180373e-10	-5.05700024078e-08
7.08005639675e-10	-3.07783305509e-08
7.09239098978e-10	-8.3246118332e-10
7.1047255828e-10	3.45476585117e-08
7.11706017583e-10	6.80312304269e-08
7.12939476885e-10	9.1949116765e-08
7.14172936188e-10	1.00826138549e-07
7.15406395491e-10	9.32777171059e-08
7.16639854793e-10	7.24701725296e-08
7.17873314096e-10	4.49319053075e-08
7.19106773398e-10	1.82228386825e-08
7.20340232701e-10	-1.6737896763e-09
7.21573692003e-10	-1.21552791166e-08
7.22807151306e-10	-1.44577398942e-08
7.24040610609e-10	-1.26186526783e-08
7.25274069911e-10	-1.15378399057e-08
7.26507529214e-10	-1.49081322842e-08
7.27740988516e-10	-2.37702930672e-08
7.28974447819e-10	-3.61526846238e-08
7.30207907121e-10	-4.78035544482e-08
7.31441366424e-10	-5.37300417491e-08
7.32674825727e-10	-4.99790702158e-08
7.33908285029e-10	-3.512931257e-08
7.35141744332e-10	-1.09766937761e-08
7.36375203634e-10	1.77946322122e-08
7.37608662937e-10	4.49302421934e-08
7.38842122239e-10	6.44869007083e-08
7.40075581542e-10	7.26381399474e-08
7.41309040845e-10	6.87716408265e-08
7.42542500147e-10	5.54421362153e-08
7.4377595945e-10	3.72468829113e-08
7.45009418752e-10	1.90799797073e-08
7.46242878055e-10	4.45842396335e-09
7.47476337357e-10	-5.40213623834e-09
7.4870979666e-10	-1.15093253816e-08
7.49943255963e-10	-1.61160653711e-08
7.51176715265e-10	-2.14329938242e-08
7.52410174568e-10	-2.84703400855e-08
7.5364363387e-10	-3.65544863268e-08
7.54877093173e-10	-4.35379576835e-08
7.56110552475e-10	-4.65976639497e-08
7.57344011778e-10	-4.32692202068e-08
7.58577471081e-10	-3.24066025126e-08
7.59810930383e-10	-1.47789802618e-08
7.61044389686e-10	6.90179913221e-09
7.62277848988e-10	2.85416641432e-08
7.63511308291e-10	4.57928472919e-08
7.64744767593e-10	5.53055317098e-08
7.65978226896e-10	5.5813376143e-08
7.67211686198e-10	4.84849644877e-08
7.68445145501e-10	3.64543490949e-08
7.69678604804e-10	2.35987016595e-08
7.70912064106e-10	1.3124787146e-08
7.72145523409e-10	6.50008541436e-09
7.73378982711e-10	3.19519877223e-09
7.74612442014e-10	1.22961812954e-09
7.75845901316e-10	-1.72476602445e-09
7.77079360619e-10	-7.266906632e-09
7.78312819922e-10	-1.55595146767e-08
7.79546279224e-10	-2.5253495739e-08
7.80779738527e-10	-3.39161141394e-08
7.82013197829e-10	-3.88082814773e-08
7.83246657132e-10	-3.77377786798e-08
7.84480116434e-10	-2.97940414562e-08
7.85713575737e-10	-1.57543437185e-08
7.8694703504e-10	1.95775470835e-09
7.88180494342e-10	1.98415810448e-08
7.89413953645e-10	3.42793538e-08
7.90647412947e-10	4.25835113838e-08
7.9188087225e-10	4.37592473368e-08
7.93114331552e-10	3.86424456877e-08
7.94347790855e-10	2.93760333836e-08
7.95581250158e-10	1.85089605864e-08
7.9681470946e-10	8.08637340421e-09
7.98048168763e-10	-8.36272093241e-10
7.99281628065e-10	-8.17286788246e-09
8.00515087368e-10	-1.43874705483e-08
8.0174854667e-10	-1.99650977972e-08
8.02982005973e-10	-2.49997649249e-08
8.04215465276e-10	-2.90484598597e-08
8.05448924578e-10	-3.12080963294e-08
8.06682383881e-10	-3.03885894226e-08
8.07915843183e-10	-2.56819103761e-08
8.09149302486e-10	-1.67889915303e-08
8.10382761788e-10	-4.37138497622e-09
8.11616221091e-10	9.82499703817e-09
8.12849680394e-10	2.32139230061e-08
8.14083139696e-10	3.29927536402e-08
8.15316598999e-10	3.69776320674e-08
8.16550058301e-10	3.43167749772e-08
8.17783517604e-10	2.58113013185e-08
8.19016976906e-10	1.36429363362e-08
8.20250436209e-10	6.62543339636e-10
8.21483895512e-10	-1.04770889742e-08
8.22717354814e-10	-1.80450491216e-08
8.23950814117e-10	-2.1568977715e-08
8.25184273419e-10	-2.17658697732e-08
8.26417732722e-10	-2.01039778158e-08
8.27651192024e-10	-1.82126523862e-08
8.28884651327e-10	-1.72691857481e-08
8.3011811063e-10	-1.75681982295e-08
8.31351569932e-10	-1.84161415007e-08
8.32585029235e-10	-1.84193129638e-08
8.33818488537e-10	-1.60935017535e-08
8.3505194784e-10	-1.05686357443e-08
8.36285407142e-10	-2.10285339142e-09
8.37518866445e-10	7.84620807215e-09
8.38752325748e-10	1.70182818948e-08
8.3998578505e-10	2.31093926217e-08
8.41219244353e-10	2.45341600369e-08
8.42452703655e-10	2.09308339549e-08
8.43686162958e-10	1.3210583294e-08
8.4491962226e-10	3.18776346986e-09
8.46153081563e-10	-6.99373536861e-09
8.47386540866e-10	-1.54734176583e-08
8.48620000168e-10	-2.10799189215e-08
8.49853459471e-10	-2.35032950879e-08
8.51086918773e-10	-2.31780297177e-08
8.52320378076e-10	-2.09992698785e-08
8.53553837378e-10	-1.79274666223e-08
8.54787296681e-10	-1.46393603906e-08
8.56020755984e-10	-1.13215764541e-08
8.57254215286e-10	-7.70245289772e-09
8.58487674589e-10	-3.29537080956e-09
8.59721133891e-10	2.23034339608e-09
8.60954593194e-10	8.75452227378e-09
8.62188052496e-10	1.55792521106e-08
8.63421511799e-10	2.15758002575e-08
8.64654971102e-10	2.55126251236e-08
8.65888430404e-10	2.64482296064e-08
8.67121889707e-10	2.39996713614e-08
8.68355349009e-10	1.84267261449e-08
8.69588808312e-10	1.05321655841e-08
8.70822267614e-10	1.43438395883e-09
8.72055726917e-10	-7.67059160633e-09
8.7328918622e-10	-1.57373230003e-08
8.74522645522e-10	-2.20184914745e-08
8.75756104825e-10	-2.61793775547e-08
8.76989564127e-10	-2.8275920716e-08
8.7822302343e-10	-2.86800225791e-08
8.79456482732e-10	-2.78303309287e-08
8.80689942035e-10	-2.60038306443e-08
8.81923401338e-10	-2.3108517766e-08
8.8315686064e-10	-1.8710334837e-08
8.84390319943e-10	-1.22642541678e-08
8.85623779245e-10	-3.50705661734e-09
8.86857238548e-10	7.16303305559e-09
8.8809069785e-10	1.85251728402e-08
8.89324157153e-10	2.87078949501e-08
8.90557616455e-10	3.56358198506e-08
8.91791075758e-10	3.75893121074e-08
8.93024535061e-10	3.36960324088e-08
8.94257994363e-10	2.41772668552e-08
8.95491453666e-10	1.03415856989e-08
8.96724912968e-10	-5.68102448417e-09
8.97958372271e-10	-2.13473843047e-08
8.99191831573e-10	-3.42146202481e-08
9.00425290876e-10	-4.24420414369e-08
9.01658750179e-10	-4.51884658581e-08
9.02892209481e-10	-4.27701563055e-08
9.04125668784e-10	-3.6483759791e-08
9.05359128086e-10	-2.81065313246e-08
9.06592587389e-10	-1.9275052221e-08
9.07826046691e-10	-1.09558009331e-08
9.09059505994e-10	-3.28892435508e-09
9.10292965297e-10	4.15517120711e-09
9.11526424599e-10	1.18287694084e-08
9.12759883902e-10	1.9674180729e-08
9.13993343204e-10	2.68864244202e-08
9.15226802507e-10	3.208177346e-08
9.16460261809e-10	3.37735410749e-08
9.17693721112e-10	3.09324401648e-08
9.18927180415e-10	2.33899684066e-08
9.20160639717e-10	1.19530878528e-08
9.2139409902e-10	-1.75224301735e-09
9.22627558322e-10	-1.56317243594e-08
9.23861017625e-10	-2.7548789916e-08
9.25094476927e-10	-3.57665794759e-08
9.2632793623e-10	-3.93314047997e-08
9.27561395533e-10	-3.82749161254e-08
9.28794854835e-10	-3.35583996147e-08
9.30028314138e-10	-2.66761113199e-08
9.3126177344e-10	-1.90760414132e-08
9.32495232743e-10	-1.1599548877e-08
9.33728692045e-10	-4.27306467987e-09
9.34962151348e-10	3.43513331669e-09
9.36195610651e-10	1.19705041435e-08
9.37429069953e-10	2.10739155015e-08
9.38662529256e-10	2.94955351254e-08
9.39895988558e-10	3.52934852454e-08
9.41129447861e-10	3.65461914065e-08
9.42362907163e-10	3.21581867802e-08
9.43596366466e-10	2.23493508145e-08
9.44829825769e-10	8.65951488294e-09
9.46063285071e-10	-6.50048653794e-09
9.47296744374e-10	-2.04722123698e-08
9.48530203676e-10	-3.09582295355e-08
9.49763662979e-10	-3.644353197e-08
9.50997122281e-10	-3.64544150422e-08
9.52230581584e-10	-3.16092125807e-08
9.53464040887e-10	-2.34494714757e-08
9.54697500189e-10	-1.40045455232e-08
9.55930959492e-10	-5.154430327e-09
9.57164418794e-10	1.99094582487e-09
9.58397878097e-10	7.37445293719e-09
9.59631337399e-10	1.17692902091e-08
9.60864796702e-10	1.60995942133e-08
9.62098256005e-10	2.06867623032e-08
9.63331715307e-10	2.48371181399e-08
9.6456517461e-10	2.70314561845e-08
9.65798633912e-10	2.56224363948e-08
9.67032093215e-10	1.96582217171e-08
9.68265552517e-10	9.41037736624e-09
9.6949901182e-10	-3.63513169566e-09
9.70732471123e-10	-1.7240910144e-08
9.71965930425e-10	-2.90661206215e-08
9.73199389728e-10	-3.71973059021e-08
9.7443284903e-10	-4.04752595884e-08
9.75666308333e-10	-3.86010556852e-08
9.76899767635e-10	-3.21417192861e-08
9.78133226938e-10	-2.2395270971e-08
9.79366686241e-10	-1.11242498546e-08
9.80600145543e-10	-9.70516306209e-11
9.81833604846e-10	9.38231325964e-09
9.83067064148e-10	1.67813968277e-08
9.84300523451e-10	2.22435150299e-08
9.85533982753e-10	2.61569601534e-08
9.86767442056e-10	2.86052299625e-08
9.88000901359e-10	2.90827038008e-08
9.89234360661e-10	2.66545290284e-08
9.90467819964e-10	2.05212833393e-08
9.91701279266e-10	1.06425942503e-08
9.92934738569e-10	-1.92763421891e-09
9.94168197871e-10	-1.52149561838e-08
9.95401657174e-10	-2.68834088324e-08
9.96635116477e-10	-3.49091324736e-08
9.97868575779e-10	-3.80755964535e-08
9.99102035082e-10	-3.6150340943e-08
1.00033549438e-09	-2.97950477623e-08
1.00156895369e-09	-2.03164032264e-08
1.00280241299e-09	-9.37752309138e-09
1.00403587229e-09	1.33198631291e-09
1.00526933159e-09	1.04329841433e-08
1.0065027909e-09	1.71621523659e-08
1.0077362502e-09	2.14916930918e-08
1.0089697095e-09	2.39840078908e-08
1.0102031688e-09	2.53760950031e-08
1.01143662811e-09	2.61032564453e-08
1.01267008741e-09	2.59883070619e-08
1.01390354671e-09	2.43065199079e-08
1.01513700602e-09	2.01925647314e-08
1.01637046532e-09	1.31852225804e-08
1.01760392462e-09	3.62098501183e-09
1.01883738392e-09	-7.33039617895e-09
1.02007084323e-09	-1.7966363508e-08
1.02130430253e-09	-2.65443642622e-08
1.02253776183e-09	-3.17388682003e-08
1.02377122113e-09	-3.29090337203e-08
1.02500468044e-09	-3.01541689396e-08
1.02623813974e-09	-2.41949364987e-08
1.02747159904e-09	-1.61515858466e-08
1.02870505834e-09	-7.27125082367e-09
1.02993851765e-09	1.34569358434e-09
1.03117197695e-09	8.97201191119e-09
1.03240543625e-09	1.53379721146e-08
1.03363889555e-09	2.05401429199e-08
1.03487235486e-09	2.4776132479e-08
1.03610581416e-09	2.80462184588e-08
1.03733927346e-09	2.99541222937e-08
1.03857273276e-09	2.97666238325e-08
1.03980619207e-09	2.67079927063e-08
1.04103965137e-09	2.03788230735e-08
1.04227311067e-09	1.1076323192e-08
1.04350656997e-09	-1.15911738541e-10
1.04474002928e-09	-1.15702771808e-08
1.04597348858e-09	-2.15255078206e-08
1.04720694788e-09	-2.85626575725e-08
1.04844040718e-09	-3.19279018779e-08
1.04967386649e-09	-3.16400983191e-08
1.05090732579e-09	-2.8351507364e-08
1.05214078509e-09	-2.30693184555e-08
1.05337424439e-09	-1.68119629329e-08
1.0546077037e-09	-1.0328468858e-08
1.055841163e-09	-3.95052113245e-09
1.0570746223e-09	2.37257477553e-09
1.05830808161e-09	8.86679130119e-09
1.05954154091e-09	1.56287289776e-08
1.06077500021e-09	2.23529894594e-08
1.06200845951e-09	2.82189258627e-08
1.06324191882e-09	3.20225788109e-08
1.06447537812e-09	3.25330955508e-08
1.06570883742e-09	2.89375092777e-08
1.06694229672e-09	2.12191231252e-08
1.06817575603e-09	1.02784610823e-08
1.06940921533e-09	-2.21692973701e-09
1.07064267463e-09	-1.42438791872e-08
1.07187613393e-09	-2.39224864362e-08
1.07310959324e-09	-2.99734002063e-08
1.07434305254e-09	-3.19604966936e-08
1.07557651184e-09	-3.02997125168e-08
1.07680997114e-09	-2.60090828874e-08
1.07804343045e-09	-2.03225047901e-08
1.07927688975e-09	-1.42712244244e-08
1.08051034905e-09	-8.40830627347e-09
1.08174380835e-09	-2.74919426113e-09
1.08297726766e-09	3.02980851519e-09
1.08421072696e-09	9.23222881477e-09
1.08544418626e-09	1.57919479715e-08
1.08667764556e-09	2.21001261735e-08
1.08791110487e-09	2.70962066118e-08
1.08914456417e-09	2.95990687516e-08
1.09037802347e-09	2.87233119511e-08
1.09161148277e-09	2.42273701101e-08
1.09284494208e-09	1.66409158675e-08
1.09407840138e-09	7.17249343252e-09
1.09531186068e-09	-2.59703603067e-09
1.09654531998e-09	-1.11012925519e-08
1.09777877929e-09	-1.71741628696e-08
1.09901223859e-09	-2.03161156787e-08
1.10024569789e-09	-2.07698835908e-08
1.10147915719e-09	-1.93546665361e-08
1.1027126165e-09	-1.71120219106e-08
1.1039460758e-09	-1.48684367041e-08
1.1051795351e-09	-1.29047772468e-08
1.10641299441e-09	-1.08912150409e-08
1.10764645371e-09	-8.13067163596e-09
1.10887991301e-09	-4.00432537129e-09
1.11011337231e-09	1.60710392216e-09
1.11134683162e-09	8.12619715962e-09
1.11258029092e-09	1.4403090498e-08
1.11381375022e-09	1.91000415484e-08
1.11504720952e-09	2.1132285033e-08
1.11628066883e-09	2.00076817336e-08
1.11751412813e-09	1.5944656262e-08
1.11874758743e-09	9.77824043957e-09
1.11998104673e-09	2.73801725736e-09
1.12121450604e-09	-3.8587728568e-09
1.12244796534e-09	-8.91249835044e-09
1.12368142464e-09	-1.18219163348e-08
1.12491488394e-09	-1.26373986831e-08
1.12614834325e-09	-1.20152647831e-08
1.12738180255e-09	-1.09413327287e-08
1.12861526185e-09	-1.02974625493e-08
1.12984872115e-09	-1.04575306192e-08
1.13108218046e-09	-1.11218592114e-08
1.13231563976e-09	-1.14761792291e-08
1.13354909906e-09	-1.06058589688e-08
1.13478255836e-09	-7.96960514249e-09
1.13601601767e-09	-3.67849786742e-09
1.13724947697e-09	1.52161440392e-09
1.13848293627e-09	6.5263461857e-09
1.13971639557e-09	1.02573142202e-08
1.14094985488e-09	1.19811822685e-08
1.14218331418e-09	1.14757781056e-08
1.14341677348e-09	9.03586244716e-09
1.14465023278e-09	5.38144906415e-09
1.14588369209e-09	1.4720810404e-09
1.14711715139e-09	-1.73207109766e-09
1.14835061069e-09	-3.5561661671e-09
1.14958407e-09	-3.85283724369e-09
1.1508175293e-09	-3.09303993529e-09
1.1520509886e-09	-2.1954983942e-09
1.1532844479e-09	-2.14019844902e-09
1.15451790721e-09	-3.50488144063e-09
1.15575136651e-09	-6.16064582681e-09
1.15698482581e-09	-9.27898596847e-09
1.15821828511e-09	-1.16710040521e-08
1.15945174442e-09	-1.22832397587e-08
1.16068520372e-09	-1.0625592739e-08
1.16191866302e-09	-6.9472962938e-09
1.16315212232e-09	-2.11538063455e-09
1.16438558163e-09	2.70641309363e-09
1.16561904093e-09	6.43326814043e-09
1.16685250023e-09	8.34446051146e-09
1.16808595953e-09	8.25450569009e-09
1.16931941884e-09	6.51697440457e-09
1.17055287814e-09	3.92462512488e-09
1.17178633744e-09	1.45571371624e-09
1.17301979674e-09	-3.48210522916e-11
1.17425325605e-09	-1.60158471554e-10
1.17548671535e-09	8.27270425774e-10
1.17672017465e-09	2.08913045197e-09
1.17795363395e-09	2.55336368715e-09
1.17918709326e-09	1.3932719839e-09
1.18042055256e-09	-1.5423739369e-09
1.18165401186e-09	-5.59532942201e-09
1.18288747116e-09	-9.52161027801e-09
1.18412093047e-09	-1.1982025816e-08
1.18535438977e-09	-1.20722191133e-08
1.18658784907e-09	-9.66475977027e-09
1.18782130837e-09	-5.42050765384e-09
1.18905476768e-09	-5.18472102057e-10
1.19028822698e-09	3.76564851523e-09
1.19152168628e-09	6.46212444666e-09
1.19275514559e-09	7.164496163e-09
1.19398860489e-09	6.09582306854e-09
1.19522206419e-09	3.99027130782e-09
1.19645552349e-09	1.83054259251e-09
1.1976889828e-09	4.90810878051e-10
1.1989224421e-09	4.05029190742e-10
1.2001559014e-09	1.36509631377e-09
1.2013893607e-09	2.57017654381e-09
1.20262282001e-09	2.93784133132e-09
1.20385627931e-09	1.59767347963e-09
1.20508973861e-09	-1.66803811041e-09
1.20632319791e-09	-6.21996881778e-09
1.20755665722e-09	-1.07353460566e-08
1.20879011652e-09	-1.36962382546e-08
1.21002357582e-09	-1.39771634267e-08
1.21125703512e-09	-1.12870325308e-08
1.21249049443e-09	-6.26667762127e-09
1.21372395373e-09	-2.38409174347e-10
1.21495741303e-09	5.2682140872e-09
1.21619087233e-09	9.01488816929e-09
1.21742433164e-09	1.03924835404e-08
1.21865779094e-09	9.52633616436e-09
1.21989125024e-09	7.14407139002e-09
1.22112470954e-09	4.27959540028e-09
1.22235816885e-09	1.9022795561e-09
1.22359162815e-09	5.96475500936e-10
1.22482508745e-09	3.62374418666e-10
1.22605854675e-09	6.46585861241e-10
1.22729200606e-09	5.84599528508e-10
1.22852546536e-09	-5.95562196781e-10
1.22975892466e-09	-3.18239709585e-09
1.23099238396e-09	-6.76341177508e-09
1.23222584327e-09	-1.03159957243e-08
1.23345930257e-09	-1.25832815279e-08
1.23469276187e-09	-1.25776398185e-08
1.23592622118e-09	-9.98346616488e-09
1.23715968048e-09	-5.29170174346e-09
1.23839313978e-09	4.0013262495e-10
1.23962659908e-09	5.79984005267e-09
1.24086005839e-09	9.86169867989e-09
1.24209351769e-09	1.20777619017e-08
1.24332697699e-09	1.25308873278e-08
1.24456043629e-09	1.17273813993e-08
1.2457938956e-09	1.03235052729e-08
1.2470273549e-09	8.84520406919e-09
1.2482608142e-09	7.5063861793e-09
1.2494942735e-09	6.15487638633e-09
1.25072773281e-09	4.36680422378e-09
1.25196119211e-09	1.65238782379e-09
1.25319465141e-09	-2.27724969437e-09
1.25442811071e-09	-7.27189680694e-09
1.25566157002e-09	-1.26412073032e-08
1.25689502932e-09	-1.72735837856e-08
1.25812848862e-09	-1.99525360678e-08
1.25936194792e-09	-1.97791214518e-08
1.26059540723e-09	-1.65109257377e-08
1.26182886653e-09	-1.06718023307e-08
1.26306232583e-09	-3.37600009059e-09
1.26429578513e-09	4.04414687849e-09
1.26552924444e-09	1.04440607274e-08
1.26676270374e-09	1.51312340435e-08
1.26799616304e-09	1.79121747435e-08
1.26922962234e-09	1.89532187722e-08
1.27046308165e-09	1.85596129576e-08
1.27169654095e-09	1.70049022641e-08
1.27293000025e-09	1.4437428808e-08
1.27416345955e-09	1.09086127908e-08
1.27539691886e-09	6.42944314455e-09
1.27663037816e-09	1.06827034718e-09
1.27786383746e-09	-4.96842966768e-09
1.27909729677e-09	-1.12576999944e-08
1.28033075607e-09	-1.71513818703e-08
1.28156421537e-09	-2.18359923476e-08
1.28279767467e-09	-2.45122180331e-08
1.28403113398e-09	-2.46063251996e-08
1.28526459328e-09	-2.19682649849e-08
1.28649805258e-09	-1.69209082301e-08
1.28773151188e-09	-1.01631882909e-08
1.28896497119e-09	-2.55277782246e-09
1.29019843049e-09	5.11507819434e-09
1.29143188979e-09	1.22211101239e-08
1.29266534909e-09	1.83093232797e-08
1.2938988084e-09	2.29905099403e-08
1.2951322677e-09	2.58653285456e-08
1.296365727e-09	2.65333901517e-08
1.2975991863e-09	2.47059999126e-08
1.29883264561e-09	2.03344476812e-08
1.30006610491e-09	1.37039639636e-08
1.30129956421e-09	5.42078132382e-09
1.30253302351e-09	-3.66578381539e-09
1.30376648282e-09	-1.25938526274e-08
1.30499994212e-09	-2.0404323342e-08
1.30623340142e-09	-2.62590609257e-08
1.30746686072e-09	-2.95374471548e-08
1.30870032003e-09	-2.99260205505e-08
1.30993377933e-09	-2.7460609564e-08
1.31116723863e-09	-2.2502796071e-08
1.31240069793e-09	-1.56409392105e-08
1.31363415724e-09	-7.55944740138e-09
1.31486761654e-09	1.06279757911e-09
1.31610107584e-09	9.58290086173e-09
1.31733453514e-09	1.73600883668e-08
1.31856799445e-09	2.3716558939e-08
1.31980145375e-09	2.79614902343e-08
1.32103491305e-09	2.95056350463e-08
1.32226837235e-09	2.80303988909e-08
1.32350183166e-09	2.36194133141e-08
1.32473529096e-09	1.67864890877e-08
1.32596875026e-09	8.37583991053e-09
1.32720220957e-09	-6.22371053999e-10
1.32843566887e-09	-9.26349963404e-09
1.32966912817e-09	-1.67789282468e-08
1.33090258747e-09	-2.26342589116e-08
1.33213604678e-09	-2.6513091278e-08
1.33336950608e-09	-2.82699079701e-08
1.33460296538e-09	-2.7871237096e-08
1.33583642468e-09	-2.53542133954e-08
1.33706988399e-09	-2.08027104431e-08
1.33830334329e-09	-1.43813686515e-08
1.33953680259e-09	-6.3976293152e-09
1.34077026189e-09	2.60223684267e-09
1.3420037212e-09	1.1789848986e-08
1.3432371805e-09	2.0090348718e-08
1.3444706398e-09	2.63573030068e-08
1.3457040991e-09	2.96184567983e-08
1.34693755841e-09	2.93327038214e-08
1.34817101771e-09	2.55410381733e-08
1.34940447701e-09	1.88595088435e-08
1.35063793631e-09	1.03126926998e-08
1.35187139562e-09	1.08739491717e-09
1.35310485492e-09	-7.71728847493e-09
1.35433831422e-09	-1.52598796932e-08
1.35557177352e-09	-2.10222839137e-08
1.35680523283e-09	-2.47816105414e-08
1.35803869213e-09	-2.65171866687e-08
1.35927215143e-09	-2.6303760281e-08
1.36050561073e-09	-2.42272597539e-08
1.36173907004e-09	-2.03558014888e-08
1.36297252934e-09	-1.47900657277e-08
1.36420598864e-09	-7.76141884096e-09
1.36543944794e-09	2.59384534684e-10
1.36667290725e-09	8.5153330498e-09
1.36790636655e-09	1.6033305017e-08
1.36913982585e-09	2.17958262549e-08
1.37037328516e-09	2.49829710253e-08
1.37160674446e-09	2.51683136554e-08
1.37284020376e-09	2.24198959398e-08
1.37407366306e-09	1.7248357187e-08
1.37530712237e-09	1.04609796381e-08
1.37654058167e-09	2.96054694648e-09
1.37777404097e-09	-4.41935632534e-09
1.37900750027e-09	-1.10282338817e-08
1.38024095958e-09	-1.64218632026e-08
1.38147441888e-09	-2.03402055199e-08
1.38270787818e-09	-2.26403036319e-08
1.38394133748e-09	-2.32309780301e-08
1.38517479679e-09	-2.20280658159e-08
1.38640825609e-09	-1.89699322917e-08
1.38764171539e-09	-1.4082106814e-08
1.38887517469e-09	-7.59214885404e-09
1.390108634e-09	-1.16711224019e-11
1.3913420933e-09	7.84864123693e-09
1.3925755526e-09	1.49863053078e-08
1.3938090119e-09	2.03989536374e-08
1.39504247121e-09	2.33159396235e-08
1.39627593051e-09	2.336756455e-08
1.39750938981e-09	2.06472845488e-08
1.39874284911e-09	1.56507670157e-08
1.39997630842e-09	9.13365072464e-09
1.40120976772e-09	1.948417927e-09
1.40244322702e-09	-5.09875847099e-09
1.40367668632e-09	-1.13347499164e-08
1.40491014563e-09	-1.62706147444e-08
1.40614360493e-09	-1.95998641761e-08
1.40737706423e-09	-2.11819901619e-08
1.40861052353e-09	-2.09985495658e-08
1.40984398284e-09	-1.91156737106e-08
1.41107744214e-09	-1.56611288382e-08
1.41231090144e-09	-1.08384476949e-08
1.41354436075e-09	-4.96328128596e-09
1.41477782005e-09	1.49943324423e-09
1.41601127935e-09	7.94445881303e-09
1.41724473865e-09	1.36849196419e-08
1.41847819796e-09	1.8066605989e-08
1.41971165726e-09	2.05846142354e-08
1.42094511656e-09	2.09665673712e-08
1.42217857586e-09	1.91943123617e-08
1.42341203517e-09	1.54762074267e-08
1.42464549447e-09	1.01941415309e-08
1.42587895377e-09	3.85670656522e-09
1.42711241307e-09	-2.93797261519e-09
1.42834587238e-09	-9.53691947636e-09
1.42957933168e-09	-1.52799686237e-08
1.43081279098e-09	-1.95684617399e-08
1.43204625028e-09	-2.19418962999e-08
1.43327970959e-09	-2.21431519787e-08
1.43451316889e-09	-2.01519931853e-08
1.43574662819e-09	-1.61830298051e-08
1.43698008749e-09	-1.0658587124e-08
1.4382135468e-09	-4.15327136571e-09
1.4394470061e-09	2.66773275692e-09
1.4406804654e-09	9.12637287964e-09
1.4419139247e-09	1.46061379658e-08
1.44314738401e-09	1.86179389683e-08
1.44438084331e-09	2.08386248257e-08
1.44561430261e-09	2.11192157096e-08
1.44684776191e-09	1.94651343932e-08
1.44808122122e-09	1.60171438335e-08
1.44931468052e-09	1.10385173224e-08
1.45054813982e-09	4.92707730171e-09
1.45178159912e-09	-1.78169318188e-09
1.45301505843e-09	-8.42858571826e-09
1.45424851773e-09	-1.42939606818e-08
1.45548197703e-09	-1.86992449303e-08
1.45671543634e-09	-2.11267958683e-08
1.45794889564e-09	-2.13182136388e-08
1.45918235494e-09	-1.93219893418e-08
1.46041581424e-09	-1.54722151757e-08
1.46164927355e-09	-1.03080549652e-08
1.46288273285e-09	-4.46311740343e-09
1.46411619215e-09	1.45441927946e-09
1.46534965145e-09	6.94283808222e-09
1.46658311076e-09	1.16502261172e-08
1.46781657006e-09	1.53538285419e-08
1.46905002936e-09	1.7914009387e-08
1.47028348866e-09	1.92048137393e-08
1.47151694797e-09	1.90873787886e-08
1.47275040727e-09	1.74180191381e-08
1.47398386657e-09	1.41248367447e-08
1.47521732587e-09	9.29963173135e-09
1.47645078518e-09	3.28230892466e-09
1.47768424448e-09	-3.32331656638e-09
1.47891770378e-09	-9.71287228424e-09
1.48015116308e-09	-1.50306443958e-08
1.48138462239e-09	-1.85485103943e-08
1.48261808169e-09	-1.98320344591e-08
1.48385154099e-09	-1.8827318149e-08
1.48508500029e-09	-1.58570094833e-08
1.4863184596e-09	-1.15149719759e-08
1.4875519189e-09	-6.51031584198e-09
1.4887853782e-09	-1.49596238175e-09
1.4900188375e-09	3.05679750956e-09
1.49125229681e-09	6.90532520053e-09
1.49248575611e-09	1.00002991443e-08
1.49371921541e-09	1.23866583657e-08
1.49495267471e-09	1.40851842412e-08
1.49618613402e-09	1.50118126818e-08
1.49741959332e-09	1.49702090724e-08
1.49865305262e-09	1.37233189257e-08
1.49988651193e-09	1.11225041399e-08
1.50111997123e-09	7.2295345821e-09
1.50235343053e-09	2.38520786455e-09
1.50358688983e-09	-2.81958539849e-09
1.50482034914e-09	-7.66298924315e-09
1.50605380844e-09	-1.14641354187e-08
1.50728726774e-09	-1.37496835029e-08
1.50852072704e-09	-1.43550029641e-08
1.50975418635e-09	-1.34334527946e-08
1.51098764565e-09	-1.13766497334e-08
1.51222110495e-09	-8.67312882624e-09
1.51345456425e-09	-5.7649820473e-09
1.51468802356e-09	-2.93786678318e-09
1.51592148286e-09	-2.87257030662e-10
1.51715494216e-09	2.23822106682e-09
1.51838840146e-09	4.73295586056e-09
1.51962186077e-09	7.21533904846e-09
1.52085532007e-09	9.53749357269e-09
1.52208877937e-09	1.13785677547e-08
1.52332223867e-09	1.23187094969e-08
1.52455569798e-09	1.19869458803e-08
1.52578915728e-09	1.0214631585e-08
1.52702261658e-09	7.13894232618e-09
1.52825607588e-09	3.20499399242e-09
1.52948953519e-09	-9.38344180135e-10
1.53072299449e-09	-4.61492186132e-09
1.53195645379e-09	-7.29984017678e-09
1.53318991309e-09	-8.74563332864e-09
1.5344233724e-09	-9.01210267523e-09
1.5356568317e-09	-8.40127556412e-09
1.536890291e-09	-7.32786126223e-09
1.5381237503e-09	-6.16950313059e-09
1.53935720961e-09	-5.1501024001e-09
1.54059066891e-09	-4.28726126822e-09
1.54182412821e-09	-3.41701847373e-09
1.54305758751e-09	-2.28913850375e-09
1.54429104682e-09	-6.98158038326e-10
1.54552450612e-09	1.394266258e-09
1.54675796542e-09	3.79705075715e-09
1.54799142473e-09	6.11620537549e-09
1.54922488403e-09	7.86870529845e-09
1.55045834333e-09	8.64215371488e-09
1.55169180263e-09	8.2414140512e-09
1.55292526194e-09	6.75759487256e-09
1.55415872124e-09	4.53713777659e-09
1.55539218054e-09	2.06155303939e-09
1.55662563984e-09	-2.08354120415e-10
1.55785909915e-09	-1.96635556449e-09
1.55909255845e-09	-3.12586320717e-09
1.56032601775e-09	-3.80203288297e-09
1.56155947705e-09	-4.22672719047e-09
1.56279293636e-09	-4.63518490257e-09
1.56402639566e-09	-5.16048581645e-09
1.56525985496e-09	-5.77266140445e-09
1.56649331426e-09	-6.28124552371e-09
1.56772677357e-09	-6.39810499026e-09
1.56896023287e-09	-5.85045895063e-09
1.57019369217e-09	-4.49542933434e-09
1.57142715147e-09	-2.40779207683e-09
1.57266061078e-09	1.14997350184e-10
1.57389407008e-09	2.61961322079e-09
1.57512752938e-09	4.6362463868e-09
1.57636098868e-09	5.82101516988e-09
1.57759444799e-09	6.0634716692e-09
1.57882790729e-09	5.49711837161e-09
1.58006136659e-09	4.43401862449e-09
1.58129482589e-09	3.2302999442e-09
1.5825282852e-09	2.15837617223e-09
1.5837617445e-09	1.31945412929e-09
1.5849952038e-09	6.35474520227e-10
1.5862286631e-09	-8.89616917459e-11
1.58746212241e-09	-1.05964209629e-09
1.58869558171e-09	-2.38416850151e-09
1.58992904101e-09	-4.00206112694e-09
1.59116250032e-09	-5.6741554233e-09
1.59239595962e-09	-7.03952895975e-09
1.59362941892e-09	-7.72418962125e-09
1.59486287822e-09	-7.46442530009e-09
1.59609633753e-09	-6.2023213232e-09
1.59732979683e-09	-4.12521367066e-09
1.59856325613e-09	-1.62038443774e-09
1.59979671543e-09	8.28265664388e-10
1.60103017474e-09	2.78266096276e-09
1.60226363404e-09	3.9716188116e-09
1.60349709334e-09	4.35568028867e-09
1.60473055264e-09	4.10627876146e-09
1.60596401195e-09	3.5191779213e-09
1.60719747125e-09	2.88562948536e-09
1.60843093055e-09	2.38541709996e-09
1.60966438985e-09	2.03101453711e-09
1.61089784916e-09	1.68985818394e-09
1.61213130846e-09	1.16480985968e-09
1.61336476776e-09	3.00245585338e-10
1.61459822706e-09	-9.31942481519e-10
1.61583168637e-09	-2.40008635188e-09
1.61706514567e-09	-3.84422299549e-09
1.61829860497e-09	-4.95639518316e-09
1.61953206427e-09	-5.48033296521e-09
1.62076552358e-09	-5.28875382377e-09
1.62199898288e-09	-4.42574327186e-09
1.62323244218e-09	-3.09183617597e-09
1.62446590148e-09	-1.58737280265e-09
1.62569936079e-09	-2.24367795176e-10
1.62693282009e-09	7.61311791386e-10
1.62816627939e-09	1.2767179397e-09
1.62939973869e-09	1.38423936202e-09
1.630633198e-09	1.26474285211e-09
1.6318666573e-09	1.13088728659e-09
1.6331001166e-09	1.13314150424e-09
1.63433357591e-09	1.29427821238e-09
1.63556703521e-09	1.50764177531e-09
1.63680049451e-09	1.59177526715e-09
1.63803395381e-09	1.3861163467e-09
1.63926741312e-09	8.29242854938e-10
1.64050087242e-09	-4.33410685813e-12
1.64173433172e-09	-9.32265292741e-10
1.64296779102e-09	-1.73236444634e-09
1.64420125033e-09	-2.22047409626e-09
1.64543470963e-09	-2.30340753415e-09
1.64666816893e-09	-1.99842581372e-09
1.64790162823e-09	-1.41930259212e-09
1.64913508754e-09	-7.43918024404e-10
1.65036854684e-09	-1.68770566966e-10
1.65160200614e-09	1.41346451037e-10
1.65283546544e-09	1.00745841357e-10
1.65406892475e-09	-2.63117921548e-10
1.65530238405e-09	-8.11850538185e-10
1.65653584335e-09	-1.34110580974e-09
1.65776930265e-09	-1.65423924559e-09
1.65900276196e-09	-1.63852104107e-09
1.66023622126e-09	-1.3014201522e-09
1.66146968056e-09	-7.53998322112e-10
1.66270313986e-09	-1.50431117216e-10
1.66393659917e-09	3.84234626755e-10
1.66517005847e-09	7.93047669201e-10
1.66640351777e-09	1.08764346834e-09
1.66763697707e-09	1.30964741829e-09
1.66887043638e-09	1.49573288477e-09
1.67010389568e-09	1.65503162564e-09
1.67133735498e-09	1.77432876725e-09
1.67257081428e-09	1.82469515886e-09
1.67380427359e-09	1.77117789879e-09
1.67503773289e-09	1.56475257751e-09
1.67627119219e-09	1.14928908057e-09
1.6775046515e-09	4.75739656003e-10
1.6787381108e-09	-4.56902425616e-10
1.6799715701e-09	-1.57308230331e-09
1.6812050294e-09	-2.71262814988e-09
1.68243848871e-09	-3.66955230091e-09
1.68367194801e-09	-4.25225327172e-09
1.68490540731e-09	-4.34356708934e-09
1.68613886661e-09	-3.92429480578e-09
1.68737232592e-09	-3.0635205206e-09
1.68860578522e-09	-1.87786537709e-09
1.68983924452e-09	-4.99375797658e-10
1.69107270382e-09	9.40641953218e-10
1.69230616313e-09	2.3136484395e-09
1.69353962243e-09	3.49353873608e-09
1.69477308173e-09	4.37184133339e-09
1.69600654103e-09	4.87706741659e-09
1.69724000034e-09	4.99052188463e-09
1.69847345964e-09	4.73393241274e-09
1.69970691894e-09	4.1466378109e-09
1.70094037824e-09	3.25382804034e-09
1.70217383755e-09	2.06487998922e-09
1.70340729685e-09	5.95368254697e-10
1.70464075615e-09	-1.08728508835e-09
1.70587421545e-09	-2.83900503106e-09
1.70710767476e-09	-4.44297235114e-09
1.70834113406e-09	-5.65575969391e-09
1.70957459336e-09	-6.27116242269e-09
1.71080805266e-09	-6.17429296579e-09
1.71204151197e-09	-5.36493632852e-09
1.71327497127e-09	-3.95085081317e-09
1.71450843057e-09	-2.1173537923e-09
1.71574188987e-09	-9.29811887207e-11
1.71697534918e-09	1.88641990917e-09
1.71820880848e-09	3.61028051898e-09
1.71944226778e-09	4.92321949874e-09
1.72067572709e-09	5.74469594117e-09
1.72190918639e-09	6.06929390079e-09
1.72314264569e-09	5.94472887583e-09
1.72437610499e-09	5.43382161489e-09
1.7256095643e-09	4.57955715016e-09
1.7268430236e-09	3.39433139929e-09
1.7280764829e-09	1.8815795727e-09
1.7293099422e-09	7.89451802541e-11
1.73054340151e-09	-1.90101705211e-09
1.73177686081e-09	-3.85723897267e-09
1.73301032011e-09	-5.52740891946e-09
1.73424377941e-09	-6.6451204539e-09
1.73547723872e-09	-7.01109553747e-09
1.73671069802e-09	-6.54423165658e-09
1.73794415732e-09	-5.3049434845e-09
1.73917761662e-09	-3.47740816697e-09
1.74041107593e-09	-1.32624512761e-09
1.74164453523e-09	8.62044644001e-10
1.74287799453e-09	2.83326825889e-09
1.74411145383e-09	4.40587094586e-09
1.74534491314e-09	5.48391237976e-09
1.74657837244e-09	6.04927019587e-09
1.74781183174e-09	6.13297707064e-09
1.74904529104e-09	5.78239706117e-09
1.75027875035e-09	5.03551433884e-09
1.75151220965e-09	3.91397728117e-09
1.75274566895e-09	2.43904238473e-09
1.75397912825e-09	6.61392982049e-10
1.75521258756e-09	-1.30722126179e-09
1.75644604686e-09	-3.28177313103e-09
1.75767950616e-09	-5.01849622969e-09
1.75891296546e-09	-6.26166563045e-09
1.76014642477e-09	-6.8036781764e-09
1.76137988407e-09	-6.54521448151e-09
1.76261334337e-09	-5.52203249793e-09
1.76384680268e-09	-3.89952234392e-09
1.76508026198e-09	-1.92558835543e-09
1.76631372128e-09	1.2947567931e-10
1.76754718058e-09	2.03252066566e-09
1.76878063989e-09	3.61694538209e-09
1.77001409919e-09	4.78992950859e-09
1.77124755849e-09	5.51012602212e-09
1.77248101779e-09	5.76715658562e-09
1.7737144771e-09	5.56013290964e-09
1.7749479364e-09	4.89660140213e-09
1.7761813957e-09	3.79598860678e-09
1.777414855e-09	2.30712453309e-09
1.77864831431e-09	5.18395229521e-10
1.77988177361e-09	-1.42763698086e-09
1.78111523291e-09	-3.34020583415e-09
1.78234869221e-09	-4.99257357678e-09
1.78358215152e-09	-6.1607234314e-09
1.78481561082e-09	-6.66862115528e-09
1.78604907012e-09	-6.43479303175e-09
1.78728252942e-09	-5.49507261915e-09
1.78851598873e-09	-3.99623867331e-09
1.78974944803e-09	-2.15458897945e-09
1.79098290733e-09	-2.02171989219e-10
1.79221636663e-09	1.65937050212e-09
1.79344982594e-09	3.280563321e-09
1.79468328524e-09	4.55834542334e-09
1.79591674454e-09	5.41823874656e-09
1.79715020384e-09	5.79953196578e-09
1.79838366315e-09	5.65788021989e-09
1.79961712245e-09	4.97729191196e-09
1.80085058175e-09	3.78854586591e-09
1.80208404105e-09	2.17715144524e-09
1.80331750036e-09	2.81354751996e-10
1.80455095966e-09	-1.72122151254e-09
1.80578441896e-09	-3.62786611863e-09
1.80701787826e-09	-5.23455795376e-09
1.80825133757e-09	-6.35739150212e-09
1.80948479687e-09	-6.86453027754e-09
1.81071825617e-09	-6.69968797107e-09
1.81195171548e-09	-5.89587462185e-09
1.81318517478e-09	-4.56350751632e-09
1.81441863408e-09	-2.86342100031e-09
1.81565209338e-09	-9.69238356241e-10
1.81688555269e-09	9.5710218917e-10
1.81811901199e-09	2.77302614204e-09
1.81935247129e-09	4.34514230152e-09
1.82058593059e-09	5.54091794669e-09
1.8218193899e-09	6.23135187894e-09
1.8230528492e-09	6.31317620403e-09
1.8242863085e-09	5.73925579284e-09
1.8255197678e-09	4.54067294875e-09
1.82675322711e-09	2.83089499065e-09
1.82798668641e-09	7.89229973042e-10
1.82922014571e-09	-1.36879668711e-09
1.83045360501e-09	-3.42019704225e-09
1.83168706432e-09	-5.16162124153e-09
1.83292052362e-09	-6.42803515971e-09
1.83415398292e-09	-7.10991077124e-09
1.83538744222e-09	-7.16298920178e-09
1.83662090153e-09	-6.60890603355e-09
1.83785436083e-09	-5.52327267256e-09
1.83908782013e-09	-4.01575314668e-09
1.84032127943e-09	-2.20903326187e-09
1.84155473874e-09	-2.31833658174e-10
1.84278819804e-09	1.77877657048e-09
1.84402165734e-09	3.66544034014e-09
1.84525511664e-09	5.25133836415e-09
1.84648857595e-09	6.35656494108e-09
1.84772203525e-09	6.83274897773e-09
1.84895549455e-09	6.59949822568e-09
1.85018895385e-09	5.66913743727e-09
1.85142241316e-09	4.14569539808e-09
1.85265587246e-09	2.20509337179e-09
1.85388933176e-09	6.08417725922e-11
1.85512279107e-09	-2.06777775458e-09
1.85635625037e-09	-3.98114957667e-09
1.85758970967e-09	-5.51572909568e-09
1.85882316897e-09	-6.55567039543e-09
1.86005662828e-09	-7.03771052546e-09
1.86129008758e-09	-6.94933871559e-09
1.86252354688e-09	-6.32066560202e-09
1.86375700618e-09	-5.21089188465e-09
1.86499046549e-09	-3.70037533948e-09
1.86622392479e-09	-1.88816273727e-09
1.86745738409e-09	9.77127927182e-11
1.86869084339e-09	2.09728316658e-09
1.8699243027e-09	3.91970869651e-09
1.871157762e-09	5.37041705551e-09
1.8723912213e-09	6.28260332647e-09
1.8736246806e-09	6.55512633063e-09
1.87485813991e-09	6.16761841599e-09
1.87609159921e-09	5.18382881065e-09
1.87732505851e-09	3.72895303524e-09
1.87855851781e-09	1.96801112906e-09
1.87979197712e-09	7.92785819631e-11
1.88102543642e-09	-1.76214783043e-09
1.88225889572e-09	-3.39960407048e-09
1.88349235502e-09	-4.70499150751e-09
1.88472581433e-09	-5.58839641229e-09
1.88595927363e-09	-6.00033145393e-09
1.88719273293e-09	-5.93028420814e-09
1.88842619223e-09	-5.39819744461e-09
1.88965965154e-09	-4.44869502347e-09
1.89089311084e-09	-3.15033080178e-09
1.89212657014e-09	-1.59893276397e-09
1.89336002944e-09	7.82650584966e-11
1.89459348875e-09	1.72999840842e-09
1.89582694805e-09	3.19700035889e-09
1.89706040735e-09	4.33754424045e-09
1.89829386666e-09	5.04732489137e-09
1.89952732596e-09	5.27403676287e-09
1.90076078526e-09	5.01497748884e-09
1.90199424456e-09	4.31402288892e-09
1.90322770387e-09	3.25061666473e-09
1.90446116317e-09	1.93601337739e-09
1.90569462247e-09	5.02020730542e-10
1.90692808177e-09	-9.07742131462e-10
1.90816154108e-09	-2.15878526166e-09
1.90939500038e-09	-3.14275411251e-09
1.91062845968e-09	-3.79195411182e-09
1.91186191898e-09	-4.0819425895e-09
1.91309537829e-09	-4.02594549365e-09
1.91432883759e-09	-3.66172100974e-09
1.91556229689e-09	-3.04266822848e-09
1.91679575619e-09	-2.23032664559e-09
1.9180292155e-09	-1.29244530356e-09
1.9192626748e-09	-2.98921224579e-10
1.9204961341e-09	6.80202866254e-10
1.9217295934e-09	1.57982756044e-09
1.92296305271e-09	2.33910772696e-09
1.92419651201e-09	2.90159532512e-09
1.92542997131e-09	3.21580109763e-09
1.92666343061e-09	3.24340290736e-09
1.92789688992e-09	2.9716943073e-09
1.92913034922e-09	2.42852823962e-09
1.93036380852e-09	1.68731890959e-09
1.93159726782e-09	8.58141897819e-10
1.93283072713e-09	6.33257391837e-11
1.93406418643e-09	-5.92941994115e-10
1.93529764573e-09	-1.04958958191e-09
1.93653110503e-09	-1.29868434062e-09
1.93776456434e-09	-1.37760278185e-09
1.93899802364e-09	-1.34814190367e-09
1.94023148294e-09	-1.27265155359e-09
1.94146494225e-09	-1.19414484551e-09
1.94269840155e-09	-1.12552366732e-09
1.94393186085e-09	-1.04936916101e-09
1.94516532015e-09	-9.28531272704e-10
1.94639877946e-09	-7.24432784593e-10
1.94763223876e-09	-4.18502187766e-10
1.94886569806e-09	-2.82892710993e-11
1.95009915736e-09	3.90326826416e-10
1.95133261667e-09	7.58906819331e-10
1.95256607597e-09	1.00492413002e-09
1.95379953527e-09	1.09311076163e-09
1.95503299457e-09	1.04353875541e-09
1.95626645388e-09	9.26812293578e-10
1.95749991318e-09	8.35829988555e-10
1.95873337248e-09	8.47304164331e-10
1.95996683178e-09	9.87643189454e-10
1.96120029109e-09	1.2181612663e-09
1.96243375039e-09	1.44750596232e-09
1.96366720969e-09	1.56028444331e-09
1.96490066899e-09	1.45856604572e-09
1.9661341283e-09	1.09420646155e-09
1.9673675876e-09	4.88636429929e-10
1.9686010469e-09	-2.70762322285e-10
1.9698345062e-09	-1.05096652214e-09
1.97106796551e-09	-1.71178822506e-09
1.97230142481e-09	-2.14317527614e-09
1.97353488411e-09	-2.29842575528e-09
1.97476834341e-09	-2.20035885345e-09
1.97600180272e-09	-1.92775939656e-09
1.97723526202e-09	-1.57582423499e-09
1.97846872132e-09	-1.21617058091e-09
1.97970218062e-09	-8.65112349813e-10
1.98093563993e-09	-4.83508760807e-10
1.98216909923e-09	-2.07507622196e-13
1.98340255853e-09	6.40655938022e-10
1.98463601784e-09	1.44068000585e-09
1.98586947714e-09	2.32270593037e-09
1.98710293644e-09	3.14183667971e-09
1.98833639574e-09	3.72117911485e-09
1.98956985505e-09	3.90252788418e-09
1.99080331435e-09	3.59510815562e-09
1.99203677365e-09	2.80362680294e-09
1.99327023295e-09	1.63230115535e-09
1.99450369226e-09	2.59502669353e-10
1.99573715156e-09	-1.10534212339e-09
1.99697061086e-09	-2.27434927835e-09
1.99820407016e-09	-3.12096182231e-09
1.99943752947e-09	-3.60378207831e-09
2.00067098877e-09	-3.75607139835e-09
2.00190444807e-09	-3.65613234132e-09
2.00313790737e-09	-3.38078173789e-09
2.00437136668e-09	-2.969251095e-09
2.00560482598e-09	-2.40848829769e-09
2.00683828528e-09	-1.65087532533e-09
2.00807174458e-09	-6.54298004665e-10
2.00930520389e-09	5.71564011398e-10
2.01053866319e-09	1.93723984077e-09
2.01177212249e-09	3.27334459538e-09
2.01300558179e-09	4.36591157671e-09
2.0142390411e-09	5.00966229611e-09
2.0154725004e-09	5.06484149065e-09
2.0167059597e-09	4.49563977711e-09
2.017939419e-09	3.38121941557e-09
2.01917287831e-09	1.89584606347e-09
2.02040633761e-09	2.66612155964e-10
2.02163979691e-09	-1.28062731253e-09
2.02287325621e-09	-2.56968621382e-09
