% time-domain current integration by openEMS v0.37.0-rc1-2-g7b051bb @Tue Jul 14 02:14:41 2026
% start-coordinates: (0.00407453,0.00116774,0.0166612) m -> [114,65,256]
% stop-coordinates: (0.00457625,0.00168337,0.0166612) m -> [122,74,256]
% t/s	current
7.21641059801e-14	-0
1.22678980166e-12	-0
2.38141549734e-12	-0
3.53604119303e-12	-0
4.69066688871e-12	-0
5.84529258439e-12	-0
6.99991828007e-12	-0
8.15454397575e-12	-0
9.30916967143e-12	-0
1.04637953671e-11	-0
1.16184210628e-11	-0
1.27730467585e-11	-0
1.39276724542e-11	-0
1.50822981498e-11	-0
1.62369238455e-11	-0
1.73915495412e-11	-0
1.85461752369e-11	-0
1.97008009326e-11	-0
2.08554266283e-11	-0
2.20100523239e-11	-0
2.31646780196e-11	-0
2.43193037153e-11	-0
2.5473929411e-11	-0
2.66285551067e-11	-0
2.77831808023e-11	-0
2.8937806498e-11	-0
3.00924321937e-11	-0
3.12470578894e-11	-0
3.24016835851e-11	-0
3.35563092808e-11	-0
3.47109349764e-11	-0
3.58655606721e-11	-0
3.70201863678e-11	-0
3.81748120635e-11	-0
3.93294377592e-11	-0
4.04840634548e-11	-0
4.16386891505e-11	-0
4.27933148462e-11	-0
4.39479405419e-11	-0
4.51025662376e-11	-0
4.62571919333e-11	-0
4.74118176289e-11	-0
4.85664433246e-11	-0
4.97210690203e-11	-0
5.0875694716e-11	-0
5.20303204117e-11	-0
5.31849461073e-11	-0
5.4339571803e-11	-0
5.54941974987e-11	-0
5.66488231944e-11	-0
5.78034488901e-11	-0
5.89580745858e-11	-0
6.01127002814e-11	-0
6.12673259771e-11	-0
6.24219516728e-11	-0
6.35765773685e-11	-0
6.47312030642e-11	-0
6.58858287598e-11	-0
6.70404544555e-11	-0
6.81950801512e-11	-0
6.93497058469e-11	-0
7.05043315426e-11	-0
7.16589572383e-11	-0
7.28135829339e-11	-0
7.39682086296e-11	-0
7.51228343253e-11	-0
7.6277460021e-11	-0
7.74320857167e-11	-0
7.85867114123e-11	-0
7.9741337108e-11	-0
8.08959628037e-11	-0
8.20505884994e-11	-0
8.32052141951e-11	-0
8.43598398908e-11	-0
8.55144655864e-11	-0
8.66690912821e-11	-0
8.78237169778e-11	-0
8.89783426735e-11	-0
9.01329683692e-11	-0
9.12875940648e-11	-0
9.24422197605e-11	-0
9.35968454562e-11	-0
9.47514711519e-11	-0
9.59060968476e-11	-0
9.70607225432e-11	-0
9.82153482389e-11	-0
9.93699739346e-11	-0
1.0052459963e-10	-0
1.01679225326e-10	-0
1.02833851022e-10	-0
1.03988476717e-10	-0
1.05143102413e-10	-0
1.06297728109e-10	-2.38919527243e-37
1.07452353804e-10	-1.13303241551e-35
1.086069795e-10	-2.6832279454e-34
1.09761605196e-10	-5.4658044489e-33
1.10916230891e-10	-9.60229949488e-32
1.12070856587e-10	-1.4486617466e-30
1.13225482283e-10	-1.86035142793e-29
1.14380107978e-10	-1.99675770328e-28
1.15534733674e-10	-1.71658347796e-27
1.1668935937e-10	-1.03772834004e-26
1.17843985066e-10	-1.54655071133e-26
1.18998610761e-10	6.54285228399e-25
1.20153236457e-10	1.16785958192e-23
1.21307862153e-10	1.31499679778e-22
1.22462487848e-10	1.17030880255e-21
1.23617113544e-10	8.78666062557e-21
1.2477173924e-10	5.72733070666e-20
1.25926364935e-10	3.29145324547e-19
1.27080990631e-10	1.68325092159e-18
1.28235616327e-10	7.70466214624e-18
1.29390242022e-10	3.16752503576e-17
1.30544867718e-10	1.17153259284e-16
1.31699493414e-10	3.89702600735e-16
1.32854119109e-10	1.16269597455e-15
1.34008744805e-10	3.09087997574e-15
1.35163370501e-10	7.22021302745e-15
1.36317996196e-10	1.43756585276e-14
1.37472621892e-10	2.25065107474e-14
1.38627247588e-10	1.94188977778e-14
1.39781873283e-10	-3.26054592668e-14
1.40936498979e-10	-2.229153819e-13
1.42091124675e-10	-7.26864261055e-13
1.43245750371e-10	-1.83472247811e-12
1.44400376066e-10	-3.9443344424e-12
1.45555001762e-10	-7.46890396752e-12
1.46709627458e-10	-1.26032231526e-11
1.47864253153e-10	-1.89081493518e-11
1.49018878849e-10	-2.47296350064e-11
1.50173504545e-10	-2.65755507878e-11
1.5132813024e-10	-1.87240188632e-11
1.52482755936e-10	6.51033610702e-12
1.53637381632e-10	5.73641689705e-11
1.54792007327e-10	1.39745395811e-10
1.55946633023e-10	2.53078252799e-10
1.57101258719e-10	3.85919157742e-10
1.58255884414e-10	5.13317444106e-10
1.5941051011e-10	5.98371074911e-10
1.60565135806e-10	5.998310737e-10
1.61719761501e-10	4.856211544e-10
1.62874387197e-10	2.49114368023e-10
1.64029012893e-10	-7.78970291049e-11
1.65183638588e-10	-4.22771539998e-10
1.66338264284e-10	-6.85452417049e-10
1.6749288998e-10	-7.67848229444e-10
1.68647515676e-10	-6.12068784545e-10
1.69802141371e-10	-2.34196717575e-10
1.70956767067e-10	2.6165719591e-10
1.72111392763e-10	6.99722835229e-10
1.73266018458e-10	8.79715411628e-10
1.74420644154e-10	6.42638608994e-10
1.7557526985e-10	-6.61292062776e-11
1.76729895545e-10	-1.15966836134e-09
1.77884521241e-10	-2.41478281815e-09
1.79039146937e-10	-3.52341622545e-09
1.80193772632e-10	-4.17926671048e-09
1.81348398328e-10	-4.17630285909e-09
1.82503024024e-10	-3.48889828139e-09
1.83657649719e-10	-2.30401164814e-09
1.84812275415e-10	-9.85775572282e-10
1.85966901111e-10	2.77853174496e-11
1.87121526806e-10	3.707956997e-10
1.88276152502e-10	-1.09788990399e-10
1.89430778198e-10	-1.27588439813e-09
1.90585403893e-10	-2.72430633608e-09
1.91740029589e-10	-3.92026500151e-09
1.92894655285e-10	-4.39335545721e-09
1.94049280981e-10	-3.91757160045e-09
1.95203906676e-10	-2.59794030733e-09
1.96358532372e-10	-8.25093882106e-10
1.97513158068e-10	8.82198425423e-10
1.98667783763e-10	2.07677164354e-09
1.99822409459e-10	2.5395872072e-09
2.00977035155e-10	2.33282371198e-09
2.0213166085e-10	1.74066849823e-09
2.03286286546e-10	1.13804954349e-09
2.04440912242e-10	8.50248205175e-10
2.05595537937e-10	1.05655140192e-09
2.06750163633e-10	1.76126535578e-09
2.07904789329e-10	2.8246605055e-09
2.09059415024e-10	4.02798017163e-09
2.1021404072e-10	5.14374143279e-09
2.11368666416e-10	5.99060090423e-09
2.12523292111e-10	6.463696689e-09
2.13677917807e-10	6.54041931725e-09
2.14832543503e-10	6.26616536437e-09
2.15987169198e-10	5.7268971787e-09
2.17141794894e-10	5.01734254144e-09
2.1829642059e-10	4.21510026882e-09
2.19451046286e-10	3.36933014822e-09
2.20605671981e-10	2.50728882101e-09
2.21760297677e-10	1.65429614452e-09
2.22914923373e-10	8.56034410024e-10
2.24069549068e-10	1.89164073294e-10
2.25224174764e-10	-2.51238363447e-10
2.2637880046e-10	-3.90054766264e-10
2.27533426155e-10	-2.24779986291e-10
2.28688051851e-10	1.33117350476e-10
2.29842677547e-10	4.58100057887e-10
2.30997303242e-10	4.69451533203e-10
2.32151928938e-10	-5.97052060569e-11
2.33306554634e-10	-1.18160614626e-09
2.34461180329e-10	-2.69725042301e-09
2.35615806025e-10	-4.17344381276e-09
2.36770431721e-10	-5.06869302086e-09
2.37925057416e-10	-4.93329022078e-09
2.39079683112e-10	-3.60769814023e-09
2.40234308808e-10	-1.33337607622e-09
2.41388934503e-10	1.28166566249e-09
2.42543560199e-10	3.44438189082e-09
2.43698185895e-10	4.44595693594e-09
2.44852811591e-10	3.91931287425e-09
2.46007437286e-10	1.98556815434e-09
2.47162062982e-10	-7.68147934149e-10
2.48316688678e-10	-3.47321926775e-09
2.49471314373e-10	-5.26096144426e-09
2.50625940069e-10	-5.54288037691e-09
2.51780565765e-10	-4.19497903081e-09
2.5293519146e-10	-1.58769408731e-09
2.54089817156e-10	1.54213719572e-09
2.55244442852e-10	4.32870361777e-09
2.56399068547e-10	6.04338667998e-09
2.57553694243e-10	6.30420560199e-09
2.58708319939e-10	5.16452214328e-09
2.59862945634e-10	3.0582525401e-09
2.6101757133e-10	6.27911500573e-10
2.62172197026e-10	-1.49873113919e-09
2.63326822721e-10	-2.90279200676e-09
2.64481448417e-10	-3.47320638916e-09
2.65636074113e-10	-3.38267525102e-09
2.66790699808e-10	-2.96126811961e-09
2.67945325504e-10	-2.52816523272e-09
2.690999512e-10	-2.25527529985e-09
2.70254576896e-10	-2.11750594836e-09
2.71409202591e-10	-1.94342386628e-09
2.72563828287e-10	-1.5356432792e-09
2.73718453983e-10	-8.00490951303e-10
2.74873079678e-10	1.75585657125e-10
2.76027705374e-10	1.13889575548e-09
2.7718233107e-10	1.76530323692e-09
2.78336956765e-10	1.79840442538e-09
2.79491582461e-10	1.16790344062e-09
2.80646208157e-10	3.44184715451e-11
2.81800833852e-10	-1.26089927388e-09
2.82955459548e-10	-2.32107955078e-09
2.84110085244e-10	-2.83937762191e-09
2.85264710939e-10	-2.70590438944e-09
2.86419336635e-10	-2.03202188409e-09
2.87573962331e-10	-1.08560693768e-09
2.88728588026e-10	-1.69458697075e-10
2.89883213722e-10	5.00723573715e-10
2.91037839418e-10	8.65611249345e-10
2.92192465113e-10	1.01353259119e-09
2.93347090809e-10	1.10557796251e-09
2.94501716505e-10	1.27500798808e-09
2.95656342201e-10	1.55038759608e-09
2.96810967896e-10	1.83821324828e-09
2.97965593592e-10	1.97102689725e-09
2.99120219288e-10	1.79521952859e-09
3.00274844983e-10	1.25491594893e-09
3.01429470679e-10	4.32277436069e-10
3.02584096375e-10	-4.7340248388e-10
3.0373872207e-10	-1.21750498572e-09
3.04893347766e-10	-1.60133473148e-09
3.06047973462e-10	-1.54467805213e-09
3.07202599157e-10	-1.11056630558e-09
3.08357224853e-10	-4.74722317012e-10
3.09511850549e-10	1.43743336678e-10
3.10666476244e-10	5.60248347714e-10
3.1182110194e-10	6.82557010911e-10
3.12975727636e-10	5.30666843801e-10
3.14130353331e-10	2.15751527755e-10
3.15284979027e-10	-1.09815483096e-10
3.16439604723e-10	-3.10078296373e-10
3.17594230418e-10	-3.10742487297e-10
3.18748856114e-10	-1.20001772408e-10
3.1990348181e-10	1.79231379738e-10
3.21058107506e-10	4.62124005729e-10
3.22212733201e-10	6.0820670722e-10
3.23367358897e-10	5.45475442593e-10
3.24521984593e-10	2.78543965671e-10
3.25676610288e-10	-1.08503803165e-10
3.26831235984e-10	-4.78518724645e-10
3.2798586168e-10	-6.91214807613e-10
3.29140487375e-10	-6.5905841895e-10
3.30295113071e-10	-3.86753462589e-10
3.31449738767e-10	2.30447640137e-11
3.32604364462e-10	4.03930972004e-10
3.33758990158e-10	5.90348214757e-10
3.34913615854e-10	4.87705764662e-10
3.36068241549e-10	1.17656148713e-10
3.37222867245e-10	-3.83081066868e-10
3.38377492941e-10	-8.13308420611e-10
3.39532118636e-10	-9.88643833466e-10
3.40686744332e-10	-8.18764223087e-10
3.41841370028e-10	-3.46068174117e-10
3.42995995723e-10	2.71031863619e-10
3.44150621419e-10	8.22552748136e-10
3.45305247115e-10	1.13158871162e-09
3.46459872811e-10	1.12282017017e-09
3.47614498506e-10	8.45516934245e-10
3.48769124202e-10	4.42857750471e-10
3.49923749898e-10	8.39688665821e-11
3.51078375593e-10	-1.09646750013e-10
3.52233001289e-10	-1.11247629164e-10
3.53387626985e-10	9.38916392551e-12
3.5454225268e-10	1.27808930106e-10
3.55696878376e-10	1.29527791271e-10
3.56851504072e-10	-3.23863470764e-11
3.58006129767e-10	-3.12162157234e-10
3.59160755463e-10	-5.88558757286e-10
3.60315381159e-10	-7.15980164046e-10
3.61470006854e-10	-5.86988679885e-10
3.6262463255e-10	-1.7963291965e-10
3.63779258246e-10	4.29390578649e-10
3.64933883941e-10	1.0893101976e-09
3.66088509637e-10	1.62626201394e-09
3.67243135333e-10	1.90028459635e-09
3.68397761028e-10	1.84613158094e-09
3.69552386724e-10	1.48351708695e-09
3.7070701242e-10	8.97589891302e-10
3.71861638116e-10	2.02566144414e-10
3.73016263811e-10	-4.94929375261e-10
3.74170889507e-10	-1.11838405203e-09
3.75325515203e-10	-1.62228330769e-09
3.76480140898e-10	-1.97613791997e-09
3.77634766594e-10	-2.14605200277e-09
3.7878939229e-10	-2.08748573982e-09
3.79944017985e-10	-1.7555581433e-09
3.81098643681e-10	-1.13064690943e-09
3.82253269377e-10	-2.48433051908e-10
3.83407895072e-10	7.81730180588e-10
3.84562520768e-10	1.7832155752e-09
3.85717146464e-10	2.54581533632e-09
3.86871772159e-10	2.87859269754e-09
3.88026397855e-10	2.66624766709e-09
3.89181023551e-10	1.9096062509e-09
3.90335649246e-10	7.35145999631e-10
3.91490274942e-10	-6.30820617964e-10
3.92644900638e-10	-1.9167532006e-09
3.93799526333e-10	-2.87369505969e-09
3.94954152029e-10	-3.33545524533e-09
3.96108777725e-10	-3.25268478818e-09
3.97263403421e-10	-2.69290123533e-09
3.98418029116e-10	-1.81028403379e-09
3.99572654812e-10	-7.96878452114e-10
4.00727280508e-10	1.67679467533e-10
4.01881906203e-10	9.51347112199e-10
4.03036531899e-10	1.4820199512e-09
4.04191157595e-10	1.7395244134e-09
4.0534578329e-10	1.73623870836e-09
4.06500408986e-10	1.49766310464e-09
4.07655034682e-10	1.05258168848e-09
4.08809660377e-10	4.36255170877e-10
4.09964286073e-10	-2.98367247575e-10
4.11118911769e-10	-1.0707670306e-09
4.12273537464e-10	-1.7729911983e-09
4.1342816316e-10	-2.28443641781e-09
4.14582788856e-10	-2.49905052208e-09
4.15737414551e-10	-2.35665198467e-09
4.16892040247e-10	-1.86682935777e-09
4.18046665943e-10	-1.11505671363e-09
4.19201291638e-10	-2.46572068319e-10
4.20355917334e-10	5.68387170663e-10
4.2151054303e-10	1.1777996356e-09
4.22665168726e-10	1.48617185225e-09
4.23819794421e-10	1.47561574071e-09
4.24974420117e-10	1.20306098417e-09
4.26129045813e-10	7.76153641358e-10
4.27283671508e-10	3.17223997071e-10
4.28438297204e-10	-7.22617382598e-11
4.295929229e-10	-3.34885480457e-10
4.30747548595e-10	-4.6196804715e-10
4.31902174291e-10	-4.82230089194e-10
4.33056799987e-10	-4.41886971458e-10
4.34211425682e-10	-3.84130283138e-10
4.35366051378e-10	-3.34960698067e-10
4.36520677074e-10	-2.99488017719e-10
4.37675302769e-10	-2.67217609151e-10
4.38829928465e-10	-2.21750451335e-10
4.39984554161e-10	-1.51077955701e-10
4.41139179856e-10	-5.5269278737e-11
4.42293805552e-10	5.12882826487e-11
4.43448431248e-10	1.43842951439e-10
4.44603056943e-10	1.95500768352e-10
4.45757682639e-10	1.87242873984e-10
4.46912308335e-10	1.16713860798e-10
4.48066934031e-10	1.59981771754e-12
4.49221559726e-10	-1.24555893377e-10
4.50376185422e-10	-2.22851806453e-10
4.51530811118e-10	-2.62622340541e-10
4.52685436813e-10	-2.33588343113e-10
4.53840062509e-10	-1.51416615357e-10
4.54994688205e-10	-5.31632793344e-11
4.561493139e-10	1.66659082368e-11
4.57303939596e-10	2.44690517848e-11
4.58458565292e-10	-3.65767208188e-11
4.59613190987e-10	-1.40357322986e-10
4.60767816683e-10	-2.3540605576e-10
4.61922442379e-10	-2.64273075645e-10
4.63077068074e-10	-1.87588444778e-10
4.6423169377e-10	-2.75506180369e-12
4.65386319466e-10	2.51757947822e-10
4.66540945161e-10	5.09580710961e-10
4.67695570857e-10	7.02149949294e-10
4.68850196553e-10	7.8595618902e-10
4.70004822248e-10	7.59316887144e-10
4.71159447944e-10	6.60979715406e-10
4.7231407364e-10	5.50928747067e-10
4.73468699336e-10	4.82419937331e-10
4.74623325031e-10	4.78044603902e-10
4.75777950727e-10	5.20878007393e-10
4.76932576423e-10	5.6497262424e-10
4.78087202118e-10	5.5978527369e-10
4.79241827814e-10	4.7663217817e-10
4.8039645351e-10	3.24634291671e-10
4.81551079205e-10	1.48360074226e-10
4.82705704901e-10	8.05917051844e-12
4.83860330597e-10	-4.8173527667e-11
4.85014956292e-10	-6.86343603479e-12
4.86169581988e-10	1.04351603747e-10
4.87324207684e-10	2.29178370725e-10
4.88478833379e-10	3.08378322877e-10
4.89633459075e-10	3.06551478646e-10
4.90788084771e-10	2.27181898294e-10
4.91942710466e-10	1.08851164193e-10
4.93097336162e-10	4.85787104987e-12
4.94251961858e-10	-4.34119719339e-11
4.95406587553e-10	-2.69026155519e-11
4.96561213249e-10	2.64040456166e-11
4.97715838945e-10	6.46406886351e-11
4.98870464641e-10	3.63087476751e-11
5.00025090336e-10	-8.56228143942e-11
5.01179716032e-10	-2.89954255051e-10
5.02334341728e-10	-5.29144672523e-10
5.03488967423e-10	-7.35482896808e-10
5.04643593119e-10	-8.44405712019e-10
5.05798218815e-10	-8.15614464855e-10
5.0695284451e-10	-6.45226927443e-10
5.08107470206e-10	-3.65950852954e-10
5.09262095902e-10	-3.62431647194e-11
5.10416721597e-10	2.766328e-10
5.11571347293e-10	5.13785125555e-10
5.12725972989e-10	6.37316366348e-10
5.13880598684e-10	6.35866304055e-10
5.1503522438e-10	5.2328108513e-10
5.16189850076e-10	3.32307403816e-10
5.17344475771e-10	1.05886237278e-10
5.18499101467e-10	-1.11892023424e-10
5.19653727163e-10	-2.83670725798e-10
5.20808352858e-10	-3.84410919763e-10
5.21962978554e-10	-4.04424022049e-10
5.2311760425e-10	-3.49195838911e-10
5.24272229946e-10	-2.35554381556e-10
5.25426855641e-10	-8.54233073166e-11
5.26581481337e-10	8.03986807685e-11
5.27736107033e-10	2.46000525506e-10
5.28890732728e-10	4.00249916543e-10
5.30045358424e-10	5.33383004431e-10
5.3119998412e-10	6.330375113e-10
5.32354609815e-10	6.83032963522e-10
5.33509235511e-10	6.66432742324e-10
5.34663861207e-10	5.72327296666e-10
5.35818486902e-10	4.03240718594e-10
5.36973112598e-10	1.78933382e-10
5.38127738294e-10	-6.55159329566e-11
5.39282363989e-10	-2.86810492023e-10
5.40436989685e-10	-4.43691305918e-10
5.41591615381e-10	-5.07008213191e-10
5.42746241076e-10	-4.6619086369e-10
5.43900866772e-10	-3.30764221568e-10
5.45055492468e-10	-1.2758695489e-10
5.46210118163e-10	1.05224683133e-10
5.47364743859e-10	3.262279058e-10
5.48519369555e-10	4.98532048976e-10
5.49673995251e-10	5.96103166828e-10
5.50828620946e-10	6.07554062615e-10
5.51983246642e-10	5.369690248e-10
5.53137872338e-10	4.01815469786e-10
5.54292498033e-10	2.28482510689e-10
5.55447123729e-10	4.66567444402e-11
5.56601749425e-10	-1.1631166863e-10
5.5775637512e-10	-2.40127251416e-10
5.58911000816e-10	-3.14283682412e-10
5.60065626512e-10	-3.38044731096e-10
5.61220252207e-10	-3.17855963772e-10
5.62374877903e-10	-2.63378319154e-10
5.63529503599e-10	-1.8368197241e-10
5.64684129294e-10	-8.51765533105e-11
5.6583875499e-10	2.74774092368e-11
5.66993380686e-10	1.48142317857e-10
5.68148006381e-10	2.65917149411e-10
5.69302632077e-10	3.64033414524e-10
5.70457257773e-10	4.22480467277e-10
5.71611883468e-10	4.24075913275e-10
5.72766509164e-10	3.61626728562e-10
5.7392113486e-10	2.42937669981e-10
5.75075760556e-10	9.08951594547e-11
5.76230386251e-10	-6.21436305193e-11
5.77385011947e-10	-1.84016427096e-10
5.78539637643e-10	-2.53009835305e-10
5.79694263338e-10	-2.64597677102e-10
5.80848889034e-10	-2.31992286492e-10
5.8200351473e-10	-1.80286591211e-10
5.83158140425e-10	-1.36246305904e-10
5.84312766121e-10	-1.17657120158e-10
5.85467391817e-10	-1.26402180389e-10
5.86622017512e-10	-1.48085640972e-10
5.87776643208e-10	-1.58594512523e-10
5.88931268904e-10	-1.3499122653e-10
5.90085894599e-10	-6.63849600291e-11
5.91240520295e-10	3.96628112298e-11
5.92395145991e-10	1.57988691574e-10
5.93549771686e-10	2.53879001155e-10
5.94704397382e-10	2.95412250217e-10
5.95859023078e-10	2.65139216138e-10
5.97013648773e-10	1.66431243787e-10
5.98168274469e-10	2.22325526045e-11
5.99322900165e-10	-1.33239363986e-10
6.00477525861e-10	-2.66363708867e-10
6.01632151556e-10	-3.54480861331e-10
6.02786777252e-10	-3.90951215845e-10
6.03941402948e-10	-3.83651221902e-10
6.05096028643e-10	-3.4824010342e-10
6.06250654339e-10	-2.99617358701e-10
6.07405280035e-10	-2.45715364722e-10
6.0855990573e-10	-1.86220316944e-10
6.09714531426e-10	-1.16062402744e-10
6.10869157122e-10	-3.16144506407e-11
6.12023782817e-10	6.35466748666e-11
6.13178408513e-10	1.56387042205e-10
6.14333034209e-10	2.26918928092e-10
6.15487659904e-10	2.54644888509e-10
6.166422856e-10	2.26371824064e-10
6.17796911296e-10	1.42124312319e-10
6.18951536991e-10	1.66977213306e-11
6.20106162687e-10	-1.23960314236e-10
6.21260788383e-10	-2.50396120505e-10
6.22415414078e-10	-3.38579581038e-10
6.23570039774e-10	-3.76718101158e-10
6.2472466547e-10	-3.67512381638e-10
6.25879291166e-10	-3.25311777516e-10
6.27033916861e-10	-2.69361921656e-10
6.28188542557e-10	-2.15896994726e-10
6.29343168253e-10	-1.72319158942e-10
6.30497793948e-10	-1.35588928973e-10
6.31652419644e-10	-9.51163869889e-11
6.3280704534e-10	-3.8771045402e-11
6.33961671035e-10	4.04026187506e-11
6.35116296731e-10	1.39389333409e-10
6.36270922427e-10	2.44133629979e-10
6.37425548122e-10	3.32403854442e-10
6.38580173818e-10	3.79777320703e-10
6.39734799514e-10	3.66979724387e-10
6.40889425209e-10	2.86223461599e-10
6.42044050905e-10	1.44641743027e-10
6.43198676601e-10	-3.62642450791e-11
6.44353302296e-10	-2.25183274805e-10
6.45507927992e-10	-3.88445886568e-10
6.46662553688e-10	-4.98142582739e-10
6.47817179383e-10	-5.38327993294e-10
6.48971805079e-10	-5.07481612289e-10
6.50126430775e-10	-4.16498752154e-10
6.51281056471e-10	-2.83329387729e-10
6.52435682166e-10	-1.26771967923e-10
6.53590307862e-10	3.798350523e-11
6.54744933558e-10	2.0025106573e-10
6.55899559253e-10	3.51144641142e-10
6.57054184949e-10	4.79106476714e-10
6.58208810645e-10	5.66714342121e-10
6.5936343634e-10	5.91597548727e-10
6.60518062036e-10	5.32403676701e-10
6.61672687732e-10	3.78243381061e-10
6.62827313427e-10	1.37829581082e-10
6.63981939123e-10	-1.5607974635e-10
6.65136564819e-10	-4.50174619804e-10
6.66291190514e-10	-6.82561840382e-10
6.6744581621e-10	-7.99797283957e-10
6.68600441906e-10	-7.73133390641e-10
6.69755067601e-10	-6.08073313924e-10
6.70909693297e-10	-3.43281181259e-10
6.72064318993e-10	-3.89020933522e-11
6.73218944688e-10	2.41350855967e-10
6.74373570384e-10	4.47773262913e-10
6.7552819608e-10	5.55845924843e-10
6.76682821776e-10	5.67733859924e-10
6.77837447471e-10	5.04809305468e-10
6.78992073167e-10	3.95569355049e-10
6.80146698863e-10	2.64465616073e-10
6.81301324558e-10	1.25932583805e-10
6.82455950254e-10	-1.46101932635e-11
6.8361057595e-10	-1.54585982903e-10
6.84765201645e-10	-2.8719537859e-10
6.85919827341e-10	-3.97578220346e-10
6.87074453037e-10	-4.64573934877e-10
6.88229078732e-10	-4.67881233757e-10
6.89383704428e-10	-3.9750247538e-10
6.90538330124e-10	-2.60894778004e-10
6.91692955819e-10	-8.41261504902e-11
6.92847581515e-10	9.41869707227e-11
6.94002207211e-10	2.34348956907e-10
6.95156832906e-10	3.08111203218e-10
6.96311458602e-10	3.07357805873e-10
6.97466084298e-10	2.45617692851e-10
6.98620709993e-10	1.51967938233e-10
6.99775335689e-10	5.98511379346e-11
7.00929961385e-10	-4.73046471786e-12
7.02084587081e-10	-3.13086674641e-11
7.03239212776e-10	-2.66735696031e-11
7.04393838472e-10	-9.96711654183e-12
7.05548464168e-10	-3.63025451713e-12
7.06703089863e-10	-2.39629219245e-11
7.07857715559e-10	-7.45957740023e-11
7.09012341255e-10	-1.4514045521e-10
7.1016696695e-10	-2.15275533511e-10
7.11321592646e-10	-2.62347810143e-10
7.12476218342e-10	-2.69445382672e-10
7.13630844037e-10	-2.30965038761e-10
7.14785469733e-10	-1.53919266221e-10
7.15940095429e-10	-5.4835240515e-11
7.17094721124e-10	4.60852120354e-11
7.1824934682e-10	1.31089070154e-10
7.19403972516e-10	1.8919703304e-10
7.20558598211e-10	2.17349388487e-10
7.21713223907e-10	2.18508544592e-10
7.22867849603e-10	1.98160987619e-10
7.24022475298e-10	1.6093422428e-10
7.25177100994e-10	1.08822416356e-10
7.2633172669e-10	4.176468546e-11
7.27486352386e-10	-3.98191826734e-11
7.28640978081e-10	-1.31914895674e-10
7.29795603777e-10	-2.24895532752e-10
7.30950229473e-10	-3.03841646287e-10
7.32104855168e-10	-3.51676326948e-10
7.33259480864e-10	-3.54220375254e-10
7.3441410656e-10	-3.05278857748e-10
7.35568732255e-10	-2.09904316151e-10
7.36723357951e-10	-8.43810715745e-11
7.37877983647e-10	4.738758691e-11
7.39032609342e-10	1.59979876568e-10
7.40187235038e-10	2.32996566485e-10
7.41341860734e-10	2.56139415233e-10
7.42496486429e-10	2.31336366729e-10
7.43651112125e-10	1.71159447726e-10
7.44805737821e-10	9.42200067966e-11
7.45960363516e-10	1.91143229716e-11
7.47114989212e-10	-4.11607727069e-11
7.48269614908e-10	-8.2383398714e-11
7.49424240603e-10	-1.08805048304e-10
7.50578866299e-10	-1.29591545828e-10
7.51733491995e-10	-1.53415682935e-10
7.52888117691e-10	-1.83437612322e-10
7.54042743386e-10	-2.14842088564e-10
7.55197369082e-10	-2.36130726083e-10
7.56351994778e-10	-2.33755681478e-10
7.57506620473e-10	-1.98219579639e-10
7.58661246169e-10	-1.29197139098e-10
7.59815871865e-10	-3.74011689674e-11
7.6097049756e-10	5.77375924848e-11
7.62125123256e-10	1.33959399129e-10
7.63279748952e-10	1.73571060302e-10
7.64434374647e-10	1.693707119e-10
7.65589000343e-10	1.26776963927e-10
7.66743626039e-10	6.13677580974e-11
7.67898251734e-10	-7.31870987425e-12
7.6905287743e-10	-6.32252167287e-11
7.70207503126e-10	-9.92531543065e-11
7.71362128821e-10	-1.18471996102e-10
7.72516754517e-10	-1.3065498683e-10
7.73671380213e-10	-1.45776182792e-10
7.74826005908e-10	-1.67575925358e-10
7.75980631604e-10	-1.90372731468e-10
7.771352573e-10	-2.00773689341e-10
7.78289882995e-10	-1.83592363534e-10
7.79444508691e-10	-1.29494387435e-10
7.80599134387e-10	-4.09213565811e-11
7.81753760083e-10	6.65745930606e-11
7.82908385778e-10	1.68373121001e-10
7.84063011474e-10	2.38729841451e-10
7.8521763717e-10	2.59602839225e-10
7.86372262865e-10	2.26917262758e-10
7.87526888561e-10	1.51846146768e-10
7.88681514257e-10	5.67312620492e-11
7.89836139952e-10	-3.27671778599e-11
7.90990765648e-10	-9.62268736915e-11
7.92145391344e-10	-1.2444671682e-10
7.93300017039e-10	-1.20817911231e-10
7.94454642735e-10	-9.79498773757e-11
7.95609268431e-10	-7.11963127342e-11
7.96763894126e-10	-5.19332007953e-11
7.97918519822e-10	-4.33721426829e-11
7.99073145518e-10	-4.04205592608e-11
8.00227771213e-10	-3.33086856708e-11
8.01382396909e-10	-1.31688193336e-11
8.02537022605e-10	2.29963062481e-11
8.036916483e-10	7.01535496361e-11
8.04846273996e-10	1.16675516471e-10
8.06000899692e-10	1.48626444485e-10
8.07155525388e-10	1.55142607094e-10
8.08310151083e-10	1.32649405349e-10
8.09464776779e-10	8.62675764157e-11
8.10619402475e-10	2.8001594099e-11
8.1177402817e-10	-2.74545473161e-11
8.12928653866e-10	-6.7630935574e-11
8.14083279562e-10	-8.61465829227e-11
8.15237905257e-10	-8.41449618316e-11
8.16392530953e-10	-6.88432574836e-11
8.17547156649e-10	-4.99801276754e-11
8.18701782344e-10	-3.56179773175e-11
8.1985640804e-10	-2.8907919461e-11
8.21011033736e-10	-2.7042177525e-11
8.22165659431e-10	-2.2851468981e-11
8.23320285127e-10	-8.4363497091e-12
8.24474910823e-10	2.06704167671e-11
8.25629536518e-10	6.25575910518e-11
8.26784162214e-10	1.08442886615e-10
8.2793878791e-10	1.4504666912e-10
8.29093413605e-10	1.59115332021e-10
8.30248039301e-10	1.42376735401e-10
8.31402664997e-10	9.50639705843e-11
8.32557290693e-10	2.65710942832e-11
8.33711916388e-10	-4.71412284209e-11
8.34866542084e-10	-1.08533591836e-10
8.3602116778e-10	-1.4401721482e-10
8.37175793475e-10	-1.48006440437e-10
8.38330419171e-10	-1.24086213527e-10
8.39485044867e-10	-8.29584456685e-11
8.40639670562e-10	-3.80534735667e-11
8.41794296258e-10	-6.07379055904e-13
8.42948921954e-10	2.38884381026e-11
8.44103547649e-10	3.65300741045e-11
8.45258173345e-10	4.29847060723e-11
8.46412799041e-10	4.97004798428e-11
8.47567424736e-10	6.00468771927e-11
8.48722050432e-10	7.21126838799e-11
8.49876676128e-10	7.92459778354e-11
8.51031301823e-10	7.30955504458e-11
8.52185927519e-10	4.78685112382e-11
8.53340553215e-10	3.93230240037e-12
8.5449517891e-10	-5.09653326486e-11
8.55649804606e-10	-1.0355625385e-10
8.56804430302e-10	-1.39362882345e-10
8.57959055998e-10	-1.47775514048e-10
8.59113681693e-10	-1.25929988659e-10
8.60268307389e-10	-7.98110674771e-11
8.61422933085e-10	-2.21640518439e-11
8.6257755878e-10	3.19175137709e-11
8.63732184476e-10	7.0010129638e-11
8.64886810172e-10	8.60781376733e-11
8.66041435867e-10	8.16134451687e-11
8.67196061563e-10	6.39797242963e-11
8.68350687259e-10	4.27797727798e-11
8.69505312954e-10	2.58221343613e-11
8.7065993865e-10	1.62857366481e-11
8.71814564346e-10	1.21073984172e-11
8.72969190041e-10	7.70064133987e-12
8.74123815737e-10	-2.85490251231e-12
8.75278441433e-10	-2.25131545351e-11
8.76433067128e-10	-4.93647796251e-11
8.77587692824e-10	-7.69416474977e-11
8.7874231852e-10	-9.65738877756e-11
8.79896944215e-10	-1.00838448702e-10
8.81051569911e-10	-8.66290719714e-11
8.82206195607e-10	-5.65869434643e-11
8.83360821303e-10	-1.83020230915e-11
8.84515446998e-10	1.83613176746e-11
8.85670072694e-10	4.46971279433e-11
8.8682469839e-10	5.60354887491e-11
8.87979324085e-10	5.29417551465e-11
8.89133949781e-10	4.03325185749e-11
8.90288575477e-10	2.50102421412e-11
8.91443201172e-10	1.26476407472e-11
8.92597826868e-10	5.49565948305e-12
8.93752452564e-10	1.72183220373e-12
8.94907078259e-10	-3.36130667571e-12
8.96061703955e-10	-1.47079813606e-11
8.97216329651e-10	-3.47547268742e-11
8.98370955346e-10	-6.16350442906e-11
8.99525581042e-10	-8.91901552613e-11
9.00680206738e-10	-1.08853363823e-10
9.01834832433e-10	-1.12644803207e-10
9.02989458129e-10	-9.6146202111e-11
9.04144083825e-10	-6.03060310023e-11
9.0529870952e-10	-1.13999252746e-11
9.06453335216e-10	4.07504620326e-11
9.07607960912e-10	8.56020809792e-11
9.08762586608e-10	1.14734763357e-10
9.09917212303e-10	1.23807797348e-10
9.11071837999e-10	1.13105955157e-10
9.12226463695e-10	8.67108745917e-11
9.1338108939e-10	5.07577452291e-11
9.14535715086e-10	1.14521838193e-11
9.15690340782e-10	-2.64056398275e-11
9.16844966477e-10	-5.99698485315e-11
9.17999592173e-10	-8.79518055608e-11
9.19154217869e-10	-1.09600314935e-10
9.20308843564e-10	-1.23667104335e-10
9.2146346926e-10	-1.27989230325e-10
9.22618094956e-10	-1.19963136647e-10
9.23772720651e-10	-9.77627145904e-11
9.24927346347e-10	-6.18190290624e-11
9.26081972043e-10	-1.57953077701e-11
9.27236597738e-10	3.35007160901e-11
9.28391223434e-10	7.7382239505e-11
9.2954584913e-10	1.07385114689e-10
9.30700474825e-10	1.17502410579e-10
9.31855100521e-10	1.05781682025e-10
9.33009726217e-10	7.4778787329e-11
9.34164351913e-10	3.07776824859e-11
9.35318977608e-10	-1.79660782779e-11
9.36473603304e-10	-6.3365944436e-11
9.37628229e-10	-9.92939133693e-11
9.38782854695e-10	-1.22557686222e-10
9.39937480391e-10	-1.32820129894e-10
9.41092106087e-10	-1.31586297414e-10
9.42246731782e-10	-1.20845611296e-10
9.43401357478e-10	-1.02027025717e-10
9.44555983174e-10	-7.57288259878e-11
9.45710608869e-10	-4.23316659504e-11
9.46865234565e-10	-3.12953851202e-12
9.48019860261e-10	3.86784423934e-11
9.49174485956e-10	7.7796762088e-11
9.50329111652e-10	1.07654482551e-10
9.51483737348e-10	1.22060528351e-10
9.52638363043e-10	1.17080262152e-10
9.53792988739e-10	9.24076162812e-11
9.54947614435e-10	5.174440737e-11
9.5610224013e-10	2.01201208472e-12
9.57256865826e-10	-4.83490782133e-11
9.58411491522e-10	-9.1364402155e-11
9.59566117218e-10	-1.21222060168e-10
9.60720742913e-10	-1.35169778148e-10
9.61875368609e-10	-1.33425590021e-10
9.63029994305e-10	-1.18324350318e-10
9.6418462e-10	-9.31329527387e-11
9.65339245696e-10	-6.10945391499e-11
9.66493871392e-10	-2.50759326498e-11
9.67648497087e-10	1.21806653305e-11
9.68803122783e-10	4.75294491264e-11
9.69957748479e-10	7.7117361108e-11
9.71112374174e-10	9.66446714323e-11
9.7226699987e-10	1.02248529088e-10
9.73421625566e-10	9.17261336331e-11
9.74576251261e-10	6.55570875363e-11
9.75730876957e-10	2.72544990049e-11
9.76885502653e-10	-1.71637704049e-11
9.78040128348e-10	-6.04514632796e-11
9.79194754044e-10	-9.57698850779e-11
9.8034937974e-10	-1.18173928976e-10
9.81504005435e-10	-1.25472604529e-10
9.82658631131e-10	-1.18266577087e-10
9.83813256827e-10	-9.92881818429e-11
9.84967882523e-10	-7.23261520119e-11
9.86122508218e-10	-4.12035787434e-11
9.87277133914e-10	-9.17364188086e-12
9.8843175961e-10	2.11529960215e-11
9.89586385305e-10	4.75112553466e-11
9.90741011001e-10	6.76164124691e-11
9.91895636697e-10	7.90996781963e-11
9.93050262392e-10	7.99023486264e-11
9.94204888088e-10	6.89864693149e-11
9.95359513784e-10	4.70478274395e-11
9.96514139479e-10	1.68666573763e-11
9.97668765175e-10	-1.69776918219e-11
9.98823390871e-10	-4.90379958862e-11
9.99978016566e-10	-7.42537975551e-11
1.00113264226e-09	-8.91392237801e-11
1.00228726796e-09	-9.2510894778e-11
1.00344189365e-09	-8.54787282623e-11
1.00459651935e-09	-7.07718120219e-11
1.00575114504e-09	-5.17031868708e-11
1.00690577074e-09	-3.11695426414e-11
1.00806039644e-09	-1.10980903287e-11
1.00921502213e-09	7.49503150516e-12
1.01036964783e-09	2.39496547594e-11
1.01152427352e-09	3.7293647337e-11
1.01267889922e-09	4.58846120821e-11
1.01383352491e-09	4.76379352632e-11
1.01498815061e-09	4.08248747308e-11
1.01614277631e-09	2.50572184529e-11
1.017297402e-09	2.03396414294e-12
1.0184520277e-09	-2.44176606018e-11
1.01960665339e-09	-4.91509472011e-11
1.02076127909e-09	-6.70847752349e-11
1.02191590478e-09	-7.46902539817e-11
1.02307053048e-09	-7.10396116932e-11
1.02422515618e-09	-5.8014558435e-11
1.02537978187e-09	-3.95746491133e-11
1.02653440757e-09	-2.0422025182e-11
1.02768903326e-09	-4.54881575115e-12
1.02884365896e-09	5.83746115682e-12
1.02999828465e-09	1.06129540919e-11
1.03115291035e-09	1.12181921738e-11
1.03230753605e-09	9.66610645692e-12
1.03346216174e-09	7.50622480838e-12
1.03461678744e-09	5.21060321626e-12
1.03577141313e-09	2.2609067396e-12
1.03692603883e-09	-2.18184281406e-12
1.03808066452e-09	-8.42857207639e-12
1.03923529022e-09	-1.56779728089e-11
1.04038991592e-09	-2.2051959217e-11
1.04154454161e-09	-2.52916090848e-11
1.04269916731e-09	-2.3814674191e-11
1.043853793e-09	-1.76172739591e-11
1.0450084187e-09	-8.57997440457e-12
1.04616304439e-09	1.46995114106e-14
1.04731767009e-09	4.60500040877e-12
1.04847229579e-09	2.70352186818e-12
1.04962692148e-09	-6.06283296137e-12
1.05078154718e-09	-1.96433581207e-11
1.05193617287e-09	-3.41140449223e-11
1.05309079857e-09	-4.49357634436e-11
1.05424542426e-09	-4.84696588421e-11
1.05540004996e-09	-4.31919014443e-11
1.05655467565e-09	-3.01907665534e-11
1.05770930135e-09	-1.27818979359e-11
1.05886392705e-09	4.61711398281e-12
1.06001855274e-09	1.79178789861e-11
1.06117317844e-09	2.45527435189e-11
1.06232780413e-09	2.40375930965e-11
1.06348242983e-09	1.77553163144e-11
1.06463705552e-09	8.11778942678e-12
1.06579168122e-09	-2.46750493302e-12
1.06694630692e-09	-1.24027038639e-11
1.06810093261e-09	-2.11902613512e-11
1.06925555831e-09	-2.91376887895e-11
1.070410184e-09	-3.66879651659e-11
1.0715648097e-09	-4.37394252761e-11
1.07271943539e-09	-4.928382355e-11
1.07387406109e-09	-5.1564124498e-11
1.07502868679e-09	-4.87448900688e-11
1.07618331248e-09	-3.98007425628e-11
1.07733793818e-09	-2.52337473833e-11
1.07849256387e-09	-7.2995307715e-12
1.07964718957e-09	1.04551792571e-11
1.08080181526e-09	2.4211304836e-11
1.08195644096e-09	3.10652233104e-11
1.08311106666e-09	2.99508577661e-11
1.08426569235e-09	2.1918557247e-11
1.08542031805e-09	9.66818725773e-12
1.08657494374e-09	-3.48674106081e-12
1.08772956944e-09	-1.4789940106e-11
1.08888419513e-09	-2.28879675629e-11
1.09003882083e-09	-2.80478435616e-11
1.09119344653e-09	-3.16707667036e-11
1.09234807222e-09	-3.53640831896e-11
1.09350269792e-09	-3.99853483657e-11
1.09465732361e-09	-4.50609584368e-11
1.09581194931e-09	-4.88396892373e-11
1.096966575e-09	-4.89586843289e-11
1.0981212007e-09	-4.34518081238e-11
1.0992758264e-09	-3.16864139094e-11
1.10043045209e-09	-1.48495035712e-11
1.10158507779e-09	4.20012288838e-12
1.10273970348e-09	2.16795453117e-11
1.10389432918e-09	3.39515950076e-11
1.10504895487e-09	3.85411945414e-11
1.10620358057e-09	3.47781352328e-11
1.10735820626e-09	2.38554176413e-11
1.10851283196e-09	8.33804032763e-12
1.10966745766e-09	-8.64729815531e-12
1.11082208335e-09	-2.42849802767e-11
1.11197670905e-09	-3.66890927361e-11
1.11313133474e-09	-4.50847449651e-11
1.11428596044e-09	-4.9566128979e-11
1.11544058613e-09	-5.06213300444e-11
1.11659521183e-09	-4.86514405151e-11
1.11774983753e-09	-4.3719319831e-11
1.11890446322e-09	-3.56499205156e-11
1.12005908892e-09	-2.43886213308e-11
1.12121371461e-09	-1.04218031774e-11
1.12236834031e-09	4.92965867779e-12
1.123522966e-09	1.95440920392e-11
1.1246775917e-09	3.08821128392e-11
1.1258322174e-09	3.66185484713e-11
1.12698684309e-09	3.53178562784e-11
1.12814146879e-09	2.69352214144e-11
1.12929609448e-09	1.29478537267e-11
1.13045072018e-09	-3.95086437524e-12
1.13160534587e-09	-2.05266584979e-11
1.13275997157e-09	-3.38469460792e-11
1.13391459727e-09	-4.20240578447e-11
1.13506922296e-09	-4.46037373703e-11
1.13622384866e-09	-4.24538564026e-11
1.13737847435e-09	-3.7221999788e-11
1.13853310005e-09	-3.06098167646e-11
1.13968772574e-09	-2.37481700971e-11
1.14084235144e-09	-1.69337998485e-11
1.14199697714e-09	-9.81754434692e-12
1.14315160283e-09	-1.89806850792e-12
1.14430622853e-09	6.92060861743e-12
1.14546085422e-09	1.59656263904e-11
1.14661547992e-09	2.38086095977e-11
1.14777010561e-09	2.86447567055e-11
1.14892473131e-09	2.88785610009e-11
1.15007935701e-09	2.37031401451e-11
1.1512339827e-09	1.34744316399e-11
1.1523886084e-09	-2.62966243832e-13
1.15354323409e-09	-1.51069452087e-11
1.15469785979e-09	-2.83781140947e-11
1.15585248548e-09	-3.77810734087e-11
1.15700711118e-09	-4.19369296234e-11
1.15816173687e-09	-4.06265576736e-11
1.15931636257e-09	-3.46990457201e-11
1.16047098827e-09	-2.57011200516e-11
1.16162561396e-09	-1.53781067741e-11
1.16278023966e-09	-5.25237188811e-12
1.16393486535e-09	3.61560824683e-12
1.16508949105e-09	1.06370858302e-11
1.16624411674e-09	1.55537822205e-11
1.16739874244e-09	1.82519555025e-11
1.16855336814e-09	1.86456006884e-11
1.16970799383e-09	1.66482869157e-11
1.17086261953e-09	1.22219968521e-11
1.17201724522e-09	5.48985813406e-12
1.17317187092e-09	-3.13291710283e-12
1.17432649661e-09	-1.28409704744e-11
1.17548112231e-09	-2.24202184596e-11
1.17663574801e-09	-3.0369408377e-11
1.1777903737e-09	-3.51876271176e-11
1.1789449994e-09	-3.57811037743e-11
1.18009962509e-09	-3.18503452779e-11
1.18125425079e-09	-2.41061181433e-11
1.18240887648e-09	-1.41773892973e-11
1.18356350218e-09	-4.20094601467e-12
1.18471812788e-09	3.78351950464e-12
1.18587275357e-09	8.41327008061e-12
1.18702737927e-09	9.35682434311e-12
1.18818200496e-09	7.30656767728e-12
1.18933663066e-09	3.63551116295e-12
1.19049125635e-09	-1.52547354089e-13
1.19164588205e-09	-2.97576676841e-12
1.19280050775e-09	-4.54712309472e-12
1.19395513344e-09	-5.41712638288e-12
1.19510975914e-09	-6.6422293013e-12
1.19626438483e-09	-9.2401312296e-12
1.19741901053e-09	-1.35958345276e-11
1.19857363622e-09	-1.91108379122e-11
1.19972826192e-09	-2.42771237141e-11
1.20088288762e-09	-2.71818297037e-11
1.20203751331e-09	-2.6260264796e-11
1.20319213901e-09	-2.10091735675e-11
1.2043467647e-09	-1.23180224701e-11
1.2055013904e-09	-2.26342924438e-12
1.20665601609e-09	6.55967858157e-12
1.20781064179e-09	1.19083892053e-11
1.20896526748e-09	1.26250876073e-11
1.21011989318e-09	8.96968957442e-12
1.21127451888e-09	2.4281791855e-12
1.21242914457e-09	-4.88044327174e-12
1.21358377027e-09	-1.09794950909e-11
1.21473839596e-09	-1.46835026776e-11
1.21589302166e-09	-1.58864831012e-11
1.21704764735e-09	-1.54049585588e-11
1.21820227305e-09	-1.44670837809e-11
1.21935689875e-09	-1.40538101989e-11
1.22051152444e-09	-1.4397829283e-11
1.22166615014e-09	-1.48716802761e-11
1.22282077583e-09	-1.43057813859e-11
1.22397540153e-09	-1.16195881042e-11
1.22513002722e-09	-6.4788062068e-12
1.22628465292e-09	3.54460764126e-13
1.22743927862e-09	7.15149293951e-12
1.22859390431e-09	1.17934126007e-11
1.22974853001e-09	1.25665788539e-11
1.2309031557e-09	8.85877222273e-12
1.2320577814e-09	1.44320059375e-12
1.23321240709e-09	-7.7480756186e-12
1.23436703279e-09	-1.6265060479e-11
1.23552165849e-09	-2.19708695681e-11
1.23667628418e-09	-2.37276188281e-11
1.23783090988e-09	-2.16975569456e-11
1.23898553557e-09	-1.71793950593e-11
1.24014016127e-09	-1.20435831447e-11
1.24129478696e-09	-7.99610898328e-12
1.24244941266e-09	-5.95084702001e-12
1.24360403836e-09	-5.75755025253e-12
1.24475866405e-09	-6.36545547175e-12
1.24591328975e-09	-6.36850945243e-12
1.24706791544e-09	-4.70369099573e-12
1.24822254114e-09	-1.19876515398e-12
1.24937716683e-09	3.26115111478e-12
1.25053179253e-09	7.02152745669e-12
1.25168641823e-09	8.2880603422e-12
1.25284104392e-09	5.85071964834e-12
1.25399566962e-09	-3.82244664523e-13
1.25515029531e-09	-9.26239293597e-12
1.25630492101e-09	-1.87265827845e-11
1.2574595467e-09	-2.64309477083e-11
1.2586141724e-09	-3.04768502102e-11
1.25976879809e-09	-2.9965155357e-11
1.26092342379e-09	-2.51986365801e-11
1.26207804949e-09	-1.75056757284e-11
1.26323267518e-09	-8.75385441218e-12
1.26438730088e-09	-7.39775862096e-13
1.26554192657e-09	5.30547914629e-12
1.26669655227e-09	8.93724504125e-12
1.26785117796e-09	1.03917915939e-11
1.26900580366e-09	1.02379285605e-11
1.27016042936e-09	8.95485942343e-12
1.27131505505e-09	6.65585208476e-12
1.27246968075e-09	3.08400852599e-12
1.27362430644e-09	-2.11652982467e-12
1.27477893214e-09	-8.98786340492e-12
1.27593355783e-09	-1.69255269522e-11
1.27708818353e-09	-2.46018101724e-11
1.27824280923e-09	-3.02315568412e-11
1.27939743492e-09	-3.2107889264e-11
1.28055206062e-09	-2.92214134834e-11
1.28170668631e-09	-2.17100833838e-11
1.28286131201e-09	-1.09634992057e-11
1.2840159377e-09	6.78274710703e-13
1.2851705634e-09	1.05589963856e-11
1.2863251891e-09	1.64765978639e-11
1.28747981479e-09	1.73047791374e-11
1.28863444049e-09	1.32772959294e-11
1.28978906618e-09	5.83842306098e-12
1.29094369188e-09	-2.87941719079e-12
1.29209831757e-09	-1.07573151775e-11
1.29325294327e-09	-1.63039599183e-11
1.29440756897e-09	-1.89894523717e-11
1.29556219466e-09	-1.92090718332e-11
1.29671682036e-09	-1.79249896176e-11
1.29787144605e-09	-1.61675325905e-11
1.29902607175e-09	-1.46084359887e-11
