% time-domain voltage integration by openEMS v0.37.0-rc1-2-g7b051bb @Tue Jul 14 02:14:41 2026
% start-coordinates: (0.00308805,0.00289287,0.0167882) m -> [95,98,257]
% stop-coordinates: (0.00336646,0.00289287,0.0167882) m -> [100,98,257]
% t/s	voltage
0	0
1.15462569568e-12	0
2.30925139136e-12	0
3.46387708705e-12	0
4.61850278273e-12	0
5.77312847841e-12	0
6.92775417409e-12	0
8.08237986977e-12	0
9.23700556545e-12	0
1.03916312611e-11	0
1.15462569568e-11	0
1.27008826525e-11	0
1.38555083482e-11	0
1.50101340439e-11	0
1.61647597395e-11	0
1.73193854352e-11	0
1.84740111309e-11	0
1.96286368266e-11	0
2.07832625223e-11	0
2.1937888218e-11	0
2.30925139136e-11	0
2.42471396093e-11	0
2.5401765305e-11	0
2.65563910007e-11	0
2.77110166964e-11	0
2.8865642392e-11	0
3.00202680877e-11	0
3.11748937834e-11	0
3.23295194791e-11	0
3.34841451748e-11	0
3.46387708705e-11	0
3.57933965661e-11	0
3.69480222618e-11	0
3.81026479575e-11	0
3.92572736532e-11	0
4.04118993489e-11	0
4.15665250445e-11	0
4.27211507402e-11	0
4.38757764359e-11	0
4.50304021316e-11	0
4.61850278273e-11	0
4.7339653523e-11	0
4.84942792186e-11	0
4.96489049143e-11	0
5.080353061e-11	0
5.19581563057e-11	0
5.31127820014e-11	0
5.4267407697e-11	0
5.54220333927e-11	0
5.65766590884e-11	0
5.77312847841e-11	0
5.88859104798e-11	0
6.00405361755e-11	0
6.11951618711e-11	0
6.23497875668e-11	0
6.35044132625e-11	0
6.46590389582e-11	0
6.58136646539e-11	0
6.69682903495e-11	0
6.81229160452e-11	0
6.92775417409e-11	0
7.04321674366e-11	0
7.15867931323e-11	0
7.2741418828e-11	0
7.38960445236e-11	0
7.50506702193e-11	0
7.6205295915e-11	0
7.73599216107e-11	0
7.85145473064e-11	0
7.9669173002e-11	0
8.08237986977e-11	0
8.19784243934e-11	0
8.31330500891e-11	0
8.42876757848e-11	0
8.54423014805e-11	0
8.65969271761e-11	0
8.77515528718e-11	0
8.89061785675e-11	0
9.00608042632e-11	0
9.12154299589e-11	0
9.23700556545e-11	0
9.35246813502e-11	0
9.46793070459e-11	0
9.58339327416e-11	0
9.69885584373e-11	0
9.8143184133e-11	0
9.92978098286e-11	0
1.00452435524e-10	0
1.0160706122e-10	0
1.02761686916e-10	0
1.03916312611e-10	0
1.05070938307e-10	0
1.06225564003e-10	0
1.07380189698e-10	0
1.08534815394e-10	0
1.0968944109e-10	0
1.10844066785e-10	5.4065487017e-37
1.11998692481e-10	3.02007509258e-34
1.13153318177e-10	7.56904302243e-33
1.14307943872e-10	1.62243352483e-31
1.15462569568e-10	2.99429486523e-30
1.16617195264e-10	4.77497511347e-29
1.1777182096e-10	6.58722400353e-28
1.18926446655e-10	7.87129330497e-27
1.20081072351e-10	8.16075943931e-26
1.21235698047e-10	7.36077211325e-25
1.22390323742e-10	5.80429368603e-24
1.23544949438e-10	4.03861963153e-23
1.24699575134e-10	2.5221324231e-22
1.25854200829e-10	1.45412136725e-21
1.27008826525e-10	8.03715400929e-21
1.28163452221e-10	4.40145946256e-20
1.29318077916e-10	2.40533100595e-19
1.30472703612e-10	1.28227763997e-18
1.31627329308e-10	6.4460192665e-18
1.32781955003e-10	2.97265716531e-17
1.33936580699e-10	1.23664292361e-16
1.35091206395e-10	4.59834400904e-16
1.3624583209e-10	1.51941271681e-15
1.37400457786e-10	4.43362752043e-15
1.38555083482e-10	1.13042183815e-14
1.39709709177e-10	2.4630949212e-14
1.40864334873e-10	4.34256787871e-14
1.42018960569e-10	5.12586405308e-14
1.43173586265e-10	-1.03089769031e-14
1.4432821196e-10	-2.87362696843e-13
1.45482837656e-10	-1.0721073687e-12
1.46637463352e-10	-2.84572170516e-12
1.47792089047e-10	-6.24745589463e-12
1.48946714743e-10	-1.188953352e-11
1.50101340439e-10	-1.99461543202e-11
1.51255966134e-10	-2.95079915363e-11
1.5241059183e-10	-3.78219846935e-11
1.53565217526e-10	-3.97182937581e-11
1.54719843221e-10	-2.77156678684e-11
1.55874468917e-10	6.60879218104e-12
1.57029094613e-10	6.95773378148e-11
1.58183720308e-10	1.60954390441e-10
1.59338346004e-10	2.69574796513e-10
1.604929717e-10	3.72063709703e-10
1.61647597395e-10	4.3850821585e-10
1.62802223091e-10	4.47818435112e-10
1.63956848787e-10	4.11423561886e-10
1.65111474482e-10	3.9733598356e-10
1.66266100178e-10	5.4011804751e-10
1.67420725874e-10	1.02036397387e-09
1.6857535157e-10	2.00422470287e-09
1.69729977265e-10	3.55032447885e-09
1.70884602961e-10	5.51348949829e-09
1.72039228657e-10	7.49178491466e-09
1.73193854352e-10	8.86325401961e-09
1.74348480048e-10	8.93385820877e-09
1.75503105744e-10	7.17193399113e-09
1.76657731439e-10	3.45395584356e-09
1.77812357135e-10	-1.78290573971e-09
1.78966982831e-10	-7.57238616256e-09
1.80121608526e-10	-1.26653987298e-08
1.81276234222e-10	-1.59342543604e-08
1.82430859918e-10	-1.68014733237e-08
1.83585485613e-10	-1.55307564587e-08
1.84740111309e-10	-1.32535429298e-08
1.85894737005e-10	-1.16926164306e-08
1.870493627e-10	-1.26487886831e-08
1.88203988396e-10	-1.73973784268e-08
1.89358614092e-10	-2.61738171137e-08
1.90513239787e-10	-3.79098432646e-08
1.91667865483e-10	-5.03236270433e-08
1.92822491179e-10	-6.03799037435e-08
1.93977116875e-10	-6.5029718499e-08
1.9513174257e-10	-6.20351210401e-08
1.96286368266e-10	-5.06199686612e-08
1.97440993962e-10	-3.17099628777e-08
1.98595619657e-10	-7.6535974225e-09
1.99750245353e-10	1.84821731253e-08
2.00904871049e-10	4.37597345027e-08
2.02059496744e-10	6.60112471351e-08
2.0321412244e-10	8.40251335177e-08
2.04368748136e-10	9.72714477854e-08
2.05523373831e-10	1.05406794404e-07
2.06677999527e-10	1.07916187098e-07
2.07832625223e-10	1.04158687897e-07
2.08987250918e-10	9.38330551037e-08
2.10141876614e-10	7.76132438318e-08
2.1129650231e-10	5.75685970006e-08
2.12451128005e-10	3.70545669703e-08
2.13605753701e-10	1.99969503178e-08
2.14760379397e-10	9.77739222918e-09
2.15915005092e-10	8.12521094851e-09
2.17069630788e-10	1.44458790485e-08
2.18224256484e-10	2.58629624383e-08
2.1937888218e-10	3.79887588053e-08
2.20533507875e-10	4.61734757096e-08
2.21688133571e-10	4.68163445788e-08
2.22842759267e-10	3.83157878758e-08
2.23997384962e-10	2.13880047006e-08
2.25152010658e-10	-1.27427657315e-09
2.26306636354e-10	-2.58107382134e-08
2.27461262049e-10	-4.81742548075e-08
2.28615887745e-10	-6.50227569565e-08
2.29770513441e-10	-7.43736308095e-08
2.30925139136e-10	-7.59685780949e-08
2.32079764832e-10	-7.13236119054e-08
2.33234390528e-10	-6.34086410045e-08
2.34389016223e-10	-5.58970674192e-08
2.35543641919e-10	-5.20386906899e-08
2.36698267615e-10	-5.3435839753e-08
2.3785289331e-10	-5.91999915756e-08
2.39007519006e-10	-6.59467094266e-08
2.40162144702e-10	-6.88010661776e-08
2.41316770397e-10	-6.31554817332e-08
2.42471396093e-10	-4.65515923587e-08
2.43626021789e-10	-1.99273775259e-08
2.44780647485e-10	1.23242746009e-08
2.4593527318e-10	4.35581375413e-08
2.47089898876e-10	6.68843247453e-08
2.48244524572e-10	7.72218502476e-08
2.49399150267e-10	7.26972944065e-08
2.50553775963e-10	5.50282601708e-08
2.51708401659e-10	2.89286559152e-08
2.52863027354e-10	8.44103065223e-10
2.5401765305e-10	-2.25773972851e-08
2.55172278746e-10	-3.5925085573e-08
2.56326904441e-10	-3.61560728024e-08
2.57481530137e-10	-2.33144452633e-08
2.58636155833e-10	-7.40025984935e-10
2.59790781528e-10	2.53914713699e-08
2.60945407224e-10	4.73183088268e-08
2.6210003292e-10	5.7637509876e-08
2.63254658615e-10	5.15304336979e-08
2.64409284311e-10	2.85909091957e-08
2.65563910007e-10	-6.46006048655e-09
2.66718535702e-10	-4.46175159041e-08
2.67873161398e-10	-7.49232231811e-08
2.69027787094e-10	-8.76614301148e-08
2.7018241279e-10	-7.74482602495e-08
2.71337038485e-10	-4.52450383825e-08
2.72491664181e-10	1.3470503879e-09
2.73646289877e-10	4.96755352408e-08
2.74800915572e-10	8.51984545136e-08
2.75955541268e-10	9.55106305156e-08
2.77110166964e-10	7.42341370596e-08
2.78264792659e-10	2.36563222344e-08
2.79419418355e-10	-4.48679124965e-08
2.80574044051e-10	-1.13254582601e-07
2.81728669746e-10	-1.61463422188e-07
2.82883295442e-10	-1.73477916476e-07
2.84037921138e-10	-1.42616833898e-07
2.85192546833e-10	-7.42656078856e-08
2.86347172529e-10	1.51464878417e-08
2.87501798225e-10	1.02779832645e-07
2.8865642392e-10	1.66118708123e-07
2.89811049616e-10	1.89524742567e-07
2.90965675312e-10	1.68464282524e-07
2.92120301007e-10	1.10187640345e-07
2.93274926703e-10	3.09388132891e-08
2.94429552399e-10	-4.90747407156e-08
2.95584178095e-10	-1.11198136921e-07
2.9673880379e-10	-1.42768675104e-07
2.97893429486e-10	-1.39540851762e-07
2.99048055182e-10	-1.05863709798e-07
3.00202680877e-10	-5.29449675213e-08
3.01357306573e-10	4.15406814502e-09
3.02511932269e-10	5.01061312441e-08
3.03666557964e-10	7.28710469744e-08
3.0482118366e-10	6.66136550365e-08
3.05975809356e-10	3.33681176024e-08
3.07130435051e-10	-1.70959655321e-08
3.08285060747e-10	-6.94680926117e-08
3.09439686443e-10	-1.06895329033e-07
3.10594312138e-10	-1.15898982855e-07
3.11748937834e-10	-9.08263579902e-08
3.1290356353e-10	-3.63331813524e-08
3.14058189225e-10	3.32056395713e-08
3.15212814921e-10	9.7533459531e-08
3.16367440617e-10	1.36601101985e-07
3.17522066312e-10	1.36991053168e-07
3.18676692008e-10	9.64975246376e-08
3.19831317704e-10	2.52320231375e-08
3.209859434e-10	-5.71887328604e-08
3.22140569095e-10	-1.27470084266e-07
3.23295194791e-10	-1.65577556999e-07
3.24449820487e-10	-1.60555831741e-07
3.25604446182e-10	-1.13438848537e-07
3.26759071878e-10	-3.65148169479e-08
3.27913697574e-10	5.05903354764e-08
3.29068323269e-10	1.26644557952e-07
3.30222948965e-10	1.74582497792e-07
3.31377574661e-10	1.85655478546e-07
3.32532200356e-10	1.60903306679e-07
3.33686826052e-10	1.09783220736e-07
3.34841451748e-10	4.66438292435e-08
3.35996077443e-10	-1.3683481459e-08
3.37150703139e-10	-5.9746885217e-08
3.38305328835e-10	-8.57064845761e-08
3.3945995453e-10	-9.15317572847e-08
3.40614580226e-10	-8.14924172587e-08
3.41769205922e-10	-6.17985076445e-08
3.42923831617e-10	-3.83954898986e-08
3.44078457313e-10	-1.5622986238e-08
3.45233083009e-10	4.08800893137e-09
3.46387708705e-10	1.97462890483e-08
3.475423344e-10	3.10208987386e-08
3.48696960096e-10	3.7610690562e-08
3.49851585792e-10	3.90399828021e-08
3.51006211487e-10	3.48726376664e-08
3.52160837183e-10	2.51336227386e-08
3.53315462879e-10	1.07068166555e-08
3.54470088574e-10	-6.47681824839e-09
3.5562471427e-10	-2.35945152305e-08
3.56779339966e-10	-3.74441104789e-08
3.57933965661e-10	-4.51618951125e-08
3.59088591357e-10	-4.49230439514e-08
3.60243217053e-10	-3.64318135659e-08
3.61397842748e-10	-2.10519712773e-08
3.62552468444e-10	-1.51731371911e-09
3.6370709414e-10	1.86737871832e-08
3.64861719835e-10	3.59728575816e-08
3.66016345531e-10	4.74128381001e-08
3.67170971227e-10	5.10486533045e-08
3.68325596922e-10	4.61897289306e-08
3.69480222618e-10	3.34753460507e-08
3.70634848314e-10	1.4858823727e-08
3.7178947401e-10	-6.49853232337e-09
3.72944099705e-10	-2.65253905507e-08
3.74098725401e-10	-4.08515496986e-08
3.75253351097e-10	-4.57550468624e-08
3.76407976792e-10	-3.92822676609e-08
3.77562602488e-10	-2.21889320251e-08
3.78717228184e-10	1.73704632622e-09
3.79871853879e-10	2.63156794134e-08
3.81026479575e-10	4.45905929958e-08
3.82181105271e-10	5.09737554388e-08
3.83335730966e-10	4.31776565613e-08
3.84490356662e-10	2.31919667915e-08
3.85644982358e-10	-3.15371434523e-09
3.86799608053e-10	-2.79885108423e-08
3.87954233749e-10	-4.39533058838e-08
3.89108859445e-10	-4.65750042977e-08
3.9026348514e-10	-3.5610105531e-08
3.91418110836e-10	-1.49263952309e-08
3.92572736532e-10	8.97123320076e-09
3.93727362227e-10	2.9172906757e-08
3.94881987923e-10	4.05250011326e-08
3.96036613619e-10	4.10134952666e-08
3.97191239315e-10	3.20094541983e-08
3.9834586501e-10	1.7447050471e-08
3.99500490706e-10	2.35699176843e-09
4.00655116402e-10	-8.70290939314e-09
4.01809742097e-10	-1.28729732429e-08
4.02964367793e-10	-9.6107946046e-09
4.04118993489e-10	-6.38936140107e-10
4.05273619184e-10	1.06567341618e-08
4.0642824488e-10	2.01625238727e-08
4.07582870576e-10	2.41378610433e-08
4.08737496271e-10	2.02986267794e-08
4.09892121967e-10	8.59527882202e-09
4.11046747663e-10	-8.58026694139e-09
4.12201373358e-10	-2.68901896305e-08
4.13355999054e-10	-4.12099221414e-08
4.1451062475e-10	-4.7184052665e-08
4.15665250445e-10	-4.26715125457e-08
4.16819876141e-10	-2.8509539618e-08
4.17974501837e-10	-8.27197343956e-09
4.19129127532e-10	1.28938993926e-08
4.20283753228e-10	2.9905045329e-08
4.21438378924e-10	3.9213685632e-08
4.2259300462e-10	3.9565727139e-08
4.23747630315e-10	3.18707855662e-08
4.24902256011e-10	1.84275956716e-08
4.26056881707e-10	1.99145927526e-09
4.27211507402e-10	-1.48780625597e-08
4.28366133098e-10	-3.0014567276e-08
4.29520758794e-10	-4.15211007798e-08
4.30675384489e-10	-4.76477346467e-08
4.31830010185e-10	-4.69613685716e-08
4.32984635881e-10	-3.8844614636e-08
4.34139261576e-10	-2.40629138837e-08
4.35293887272e-10	-5.01880970116e-09
4.36448512968e-10	1.45734777579e-08
4.37603138663e-10	3.05862513095e-08
4.38757764359e-10	3.96535817515e-08
4.39912390055e-10	4.01678934558e-08
4.4106701575e-10	3.26889946223e-08
4.42221641446e-10	1.9616251512e-08
4.43376267142e-10	4.29834906557e-09
4.44530892837e-10	-1.00295540761e-08
4.45685518533e-10	-2.10704635961e-08
4.46840144229e-10	-2.78020815259e-08
4.47994769925e-10	-3.03030922577e-08
4.4914939562e-10	-2.92690167658e-08
4.50304021316e-10	-2.55314323017e-08
4.51458647012e-10	-1.98004328489e-08
4.52613272707e-10	-1.26745878237e-08
4.53767898403e-10	-4.81128026308e-09
4.54922524099e-10	2.92970681048e-09
4.56077149794e-10	9.50592393689e-09
4.5723177549e-10	1.39100717611e-08
4.58386401186e-10	1.5494747263e-08
4.59541026881e-10	1.4212182764e-08
4.60695652577e-10	1.06277445733e-08
4.61850278273e-10	5.70960662083e-09
4.63004903968e-10	5.10337605508e-10
4.64159529664e-10	-4.12698725194e-09
4.6531415536e-10	-7.72882102762e-09
4.66468781055e-10	-1.01351504966e-08
4.67623406751e-10	-1.13011275893e-08
4.68778032447e-10	-1.11401483593e-08
4.69932658142e-10	-9.49072431755e-09
4.71087283838e-10	-6.20259582584e-09
4.72241909534e-10	-1.30389746222e-09
4.7339653523e-10	4.84974926884e-09
4.74551160925e-10	1.15532706735e-08
4.75705786621e-10	1.78869048462e-08
4.76860412317e-10	2.29227044013e-08
4.78015038012e-10	2.59162813432e-08
4.79169663708e-10	2.64536390571e-08
4.80324289404e-10	2.45038758173e-08
4.81478915099e-10	2.03730439186e-08
4.82633540795e-10	1.46308005711e-08
4.83788166491e-10	8.04232436202e-09
4.84942792186e-10	1.49204065769e-09
4.86097417882e-10	-4.10977107901e-09
4.87252043578e-10	-7.94602805776e-09
4.88406669273e-10	-9.44073241804e-09
4.89561294969e-10	-8.39683056419e-09
4.90715920665e-10	-5.07134040317e-09
4.9187054636e-10	-1.61808219601e-10
4.93025172056e-10	5.31354787947e-09
4.94179797752e-10	1.02413605374e-08
4.95334423447e-10	1.36799327421e-08
4.96489049143e-10	1.50651301434e-08
4.97643674839e-10	1.42800662406e-08
4.98798300535e-10	1.15837751613e-08
4.9995292623e-10	7.44181621881e-09
5.01107551926e-10	2.33980734787e-09
5.02262177622e-10	-3.31521898822e-09
5.03416803317e-10	-9.15456310757e-09
5.04571429013e-10	-1.47160748032e-08
5.05726054709e-10	-1.93413138838e-08
5.06880680404e-10	-2.22039606701e-08
5.080353061e-10	-2.24966194562e-08
5.09189931796e-10	-1.97370899624e-08
5.10344557491e-10	-1.40638121149e-08
5.11499183187e-10	-6.3574581155e-09
5.12653808883e-10	1.89050025634e-09
5.13808434578e-10	8.93664386936e-09
5.14963060274e-10	1.32453744639e-08
5.1611768597e-10	1.38991613774e-08
5.17272311665e-10	1.08457406389e-08
5.18426937361e-10	4.89790130676e-09
5.19581563057e-10	-2.49387255291e-09
5.20736188752e-10	-9.58802404138e-09
5.21890814448e-10	-1.47330101452e-08
5.23045440144e-10	-1.67323093159e-08
5.2420006584e-10	-1.51239192281e-08
5.25354691535e-10	-1.02942017133e-08
5.26509317231e-10	-3.40841815882e-09
5.27663942927e-10	3.83232923173e-09
5.28818568622e-10	9.60069979072e-09
5.29973194318e-10	1.24279145863e-08
5.31127820014e-10	1.16211319456e-08
5.32282445709e-10	7.48349188173e-09
5.33437071405e-10	1.25290164354e-09
5.34591697101e-10	-5.23292648102e-09
5.35746322796e-10	-1.00581540874e-08
5.36900948492e-10	-1.17746173922e-08
5.38055574188e-10	-9.79333836248e-09
5.39210199883e-10	-4.5310905028e-09
5.40364825579e-10	2.71692962572e-09
5.41519451275e-10	1.01376942396e-08
5.4267407697e-10	1.58671191741e-08
5.43828702666e-10	1.84340487319e-08
5.44983328362e-10	1.70926008902e-08
5.46137954057e-10	1.19831033984e-08
5.47292579753e-10	4.09281242231e-09
5.48447205449e-10	-4.95138952061e-09
5.49601831145e-10	-1.32032542677e-08
5.5075645684e-10	-1.87981441524e-08
5.51911082536e-10	-2.03716692404e-08
5.53065708232e-10	-1.74067058545e-08
5.54220333927e-10	-1.04239196164e-08
5.55374959623e-10	-9.47037295806e-10
5.56529585319e-10	8.78829298223e-09
5.57684211014e-10	1.63579798595e-08
5.5883883671e-10	1.97909841848e-08
5.59993462406e-10	1.81397621368e-08
5.61148088101e-10	1.18028258278e-08
5.62302713797e-10	2.48392972857e-09
5.63457339493e-10	-7.23707826999e-09
5.64611965188e-10	-1.46304079962e-08
5.65766590884e-10	-1.76209404845e-08
5.6692121658e-10	-1.54201897917e-08
5.68075842275e-10	-8.79144756993e-09
5.69230467971e-10	1.64815827652e-10
5.70385093667e-10	8.66073501804e-09
5.71539719362e-10	1.41030773726e-08
5.72694345058e-10	1.49249108627e-08
5.73848970754e-10	1.10735389747e-08
5.7500359645e-10	3.98611110786e-09
5.76158222145e-10	-3.92786270176e-09
5.77312847841e-10	-1.01079996595e-08
5.78467473537e-10	-1.26737753625e-08
5.79622099232e-10	-1.09737630094e-08
5.80776724928e-10	-5.67897145975e-09
5.81931350624e-10	1.55867034557e-09
5.83085976319e-10	8.71189920204e-09
5.84240602015e-10	1.40157602191e-08
5.85395227711e-10	1.640972358e-08
5.86549853406e-10	1.56758193093e-08
5.87704479102e-10	1.22951957504e-08
5.88859104798e-10	7.14159809068e-09
5.90013730493e-10	1.18654858161e-09
5.91168356189e-10	-4.66818195211e-09
5.92322981885e-10	-9.61549206924e-09
5.9347760758e-10	-1.28957027279e-08
5.94632233276e-10	-1.37961954083e-08
5.95786858972e-10	-1.17807766875e-08
5.96941484667e-10	-6.75542177753e-09
5.98096110363e-10	6.48825035365e-10
5.99250736059e-10	8.97545660017e-09
6.00405361755e-10	1.61519742026e-08
6.0155998745e-10	2.00163650099e-08
6.02714613146e-10	1.90268856226e-08
6.03869238842e-10	1.28931321175e-08
6.05023864537e-10	2.85491183472e-09
6.06178490233e-10	-8.55154091983e-09
6.07333115929e-10	-1.82008845773e-08
6.08487741624e-10	-2.33347663414e-08
6.0964236732e-10	-2.24491474299e-08
6.10796993016e-10	-1.5800621922e-08
6.11951618711e-10	-5.351754373e-09
6.13106244407e-10	5.82397208237e-09
6.14260870103e-10	1.44765265331e-08
6.15415495798e-10	1.81478039263e-08
6.16570121494e-10	1.58757360591e-08
6.1772474719e-10	8.4246010168e-09
6.18879372885e-10	-2.01371816444e-09
6.20033998581e-10	-1.25189882905e-08
6.21188624277e-10	-2.03002841204e-08
6.22343249972e-10	-2.34546091438e-08
6.23497875668e-10	-2.14092570339e-08
6.24652501364e-10	-1.49399266292e-08
6.2580712706e-10	-5.81873405014e-09
6.26961752755e-10	3.75699876765e-09
6.28116378451e-10	1.17627526608e-08
6.29271004147e-10	1.67891458513e-08
6.30425629842e-10	1.82429222839e-08
6.31580255538e-10	1.63054820757e-08
6.32734881234e-10	1.17152159085e-08
6.33889506929e-10	5.48728951166e-09
6.35044132625e-10	-1.33055642892e-09
6.36198758321e-10	-7.79252951055e-09
6.37353384016e-10	-1.30842178203e-08
6.38508009712e-10	-1.65102493899e-08
6.39662635408e-10	-1.74910415041e-08
6.40817261103e-10	-1.56335091539e-08
6.41971886799e-10	-1.08935671594e-08
6.43126512495e-10	-3.76064379637e-09
6.4428113819e-10	4.64493826735e-09
6.45435763886e-10	1.26731265482e-08
6.46590389582e-10	1.84822850358e-08
6.47745015277e-10	2.05509171902e-08
6.48899640973e-10	1.82012342975e-08
6.50054266669e-10	1.19127923082e-08
6.51208892365e-10	3.27195875949e-09
6.5236351806e-10	-5.46853362593e-09
6.53518143756e-10	-1.2093170132e-08
6.54672769452e-10	-1.51300074691e-08
6.55827395147e-10	-1.42990782548e-08
6.56982020843e-10	-1.05335262734e-08
6.58136646539e-10	-5.56598184209e-09
6.59291272234e-10	-1.25170115939e-09
6.6044589793e-10	1.10402958997e-09
6.61600523626e-10	1.16015363982e-09
6.62755149321e-10	-4.4655606643e-10
6.63909775017e-10	-2.45671138988e-09
6.65064400713e-10	-3.547450389e-09
6.66219026408e-10	-2.86574977637e-09
6.67373652104e-10	-3.33381905415e-10
6.685282778e-10	3.37014047225e-09
6.69682903495e-10	7.10072040055e-09
6.70837529191e-10	9.67651048178e-09
6.71992154887e-10	1.02671374735e-08
6.73146780582e-10	8.61450621947e-09
6.74301406278e-10	5.04009411983e-09
6.75456031974e-10	2.82336473645e-10
6.7661065767e-10	-4.74294303832e-09
6.77765283365e-10	-9.15893449971e-09
6.78919909061e-10	-1.22626677701e-08
6.80074534757e-10	-1.35765668707e-08
6.81229160452e-10	-1.28547769096e-08
6.82383786148e-10	-1.00852690643e-08
6.83538411844e-10	-5.50730339111e-09
6.84693037539e-10	3.61266815074e-10
6.85847663235e-10	6.72324063089e-09
6.87002288931e-10	1.25718656596e-08
6.88156914626e-10	1.68410736467e-08
6.89311540322e-10	1.86178588102e-08
6.90466166018e-10	1.73665726244e-08
6.91620791713e-10	1.30972718226e-08
6.92775417409e-10	6.42728181788e-09
6.93930043105e-10	-1.49913463587e-09
6.950846688e-10	-9.22475440479e-09
6.96239294496e-10	-1.52786421292e-08
6.97393920192e-10	-1.85040232026e-08
6.98548545887e-10	-1.83276718246e-08
6.99703171583e-10	-1.48959385937e-08
7.00857797279e-10	-9.04718577832e-09
7.02012422975e-10	-2.11355219437e-09
7.0316704867e-10	4.40658737277e-09
7.04321674366e-10	9.2152334652e-09
7.05476300062e-10	1.15221054919e-08
7.06630925757e-10	1.12093458959e-08
7.07785551453e-10	8.80834005734e-09
7.08940177149e-10	5.29182136999e-09
7.10094802844e-10	1.7486892212e-09
7.1124942854e-10	-9.47765046999e-10
7.12404054236e-10	-2.37607467035e-09
7.13558679931e-10	-2.62865129663e-09
7.14713305627e-10	-2.18616302838e-09
7.15867931323e-10	-1.67200929491e-09
7.17022557018e-10	-1.58497309721e-09
7.18177182714e-10	-2.11553999319e-09
7.1933180841e-10	-3.11553438603e-09
7.20486434105e-10	-4.21069384915e-09
7.21641059801e-10	-4.98894842105e-09
7.22795685497e-10	-5.17266307565e-09
7.23950311192e-10	-4.69690286664e-09
7.25104936888e-10	-3.67412344993e-09
7.26259562584e-10	-2.28510790845e-09
7.2741418828e-10	-6.64955736307e-10
7.28568813975e-10	1.14651230176e-09
7.29723439671e-10	3.15769801973e-09
7.30878065367e-10	5.30779969976e-09
7.32032691062e-10	7.3514773713e-09
7.33187316758e-10	8.82541872915e-09
7.34341942454e-10	9.14320719136e-09
7.35496568149e-10	7.80157327629e-09
7.36651193845e-10	4.62541294155e-09
7.37805819541e-10	-5.69651478766e-11
7.38960445236e-10	-5.40250333358e-09
7.40115070932e-10	-1.02360259158e-08
7.41269696628e-10	-1.33773465638e-08
7.42424322323e-10	-1.39958756806e-08
7.43578948019e-10	-1.18679569505e-08
7.44733573715e-10	-7.44908035255e-09
7.4588819941e-10	-1.73731548592e-09
7.47042825106e-10	4.01485722445e-09
7.48197450802e-10	8.63899107806e-09
7.49352076497e-10	1.13320255402e-08
7.50506702193e-10	1.18031102669e-08
7.51661327889e-10	1.02714161621e-08
7.52815953585e-10	7.3332174777e-09
7.5397057928e-10	3.75553227405e-09
7.55125204976e-10	2.7682614534e-10
7.56279830672e-10	-2.54299512004e-09
7.57434456367e-10	-4.39339681302e-09
7.58589082063e-10	-5.20518572689e-09
7.59743707759e-10	-5.09907194246e-09
7.60898333454e-10	-4.31412788826e-09
7.6205295915e-10	-3.14361411902e-09
7.63207584846e-10	-1.89056030553e-09
7.64362210541e-10	-8.29963112126e-10
7.65516836237e-10	-1.72861933535e-10
7.66671461933e-10	-2.80962831126e-11
7.67826087628e-10	-3.69252833171e-10
7.68980713324e-10	-1.02136007984e-09
7.7013533902e-10	-1.68365563158e-09
7.71289964715e-10	-1.9992978384e-09
7.72444590411e-10	-1.65240264527e-09
7.73599216107e-10	-4.76199100985e-10
7.74753841802e-10	1.45523817996e-09
7.75908467498e-10	3.79781855964e-09
7.77063093194e-10	5.98787153194e-09
7.7821771889e-10	7.37085154023e-09
7.79372344585e-10	7.38738215045e-09
7.80526970281e-10	5.76017783471e-09
7.81681595977e-10	2.62107502369e-09
7.82836221672e-10	-1.47502461634e-09
7.83990847368e-10	-5.6649296365e-09
7.85145473064e-10	-8.99377783359e-09
7.86300098759e-10	-1.06726517624e-08
7.87454724455e-10	-1.02909932798e-08
7.88609350151e-10	-7.91823717705e-09
7.89763975846e-10	-4.07078870612e-09
7.90918601542e-10	4.39928444368e-10
7.92073227238e-10	4.72154421116e-09
7.93227852933e-10	8.00949129243e-09
7.94382478629e-10	9.81253189813e-09
7.95537104325e-10	9.96866300618e-09
7.9669173002e-10	8.62153959336e-09
7.97846355716e-10	6.14414569222e-09
7.99000981412e-10	3.04290265207e-09
8.00155607107e-10	-1.36050434807e-10
8.01310232803e-10	-2.88845014573e-09
8.02464858499e-10	-4.81952838749e-09
8.03619484195e-10	-5.70465757965e-09
8.0477410989e-10	-5.53116535906e-09
8.05928735586e-10	-4.50022152876e-09
8.07083361282e-10	-2.98506397378e-09
8.08237986977e-10	-1.44105485878e-09
8.09392612673e-10	-2.81138222077e-10
8.10547238369e-10	2.44799101129e-10
8.11701864064e-10	1.24844181867e-10
8.1285648976e-10	-4.11880619888e-10
8.14011115456e-10	-9.6958885365e-10
8.15165741151e-10	-1.12061572521e-09
8.16320366847e-10	-5.57496868114e-10
8.17474992543e-10	7.86454255886e-10
8.18629618238e-10	2.68858071917e-09
8.19784243934e-10	4.68451522018e-09
8.2093886963e-10	6.19513962352e-09
8.22093495325e-10	6.69396910125e-09
8.23248121021e-10	5.86688619908e-09
8.24402746717e-10	3.70953706641e-09
8.25557372412e-10	5.33626441646e-10
8.26711998108e-10	-3.10793393798e-09
8.27866623804e-10	-6.5512592573e-09
8.290212495e-10	-9.16559539377e-09
8.30175875195e-10	-1.04715907057e-08
8.31330500891e-10	-1.02119609435e-08
8.32485126587e-10	-8.37642022411e-09
8.33639752282e-10	-5.19138604327e-09
8.34794377978e-10	-1.08460904147e-09
8.35949003674e-10	3.36359221031e-09
8.37103629369e-10	7.4826011498e-09
8.38258255065e-10	1.05965974884e-08
8.39412880761e-10	1.21299985612e-08
8.40567506456e-10	1.1722302351e-08
8.41722132152e-10	9.33132882075e-09
8.42876757848e-10	5.29223442847e-09
8.44031383543e-10	2.96933880262e-10
8.45186009239e-10	-4.72389610762e-09
8.46340634935e-10	-8.79602912729e-09
8.4749526063e-10	-1.11321675211e-08
8.48649886326e-10	-1.13306489746e-08
8.49804512022e-10	-9.47406630925e-09
8.50959137717e-10	-6.09652900385e-09
8.52113763413e-10	-2.02751784806e-09
8.53268389109e-10	1.83928819397e-09
8.54423014805e-10	4.77419470624e-09
8.555776405e-10	6.37096070344e-09
8.56732266196e-10	6.59828924832e-09
8.57886891892e-10	5.73978498064e-09
8.59041517587e-10	4.25675544813e-09
8.60196143283e-10	2.63112082122e-09
8.61350768979e-10	1.23640227223e-09
8.62505394674e-10	2.67588448795e-10
8.6366002037e-10	-2.566078669e-10
8.64814646066e-10	-4.37379327201e-10
8.65969271761e-10	-4.24393430121e-10
8.67123897457e-10	-3.53110186924e-10
8.68278523153e-10	-3.12601293809e-10
8.69433148848e-10	-3.49586424045e-10
8.70587774544e-10	-4.88920036401e-10
8.7174240024e-10	-7.49630385544e-10
8.72897025935e-10	-1.14246763439e-09
8.74051651631e-10	-1.64481661624e-09
8.75206277327e-10	-2.16872919623e-09
8.76360903022e-10	-2.54527512955e-09
8.77515528718e-10	-2.54894066964e-09
8.78670154414e-10	-1.96372729189e-09
8.7982478011e-10	-6.7461324027e-10
8.80979405805e-10	1.24450404149e-09
8.82134031501e-10	3.49179715697e-09
8.83288657197e-10	5.57301466086e-09
8.84443282892e-10	6.91321266899e-09
8.85597908588e-10	7.02366909078e-09
8.86752534284e-10	5.66931951385e-09
8.87907159979e-10	2.97911204039e-09
8.89061785675e-10	-5.4426527174e-10
8.90216411371e-10	-4.13172429603e-09
8.91371037066e-10	-6.94645474475e-09
8.92525662762e-10	-8.31680702085e-09
8.93680288458e-10	-7.92836130081e-09
8.94834914153e-10	-5.91425886043e-09
8.95989539849e-10	-2.81355017062e-09
8.97144165545e-10	5.93564052076e-10
8.9829879124e-10	3.51292037126e-09
8.99453416936e-10	5.35303906757e-09
9.00608042632e-10	5.86564302685e-09
9.01762668327e-10	5.16993570177e-09
9.02917294023e-10	3.66630550919e-09
9.04071919719e-10	1.88066931472e-09
9.05226545415e-10	2.96154238286e-10
9.0638117111e-10	-7.73811653643e-10
9.07535796806e-10	-1.23692581178e-09
9.08690422502e-10	-1.19665832798e-09
9.09845048197e-10	-8.72584011991e-10
9.10999673893e-10	-5.00257273106e-10
9.12154299589e-10	-2.48441657871e-10
9.13308925284e-10	-1.81633444721e-10
9.1446355098e-10	-2.71873058788e-10
9.15618176676e-10	-4.44560228907e-10
9.16772802371e-10	-6.34092028884e-10
9.17927428067e-10	-8.16890090294e-10
9.19082053763e-10	-1.0059773986e-09
9.20236679458e-10	-1.21319022883e-09
9.21391305154e-10	-1.40027803242e-09
9.2254593085e-10	-1.45265174889e-09
9.23700556545e-10	-1.20069332255e-09
9.24855182241e-10	-4.89498420964e-10
9.26009807937e-10	7.2625915698e-10
9.27164433632e-10	2.30531654877e-09
9.28319059328e-10	3.90168164444e-09
9.29473685024e-10	5.03114450101e-09
9.3062831072e-10	5.21463577874e-09
9.31782936415e-10	4.15310508206e-09
9.32937562111e-10	1.87391768769e-09
9.34092187807e-10	-1.21447905899e-09
9.35246813502e-10	-4.3958001128e-09
9.36401439198e-10	-6.83687489955e-09
9.37556064894e-10	-7.84129405851e-09
9.38710690589e-10	-7.07896757879e-09
9.39865316285e-10	-4.70869754299e-09
9.41019941981e-10	-1.34118355311e-09
9.42174567676e-10	2.14806530896e-09
9.43329193372e-10	4.89095286493e-09
9.44483819068e-10	6.29064383917e-09
9.45638444763e-10	6.18239981431e-09
9.46793070459e-10	4.8390637053e-09
9.47947696155e-10	2.83281775815e-09
9.4910232185e-10	8.1170634797e-10
9.50256947546e-10	-7.19582615716e-10
9.51411573242e-10	-1.53497679845e-09
9.52566198937e-10	-1.70011262013e-09
9.53720824633e-10	-1.47691300856e-09
9.54875450329e-10	-1.17051676685e-09
9.56030076025e-10	-9.88076648278e-10
9.5718470172e-10	-9.68949732949e-10
9.58339327416e-10	-1.0030820341e-09
9.59493953112e-10	-9.20735848675e-10
9.60648578807e-10	-6.0493441506e-10
9.61803204503e-10	-6.8226822629e-11
9.62957830199e-10	5.40442003649e-10
9.64112455894e-10	1.00283426008e-09
9.6526708159e-10	1.14125466022e-09
9.66421707286e-10	9.15326078821e-10
9.67576332981e-10	4.57862484038e-10
9.68730958677e-10	2.72649112489e-11
9.69885584373e-10	-1.06245722289e-10
9.71040210068e-10	2.08082689968e-10
9.72194835764e-10	9.10346048544e-10
9.7334946146e-10	1.72631130224e-09
9.74504087155e-10	2.26015917093e-09
9.75658712851e-10	2.14862524994e-09
9.76813338547e-10	1.21928578345e-09
9.77967964242e-10	-4.11610013434e-10
9.79122589938e-10	-2.34696131973e-09
9.80277215634e-10	-4.02291255863e-09
9.8143184133e-10	-4.89089063693e-09
9.82586467025e-10	-4.6054756675e-09
9.83741092721e-10	-3.15118278693e-09
9.84895718417e-10	-8.60779579559e-10
9.86050344112e-10	1.68096958575e-09
9.87204969808e-10	3.81297060592e-09
9.88359595504e-10	4.99649932539e-09
9.89514221199e-10	4.96966462427e-09
9.90668846895e-10	3.80939191302e-09
9.91823472591e-10	1.88858162442e-09
9.92978098286e-10	-2.52982506471e-10
9.94132723982e-10	-2.07601563718e-09
9.95287349678e-10	-3.18883083827e-09
9.96441975373e-10	-3.4360978507e-09
9.97596601069e-10	-2.90627527599e-09
9.98751226765e-10	-1.86547857717e-09
9.9990585246e-10	-6.51318519951e-10
1.00106047816e-09	4.34506344099e-10
1.00221510385e-09	1.20009216453e-09
1.00336972955e-09	1.5853227342e-09
1.00452435524e-09	1.6351248272e-09
1.00567898094e-09	1.44452330653e-09
1.00683360663e-09	1.10562617395e-09
1.00798823233e-09	6.77765732426e-10
1.00914285803e-09	1.9010390831e-10
1.01029748372e-09	-3.30094031969e-10
1.01145210942e-09	-8.25147707106e-10
1.01260673511e-09	-1.19411329436e-09
1.01376136081e-09	-1.31164398787e-09
1.0149159865e-09	-1.0767594455e-09
1.0160706122e-09	-4.71383349021e-10
1.0172252379e-09	3.99047350719e-10
1.01837986359e-09	1.30827050582e-09
1.01953448929e-09	1.96388330598e-09
1.02068911498e-09	2.10225611919e-09
1.02184374068e-09	1.59043088421e-09
1.02299836637e-09	4.96212376744e-10
1.02415299207e-09	-9.06448444082e-10
1.02530761777e-09	-2.20615603563e-09
1.02646224346e-09	-2.98019359191e-09
1.02761686916e-09	-2.93564753062e-09
1.02877149485e-09	-2.01427802216e-09
1.02992612055e-09	-4.24663998411e-10
1.03108074624e-09	1.41257355812e-09
1.03223537194e-09	2.99126159953e-09
1.03338999764e-09	3.87371135169e-09
1.03454462333e-09	3.82076753569e-09
1.03569924903e-09	2.85855500382e-09
1.03685387472e-09	1.26112097154e-09
1.03800850042e-09	-5.42431606576e-10
1.03916312611e-09	-2.0994448402e-09
1.04031775181e-09	-3.05908073872e-09
1.0414723775e-09	-3.25523297207e-09
1.0426270032e-09	-2.72502079235e-09
1.0437816289e-09	-1.66748757857e-09
1.04493625459e-09	-3.66049274225e-10
1.04609088029e-09	8.94493888681e-10
1.04724550598e-09	1.89070875622e-09
1.04840013168e-09	2.4895418782e-09
1.04955475737e-09	2.64696875529e-09
1.05070938307e-09	2.38963523969e-09
1.05186400877e-09	1.79246092968e-09
1.05301863446e-09	9.61826146506e-10
1.05417326016e-09	2.79396419195e-11
1.05532788585e-09	-8.62069339524e-10
1.05648251155e-09	-1.5561084088e-09
1.05763713724e-09	-1.91837962182e-09
1.05879176294e-09	-1.86011478442e-09
1.05994638864e-09	-1.37132857847e-09
1.06110101433e-09	-5.40062182475e-10
1.06225564003e-09	4.52061096889e-10
1.06341026572e-09	1.3634844781e-09
1.06456489142e-09	1.95098517897e-09
1.06571951711e-09	2.03988087533e-09
1.06687414281e-09	1.58225162139e-09
1.06802876851e-09	6.83450560035e-10
1.0691833942e-09	-4.15886349664e-10
1.0703380199e-09	-1.4011591748e-09
1.07149264559e-09	-1.9727360856e-09
1.07264727129e-09	-1.93602625598e-09
1.07380189698e-09	-1.26461960348e-09
1.07495652268e-09	-1.15997867561e-10
1.07611114838e-09	1.20683121829e-09
1.07726577407e-09	2.33889349555e-09
1.07842039977e-09	2.95568761133e-09
1.07957502546e-09	2.86636844815e-09
1.08072965116e-09	2.06810660264e-09
1.08188427685e-09	7.46347400549e-10
1.08303890255e-09	-7.76924413692e-10
1.08419352825e-09	-2.13160133988e-09
1.08534815394e-09	-2.99790700597e-09
1.08650277964e-09	-3.18487961004e-09
1.08765740533e-09	-2.66934496729e-09
1.08881203103e-09	-1.58909829739e-09
1.08996665672e-09	-1.96535097224e-10
1.09112128242e-09	1.20939380732e-09
1.09227590811e-09	2.35209840493e-09
1.09343053381e-09	3.0304940779e-09
1.09458515951e-09	3.14794512679e-09
1.0957397852e-09	2.71613370684e-09
1.0968944109e-09	1.83907754303e-09
1.09804903659e-09	6.87536201582e-10
1.09920366229e-09	-5.30795997433e-10
1.10035828798e-09	-1.60217353273e-09
1.10151291368e-09	-2.33654817716e-09
1.10266753938e-09	-2.59761279153e-09
1.10382216507e-09	-2.33055374999e-09
1.10497679077e-09	-1.5802260056e-09
1.10613141646e-09	-4.9367346322e-10
1.10728604216e-09	7.01735891617e-10
1.10844066785e-09	1.74413029852e-09
1.10959529355e-09	2.39858868878e-09
1.11074991925e-09	2.51921553063e-09
1.11190454494e-09	2.09041267629e-09
1.11305917064e-09	1.23562099441e-09
1.11421379633e-09	1.86995577009e-10
1.11536842203e-09	-7.77133281338e-10
1.11652304772e-09	-1.40699230045e-09
1.11767767342e-09	-1.54920869189e-09
1.11883229912e-09	-1.18746487643e-09
1.11998692481e-09	-4.4332725338e-10
1.12114155051e-09	4.6037135909e-10
1.1222961762e-09	1.26382546095e-09
1.1234508019e-09	1.7430368815e-09
1.12460542759e-09	1.76999484514e-09
1.12576005329e-09	1.34351638148e-09
1.12691467899e-09	5.8344767212e-10
1.12806930468e-09	-3.07712192532e-10
1.12922393038e-09	-1.10191465674e-09
1.13037855607e-09	-1.60416264994e-09
1.13153318177e-09	-1.69675053174e-09
1.13268780746e-09	-1.36079331137e-09
1.13384243316e-09	-6.73057755363e-10
1.13499705886e-09	2.17468491132e-10
1.13615168455e-09	1.12446761624e-09
1.13730631025e-09	1.8626967746e-09
1.13846093594e-09	2.28322255547e-09
1.13961556164e-09	2.29852162303e-09
1.14077018733e-09	1.89681509388e-09
1.14192481303e-09	1.14418068076e-09
1.14307943872e-09	1.74102154568e-10
1.14423406442e-09	-8.32605574763e-10
1.14538869012e-09	-1.67782969462e-09
1.14654331581e-09	-2.18253268236e-09
1.14769794151e-09	-2.22492824165e-09
1.1488525672e-09	-1.77384611166e-09
1.1500071929e-09	-9.05688156416e-10
1.15116181859e-09	2.02429489837e-10
1.15231644429e-09	1.30701936774e-09
1.15347106999e-09	2.15492701461e-09
1.15462569568e-09	2.54805476718e-09
1.15578032138e-09	2.39695729931e-09
1.15693494707e-09	1.74703389255e-09
1.15808957277e-09	7.67003252578e-10
1.15924419846e-09	-2.96591251558e-10
1.16039882416e-09	-1.18540319227e-09
1.16155344986e-09	-1.69734984401e-09
1.16270807555e-09	-1.73603122156e-09
1.16386270125e-09	-1.32871073866e-09
1.16501732694e-09	-6.10999570383e-10
1.16617195264e-09	2.1688991228e-10
1.16732657833e-09	9.46645969946e-10
1.16848120403e-09	1.41421953315e-09
1.16963582973e-09	1.53508757095e-09
1.17079045542e-09	1.31394949088e-09
1.17194508112e-09	8.31928942402e-10
1.17309970681e-09	2.17482091364e-10
1.17425433251e-09	-3.87855091794e-10
1.1754089582e-09	-8.58091188383e-10
1.1765635839e-09	-1.10383890917e-09
1.1777182096e-09	-1.0828076491e-09
1.17887283529e-09	-8.02192187677e-10
1.18002746099e-09	-3.17590953536e-10
1.18118208668e-09	2.75357882329e-10
1.18233671238e-09	8.54646062254e-10
1.18349133807e-09	1.2922823367e-09
1.18464596377e-09	1.48179854498e-09
1.18580058947e-09	1.36458049027e-09
1.18695521516e-09	9.49299666653e-10
1.18810984086e-09	3.17225787305e-10
1.18926446655e-09	-3.92279063399e-10
1.19041909225e-09	-1.01144369269e-09
1.19157371794e-09	-1.38508970959e-09
1.19272834364e-09	-1.4118182734e-09
1.19388296933e-09	-1.072749653e-09
1.19503759503e-09	-4.41323751849e-10
1.19619222073e-09	3.318577739e-10
1.19734684642e-09	1.05594472055e-09
1.19850147212e-09	1.54933188501e-09
1.19965609781e-09	1.68839864312e-09
1.20081072351e-09	1.4410137944e-09
1.2019653492e-09	8.75242746334e-10
1.2031199749e-09	1.40391301015e-10
1.2042746006e-09	-5.73902758649e-10
1.20542922629e-09	-1.08822881262e-09
1.20658385199e-09	-1.27918126092e-09
1.20773847768e-09	-1.10928090324e-09
1.20889310338e-09	-6.33104721426e-10
1.21004772907e-09	1.97392276136e-11
1.21120235477e-09	6.79673983761e-10
1.21235698047e-09	1.18110908554e-09
1.21351160616e-09	1.40328698661e-09
1.21466623186e-09	1.2994693932e-09
1.21582085755e-09	9.05275771013e-10
1.21697548325e-09	3.25417037067e-10
1.21813010894e-09	-2.9516412578e-10
1.21928473464e-09	-8.09055059059e-10
1.22043936034e-09	-1.10140520315e-09
1.22159398603e-09	-1.11281879545e-09
1.22274861173e-09	-8.47653128244e-10
1.22390323742e-09	-3.67882398156e-10
1.22505786312e-09	2.24149053485e-10
1.22621248881e-09	8.0786418527e-10
1.22736711451e-09	1.2666116489e-09
1.22852174021e-09	1.50793628972e-09
1.2296763659e-09	1.47869000378e-09
1.2308309916e-09	1.17472290229e-09
1.23198561729e-09	6.4372780717e-10
1.23314024299e-09	-2.02553113171e-11
1.23429486868e-09	-6.90339001241e-10
1.23544949438e-09	-1.22864812768e-09
1.23660412008e-09	-1.51384148273e-09
1.23775874577e-09	-1.46925570321e-09
1.23891337147e-09	-1.08573273983e-09
1.24006799716e-09	-4.30960711562e-10
1.24122262286e-09	3.59199572864e-10
1.24237724855e-09	1.10822542809e-09
1.24353187425e-09	1.64109799361e-09
1.24468649994e-09	1.82933165838e-09
1.24584112564e-09	1.62693747363e-09
1.24699575134e-09	1.08485630201e-09
1.24815037703e-09	3.39045243269e-10
1.24930500273e-09	-4.25580196084e-10
1.25045962842e-09	-1.02469317753e-09
1.25161425412e-09	-1.32324502744e-09
1.25276887981e-09	-1.26888516361e-09
1.25392350551e-09	-9.01556967969e-10
1.25507813121e-09	-3.37127492589e-10
1.2562327569e-09	2.67831132272e-10
1.2573873826e-09	7.59795226735e-10
1.25854200829e-09	1.02711411598e-09
1.25969663399e-09	1.02441538585e-09
1.26085125968e-09	7.77577661981e-10
1.26200588538e-09	3.7061182942e-10
1.26316051108e-09	-8.07961770405e-11
1.26431513677e-09	-4.59741369974e-10
1.26546976247e-09	-6.75532796368e-10
1.26662438816e-09	-6.81677839176e-10
1.26777901386e-09	-4.81891491988e-10
1.26893363955e-09	-1.25069057541e-10
1.27008826525e-09	3.07707841846e-10
1.27124289095e-09	7.20493782691e-10
1.27239751664e-09	1.02135540303e-09
1.27355214234e-09	1.13963372073e-09
1.27470676803e-09	1.03925339168e-09
1.27586139373e-09	7.27394366962e-10
1.27701601942e-09	2.55924299114e-10
1.27817064512e-09	-2.86653985271e-10
1.27932527082e-09	-7.90708547249e-10
1.28047989651e-09	-1.14697801257e-09
1.28163452221e-09	-1.27067109612e-09
1.2827891479e-09	-1.12177230005e-09
1.2839437736e-09	-7.16987198779e-10
1.28509839929e-09	-1.29254003334e-10
1.28625302499e-09	5.24804193158e-10
1.28740765069e-09	1.10928037589e-09
1.28856227638e-09	1.49914120007e-09
1.28971690208e-09	1.60930090087e-09
1.29087152777e-09	1.41628929418e-09
1.29202615347e-09	9.6506265479e-10
1.29318077916e-09	3.5871378784e-10
1.29433540486e-09	-2.66012864514e-10
1.29549003055e-09	-7.72528568893e-10
1.29664465625e-09	-1.05741797263e-09
1.29779928195e-09	-1.07395999038e-09
1.29895390764e-09	-8.4046255372e-10
