% time-domain voltage integration by openEMS v0.37.0-rc1-2-g7b051bb @Tue Jul 14 02:14:41 2026
% start-coordinates: (0.00308805,0,-0.000889) m -> [95,43,13]
% stop-coordinates: (0.00336646,0,-0.000889) m -> [100,43,13]
% t/s	voltage
0	0
1.15462569568e-12	0
2.30925139136e-12	0
3.46387708705e-12	0
4.61850278273e-12	0
5.77312847841e-12	0
6.92775417409e-12	0
8.08237986977e-12	0
9.23700556545e-12	0
1.03916312611e-11	0
1.15462569568e-11	0
1.27008826525e-11	0
1.38555083482e-11	0
1.50101340439e-11	0
1.61647597395e-11	0
1.73193854352e-11	0
1.84740111309e-11	0
1.96286368266e-11	0
2.07832625223e-11	0
2.1937888218e-11	0
2.30925139136e-11	0
2.42471396093e-11	0
2.5401765305e-11	0
2.65563910007e-11	0
2.77110166964e-11	0
2.8865642392e-11	0
3.00202680877e-11	0
3.11748937834e-11	-8.60874102147e-37
3.23295194791e-11	-2.77616487058e-33
3.34841451748e-11	-1.04578764754e-30
3.46387708705e-11	-2.39859054286e-28
3.57933965661e-11	-3.45688023798e-26
3.69480222618e-11	-3.21766226377e-24
3.81026479575e-11	-1.98170527395e-22
3.92572736532e-11	-8.25479268035e-21
4.04118993489e-11	-2.37392673857e-19
4.15665250445e-11	-4.80862382595e-18
4.27211507402e-11	-7.00099903789e-17
4.38757764359e-11	-7.48083948019e-16
4.50304021316e-11	-5.99260023606e-15
4.61850278273e-11	-3.67292442527e-14
4.7339653523e-11	-1.75276670077e-13
4.84942792186e-11	-6.59007570736e-13
4.96489049143e-11	-1.95624343547e-12
5.080353061e-11	-4.50326608685e-12
5.19581563057e-11	-7.44805063978e-12
5.31127820014e-11	-5.82512342398e-12
5.4267407697e-11	1.32787021396e-11
5.54220333927e-11	7.3168354188e-11
5.65766590884e-11	2.05468952616e-10
5.77312847841e-11	4.42019618824e-10
5.88859104798e-11	8.00980407001e-10
6.00405361755e-11	1.26472722572e-09
6.11951618711e-11	1.74394691743e-09
6.23497875668e-11	2.02999519971e-09
6.35044132625e-11	1.76039206823e-09
6.46590389582e-11	4.463607782e-10
6.58136646539e-11	-2.4046241387e-09
6.69682903495e-11	-7.09014935651e-09
6.81229160452e-11	-1.35179958338e-08
6.92775417409e-11	-2.11168809106e-08
7.04321674366e-11	-2.89098898154e-08
7.15867931323e-11	-3.57589269306e-08
7.2741418828e-11	-4.07017486381e-08
7.38960445236e-11	-4.32156621599e-08
7.50506702193e-11	-4.31589168848e-08
7.6205295915e-11	-4.02909652308e-08
7.73599216107e-11	-3.35672751817e-08
7.85145473064e-11	-2.0727696004e-08
7.9669173002e-11	1.29085797607e-09
8.08237986977e-11	3.50197431054e-08
8.19784243934e-11	8.05489550615e-08
8.31330500891e-11	1.34028846688e-07
8.42876757848e-11	1.87547952279e-07
8.54423014805e-11	2.30975704341e-07
8.65969271761e-11	2.55171404007e-07
8.77515528718e-11	2.55009965144e-07
8.89061785675e-11	2.3058576204e-07
9.00608042632e-11	1.86083688902e-07
9.12154299589e-11	1.27157610663e-07
9.23700556545e-11	5.83732369108e-08
9.35246813502e-11	-1.74371314055e-08
9.46793070459e-11	-9.79526140199e-08
9.58339327416e-11	-1.78897593628e-07
9.69885584373e-11	-2.52427184932e-07
9.8143184133e-11	-3.08038021757e-07
9.92978098286e-11	-3.35979112975e-07
1.00452435524e-10	-3.31578821289e-07
1.0160706122e-10	-2.97730466059e-07
1.02761686916e-10	-2.43929175525e-07
1.03916312611e-10	-1.81471827787e-07
1.05070938307e-10	-1.17703747193e-07
1.06225564003e-10	-5.19345748629e-08
1.07380189698e-10	2.36097170703e-08
1.08534815394e-10	1.17326774074e-07
1.0968944109e-10	2.29177430811e-07
1.10844066785e-10	3.43684089188e-07
1.11998692481e-10	4.30483765967e-07
1.13153318177e-10	4.53830732994e-07
1.14307943872e-10	3.88222378689e-07
1.15462569568e-10	2.32895930097e-07
1.16617195264e-10	1.81747206174e-08
1.1777182096e-10	-2.00974982434e-07
1.18926446655e-10	-3.62614915872e-07
1.20081072351e-10	-4.19954563569e-07
1.21235698047e-10	-3.58902742192e-07
1.22390323742e-10	-2.03418956346e-07
1.23544949438e-10	-6.84660173e-09
1.24699575134e-10	1.67379008431e-07
1.25854200829e-10	2.68171497453e-07
1.27008826525e-10	2.7375542544e-07
1.28163452221e-10	1.96715324918e-07
1.29318077916e-10	7.60434493152e-08
1.30472703612e-10	-4.07367601873e-08
1.31627329308e-10	-1.17010495515e-07
1.32781955003e-10	-1.40147665917e-07
1.33936580699e-10	-1.22325856111e-07
1.35091206395e-10	-8.99212508898e-08
1.3624583209e-10	-6.71167712518e-08
1.37400457786e-10	-6.27985086155e-08
1.38555083482e-10	-6.75549669538e-08
1.39709709177e-10	-6.16989215274e-08
1.40864334873e-10	-2.90551709359e-08
1.42018960569e-10	3.14833425996e-08
1.43173586265e-10	1.03643944094e-07
1.4432821196e-10	1.61259292142e-07
1.45482837656e-10	1.81769943097e-07
1.46637463352e-10	1.5753738758e-07
1.47792089047e-10	9.90394743994e-08
1.48946714743e-10	2.90842097073e-08
1.50101340439e-10	-2.88649630864e-08
1.51255966134e-10	-6.12412427436e-08
1.5241059183e-10	-6.89222940942e-08
1.53565217526e-10	-6.4159116242e-08
1.54719843221e-10	-6.20917401939e-08
1.55874468917e-10	-7.19361059609e-08
1.57029094613e-10	-9.22134466563e-08
1.58183720308e-10	-1.12308356393e-07
1.59338346004e-10	-1.18780734581e-07
1.604929717e-10	-1.02574703398e-07
1.61647597395e-10	-6.3452051613e-08
1.62802223091e-10	-9.03060071167e-09
1.63956848787e-10	4.96184253684e-08
1.65111474482e-10	1.03613718494e-07
1.66266100178e-10	1.48805060718e-07
1.67420725874e-10	1.84122237457e-07
1.6857535157e-10	2.0698635872e-07
1.69729977265e-10	2.09350510261e-07
1.70884602961e-10	1.78122938621e-07
1.72039228657e-10	1.01464876501e-07
1.73193854352e-10	-2.18014504227e-08
1.74348480048e-10	-1.74588684843e-07
1.75503105744e-10	-3.20713837709e-07
1.76657731439e-10	-4.13616060513e-07
1.77812357135e-10	-4.1235152537e-07
1.78966982831e-10	-2.9918350819e-07
1.80121608526e-10	-9.09101967039e-08
1.81276234222e-10	1.61949239796e-07
1.82430859918e-10	3.89226020303e-07
1.83585485613e-10	5.23711875644e-07
1.84740111309e-10	5.24321137618e-07
1.85894737005e-10	3.90361787339e-07
1.870493627e-10	1.61726051218e-07
1.88203988396e-10	-9.50030285551e-08
1.89358614092e-10	-3.09286747324e-07
1.90513239787e-10	-4.28839666e-07
1.91667865483e-10	-4.33487329587e-07
1.92822491179e-10	-3.36580889382e-07
1.93977116875e-10	-1.75663016577e-07
1.9513174257e-10	2.56846921509e-09
1.96286368266e-10	1.56479673663e-07
1.97440993962e-10	2.58220804739e-07
1.98595619657e-10	2.95767854652e-07
1.99750245353e-10	2.70518750511e-07
2.00904871049e-10	1.93517557534e-07
2.02059496744e-10	8.29085848864e-08
2.0321412244e-10	-3.81222644563e-08
2.04368748136e-10	-1.43661528895e-07
2.05523373831e-10	-2.09774546178e-07
2.06677999527e-10	-2.20842936827e-07
2.07832625223e-10	-1.75356989374e-07
2.08987250918e-10	-8.789362127e-08
2.10141876614e-10	1.49806693717e-08
2.1129650231e-10	1.03919448158e-07
2.12451128005e-10	1.57213140284e-07
2.13605753701e-10	1.67642282278e-07
2.14760379397e-10	1.42533203018e-07
2.15915005092e-10	9.77271614744e-08
2.17069630788e-10	4.86176672254e-08
2.18224256484e-10	3.48940304429e-09
2.1937888218e-10	-3.77111839533e-08
2.20533507875e-10	-7.91482692719e-08
2.21688133571e-10	-1.22251346824e-07
2.22842759267e-10	-1.6088308108e-07
2.23997384962e-10	-1.81427118662e-07
2.25152010658e-10	-1.68287327185e-07
2.26306636354e-10	-1.12373708561e-07
2.27461262049e-10	-1.79314764148e-08
2.28615887745e-10	9.56325596491e-08
2.29770513441e-10	1.98678920427e-07
2.30925139136e-10	2.61179732064e-07
2.32079764832e-10	2.63407883949e-07
2.33234390528e-10	2.03212920269e-07
2.34389016223e-10	9.6738652644e-08
2.35543641919e-10	-2.74947171697e-08
2.36698267615e-10	-1.38374652181e-07
2.3785289331e-10	-2.12071695316e-07
2.39007519006e-10	-2.37792036728e-07
2.40162144702e-10	-2.18350164616e-07
2.41316770397e-10	-1.65883749403e-07
2.42471396093e-10	-9.58279438024e-08
2.43626021789e-10	-2.18183791034e-08
2.44780647485e-10	4.65479796929e-08
2.4593527318e-10	1.0327615918e-07
2.47089898876e-10	1.44146794057e-07
2.48244524572e-10	1.65375668715e-07
2.49399150267e-10	1.63807399645e-07
2.50553775963e-10	1.38831502738e-07
2.51708401659e-10	9.4139947393e-08
2.52863027354e-10	3.81622973222e-08
2.5401765305e-10	-1.81924579845e-08
2.55172278746e-10	-6.52736034112e-08
2.56326904441e-10	-9.84254659997e-08
2.57481530137e-10	-1.19396182718e-07
2.58636155833e-10	-1.34317195588e-07
2.59790781528e-10	-1.48943254175e-07
2.60945407224e-10	-1.63580073931e-07
2.6210003292e-10	-1.70838289293e-07
2.63254658615e-10	-1.57886036689e-07
2.64409284311e-10	-1.12478117487e-07
2.65563910007e-10	-3.04737226564e-08
2.66718535702e-10	7.90899026271e-08
2.67873161398e-10	1.94030748801e-07
2.69027787094e-10	2.84759067881e-07
2.7018241279e-10	3.23865616991e-07
2.71337038485e-10	2.95605467215e-07
2.72491664181e-10	2.01814756906e-07
2.73646289877e-10	6.20513223026e-08
2.74800915572e-10	-9.20415939021e-08
2.75955541268e-10	-2.25852128111e-07
2.77110166964e-10	-3.11308436807e-07
2.78264792659e-10	-3.3361087759e-07
2.79419418355e-10	-2.9345882524e-07
2.80574044051e-10	-2.04818874749e-07
2.81728669746e-10	-8.96211247436e-08
2.82883295442e-10	2.85786658782e-08
2.84037921138e-10	1.29974186081e-07
2.85192546833e-10	2.01576323633e-07
2.86347172529e-10	2.37679513404e-07
2.87501798225e-10	2.38584158652e-07
2.8865642392e-10	2.08565829496e-07
2.89811049616e-10	1.54312447265e-07
2.90965675312e-10	8.39459639579e-08
2.92120301007e-10	6.99472291199e-09
2.93274926703e-10	-6.58907204354e-08
2.94429552399e-10	-1.2363177504e-07
2.95584178095e-10	-1.56641187132e-07
2.9673880379e-10	-1.59384955012e-07
2.97893429486e-10	-1.3262308407e-07
2.99048055182e-10	-8.40151823667e-08
3.00202680877e-10	-2.65328778948e-08
3.01357306573e-10	2.5407256965e-08
3.02511932269e-10	6.03992287296e-08
3.03666557964e-10	7.38909760045e-08
3.0482118366e-10	6.92650994338e-08
3.05975809356e-10	5.604380382e-08
3.07130435051e-10	4.57686009092e-08
3.08285060747e-10	4.72712646804e-08
3.09439686443e-10	6.31004106744e-08
3.10594312138e-10	8.84416779812e-08
3.11748937834e-10	1.12880144343e-07
3.1290356353e-10	1.24347048214e-07
3.14058189225e-10	1.13513118016e-07
3.15212814921e-10	7.7177119806e-08
3.16367440617e-10	1.94213598537e-08
3.17522066312e-10	-4.96349867873e-08
3.18676692008e-10	-1.16865050082e-07
3.19831317704e-10	-1.69587012877e-07
3.209859434e-10	-1.9826323161e-07
3.22140569095e-10	-1.97665038115e-07
3.23295194791e-10	-1.66755238951e-07
3.24449820487e-10	-1.08265738596e-07
3.25604446182e-10	-2.8488328141e-08
3.26759071878e-10	6.24716181008e-08
3.27913697574e-10	1.50625451667e-07
3.29068323269e-10	2.19429777459e-07
3.30222948965e-10	2.52707160087e-07
3.31377574661e-10	2.39206972452e-07
3.32532200356e-10	1.77035376581e-07
3.33686826052e-10	7.60139595712e-08
3.34841451748e-10	-4.33764433261e-08
3.35996077443e-10	-1.54962821242e-07
3.37150703139e-10	-2.34058855852e-07
3.38305328835e-10	-2.64569628428e-07
3.3945995453e-10	-2.43516129927e-07
3.40614580226e-10	-1.81149193423e-07
3.41769205922e-10	-9.68608713237e-08
3.42923831617e-10	-1.22947449999e-08
3.44078457313e-10	5.54218058113e-08
3.45233083009e-10	9.795521283e-08
3.46387708705e-10	1.16280105544e-07
3.475423344e-10	1.17729529236e-07
3.48696960096e-10	1.11184563778e-07
3.49851585792e-10	1.02656106726e-07
3.51006211487e-10	9.31847559116e-08
3.52160837183e-10	7.95794310449e-08
3.53315462879e-10	5.73051162078e-08
3.54470088574e-10	2.39256581214e-08
3.5562471427e-10	-1.86646056388e-08
3.56779339966e-10	-6.40699875376e-08
3.57933965661e-10	-1.03437532317e-07
3.59088591357e-10	-1.28563533153e-07
3.60243217053e-10	-1.3464849502e-07
3.61397842748e-10	-1.21559434518e-07
3.62552468444e-10	-9.30940524668e-08
3.6370709414e-10	-5.492096955e-08
3.64861719835e-10	-1.24455157291e-08
3.66016345531e-10	3.05452894089e-08
3.67170971227e-10	7.16330355033e-08
3.68325596922e-10	1.08582154823e-07
3.69480222618e-10	1.3794532272e-07
3.70634848314e-10	1.54685499965e-07
3.7178947401e-10	1.53312653239e-07
3.72944099705e-10	1.30001627241e-07
3.74098725401e-10	8.4870145578e-08
3.75253351097e-10	2.31852852473e-08
3.76407976792e-10	-4.51871664531e-08
3.77562602488e-10	-1.07951425576e-07
3.78717228184e-10	-1.5351001359e-07
3.79871853879e-10	-1.73808208714e-07
3.81026479575e-10	-1.66110508459e-07
3.82181105271e-10	-1.33201618624e-07
3.83335730966e-10	-8.21588113098e-08
3.84490356662e-10	-2.22852287735e-08
3.85644982358e-10	3.70411386008e-08
3.86799608053e-10	8.79687673816e-08
3.87954233749e-10	1.25031238696e-07
3.89108859445e-10	1.45178958633e-07
3.9026348514e-10	1.47408394824e-07
3.91418110836e-10	1.32307354406e-07
3.92572736532e-10	1.01856703516e-07
3.93727362227e-10	5.94859543845e-08
3.94881987923e-10	1.01428995203e-08
3.96036613619e-10	-3.98565380699e-08
3.97191239315e-10	-8.34647240211e-08
3.9834586501e-10	-1.14054631517e-07
3.99500490706e-10	-1.26738525452e-07
4.00655116402e-10	-1.19630313655e-07
4.01809742097e-10	-9.4378792781e-08
4.02964367793e-10	-5.59285719959e-08
4.04118993489e-10	-1.14861172795e-08
4.05273619184e-10	3.11163388389e-08
4.0642824488e-10	6.52149632074e-08
4.07582870576e-10	8.67265761428e-08
4.08737496271e-10	9.47627993853e-08
4.09892121967e-10	9.12879603021e-08
4.11046747663e-10	8.00861572614e-08
4.12201373358e-10	6.52492309072e-08
4.13355999054e-10	4.98728591758e-08
4.1451062475e-10	3.53082407756e-08
4.15665250445e-10	2.12766184671e-08
4.16819876141e-10	6.58162491174e-09
4.17974501837e-10	-9.86511994316e-09
4.19129127532e-10	-2.81458107931e-08
4.20283753228e-10	-4.68988723412e-08
4.21438378924e-10	-6.35292876083e-08
4.2259300462e-10	-7.48376240978e-08
4.23747630315e-10	-7.79996209843e-08
4.24902256011e-10	-7.12923124979e-08
4.26056881707e-10	-5.46401865975e-08
4.27211507402e-10	-2.96270470379e-08
4.28366133098e-10	7.66419649967e-10
4.29520758794e-10	3.26517444194e-08
4.30675384489e-10	6.1721111777e-08
4.31830010185e-10	8.3714172483e-08
4.32984635881e-10	9.48909395504e-08
4.34139261576e-10	9.26251786382e-08
4.35293887272e-10	7.59476481704e-08
4.36448512968e-10	4.61112064087e-08
4.37603138663e-10	6.76210876183e-09
4.38757764359e-10	-3.63494483402e-08
4.39912390055e-10	-7.62494405393e-08
4.4106701575e-10	-1.05989504284e-07
4.42221641446e-10	-1.20090894562e-07
4.43376267142e-10	-1.1576793657e-07
4.44530892837e-10	-9.35897945809e-08
4.45685518533e-10	-5.74801277686e-08
4.46840144229e-10	-1.39310942782e-08
4.47994769925e-10	2.93505624249e-08
4.4914939562e-10	6.50322018458e-08
4.50304021316e-10	8.76839623132e-08
4.51458647012e-10	9.47005460716e-08
4.52613272707e-10	8.66293179413e-08
4.53767898403e-10	6.67578010649e-08
4.54922524099e-10	4.01626305546e-08
4.56077149794e-10	1.24667236534e-08
4.5723177549e-10	-1.14580670507e-08
4.58386401186e-10	-2.84942867079e-08
4.59541026881e-10	-3.77871050006e-08
4.60695652577e-10	-4.064364445e-08
4.61850278273e-10	-3.97189268142e-08
4.63004903968e-10	-3.78927880185e-08
4.64159529664e-10	-3.70888613155e-08
4.6531415536e-10	-3.76016546788e-08
4.66468781055e-10	-3.81338862709e-08
4.67623406751e-10	-3.65224464005e-08
4.68778032447e-10	-3.07771697017e-08
4.69932658142e-10	-2.00262670891e-08
4.71087283838e-10	-4.95550861457e-09
4.72241909534e-10	1.23060680535e-08
4.7339653523e-10	2.8791355744e-08
4.74551160925e-10	4.14531458048e-08
4.75705786621e-10	4.78454409425e-08
4.76860412317e-10	4.65255727278e-08
4.78015038012e-10	3.72221937717e-08
4.79169663708e-10	2.07602357527e-08
4.80324289404e-10	-1.02959618609e-09
4.81478915099e-10	-2.54421836932e-08
4.82633540795e-10	-4.9100648436e-08
4.83788166491e-10	-6.81976501937e-08
4.84942792186e-10	-7.90263410266e-08
4.86097417882e-10	-7.87322189666e-08
4.87252043578e-10	-6.61342864916e-08
4.88406669273e-10	-4.23641379754e-08
4.89561294969e-10	-1.09094073775e-08
4.90715920665e-10	2.28830705495e-08
4.9187054636e-10	5.29043444608e-08
4.93025172056e-10	7.36712797433e-08
4.94179797752e-10	8.15149014954e-08
4.95334423447e-10	7.54014664039e-08
4.96489049143e-10	5.70884663986e-08
4.97643674839e-10	3.06728180632e-08
4.98798300535e-10	1.67577668408e-09
4.9995292623e-10	-2.42312223619e-08
5.01107551926e-10	-4.24635100416e-08
5.02262177622e-10	-5.04644357413e-08
5.03416803317e-10	-4.80702224692e-08
5.04571429013e-10	-3.72507780178e-08
5.05726054709e-10	-2.13127553383e-08
5.06880680404e-10	-3.93137311594e-09
5.080353061e-10	1.16837397535e-08
5.09189931796e-10	2.32469810069e-08
5.10344557491e-10	2.94977113846e-08
5.11499183187e-10	3.01417770743e-08
5.12653808883e-10	2.57389018987e-08
5.13808434578e-10	1.76355106074e-08
5.14963060274e-10	7.85286768945e-09
5.1611768597e-10	-1.29859334397e-09
5.17272311665e-10	-7.70782737636e-09
5.18426937361e-10	-1.00824233407e-08
5.19581563057e-10	-8.38014968529e-09
5.20736188752e-10	-3.85767379152e-09
5.21890814448e-10	1.29770287571e-09
5.23045440144e-10	4.71383188039e-09
5.2420006584e-10	4.64125887722e-09
5.25354691535e-10	5.31447427732e-10
5.26509317231e-10	-6.69037636403e-09
5.27663942927e-10	-1.4901435974e-08
5.28818568622e-10	-2.14073081484e-08
5.29973194318e-10	-2.38001798269e-08
5.31127820014e-10	-2.07396020357e-08
5.32282445709e-10	-1.24151671166e-08
5.33437071405e-10	-5.65931232432e-10
5.34591697101e-10	1.20018662786e-08
5.35746322796e-10	2.22674212402e-08
5.36900948492e-10	2.78334926218e-08
5.38055574188e-10	2.75699796326e-08
5.39210199883e-10	2.18048938905e-08
5.40364825579e-10	1.20974146256e-08
5.41519451275e-10	6.38360947436e-10
5.4267407697e-10	-1.03813033725e-08
5.43828702666e-10	-1.92231797147e-08
5.44983328362e-10	-2.47188696179e-08
5.46137954057e-10	-2.62116026661e-08
5.47292579753e-10	-2.34015671285e-08
5.48447205449e-10	-1.62908566637e-08
5.49601831145e-10	-5.35129762724e-09
5.5075645684e-10	8.17361900385e-09
5.51911082536e-10	2.2128328947e-08
5.53065708232e-10	3.3596233795e-08
5.54220333927e-10	3.9554147957e-08
5.55374959623e-10	3.77382134431e-08
5.56529585319e-10	2.75387845861e-08
5.57684211014e-10	1.05075668166e-08
5.5883883671e-10	-9.83024639467e-09
5.59993462406e-10	-2.88016368533e-08
5.61148088101e-10	-4.18743697495e-08
5.62302713797e-10	-4.59570199673e-08
5.63457339493e-10	-4.02769071428e-08
5.64611965188e-10	-2.65950867995e-08
5.65766590884e-10	-8.58983728591e-09
5.6692121658e-10	9.27058652067e-09
5.68075842275e-10	2.30080521302e-08
5.69230467971e-10	3.01511082768e-08
5.70385093667e-10	3.01428269012e-08
5.71539719362e-10	2.41296982395e-08
5.72694345058e-10	1.42835794303e-08
5.73848970754e-10	2.99436880846e-09
5.7500359645e-10	-7.75314290546e-09
5.76158222145e-10	-1.66381746158e-08
5.77312847841e-10	-2.29533831941e-08
5.78467473537e-10	-2.63765200792e-08
5.79622099232e-10	-2.67785116304e-08
5.80776724928e-10	-2.41744666507e-08
5.81931350624e-10	-1.88258604261e-08
5.83085976319e-10	-1.14036978749e-08
5.84240602015e-10	-3.06818465079e-09
5.85395227711e-10	4.68799105091e-09
5.86549853406e-10	1.03617281422e-08
5.87704479102e-10	1.29152527562e-08
5.88859104798e-10	1.21481558146e-08
5.90013730493e-10	8.83225570458e-09
5.91168356189e-10	4.50516512984e-09
5.92322981885e-10	9.10138946847e-10
5.9347760758e-10	-6.52111326743e-10
5.94632233276e-10	1.76383949113e-10
5.95786858972e-10	2.63001007084e-09
5.96941484667e-10	5.13950931813e-09
5.98096110363e-10	5.91703902542e-09
5.99250736059e-10	3.6947512827e-09
6.00405361755e-10	-1.73390007907e-09
6.0155998745e-10	-9.3639426213e-09
6.02714613146e-10	-1.72023786327e-08
6.03869238842e-10	-2.28487340159e-08
6.05023864537e-10	-2.423167067e-08
6.06178490233e-10	-2.02584589104e-08
6.07333115929e-10	-1.12043485601e-08
6.08487741624e-10	1.31098913669e-09
6.0964236732e-10	1.47022335417e-08
6.10796993016e-10	2.60959609477e-08
6.11951618711e-10	3.30746714461e-08
6.13106244407e-10	3.42804380438e-08
6.14260870103e-10	2.96652826748e-08
6.15415495798e-10	2.03565964085e-08
6.16570121494e-10	8.24058354887e-09
6.1772474719e-10	-4.56900345336e-09
6.18879372885e-10	-1.61566022783e-08
6.20033998581e-10	-2.50537579571e-08
6.21188624277e-10	-3.02747755754e-08
6.22343249972e-10	-3.12478696252e-08
6.23497875668e-10	-2.7819385906e-08
6.24652501364e-10	-2.02882168843e-08
6.2580712706e-10	-9.53193135533e-09
6.26961752755e-10	2.94206950469e-09
6.28116378451e-10	1.51285743932e-08
6.29271004147e-10	2.48476901277e-08
6.30425629842e-10	3.02372074046e-08
6.31580255538e-10	3.02493479154e-08
6.32734881234e-10	2.49707257094e-08
6.33889506929e-10	1.56612214308e-08
6.35044132625e-10	4.43269232431e-09
6.36198758321e-10	-6.29833990518e-09
6.37353384016e-10	-1.4456379982e-08
6.38508009712e-10	-1.88379425392e-08
6.39662635408e-10	-1.93323799191e-08
6.40817261103e-10	-1.68116356392e-08
6.41971886799e-10	-1.27249355497e-08
6.43126512495e-10	-8.56334581023e-09
6.4428113819e-10	-5.38494210334e-09
6.45435763886e-10	-3.56474838537e-09
6.46590389582e-10	-2.82165232846e-09
6.47745015277e-10	-2.46935238923e-09
6.48899640973e-10	-1.75534936586e-09
6.50054266669e-10	-1.41688966115e-10
6.51208892365e-10	2.52264031886e-09
6.5236351806e-10	5.99664251588e-09
6.53518143756e-10	9.73888503175e-09
6.54672769452e-10	1.30117517871e-08
6.55827395147e-10	1.50347586603e-08
6.56982020843e-10	1.50979400093e-08
6.58136646539e-10	1.2715095199e-08
6.59291272234e-10	7.78110653687e-09
6.6044589793e-10	6.88086213008e-10
6.61600523626e-10	-7.61531770976e-09
6.62755149321e-10	-1.57359898445e-08
6.63909775017e-10	-2.20828728636e-08
6.65064400713e-10	-2.52148382174e-08
6.66219026408e-10	-2.42130397954e-08
6.67373652104e-10	-1.89350615187e-08
6.685282778e-10	-1.0114886706e-08
6.69682903495e-10	7.58032241144e-10
6.70837529191e-10	1.17457302773e-08
6.71992154887e-10	2.08692028103e-08
6.73146780582e-10	2.65318300663e-08
6.74301406278e-10	2.78267273668e-08
6.75456031974e-10	2.46789482183e-08
6.7661065767e-10	1.77862951034e-08
6.77765283365e-10	8.4108979781e-09
6.78919909061e-10	-1.90987883841e-09
6.80074534757e-10	-1.16314565757e-08
6.81229160452e-10	-1.94026699152e-08
6.82383786148e-10	-2.4214954264e-08
6.83538411844e-10	-2.548198208e-08
6.84693037539e-10	-2.31166947806e-08
6.85847663235e-10	-1.75822822968e-08
6.87002288931e-10	-9.86121728719e-09
6.88156914626e-10	-1.34191009693e-09
6.89311540322e-10	6.43774172859e-09
6.90466166018e-10	1.21223310279e-08
6.91620791713e-10	1.48651102538e-08
6.92775417409e-10	1.45438073806e-08
6.93930043105e-10	1.17639711306e-08
6.950846688e-10	7.67232832821e-09
6.96239294496e-10	3.58948221146e-09
6.97393920192e-10	5.88369457322e-10
6.98548545887e-10	-8.20155721115e-10
6.99703171583e-10	-8.1575909916e-10
7.00857797279e-10	-1.45155495263e-10
7.02012422975e-10	2.01177523425e-10
7.0316704867e-10	-5.94560498057e-10
7.04321674366e-10	-2.83803830436e-09
7.05476300062e-10	-6.18546480702e-09
7.06630925757e-10	-9.74422764699e-09
7.07785551453e-10	-1.23724156476e-08
7.08940177149e-10	-1.30593437175e-08
7.10094802844e-10	-1.12338212066e-08
7.1124942854e-10	-6.92135432301e-09
7.12404054236e-10	-7.1305469862e-10
7.13558679931e-10	6.38801050945e-09
7.14713305627e-10	1.32099600147e-08
7.15867931323e-10	1.86175270755e-08
7.17022557018e-10	2.16857398705e-08
7.18177182714e-10	2.18069731162e-08
7.1933180841e-10	1.8758586684e-08
7.20486434105e-10	1.27526971205e-08
7.21641059801e-10	4.45478004485e-09
7.22795685497e-10	-5.03492747495e-09
7.23950311192e-10	-1.42671771064e-08
7.25104936888e-10	-2.16565703148e-08
7.26259562584e-10	-2.57611219023e-08
7.2741418828e-10	-2.56259671261e-08
7.28568813975e-10	-2.10645745291e-08
7.29723439671e-10	-1.27892235691e-08
7.30878065367e-10	-2.31832084086e-09
7.32032691062e-10	8.35181468428e-09
7.33187316758e-10	1.72025065304e-08
7.34341942454e-10	2.26606242659e-08
7.35496568149e-10	2.39401911628e-08
7.36651193845e-10	2.11483712764e-08
7.37805819541e-10	1.51737895582e-08
7.38960445236e-10	7.39957545237e-09
7.40115070932e-10	-6.50929886381e-10
7.41269696628e-10	-7.6382014047e-09
7.42424322323e-10	-1.26250255805e-08
7.43578948019e-10	-1.5177676449e-08
7.44733573715e-10	-1.53537278447e-08
7.4588819941e-10	-1.35950740665e-08
7.47042825106e-10	-1.05809851991e-08
7.48197450802e-10	-7.0594378121e-09
7.49352076497e-10	-3.68928221306e-09
7.50506702193e-10	-9.14153197584e-10
7.51661327889e-10	1.1072500139e-09
7.52815953585e-10	2.48143083859e-09
7.5397057928e-10	3.50814280403e-09
7.55125204976e-10	4.54533566341e-09
7.56279830672e-10	5.842856865e-09
7.57434456367e-10	7.4242531567e-09
7.58589082063e-10	9.02761421173e-09
7.59743707759e-10	1.01549805231e-08
7.60898333454e-10	1.02107146072e-08
7.6205295915e-10	8.69278415916e-09
7.63207584846e-10	5.37404659662e-09
7.64362210541e-10	4.1376643084e-10
7.65516836237e-10	-5.61771895669e-09
7.66671461933e-10	-1.18214803502e-08
7.67826087628e-10	-1.71358001122e-08
7.68980713324e-10	-2.05220360705e-08
7.7013533902e-10	-2.11752386736e-08
7.71289964715e-10	-1.86884219211e-08
7.72444590411e-10	-1.31688150384e-08
7.73599216107e-10	-5.27162874464e-09
7.74753841802e-10	3.85857970575e-09
7.75908467498e-10	1.27559685037e-08
7.77063093194e-10	1.98869209989e-08
7.7821771889e-10	2.39383630696e-08
7.79372344585e-10	2.40876258939e-08
7.80526970281e-10	2.01946066536e-08
7.81681595977e-10	1.28507305908e-08
7.82836221672e-10	3.29155699919e-09
7.83990847368e-10	-6.84846435117e-09
7.85145473064e-10	-1.58518727034e-08
7.86300098759e-10	-2.22554643603e-08
7.87454724455e-10	-2.51301881526e-08
7.88609350151e-10	-2.4229654505e-08
7.89763975846e-10	-1.99926846189e-08
7.90918601542e-10	-1.33903372834e-08
7.92073227238e-10	-5.68530839073e-09
7.93227852933e-10	1.84186577101e-09
7.94382478629e-10	8.12395117844e-09
7.95537104325e-10	1.24490243669e-08
7.9669173002e-10	1.45139769092e-08
7.97846355716e-10	1.43895774185e-08
7.99000981412e-10	1.2438924446e-08
8.00155607107e-10	9.21386578145e-09
8.01310232803e-10	5.34029681587e-09
8.02464858499e-10	1.42074764453e-09
8.03619484195e-10	-2.06313799378e-09
8.0477410989e-10	-4.80908740608e-09
8.05928735586e-10	-6.72117739242e-09
8.07083361282e-10	-7.88066112367e-09
8.08237986977e-10	-8.4709395054e-09
8.09392612673e-10	-8.68226246453e-09
8.10547238369e-10	-8.61715676592e-09
8.11701864064e-10	-8.24593315851e-09
8.1285648976e-10	-7.41981548424e-09
8.14011115456e-10	-5.93062754461e-09
8.15165741151e-10	-3.62304769519e-09
8.16320366847e-10	-4.91827828464e-10
8.17474992543e-10	3.24393303885e-09
8.18629618238e-10	7.12903680533e-09
8.19784243934e-10	1.05402701012e-08
8.2093886963e-10	1.28123539556e-08
8.22093495325e-10	1.33992046347e-08
8.23248121021e-10	1.20205636556e-08
8.24402746717e-10	8.74849570565e-09
8.25557372412e-10	4.0069463858e-09
8.26711998108e-10	-1.51298762407e-09
8.27866623804e-10	-6.99020274997e-09
8.290212495e-10	-1.16249883053e-08
8.30175875195e-10	-1.47585346166e-08
8.31330500891e-10	-1.59558872781e-08
8.32485126587e-10	-1.50523640219e-08
8.33639752282e-10	-1.21722086854e-08
8.34794377978e-10	-7.72692243522e-09
8.35949003674e-10	-2.37150793447e-09
8.37103629369e-10	3.06552741525e-09
8.38258255065e-10	7.71542485456e-09
8.39412880761e-10	1.08256756892e-08
8.40567506456e-10	1.19062458781e-08
8.41722132152e-10	1.08519727648e-08
8.42876757848e-10	7.97160848443e-09
8.44031383543e-10	3.92861304599e-09
8.45186009239e-10	-4.00888849894e-10
8.46340634935e-10	-4.13999690085e-09
8.4749526063e-10	-6.61412435932e-09
8.48649886326e-10	-7.5204720229e-09
8.49804512022e-10	-6.98652202757e-09
8.50959137717e-10	-5.49786166593e-09
8.52113763413e-10	-3.73040462409e-09
8.53268389109e-10	-2.31942637319e-09
8.54423014805e-10	-1.65910321592e-09
8.555776405e-10	-1.79857605198e-09
8.56732266196e-10	-2.46274300952e-09
8.57886891892e-10	-3.18569129409e-09
8.59041517587e-10	-3.49578641035e-09
8.60196143283e-10	-3.07785530396e-09
8.61350768979e-10	-1.86115228784e-09
8.62505394674e-10	-1.52263861242e-11
8.6366002037e-10	2.13308753994e-09
8.64814646066e-10	4.20078427599e-09
8.65969271761e-10	5.84032777695e-09
8.67123897457e-10	6.78600348136e-09
8.68278523153e-10	6.85780954246e-09
8.69433148848e-10	5.95945404136e-09
8.70587774544e-10	4.07539463287e-09
8.7174240024e-10	1.29370024415e-09
8.72897025935e-10	-2.14596007631e-09
8.74051651631e-10	-5.83298698231e-09
8.75206277327e-10	-9.19243825503e-09
8.76360903022e-10	-1.15692514457e-08
8.77515528718e-10	-1.23767729399e-08
8.78670154414e-10	-1.1269331246e-08
8.7982478011e-10	-8.2916682409e-09
8.80979405805e-10	-3.93196691872e-09
8.82134031501e-10	9.59031506986e-10
8.83288657197e-10	5.36803984597e-09
8.84443282892e-10	8.40123293155e-09
8.85597908588e-10	9.52672785104e-09
8.86752534284e-10	8.71505512201e-09
8.87907159979e-10	6.41370700993e-09
8.89061785675e-10	3.37371072745e-09
8.90216411371e-10	3.97420270304e-10
8.91371037066e-10	-1.90170695857e-09
8.92525662762e-10	-3.24783774874e-09
8.93680288458e-10	-3.71341069005e-09
8.94834914153e-10	-3.62077509641e-09
8.95989539849e-10	-3.37224193014e-09
8.97144165545e-10	-3.28497390401e-09
8.9829879124e-10	-3.47995104955e-09
8.99453416936e-10	-3.87221787967e-09
9.00608042632e-10	-4.23122653581e-09
9.01762668327e-10	-4.29795687928e-09
9.02917294023e-10	-3.8932775337e-09
9.04071919719e-10	-2.97698907192e-09
9.05226545415e-10	-1.63819025012e-09
9.0638117111e-10	-3.14125600531e-11
9.07535796806e-10	1.69102272463e-09
9.08690422502e-10	3.41682340754e-09
9.09845048197e-10	5.05649344618e-09
9.10999673893e-10	6.47344211568e-09
9.12154299589e-10	7.43976380502e-09
9.13308925284e-10	7.63069907261e-09
9.1446355098e-10	6.70755040399e-09
9.15618176676e-10	4.46032299983e-09
9.16772802371e-10	9.49221881652e-10
9.17927428067e-10	-3.40813069433e-09
9.19082053763e-10	-7.86767073713e-09
9.20236679458e-10	-1.15089594521e-08
9.21391305154e-10	-1.34670932184e-08
9.2254593085e-10	-1.31844063445e-08
9.23700556545e-10	-1.05872326461e-08
9.24855182241e-10	-6.13772954683e-09
9.26009807937e-10	-7.33240787532e-10
9.27164433632e-10	4.52611009782e-09
9.28319059328e-10	8.62037374816e-09
9.29473685024e-10	1.08637006058e-08
9.3062831072e-10	1.10457517577e-08
9.31782936415e-10	9.42622269129e-09
9.32937562111e-10	6.59225340982e-09
9.34092187807e-10	3.25194163264e-09
9.35246813502e-10	3.06591280141e-11
9.36401439198e-10	-2.65728902771e-09
9.37556064894e-10	-4.63213473134e-09
9.38710690589e-10	-5.89055720868e-09
9.39865316285e-10	-6.50809778291e-09
9.41019941981e-10	-6.56214615979e-09
9.42174567676e-10	-6.10321271299e-09
9.43329193372e-10	-5.17441367531e-09
9.44483819068e-10	-3.86498441585e-09
9.45638444763e-10	-2.33441563302e-09
9.46793070459e-10	-8.0167154165e-10
9.47947696155e-10	5.08738835781e-10
9.4910232185e-10	1.45183391698e-09
9.50256947546e-10	2.01343539064e-09
9.51411573242e-10	2.31821895014e-09
9.52566198937e-10	2.5689297356e-09
9.53720824633e-10	2.93965862763e-09
9.54875450329e-10	3.47271422729e-09
9.56030076025e-10	4.01667876737e-09
9.5718470172e-10	4.2513685905e-09
9.58339327416e-10	3.79592696165e-09
9.59493953112e-10	2.36521371932e-09
9.60648578807e-10	-7.26775549464e-11
9.61803204503e-10	-3.21884402465e-09
9.62957830199e-10	-6.47436265711e-09
9.64112455894e-10	-9.08879504991e-09
9.6526708159e-10	-1.03775338323e-08
9.66421707286e-10	-9.93491777734e-09
9.67576332981e-10	-7.76059183583e-09
9.68730958677e-10	-4.26301932643e-09
9.69885584373e-10	-1.39827358026e-10
9.71040210068e-10	3.82202108851e-09
9.72194835764e-10	6.94161561565e-09
9.7334946146e-10	8.78360773005e-09
9.74504087155e-10	9.20763276735e-09
9.75658712851e-10	8.32605384637e-09
9.76813338547e-10	6.42253528138e-09
9.77967964242e-10	3.85037118855e-09
9.79122589938e-10	9.67046762113e-10
9.80277215634e-10	-1.89598869937e-09
9.8143184133e-10	-4.43885889156e-09
9.82586467025e-10	-6.38370217798e-09
9.83741092721e-10	-7.48869422029e-09
9.84895718417e-10	-7.5889592388e-09
9.86050344112e-10	-6.64857979782e-09
9.87204969808e-10	-4.81334661018e-09
9.88359595504e-10	-2.41013486946e-09
9.89514221199e-10	1.08964894399e-10
9.90668846895e-10	2.27677535158e-09
9.91823472591e-10	3.74077796517e-09
9.92978098286e-10	4.36023978034e-09
9.94132723982e-10	4.2295344449e-09
9.95287349678e-10	3.62127239306e-09
9.96441975373e-10	2.86576104513e-09
9.97596601069e-10	2.22055851484e-09
9.98751226765e-10	1.77887328479e-09
9.9990585246e-10	1.45038912824e-09
1.00106047816e-09	1.0210769591e-09
1.00221510385e-09	2.6454725216e-10
1.00336972955e-09	-9.4307855969e-10
1.00452435524e-09	-2.53912701975e-09
1.00567898094e-09	-4.26562707379e-09
1.00683360663e-09	-5.73205077847e-09
1.00798823233e-09	-6.52741038998e-09
1.00914285803e-09	-6.3552343943e-09
1.01029748372e-09	-5.12863640445e-09
1.01145210942e-09	-3.00169636369e-09
1.01260673511e-09	-3.32813627352e-10
1.01376136081e-09	2.41385569866e-09
1.0149159865e-09	4.77808331789e-09
1.0160706122e-09	6.39943509295e-09
1.0172252379e-09	7.06986647003e-09
1.01837986359e-09	6.73561001419e-09
1.01953448929e-09	5.47717254884e-09
1.02068911498e-09	3.46877093715e-09
1.02184374068e-09	9.52499593088e-10
1.02299836637e-09	-1.77318983108e-09
1.02415299207e-09	-4.3676533501e-09
1.02530761777e-09	-6.46481024269e-09
1.02646224346e-09	-7.71602925997e-09
1.02761686916e-09	-7.85760778665e-09
1.02877149485e-09	-6.78651318475e-09
1.02992612055e-09	-4.61936494611e-09
1.03108074624e-09	-1.70814896949e-09
1.03223537194e-09	1.41205208637e-09
1.03338999764e-09	4.13573164604e-09
1.03454462333e-09	5.93339638533e-09
1.03569924903e-09	6.49079817672e-09
1.03685387472e-09	5.79010439594e-09
1.03800850042e-09	4.10887146529e-09
1.03916312611e-09	1.93137554561e-09
1.04031775181e-09	-2.00124940924e-10
1.0414723775e-09	-1.84170825812e-09
1.0426270032e-09	-2.767979429e-09
1.0437816289e-09	-3.006888738e-09
1.04493625459e-09	-2.78432166212e-09
1.04609088029e-09	-2.41283149016e-09
1.04724550598e-09	-2.15351275701e-09
1.04840013168e-09	-2.12051021187e-09
1.04955475737e-09	-2.25456633918e-09
1.05070938307e-09	-2.37061051345e-09
1.05186400877e-09	-2.2562881008e-09
1.05301863446e-09	-1.77088819997e-09
1.05417326016e-09	-9.0460134522e-10
1.05532788585e-09	2.18637758939e-10
1.05648251155e-09	1.3969175261e-09
1.05763713724e-09	2.41995631867e-09
1.05879176294e-09	3.13574655131e-09
1.05994638864e-09	3.47499695685e-09
1.06110101433e-09	3.43632930444e-09
1.06225564003e-09	3.04587868816e-09
1.06341026572e-09	2.31844746179e-09
1.06456489142e-09	1.24453060357e-09
1.06571951711e-09	-1.78945368939e-10
1.06687414281e-09	-1.89321523736e-09
1.06802876851e-09	-3.7247993856e-09
1.0691833942e-09	-5.37186456429e-09
1.0703380199e-09	-6.44891062773e-09
1.07149264559e-09	-6.59414983728e-09
1.07264727129e-09	-5.5986960068e-09
1.07380189698e-09	-3.51275783461e-09
1.07495652268e-09	-6.73474054302e-10
1.07611114838e-09	2.3574230068e-09
1.07726577407e-09	4.93833990367e-09
1.07842039977e-09	6.5276504202e-09
1.07957502546e-09	6.82848405598e-09
1.08072965116e-09	5.86264065072e-09
1.08188427685e-09	3.94478216759e-09
1.08303890255e-09	1.56685446562e-09
1.08419352825e-09	-7.49787759657e-10
1.08534815394e-09	-2.59890128862e-09
1.08650277964e-09	-3.77069386825e-09
1.08765740533e-09	-4.25910290369e-09
1.08881203103e-09	-4.20424423053e-09
1.08996665672e-09	-3.79891895719e-09
1.09112128242e-09	-3.21003842951e-09
1.09227590811e-09	-2.53405918471e-09
1.09343053381e-09	-1.80091294655e-09
1.09458515951e-09	-1.01457786617e-09
1.0957397852e-09	-1.92603192076e-10
1.0968944109e-09	6.09374037341e-10
1.09804903659e-09	1.3070005217e-09
1.09920366229e-09	1.82240776636e-09
1.10035828798e-09	2.12013617773e-09
1.10151291368e-09	2.22215992829e-09
1.10266753938e-09	2.19503162868e-09
1.10382216507e-09	2.10862488581e-09
1.10497679077e-09	1.98609809154e-09
1.10613141646e-09	1.77672042356e-09
1.10728604216e-09	1.36301525622e-09
1.10844066785e-09	6.11755680835e-10
1.10959529355e-09	-5.52559525913e-10
1.11074991925e-09	-2.0805517309e-09
1.11190454494e-09	-3.76637945831e-09
1.11305917064e-09	-5.27758581281e-09
1.11421379633e-09	-6.23436358094e-09
1.11536842203e-09	-6.3191232802e-09
1.11652304772e-09	-5.38170041864e-09
1.11767767342e-09	-3.49510356767e-09
1.11883229912e-09	-9.52684903188e-10
1.11998692481e-09	1.79747497442e-09
1.12114155051e-09	4.25969048923e-09
1.1222961762e-09	5.9997976587e-09
1.1234508019e-09	6.73722005962e-09
1.12460542759e-09	6.38932234898e-09
1.12576005329e-09	5.06810576839e-09
1.12691467899e-09	3.03833530557e-09
1.12806930468e-09	6.47896541972e-10
1.12922393038e-09	-1.7400561686e-09
1.13037855607e-09	-3.80529752153e-09
1.13153318177e-09	-5.30847915625e-09
1.13268780746e-09	-6.10507611132e-09
1.13384243316e-09	-6.15001105597e-09
1.13499705886e-09	-5.49101153435e-09
1.13615168455e-09	-4.25992008335e-09
1.13730631025e-09	-2.65549779388e-09
1.13846093594e-09	-9.1749841058e-10
1.13961556164e-09	7.13285874809e-10
1.14077018733e-09	2.03896222128e-09
1.14192481303e-09	2.9413325664e-09
1.14307943872e-09	3.39672542871e-09
1.14423406442e-09	3.46421077935e-09
1.14538869012e-09	3.2510555914e-09
1.14654331581e-09	2.86669704641e-09
1.14769794151e-09	2.3842030572e-09
1.1488525672e-09	1.82320174236e-09
1.1500071929e-09	1.15216688967e-09
1.15116181859e-09	3.18395095011e-10
1.15231644429e-09	-7.14864667462e-10
1.15347106999e-09	-1.93018184769e-09
1.15462569568e-09	-3.23108406697e-09
1.15578032138e-09	-4.44544184797e-09
1.15693494707e-09	-5.3525732735e-09
1.15808957277e-09	-5.73327263442e-09
1.15924419846e-09	-5.42988742858e-09
1.16039882416e-09	-4.39020364507e-09
1.16155344986e-09	-2.69108360595e-09
1.16270807555e-09	-5.28740766448e-10
1.16386270125e-09	1.81261664012e-09
1.16501732694e-09	4.00558541891e-09
1.16617195264e-09	5.72911879049e-09
1.16732657833e-09	6.71248928663e-09
1.16848120403e-09	6.77518346981e-09
1.16963582973e-09	5.8608992104e-09
1.17079045542e-09	4.05585370844e-09
1.17194508112e-09	1.59049044768e-09
1.17309970681e-09	-1.18630813506e-09
1.17425433251e-09	-3.85993653707e-09
1.1754089582e-09	-6.02035776787e-09
1.1765635839e-09	-7.33751454041e-09
1.1777182096e-09	-7.62420160338e-09
1.17887283529e-09	-6.87078516304e-09
1.18002746099e-09	-5.24516530209e-09
1.18118208668e-09	-3.05506986376e-09
1.18233671238e-09	-6.80272740916e-10
1.18349133807e-09	1.50751920669e-09
1.18464596377e-09	3.2175106468e-09
1.18580058947e-09	4.28765284388e-09
1.18695521516e-09	4.69419259019e-09
1.18810984086e-09	4.52711756971e-09
1.18926446655e-09	3.93797711107e-09
1.19041909225e-09	3.08662173598e-09
1.19157371794e-09	2.10169273651e-09
1.19272834364e-09	1.061933666e-09
1.19388296933e-09	6.59947530651e-12
1.19503759503e-09	-1.04319787531e-09
1.19619222073e-09	-2.06087127919e-09
1.19734684642e-09	-2.99848071372e-09
1.19850147212e-09	-3.78726464079e-09
1.19965609781e-09	-4.34531732818e-09
1.20081072351e-09	-4.59404642106e-09
1.2019653492e-09	-4.47338055487e-09
1.2031199749e-09	-3.95177562895e-09
1.2042746006e-09	-3.03411748503e-09
1.20542922629e-09	-1.76431903809e-09
1.20658385199e-09	-2.27832079591e-10
1.20773847768e-09	1.44760982368e-09
1.20889310338e-09	3.0947352736e-09
1.21004772907e-09	4.51435500093e-09
1.21120235477e-09	5.49232692659e-09
1.21235698047e-09	5.82969816865e-09
1.21351160616e-09	5.38361938363e-09
1.21466623186e-09	4.11243933351e-09
1.21582085755e-09	2.11184394971e-09
1.21697548325e-09	-3.74271291043e-10
1.21813010894e-09	-2.98020419454e-09
1.21928473464e-09	-5.28188714988e-09
1.22043936034e-09	-6.88656542902e-09
1.22159398603e-09	-7.51925305353e-09
1.22274861173e-09	-7.08572245323e-09
1.22390323742e-09	-5.69020031094e-09
1.22505786312e-09	-3.60274793332e-09
1.22621248881e-09	-1.19337366378e-09
1.22736711451e-09	1.15143894419e-09
1.22852174021e-09	3.1055826244e-09
1.2296763659e-09	4.45306519437e-09
1.2308309916e-09	5.10778624951e-09
1.23198561729e-09	5.09889258593e-09
1.23314024299e-09	4.53532383871e-09
1.23429486868e-09	3.56258123002e-09
1.23544949438e-09	2.32718821991e-09
1.23660412008e-09	9.58797152784e-10
1.23775874577e-09	-4.3098198621e-10
1.23891337147e-09	-1.74019487709e-09
1.24006799716e-09	-2.86915199932e-09
1.24122262286e-09	-3.7244833051e-09
1.24237724855e-09	-4.23257695559e-09
1.24353187425e-09	-4.35671304588e-09
1.24468649994e-09	-4.10587924771e-09
1.24584112564e-09	-3.53043580481e-09
1.24699575134e-09	-2.70326797058e-09
1.24815037703e-09	-1.69994887611e-09
1.24930500273e-09	-5.84657863789e-10
1.25045962842e-09	5.91846342768e-10
1.25161425412e-09	1.77757848718e-09
1.25276887981e-09	2.90090038102e-09
1.25392350551e-09	3.8571502381e-09
1.25507813121e-09	4.50756626469e-09
1.2562327569e-09	4.70047872847e-09
1.2573873826e-09	4.30785718208e-09
1.25854200829e-09	3.2721870491e-09
1.25969663399e-09	1.64545742309e-09
1.26085125968e-09	-3.94553854866e-10
1.26200588538e-09	-2.56011173372e-09
1.26316051108e-09	-4.50439940902e-09
1.26431513677e-09	-5.89348314595e-09
1.26546976247e-09	-6.48165454642e-09
1.26662438816e-09	-6.16640211115e-09
1.26777901386e-09	-5.00785457547e-09
1.26893363955e-09	-3.20969545387e-09
1.27008826525e-09	-1.07035903751e-09
1.27124289095e-09	1.08004097332e-09
1.27239751664e-09	2.94028548731e-09
1.27355214234e-09	4.28167862276e-09
1.27470676803e-09	4.97170105085e-09
1.27586139373e-09	4.97783192444e-09
1.27701601942e-09	4.35587593772e-09
1.27817064512e-09	3.23137908098e-09
1.27932527082e-09	1.77607238638e-09
1.28047989651e-09	1.85243258233e-10
1.28163452221e-09	-1.3443990643e-09
1.2827891479e-09	-2.63834556979e-09
1.2839437736e-09	-3.56335236318e-09
1.28509839929e-09	-4.0435707005e-09
1.28625302499e-09	-4.06952810339e-09
1.28740765069e-09	-3.69302466385e-09
1.28856227638e-09	-3.01257280233e-09
1.28971690208e-09	-2.14815248922e-09
1.29087152777e-09	-1.2143068634e-09
1.29202615347e-09	-3.0007600571e-10
1.29318077916e-09	5.39987790593e-10
1.29433540486e-09	1.28007900113e-09
1.29549003055e-09	1.90822195545e-09
1.29664465625e-09	2.40860795198e-09
1.29779928195e-09	2.74879483064e-09
1.29895390764e-09	2.87790130615e-09
