% time-domain voltage integration by openEMS v0.37.0-rc1-2-g7b051bb @Tue Jul 14 00:38:53 2026
% start-coordinates: (0.00742736,0.00578575,-0.000762) m -> [176,152,14]
% stop-coordinates: (0.00770577,0.00578575,-0.000762) m -> [181,152,14]
% t/s	voltage
0	0
1.15462569568e-12	0
2.30925139136e-12	0
3.46387708705e-12	0
4.61850278273e-12	0
5.77312847841e-12	0
6.92775417409e-12	0
8.08237986977e-12	0
9.23700556545e-12	0
1.03916312611e-11	0
1.15462569568e-11	0
1.27008826525e-11	0
1.38555083482e-11	0
1.50101340439e-11	0
1.61647597395e-11	0
1.73193854352e-11	0
1.84740111309e-11	0
1.96286368266e-11	1.27473306882e-33
2.07832625223e-11	6.79016593457e-30
2.1937888218e-11	1.03396289061e-26
2.30925139136e-11	5.39470937567e-24
2.42471396093e-11	1.08715445072e-21
2.5401765305e-11	8.96481529623e-20
2.65563910007e-11	2.78448200285e-18
2.77110166964e-11	-7.3971887728e-19
2.8865642392e-11	-1.86018418294e-15
3.00202680877e-11	-4.39344880904e-14
3.11748937834e-11	-5.00300826836e-13
3.23295194791e-11	-3.41240306411e-12
3.34841451748e-11	-1.53308249342e-11
3.46387708705e-11	-4.76508940812e-11
3.57933965661e-11	-1.02635176399e-10
3.69480222618e-11	-1.35588327024e-10
3.81026479575e-11	-6.29026258164e-12
3.92572736532e-11	5.47148965024e-10
4.04118993489e-11	1.89619402124e-09
4.15665250445e-11	4.47044506968e-09
4.27211507402e-11	8.60272120207e-09
4.38757764359e-11	1.41441012236e-08
4.50304021316e-11	1.98220984071e-08
4.61850278273e-11	2.25537899468e-08
4.7339653523e-11	1.71185008391e-08
4.84942792186e-11	-3.33904690009e-09
4.96489049143e-11	-4.55468449623e-08
5.080353061e-11	-1.12807685859e-07
5.19581563057e-11	-2.00662027439e-07
5.31127820014e-11	-2.93214043268e-07
5.4267407697e-11	-3.62699388745e-07
5.54220333927e-11	-3.74414248938e-07
5.65766590884e-11	-2.97418651485e-07
5.77312847841e-11	-1.18703740171e-07
5.88859104798e-11	1.444900537e-07
6.00405361755e-11	4.40629058573e-07
6.11951618711e-11	6.9315773743e-07
6.23497875668e-11	8.23267406247e-07
6.35044132625e-11	7.79279027086e-07
6.46590389582e-11	5.61534243104e-07
6.58136646539e-11	2.3077696909e-07
6.69682903495e-11	-1.06600966276e-07
6.81229160452e-11	-3.32732422947e-07
6.92775417409e-11	-3.59453931509e-07
7.04321674366e-11	-1.60203724064e-07
7.15867931323e-11	2.19673840007e-07
7.2741418828e-11	6.77255769688e-07
7.38960445236e-11	1.08425091128e-06
7.50506702193e-11	1.32303192402e-06
7.6205295915e-11	1.31497229461e-06
7.73599216107e-11	1.0348647379e-06
7.85145473064e-11	5.12755001125e-07
7.9669173002e-11	-1.71975077734e-07
8.08237986977e-11	-9.01814317444e-07
8.19784243934e-11	-1.53812898418e-06
8.31330500891e-11	-1.94561923195e-06
8.42876757848e-11	-2.0242119092e-06
8.54423014805e-11	-1.74096358307e-06
8.65969271761e-11	-1.15118974975e-06
8.77515528718e-11	-3.96287479276e-07
8.89061785675e-11	3.27149535906e-07
9.00608042632e-11	8.21077421165e-07
9.12154299589e-11	9.47863419754e-07
9.23700556545e-11	6.79041164631e-07
9.35246813502e-11	1.12752450931e-07
9.46793070459e-11	-5.50139866107e-07
9.58339327416e-11	-1.06679419787e-06
9.69885584373e-11	-1.23228005577e-06
9.8143184133e-11	-9.52328072401e-07
9.92978098286e-11	-2.82893111603e-07
1.00452435524e-10	5.81055630278e-07
1.0160706122e-10	1.3663001539e-06
1.02761686916e-10	1.81332065097e-06
1.03916312611e-10	1.76728578083e-06
1.05070938307e-10	1.23528477047e-06
1.06225564003e-10	3.8805558944e-07
1.07380189698e-10	-4.95720158256e-07
1.08534815394e-10	-1.12298458532e-06
1.0968944109e-10	-1.28554991363e-06
1.10844066785e-10	-9.29499535118e-07
1.11998692481e-10	-1.71717411845e-07
1.13153318177e-10	7.40422507306e-07
1.14307943872e-10	1.51103628809e-06
1.15462569568e-10	1.89054439659e-06
1.16617195264e-10	1.75222125165e-06
1.1777182096e-10	1.12610455005e-06
1.18926446655e-10	1.81942727551e-07
1.20081072351e-10	-8.29043578676e-07
1.21235698047e-10	-1.65233002747e-06
1.22390323742e-10	-2.10218806274e-06
1.23544949438e-10	-2.1056344508e-06
1.24699575134e-10	-1.70853667214e-06
1.25854200829e-10	-1.04740065865e-06
1.27008826525e-10	-3.00486071581e-07
1.28163452221e-10	3.63969434147e-07
1.29318077916e-10	8.27709811801e-07
1.30472703612e-10	1.04052209338e-06
1.31627329308e-10	1.0173252889e-06
1.32781955003e-10	8.20531070644e-07
1.33936580699e-10	5.35699079762e-07
1.35091206395e-10	2.48277963522e-07
1.3624583209e-10	2.58885257676e-08
1.37400457786e-10	-9.29175145714e-08
1.38555083482e-10	-1.01914263695e-07
1.39709709177e-10	-2.57570262896e-08
1.40864334873e-10	8.76545556139e-08
1.42018960569e-10	1.79866995964e-07
1.43173586265e-10	1.98160535092e-07
1.4432821196e-10	1.12938806751e-07
1.45482837656e-10	-7.01016800164e-08
1.46637463352e-10	-3.06713733522e-07
1.47792089047e-10	-5.23140450071e-07
1.48946714743e-10	-6.37470748188e-07
1.50101340439e-10	-5.87030811516e-07
1.51255966134e-10	-3.53229431482e-07
1.5241059183e-10	2.5187158581e-08
1.53565217526e-10	4.57116581032e-07
1.54719843221e-10	8.21857526034e-07
1.55874468917e-10	1.00414882809e-06
1.57029094613e-10	9.30519270526e-07
1.58183720308e-10	5.94574125046e-07
1.59338346004e-10	6.30009964198e-08
1.604929717e-10	-5.407545558e-07
1.61647597395e-10	-1.07045609354e-06
1.62802223091e-10	-1.39777279173e-06
1.63956848787e-10	-1.4466194358e-06
1.65111474482e-10	-1.21092746497e-06
1.66266100178e-10	-7.51228441231e-07
1.67420725874e-10	-1.73300820805e-07
1.6857535157e-10	4.02103569996e-07
1.69729977265e-10	8.69658485669e-07
1.70884602961e-10	1.16048580878e-06
1.72039228657e-10	1.25093436054e-06
1.73193854352e-10	1.15856218486e-06
1.74348480048e-10	9.30055975346e-07
1.75503105744e-10	6.25721227721e-07
1.76657731439e-10	3.04659952377e-07
1.77812357135e-10	1.34626687576e-08
1.78966982831e-10	-2.19051287331e-07
1.80121608526e-10	-3.81529925875e-07
1.81276234222e-10	-4.7524039104e-07
1.82430859918e-10	-5.07243655079e-07
1.83585485613e-10	-4.84784713706e-07
1.84740111309e-10	-4.13450930381e-07
1.85894737005e-10	-2.99666499615e-07
1.870493627e-10	-1.54994530988e-07
1.88203988396e-10	1.10336695336e-09
1.89358614092e-10	1.42669716041e-07
1.90513239787e-10	2.43309983716e-07
1.91667865483e-10	2.8514923045e-07
1.92822491179e-10	2.65776559871e-07
1.93977116875e-10	2.00052870269e-07
1.9513174257e-10	1.14674424623e-07
1.96286368266e-10	3.82666032195e-08
1.97440993962e-10	-8.86922735255e-09
1.98595619657e-10	-2.15965039185e-08
1.99750245353e-10	-9.73563518691e-09
2.00904871049e-10	8.15075257288e-09
2.02059496744e-10	1.41722628078e-08
2.0321412244e-10	-1.38604891453e-10
2.04368748136e-10	-3.00707676537e-08
2.05523373831e-10	-5.93775362212e-08
2.06677999527e-10	-6.67937412047e-08
2.07832625223e-10	-3.51017637179e-08
2.08987250918e-10	4.14961887074e-08
2.10141876614e-10	1.53535731684e-07
2.1129650231e-10	2.77639781388e-07
2.12451128005e-10	3.82828638124e-07
2.13605753701e-10	4.39014378628e-07
2.14760379397e-10	4.25031380757e-07
2.15915005092e-10	3.34036236893e-07
2.17069630788e-10	1.74764061001e-07
2.18224256484e-10	-3.05683047763e-08
2.1937888218e-10	-2.50768511734e-07
2.20533507875e-10	-4.5156436812e-07
2.21688133571e-10	-6.01767794706e-07
2.22842759267e-10	-6.79418427296e-07
2.23997384962e-10	-6.76373417718e-07
2.25152010658e-10	-5.99910137566e-07
2.26306636354e-10	-4.7069789133e-07
2.27461262049e-10	-3.16441798986e-07
2.28615887745e-10	-1.63569785272e-07
2.29770513441e-10	-2.98985263214e-08
2.30925139136e-10	7.86906158012e-08
2.32079764832e-10	1.66032842586e-07
2.33234390528e-10	2.3932679305e-07
2.34389016223e-10	3.01996475827e-07
2.35543641919e-10	3.49478440853e-07
2.36698267615e-10	3.7004173592e-07
2.3785289331e-10	3.50059675469e-07
2.39007519006e-10	2.81195216445e-07
2.40162144702e-10	1.65761553816e-07
2.41316770397e-10	1.83289410316e-08
2.42471396093e-10	-1.374468237e-07
2.43626021789e-10	-2.74870437522e-07
2.44780647485e-10	-3.71083650919e-07
2.4593527318e-10	-4.1184496169e-07
2.47089898876e-10	-3.93354454786e-07
2.48244524572e-10	-3.21183623697e-07
2.49399150267e-10	-2.0747021523e-07
2.50553775963e-10	-6.79309914986e-08
2.51708401659e-10	8.01359840708e-08
2.52863027354e-10	2.18663993579e-07
2.5401765305e-10	3.29004048893e-07
2.55172278746e-10	3.93218101635e-07
2.56326904441e-10	3.968856781e-07
2.57481530137e-10	3.33087079696e-07
2.58636155833e-10	2.06599054309e-07
2.59790781528e-10	3.5896690509e-08
2.60945407224e-10	-1.48504623709e-07
2.6210003292e-10	-3.0990496569e-07
2.63254658615e-10	-4.14182192543e-07
2.64409284311e-10	-4.38600540775e-07
2.65563910007e-10	-3.78199938922e-07
2.66718535702e-10	-2.47678384468e-07
2.67873161398e-10	-7.77558932796e-08
2.69027787094e-10	9.24629670607e-08
2.7018241279e-10	2.25462894576e-07
2.71337038485e-10	2.95152418062e-07
2.72491664181e-10	2.93592787415e-07
2.73646289877e-10	2.32749577833e-07
2.74800915572e-10	1.40248422653e-07
2.75955541268e-10	4.9907890709e-08
2.77110166964e-10	-9.70456137672e-09
2.78264792659e-10	-2.50765299636e-08
2.79419418355e-10	-1.47336820522e-09
2.80574044051e-10	4.09926834699e-08
2.81728669746e-10	7.72803003812e-08
2.82883295442e-10	8.90798004249e-08
2.84037921138e-10	7.27513551624e-08
2.85192546833e-10	4.01533575278e-08
2.86347172529e-10	1.21055129254e-08
2.87501798225e-10	7.82949331757e-09
2.8865642392e-10	3.55034899258e-08
2.89811049616e-10	8.83042332589e-08
2.90965675312e-10	1.4728889397e-07
2.92120301007e-10	1.89538257089e-07
2.93274926703e-10	1.97563712945e-07
2.94429552399e-10	1.65863500712e-07
2.95584178095e-10	1.02039120264e-07
2.9673880379e-10	2.24920633229e-08
2.97893429486e-10	-5.51651941905e-08
2.99048055182e-10	-1.19352032257e-07
3.00202680877e-10	-1.6847311457e-07
3.01357306573e-10	-2.09691318531e-07
3.02511932269e-10	-2.53654690141e-07
3.03666557964e-10	-3.07701796487e-07
3.0482118366e-10	-3.70595291344e-07
3.05975809356e-10	-4.31723773175e-07
3.07130435051e-10	-4.74871402645e-07
3.08285060747e-10	-4.84777078924e-07
3.09439686443e-10	-4.53461339589e-07
3.10594312138e-10	-3.83422317896e-07
3.11748937834e-10	-2.86844240804e-07
3.1290356353e-10	-1.81594057125e-07
3.14058189225e-10	-8.58153672567e-08
3.15212814921e-10	-1.33309905337e-08
3.16367440617e-10	2.89229356021e-08
3.17522066312e-10	4.14916532243e-08
3.18676692008e-10	3.13607815272e-08
3.19831317704e-10	1.0110217441e-08
3.209859434e-10	-8.6915383779e-09
3.22140569095e-10	-1.27032274699e-08
3.23295194791e-10	6.08690903237e-09
3.24449820487e-10	4.87723088582e-08
3.25604446182e-10	1.08767840068e-07
3.26759071878e-10	1.73448380991e-07
3.27913697574e-10	2.27975355926e-07
3.29068323269e-10	2.60301121102e-07
3.30222948965e-10	2.65555300416e-07
3.31377574661e-10	2.47921192909e-07
3.32532200356e-10	2.19470633667e-07
3.33686826052e-10	1.95539069381e-07
3.34841451748e-10	1.88675990387e-07
3.35996077443e-10	2.03191145687e-07
3.37150703139e-10	2.32646595322e-07
3.38305328835e-10	2.61587345562e-07
3.3945995453e-10	2.71186987533e-07
3.40614580226e-10	2.46769637613e-07
3.41769205922e-10	1.84320217755e-07
3.42923831617e-10	9.30161032642e-08
3.44078457313e-10	-7.19210924149e-09
3.45233083009e-10	-9.23389080754e-08
3.46387708705e-10	-1.42807090597e-07
3.475423344e-10	-1.49919117121e-07
3.48696960096e-10	-1.18209949385e-07
3.49851585792e-10	-6.27224299166e-08
3.51006211487e-10	-2.65475158523e-09
3.52160837183e-10	4.5821147765e-08
3.53315462879e-10	7.46636494853e-08
3.54470088574e-10	8.52527355377e-08
3.5562471427e-10	8.56361301871e-08
3.56779339966e-10	8.55321449222e-08
3.57933965661e-10	9.1316050721e-08
3.59088591357e-10	1.03284714115e-07
3.60243217053e-10	1.16241948511e-07
3.61397842748e-10	1.22600876118e-07
3.62552468444e-10	1.16769227176e-07
3.6370709414e-10	9.84322188202e-08
3.64861719835e-10	7.31519369523e-08
3.66016345531e-10	5.0110740446e-08
3.67170971227e-10	3.79442277598e-08
3.68325596922e-10	4.07120861468e-08
3.69480222618e-10	5.59869524075e-08
3.70634848314e-10	7.60368576991e-08
3.7178947401e-10	9.16289666364e-08
3.72944099705e-10	9.65662936281e-08
3.74098725401e-10	9.08361057483e-08
3.75253351097e-10	8.06908371231e-08
3.76407976792e-10	7.54822524485e-08
3.77562602488e-10	8.26159682887e-08
3.78717228184e-10	1.03153260156e-07
3.79871853879e-10	1.3005346311e-07
3.81026479575e-10	1.50110009756e-07
3.82181105271e-10	1.49009739658e-07
3.83335730966e-10	1.17406372624e-07
3.84490356662e-10	5.57252284317e-08
3.85644982358e-10	-2.45071041238e-08
3.86799608053e-10	-1.03416661901e-07
3.87954233749e-10	-1.5876973869e-07
3.89108859445e-10	-1.7321721657e-07
3.9026348514e-10	-1.40155048456e-07
3.91418110836e-10	-6.62439925136e-08
3.92572736532e-10	3.03113432132e-08
3.93727362227e-10	1.25095212411e-07
3.94881987923e-10	1.9457133682e-07
3.96036613619e-10	2.22672081662e-07
3.97191239315e-10	2.04804289083e-07
3.9834586501e-10	1.4816185967e-07
3.99500490706e-10	6.86974566122e-08
4.00655116402e-10	-1.40846938557e-08
4.01809742097e-10	-8.28008301923e-08
4.02964367793e-10	-1.26521964461e-07
4.04118993489e-10	-1.42688620031e-07
4.05273619184e-10	-1.3629407114e-07
4.0642824488e-10	-1.16963227548e-07
4.07582870576e-10	-9.50661007693e-08
4.08737496271e-10	-7.83351712386e-08
4.09892121967e-10	-7.00146340904e-08
4.11046747663e-10	-6.91509187689e-08
4.12201373358e-10	-7.23460269469e-08
4.13355999054e-10	-7.6065804322e-08
4.1451062475e-10	-7.82369697916e-08
4.15665250445e-10	-7.8475364873e-08
4.16819876141e-10	-7.70174652942e-08
4.17974501837e-10	-7.32547418281e-08
4.19129127532e-10	-6.50027986993e-08
4.20283753228e-10	-4.90978173673e-08
4.21438378924e-10	-2.32778958331e-08
4.2259300462e-10	1.16309023523e-08
4.23747630315e-10	5.05437878218e-08
4.24902256011e-10	8.48761709804e-08
4.26056881707e-10	1.05150528285e-07
4.27211507402e-10	1.04602206896e-07
4.28366133098e-10	8.21475216739e-08
4.29520758794e-10	4.34050586584e-08
4.30675384489e-10	-8.10564171339e-10
4.31830010185e-10	-3.79251474669e-08
4.32984635881e-10	-5.76897503102e-08
4.34139261576e-10	-5.52501848716e-08
4.35293887272e-10	-3.22446407353e-08
4.36448512968e-10	4.35414579392e-09
4.37603138663e-10	4.49101307254e-08
4.38757764359e-10	8.01444235421e-08
4.39912390055e-10	1.03410382479e-07
4.4106701575e-10	1.11628311927e-07
4.42221641446e-10	1.05008117757e-07
4.43376267142e-10	8.61145590392e-08
4.44530892837e-10	5.89072768342e-08
4.45685518533e-10	2.80765266591e-08
4.46840144229e-10	-1.3774698604e-09
4.47994769925e-10	-2.46225235756e-08
4.4914939562e-10	-3.77288049691e-08
4.50304021316e-10	-3.86807972319e-08
4.51458647012e-10	-2.82061614065e-08
4.52613272707e-10	-9.99191407391e-09
4.53767898403e-10	1.00501295064e-08
4.54922524099e-10	2.54164274072e-08
4.56077149794e-10	3.10372754164e-08
4.5723177549e-10	2.48879425957e-08
4.58386401186e-10	8.74139305385e-09
4.59541026881e-10	-1.2381487724e-08
4.60695652577e-10	-3.17729536015e-08
4.61850278273e-10	-4.31936104661e-08
4.63004903968e-10	-4.28717172873e-08
4.64159529664e-10	-3.07299878877e-08
4.6531415536e-10	-1.04691503244e-08
4.66468781055e-10	1.14805568385e-08
4.67623406751e-10	2.79227112543e-08
4.68778032447e-10	3.30336544785e-08
4.69932658142e-10	2.4082210226e-08
4.71087283838e-10	2.14840562007e-09
4.72241909534e-10	-2.83466707884e-08
4.7339653523e-10	-6.09844414967e-08
4.74551160925e-10	-8.90848985691e-08
4.75705786621e-10	-1.07201036492e-07
4.76860412317e-10	-1.1210831552e-07
4.78015038012e-10	-1.03076742697e-07
4.79169663708e-10	-8.17359495642e-08
4.80324289404e-10	-5.16110132409e-08
4.81478915099e-10	-1.75398464641e-08
4.82633540795e-10	1.51193962905e-08
4.83788166491e-10	4.13737675231e-08
4.84942792186e-10	5.75496685862e-08
4.86097417882e-10	6.19734255025e-08
4.87252043578e-10	5.51914047797e-08
4.88406669273e-10	3.95498980232e-08
4.89561294969e-10	1.84485913213e-08
4.90715920665e-10	-4.54561532859e-09
4.9187054636e-10	-2.62798927064e-08
4.93025172056e-10	-4.42042660254e-08
4.94179797752e-10	-5.63400148756e-08
4.95334423447e-10	-6.11869523937e-08
4.96489049143e-10	-5.78606309531e-08
4.97643674839e-10	-4.64278349099e-08
4.98798300535e-10	-2.82306342747e-08
4.9995292623e-10	-5.97525207091e-09
5.01107551926e-10	1.66125178058e-08
5.02262177622e-10	3.56011033986e-08
5.03416803317e-10	4.7818830673e-08
5.04571429013e-10	5.171709061e-08
5.05726054709e-10	4.77533017573e-08
5.06880680404e-10	3.81247131642e-08
5.080353061e-10	2.58880881177e-08
5.09189931796e-10	1.38539066885e-08
5.10344557491e-10	3.58460200411e-09
5.11499183187e-10	-5.01251162799e-09
5.12653808883e-10	-1.3356638906e-08
5.13808434578e-10	-2.32115384691e-08
5.14963060274e-10	-3.55553679832e-08
5.1611768597e-10	-4.97469194727e-08
5.17272311665e-10	-6.34032257807e-08
5.18426937361e-10	-7.30365030677e-08
5.19581563057e-10	-7.52723474662e-08
5.20736188752e-10	-6.81155869486e-08
5.21890814448e-10	-5.18503435742e-08
5.23045440144e-10	-2.91730088975e-08
5.2420006584e-10	-4.58464194386e-09
5.25354691535e-10	1.68611553608e-08
5.26509317231e-10	3.09801782006e-08
5.27663942927e-10	3.56096392373e-08
5.28818568622e-10	3.10612389143e-08
5.29973194318e-10	1.97807525915e-08
5.31127820014e-10	5.25934690243e-09
5.32282445709e-10	-9.30548182954e-09
5.33437071405e-10	-2.19880735841e-08
5.34591697101e-10	-3.24260347462e-08
5.35746322796e-10	-4.12265306338e-08
5.36900948492e-10	-4.88969633672e-08
5.38055574188e-10	-5.48683147805e-08
5.39210199883e-10	-5.72190943515e-08
5.40364825579e-10	-5.33164792316e-08
5.41519451275e-10	-4.12344194345e-08
5.4267407697e-10	-2.1152092744e-08
5.43828702666e-10	3.86096593585e-09
5.44983328362e-10	2.83026437842e-08
5.46137954057e-10	4.57830537925e-08
5.47292579753e-10	5.11969622252e-08
5.48447205449e-10	4.25793644787e-08
5.49601831145e-10	2.19537859003e-08
5.5075645684e-10	-5.21451343216e-09
5.51911082536e-10	-3.1762079189e-08
5.53065708232e-10	-5.11171869277e-08
5.54220333927e-10	-5.92364064467e-08
5.55374959623e-10	-5.56272219399e-08
5.56529585319e-10	-4.31402740197e-08
5.57684211014e-10	-2.66302933039e-08
5.5883883671e-10	-1.11608194908e-08
5.59993462406e-10	-3.46083064984e-10
5.61148088101e-10	4.58114363111e-09
5.62302713797e-10	4.68338495763e-09
5.63457339493e-10	2.4067975668e-09
5.64611965188e-10	2.70211171147e-10
5.65766590884e-10	-2.68228148893e-10
5.6692121658e-10	7.10754982647e-10
5.68075842275e-10	1.85267011454e-09
5.69230467971e-10	1.40799310405e-09
5.70385093667e-10	-1.81380344078e-09
5.71539719362e-10	-7.74215314081e-09
5.72694345058e-10	-1.49769898705e-08
5.73848970754e-10	-2.12784958542e-08
5.7500359645e-10	-2.44350593093e-08
5.76158222145e-10	-2.31263381778e-08
5.77312847841e-10	-1.74609753323e-08
5.78467473537e-10	-9.01599095382e-09
5.79622099232e-10	-3.25713192528e-10
5.80776724928e-10	6.03377980912e-09
5.81931350624e-10	8.36494018497e-09
5.83085976319e-10	6.53008608298e-09
5.84240602015e-10	2.01280608847e-09
5.85395227711e-10	-2.6345309545e-09
5.86549853406e-10	-4.83625772763e-09
5.87704479102e-10	-3.03611638608e-09
5.88859104798e-10	2.67393038267e-09
5.90013730493e-10	1.05811185369e-08
5.91168356189e-10	1.80643615622e-08
5.92322981885e-10	2.26129388547e-08
5.9347760758e-10	2.27576906209e-08
5.94632233276e-10	1.84973978357e-08
5.95786858972e-10	1.11604637754e-08
5.96941484667e-10	2.80049802792e-09
5.98096110363e-10	-4.57097726336e-09
5.99250736059e-10	-9.61690926893e-09
6.00405361755e-10	-1.19582930225e-08
6.0155998745e-10	-1.20918492996e-08
6.02714613146e-10	-1.10134984466e-08
6.03869238842e-10	-9.7539044619e-09
6.05023864537e-10	-8.93496510113e-09
6.06178490233e-10	-8.59172932799e-09
6.07333115929e-10	-8.23406820505e-09
6.08487741624e-10	-7.11332281966e-09
6.0964236732e-10	-4.59508514572e-09
6.10796993016e-10	-4.84895235076e-10
6.11951618711e-10	4.81529499607e-09
6.13106244407e-10	1.03828766695e-08
6.14260870103e-10	1.4987615149e-08
6.15415495798e-10	1.7416126763e-08
6.16570121494e-10	1.67821634367e-08
6.1772474719e-10	1.27673688288e-08
6.18879372885e-10	5.74318043123e-09
6.20033998581e-10	-3.26993215838e-09
6.21188624277e-10	-1.2798990201e-08
6.22343249972e-10	-2.12344468675e-08
6.23497875668e-10	-2.72258080525e-08
6.24652501364e-10	-2.99958391459e-08
6.2580712706e-10	-2.95088320446e-08
6.26961752755e-10	-2.63773383136e-08
6.28116378451e-10	-2.15887276944e-08
6.29271004147e-10	-1.61085984551e-08
6.30425629842e-10	-1.0579580767e-08
6.31580255538e-10	-5.21981435853e-09
6.32734881234e-10	3.12125880697e-11
6.33889506929e-10	5.18073944855e-09
6.35044132625e-10	9.85651016361e-09
6.36198758321e-10	1.31654971369e-08
6.37353384016e-10	1.38577237463e-08
6.38508009712e-10	1.07916376946e-08
6.39662635408e-10	3.51661222364e-09
6.40817261103e-10	-7.26409138396e-09
6.41971886799e-10	-1.95916824985e-08
6.43126512495e-10	-3.06292444741e-08
6.4428113819e-10	-3.74391553315e-08
6.45435763886e-10	-3.79087845559e-08
6.46590389582e-10	-3.14602321971e-08
6.47745015277e-10	-1.92919709097e-08
6.48899640973e-10	-4.01507455061e-09
6.50054266669e-10	1.11461769814e-08
6.51208892365e-10	2.33197909871e-08
6.5236351806e-10	3.07383654086e-08
6.53518143756e-10	3.3023566548e-08
6.54672769452e-10	3.09755678884e-08
6.55827395147e-10	2.60291463938e-08
6.56982020843e-10	1.96314382528e-08
6.58136646539e-10	1.28209420858e-08
6.59291272234e-10	6.11757627889e-09
6.6044589793e-10	-2.97542927796e-10
6.61600523626e-10	-6.28413210357e-09
6.62755149321e-10	-1.15000365897e-08
6.63909775017e-10	-1.53320859342e-08
6.65064400713e-10	-1.70567056035e-08
6.66219026408e-10	-1.61138726806e-08
6.67373652104e-10	-1.24090299147e-08
6.685282778e-10	-6.46382086744e-09
6.69682903495e-10	6.21285980995e-10
6.70837529191e-10	7.46205675028e-09
6.71992154887e-10	1.27540525918e-08
6.73146780582e-10	1.56787467454e-08
6.74301406278e-10	1.6108876455e-08
6.75456031974e-10	1.45719855071e-08
6.7661065767e-10	1.19865682935e-08
6.77765283365e-10	9.28249432874e-09
6.78919909061e-10	7.04087632641e-09
6.80074534757e-10	5.3390325494e-09
6.81229160452e-10	3.80668530031e-09
6.82383786148e-10	1.88473434082e-09
6.83538411844e-10	-8.65554336538e-10
6.84693037539e-10	-4.50646397976e-09
6.85847663235e-10	-8.62644189414e-09
6.87002288931e-10	-1.24299619486e-08
6.88156914626e-10	-1.4968360329e-08
6.89311540322e-10	-1.54577290967e-08
6.90466166018e-10	-1.35383559918e-08
6.91620791713e-10	-9.44366584932e-09
6.92775417409e-10	-3.95791047159e-09
6.93930043105e-10	1.7802262442e-09
6.950846688e-10	6.62779958693e-09
6.96239294496e-10	9.76681835407e-09
6.97393920192e-10	1.09269061577e-08
6.98548545887e-10	1.0402845585e-08
6.99703171583e-10	8.8698149936e-09
7.00857797279e-10	7.06899927483e-09
7.02012422975e-10	5.52301882006e-09
7.0316704867e-10	4.33080060702e-09
7.04321674366e-10	3.19326706744e-09
7.05476300062e-10	1.57091872843e-09
7.06630925757e-10	-1.02857707074e-09
7.07785551453e-10	-4.78990097585e-09
7.08940177149e-10	-9.43076250426e-09
7.10094802844e-10	-1.42331563202e-08
7.1124942854e-10	-1.8241384625e-08
7.12404054236e-10	-2.05742241022e-08
7.13558679931e-10	-2.07179902123e-08
7.14713305627e-10	-1.86856954354e-08
7.15867931323e-10	-1.49687180429e-08
7.17022557018e-10	-1.03171968746e-08
7.18177182714e-10	-5.44054062912e-09
7.1933180841e-10	-8.0370535227e-10
7.20486434105e-10	3.43673045577e-09
7.21641059801e-10	7.30210458766e-09
7.22795685497e-10	1.07782256453e-08
7.23950311192e-10	1.36440375664e-08
7.25104936888e-10	1.5401643072e-08
7.26259562584e-10	1.54009835995e-08
7.2741418828e-10	1.3040120983e-08
7.28568813975e-10	8.03919086856e-09
7.29723439671e-10	6.25993812342e-10
7.30878065367e-10	-8.39461589131e-09
7.32032691062e-10	-1.77339700702e-08
7.33187316758e-10	-2.58501713368e-08
7.34341942454e-10	-3.12879362419e-08
7.35496568149e-10	-3.29901599372e-08
7.36651193845e-10	-3.05500011955e-08
7.37805819541e-10	-2.42729099043e-08
7.38960445236e-10	-1.50969347024e-08
7.40115070932e-10	-4.35576252844e-09
7.41269696628e-10	6.47904790929e-09
7.42424322323e-10	1.60534574523e-08
7.43578948019e-10	2.32834449498e-08
7.44733573715e-10	2.74370499653e-08
7.4588819941e-10	2.81541470137e-08
7.47042825106e-10	2.5424371719e-08
7.48197450802e-10	1.95693203864e-08
7.49352076497e-10	1.12115350337e-08
7.50506702193e-10	1.23930027351e-09
7.51661327889e-10	-9.24460641372e-09
7.52815953585e-10	-1.9011848984e-08
7.5397057928e-10	-2.68280448967e-08
7.55125204976e-10	-3.16223367491e-08
7.56279830672e-10	-3.26800320138e-08
7.57434456367e-10	-2.98035391921e-08
7.58589082063e-10	-2.34097623508e-08
7.59743707759e-10	-1.44743367292e-08
7.60898333454e-10	-4.34392483095e-09
7.6205295915e-10	5.56547652408e-09
7.63207584846e-10	1.40627884893e-08
7.64362210541e-10	2.03953880451e-08
7.65516836237e-10	2.42821958096e-08
7.66671461933e-10	2.57882835086e-08
7.67826087628e-10	2.51140488405e-08
7.68980713324e-10	2.24075595856e-08
7.7013533902e-10	1.76983125932e-08
7.71289964715e-10	1.09859725761e-08
7.72444590411e-10	2.44311654241e-09
7.73599216107e-10	-7.37577560139e-09
7.74753841802e-10	-1.74402627895e-08
7.75908467498e-10	-2.63048796079e-08
7.77063093194e-10	-3.23735767083e-08
7.7821771889e-10	-3.42739472359e-08
7.79372344585e-10	-3.12344377029e-08
7.80526970281e-10	-2.33640464753e-08
7.81681595977e-10	-1.17101931485e-08
7.82836221672e-10	1.90466217798e-09
7.83990847368e-10	1.52661159269e-08
7.85145473064e-10	2.62265320572e-08
7.86300098759e-10	3.31538161369e-08
7.87454724455e-10	3.52069742249e-08
7.88609350151e-10	3.24023652354e-08
7.89763975846e-10	2.54736309824e-08
7.90918601542e-10	1.56107256011e-08
7.92073227238e-10	4.17829376653e-09
7.93227852933e-10	-7.49160666835e-09
7.94382478629e-10	-1.82100969859e-08
7.95537104325e-10	-2.69561324373e-08
7.9669173002e-10	-3.28865397137e-08
7.97846355716e-10	-3.53578224477e-08
7.99000981412e-10	-3.40217050088e-08
8.00155607107e-10	-2.89443151669e-08
8.01310232803e-10	-2.07046759737e-08
8.02464858499e-10	-1.04106223642e-08
8.03619484195e-10	4.38122232937e-10
8.0477410989e-10	1.02098380861e-08
8.05928735586e-10	1.75027181637e-08
8.07083361282e-10	2.14559550127e-08
8.08237986977e-10	2.19288935899e-08
8.09392612673e-10	1.94577440826e-08
8.10547238369e-10	1.50074345173e-08
8.11701864064e-10	9.61353086026e-09
8.1285648976e-10	4.05633174272e-09
8.14011115456e-10	-1.30594944581e-09
8.15165741151e-10	-6.47847714363e-09
8.16320366847e-10	-1.16077301104e-08
8.17474992543e-10	-1.66798852508e-08
8.18629618238e-10	-2.13153574791e-08
8.19784243934e-10	-2.47405931297e-08
8.2093886963e-10	-2.59901111743e-08
8.22093495325e-10	-2.42445212795e-08
8.23248121021e-10	-1.919685233e-08
8.24402746717e-10	-1.12833331567e-08
8.25557372412e-10	-1.67825929542e-09
8.26711998108e-10	7.95388654939e-09
8.27866623804e-10	1.58863764366e-08
8.290212495e-10	2.07765300519e-08
8.30175875195e-10	2.19820732728e-08
8.31330500891e-10	1.96612743864e-08
8.32485126587e-10	1.46158422032e-08
8.33639752282e-10	7.98130128654e-09
8.34794377978e-10	8.77586947556e-10
8.35949003674e-10	-5.84453574426e-09
8.37103629369e-10	-1.16825820129e-08
8.38258255065e-10	-1.63993492119e-08
8.39412880761e-10	-1.98385370354e-08
8.40567506456e-10	-2.17750686371e-08
8.41722132152e-10	-2.18734210744e-08
8.42876757848e-10	-1.97959553194e-08
8.44031383543e-10	-1.54142465458e-08
8.45186009239e-10	-9.01942642795e-09
8.46340634935e-10	-1.41394236597e-09
8.4749526063e-10	6.17817991211e-09
8.48649886326e-10	1.23782690764e-08
8.49804512022e-10	1.60141269134e-08
8.50959137717e-10	1.64477276243e-08
8.52113763413e-10	1.37523556987e-08
8.53268389109e-10	8.67604976751e-09
8.54423014805e-10	2.39369646327e-09
8.555776405e-10	-3.84582127255e-09
8.56732266196e-10	-9.06856212346e-09
8.57886891892e-10	-1.27900030567e-08
8.59041517587e-10	-1.50180400338e-08
8.60196143283e-10	-1.60921524994e-08
8.61350768979e-10	-1.63979669843e-08
8.62505394674e-10	-1.61393556297e-08
8.6366002037e-10	-1.52303264445e-08
8.64814646066e-10	-1.33692400484e-08
8.65969271761e-10	-1.02465765872e-08
8.67123897457e-10	-5.78838754706e-09
8.68278523153e-10	-3.15344354795e-10
8.69433148848e-10	5.44520423196e-09
8.70587774544e-10	1.05103847847e-08
8.7174240024e-10	1.38930317251e-08
8.72897025935e-10	1.48822513202e-08
8.74051651631e-10	1.32306061662e-08
8.75206277327e-10	9.22088982946e-09
8.76360903022e-10	3.57266949358e-09
8.77515528718e-10	-2.75874972866e-09
8.78670154414e-10	-8.82388451195e-09
8.7982478011e-10	-1.38739647548e-08
8.80979405805e-10	-1.74451895152e-08
8.82134031501e-10	-1.93391378467e-08
8.83288657197e-10	-1.95115872348e-08
8.84443282892e-10	-1.79771533215e-08
8.85597908588e-10	-1.47662608807e-08
8.86752534284e-10	-9.96729887515e-09
8.87907159979e-10	-3.84092568861e-09
8.89061785675e-10	3.08434278118e-09
8.90216411371e-10	9.9853161295e-09
8.91371037066e-10	1.58295596631e-08
8.92525662762e-10	1.95714759954e-08
8.93680288458e-10	2.0395631406e-08
8.94834914153e-10	1.7950074982e-08
8.95989539849e-10	1.24759562681e-08
8.97144165545e-10	4.80378398171e-09
8.9829879124e-10	-3.80382475518e-09
8.99453416936e-10	-1.19227251405e-08
9.00608042632e-10	-1.82771828783e-08
9.01762668327e-10	-2.19972657867e-08
9.02917294023e-10	-2.27668888186e-08
9.04071919719e-10	-2.08156609727e-08
9.05226545415e-10	-1.67805711548e-08
9.0638117111e-10	-1.14989401334e-08
9.07535796806e-10	-5.80417225393e-09
9.08690422502e-10	-3.79462350431e-10
9.09845048197e-10	4.29368268717e-09
9.10999673893e-10	7.92859333743e-09
9.12154299589e-10	1.03709303367e-08
9.13308925284e-10	1.15506855192e-08
9.1446355098e-10	1.14463739598e-08
9.15618176676e-10	1.00764360189e-08
9.16772802371e-10	7.52285123085e-09
9.17927428067e-10	3.94678112414e-09
9.19082053763e-10	-3.87365348131e-10
9.20236679458e-10	-5.10529540865e-09
9.21391305154e-10	-9.74180425217e-09
9.2254593085e-10	-1.37834705871e-08
9.23700556545e-10	-1.67363418679e-08
9.24855182241e-10	-1.82093342627e-08
9.26009807937e-10	-1.79888950402e-08
9.27164433632e-10	-1.6081452392e-08
9.28319059328e-10	-1.27144114126e-08
9.29473685024e-10	-8.29196133978e-09
9.3062831072e-10	-3.32173422102e-09
9.31782936415e-10	1.65253777329e-09
9.32937562111e-10	6.11471606682e-09
9.34092187807e-10	9.60683299578e-09
9.35246813502e-10	1.17567621194e-08
9.36401439198e-10	1.2298334795e-08
9.37556064894e-10	1.10991396074e-08
9.38710690589e-10	8.20405998692e-09
9.39865316285e-10	3.85929460611e-09
9.41019941981e-10	-1.46635237286e-09
9.42174567676e-10	-7.10838898854e-09
9.43329193372e-10	-1.22835658312e-08
9.44483819068e-10	-1.62062208098e-08
9.45638444763e-10	-1.8245043254e-08
9.46793070459e-10	-1.80693757734e-08
9.47947696155e-10	-1.57419983715e-08
9.4910232185e-10	-1.17234908448e-08
9.50256947546e-10	-6.76761052754e-09
9.51411573242e-10	-1.74402245423e-09
9.52566198937e-10	2.56662532894e-09
9.53720824633e-10	5.6344098831e-09
9.54875450329e-10	7.25695326054e-09
9.56030076025e-10	7.53229784101e-09
9.5718470172e-10	6.76308586911e-09
9.58339327416e-10	5.32163346723e-09
9.59493953112e-10	3.52737405951e-09
9.60648578807e-10	1.58105861736e-09
9.61803204503e-10	-4.52784400251e-10
9.62957830199e-10	-2.59571075745e-09
9.64112455894e-10	-4.8734126179e-09
9.6526708159e-10	-7.23833487593e-09
9.66421707286e-10	-9.51612777467e-09
9.67576332981e-10	-1.14157518993e-08
9.68730958677e-10	-1.2591739651e-08
9.69885584373e-10	-1.2743689437e-08
9.71040210068e-10	-1.17116514264e-08
9.72194835764e-10	-9.52422452016e-09
9.7334946146e-10	-6.40464031809e-09
9.74504087155e-10	-2.71335684476e-09
9.75658712851e-10	1.11924047808e-09
9.76813338547e-10	4.66021099488e-09
9.77967964242e-10	7.5165328961e-09
9.79122589938e-10	9.36052635403e-09
9.80277215634e-10	9.94439430801e-09
9.8143184133e-10	9.12263375952e-09
9.82586467025e-10	6.88614393285e-09
9.83741092721e-10	3.39603001276e-09
9.84895718417e-10	-9.94206120208e-10
9.86050344112e-10	-5.75180336693e-09
9.87204969808e-10	-1.02264212654e-08
9.88359595504e-10	-1.37471630746e-08
9.89514221199e-10	-1.57549793212e-08
9.90668846895e-10	-1.59200295169e-08
9.91823472591e-10	-1.42199222397e-08
9.92978098286e-10	-1.09559359363e-08
9.94132723982e-10	-6.67977917423e-09
9.95287349678e-10	-2.08081421538e-09
9.96441975373e-10	2.16579015833e-09
9.97596601069e-10	5.5202313276e-09
9.98751226765e-10	7.65123664426e-09
9.9990585246e-10	8.45000414085e-09
1.00106047816e-09	7.99347665836e-09
1.00221510385e-09	6.48582576535e-09
1.00336972955e-09	4.1995413258e-09
1.00452435524e-09	1.43479661485e-09
1.00567898094e-09	-1.50397436172e-09
1.00683360663e-09	-4.33243435571e-09
1.00798823233e-09	-6.80153389165e-09
1.00914285803e-09	-8.7212392863e-09
1.01029748372e-09	-9.97925464485e-09
1.01145210942e-09	-1.05412580886e-08
1.01260673511e-09	-1.04394717315e-08
1.01376136081e-09	-9.74951341881e-09
1.0149159865e-09	-8.56599635668e-09
1.0160706122e-09	-6.98087848638e-09
1.0172252379e-09	-5.08662217902e-09
1.01837986359e-09	-2.97797017601e-09
1.01953448929e-09	-7.70399646854e-10
1.02068911498e-09	1.38306145703e-09
1.02184374068e-09	3.28495350366e-09
1.02299836637e-09	4.69978467255e-09
1.02415299207e-09	5.38378458481e-09
1.02530761777e-09	5.13743642072e-09
1.02646224346e-09	3.8704916494e-09
1.02761686916e-09	1.65882776959e-09
1.02877149485e-09	-1.23904145277e-09
1.02992612055e-09	-4.40821273928e-09
1.03108074624e-09	-7.36199401441e-09
1.03223537194e-09	-9.64449009544e-09
1.03338999764e-09	-1.09305761109e-08
1.03454462333e-09	-1.10861485547e-08
1.03569924903e-09	-1.01780901485e-08
1.03685387472e-09	-8.43451020138e-09
1.03800850042e-09	-6.17745316012e-09
1.03916312611e-09	-3.74795858238e-09
1.04031775181e-09	-1.44506251409e-09
1.0414723775e-09	5.0959884923e-10
1.0426270032e-09	1.97958816006e-09
1.0437816289e-09	2.90018617455e-09
1.04493625459e-09	3.25238511123e-09
1.04609088029e-09	3.04836839105e-09
1.04724550598e-09	2.32693234126e-09
1.04840013168e-09	1.1686271395e-09
1.04955475737e-09	-2.83673758095e-10
1.05070938307e-09	-1.83322926284e-09
1.05186400877e-09	-3.25373925025e-09
1.05301863446e-09	-4.35306629631e-09
1.05417326016e-09	-5.03274782959e-09
1.05532788585e-09	-5.32298766176e-09
1.05648251155e-09	-5.36305883037e-09
1.05763713724e-09	-5.3376282283e-09
1.05879176294e-09	-5.38511213399e-09
1.05994638864e-09	-5.52427648071e-09
1.06110101433e-09	-5.62964658224e-09
1.06225564003e-09	-5.4760473378e-09
1.06341026572e-09	-4.82518486278e-09
1.06456489142e-09	-3.53904913708e-09
1.06571951711e-09	-1.66216967967e-09
1.06687414281e-09	5.49025255814e-10
1.06802876851e-09	2.6727039748e-09
1.0691833942e-09	4.22590862303e-09
1.0703380199e-09	4.807840015e-09
1.07149264559e-09	4.22136658962e-09
1.07264727129e-09	2.53677881479e-09
1.07380189698e-09	7.8422688482e-11
1.07495652268e-09	-2.67336477955e-09
1.07611114838e-09	-5.2166885256e-09
1.07726577407e-09	-7.15290948694e-09
1.07842039977e-09	-8.26338686366e-09
1.07957502546e-09	-8.51310633099e-09
1.08072965116e-09	-8.00575028492e-09
1.08188427685e-09	-6.9097768618e-09
1.08303890255e-09	-5.40290429063e-09
1.08419352825e-09	-3.64806757025e-09
1.08534815394e-09	-1.7975190364e-09
1.08650277964e-09	-1.38887885567e-11
1.08765740533e-09	1.51841354767e-09
1.08881203103e-09	2.60426075149e-09
1.08996665672e-09	3.07703054703e-09
1.09112128242e-09	2.84400072936e-09
1.09227590811e-09	1.93139956806e-09
1.09343053381e-09	4.99684692928e-10
1.09458515951e-09	-1.18386651871e-09
1.0957397852e-09	-2.80704198774e-09
1.0968944109e-09	-4.09674116852e-09
1.09804903659e-09	-4.89462953501e-09
1.09920366229e-09	-5.1929219258e-09
1.10035828798e-09	-5.11869091557e-09
1.10151291368e-09	-4.86679047063e-09
1.10266753938e-09	-4.61745136571e-09
1.10382216507e-09	-4.45539832805e-09
1.10497679077e-09	-4.3414594697e-09
1.10613141646e-09	-4.13632672558e-09
1.10728604216e-09	-3.66404726004e-09
1.10844066785e-09	-2.80229769944e-09
1.10959529355e-09	-1.55217687314e-09
1.11074991925e-09	-6.50188427403e-11
1.11190454494e-09	1.38419843643e-09
1.11305917064e-09	2.4696839851e-09
1.11421379633e-09	2.90966564731e-09
1.11536842203e-09	2.55263030158e-09
1.11652304772e-09	1.41970853129e-09
1.11767767342e-09	-2.9922189379e-10
1.11883229912e-09	-2.29855459666e-09
1.11998692481e-09	-4.23710805331e-09
1.12114155051e-09	-5.81334175243e-09
1.1222961762e-09	-6.82197182078e-09
1.1234508019e-09	-7.1743008756e-09
1.12460542759e-09	-6.88804074889e-09
1.12576005329e-09	-6.05717587199e-09
1.12691467899e-09	-4.81939016472e-09
1.12806930468e-09	-3.33032684763e-09
1.12922393038e-09	-1.74963515898e-09
1.13037855607e-09	-2.40830272391e-10
1.13153318177e-09	1.03188116385e-09
1.13268780746e-09	1.91367194313e-09
1.13384243316e-09	2.28314450679e-09
1.13499705886e-09	2.08535938517e-09
1.13615168455e-09	1.35864530737e-09
1.13730631025e-09	2.43829186009e-10
1.13846093594e-09	-1.04383236776e-09
1.13961556164e-09	-2.26767338241e-09
1.14077018733e-09	-3.23396193158e-09
1.14192481303e-09	-3.84440013157e-09
1.14307943872e-09	-4.11412720558e-09
1.14423406442e-09	-4.14700435103e-09
1.14538869012e-09	-4.08024364296e-09
1.14654331581e-09	-4.02182337433e-09
1.14769794151e-09	-4.00338329154e-09
1.1488525672e-09	-3.96655525092e-09
1.1500071929e-09	-3.79379627713e-09
1.15116181859e-09	-3.36080474561e-09
1.15231644429e-09	-2.5978378615e-09
1.15347106999e-09	-1.53532582481e-09
1.15462569568e-09	-3.12175535422e-10
1.15578032138e-09	8.55701148827e-10
1.15693494707e-09	1.73282445337e-09
1.15808957277e-09	2.13057496645e-09
1.15924419846e-09	1.96038849043e-09
1.16039882416e-09	1.24808567648e-09
1.16155344986e-09	1.16648546725e-10
1.16270807555e-09	-1.25229827896e-09
1.16386270125e-09	-2.66653130132e-09
1.16501732694e-09	-3.95479599069e-09
1.16617195264e-09	-4.97746321937e-09
1.16732657833e-09	-5.62325441766e-09
1.16848120403e-09	-5.8048451046e-09
1.16963582973e-09	-5.4645107328e-09
1.17079045542e-09	-4.59218923998e-09
1.17194508112e-09	-3.25878460328e-09
1.17309970681e-09	-1.63154204036e-09
1.17425433251e-09	3.22837971634e-11
1.1754089582e-09	1.42704496831e-09
1.1765635839e-09	2.27056429214e-09
1.1777182096e-09	2.3862661569e-09
1.17887283529e-09	1.75988841555e-09
1.18002746099e-09	5.57001313128e-10
1.18118208668e-09	-9.19354078976e-10
1.18233671238e-09	-2.31406913076e-09
1.18349133807e-09	-3.32525701419e-09
1.18464596377e-09	-3.78621645147e-09
1.18580058947e-09	-3.70349600987e-09
1.18695521516e-09	-3.23179874528e-09
1.18810984086e-09	-2.60385249473e-09
1.18926446655e-09	-2.03744432437e-09
1.19041909225e-09	-1.66726213391e-09
1.19157371794e-09	-1.5134474507e-09
1.19272834364e-09	-1.50080799177e-09
1.19388296933e-09	-1.51705886742e-09
1.19503759503e-09	-1.47195751421e-09
1.19619222073e-09	-1.33845787231e-09
1.19734684642e-09	-1.1580093412e-09
1.19850147212e-09	-1.01103732331e-09
1.19965609781e-09	-9.69342495161e-10
1.20081072351e-09	-1.05609782031e-09
1.2019653492e-09	-1.23329702006e-09
1.2031199749e-09	-1.41871701886e-09
1.2042746006e-09	-1.52809705167e-09
1.20542922629e-09	-1.52296412981e-09
1.20658385199e-09	-1.43203733594e-09
1.20773847768e-09	-1.34365153726e-09
1.20889310338e-09	-1.36359395997e-09
1.21004772907e-09	-1.55570076266e-09
1.21120235477e-09	-1.89476070944e-09
1.21235698047e-09	-2.2625347984e-09
1.21351160616e-09	-2.48265838443e-09
1.21466623186e-09	-2.3930044335e-09
1.21582085755e-09	-1.92596025239e-09
1.21697548325e-09	-1.15170169235e-09
1.21813010894e-09	-2.7321108223e-10
1.21928473464e-09	4.32972255271e-10
1.22043936034e-09	7.11513507834e-10
1.22159398603e-09	4.19931270312e-10
1.22274861173e-09	-4.13001292887e-10
1.22390323742e-09	-1.59037133463e-09
1.22505786312e-09	-2.80204448533e-09
1.22621248881e-09	-3.72085362521e-09
1.22736711451e-09	-4.10428241393e-09
1.22852174021e-09	-3.86425197396e-09
1.2296763659e-09	-3.0858260669e-09
1.2308309916e-09	-1.98942590179e-09
1.23198561729e-09	-8.50412212872e-10
1.23314024299e-09	8.89945348317e-11
1.23429486868e-09	6.82543160879e-10
1.23544949438e-09	8.99424305867e-10
1.23660412008e-09	7.97810928432e-10
1.23775874577e-09	4.72002811835e-10
1.23891337147e-09	3.46257961539e-12
1.24006799716e-09	-5.63237970153e-10
1.24122262286e-09	-1.21182175405e-09
1.24237724855e-09	-1.92458149417e-09
1.24353187425e-09	-2.65067723326e-09
1.24468649994e-09	-3.29097948892e-09
1.24584112564e-09	-3.71993524872e-09
1.24699575134e-09	-3.82119216824e-09
1.24815037703e-09	-3.5354476291e-09
1.24930500273e-09	-2.8959645515e-09
1.25045962842e-09	-2.02978203689e-09
1.25161425412e-09	-1.12527369367e-09
1.25276887981e-09	-3.78207458407e-10
1.25392350551e-09	7.26133909945e-11
1.25507813121e-09	1.89128917388e-10
1.2562327569e-09	3.98535766021e-11
1.2573873826e-09	-2.33828546803e-10
1.25854200829e-09	-4.76122835602e-10
1.25969663399e-09	-5.84209375321e-10
1.26085125968e-09	-5.48749871931e-10
1.26200588538e-09	-4.54256514348e-10
1.26316051108e-09	-4.42612568125e-10
1.26431513677e-09	-6.50306711258e-10
1.26546976247e-09	-1.14733365864e-09
1.26662438816e-09	-1.90120014176e-09
1.26777901386e-09	-2.78066866755e-09
1.26893363955e-09	-3.5905183271e-09
1.27008826525e-09	-4.12935047267e-09
1.27124289095e-09	-4.25000429294e-09
1.27239751664e-09	-3.89630167019e-09
1.27355214234e-09	-3.11641343287e-09
1.27470676803e-09	-2.04643132995e-09
1.27586139373e-09	-8.71927835489e-10
1.27701601942e-09	2.16949644014e-10
1.27817064512e-09	1.06462832994e-09
1.27932527082e-09	1.57288894409e-09
1.28047989651e-09	1.70724669124e-09
1.28163452221e-09	1.48560816426e-09
1.2827891479e-09	9.60006879547e-10
1.2839437736e-09	2.02836806379e-10
1.28509839929e-09	-7.02864794144e-10
1.28625302499e-09	-1.66487076902e-09
1.28740765069e-09	-2.58128407538e-09
1.28856227638e-09	-3.3444197689e-09
1.28971690208e-09	-3.85573628581e-09
1.29087152777e-09	-4.04499717055e-09
1.29202615347e-09	-3.88905491144e-09
1.29318077916e-09	-3.42449085755e-09
1.29433540486e-09	-2.74132153089e-09
1.29549003055e-09	-1.96220979742e-09
1.29664465625e-09	-1.21278322107e-09
1.29779928195e-09	-5.91837266695e-10
1.29895390764e-09	-1.48711404302e-10
1.30010853334e-09	1.20616456926e-10
1.30126315903e-09	2.60054890816e-10
1.30241778473e-09	3.30702083773e-10
1.30357241042e-09	3.80460912774e-10
1.30472703612e-09	4.18426092386e-10
1.30588166182e-09	4.08404927932e-10
1.30703628751e-09	2.79297928535e-10
1.30819091321e-09	-4.79978136229e-11
1.3093455389e-09	-6.22720888743e-10
1.3105001646e-09	-1.43293997501e-09
1.31165479029e-09	-2.39492614629e-09
1.31280941599e-09	-3.36269792567e-09
1.31396404169e-09	-4.16065332187e-09
1.31511866738e-09	-4.62792032474e-09
1.31627329308e-09	-4.65657423732e-09
1.31742791877e-09	-4.21535301109e-09
1.31858254447e-09	-3.35644037563e-09
1.31973717016e-09	-2.20110971116e-09
1.32089179586e-09	-9.13362940835e-10
1.32204642156e-09	3.28774337616e-10
1.32320104725e-09	1.35984697114e-09
1.32435567295e-09	2.05098862893e-09
1.32551029864e-09	2.32215252582e-09
1.32666492434e-09	2.14707981949e-09
1.32781955003e-09	1.55557819403e-09
1.32897417573e-09	6.26954814453e-10
1.33012880143e-09	-5.18424601859e-10
1.33128342712e-09	-1.73208265786e-09
1.33243805282e-09	-2.85369408659e-09
1.33359267851e-09	-3.73569555845e-09
1.33474730421e-09	-4.26714963364e-09
1.3359019299e-09	-4.39450842382e-09
1.3370565556e-09	-4.1327884448e-09
1.3382111813e-09	-3.56146392932e-09
1.33936580699e-09	-2.80201442604e-09
1.34052043269e-09	-1.98801766715e-09
1.34167505838e-09	-1.2336907329e-09
1.34282968408e-09	-6.09754760572e-10
1.34398430977e-09	-1.36688750596e-10
1.34513893547e-09	2.03959266143e-10
1.34629356116e-09	4.50277766462e-10
1.34744818686e-09	6.33977662035e-10
1.34860281256e-09	7.58948806578e-10
1.34975743825e-09	7.96756070842e-10
1.35091206395e-09	6.94694808623e-10
1.35206668964e-09	3.95629706079e-10
1.35322131534e-09	-1.35464620424e-10
1.35437594103e-09	-8.87067766464e-10
1.35553056673e-09	-1.79400616585e-09
1.35668519243e-09	-2.74337702555e-09
1.35783981812e-09	-3.59372986924e-09
1.35899444382e-09	-4.20626389275e-09
1.36014906951e-09	-4.47380310575e-09
1.36130369521e-09	-4.33883395878e-09
1.3624583209e-09	-3.80524978194e-09
1.3636129466e-09	-2.93551297159e-09
1.3647675723e-09	-1.83846129986e-09
1.36592219799e-09	-6.53331805323e-10
1.36707682369e-09	4.67265962034e-10
1.36823144938e-09	1.37887677665e-09
1.36938607508e-09	1.96219748783e-09
1.37054070077e-09	2.13828835194e-09
1.37169532647e-09	1.88192211814e-09
1.37284995217e-09	1.22759169496e-09
1.37400457786e-09	2.66079016459e-10
1.37515920356e-09	-8.64689278512e-10
1.37631382925e-09	-1.99942581935e-09
1.37746845495e-09	-2.97266028459e-09
1.37862308064e-09	-3.64883895321e-09
1.37977770634e-09	-3.94584748209e-09
1.38093233204e-09	-3.85275106263e-09
1.38208695773e-09	-3.42939471265e-09
1.38324158343e-09	-2.78858905411e-09
1.38439620912e-09	-2.06688066662e-09
1.38555083482e-09	-1.39026781754e-09
1.38670546051e-09	-8.45447337139e-10
1.38786008621e-09	-4.64131420796e-10
1.38901471191e-09	-2.27855852242e-10
1.3901693376e-09	-8.56409968983e-11
1.3913239633e-09	2.04818014762e-11
1.39247858899e-09	1.28493190914e-10
1.39363321469e-09	2.39807420449e-10
1.39478784038e-09	3.19178919406e-10
1.39594246608e-09	3.04760057468e-10
1.39709709177e-09	1.31847801774e-10
1.39825171747e-09	-2.39667887966e-10
1.39940634317e-09	-8.05691680039e-10
1.40056096886e-09	-1.51135656767e-09
1.40171559456e-09	-2.25561197498e-09
1.40287022025e-09	-2.91582391565e-09
1.40402484595e-09	-3.3770435337e-09
1.40517947164e-09	-3.55560778043e-09
1.40633409734e-09	-3.41702013906e-09
1.40748872304e-09	-2.97999130927e-09
1.40864334873e-09	-2.30654145783e-09
1.40979797443e-09	-1.48674494937e-09
1.41095260012e-09	-6.2623961572e-10
1.41210722582e-09	1.68677957019e-10
1.41326185151e-09	8.01556120089e-10
1.41441647721e-09	1.19182001768e-09
1.41557110291e-09	1.28532179344e-09
1.4167257286e-09	1.06418855672e-09
1.4178803543e-09	5.5243727648e-10
1.41903497999e-09	-1.80731873911e-10
1.42018960569e-09	-1.02538869062e-09
1.42134423138e-09	-1.84753690124e-09
1.42249885708e-09	-2.51306767063e-09
1.42365348278e-09	-2.91394441909e-09
