% time-domain voltage integration by openEMS v0.37.0-rc1-2-g7b051bb @Sat Aug  8 21:01:23 2026
% start-coordinates: (0.00554601,0.00262109,-0.000889) m -> [112,69,13]
% stop-coordinates: (0.00582795,0.00262109,-0.000889) m -> [116,69,13]
% t/s	voltage
0	0
1.20694985616e-12	0
2.41389971232e-12	0
3.62084956847e-12	0
4.82779942463e-12	0
6.03474928079e-12	0
7.24169913695e-12	0
8.44864899311e-12	0
9.65559884926e-12	0
1.08625487054e-11	0
1.20694985616e-11	0
1.32764484177e-11	0
1.44833982739e-11	0
1.56903481301e-11	0
1.68972979862e-11	0
1.81042478424e-11	0
1.93111976985e-11	-4.3615315961e-34
2.05181475547e-11	-4.80961223413e-31
2.17250974108e-11	-2.30099070265e-28
2.2932047267e-11	-5.68878914376e-26
2.41389971232e-11	-8.20783897245e-24
2.53459469793e-11	-8.03828275565e-22
2.65528968355e-11	-5.83951097839e-20
2.77598466916e-11	-3.02079823685e-18
2.89667965478e-11	-1.03264960492e-16
3.01737464039e-11	-2.26204306967e-15
3.13806962601e-11	-3.19785142783e-14
3.25876461163e-11	-2.99020963562e-13
3.37945959724e-11	-1.90542308494e-12
3.50015458286e-11	-8.50586029562e-12
3.62084956847e-11	-2.70592476377e-11
3.74154455409e-11	-6.05552890817e-11
3.86223953971e-11	-8.41701430776e-11
3.98293452532e-11	-8.36245493425e-12
4.10362951094e-11	3.52860254904e-10
4.22432449655e-11	1.29363522672e-09
4.34501948217e-11	3.1854839877e-09
4.46571446778e-11	6.34794483645e-09
4.5864094534e-11	1.07316207032e-08
4.70710443902e-11	1.53616022125e-08
4.82779942463e-11	1.76222014758e-08
4.94849441025e-11	1.2726395715e-08
5.06918939586e-11	-6.0435072502e-09
5.18988438148e-11	-4.57631106343e-08
5.3105793671e-11	-1.10610786308e-07
5.43127435271e-11	-1.97290702886e-07
5.55196933833e-11	-2.90489353461e-07
5.67266432394e-11	-3.60618464867e-07
5.79335930956e-11	-3.65993081175e-07
5.91405429517e-11	-2.6126030761e-07
6.03474928079e-11	-1.24842056692e-08
6.15544426641e-11	3.83986133556e-07
6.27613925202e-11	8.8474955362e-07
6.39683423764e-11	1.39197666726e-06
6.51752922325e-11	1.76203002411e-06
6.63822420887e-11	1.83425495948e-06
6.75891919448e-11	1.47794054328e-06
6.8796141801e-11	6.47077811777e-07
7.00030916572e-11	-5.74665911302e-07
7.12100415133e-11	-1.96068731384e-06
7.24169913695e-11	-3.17689790563e-06
7.36239412256e-11	-3.86761519167e-06
7.48308910818e-11	-3.76982404759e-06
7.6037840938e-11	-2.81577030137e-06
7.72447907941e-11	-1.1795593764e-06
7.84517406503e-11	7.60231003483e-07
7.96586905064e-11	2.53529316296e-06
8.08656403626e-11	3.73678352616e-06
8.20725902187e-11	4.13902466789e-06
8.32795400749e-11	3.74996699293e-06
8.44864899311e-11	2.77372106439e-06
8.56934397872e-11	1.51077722421e-06
8.69003896434e-11	2.47331165326e-07
8.81073394995e-11	-8.2068362417e-07
8.93142893557e-11	-1.60740472666e-06
9.05212392118e-11	-2.10928445199e-06
9.1728189068e-11	-2.35676907323e-06
9.29351389242e-11	-2.37525063085e-06
9.41420887803e-11	-2.17108566858e-06
9.53490386365e-11	-1.74247142581e-06
9.65559884926e-11	-1.1030165723e-06
9.77629383488e-11	-3.03894708509e-07
9.8969888205e-11	5.56913903438e-07
1.00176838061e-10	1.34272556807e-06
1.01383787917e-10	1.90328938743e-06
1.02590737773e-10	2.11101465197e-06
1.0379768763e-10	1.8987418855e-06
1.05004637486e-10	1.28782198772e-06
1.06211587342e-10	3.94848292729e-07
1.07418537198e-10	-5.88180668615e-07
1.08625487054e-10	-1.43828745536e-06
1.0983243691e-10	-1.95829900917e-06
1.11039386767e-10	-2.02779605729e-06
1.12246336623e-10	-1.63319376156e-06
1.13453286479e-10	-8.67643748848e-07
1.14660236335e-10	9.65629318728e-08
1.15867186191e-10	1.05231285374e-06
1.17074136047e-10	1.80545185913e-06
1.18281085903e-10	2.21338214601e-06
1.1948803576e-10	2.2091233518e-06
1.20694985616e-10	1.80822124207e-06
1.21901935472e-10	1.10181116497e-06
1.23108885328e-10	2.3650327563e-07
1.24315835184e-10	-6.15206360521e-07
1.2552278504e-10	-1.28979394276e-06
1.26729734897e-10	-1.66654618283e-06
1.27936684753e-10	-1.69240590253e-06
1.29143634609e-10	-1.39089988238e-06
1.30350584465e-10	-8.53507245324e-07
1.31557534321e-10	-2.16569326028e-07
1.32764484177e-10	3.71054142079e-07
1.33971434034e-10	7.82886701245e-07
1.3517838389e-10	9.4418501817e-07
1.36385333746e-10	8.48393639785e-07
1.37592283602e-10	5.56823216868e-07
1.38799233458e-10	1.78554682151e-07
1.40006183314e-10	-1.64933567248e-07
1.4121313317e-10	-3.80346328654e-07
1.42420083027e-10	-4.32386109139e-07
1.43627032883e-10	-3.50736577559e-07
1.44833982739e-10	-2.10612263629e-07
1.46040932595e-10	-9.26890120212e-08
1.47247882451e-10	-4.23391028903e-08
1.48454832307e-10	-4.95664913558e-08
1.49661782164e-10	-6.02459753196e-08
1.5086873202e-10	-1.23647549977e-08
1.52075681876e-10	1.22382711965e-07
1.53282631732e-10	3.15673105433e-07
1.54489581588e-10	4.92226142512e-07
1.55696531444e-10	5.66112241529e-07
1.56903481301e-10	4.83634430282e-07
1.58110431157e-10	2.48244507617e-07
1.59317381013e-10	-8.44950491796e-08
1.60524330869e-10	-4.35837058888e-07
1.61731280725e-10	-7.38051468829e-07
1.62938230581e-10	-9.54196579528e-07
1.64145180437e-10	-1.07551220196e-06
1.65352130294e-10	-1.10398737263e-06
1.6655908015e-10	-1.03575069943e-06
1.67766030006e-10	-8.59088416405e-07
1.68972979862e-10	-5.67789250283e-07
1.70179929718e-10	-1.79848345994e-07
1.71386879574e-10	2.51981422394e-07
1.72593829431e-10	6.46928938863e-07
1.73800779287e-10	9.19669105315e-07
1.75007729143e-10	1.00963775651e-06
1.76214678999e-10	9.03716497191e-07
1.77421628855e-10	6.42440184606e-07
1.78628578711e-10	3.07435819025e-07
1.79835528568e-10	-3.9236713878e-09
1.81042478424e-10	-2.08712535255e-07
1.8224942828e-10	-2.62023416298e-07
1.83456378136e-10	-1.68202166861e-07
1.84663327992e-10	2.39777868671e-08
1.85870277848e-10	2.38599543678e-07
1.87077227704e-10	3.97636199523e-07
1.88284177561e-10	4.44568435398e-07
1.89491127417e-10	3.59288335972e-07
1.90698077273e-10	1.60052099574e-07
1.91905027129e-10	-1.05636731362e-07
1.93111976985e-10	-3.75453453216e-07
1.94318926841e-10	-5.86857737517e-07
1.95525876698e-10	-6.87355807827e-07
1.96732826554e-10	-6.41649151589e-07
1.9793977641e-10	-4.39218958093e-07
1.99146726266e-10	-1.01869122915e-07
2.00353676122e-10	3.11152497545e-07
2.01560625978e-10	7.08532084559e-07
2.02767575835e-10	9.87082444226e-07
2.03974525691e-10	1.06467136618e-06
2.05181475547e-10	9.1380438505e-07
2.06388425403e-10	5.79919927191e-07
2.07595375259e-10	1.70636525354e-07
2.08802325115e-10	-1.82482935429e-07
2.10009274971e-10	-3.75316993484e-07
2.11216224828e-10	-3.71102835572e-07
2.12423174684e-10	-2.1025293151e-07
2.1363012454e-10	1.42580220963e-08
2.14837074396e-10	2.03537354082e-07
2.16044024252e-10	2.97591711274e-07
2.17250974108e-10	2.96095400643e-07
2.18457923965e-10	2.47260590669e-07
2.19664873821e-10	2.12470268934e-07
2.20871823677e-10	2.27829314525e-07
2.22078773533e-10	2.82969718768e-07
2.23285723389e-10	3.28538256156e-07
2.24492673245e-10	3.06096055169e-07
2.25699623102e-10	1.83572687718e-07
2.26906572958e-10	-2.36168871126e-08
2.28113522814e-10	-2.55971425389e-07
2.2932047267e-10	-4.35881787553e-07
2.30527422526e-10	-5.02201892516e-07
2.31734372382e-10	-4.35684590627e-07
2.32941322238e-10	-2.64662173066e-07
2.34148272095e-10	-5.03702475285e-08
2.35355221951e-10	1.38708561082e-07
2.36562171807e-10	2.5026804451e-07
2.37769121663e-10	2.60456648249e-07
2.38976071519e-10	1.72989786051e-07
2.40183021375e-10	1.00866590635e-08
2.41389971232e-10	-1.96869155644e-07
2.42596921088e-10	-4.12575047903e-07
2.43803870944e-10	-5.99355331588e-07
2.450108208e-10	-7.18382025866e-07
2.46217770656e-10	-7.35973827659e-07
2.47424720512e-10	-6.34477814287e-07
2.48631670369e-10	-4.24437011759e-07
2.49838620225e-10	-1.49957852358e-07
2.51045570081e-10	1.1871588157e-07
2.52252519937e-10	3.0591051825e-07
2.53459469793e-10	3.58663051259e-07
2.54666419649e-10	2.69062812919e-07
2.55873369505e-10	8.03360116208e-08
2.57080319362e-10	-1.28293793367e-07
2.58287269218e-10	-2.72951822922e-07
2.59494219074e-10	-2.98660125964e-07
2.6070116893e-10	-2.0067258788e-07
2.61908118786e-10	-2.42811744045e-08
2.63115068642e-10	1.56400322027e-07
2.64322018499e-10	2.70533991653e-07
2.65528968355e-10	2.78623183192e-07
2.66735918211e-10	1.85731757085e-07
2.67942868067e-10	3.56889011677e-08
2.69149817923e-10	-1.09008617244e-07
2.70356767779e-10	-1.91322815368e-07
2.71563717636e-10	-1.78554742547e-07
2.72770667492e-10	-7.10950391891e-08
2.73977617348e-10	1.0045436305e-07
2.75184567204e-10	2.85508853892e-07
2.7639151706e-10	4.2791718613e-07
2.77598466916e-10	4.81014808429e-07
2.78805416772e-10	4.20186886174e-07
2.80012366629e-10	2.50581845052e-07
2.81219316485e-10	8.46486569728e-09
2.82426266341e-10	-2.46401612003e-07
2.83633216197e-10	-4.46159930334e-07
2.84840166053e-10	-5.35123945156e-07
2.86047115909e-10	-4.87848140551e-07
2.87254065766e-10	-3.18319372639e-07
2.88461015622e-10	-7.64521637109e-08
2.89667965478e-10	1.68613997431e-07
2.90874915334e-10	3.51176218771e-07
2.9208186519e-10	4.29335791807e-07
2.93288815046e-10	3.9514401351e-07
2.94495764903e-10	2.72142482771e-07
2.95702714759e-10	1.02101745725e-07
2.96909664615e-10	-7.10438703422e-08
2.98116614471e-10	-2.13599701482e-07
2.99323564327e-10	-3.06776435366e-07
3.00530514183e-10	-3.4438198071e-07
3.01737464039e-10	-3.28052180976e-07
3.02944413896e-10	-2.63538723289e-07
3.04151363752e-10	-1.60166585772e-07
3.05358313608e-10	-3.19526938242e-08
3.06565263464e-10	1.02415816272e-07
3.0777221332e-10	2.22046796949e-07
3.08979163176e-10	3.07938350375e-07
3.10186113033e-10	3.46703323828e-07
3.11393062889e-10	3.3191532367e-07
3.12600012745e-10	2.63633218367e-07
3.13806962601e-10	1.46900642761e-07
3.15013912457e-10	-7.89057286177e-09
3.16220862313e-10	-1.82612652111e-07
3.1742781217e-10	-3.49701473112e-07
3.18634762026e-10	-4.73061874118e-07
3.19841711882e-10	-5.14931926432e-07
3.21048661738e-10	-4.48100465178e-07
3.22255611594e-10	-2.69021089849e-07
3.2346256145e-10	-5.71441360897e-09
3.24669511307e-10	2.83973601967e-07
3.25876461163e-10	5.26026347814e-07
3.27083411019e-10	6.52097511988e-07
3.28290360875e-10	6.21523582822e-07
3.29497310731e-10	4.36015653804e-07
3.30704260587e-10	1.40081931832e-07
3.31911210443e-10	-1.92219872019e-07
3.331181603e-10	-4.79783182072e-07
3.34325110156e-10	-6.57462436493e-07
3.35532060012e-10	-6.91741931291e-07
3.36739009868e-10	-5.84858284469e-07
3.37945959724e-10	-3.68889374158e-07
3.3915290958e-10	-9.39146360679e-08
3.40359859437e-10	1.84547232607e-07
3.41566809293e-10	4.15517391161e-07
3.42773759149e-10	5.59398998234e-07
3.43980709005e-10	5.92424086676e-07
3.45187658861e-10	5.10405087084e-07
3.46394608717e-10	3.30189685371e-07
3.47601558574e-10	8.80130546221e-08
3.4880850843e-10	-1.66805712354e-07
3.50015458286e-10	-3.82605264804e-07
3.51222408142e-10	-5.17398369482e-07
3.52429357998e-10	-5.487170327e-07
3.53636307854e-10	-4.77350106109e-07
3.5484325771e-10	-3.24348697234e-07
3.56050207567e-10	-1.23223637516e-07
3.57257157423e-10	8.95435050552e-08
3.58464107279e-10	2.81872324592e-07
3.59671057135e-10	4.2949744028e-07
3.60878006991e-10	5.16002536699e-07
3.62084956847e-10	5.31478512755e-07
3.63291906704e-10	4.71992947837e-07
3.6449885656e-10	3.41215788069e-07
3.65705806416e-10	1.53155205851e-07
3.66912756272e-10	-6.60914389883e-08
3.68119706128e-10	-2.79655065327e-07
3.69326655984e-10	-4.45827623707e-07
3.70533605841e-10	-5.27401148531e-07
3.71740555697e-10	-5.01844688472e-07
3.72947505553e-10	-3.68997611133e-07
3.74154455409e-10	-1.53246585199e-07
3.75361405265e-10	1.01096919281e-07
3.76568355121e-10	3.40119328257e-07
3.77775304977e-10	5.13636187804e-07
3.78982254834e-10	5.87117568784e-07
3.8018920469e-10	5.48930728428e-07
3.81396154546e-10	4.11247071952e-07
3.82603104402e-10	2.04860569397e-07
3.83810054258e-10	-2.94100050979e-08
3.85017004114e-10	-2.49539567676e-07
3.86223953971e-10	-4.19499563975e-07
3.87430903827e-10	-5.13551235315e-07
3.88637853683e-10	-5.18656506188e-07
3.89844803539e-10	-4.35786795094e-07
3.91051753395e-10	-2.80235582295e-07
3.92258703251e-10	-8.03660640258e-08
3.93465653108e-10	1.26730984817e-07
3.94672602964e-10	3.02577795708e-07
3.9587955282e-10	4.15946310284e-07
3.97086502676e-10	4.50031002686e-07
3.98293452532e-10	4.05158885997e-07
3.99500402388e-10	2.96075143069e-07
4.00707352244e-10	1.45921335459e-07
4.01914302101e-10	-2.03451473446e-08
4.03121251957e-10	-1.79823370416e-07
4.04328201813e-10	-3.12399592417e-07
4.05535151669e-10	-3.9991888201e-07
4.06742101525e-10	-4.26652079e-07
4.07949051381e-10	-3.82807719745e-07
4.09156001238e-10	-2.70022368909e-07
4.10362951094e-10	-1.0525921823e-07
4.1156990095e-10	7.99061421475e-08
4.12776850806e-10	2.46426083095e-07
4.13983800662e-10	3.58898859076e-07
4.15190750518e-10	3.9587058609e-07
4.16397700375e-10	3.55055675527e-07
4.17604650231e-10	2.51499496784e-07
4.18811600087e-10	1.10381325413e-07
4.20018549943e-10	-4.13360599083e-08
4.21225499799e-10	-1.80747978362e-07
4.22432449655e-10	-2.90515881574e-07
4.23639399511e-10	-3.5763032713e-07
4.24846349368e-10	-3.72473380139e-07
4.26053299224e-10	-3.29898718121e-07
4.2726024908e-10	-2.32680896772e-07
4.28467198936e-10	-9.44406064463e-08
4.29674148792e-10	6.04413878946e-08
4.30881098648e-10	2.01655936394e-07
4.32088048505e-10	3.00772526884e-07
4.33294998361e-10	3.39224605739e-07
4.34501948217e-10	3.12784948164e-07
4.35708898073e-10	2.31297249798e-07
4.36915847929e-10	1.14243642102e-07
4.38122797785e-10	-1.53632002675e-08
4.39329747642e-10	-1.35805414914e-07
4.40536697498e-10	-2.29406321495e-07
4.41743647354e-10	-2.83389777422e-07
4.4295059721e-10	-2.90193870711e-07
4.44157547066e-10	-2.48387017621e-07
4.45364496922e-10	-1.64241875211e-07
4.46571446778e-10	-5.22683478721e-08
4.47778396635e-10	6.64279440343e-08
4.48985346491e-10	1.68300072545e-07
4.50192296347e-10	2.33311720166e-07
4.51399246203e-10	2.5025040884e-07
4.52606196059e-10	2.1932714489e-07
4.53813145915e-10	1.51274736737e-07
4.55020095772e-10	6.33064560773e-08
4.56227045628e-10	-2.62881267865e-08
4.57433995484e-10	-1.02641278588e-07
4.5864094534e-10	-1.56491392289e-07
4.59847895196e-10	-1.84133071457e-07
4.61054845052e-10	-1.85405053088e-07
4.62261794909e-10	-1.61943589205e-07
4.63468744765e-10	-1.1628396912e-07
4.64675694621e-10	-5.23916519057e-08
4.65882644477e-10	2.28297465377e-08
4.67089594333e-10	9.85799850639e-08
4.68296544189e-10	1.60841466368e-07
4.69503494045e-10	1.95227865873e-07
4.70710443902e-10	1.91600008748e-07
4.71917393758e-10	1.48573079173e-07
4.73124343614e-10	7.55237206107e-08
4.7433129347e-10	-9.27655796623e-09
4.75538243326e-10	-8.42133616175e-08
4.76745193182e-10	-1.3163627699e-07
4.77952143039e-10	-1.43759923077e-07
4.79159092895e-10	-1.24236466448e-07
4.80366042751e-10	-8.50869525948e-08
4.81572992607e-10	-4.04210096505e-08
4.82779942463e-10	-5.45619299741e-10
4.83986892319e-10	3.08572540852e-08
4.85193842176e-10	5.5002126409e-08
4.86400792032e-10	7.3782432608e-08
4.87607741888e-10	8.58917772462e-08
4.88814691744e-10	8.62662901113e-08
4.900216416e-10	6.9359498589e-08
4.91228591456e-10	3.39307857367e-08
4.92435541312e-10	-1.36917042148e-08
4.93642491169e-10	-6.0611877295e-08
4.94849441025e-10	-9.2588061662e-08
4.96056390881e-10	-1.00486705179e-07
4.97263340737e-10	-8.45476417766e-08
4.98470290593e-10	-5.39554090295e-08
4.99677240449e-10	-2.16083675397e-08
5.00884190306e-10	2.3287385631e-09
5.02091140162e-10	1.48186918292e-08
5.03298090018e-10	1.97085046061e-08
5.04505039874e-10	2.33488846035e-08
5.0571198973e-10	2.92240804889e-08
5.06918939586e-10	3.50125755055e-08
5.08125889443e-10	3.41845343144e-08
5.09332839299e-10	2.0892662711e-08
5.10539789155e-10	-4.73501959863e-09
5.11746739011e-10	-3.48800139882e-08
5.12953688867e-10	-5.68781652888e-08
5.14160638723e-10	-5.96614437853e-08
5.15367588579e-10	-4.02078663697e-08
5.16574538436e-10	-5.75705183525e-09
5.17781488292e-10	2.91070714198e-08
5.18988438148e-10	4.95781549148e-08
5.20195388004e-10	4.78740256327e-08
5.2140233786e-10	2.68120547986e-08
5.22609287716e-10	-2.16770573713e-09
5.23816237573e-10	-2.52459098071e-08
5.25023187429e-10	-3.31100640238e-08
5.26230137285e-10	-2.5010179705e-08
5.27437087141e-10	-7.82758580176e-09
5.28644036997e-10	8.61291982179e-09
5.29850986853e-10	1.7134733854e-08
5.3105793671e-10	1.6626914956e-08
5.32264886566e-10	1.13180833594e-08
5.33471836422e-10	7.22539406084e-09
5.34678786278e-10	7.96096089051e-09
5.35885736134e-10	1.24735386464e-08
5.3709268599e-10	1.6212240439e-08
5.38299635846e-10	1.43496479144e-08
5.39506585703e-10	5.21707810286e-09
5.40713535559e-10	-8.37213365301e-09
5.41920485415e-10	-2.05182124624e-08
5.43127435271e-10	-2.55456149567e-08
5.44334385127e-10	-2.11920005988e-08
5.45541334983e-10	-9.72355040929e-09
5.4674828484e-10	3.42182909785e-09
5.47955234696e-10	1.27715542586e-08
5.49162184552e-10	1.57589634675e-08
5.50369134408e-10	1.37874429651e-08
5.51576084264e-10	1.10163942413e-08
5.5278303412e-10	1.13848670491e-08
5.53989983977e-10	1.60115407599e-08
5.55196933833e-10	2.22179288301e-08
5.56403883689e-10	2.4939327492e-08
5.57610833545e-10	1.96521958706e-08
5.58817783401e-10	5.2568392972e-09
5.60024733257e-10	-1.47021972374e-08
5.61231683113e-10	-3.32870371267e-08
5.6243863297e-10	-4.31461000261e-08
5.63645582826e-10	-3.98112902644e-08
5.64852532682e-10	-2.37180652896e-08
5.66059482538e-10	9.40064276422e-11
5.67266432394e-10	2.41984579041e-08
5.6847338225e-10	4.18317318562e-08
5.69680332107e-10	4.91610459008e-08
5.70887281963e-10	4.60869715724e-08
5.72094231819e-10	3.53483069482e-08
5.73301181675e-10	2.06442365425e-08
5.74508131531e-10	5.15747899943e-09
5.75715081387e-10	-9.30721255621e-09
5.76922031244e-10	-2.18917248773e-08
5.781289811e-10	-3.18413166944e-08
5.79335930956e-10	-3.78841500392e-08
5.80542880812e-10	-3.82578564384e-08
5.81749830668e-10	-3.1608984763e-08
5.82956780524e-10	-1.80673165318e-08
5.8416373038e-10	1.45889078595e-10
5.85370680237e-10	1.89213951174e-08
5.86577630093e-10	3.34575429584e-08
5.87784579949e-10	3.98845072525e-08
5.88991529805e-10	3.65952743664e-08
5.90198479661e-10	2.47203768566e-08
5.91405429517e-10	7.68106456217e-09
5.92612379374e-10	-1.01099162375e-08
5.9381932923e-10	-2.46832057016e-08
5.95026279086e-10	-3.35148273578e-08
5.96233228942e-10	-3.59587950527e-08
5.97440178798e-10	-3.28522711257e-08
5.98647128654e-10	-2.58903360972e-08
5.99854078511e-10	-1.68195677386e-08
6.01061028367e-10	-6.96005364453e-09
6.02267978223e-10	2.90839186068e-09
6.03474928079e-10	1.22887717779e-08
6.04681877935e-10	2.05622838756e-08
6.05888827791e-10	2.65452277937e-08
6.07095777647e-10	2.86786661086e-08
6.08302727504e-10	2.54107948017e-08
6.0950967736e-10	1.60793787174e-08
6.10716627216e-10	1.65099120486e-09
6.11923577072e-10	-1.51229662126e-08
6.13130526928e-10	-3.01701477134e-08
6.14337476784e-10	-3.94152719352e-08
6.15544426641e-10	-4.01309483422e-08
6.16751376497e-10	-3.19316217912e-08
6.17958326353e-10	-1.68913738552e-08
6.19165276209e-10	1.20086124378e-09
6.20372226065e-10	1.807419725e-08
6.21579175921e-10	3.01352454102e-08
6.22786125778e-10	3.51209079597e-08
6.23993075634e-10	3.22859250446e-08
6.2520002549e-10	2.22674607642e-08
6.26406975346e-10	6.98388502585e-09
6.27613925202e-10	-1.0526564509e-08
6.28820875058e-10	-2.6486911775e-08
6.30027824914e-10	-3.69492010321e-08
6.31234774771e-10	-3.89924545985e-08
6.32441724627e-10	-3.17268127326e-08
6.33648674483e-10	-1.68828844238e-08
6.34855624339e-10	1.48385273513e-09
6.36062574195e-10	1.83545951771e-08
6.37269524051e-10	2.93816184715e-08
6.38476473908e-10	3.23027573579e-08
6.39683423764e-10	2.74373208597e-08
6.4089037362e-10	1.71596432619e-08
6.42097323476e-10	4.68128025233e-09
6.43304273332e-10	-7.09950875866e-09
6.44511223188e-10	-1.62785087632e-08
6.45718173045e-10	-2.20211648916e-08
6.46925122901e-10	-2.41549509283e-08
6.48132072757e-10	-2.27817289478e-08
6.49339022613e-10	-1.81208483774e-08
6.50545972469e-10	-1.05481068324e-08
6.51752922325e-10	-9.09109718061e-10
6.52959872181e-10	9.49697409602e-09
6.54166822038e-10	1.90009701306e-08
6.55373771894e-10	2.58007712972e-08
6.5658072175e-10	2.8277628239e-08
6.57787671606e-10	2.52620857566e-08
6.58994621462e-10	1.63412490206e-08
6.60201571318e-10	2.22866719524e-09
6.61408521175e-10	-1.49021639473e-08
6.62615471031e-10	-3.14574379878e-08
6.63822420887e-10	-4.30554791819e-08
6.65029370743e-10	-4.57935280807e-08
6.66236320599e-10	-3.77201470059e-08
6.67443270455e-10	-1.98973082455e-08
6.68650220312e-10	3.57045093491e-09
6.69857170168e-10	2.67311803803e-08
6.71064120024e-10	4.3723207277e-08
6.7227106988e-10	5.06695911895e-08
6.73478019736e-10	4.6676676746e-08
6.74684969592e-10	3.35570136123e-08
6.75891919448e-10	1.47097556358e-08
6.77098869305e-10	-6.16383011298e-09
6.78305819161e-10	-2.58542098841e-08
6.79512769017e-10	-4.16291987548e-08
6.80719718873e-10	-5.09572721796e-08
6.81926668729e-10	-5.15618898689e-08
6.83133618585e-10	-4.20150474412e-08
6.84340568442e-10	-2.29098491289e-08
6.85547518298e-10	2.4334212978e-09
6.86754468154e-10	2.82957453024e-08
6.8796141801e-10	4.81673767538e-08
6.89168367866e-10	5.70760496643e-08
6.90375317722e-10	5.34660333784e-08
6.91582267579e-10	3.95624848437e-08
6.92789217435e-10	2.00473015965e-08
6.93996167291e-10	-2.06613483267e-10
6.95203117147e-10	-1.80900148194e-08
6.96410067003e-10	-3.26666604877e-08
6.97617016859e-10	-4.41136620566e-08
6.98823966715e-10	-5.19457827863e-08
7.00030916572e-10	-5.39570548241e-08
7.01237866428e-10	-4.68934073794e-08
7.02444816284e-10	-2.85607675288e-08
7.0365176614e-10	-1.90970961267e-10
7.04858715996e-10	3.25634230691e-08
7.06065665852e-10	6.09689019271e-08
7.07272615709e-10	7.64810845766e-08
7.08479565565e-10	7.43362669198e-08
7.09686515421e-10	5.55246844058e-08
7.10893465277e-10	2.62458881295e-08
7.12100415133e-10	-5.09332731546e-09
7.13307364989e-10	-3.13433843324e-08
7.14514314846e-10	-4.88925664399e-08
7.15721264702e-10	-5.77043444139e-08
7.16928214558e-10	-5.93560560702e-08
7.18135164414e-10	-5.48340466366e-08
7.1934211427e-10	-4.34511369107e-08
7.20549064126e-10	-2.38000503749e-08
7.21756013982e-10	3.98226018827e-09
7.22962963839e-10	3.6297725714e-08
7.24169913695e-10	6.59422436655e-08
7.25376863551e-10	8.43112140103e-08
7.26583813407e-10	8.48466843451e-08
7.27790763263e-10	6.61567955973e-08
7.28997713119e-10	3.2863244126e-08
7.30204662976e-10	-6.10703521087e-09
7.31411612832e-10	-4.09458627004e-08
7.32618562688e-10	-6.44970583608e-08
7.33825512544e-10	-7.40000860588e-08
7.350324624e-10	-7.07466920602e-08
7.36239412256e-10	-5.80682577578e-08
7.37446362113e-10	-3.91527263943e-08
7.38653311969e-10	-1.59968118751e-08
7.39860261825e-10	1.00935992897e-08
7.41067211681e-10	3.71363420015e-08
7.42274161537e-10	6.13906951941e-08
7.43481111393e-10	7.75797595054e-08
7.44688061249e-10	8.06044262447e-08
7.45895011106e-10	6.78377913843e-08
7.47101960962e-10	4.07800113678e-08
7.48308910818e-10	5.13828446458e-09
7.49515860674e-10	-3.09654164532e-08
7.5072281053e-10	-5.96981086787e-08
7.51929760386e-10	-7.59037295239e-08
7.53136710243e-10	-7.8192627484e-08
7.54343660099e-10	-6.83403111879e-08
7.55550609955e-10	-4.96954308815e-08
7.56757559811e-10	-2.55805314708e-08
7.57964509667e-10	1.43948342135e-09
7.59171459523e-10	2.91357036275e-08
7.6037840938e-10	5.47595710998e-08
7.61585359236e-10	7.44242871775e-08
7.62792309092e-10	8.35469666782e-08
7.63999258948e-10	7.8369188472e-08
7.65206208804e-10	5.76608920611e-08
7.6641315866e-10	2.40812880747e-08
7.67620108516e-10	-1.60610347244e-08
7.68827058373e-10	-5.43280886944e-08
7.70034008229e-10	-8.25461921039e-08
7.71240958085e-10	-9.50821448242e-08
7.72447907941e-10	-9.00890881894e-08
7.73654857797e-10	-6.9467462005e-08
7.74861807653e-10	-3.78326916461e-08
7.7606875751e-10	-1.08814868227e-09
7.77275707366e-10	3.48227082725e-08
7.78482657222e-10	6.46075726252e-08
7.79689607078e-10	8.39689739962e-08
7.80896556934e-10	8.99431586987e-08
7.8210350679e-10	8.11835185743e-08
7.83310456647e-10	5.85447121892e-08
7.84517406503e-10	2.53214467172e-08
7.85724356359e-10	-1.30119144348e-08
7.86931306215e-10	-4.96026970609e-08
7.88138256071e-10	-7.77719666445e-08
7.89345205927e-10	-9.23966343436e-08
7.90552155783e-10	-9.10577835356e-08
7.9175910564e-10	-7.44294084143e-08
7.92966055496e-10	-4.58917783774e-08
7.94173005352e-10	-1.06331745631e-08
7.95379955208e-10	2.54696015389e-08
7.96586905064e-10	5.68401761214e-08
7.9779385492e-10	7.89095011555e-08
7.99000804777e-10	8.85443682819e-08
8.00207754633e-10	8.42972269766e-08
8.01414704489e-10	6.6523819342e-08
8.02621654345e-10	3.7474367609e-08
8.03828604201e-10	1.27864785426e-09
8.05035554057e-10	-3.64704448863e-08
8.06242503914e-10	-6.93711559308e-08
8.0744945377e-10	-9.13227733434e-08
8.08656403626e-10	-9.78170451305e-08
8.09863353482e-10	-8.69960743444e-08
8.11070303338e-10	-6.0367152166e-08
8.12277253194e-10	-2.26090395294e-08
8.1348420305e-10	1.93415070626e-08
8.14691152907e-10	5.77354830611e-08
8.15898102763e-10	8.56486082057e-08
8.17105052619e-10	9.82986136933e-08
8.18312002475e-10	9.3746528762e-08
8.19518952331e-10	7.30700353557e-08
8.20725902187e-10	3.99388770944e-08
8.21932852044e-10	1.96780647332e-11
8.231398019e-10	-3.98830319881e-08
8.24346751756e-10	-7.27833677772e-08
8.25553701612e-10	-9.26938295009e-08
8.26760651468e-10	-9.57912522637e-08
8.27967601324e-10	-8.14227885115e-08
8.29174551181e-10	-5.24972456617e-08
8.30381501037e-10	-1.4902356682e-08
8.31588450893e-10	2.3829590301e-08
8.32795400749e-10	5.64804096825e-08
8.34002350605e-10	7.77428770249e-08
8.35209300461e-10	8.51295194337e-08
8.36416250317e-10	7.89156242575e-08
8.37623200174e-10	6.12385200327e-08
8.3883015003e-10	3.51912499141e-08
8.40037099886e-10	4.22918078335e-09
8.41244049742e-10	-2.78868306225e-08
8.42450999598e-10	-5.68091769182e-08
8.43657949454e-10	-7.77279041131e-08
8.44864899311e-10	-8.6041744396e-08
8.46071849167e-10	-7.87910021671e-08
8.47278799023e-10	-5.60297888086e-08
8.48485748879e-10	-2.15882547394e-08
8.49692698735e-10	1.75127230495e-08
8.50899648591e-10	5.28637276176e-08
8.52106598448e-10	7.70035466502e-08
8.53313548304e-10	8.54944026685e-08
8.5452049816e-10	7.77536079966e-08
8.55727448016e-10	5.66736426677e-08
8.56934397872e-10	2.72513789312e-08
8.58141347728e-10	-4.97241769981e-09
8.59348297584e-10	-3.49232434083e-08
8.60555247441e-10	-5.84690278416e-08
8.61762197297e-10	-7.23311481821e-08
8.62969147153e-10	-7.4196480071e-08
8.64176097009e-10	-6.31393710648e-08
8.65383046865e-10	-4.0244944266e-08
8.66589996721e-10	-9.20863851839e-09
8.67796946578e-10	2.40238882121e-08
8.69003896434e-10	5.24190166828e-08
8.7021084629e-10	6.97669966243e-08
8.71417796146e-10	7.25505291399e-08
8.72624746002e-10	6.09193238077e-08
8.73831695858e-10	3.8475165276e-08
8.75038645715e-10	1.08817763689e-08
8.76245595571e-10	-1.60168496244e-08
8.77452545427e-10	-3.76930628931e-08
8.78659495283e-10	-5.15993647809e-08
8.79866445139e-10	-5.68875586637e-08
8.81073394995e-10	-5.37095816711e-08
8.82280344851e-10	-4.26548432131e-08
8.83487294708e-10	-2.47298910239e-08
8.84694244564e-10	-1.82749507194e-09
8.8590119442e-10	2.28212395648e-08
8.87108144276e-10	4.46726797776e-08
8.88315094132e-10	5.88187081263e-08
8.89522043988e-10	6.13940036587e-08
8.90728993845e-10	5.10953999111e-08
8.91935943701e-10	2.98941214005e-08
8.93142893557e-10	2.61565658022e-09
8.94349843413e-10	-2.44128885996e-08
8.95556793269e-10	-4.53084485486e-08
8.96763743125e-10	-5.61423734169e-08
8.97970692982e-10	-5.56237731431e-08
8.99177642838e-10	-4.49775692246e-08
9.00384592694e-10	-2.70055062757e-08
9.0159154255e-10	-5.24628762655e-09
9.02798492406e-10	1.67375202587e-08
9.04005442262e-10	3.56440370552e-08
9.05212392118e-10	4.85188831334e-08
9.06419341975e-10	5.30338892801e-08
9.07626291831e-10	4.79147805876e-08
9.08833241687e-10	3.35013314867e-08
9.10040191543e-10	1.20694643169e-08
9.11247141399e-10	-1.23231309601e-08
9.12454091255e-10	-3.46964408315e-08
9.13661041112e-10	-5.03071566627e-08
9.14867990968e-10	-5.58532340378e-08
9.16074940824e-10	-5.03089099269e-08
9.1728189068e-10	-3.49972264502e-08
9.18488840536e-10	-1.32286708254e-08
9.19695790392e-10	1.06021547097e-08
9.20902740249e-10	3.19713797658e-08
9.22109690105e-10	4.70032350819e-08
9.23316639961e-10	5.31637525114e-08
9.24523589817e-10	4.95317618032e-08
9.25730539673e-10	3.69307633363e-08
9.26937489529e-10	1.7751178083e-08
9.28144439385e-10	-4.52367387993e-09
9.29351389242e-10	-2.59350168008e-08
9.30558339098e-10	-4.27542108383e-08
9.31765288954e-10	-5.21356593453e-08
9.3297223881e-10	-5.25107708427e-08
9.34179188666e-10	-4.37722595947e-08
9.35386138522e-10	-2.72664539835e-08
9.36593088379e-10	-5.61853108483e-09
9.37800038235e-10	1.75551255754e-08
9.39006988091e-10	3.81029208185e-08
9.40213937947e-10	5.20794678494e-08
9.41420887803e-10	5.65286786269e-08
9.42627837659e-10	5.02990289419e-08
9.43834787516e-10	3.45102240118e-08
9.45041737372e-10	1.23158285792e-08
9.46248687228e-10	-1.17916949538e-08
9.47455637084e-10	-3.32022604965e-08
9.4866258694e-10	-4.82454547424e-08
9.49869536796e-10	-5.48229657227e-08
9.51076486652e-10	-5.24989864914e-08
9.52283436509e-10	-4.20754728836e-08
9.53490386365e-10	-2.51585703381e-08
9.54697336221e-10	-3.92300397722e-09
9.55904286077e-10	1.88644637689e-08
9.57111235933e-10	3.97682242692e-08
9.58318185789e-10	5.49318359688e-08
9.59525135646e-10	6.08302652694e-08
9.60732085502e-10	5.53708288109e-08
9.61939035358e-10	3.88385279493e-08
9.63145985214e-10	1.42784390977e-08
9.6435293507e-10	-1.31826760619e-08
9.65559884926e-10	-3.77346109914e-08
9.66766834783e-10	-5.4477512279e-08
9.67973784639e-10	-6.06849104301e-08
9.69180734495e-10	-5.61041595404e-08
9.70387684351e-10	-4.25099262458e-08
9.71594634207e-10	-2.2827025159e-08
9.72801584063e-10	-2.58992549629e-10
9.7400853392e-10	2.20457310185e-08
9.75215483776e-10	4.10967491149e-08
9.76422433632e-10	5.40477342881e-08
9.77629383488e-10	5.84551500538e-08
9.78836333344e-10	5.29258956661e-08
9.800432832e-10	3.77766893322e-08
9.81250233056e-10	1.54794910223e-08
9.82457182913e-10	-9.72016067635e-09
9.83664132769e-10	-3.27590479188e-08
9.84871082625e-10	-4.9132079738e-08
9.86078032481e-10	-5.60727615451e-08
9.87284982337e-10	-5.3045631887e-08
9.88491932193e-10	-4.15532737108e-08
9.8969888205e-10	-2.4319622316e-08
9.90905831906e-10	-4.42503411691e-09
9.92112781762e-10	1.53055541574e-08
9.93319731618e-10	3.25039213322e-08
9.94526681474e-10	4.51173756133e-08
9.9573363133e-10	5.13986364581e-08
9.96940581187e-10	5.00056049901e-08
9.98147531043e-10	4.04901756568e-08
9.99354480899e-10	2.37776069945e-08
1.00056143075e-09	2.3558238138e-09
1.00176838061e-09	-1.99530534317e-08
1.00297533047e-09	-3.88779586302e-08
1.00418228032e-09	-5.07094108926e-08
1.00538923018e-09	-5.32707273848e-08
1.00659618004e-09	-4.64082239304e-08
1.00780312989e-09	-3.18363353458e-08
1.00901007975e-09	-1.25709200827e-08
1.0102170296e-09	7.92533250138e-09
1.01142397946e-09	2.63982888882e-08
1.01263092932e-09	4.02299633606e-08
1.01383787917e-09	4.76121577719e-08
1.01504482903e-09	4.75561101609e-08
1.01625177889e-09	4.0015257774e-08
1.01745872874e-09	2.59726204987e-08
1.0186656786e-09	7.57025064857e-09
1.01987262845e-09	-1.20999128495e-08
1.02107957831e-09	-2.94728410566e-08
1.02228652817e-09	-4.13047240855e-08
1.02349347802e-09	-4.55012587608e-08
1.02470042788e-09	-4.1605140666e-08
1.02590737773e-09	-3.08720959907e-08
1.02711432759e-09	-1.57657895627e-08
1.02832127745e-09	7.58702919934e-10
1.0295282273e-09	1.59654764964e-08
1.03073517716e-09	2.78071663473e-08
1.03194212702e-09	3.49933966248e-08
1.03314907687e-09	3.69378865273e-08
1.03435602673e-09	3.36213417107e-08
1.03556297658e-09	2.55344740907e-08
1.03676992644e-09	1.3759640316e-08
1.0379768763e-09	-4.08997419266e-11
1.03918382615e-09	-1.37598532568e-08
1.04039077601e-09	-2.51745526647e-08
1.04159772586e-09	-3.24116249395e-08
1.04280467572e-09	-3.43272765768e-08
1.04401162558e-09	-3.07177638881e-08
1.04521857543e-09	-2.23451617209e-08
1.04642552529e-09	-1.06927928734e-08
1.04763247515e-09	2.29678592811e-09
1.048839425e-09	1.45282936792e-08
1.05004637486e-09	2.40812827457e-08
1.05125332471e-09	2.94984525695e-08
1.05246027457e-09	3.0008528995e-08
1.05366722443e-09	2.57140824189e-08
1.05487417428e-09	1.7532478358e-08
1.05608112414e-09	6.9969376959e-09
1.05728807399e-09	-4.06012778953e-09
1.05849502385e-09	-1.39219213935e-08
1.05970197371e-09	-2.12140678357e-08
1.06090892356e-09	-2.50582257166e-08
1.06211587342e-09	-2.50906935229e-08
1.06332282328e-09	-2.14149236122e-08
1.06452977313e-09	-1.46207952412e-08
1.06573672299e-09	-5.7570231915e-09
1.06694367284e-09	3.75272679598e-09
1.0681506227e-09	1.22889025622e-08
1.06935757256e-09	1.83952115762e-08
1.07056452241e-09	2.11152038077e-08
1.07177147227e-09	2.02300527441e-08
1.07297842212e-09	1.62533961845e-08
1.07418537198e-09	1.02213353337e-08
1.07539232184e-09	3.33189792423e-09
1.07659927169e-09	-3.33833455324e-09
1.07780622155e-09	-9.01933994157e-09
1.07901317141e-09	-1.32130144603e-08
1.08022012126e-09	-1.55774499966e-08
1.08142707112e-09	-1.59032020886e-08
1.08263402097e-09	-1.4087413458e-08
1.08384097083e-09	-1.0277150686e-08
1.08504792069e-09	-4.97710239689e-09
1.08625487054e-09	9.80289432961e-10
1.0874618204e-09	6.53819176577e-09
1.08866877025e-09	1.07163118379e-08
1.08987572011e-09	1.28551567169e-08
1.09108266997e-09	1.27672015182e-08
1.09228961982e-09	1.07638409297e-08
1.09349656968e-09	7.47202277829e-09
1.09470351954e-09	3.61883978339e-09
1.09591046939e-09	-1.73932073605e-10
1.09711741925e-09	-3.48853462784e-09
1.0983243691e-09	-6.11145134499e-09
1.09953131896e-09	-7.92145260498e-09
1.10073826882e-09	-8.82810247127e-09
1.10194521867e-09	-8.72918004546e-09
1.10315216853e-09	-7.57389517769e-09
1.10435911838e-09	-5.45066591862e-09
1.10556606824e-09	-2.6554329291e-09
1.1067730181e-09	3.34000722912e-10
1.10797996795e-09	2.99756769406e-09
1.10918691781e-09	4.9362174348e-09
1.11039386767e-09	6.00190741551e-09
1.11160081752e-09	6.3118523741e-09
1.11280776738e-09	6.12145545364e-09
1.11401471723e-09	5.64100066658e-09
1.11522166709e-09	4.91577756279e-09
1.11642861695e-09	3.80326431459e-09
1.1176355668e-09	2.13043105379e-09
1.11884251666e-09	-1.57228147168e-10
1.12004946651e-09	-2.85128115562e-09
1.12125641637e-09	-5.50062995153e-09
1.12246336623e-09	-7.57111318084e-09
1.12367031608e-09	-8.62210569608e-09
1.12487726594e-09	-8.4492467467e-09
1.1260842158e-09	-7.10731762332e-09
1.12729116565e-09	-4.81382067541e-09
1.12849811551e-09	-1.85718745938e-09
1.12970506536e-09	1.47292836261e-09
1.13091201522e-09	4.86257567545e-09
1.13211896508e-09	7.93120136233e-09
1.13332591493e-09	1.0224761704e-08
1.13453286479e-09	1.1297641711e-08
1.13573981464e-09	1.08165891799e-08
1.1369467645e-09	8.70194005742e-09
1.13815371436e-09	5.16400211481e-09
1.13936066421e-09	6.4112939957e-10
1.14056761407e-09	-4.26769064532e-09
1.14177456393e-09	-8.9175199447e-09
1.14298151378e-09	-1.2655817283e-08
1.14418846364e-09	-1.4850520591e-08
1.14539541349e-09	-1.49614665101e-08
1.14660236335e-09	-1.26602279771e-08
1.14780931321e-09	-7.99777866156e-09
1.14901626306e-09	-1.53558687987e-09
1.15022321292e-09	5.70788538656e-09
1.15143016277e-09	1.24149470704e-08
1.15263711263e-09	1.73190859432e-08
1.15384406249e-09	1.94974574264e-08
1.15505101234e-09	1.85565780519e-08
1.1562579622e-09	1.46582850302e-08
1.15746491206e-09	8.39585057033e-09
1.15867186191e-09	6.55043214115e-10
1.15987881177e-09	-7.50066697641e-09
1.16108576162e-09	-1.48871648342e-08
1.16229271148e-09	-2.02922958437e-08
1.16349966134e-09	-2.26368661593e-08
1.16470661119e-09	-2.1244335624e-08
1.16591356105e-09	-1.61059563464e-08
1.1671205109e-09	-7.98834309812e-09
1.16832746076e-09	1.64611105302e-09
1.16953441062e-09	1.10208060455e-08
1.17074136047e-09	1.84901201017e-08
1.17194831033e-09	2.28875545183e-08
1.17315526019e-09	2.37334312203e-08
1.17436221004e-09	2.11127999528e-08
1.1755691599e-09	1.55160586601e-08
1.17677610975e-09	7.65146057624e-09
1.17798305961e-09	-1.59312069092e-09
1.17919000947e-09	-1.10903959349e-08
1.18039695932e-09	-1.94639642181e-08
1.18160390918e-09	-2.52016634228e-08
1.18281085903e-09	-2.70049889117e-08
1.18401780889e-09	-2.41946565005e-08
1.18522475875e-09	-1.70329967908e-08
1.1864317086e-09	-6.76557598833e-09
1.18763865846e-09	4.70569283539e-09
1.18884560832e-09	1.52823855792e-08
1.19005255817e-09	2.32216446072e-08
1.19125950803e-09	2.74152287538e-08
1.19246645788e-09	2.74317537574e-08
1.19367340774e-09	2.34018191492e-08
1.1948803576e-09	1.58345483392e-08
1.19608730745e-09	5.61010371491e-09
1.19729425731e-09	-5.9971593247e-09
1.19850120716e-09	-1.72608727311e-08
1.19970815702e-09	-2.61740504826e-08
1.20091510688e-09	-3.08631196155e-08
1.20212205673e-09	-3.01248359591e-08
1.20332900659e-09	-2.38973982825e-08
1.20453595645e-09	-1.33766295818e-08
1.2057429063e-09	-7.16567666315e-10
1.20694985616e-09	1.15914062793e-08
1.20815680601e-09	2.140314459e-08
1.20936375587e-09	2.73410751817e-08
1.21057070573e-09	2.89224817429e-08
1.21177765558e-09	2.63112509558e-08
1.21298460544e-09	2.00576160125e-08
1.21419155529e-09	1.09265736459e-08
1.21539850515e-09	-7.6324821463e-11
1.21660545501e-09	-1.1552526713e-08
1.21781240486e-09	-2.17229674249e-08
1.21901935472e-09	-2.86575461139e-08
1.22022630458e-09	-3.07718983628e-08
1.22143325443e-09	-2.7398936453e-08
1.22264020429e-09	-1.9083627123e-08
1.22384715414e-09	-7.52200313148e-09
1.225054104e-09	4.93563445669e-09
1.22626105386e-09	1.59580577641e-08
1.22746800371e-09	2.38013955212e-08
1.22867495357e-09	2.75808575978e-08
1.22988190342e-09	2.71560356424e-08
1.23108885328e-09	2.29051608791e-08
1.23229580314e-09	1.54532522334e-08
1.23350275299e-09	5.65671021135e-09
1.23470970285e-09	-5.31877830667e-09
1.23591665271e-09	-1.59123365595e-08
1.23712360256e-09	-2.42671776007e-08
1.23833055242e-09	-2.86483166079e-08
1.23953750227e-09	-2.79422880389e-08
1.24074445213e-09	-2.21173181991e-08
1.24195140199e-09	-1.23438379518e-08
1.24315835184e-09	-6.69697172717e-10
1.2443653017e-09	1.05393469507e-08
1.24557225156e-09	1.92809972432e-08
1.24677920141e-09	2.43119107068e-08
1.24798615127e-09	2.5252221203e-08
1.24919310112e-09	2.23993348314e-08
1.25040005098e-09	1.64285482995e-08
1.25160700084e-09	8.22897483488e-09
1.25281395069e-09	-1.16098017311e-09
1.25402090055e-09	-1.04768562714e-08
1.2552278504e-09	-1.82737238674e-08
1.25643480026e-09	-2.31192531785e-08
1.25764175012e-09	-2.39550348446e-08
1.25884869997e-09	-2.04939096804e-08
1.26005564983e-09	-1.3384550801e-08
1.26126259969e-09	-4.10170097886e-09
1.26246954954e-09	5.44920542023e-09
1.2636764994e-09	1.34713642463e-08
1.26488344925e-09	1.86731523577e-08
1.26609039911e-09	2.04792831582e-08
1.26729734897e-09	1.8945262692e-08
1.26850429882e-09	1.460250032e-08
1.26971124868e-09	8.25201107446e-09
1.27091819853e-09	8.69101790535e-10
1.27212514839e-09	-6.4444083403e-09
1.27333209825e-09	-1.25449410859e-08
1.2745390481e-09	-1.63935174324e-08
1.27574599796e-09	-1.73105336732e-08
1.27695294782e-09	-1.51652879143e-08
1.27815989767e-09	-1.04543680379e-08
1.27936684753e-09	-4.19235351989e-09
1.28057379738e-09	2.37972563877e-09
1.28178074724e-09	8.07509048517e-09
1.2829876971e-09	1.20065093423e-08
1.28419464695e-09	1.36857087885e-08
1.28540159681e-09	1.29981387875e-08
1.28660854666e-09	1.0194405542e-08
1.28781549652e-09	5.81375725339e-09
1.28902244638e-09	6.69511723839e-10
1.29022939623e-09	-4.26456858715e-09
1.29143634609e-09	-8.0410668124e-09
1.29264329595e-09	-9.96502924622e-09
1.2938502458e-09	-9.8005894511e-09
1.29505719566e-09	-7.82184528259e-09
1.29626414551e-09	-4.68991456781e-09
1.29747109537e-09	-1.18891863021e-09
1.29867804523e-09	2.00879127221e-09
1.29988499508e-09	4.47350934074e-09
1.30109194494e-09	6.00758909286e-09
1.30229889479e-09	6.50080211884e-09
1.30350584465e-09	5.89461279787e-09
1.30471279451e-09	4.18150020165e-09
1.30591974436e-09	1.55325491358e-09
1.30712669422e-09	-1.47480308521e-09
1.30833364408e-09	-4.14673773097e-09
1.30954059393e-09	-5.63976287893e-09
1.31074754379e-09	-5.44090794641e-09
1.31195449364e-09	-3.58632973319e-09
1.3131614435e-09	-6.98643365382e-10
1.31436839336e-09	2.24805035698e-09
1.31557534321e-09	4.3333562294e-09
1.31678229307e-09	5.0354096448e-09
1.31798924292e-09	4.36684494121e-09
1.31919619278e-09	2.74154893232e-09
1.32040314264e-09	6.92962076609e-10
1.32161009249e-09	-1.37476441342e-09
1.32281704235e-09	-3.26253113414e-09
1.32402399221e-09	-4.84719520077e-09
1.32523094206e-09	-5.92321380832e-09
1.32643789192e-09	-6.10175809879e-09
1.32764484177e-09	-4.95675489542e-09
1.32885179163e-09	-2.30478813812e-09
1.33005874149e-09	1.55850074512e-09
1.33126569134e-09	5.76313785583e-09
1.3324726412e-09	9.12965436584e-09
1.33367959105e-09	1.05790689542e-08
1.33488654091e-09	9.56984003153e-09
1.33609349077e-09	6.31860630484e-09
1.33730044062e-09	1.67070082768e-09
1.33850739048e-09	-3.22642285111e-09
1.33971434034e-09	-7.35280780706e-09
1.34092129019e-09	-1.00789789848e-08
1.34212824005e-09	-1.11771472078e-08
1.3433351899e-09	-1.06880386763e-08
1.34454213976e-09	-8.70174932111e-09
1.34574908962e-09	-5.32786292862e-09
1.34695603947e-09	-7.64938640208e-10
1.34816298933e-09	4.50678200314e-09
1.34936993918e-09	9.63433333112e-09
1.35057688904e-09	1.35154853975e-08
1.3517838389e-09	1.50909056362e-08
1.35299078875e-09	1.37567206515e-08
1.35419773861e-09	9.60577106746e-09
1.35540468847e-09	3.45790823753e-09
1.35661163832e-09	-3.39484279577e-09
1.35781858818e-09	-9.59153290125e-09
1.35902553803e-09	-1.40323030973e-08
1.36023248789e-09	-1.60894153556e-08
1.36143943775e-09	-1.55895314435e-08
1.3626463876e-09	-1.26973940251e-08
1.36385333746e-09	-7.82447295844e-09
1.36506028731e-09	-1.56977650323e-09
1.36626723717e-09	5.2256400318e-09
1.36747418703e-09	1.15272726919e-08
1.36868113688e-09	1.61950552968e-08
1.36988808674e-09	1.82399977344e-08
1.3710950366e-09	1.71077254585e-08
1.37230198645e-09	1.28668342647e-08
1.37350893631e-09	6.25663476583e-09
1.37471588616e-09	-1.50782164532e-09
1.37592283602e-09	-9.01190544411e-09
1.37712978588e-09	-1.49517993542e-08
1.37833673573e-09	-1.83766268869e-08
1.37954368559e-09	-1.8780499822e-08
1.38075063544e-09	-1.61443780566e-08
1.3819575853e-09	-1.08904683049e-08
1.38316453516e-09	-3.8390867152e-09
1.38437148501e-09	3.89130716538e-09
1.38557843487e-09	1.10375075746e-08
1.38678538473e-09	1.63884650295e-08
1.38799233458e-09	1.90415470058e-08
1.38919928444e-09	1.85539863473e-08
1.39040623429e-09	1.50447299063e-08
1.39161318415e-09	9.13093289867e-09
1.39282013401e-09	1.78017592334e-09
1.39402708386e-09	-5.85366632944e-09
1.39523403372e-09	-1.26060173411e-08
1.39644098357e-09	-1.74256735708e-08
1.39764793343e-09	-1.94976315093e-08
1.39885488329e-09	-1.83868800185e-08
1.40006183314e-09	-1.41473306403e-08
1.401268783e-09	-7.41182348829e-09
1.40247573286e-09	6.66744576217e-10
1.40368268271e-09	8.61194038304e-09
1.40488963257e-09	1.49531644844e-08
1.40609658242e-09	1.85638668881e-08
1.40730353228e-09	1.89074453871e-08
1.40851048214e-09	1.61173130397e-08
1.40971743199e-09	1.08662074894e-08
1.41092438185e-09	4.16111661794e-09
1.4121313317e-09	-2.91339502523e-09
1.41333828156e-09	-9.34541732889e-09
1.41454523142e-09	-1.42717109242e-08
1.41575218127e-09	-1.70318354975e-08
1.41695913113e-09	-1.71816734174e-08
1.41816608099e-09	-1.46065066708e-08
1.41937303084e-09	-9.61247459408e-09
1.4205799807e-09	-2.96106877906e-09
1.42178693055e-09	4.18707229999e-09
1.42299388041e-09	1.0527351435e-08
1.42420083027e-09	1.48956995627e-08
1.42540778012e-09	1.65698352816e-08
1.42661472998e-09	1.54181536427e-08
1.42782167983e-09	1.1870672445e-08
1.42902862969e-09	6.73017819253e-09
1.43023557955e-09	9.24702800442e-10
1.4314425294e-09	-4.69602645659e-09
1.43264947926e-09	-9.45545641784e-09
1.43385642912e-09	-1.28272727995e-08
1.43506337897e-09	-1.44062275442e-08
1.43627032883e-09	-1.39046123504e-08
1.43747727868e-09	-1.12232805272e-08
1.43868422854e-09	-6.61200871832e-09
1.4398911784e-09	-7.24407450692e-10
1.44109812825e-09	5.40346822842e-09
1.44230507811e-09	1.05668049866e-08
1.44351202796e-09	1.37250124599e-08
1.44471897782e-09	1.42722604846e-08
1.44592592768e-09	1.22419108184e-08
1.44713287753e-09	8.23201928846e-09
1.44833982739e-09	3.1923427235e-09
1.44954677725e-09	-1.87332535595e-09
1.4507537271e-09	-6.16519857388e-09
1.45196067696e-09	-9.18722964371e-09
1.45316762681e-09	-1.07255901938e-08
1.45437457667e-09	-1.0742531531e-08
1.45558152653e-09	-9.3038687865e-09
1.45678847638e-09	-6.56990373216e-09
1.45799542624e-09	-2.85378115583e-09
1.4592023761e-09	1.31925345648e-09
1.46040932595e-09	5.25651322469e-09
1.46161627581e-09	8.21794354788e-09
1.46282322566e-09	9.63830282252e-09
1.46403017552e-09	9.29983579034e-09
1.46523712538e-09	7.39868888378e-09
1.46644407523e-09	4.47643117019e-09
1.46765102509e-09	1.20495244338e-09
1.46885797494e-09	-1.81053930182e-09
1.4700649248e-09	-4.18127199531e-09
1.47127187466e-09	-5.75416947424e-09
1.47247882451e-09	-6.52407050605e-09
1.47368577437e-09	-6.53553444696e-09
1.47489272423e-09	-5.80191261701e-09
1.47609967408e-09	-4.33623081886e-09
1.47730662394e-09	-2.22929347204e-09
1.47851357379e-09	2.83855480787e-10
1.47972052365e-09	2.79627004884e-09
1.48092747351e-09	4.82961881598e-09
1.48213442336e-09	5.95971871853e-09
1.48334137322e-09	5.97798488489e-09
1.48454832307e-09	4.95092411512e-09
1.48575527293e-09	3.19060955434e-09
1.48696222279e-09	1.14619008729e-09
1.48816917264e-09	-7.61130519722e-10
1.4893761225e-09	-2.23442814251e-09
1.49058307236e-09	-3.15719922428e-09
1.49179002221e-09	-3.55858809087e-09
1.49299697207e-09	-3.53133022823e-09
1.49420392192e-09	-3.18088938522e-09
1.49541087178e-09	-2.573113278e-09
1.49661782164e-09	-1.75743189446e-09
1.49782477149e-09	-7.86821746646e-10
1.49903172135e-09	2.51940551754e-10
1.5002386712e-09	1.23419610643e-09
1.50144562106e-09	2.0289420144e-09
1.50265257092e-09	2.52307646997e-09
1.50385952077e-09	2.67833150103e-09
1.50506647063e-09	2.51386123029e-09
1.50627342049e-09	2.11112188842e-09
1.50748037034e-09	1.57192775463e-09
1.5086873202e-09	9.6960346696e-10
1.50989427005e-09	3.37098508829e-10
1.51110121991e-09	-3.42381352436e-10
1.51230816977e-09	-1.09360367984e-09
1.51351511962e-09	-1.90564730662e-09
1.51472206948e-09	-2.69724298452e-09
1.51592901933e-09	-3.29572535929e-09
1.51713596919e-09	-3.49584577952e-09
1.51834291905e-09	-3.12162529159e-09
1.5195498689e-09	-2.12442247127e-09
1.52075681876e-09	-6.24537283e-10
1.52196376862e-09	1.10328721159e-09
1.52317071847e-09	2.69937761033e-09
1.52437766833e-09	3.85365434008e-09
1.52558461818e-09	4.37299718659e-09
1.52679156804e-09	4.23635843072e-09
1.5279985179e-09	3.54361645583e-09
1.52920546775e-09	2.43220216189e-09
1.53041241761e-09	1.03055168565e-09
1.53161936746e-09	-5.7862210856e-10
1.53282631732e-09	-2.28784927114e-09
1.53403326718e-09	-3.91096965924e-09
1.53524021703e-09	-5.16008114015e-09
1.53644716689e-09	-5.68731817197e-09
1.53765411675e-09	-5.23249665818e-09
1.5388610666e-09	-3.73889547101e-09
1.54006801646e-09	-1.44117470735e-09
1.54127496631e-09	1.19223611539e-09
1.54248191617e-09	3.59953644669e-09
1.54368886603e-09	5.30859700643e-09
1.54489581588e-09	6.07640893158e-09
1.54610276574e-09	5.89340765078e-09
1.54730971559e-09	4.92137575137e-09
1.54851666545e-09	3.3620855544e-09
1.54972361531e-09	1.3858058312e-09
1.55093056516e-09	-8.55410381417e-10
1.55213751502e-09	-3.17357362611e-09
1.55334446488e-09	-5.25500643e-09
1.55455141473e-09	-6.69269772935e-09
1.55575836459e-09	-7.08207015254e-09
1.55696531444e-09	-6.18470852309e-09
1.5581722643e-09	-4.07829442439e-09
1.55937921416e-09	-1.15267662082e-09
1.56058616401e-09	1.9727492695e-09
1.56179311387e-09	4.66815885947e-09
1.56300006372e-09	6.46300868379e-09
1.56420701358e-09	7.14556136483e-09
1.56541396344e-09	6.74640432408e-09
1.56662091329e-09	5.42545652849e-09
1.56782786315e-09	3.39658967619e-09
1.56903481301e-09	8.75380365417e-10
1.57024176286e-09	-1.8767783716e-09
1.57144871272e-09	-4.50280668307e-09
1.57265566257e-09	-6.56509624442e-09
1.57386261243e-09	-7.60408835898e-09
1.57506956229e-09	-7.32195548636e-09
1.57627651214e-09	-5.69330793621e-09
1.577483462e-09	-3.02123059903e-09
1.57869041185e-09	1.29662218462e-10
1.57989736171e-09	3.13104292493e-09
1.58110431157e-09	5.44505507349e-09
1.58231126142e-09	6.7656216185e-09
1.58351821128e-09	7.01278302095e-09
1.58472516114e-09	6.26517726587e-09
1.58593211099e-09	4.68126259978e-09
1.58713906085e-09	2.44883946454e-09
1.5883460107e-09	-1.8249073086e-10
1.58955296056e-09	-2.8774221339e-09
1.59075991042e-09	-5.19869036708e-09
1.59196686027e-09	-6.69298694245e-09
1.59317381013e-09	-7.02694380461e-09
1.59438075998e-09	-6.10145534097e-09
1.59558770984e-09	-4.13111228559e-09
1.5967946597e-09	-1.55037491179e-09
1.59800160955e-09	1.1078150064e-09
1.59920855941e-09	3.38293165703e-09
1.60041550927e-09	4.99380548025e-09
1.60162245912e-09	5.81763093255e-09
1.60282940898e-09	5.85225912175e-09
1.60403635883e-09	5.12222830817e-09
1.60524330869e-09	3.67614066965e-09
1.60645025855e-09	1.63559596422e-09
1.6076572084e-09	-7.57528179074e-10
1.60886415826e-09	-3.10204995024e-09
1.61007110811e-09	-4.93026663939e-09
1.61127805797e-09	-5.84179482566e-09
1.61248500783e-09	-5.65370261718e-09
1.61369195768e-09	-4.47577286344e-09
1.61489890754e-09	-2.64536342831e-09
1.6161058574e-09	-6.05063173176e-10
1.61731280725e-09	1.27606589184e-09
1.61851975711e-09	2.77700712425e-09
1.61972670696e-09	3.82456688541e-09
1.62093365682e-09	4.40606540142e-09
1.62214060668e-09	4.47811604465e-09
1.62334755653e-09	3.96999283447e-09
1.62455450639e-09	2.82958573239e-09
1.62576145624e-09	1.13906047094e-09
1.6269684061e-09	-8.30224472503e-10
1.62817535596e-09	-2.67084626637e-09
1.62938230581e-09	-3.95207350179e-09
1.63058925567e-09	-4.40990927109e-09
1.63179620553e-09	-4.02176414394e-09
1.63300315538e-09	-3.0046282129e-09
1.63421010524e-09	-1.69448519105e-09
1.63541705509e-09	-3.8189314211e-10
1.63662400495e-09	7.61237683999e-10
1.63783095481e-09	1.70875405492e-09
1.63903790466e-09	2.47058123959e-09
1.64024485452e-09	3.01436747785e-09
1.64145180437e-09	3.22845300493e-09
1.64265875423e-09	2.96697866276e-09
1.64386570409e-09	2.17365828115e-09
1.64507265394e-09	9.44800682134e-10
1.6462796038e-09	-4.51912132715e-10
1.64748655366e-09	-1.67694050313e-09
1.64869350351e-09	-2.46324799447e-09
1.64990045337e-09	-2.70510375211e-09
1.65110740322e-09	-2.49170029054e-09
1.65231435308e-09	-2.00869570977e-09
1.65352130294e-09	-1.4360886369e-09
1.65472825279e-09	-8.55286688695e-10
1.65593520265e-09	-2.49608046038e-10
1.6571421525e-09	4.24049496905e-10
1.65834910236e-09	1.15549451951e-09
1.65955605222e-09	1.82845524832e-09
1.66076300207e-09	2.27201746306e-09
1.66196995193e-09	2.33399954919e-09
1.66317690179e-09	1.97477861841e-09
1.66438385164e-09	1.2954384232e-09
1.6655908015e-09	4.76116437942e-10
1.66679775135e-09	-2.96787559806e-10
1.66800470121e-09	-9.19918821674e-10
1.66921165107e-09	-1.38366179625e-09
1.67041860092e-09	-1.71673963933e-09
1.67162555078e-09	-1.93389210201e-09
1.67283250063e-09	-1.9789695993e-09
1.67403945049e-09	-1.76440032029e-09
1.67524640035e-09	-1.23101911997e-09
1.6764533502e-09	-4.18748091757e-10
1.67766030006e-09	5.14917455896e-10
1.67886724992e-09	1.35415245683e-09
1.68007419977e-09	1.90994989269e-09
1.68128114963e-09	2.10053985317e-09
1.68248809948e-09	1.96632604643e-09
1.68369504934e-09	1.61697188972e-09
1.6849019992e-09	1.15804942025e-09
1.68610894905e-09	6.2916505339e-10
1.68731589891e-09	2.12805831984e-11
1.68852284877e-09	-6.74874614526e-10
1.68972979862e-09	-1.39868699955e-09
1.69093674848e-09	-2.00510186232e-09
1.69214369833e-09	-2.31589647459e-09
1.69335064819e-09	-2.2001735156e-09
1.69455759805e-09	-1.66221605924e-09
1.6957645479e-09	-8.39474725844e-10
1.69697149776e-09	5.23117061821e-11
1.69817844761e-09	8.21716875099e-10
1.69938539747e-09	1.37541875112e-09
1.70059234733e-09	1.72619585292e-09
1.70179929718e-09	1.93117541403e-09
1.70300624704e-09	2.0120401456e-09
1.7042131969e-09	1.91524304749e-09
1.70542014675e-09	1.53645454692e-09
1.70662709661e-09	8.09683847747e-10
1.70783404646e-09	-2.07178406375e-10
1.70904099632e-09	-1.31813412962e-09
1.71024794618e-09	-2.23703294777e-09
1.71145489603e-09	-2.71519584594e-09
1.71266184589e-09	-2.64053673371e-09
1.71386879574e-09	-2.0760083097e-09
1.7150757456e-09	-1.21852741786e-09
1.71628269546e-09	-2.84736338674e-10
1.71748964531e-09	5.6845463059e-10
1.71869659517e-09	1.28007329736e-09
1.71990354503e-09	1.84839957229e-09
1.72111049488e-09	2.25716528801e-09
1.72231744474e-09	2.43737996453e-09
1.72352439459e-09	2.28146224135e-09
1.72473134445e-09	1.71518929615e-09
1.72593829431e-09	7.72677546945e-10
1.72714524416e-09	-3.74757093413e-10
1.72835219402e-09	-1.46668663326e-09
1.72955914387e-09	-2.25186355673e-09
1.73076609373e-09	-2.57823379313e-09
1.73197304359e-09	-2.44677639261e-09
1.73317999344e-09	-1.96546495745e-09
1.7343869433e-09	-1.28661065135e-09
1.73559389316e-09	-5.25015267372e-10
1.73680084301e-09	2.61601969254e-10
1.73800779287e-09	1.04048339389e-09
