% time-domain voltage integration by openEMS v0.37.0-rc1-2-g7b051bb @Sat Aug  8 21:01:23 2026
% start-coordinates: (0.000303837,0.00262109,0.00908314) m -> [36,69,141]
% stop-coordinates: (0.000585775,0.00262109,0.00908314) m -> [40,69,141]
% t/s	voltage
0	0
1.20694985616e-12	0
2.41389971232e-12	0
3.62084956847e-12	0
4.82779942463e-12	0
6.03474928079e-12	0
7.24169913695e-12	0
8.44864899311e-12	0
9.65559884926e-12	0
1.08625487054e-11	0
1.20694985616e-11	0
1.32764484177e-11	0
1.44833982739e-11	0
1.56903481301e-11	0
1.68972979862e-11	0
1.81042478424e-11	0
1.93111976985e-11	0
2.05181475547e-11	0
2.17250974108e-11	0
2.2932047267e-11	0
2.41389971232e-11	0
2.53459469793e-11	0
2.65528968355e-11	0
2.77598466916e-11	0
2.89667965478e-11	0
3.01737464039e-11	0
3.13806962601e-11	0
3.25876461163e-11	0
3.37945959724e-11	0
3.50015458286e-11	0
3.62084956847e-11	0
3.74154455409e-11	0
3.86223953971e-11	4.32437540277e-36
3.98293452532e-11	6.52841947513e-33
4.10362951094e-11	1.38155832244e-30
4.22432449655e-11	2.06357573622e-28
4.34501948217e-11	2.20022169596e-26
4.46571446778e-11	1.69356923912e-24
4.5864094534e-11	9.51160848094e-23
4.70710443902e-11	3.93854581625e-21
4.82779942463e-11	1.21509287386e-19
4.94849441025e-11	2.82367764599e-18
5.06918939586e-11	4.99989643858e-17
5.18988438148e-11	6.82850354096e-16
5.3105793671e-11	7.28350576449e-15
5.43127435271e-11	6.1425803578e-14
5.55196933833e-11	4.14261608686e-13
5.67266432394e-11	2.25523468173e-12
5.79335930956e-11	9.97301980582e-12
5.91405429517e-11	3.58700708025e-11
6.03474928079e-11	1.04122661881e-10
6.15544426641e-11	2.37195384861e-10
6.27613925202e-11	3.86702420085e-10
6.39683423764e-11	2.65561517221e-10
6.51752922325e-11	-9.12804359876e-10
6.63822420887e-11	-4.67967187223e-09
6.75891919448e-11	-1.3347260408e-08
6.8796141801e-11	-2.96212143702e-08
7.00030916572e-11	-5.55100045929e-08
7.12100415133e-11	-9.00848711183e-08
7.24169913695e-11	-1.25783213178e-07
7.36239412256e-11	-1.44007525904e-07
7.48308910818e-11	-1.12448001133e-07
7.6037840938e-11	1.25460803968e-08
7.72447907941e-11	2.75954981532e-07
7.84517406503e-11	7.05866355588e-07
7.96586905064e-11	1.29001057303e-06
8.08656403626e-11	1.95550020976e-06
8.20725902187e-11	2.56446310232e-06
8.32795400749e-11	2.93558980502e-06
8.44864899311e-11	2.89143162036e-06
8.56934397872e-11	2.31900278891e-06
8.69003896434e-11	1.22098003885e-06
8.81073394995e-11	-2.68457334585e-07
8.93142893557e-11	-1.91821607132e-06
9.05212392118e-11	-3.47459439354e-06
9.1728189068e-11	-4.74368528103e-06
9.29351389242e-11	-5.64421145555e-06
9.41420887803e-11	-6.20744265234e-06
9.53490386365e-11	-6.52271660329e-06
9.65559884926e-11	-6.66224389079e-06
9.77629383488e-11	-6.62700233534e-06
9.8969888205e-11	-6.34571551927e-06
1.00176838061e-10	-5.72157182432e-06
1.01383787917e-10	-4.70412481945e-06
1.02590737773e-10	-3.34220038667e-06
1.0379768763e-10	-1.78954275043e-06
1.05004637486e-10	-2.59036660566e-07
1.06211587342e-10	1.04950912316e-06
1.07418537198e-10	2.01524838417e-06
1.08625487054e-10	2.6269435125e-06
1.0983243691e-10	2.96307285907e-06
1.11039386767e-10	3.13837239219e-06
1.12246336623e-10	3.23831068272e-06
1.13453286479e-10	3.27391342125e-06
1.14660236335e-10	3.17663244687e-06
1.15867186191e-10	2.84088065428e-06
1.17074136047e-10	2.19010115643e-06
1.18281085903e-10	1.2387321533e-06
1.1948803576e-10	1.18644376101e-07
1.20694985616e-10	-9.49268027739e-07
1.21901935472e-10	-1.72907496676e-06
1.23108885328e-10	-2.05418982091e-06
1.24315835184e-10	-1.88691964809e-06
1.2552278504e-10	-1.32397795483e-06
1.26729734897e-10	-5.47179958232e-07
1.27936684753e-10	2.52785383736e-07
1.29143634609e-10	9.39125584409e-07
1.30350584465e-10	1.45483605252e-06
1.31557534321e-10	1.80462407684e-06
1.32764484177e-10	2.01234877295e-06
1.33971434034e-10	2.08913721167e-06
1.3517838389e-10	2.02897007284e-06
1.36385333746e-10	1.83368359785e-06
1.37592283602e-10	1.54485383064e-06
1.38799233458e-10	1.2565297709e-06
1.40006183314e-10	1.08878558081e-06
1.4121313317e-10	1.13482724373e-06
1.42420083027e-10	1.40608821653e-06
1.43627032883e-10	1.80771897362e-06
1.44833982739e-10	2.16309766188e-06
1.46040932595e-10	2.28065351848e-06
1.47247882451e-10	2.03360434625e-06
1.48454832307e-10	1.41534499676e-06
1.49661782164e-10	5.4563515306e-07
1.5086873202e-10	-3.70958893825e-07
1.52075681876e-10	-1.11670841818e-06
1.53282631732e-10	-1.5330726626e-06
1.54489581588e-10	-1.56303642029e-06
1.55696531444e-10	-1.25225668057e-06
1.56903481301e-10	-7.20898299278e-07
1.58110431157e-10	-1.16952948659e-07
1.59317381013e-10	4.26668471221e-07
1.60524330869e-10	8.19240383976e-07
1.61731280725e-10	1.01719157897e-06
1.62938230581e-10	1.01970947242e-06
1.64145180437e-10	8.51439409644e-07
1.65352130294e-10	5.50676041655e-07
1.6655908015e-10	1.60864573218e-07
1.67766030006e-10	-2.69520999296e-07
1.68972979862e-10	-6.85130970624e-07
1.70179929718e-10	-1.02072870334e-06
1.71386879574e-10	-1.20592389408e-06
1.72593829431e-10	-1.1820357031e-06
1.73800779287e-10	-9.23323923985e-07
1.75007729143e-10	-4.58442279694e-07
1.76214678999e-10	1.21193327374e-07
1.77421628855e-10	6.75184381294e-07
1.78628578711e-10	1.05298633457e-06
1.79835528568e-10	1.14298984499e-06
1.81042478424e-10	9.14286786724e-07
1.8224942828e-10	4.34203315081e-07
1.83456378136e-10	-1.51411434501e-07
1.84663327992e-10	-6.67492628281e-07
1.85870277848e-10	-9.6661821658e-07
1.87077227704e-10	-9.76713735668e-07
1.88284177561e-10	-7.18253033938e-07
1.89491127417e-10	-2.87779606367e-07
1.90698077273e-10	1.82559972473e-07
1.91905027129e-10	5.69774414316e-07
1.93111976985e-10	7.96659463731e-07
1.94318926841e-10	8.45877963229e-07
1.95525876698e-10	7.50489633106e-07
1.96732826554e-10	5.71435592178e-07
1.9793977641e-10	3.69079891982e-07
1.99146726266e-10	1.83149452937e-07
2.00353676122e-10	2.64776978121e-08
2.01560625978e-10	-1.07642115665e-07
2.02767575835e-10	-2.30486531194e-07
2.03974525691e-10	-3.43178513162e-07
2.05181475547e-10	-4.30672059792e-07
2.06388425403e-10	-4.66971307844e-07
2.07595375259e-10	-4.28161740729e-07
2.08802325115e-10	-3.07804448596e-07
2.10009274971e-10	-1.25764966441e-07
2.11216224828e-10	7.43670156567e-08
2.12423174684e-10	2.37010741699e-07
2.1363012454e-10	3.13820251563e-07
2.14837074396e-10	2.81947826863e-07
2.16044024252e-10	1.52822909882e-07
2.17250974108e-10	-2.95432989184e-08
2.18457923965e-10	-2.02828889684e-07
2.19664873821e-10	-3.08591083353e-07
2.20871823677e-10	-3.13409742603e-07
2.22078773533e-10	-2.20545619101e-07
2.23285723389e-10	-6.90023851391e-08
2.24492673245e-10	8.29958075599e-08
2.25699623102e-10	1.82713399965e-07
2.26906572958e-10	2.03457453551e-07
2.28113522814e-10	1.56174117194e-07
2.2932047267e-10	8.25828063711e-08
2.30527422526e-10	3.48580653231e-08
2.31734372382e-10	5.13417424131e-08
2.32941322238e-10	1.38845622999e-07
2.34148272095e-10	2.68546095583e-07
2.35355221951e-10	3.88858872213e-07
2.36562171807e-10	4.46586845726e-07
2.37769121663e-10	4.07735569752e-07
2.38976071519e-10	2.6970614897e-07
2.40183021375e-10	6.11845925036e-08
2.41389971232e-10	-1.68634112896e-07
2.42596921088e-10	-3.64529519459e-07
2.43803870944e-10	-4.81274440745e-07
2.450108208e-10	-4.93669254809e-07
2.46217770656e-10	-4.02916427333e-07
2.47424720512e-10	-2.36063343095e-07
2.48631670369e-10	-3.89034262582e-08
2.49838620225e-10	1.36692127839e-07
2.51045570081e-10	2.48396617053e-07
2.52252519937e-10	2.76273272704e-07
2.53459469793e-10	2.27661363539e-07
2.54666419649e-10	1.30424050226e-07
2.55873369505e-10	1.95017597626e-08
2.57080319362e-10	-7.90668419626e-08
2.58287269218e-10	-1.5607204773e-07
2.59494219074e-10	-2.17008107484e-07
2.6070116893e-10	-2.71184951828e-07
2.61908118786e-10	-3.20364527795e-07
2.63115068642e-10	-3.52523102265e-07
2.64322018499e-10	-3.45914408229e-07
2.65528968355e-10	-2.79894059929e-07
2.66735918211e-10	-1.46937427559e-07
2.67942868067e-10	4.10686498142e-08
2.69149817923e-10	2.53512240533e-07
2.70356767779e-10	4.48734752467e-07
2.71563717636e-10	5.84912015711e-07
2.72770667492e-10	6.28918414236e-07
2.73977617348e-10	5.64383583423e-07
2.75184567204e-10	3.94689088523e-07
2.7639151706e-10	1.44538191194e-07
2.77598466916e-10	-1.42749977172e-07
2.78805416772e-10	-4.11380341347e-07
2.80012366629e-10	-6.04253813208e-07
2.81219316485e-10	-6.75412834994e-07
2.82426266341e-10	-6.03272624744e-07
2.83633216197e-10	-3.97774321925e-07
2.84840166053e-10	-9.97906184352e-08
2.86047115909e-10	2.2811765632e-07
2.87254065766e-10	5.17856101112e-07
2.88461015622e-10	7.12839963057e-07
2.89667965478e-10	7.79671324835e-07
2.90874915334e-10	7.14070750973e-07
2.9208186519e-10	5.36499676684e-07
2.93288815046e-10	2.83486635055e-07
2.94495764903e-10	-7.21294357575e-10
2.95702714759e-10	-2.71685141939e-07
2.96909664615e-10	-4.88044797464e-07
2.98116614471e-10	-6.14464710225e-07
2.99323564327e-10	-6.25516562991e-07
3.00530514183e-10	-5.12019930454e-07
3.01737464039e-10	-2.85822203239e-07
3.02944413896e-10	1.75879668607e-08
3.04151363752e-10	3.44672258734e-07
3.05358313608e-10	6.34471717831e-07
3.06565263464e-10	8.32374738025e-07
3.0777221332e-10	9.02270784309e-07
3.08979163176e-10	8.33538194911e-07
3.10186113033e-10	6.41280919922e-07
3.11393062889e-10	3.61961291162e-07
3.12600012745e-10	4.52898012426e-08
3.13806962601e-10	-2.54281275147e-07
3.15013912457e-10	-4.86940294309e-07
3.16220862313e-10	-6.15394867509e-07
3.1742781217e-10	-6.20842996568e-07
3.18634762026e-10	-5.05817446594e-07
3.19841711882e-10	-2.91889719506e-07
3.21048661738e-10	-1.56745676438e-08
3.22255611594e-10	2.78286155009e-07
3.2346256145e-10	5.4336622668e-07
3.24669511307e-10	7.35885578251e-07
3.25876461163e-10	8.19874188096e-07
3.27083411019e-10	7.73398596721e-07
3.28290360875e-10	5.94394094833e-07
3.29497310731e-10	3.06342435863e-07
3.30704260587e-10	-4.23452259923e-08
3.31911210443e-10	-3.85534640657e-07
3.331181603e-10	-6.54039737924e-07
3.34325110156e-10	-7.92698742202e-07
3.35532060012e-10	-7.75088011551e-07
3.36739009868e-10	-6.08499306054e-07
3.37945959724e-10	-3.3072419825e-07
3.3915290958e-10	1.95912797096e-09
3.40359859437e-10	3.28764052426e-07
3.41566809293e-10	5.95394567426e-07
3.42773759149e-10	7.61946282068e-07
3.43980709005e-10	8.04494888484e-07
3.45187658861e-10	7.16613484997e-07
3.46394608717e-10	5.09595288634e-07
3.47601558574e-10	2.13254828907e-07
3.4880850843e-10	-1.25313272648e-07
3.50015458286e-10	-4.46379857522e-07
3.51222408142e-10	-6.88206014843e-07
3.52429357998e-10	-8.00333523898e-07
3.53636307854e-10	-7.57367047299e-07
3.5484325771e-10	-5.67231211335e-07
3.56050207567e-10	-2.71119628081e-07
3.57257157423e-10	6.6366453666e-08
3.58464107279e-10	3.73817705679e-07
3.59671057135e-10	5.91178121567e-07
3.60878006991e-10	6.83748893948e-07
3.62084956847e-10	6.4758745566e-07
3.63291906704e-10	5.0546064756e-07
3.6449885656e-10	2.95434141151e-07
3.65705806416e-10	5.8627256827e-08
3.66912756272e-10	-1.71413233829e-07
3.68119706128e-10	-3.70725743437e-07
3.69326655984e-10	-5.2278796403e-07
3.70533605841e-10	-6.13022308471e-07
3.71740555697e-10	-6.25510807595e-07
3.72947505553e-10	-5.45912982375e-07
3.74154455409e-10	-3.69316133231e-07
3.75361405265e-10	-1.09480529531e-07
3.76568355121e-10	1.953635973e-07
3.77775304977e-10	4.86389581056e-07
3.78982254834e-10	6.96994092664e-07
3.8018920469e-10	7.71513697373e-07
3.81396154546e-10	6.83743422769e-07
3.82603104402e-10	4.46931309739e-07
3.83810054258e-10	1.12279323616e-07
3.85017004114e-10	-2.43957384072e-07
3.86223953971e-10	-5.40633813273e-07
3.87430903827e-10	-7.12768922995e-07
3.88637853683e-10	-7.26305188437e-07
3.89844803539e-10	-5.8516587842e-07
3.91051753395e-10	-3.27185318838e-07
3.92258703251e-10	-1.33192703533e-08
3.93465653108e-10	2.87637888619e-07
3.94672602964e-10	5.14848601085e-07
3.9587955282e-10	6.27677678722e-07
3.97086502676e-10	6.13039361497e-07
3.98293452532e-10	4.85757944091e-07
3.99500402388e-10	2.82777421035e-07
4.00707352244e-10	5.26760288722e-08
4.01914302101e-10	-1.56953355201e-07
4.03121251957e-10	-3.10532257686e-07
4.04328201813e-10	-3.9079530012e-07
4.05535151669e-10	-3.99302443554e-07
4.06742101525e-10	-3.50594810072e-07
4.07949051381e-10	-2.64023260144e-07
4.09156001238e-10	-1.55837636129e-07
4.10362951094e-10	-3.61490508638e-08
4.1156990095e-10	8.93631622034e-08
4.12776850806e-10	2.13290700657e-07
4.13983800662e-10	3.2184021137e-07
4.15190750518e-10	3.929958865e-07
4.16397700375e-10	4.02270323718e-07
4.17604650231e-10	3.32378021994e-07
4.18811600087e-10	1.83354689653e-07
4.20018549943e-10	-2.16044888646e-08
4.21225499799e-10	-2.3881875677e-07
4.22432449655e-10	-4.15170319457e-07
4.23639399511e-10	-5.03432936227e-07
4.24846349368e-10	-4.77453632186e-07
4.26053299224e-10	-3.4097347168e-07
4.2726024908e-10	-1.26989686322e-07
4.28467198936e-10	1.11253340762e-07
4.29674148792e-10	3.15853029065e-07
4.30881098648e-10	4.40047365657e-07
4.32088048505e-10	4.60370060296e-07
4.33294998361e-10	3.80675068357e-07
4.34501948217e-10	2.28809589942e-07
4.35708898073e-10	4.59713795919e-08
4.36915847929e-10	-1.24943385416e-07
4.38122797785e-10	-2.50587920192e-07
4.39329747642e-10	-3.12714242057e-07
4.40536697498e-10	-3.08931511483e-07
4.41743647354e-10	-2.495052982e-07
4.4295059721e-10	-1.52105720019e-07
4.44157547066e-10	-3.73809898591e-08
4.45364496922e-10	7.45388302192e-08
4.46571446778e-10	1.66043683691e-07
4.47778396635e-10	2.24049195197e-07
4.48985346491e-10	2.4140806687e-07
4.50192296347e-10	2.18543057429e-07
4.51399246203e-10	1.62901656608e-07
4.52606196059e-10	8.74012648922e-08
4.53813145915e-10	6.34185737258e-09
4.55020095772e-10	-6.77462299592e-08
4.56227045628e-10	-1.26958916269e-07
4.57433995484e-10	-1.67184126099e-07
4.5864094534e-10	-1.86657768353e-07
4.59847895196e-10	-1.83141118271e-07
4.61054845052e-10	-1.53657520485e-07
4.62261794909e-10	-9.6119554982e-08
4.63468744765e-10	-1.30984305624e-08
4.64675694621e-10	8.49655439339e-08
4.65882644477e-10	1.79616375107e-07
4.67089594333e-10	2.47607292891e-07
4.68296544189e-10	2.68346536103e-07
4.69503494045e-10	2.30927746259e-07
4.70710443902e-10	1.39531083576e-07
4.71917393758e-10	1.35479329977e-08
4.73124343614e-10	-1.17332479732e-07
4.7433129347e-10	-2.21621355934e-07
4.75538243326e-10	-2.74707861792e-07
4.76745193182e-10	-2.65794792398e-07
4.77952143039e-10	-1.99583627847e-07
4.79159092895e-10	-9.41792155373e-08
4.80366042751e-10	2.50967406856e-08
4.81572992607e-10	1.32420954202e-07
4.82779942463e-10	2.07809581099e-07
4.83986892319e-10	2.40233578808e-07
4.85193842176e-10	2.28487397891e-07
4.86400792032e-10	1.7925165352e-07
4.87607741888e-10	1.04141504309e-07
4.88814691744e-10	1.72742378179e-08
4.900216416e-10	-6.72213662511e-08
4.91228591456e-10	-1.36054827848e-07
4.92435541312e-10	-1.78475573875e-07
4.93642491169e-10	-1.87569145993e-07
4.94849441025e-10	-1.62188605657e-07
4.96056390881e-10	-1.07942417671e-07
4.97263340737e-10	-3.66393155815e-08
4.98470290593e-10	3.67302410709e-08
4.99677240449e-10	9.80115082427e-08
5.00884190306e-10	1.38225670909e-07
5.02091140162e-10	1.55034921789e-07
5.03298090018e-10	1.51943218896e-07
5.04505039874e-10	1.34330266022e-07
5.0571198973e-10	1.05957195018e-07
5.06918939586e-10	6.71363142857e-08
5.08125889443e-10	1.63142261922e-08
5.09332839299e-10	-4.57753861483e-08
5.10539789155e-10	-1.12585899714e-07
5.11746739011e-10	-1.70468180016e-07
5.12953688867e-10	-2.02321118081e-07
5.14160638723e-10	-1.93762513589e-07
5.15367588579e-10	-1.40087225375e-07
5.16574538436e-10	-4.96895369295e-08
5.17781488292e-10	5.72717659963e-08
5.18988438148e-10	1.54960947185e-07
5.20195388004e-10	2.19960590186e-07
5.2140233786e-10	2.38095271499e-07
5.22609287716e-10	2.07491670068e-07
5.23816237573e-10	1.37784910592e-07
5.25023187429e-10	4.5626925349e-08
5.26230137285e-10	-4.96828516106e-08
5.27437087141e-10	-1.30894823869e-07
5.28644036997e-10	-1.84966665984e-07
5.29850986853e-10	-2.0449121152e-07
5.3105793671e-10	-1.88055309991e-07
5.32264886566e-10	-1.39985871783e-07
5.33471836422e-10	-6.98604498695e-08
5.34678786278e-10	9.41544597843e-09
5.35885736134e-10	8.35685050049e-08
5.3709268599e-10	1.4023429884e-07
5.38299635846e-10	1.71044710839e-07
5.39506585703e-10	1.73123552827e-07
5.40713535559e-10	1.48827968616e-07
5.41920485415e-10	1.04458470318e-07
5.43127435271e-10	4.82091735421e-08
5.44334385127e-10	-1.14274254503e-08
5.45541334983e-10	-6.69092319328e-08
5.4674828484e-10	-1.11871989006e-07
5.47955234696e-10	-1.4131681958e-07
5.49162184552e-10	-1.51361767564e-07
5.50369134408e-10	-1.39760713225e-07
5.51576084264e-10	-1.06397518351e-07
5.5278303412e-10	-5.41237623608e-08
5.53989983977e-10	1.05814901286e-08
5.55196933833e-10	7.81321567445e-08
5.56403883689e-10	1.36683436125e-07
5.57610833545e-10	1.74661767716e-07
5.58817783401e-10	1.83087202288e-07
5.60024733257e-10	1.5821759547e-07
5.61231683113e-10	1.02837013571e-07
5.6243863297e-10	2.62742068102e-08
5.63645582826e-10	-5.72144749356e-08
5.64852532682e-10	-1.31343295351e-07
5.66059482538e-10	-1.81221761153e-07
5.67266432394e-10	-1.96631770422e-07
5.6847338225e-10	-1.74331297842e-07
5.69680332107e-10	-1.18828307194e-07
5.70887281963e-10	-4.15690610822e-08
5.72094231819e-10	4.16183549845e-08
5.73301181675e-10	1.14075872304e-07
5.74508131531e-10	1.6207451381e-07
5.75715081387e-10	1.779154708e-07
5.76922031244e-10	1.61084638961e-07
5.781289811e-10	1.17884058071e-07
5.79335930956e-10	5.87975419464e-08
5.80542880812e-10	-4.27767066213e-09
5.81749830668e-10	-6.10173458426e-08
5.82956780524e-10	-1.03961914633e-07
5.8416373038e-10	-1.28875374372e-07
5.85370680237e-10	-1.33998184992e-07
5.86577630093e-10	-1.19338187332e-07
5.87784579949e-10	-8.65380354043e-08
5.88991529805e-10	-3.94675723214e-08
5.90198479661e-10	1.53164234629e-08
5.91405429517e-10	6.87079930728e-08
5.92612379374e-10	1.1058132543e-07
5.9381932923e-10	1.32448684909e-07
5.95026279086e-10	1.29948412919e-07
5.96233228942e-10	1.04523302014e-07
5.97440178798e-10	6.28357641475e-08
5.98647128654e-10	1.44330614127e-08
5.99854078511e-10	-3.15064450085e-08
6.01061028367e-10	-6.84260355044e-08
6.02267978223e-10	-9.34605850489e-08
6.03474928079e-10	-1.06004623746e-07
6.04681877935e-10	-1.05966966757e-07
6.05888827791e-10	-9.24956946591e-08
6.07095777647e-10	-6.43697433134e-08
6.08302727504e-10	-2.20571791942e-08
6.0950967736e-10	2.98842528501e-08
6.10716627216e-10	8.2125703571e-08
6.11923577072e-10	1.22087136845e-07
6.13130526928e-10	1.37984182302e-07
6.14337476784e-10	1.23568028698e-07
6.15544426641e-10	8.10686611175e-08
6.16751376497e-10	2.11759791924e-08
6.17958326353e-10	-4.05164914952e-08
6.19165276209e-10	-8.8778291385e-08
6.20372226065e-10	-1.13681620562e-07
6.21579175921e-10	-1.12914170458e-07
6.22786125778e-10	-9.11699800099e-08
6.23993075634e-10	-5.69329685618e-08
6.2520002549e-10	-1.90369915387e-08
6.26406975346e-10	1.59916682119e-08
6.27613925202e-10	4.42762049246e-08
6.28820875058e-10	6.39426733784e-08
6.30027824914e-10	7.36834682158e-08
6.31234774771e-10	7.23792519253e-08
6.32441724627e-10	5.96552158783e-08
6.33648674483e-10	3.70003867545e-08
6.34855624339e-10	8.34984303921e-09
6.36062574195e-10	-2.04193981723e-08
6.37269524051e-10	-4.33155511459e-08
6.38476473908e-10	-5.63415074595e-08
6.39683423764e-10	-5.85556394483e-08
6.4089037362e-10	-5.21778575902e-08
6.42097323476e-10	-4.06354017102e-08
6.43304273332e-10	-2.68208419918e-08
6.44511223188e-10	-1.18802330196e-08
6.45718173045e-10	4.5748518307e-09
6.46925122901e-10	2.286488332e-08
6.48132072757e-10	4.15128456055e-08
6.49339022613e-10	5.68551010716e-08
6.50545972469e-10	6.36873913606e-08
6.51752922325e-10	5.78901353521e-08
6.52959872181e-10	3.85395644287e-08
6.54166822038e-10	9.06400376977e-09
6.55373771894e-10	-2.35017343364e-08
6.5658072175e-10	-5.09225381862e-08
6.57787671606e-10	-6.65228458985e-08
6.58994621462e-10	-6.71916300377e-08
6.60201571318e-10	-5.38789279858e-08
6.61408521175e-10	-3.07919121312e-08
6.62615471031e-10	-3.59176349773e-09
6.63822420887e-10	2.19053974959e-08
6.65029370743e-10	4.10686062935e-08
6.66236320599e-10	5.08208728434e-08
6.67443270455e-10	5.01030781308e-08
6.68650220312e-10	3.99498132353e-08
6.69857170168e-10	2.33911428005e-08
6.71064120024e-10	4.68293165357e-09
6.7227106988e-10	-1.17533074384e-08
6.73478019736e-10	-2.29927432649e-08
6.74684969592e-10	-2.81495546872e-08
6.75891919448e-10	-2.85631296393e-08
6.77098869305e-10	-2.64610231504e-08
6.78305819161e-10	-2.34912240771e-08
6.79512769017e-10	-1.98110230443e-08
6.80719718873e-10	-1.39957450074e-08
6.81926668729e-10	-4.4572046054e-09
6.83133618585e-10	9.15581432892e-09
6.84340568442e-10	2.48950562387e-08
6.85547518298e-10	3.88670979845e-08
6.86754468154e-10	4.65922509463e-08
6.8796141801e-10	4.49754278264e-08
6.89168367866e-10	3.3516441178e-08
6.90375317722e-10	1.46436842652e-08
6.91582267579e-10	-7.2799893891e-09
6.92789217435e-10	-2.73224833869e-08
6.93996167291e-10	-4.14500975765e-08
6.95203117147e-10	-4.70391352536e-08
6.96410067003e-10	-4.33910365416e-08
6.97617016859e-10	-3.12447561157e-08
6.98823966715e-10	-1.28178141434e-08
7.00030916572e-10	8.57165816104e-09
7.01237866428e-10	2.88876420562e-08
7.02444816284e-10	4.40052003725e-08
7.0365176614e-10	5.0788414363e-08
7.04858715996e-10	4.78138106885e-08
7.06065665852e-10	3.59395624372e-08
7.07272615709e-10	1.78766410563e-08
7.08479565565e-10	-2.5706660689e-09
7.09686515421e-10	-2.15693898298e-08
7.10893465277e-10	-3.61222136647e-08
7.12100415133e-10	-4.43082770474e-08
7.13307364989e-10	-4.52048443123e-08
7.14514314846e-10	-3.87693388504e-08
7.15721264702e-10	-2.55699008633e-08
7.16928214558e-10	-7.26693327735e-09
7.18135164414e-10	1.35567488346e-08
7.1934211427e-10	3.32126699476e-08
7.20549064126e-10	4.7739197484e-08
7.21756013982e-10	5.37555600033e-08
7.22962963839e-10	4.95715362092e-08
7.24169913695e-10	3.58035605608e-08
7.25376863551e-10	1.51725709774e-08
7.26583813407e-10	-8.09333655649e-09
7.27790763263e-10	-2.95106983295e-08
7.28997713119e-10	-4.52121744487e-08
7.30204662976e-10	-5.26655838939e-08
7.31411612832e-10	-5.08524644616e-08
7.32618562688e-10	-4.01447284304e-08
7.33825512544e-10	-2.22262057648e-08
7.350324624e-10	1.01504443739e-10
7.36239412256e-10	2.31409922336e-08
7.37446362113e-10	4.26615081039e-08
7.38653311969e-10	5.48266871903e-08
7.39860261825e-10	5.68517171118e-08
7.41067211681e-10	4.81225299609e-08
7.42274161537e-10	3.02322504808e-08
7.43481111393e-10	6.82395995266e-09
7.44688061249e-10	-1.74347067894e-08
7.45895011106e-10	-3.80242317632e-08
7.47101960962e-10	-5.14700193577e-08
7.48308910818e-10	-5.5959152867e-08
7.49515860674e-10	-5.1230438558e-08
7.5072281053e-10	-3.82879585814e-08
7.51929760386e-10	-1.9037520449e-08
7.53136710243e-10	3.93062177251e-09
7.54343660099e-10	2.73010045682e-08
7.55550609955e-10	4.72801353624e-08
7.56757559811e-10	5.99175411509e-08
7.57964509667e-10	6.19788957934e-08
7.59171459523e-10	5.20110754465e-08
7.6037840938e-10	3.10561172334e-08
7.61585359236e-10	2.97729263465e-09
7.62792309092e-10	-2.64280131113e-08
7.63999258948e-10	-5.06910247111e-08
7.65206208804e-10	-6.45291891033e-08
7.6641315866e-10	-6.5190040921e-08
7.67620108516e-10	-5.30606980575e-08
7.68827058373e-10	-3.13695927012e-08
7.70034008229e-10	-5.00134322845e-09
7.71240958085e-10	2.07303014754e-08
7.72447907941e-10	4.13295033752e-08
7.73654857797e-10	5.37814903723e-08
7.74861807653e-10	5.66751703346e-08
7.7606875751e-10	5.01972765576e-08
7.77275707366e-10	3.57191263234e-08
7.78482657222e-10	1.56953945396e-08
7.79689607078e-10	-6.69043709323e-09
7.80896556934e-10	-2.79082890131e-08
7.8210350679e-10	-4.44659979948e-08
7.83310456647e-10	-5.36244231242e-08
7.84517406503e-10	-5.37693161107e-08
7.85724356359e-10	-4.48374608553e-08
7.86931306215e-10	-2.828224277e-08
7.88138256071e-10	-6.86464673993e-09
7.89345205927e-10	1.57803723422e-08
7.90552155783e-10	3.57505154369e-08
7.9175910564e-10	4.94815983743e-08
7.92966055496e-10	5.44906564315e-08
7.94173005352e-10	4.98248340364e-08
7.95379955208e-10	3.63635646039e-08
7.96586905064e-10	1.66786511269e-08
7.9779385492e-10	-5.61391100273e-09
7.99000804777e-10	-2.655925746e-08
8.00207754633e-10	-4.28013873233e-08
8.01414704489e-10	-5.19947098709e-08
8.02621654345e-10	-5.29807637761e-08
8.03828604201e-10	-4.5702994278e-08
8.05035554057e-10	-3.09285677069e-08
8.06242503914e-10	-1.03777211269e-08
8.0744945377e-10	1.3229286111e-08
8.08656403626e-10	3.60975214164e-08
8.09863353482e-10	5.36577964283e-08
8.11070303338e-10	6.16434610023e-08
8.12277253194e-10	5.73128362547e-08
8.1348420305e-10	4.07037861194e-08
8.14691152907e-10	1.50989014625e-08
8.15898102763e-10	-1.36551567831e-08
8.17105052619e-10	-3.88192189504e-08
8.18312002475e-10	-5.47820908636e-08
8.19518952331e-10	-5.87096717908e-08
8.20725902187e-10	-5.10991684521e-08
8.21932852044e-10	-3.5053243419e-08
8.231398019e-10	-1.48930585642e-08
8.24346751756e-10	5.36168576204e-09
8.25553701612e-10	2.29451591061e-08
8.26760651468e-10	3.62732466286e-08
8.27967601324e-10	4.45252190673e-08
8.29174551181e-10	4.69843595141e-08
8.30381501037e-10	4.28901980598e-08
8.31588450893e-10	3.19476196609e-08
8.32795400749e-10	1.4886406996e-08
8.34002350605e-10	-5.90686355384e-09
8.35209300461e-10	-2.66940882732e-08
8.36416250317e-10	-4.31973887771e-08
8.37623200174e-10	-5.18506251268e-08
8.3883015003e-10	-5.09077109356e-08
8.40037099886e-10	-4.07884739317e-08
8.41244049742e-10	-2.37929072e-08
8.42450999598e-10	-3.24168203392e-09
8.43657949454e-10	1.74685534926e-08
8.44864899311e-10	3.53594225011e-08
8.46071849167e-10	4.81179229794e-08
8.47278799023e-10	5.39071569605e-08
8.48485748879e-10	5.14290849907e-08
8.49692698735e-10	4.01936564032e-08
8.50899648591e-10	2.10379886845e-08
8.52106598448e-10	-3.3927596288e-09
8.53313548304e-10	-2.87693207035e-08
8.5452049816e-10	-4.9767938215e-08
8.55727448016e-10	-6.15328383802e-08
8.56934397872e-10	-6.10236030596e-08
8.58141347728e-10	-4.81249999851e-08
8.59348297584e-10	-2.56740455562e-08
8.60555247441e-10	1.37310642023e-09
8.61762197297e-10	2.72903681875e-08
8.62969147153e-10	4.71807100055e-08
8.64176097009e-10	5.78889904901e-08
8.65383046865e-10	5.83496087003e-08
8.66589996721e-10	4.9385804779e-08
8.67796946578e-10	3.2997416799e-08
8.69003896434e-10	1.19892584749e-08
8.7021084629e-10	-1.05472668377e-08
8.71417796146e-10	-3.13688324205e-08
8.72624746002e-10	-4.73515191501e-08
8.73831695858e-10	-5.59122899091e-08
8.75038645715e-10	-5.54037224987e-08
8.76245595571e-10	-4.56576119134e-08
8.77452545427e-10	-2.80779568484e-08
8.78659495283e-10	-5.482094112e-09
8.79866445139e-10	1.8403643276e-08
8.81073394995e-10	3.96589072693e-08
8.82280344851e-10	5.48105401066e-08
8.83487294708e-10	6.1294663567e-08
8.84694244564e-10	5.78046597255e-08
8.8590119442e-10	4.44829533208e-08
8.87108144276e-10	2.30164776127e-08
8.88315094132e-10	-3.37760558411e-09
8.89522043988e-10	-3.02175253708e-08
8.90728993845e-10	-5.25638341742e-08
8.91935943701e-10	-6.58423280342e-08
8.93142893557e-10	-6.71236985994e-08
8.94349843413e-10	-5.58870683065e-08
8.95556793269e-10	-3.42141084353e-08
8.96763743125e-10	-6.45286224454e-09
8.97970692982e-10	2.20251639149e-08
8.99177642838e-10	4.59907569805e-08
9.00384592694e-10	6.14711161973e-08
9.0159154255e-10	6.63716903659e-08
9.02798492406e-10	6.04285359529e-08
9.04005442262e-10	4.49556418758e-08
9.05212392118e-10	2.2407257827e-08
9.06419341975e-10	-3.96138866154e-09
9.07626291831e-10	-3.02768956573e-08
9.08833241687e-10	-5.23998187063e-08
9.10040191543e-10	-6.6358762929e-08
9.11247141399e-10	-6.92377666311e-08
9.12454091255e-10	-5.98759450909e-08
9.13661041112e-10	-3.95719066404e-08
9.14867990968e-10	-1.19339229609e-08
9.16074940824e-10	1.77976522409e-08
9.1728189068e-10	4.39640324146e-08
9.18488840536e-10	6.1922468042e-08
9.19695790392e-10	6.88657637582e-08
9.20902740249e-10	6.42509485616e-08
9.22109690105e-10	4.94386505068e-08
9.23316639961e-10	2.70856448381e-08
9.24523589817e-10	5.90274995549e-10
9.25730539673e-10	-2.63452597515e-08
9.26937489529e-10	-4.98219892009e-08
9.28144439385e-10	-6.60275922826e-08
9.29351389242e-10	-7.17365233882e-08
9.30558339098e-10	-6.50725953122e-08
9.31765288954e-10	-4.64090490482e-08
9.3297223881e-10	-1.86673707603e-08
9.34179188666e-10	1.29180723896e-08
9.35386138522e-10	4.20605319462e-08
9.36593088379e-10	6.29560448218e-08
9.37800038235e-10	7.18161539126e-08
9.39006988091e-10	6.767212124e-08
9.40213937947e-10	5.21963867683e-08
9.41420887803e-10	2.8970231547e-08
9.42627837659e-10	2.22972579289e-09
9.43834787516e-10	-2.3949541017e-08
9.45041737372e-10	-4.60959537207e-08
9.46248687228e-10	-6.14452027037e-08
9.47455637084e-10	-6.77689007134e-08
9.4866258694e-10	-6.36669152954e-08
9.49869536796e-10	-4.89684692795e-08
9.51076486652e-10	-2.52559368974e-08
9.52283436509e-10	3.85032866701e-09
9.53490386365e-10	3.31821050636e-08
9.54697336221e-10	5.69920448612e-08
9.55904286077e-10	7.04520184414e-08
9.57111235933e-10	7.08562533092e-08
9.58318185789e-10	5.83471164717e-08
9.59525135646e-10	3.57320262268e-08
9.60732085502e-10	7.64642793527e-09
9.61939035358e-10	-2.06172590111e-08
9.63145985214e-10	-4.42870256023e-08
9.6435293507e-10	-5.98291389764e-08
9.65559884926e-10	-6.53123892747e-08
9.66766834783e-10	-6.04043659536e-08
9.67973784639e-10	-4.6155447464e-08
9.69180734495e-10	-2.48578735373e-08
9.70387684351e-10	3.0867836065e-10
9.71594634207e-10	2.54895367036e-08
9.72801584063e-10	4.66838336877e-08
9.7400853392e-10	6.03509926478e-08
9.75215483776e-10	6.39836228444e-08
9.76422433632e-10	5.68081173213e-08
9.77629383488e-10	3.98923400979e-08
9.78836333344e-10	1.61547826227e-08
9.800432832e-10	-1.02015351722e-08
9.81250233056e-10	-3.45295871895e-08
9.82457182913e-10	-5.25728953704e-08
9.83664132769e-10	-6.13430568563e-08
9.84871082625e-10	-5.95912075241e-08
9.86078032481e-10	-4.79134953935e-08
9.87284982337e-10	-2.85681891476e-08
9.88491932193e-10	-4.92076246417e-09
9.8969888205e-10	1.91363969115e-08
9.90905831906e-10	3.97846937616e-08
9.92112781762e-10	5.38072884027e-08
9.93319731618e-10	5.89998396805e-08
9.94526681474e-10	5.44631797439e-08
9.9573363133e-10	4.0824745362e-08
9.96940581187e-10	2.02487262513e-08
9.98147531043e-10	-3.83945020221e-09
9.99354480899e-10	-2.71807452101e-08
1.00056143075e-09	-4.55753816908e-08
1.00176838061e-09	-5.56506716265e-08
1.00297533047e-09	-5.56242447658e-08
1.00418228032e-09	-4.57647146845e-08
1.00538923018e-09	-2.81674430447e-08
1.00659618004e-09	-6.37064112574e-09
1.00780312989e-09	1.55558657067e-08
1.00901007975e-09	3.38656911403e-08
1.0102170296e-09	4.57207169902e-08
1.01142397946e-09	4.96905077085e-08
1.01263092932e-09	4.56625688372e-08
1.01383787917e-09	3.46887953917e-08
1.01504482903e-09	1.87364896931e-08
1.01625177889e-09	2.57832255546e-10
1.01745872874e-09	-1.79760593078e-08
1.0186656786e-09	-3.32291301142e-08
1.01987262845e-09	-4.31128048817e-08
1.02107957831e-09	-4.59213138626e-08
1.02228652817e-09	-4.10164044951e-08
1.02349347802e-09	-2.90861428276e-08
1.02470042788e-09	-1.21108092443e-08
1.02590737773e-09	6.89627110972e-09
1.02711432759e-09	2.44440361286e-08
1.02832127745e-09	3.73634954087e-08
1.0295282273e-09	4.34036566688e-08
1.03073517716e-09	4.17217798088e-08
1.03194212702e-09	3.29954596978e-08
1.03314907687e-09	1.90643452136e-08
1.03435602673e-09	2.56413895672e-09
1.03556297658e-09	-1.37039992687e-08
1.03676992644e-09	-2.72178168892e-08
1.0379768763e-09	-3.59592884358e-08
1.03918382615e-09	-3.87190022266e-08
1.04039077601e-09	-3.50672171301e-08
1.04159772586e-09	-2.55551810824e-08
1.04280467572e-09	-1.16944871564e-08
1.04401162558e-09	4.16200879316e-09
1.04521857543e-09	1.91163018748e-08
1.04642552529e-09	3.03497236231e-08
1.04763247515e-09	3.57295104614e-08
1.048839425e-09	3.43788899571e-08
1.05004637486e-09	2.68710826923e-08
1.05125332471e-09	1.50211834082e-08
1.05246027457e-09	1.35441896587e-09
1.05366722443e-09	-1.15810214751e-08
1.05487417428e-09	-2.17115330159e-08
1.05608112414e-09	-2.77573231067e-08
1.05728807399e-09	-2.9188099937e-08
1.05849502385e-09	-2.60847463629e-08
1.05970197371e-09	-1.90537834399e-08
1.06090892356e-09	-9.09094599599e-09
1.06211587342e-09	2.28734564622e-09
1.06332282328e-09	1.32353077387e-08
1.06452977313e-09	2.17785971479e-08
1.06573672299e-09	2.6245582152e-08
1.06694367284e-09	2.5793557068e-08
1.0681506227e-09	2.06132924063e-08
1.06935757256e-09	1.19621448302e-08
1.07056452241e-09	1.7552462539e-09
1.07177147227e-09	-7.99846211486e-09
1.07297842212e-09	-1.56537380835e-08
1.07418537198e-09	-2.02511958314e-08
1.07539232184e-09	-2.14682183142e-08
1.07659927169e-09	-1.94742155735e-08
1.07780622155e-09	-1.47197047884e-08
1.07901317141e-09	-7.85815346127e-09
1.08022012126e-09	2.08391266049e-10
1.08142707112e-09	8.34291102869e-09
1.08263402097e-09	1.51650714209e-08
1.08384097083e-09	1.94076377191e-08
1.08504792069e-09	2.01349195095e-08
1.08625487054e-09	1.71342353639e-08
1.0874618204e-09	1.09904836343e-08
1.08866877025e-09	2.9259524803e-09
1.08987572011e-09	-5.42485267818e-09
1.09108266997e-09	-1.25286412356e-08
1.09228961982e-09	-1.71460781129e-08
1.09349656968e-09	-1.85759390092e-08
1.09470351954e-09	-1.67267766304e-08
1.09591046939e-09	-1.19955938516e-08
1.09711741925e-09	-5.30218602357e-09
1.0983243691e-09	2.13403128502e-09
1.09953131896e-09	8.9548561899e-09
1.10073826882e-09	1.38832012553e-08
1.10194521867e-09	1.60789661585e-08
1.10315216853e-09	1.52342174431e-08
1.10435911838e-09	1.17104304032e-08
1.10556606824e-09	6.34370089792e-09
1.1067730181e-09	2.49565368371e-10
1.10797996795e-09	-5.48859757643e-09
1.10918691781e-09	-9.97698101912e-09
1.11039386767e-09	-1.26276915591e-08
1.11160081752e-09	-1.31567792216e-08
1.11280776738e-09	-1.15450788929e-08
1.11401471723e-09	-8.08394051699e-09
1.11522166709e-09	-3.34549837833e-09
1.11642861695e-09	1.85553297727e-09
1.1176355668e-09	6.53826481845e-09
1.11884251666e-09	9.88387061085e-09
1.12004946651e-09	1.13291034332e-08
1.12125641637e-09	1.0808082207e-08
1.12246336623e-09	8.67200822263e-09
1.12367031608e-09	5.46796707912e-09
1.12487726594e-09	1.8087015774e-09
1.1260842158e-09	-1.92002014288e-09
1.12729116565e-09	-5.417165716e-09
1.12849811551e-09	-8.42835368164e-09
1.12970506536e-09	-1.05565955977e-08
1.13091201522e-09	-1.12354776594e-08
1.13211896508e-09	-9.95467641651e-09
1.13332591493e-09	-6.51759446413e-09
1.13453286479e-09	-1.33412239589e-09
1.13573981464e-09	4.53011983481e-09
1.1369467645e-09	9.6567482899e-09
1.13815371436e-09	1.27044832432e-08
1.13936066421e-09	1.29482831124e-08
1.14056761407e-09	1.04846726856e-08
1.14177456393e-09	6.18891871085e-09
1.14298151378e-09	1.26835815462e-09
1.14418846364e-09	-3.18761567142e-09
1.14539541349e-09	-6.5315736153e-09
1.14660236335e-09	-8.64166393999e-09
1.14780931321e-09	-9.60726964649e-09
1.14901626306e-09	-9.53950185512e-09
1.15022321292e-09	-8.33101398978e-09
1.15143016277e-09	-5.80016745744e-09
1.15263711263e-09	-1.96493277205e-09
1.15384406249e-09	2.72874295382e-09
1.15505101234e-09	7.31139393473e-09
1.1562579622e-09	1.06285527046e-08
1.15746491206e-09	1.17417715551e-08
1.15867186191e-09	1.03567707743e-08
1.15987881177e-09	7.00564739553e-09
1.16108576162e-09	2.71321082268e-09
1.16229271148e-09	-1.34317432177e-09
1.16349966134e-09	-4.4249121034e-09
1.16470661119e-09	-6.37110653123e-09
1.16591356105e-09	-7.45641448585e-09
1.1671205109e-09	-8.07401501213e-09
1.16832746076e-09	-8.28033563938e-09
1.16953441062e-09	-7.74604247411e-09
1.17074136047e-09	-5.92349014283e-09
1.17194831033e-09	-2.48019255134e-09
1.17315526019e-09	2.30529323408e-09
1.17436221004e-09	7.46946271502e-09
1.1755691599e-09	1.16206484435e-08
1.17677610975e-09	1.34845310473e-08
1.17798305961e-09	1.24141372737e-08
1.17919000947e-09	8.6725352455e-09
1.18039695932e-09	3.28839633301e-09
1.18160390918e-09	-2.37128933156e-09
1.18281085903e-09	-7.07409286704e-09
1.18401780889e-09	-1.01446411271e-08
1.18522475875e-09	-1.14130627171e-08
1.1864317086e-09	-1.11141986725e-08
1.18763865846e-09	-9.53997658648e-09
1.18884560832e-09	-6.8614297577e-09
1.19005255817e-09	-3.20541965193e-09
1.19125950803e-09	1.24952798108e-09
1.19246645788e-09	5.99973315474e-09
1.19367340774e-09	1.02259902768e-08
1.1948803576e-09	1.29762507406e-08
1.19608730745e-09	1.34365385485e-08
1.19729425731e-09	1.1350229201e-08
1.19850120716e-09	7.06958691588e-09
1.19970815702e-09	1.51523948944e-09
1.20091510688e-09	-4.12707856778e-09
1.20212205673e-09	-8.82155581916e-09
1.20332900659e-09	-1.1856410298e-08
1.20453595645e-09	-1.29889246026e-08
1.2057429063e-09	-1.22975509775e-08
1.20694985616e-09	-1.0018726071e-08
1.20815680601e-09	-6.44158626439e-09
1.20936375587e-09	-1.87594251244e-09
1.21057070573e-09	3.25621296593e-09
1.21177765558e-09	8.33864244321e-09
1.21298460544e-09	1.25588763833e-08
1.21419155529e-09	1.50443875135e-08
1.21539850515e-09	1.50843888491e-08
1.21660545501e-09	1.23759955617e-08
1.21781240486e-09	7.18974435543e-09
1.21901935472e-09	3.55760081117e-10
1.22022630458e-09	-6.84471579415e-09
1.22143325443e-09	-1.30169517387e-08
1.22264020429e-09	-1.6912718781e-08
1.22384715414e-09	-1.77404619883e-08
1.225054104e-09	-1.53626331656e-08
1.22626105386e-09	-1.02424100312e-08
1.22746800371e-09	-3.42306966106e-09
1.22867495357e-09	3.81605613775e-09
1.22988190342e-09	1.02154411596e-08
1.23108885328e-09	1.47354815017e-08
1.23229580314e-09	1.68127523015e-08
1.23350275299e-09	1.62514488533e-08
1.23470970285e-09	1.32367834471e-08
1.23591665271e-09	8.23293666574e-09
1.23712360256e-09	1.86638271504e-09
1.23833055242e-09	-4.99530605769e-09
1.23953750227e-09	-1.13485545405e-08
1.24074445213e-09	-1.61034259261e-08
1.24195140199e-09	-1.82813921779e-08
1.24315835184e-09	-1.73025442862e-08
1.2443653017e-09	-1.31955188998e-08
1.24557225156e-09	-6.67303645674e-09
1.24677920141e-09	1.00686413373e-09
1.24798615127e-09	8.37187641434e-09
1.24919310112e-09	1.41314731028e-08
1.25040005098e-09	1.7420328069e-08
1.25160700084e-09	1.79174448611e-08
1.25281395069e-09	1.57429835834e-08
1.25402090055e-09	1.12600533342e-08
1.2552278504e-09	5.03174402144e-09
1.25643480026e-09	-2.25559562694e-09
1.25764175012e-09	-9.66067537078e-09
1.25884869997e-09	-1.59781601283e-08
1.26005564983e-09	-1.99320693284e-08
1.26126259969e-09	-2.0416146107e-08
1.26246954954e-09	-1.69910969738e-08
1.2636764994e-09	-1.00921231372e-08
1.26488344925e-09	-1.05016165208e-09
1.26609039911e-09	8.20403611712e-09
1.26729734897e-09	1.57440833704e-08
1.26850429882e-09	2.01039722647e-08
1.26971124868e-09	2.0655608779e-08
1.27091819853e-09	1.76195651402e-08
1.27212514839e-09	1.18096987745e-08
1.27333209825e-09	4.37910396833e-09
1.2745390481e-09	-3.50521150994e-09
1.27574599796e-09	-1.07226969526e-08
1.27695294782e-09	-1.62700040107e-08
1.27815989767e-09	-1.92748341732e-08
1.27936684753e-09	-1.91180382636e-08
1.28057379738e-09	-1.56497874659e-08
1.28178074724e-09	-9.31467591947e-09
1.2829876971e-09	-1.22862839347e-09
1.28419464695e-09	7.07766178998e-09
1.28540159681e-09	1.39892279982e-08
1.28660854666e-09	1.82304615848e-08
1.28781549652e-09	1.91700579855e-08
1.28902244638e-09	1.68525047251e-08
1.29022939623e-09	1.19078564786e-08
1.29143634609e-09	5.2678422735e-09
1.29264329595e-09	-2.02061833932e-09
1.2938502458e-09	-8.93094265209e-09
1.29505719566e-09	-1.45213874259e-08
1.29626414551e-09	-1.79096315556e-08
1.29747109537e-09	-1.84547936932e-08
1.29867804523e-09	-1.58372035486e-08
1.29988499508e-09	-1.02969024418e-08
1.30109194494e-09	-2.70327915608e-09
1.30229889479e-09	5.59264035083e-09
1.30350584465e-09	1.29511299463e-08
1.30471279451e-09	1.7924622453e-08
1.30591974436e-09	1.95404230574e-08
1.30712669422e-09	1.7542090669e-08
1.30833364408e-09	1.24231762655e-08
1.30954059393e-09	5.21090171013e-09
1.31074754379e-09	-2.71659328366e-09
1.31195449364e-09	-9.97482030307e-09
1.3131614435e-09	-1.5353107008e-08
1.31436839336e-09	-1.79960182312e-08
1.31557534321e-09	-1.75236494204e-08
1.31678229307e-09	-1.40303295648e-08
1.31798924292e-09	-8.13842893077e-09
1.31919619278e-09	-8.47734951681e-10
1.32040314264e-09	6.5570919805e-09
1.32161009249e-09	1.27619812496e-08
1.32281704235e-09	1.66521423317e-08
1.32402399221e-09	1.75146492865e-08
1.32523094206e-09	1.52218599947e-08
1.32643789192e-09	1.02198445262e-08
1.32764484177e-09	3.48167877862e-09
1.32885179163e-09	-3.71631164731e-09
1.33005874149e-09	-1.00540313852e-08
1.33126569134e-09	-1.44112837219e-08
1.3324726412e-09	-1.61215896188e-08
1.33367959105e-09	-1.50046530756e-08
1.33488654091e-09	-1.14090170644e-08
1.33609349077e-09	-6.04424965633e-09
1.33730044062e-09	1.79923884819e-10
1.33850739048e-09	6.25974960755e-09
1.33971434034e-09	1.13057174733e-08
1.34092129019e-09	1.45144969377e-08
1.34212824005e-09	1.53407990755e-08
1.3433351899e-09	1.35388327216e-08
1.34454213976e-09	9.26178622684e-09
1.34574908962e-09	3.17496362534e-09
1.34695603947e-09	-3.66165042731e-09
1.34816298933e-09	-9.9044241697e-09
1.34936993918e-09	-1.42669787095e-08
1.35057688904e-09	-1.58576498599e-08
1.3517838389e-09	-1.43787699525e-08
1.35299078875e-09	-1.02517532241e-08
1.35419773861e-09	-4.41793096551e-09
1.35540468847e-09	1.91776675096e-09
1.35661163832e-09	7.60381690945e-09
1.35781858818e-09	1.17653291554e-08
1.35902553803e-09	1.3882587746e-08
1.36023248789e-09	1.3767306184e-08
1.36143943775e-09	1.1465336458e-08
1.3626463876e-09	7.2818352459e-09
1.36385333746e-09	1.72766367879e-09
1.36506028731e-09	-4.37136549181e-09
1.36626723717e-09	-9.95096849365e-09
1.36747418703e-09	-1.38979481257e-08
1.36868113688e-09	-1.52568202516e-08
1.36988808674e-09	-1.36269699968e-08
1.3710950366e-09	-9.27204180101e-09
1.37230198645e-09	-3.12128589641e-09
1.37350893631e-09	3.45180600769e-09
1.37471588616e-09	9.09308717212e-09
1.37592283602e-09	1.27354615742e-08
1.37712978588e-09	1.39024030066e-08
1.37833673573e-09	1.2660571258e-08
1.37954368559e-09	9.46089140363e-09
1.38075063544e-09	4.96175556197e-09
1.3819575853e-09	-1.84172149753e-10
1.38316453516e-09	-5.31343113952e-09
1.38437148501e-09	-9.76401781649e-09
1.38557843487e-09	-1.28351775874e-08
1.38678538473e-09	-1.38694042917e-08
1.38799233458e-09	-1.24476191576e-08
1.38919928444e-09	-8.58225890354e-09
1.39040623429e-09	-2.8854706402e-09
1.39161318415e-09	3.53498186279e-09
1.39282013401e-09	9.30252164189e-09
1.39402708386e-09	1.31716193508e-08
1.39523403372e-09	1.43946676801e-08
1.39644098357e-09	1.28552011258e-08
1.39764793343e-09	9.09061403931e-09
1.39885488329e-09	3.97619831505e-09
1.40006183314e-09	-1.49510212544e-09
1.401268783e-09	-6.47485520755e-09
1.40247573286e-09	-1.03406339047e-08
1.40368268271e-09	-1.26314374516e-08
1.40488963257e-09	-1.30498816198e-08
1.40609658242e-09	-1.14075699997e-08
1.40730353228e-09	-7.7599211501e-09
1.40851048214e-09	-2.52578374882e-09
1.40971743199e-09	3.47984813187e-09
1.41092438185e-09	9.09256803183e-09
1.4121313317e-09	1.31213686583e-08
1.41333828156e-09	1.46336842644e-08
1.41454523142e-09	1.32813640086e-08
1.41575218127e-09	9.40177646847e-09
1.41695913113e-09	3.87115056677e-09
1.41816608099e-09	-2.11358833213e-09
1.41937303084e-09	-7.43486749943e-09
1.4205799807e-09	-1.12340812208e-08
1.42178693055e-09	-1.30415522825e-08
1.42299388041e-09	-1.27485739743e-08
1.42420083027e-09	-1.04860129468e-08
1.42540778012e-09	-6.60523391538e-09
1.42661472998e-09	-1.61304850033e-09
1.42782167983e-09	3.77717485067e-09
1.42902862969e-09	8.70707395073e-09
1.43023557955e-09	1.22799181934e-08
1.4314425294e-09	1.3741062066e-08
1.43264947926e-09	1.27284707219e-08
1.43385642912e-09	9.35935506874e-09
1.43506337897e-09	4.2751789886e-09
1.43627032883e-09	-1.53198151387e-09
1.43747727868e-09	-6.96520552346e-09
1.43868422854e-09	-1.10418214572e-08
1.4398911784e-09	-1.3118808484e-08
1.44109812825e-09	-1.29215096401e-08
1.44230507811e-09	-1.05742563594e-08
1.44351202796e-09	-6.50670450852e-09
1.44471897782e-09	-1.38181621701e-09
1.44592592768e-09	3.97148547382e-09
1.44713287753e-09	8.69963068251e-09
1.44833982739e-09	1.19834160373e-08
1.44954677725e-09	1.32380695295e-08
1.4507537271e-09	1.21984575774e-08
1.45196067696e-09	9.00119623282e-09
1.45316762681e-09	4.21294593655e-09
1.45437457667e-09	-1.33120395263e-09
1.45558152653e-09	-6.61856336404e-09
1.45678847638e-09	-1.07069277888e-08
1.45799542624e-09	-1.28785315745e-08
1.4592023761e-09	-1.27468986477e-08
1.46040932595e-09	-1.03721644606e-08
1.46161627581e-09	-6.185778334e-09
1.46282322566e-09	-9.62501495172e-10
1.46403017552e-09	4.34546831851e-09
1.46523712538e-09	8.79255857011e-09
1.46644407523e-09	1.16004024164e-08
1.46765102509e-09	1.23331003188e-08
1.46885797494e-09	1.09355777766e-08
1.4700649248e-09	7.73799768705e-09
1.47127187466e-09	3.34430894089e-09
1.47247882451e-09	-1.48981141312e-09
1.47368577437e-09	-5.98666460849e-09
1.47489272423e-09	-9.46437728189e-09
1.47609967408e-09	-1.1377290221e-08
1.47730662394e-09	-1.14253349004e-08
1.47851357379e-09	-9.54963885746e-09
1.47972052365e-09	-6.01391203503e-09
1.48092747351e-09	-1.38992434229e-09
1.48213442336e-09	3.5365883555e-09
1.48334137322e-09	7.84356701811e-09
1.48454832307e-09	1.07358919532e-08
1.48575527293e-09	1.16713996245e-08
1.48696222279e-09	1.04957014191e-08
1.48816917264e-09	7.49189665861e-09
1.4893761225e-09	3.23747978426e-09
1.49058307236e-09	-1.47333806266e-09
1.49179002221e-09	-5.83479065064e-09
1.49299697207e-09	-9.14733233603e-09
1.49420392192e-09	-1.08879703031e-08
1.49541087178e-09	-1.07983695319e-08
1.49661782164e-09	-8.87366646829e-09
1.49782477149e-09	-5.41138744925e-09
1.49903172135e-09	-9.69912095083e-10
1.5002386712e-09	3.68899183423e-09
1.50144562106e-09	7.71038088931e-09
1.50265257092e-09	1.03398345441e-08
1.50385952077e-09	1.10550915089e-08
1.50506647063e-09	9.72811586841e-09
1.50627342049e-09	6.62787835726e-09
1.50748037034e-09	2.37701025529e-09
1.5086873202e-09	-2.19613158214e-09
1.50989427005e-09	-6.2520318922e-09
1.51110121991e-09	-9.07674457817e-09
1.51230816977e-09	-1.02471418018e-08
1.51351511962e-09	-9.6258208071e-09
1.51472206948e-09	-7.40175820635e-09
1.51592901933e-09	-3.99955091268e-09
1.51713596919e-09	3.16222048546e-12
1.51834291905e-09	3.93534077547e-09
1.5195498689e-09	7.18201065286e-09
1.52075681876e-09	9.21026210854e-09
1.52196376862e-09	9.6803416394e-09
1.52317071847e-09	8.50659076512e-09
1.52437766833e-09	5.8405480452e-09
1.52558461818e-09	2.13614834155e-09
1.52679156804e-09	-1.98563859799e-09
1.5279985179e-09	-5.78674463902e-09
1.52920546775e-09	-8.56273962846e-09
1.53041241761e-09	-9.81194570038e-09
1.53161936746e-09	-9.2903797988e-09
1.53282631732e-09	-7.11994263547e-09
1.53403326718e-09	-3.71419534018e-09
1.53524021703e-09	2.93270793067e-10
1.53644716689e-09	4.18631274091e-09
1.53765411675e-09	7.30974880625e-09
1.5388610666e-09	9.16295095355e-09
1.54006801646e-09	9.47172495991e-09
1.54127496631e-09	8.19622603121e-09
1.54248191617e-09	5.53839007988e-09
1.54368886603e-09	1.90185514559e-09
1.54489581588e-09	-2.1388668614e-09
1.54610276574e-09	-5.89864257439e-09
1.54730971559e-09	-8.71134675506e-09
1.54851666545e-09	-1.00056136709e-08
1.54972361531e-09	-9.49611833612e-09
1.55093056516e-09	-7.22773030315e-09
1.55213751502e-09	-3.60235030694e-09
1.55334446488e-09	6.68112343227e-10
1.55455141473e-09	4.78315675956e-09
1.55575836459e-09	7.96584609386e-09
1.55696531444e-09	9.67845359412e-09
1.5581722643e-09	9.69486491087e-09
1.55937921416e-09	8.08003219888e-09
1.56058616401e-09	5.18118381532e-09
1.56179311387e-09	1.48048381887e-09
1.56300006372e-09	-2.44419512407e-09
1.56420701358e-09	-6.00298377673e-09
1.56541396344e-09	-8.64992788507e-09
1.56662091329e-09	-9.91948301277e-09
1.56782786315e-09	-9.5418379864e-09
1.56903481301e-09	-7.48559747521e-09
1.57024176286e-09	-4.04282990418e-09
1.57144871272e-09	2.03672748805e-10
1.57265566257e-09	4.48060744063e-09
1.57386261243e-09	7.97648225248e-09
1.57506956229e-09	1.00490369359e-08
1.57627651214e-09	1.03410005003e-08
1.577483462e-09	8.858905165e-09
1.57869041185e-09	5.91991800025e-09
1.57989736171e-09	2.05712608059e-09
1.58110431157e-09	-2.08714245886e-09
1.58231126142e-09	-5.89366755399e-09
1.58351821128e-09	-8.7838021301e-09
1.58472516114e-09	-1.03225632486e-08
1.58593211099e-09	-1.02240176325e-08
1.58713906085e-09	-8.4239827336e-09
1.5883460107e-09	-5.14562359388e-09
1.58955296056e-09	-8.63425067554e-10
1.59075991042e-09	3.68820457508e-09
1.59196686027e-09	7.7033672774e-09
1.59317381013e-09	1.04312507521e-08
1.59438075998e-09	1.13548255243e-08
1.59558770984e-09	1.03162272058e-08
1.5967946597e-09	7.50184547815e-09
1.59800160955e-09	3.43105654999e-09
1.59920855941e-09	-1.19569296131e-09
1.60041550927e-09	-5.61418467271e-09
1.60162245912e-09	-9.10794839548e-09
1.60282940898e-09	-1.11342413067e-08
1.60403635883e-09	-1.13561791082e-08
1.60524330869e-09	-9.72656755138e-09
1.60645025855e-09	-6.47427145228e-09
1.6076572084e-09	-2.0983609017e-09
1.60886415826e-09	2.6943471898e-09
1.61007110811e-09	7.11867165215e-09
1.61127805797e-09	1.04141570922e-08
1.61248500783e-09	1.20146472771e-08
1.61369195768e-09	1.16223985991e-08
1.61489890754e-09	9.2775902516e-09
1.6161058574e-09	5.35626609732e-09
1.61731280725e-09	4.88496298967e-10
1.61851975711e-09	-4.51043946637e-09
1.61972670696e-09	-8.81063644265e-09
1.62093365682e-09	-1.16751113222e-08
1.62214060668e-09	-1.26039667592e-08
1.62334755653e-09	-1.1434990288e-08
1.62455450639e-09	-8.34697122531e-09
1.62576145624e-09	-3.8702905325e-09
1.6269684061e-09	1.25572502396e-09
1.62817535596e-09	6.18120488127e-09
1.62938230581e-09	1.0111357085e-08
1.63058925567e-09	1.24286019254e-08
1.63179620553e-09	1.2754735268e-08
1.63300315538e-09	1.10327069702e-08
1.63421010524e-09	7.48763162584e-09
1.63541705509e-09	2.64535665595e-09
1.63662400495e-09	-2.74081168872e-09
1.63783095481e-09	-7.80077502593e-09
1.63903790466e-09	-1.16415515006e-08
1.64024485452e-09	-1.35679070201e-08
1.64145180437e-09	-1.31902875289e-08
1.64265875423e-09	-1.0544201956e-08
1.64386570409e-09	-6.10009343038e-09
1.64507265394e-09	-6.39422764737e-10
1.6462796038e-09	4.87851148367e-09
1.64748655366e-09	9.54330081626e-09
1.64869350351e-09	1.26233121733e-08
1.64990045337e-09	1.36759310543e-08
1.65110740322e-09	1.2570503749e-08
1.65231435308e-09	9.4692433894e-09
1.65352130294e-09	4.81855122469e-09
1.65472825279e-09	-7.16737211248e-10
1.65593520265e-09	-6.27802654307e-09
1.6571421525e-09	-1.09444087126e-08
1.65834910236e-09	-1.38695084306e-08
1.65955605222e-09	-1.44583376382e-08
1.66076300207e-09	-1.25494630243e-08
1.66196995193e-09	-8.43770653347e-09
1.66317690179e-09	-2.8741237168e-09
1.66438385164e-09	3.13750464498e-09
1.6655908015e-09	8.54897674873e-09
1.66679775135e-09	1.24606105434e-08
1.66800470121e-09	1.43032194977e-08
1.66921165107e-09	1.3839597468e-08
1.67041860092e-09	1.11916309553e-08
1.67162555078e-09	6.76851130699e-09
1.67283250063e-09	1.21289978061e-09
1.67403945049e-09	-4.63668647921e-09
1.67524640035e-09	-9.85922765651e-09
1.6764533502e-09	-1.35481283969e-08
1.67766030006e-09	-1.50027608115e-08
1.67886724992e-09	-1.38869635791e-08
1.68007419977e-09	-1.03351061043e-08
1.68128114963e-09	-4.97216123829e-09
1.68248809948e-09	1.23822826992e-09
1.68369504934e-09	7.17026571451e-09
1.6849019992e-09	1.18053766762e-08
1.68610894905e-09	1.4399123005e-08
1.68731589891e-09	1.45893146453e-08
1.68852284877e-09	1.24242038879e-08
1.68972979862e-09	8.28138801978e-09
1.69093674848e-09	2.82568513033e-09
1.69214369833e-09	-3.1058927652e-09
1.69335064819e-09	-8.58651083568e-09
1.69455759805e-09	-1.27132118166e-08
1.6957645479e-09	-1.47667420514e-08
1.69697149776e-09	-1.43320102453e-08
1.69817844761e-09	-1.14356111247e-08
1.69938539747e-09	-6.55103815639e-09
1.70059234733e-09	-5.36617653091e-10
1.70179929718e-09	5.53231360723e-09
1.70300624704e-09	1.06024287128e-08
1.7042131969e-09	1.38081293066e-08
1.70542014675e-09	1.46646692567e-08
1.70662709661e-09	1.30805146714e-08
1.70783404646e-09	9.36633215431e-09
1.70904099632e-09	4.15695289302e-09
1.71024794618e-09	-1.71361386192e-09
1.71145489603e-09	-7.29222671136e-09
1.71266184589e-09	-1.16789868887e-08
1.71386879574e-09	-1.41302332057e-08
1.7150757456e-09	-1.42031912898e-08
1.71628269546e-09	-1.18594329912e-08
1.71748964531e-09	-7.47013373381e-09
1.71869659517e-09	-1.7999716162e-09
1.71990354503e-09	4.1630279779e-09
1.72111049488e-09	9.37292221614e-09
1.72231744474e-09	1.2927622528e-08
1.72352439459e-09	1.42414855464e-08
1.72473134445e-09	1.31156301375e-08
1.72593829431e-09	9.78266845308e-09
1.72714524416e-09	4.82865047946e-09
1.72835219402e-09	-8.92919405082e-10
1.72955914387e-09	-6.41300756943e-09
1.73076609373e-09	-1.08001232402e-08
1.73197304359e-09	-1.33105229061e-08
1.73317999344e-09	-1.35286302161e-08
1.7343869433e-09	-1.14249720795e-08
1.73559389316e-09	-7.38508332265e-09
1.73680084301e-09	-2.12431225388e-09
1.73800779287e-09	3.44166251054e-09
