% time-domain voltage integration by openEMS v0.37.0-rc1-2-g7b051bb @Mon Aug  3 21:26:56 2026
% start-coordinates: (0.00012576,0.00529267,-0.000762) m -> [38,120,14]
% stop-coordinates: (0.000506229,0.00529267,-0.000762) m -> [44,120,14]
% t/s	voltage
0	0
1.19341269065e-12	0
2.3868253813e-12	0
3.58023807195e-12	0
4.7736507626e-12	0
5.96706345326e-12	0
7.16047614391e-12	0
8.35388883456e-12	0
9.54730152521e-12	0
1.07407142159e-11	0
1.19341269065e-11	0
1.31275395972e-11	0
1.43209522878e-11	0
1.55143649785e-11	0
1.67077776691e-11	0
1.79011903598e-11	0
1.90946030504e-11	0
2.02880157411e-11	0
2.14814284317e-11	0
2.26748411224e-11	0
2.3868253813e-11	0
2.50616665037e-11	-5.94440763391e-37
2.62550791943e-11	-3.27641279381e-33
2.7448491885e-11	-2.45938784478e-30
2.86419045756e-11	-9.87762045461e-28
2.98353172663e-11	-2.25163935702e-25
3.10287299569e-11	-3.05172876446e-23
3.22221426476e-11	-2.55423401955e-21
3.34155553382e-11	-1.36207445958e-19
3.46089680289e-11	-4.74889021878e-18
3.58023807195e-11	-1.10611569238e-16
3.69957934102e-11	-1.75297462724e-15
3.81892061008e-11	-1.92089621441e-14
3.93826187915e-11	-1.47725554662e-13
4.05760314821e-11	-8.08824998622e-13
4.17694441728e-11	-3.19314789454e-12
4.29628568634e-11	-9.13226341336e-12
4.41562695541e-11	-1.83908467882e-11
4.53496822447e-11	-2.14458689522e-11
4.65430949354e-11	1.2104293479e-11
4.7736507626e-11	1.45188836648e-10
4.89299203167e-11	4.71092283238e-10
5.01233330073e-11	1.07950143269e-09
5.1316745698e-11	1.99339744711e-09
5.25101583886e-11	3.07981246062e-09
5.37035710793e-11	3.90196230882e-09
5.48969837699e-11	3.56366741672e-09
5.60903964606e-11	7.25433626364e-10
5.72838091513e-11	-6.10802630696e-09
5.84772218419e-11	-1.7939048913e-08
5.96706345326e-11	-3.42175963119e-08
6.08640472232e-11	-5.17402884981e-08
6.20574599139e-11	-6.42891029301e-08
6.32508726045e-11	-6.36902335316e-08
6.44442852952e-11	-4.2563018221e-08
6.56376979858e-11	1.520967019e-09
6.68311106765e-11	6.23009812628e-08
6.80245233671e-11	1.23993402212e-07
6.92179360578e-11	1.65150114029e-07
7.04113487484e-11	1.66845717686e-07
7.16047614391e-11	1.22774681088e-07
7.27981741297e-11	4.56788417091e-08
7.39915868204e-11	-3.48650486259e-08
7.5184999511e-11	-8.44271070832e-08
7.63784122017e-11	-8.12659890492e-08
7.75718248923e-11	-3.06473380007e-08
7.8765237583e-11	3.33257121898e-08
7.99586502736e-11	6.28509395639e-08
8.11520629643e-11	2.20931253292e-08
8.23454756549e-11	-8.87630751123e-08
8.35388883456e-11	-2.26738679387e-07
8.47323010362e-11	-3.22296468624e-07
8.59257137269e-11	-3.140038487e-07
8.71191264175e-11	-1.82771444202e-07
8.83125391082e-11	3.25103859389e-08
8.95059517988e-11	2.4957808975e-07
9.06993644895e-11	3.81642667691e-07
9.18927771801e-11	3.80832638314e-07
9.30861898708e-11	2.63666091627e-07
9.42796025614e-11	1.04096645304e-07
9.54730152521e-11	-3.21823656613e-09
9.66664279427e-11	9.20203702126e-09
9.78598406334e-11	1.46439555593e-07
9.9053253324e-11	3.46431889398e-07
1.00246666015e-10	5.07136668659e-07
1.01440078705e-10	5.3361384289e-07
1.02633491396e-10	3.82068364502e-07
1.03826904087e-10	8.24748003225e-08
1.05020316777e-10	-2.70477737985e-07
1.06213729468e-10	-5.5263562615e-07
1.07407142159e-10	-6.57873840737e-07
1.08600554849e-10	-5.38463908129e-07
1.0979396754e-10	-2.23556815726e-07
1.10987380231e-10	1.90099921582e-07
1.12180792921e-10	5.71349602296e-07
1.13374205612e-10	7.9873235137e-07
1.14567618303e-10	8.00413147317e-07
1.15761030993e-10	5.76277336961e-07
1.16954443684e-10	1.95654360269e-07
1.18147856374e-10	-2.27585751134e-07
1.19341269065e-10	-5.72829122802e-07
1.20534681756e-10	-7.50499026481e-07
1.21728094446e-10	-7.2725593725e-07
1.22921507137e-10	-5.31073446552e-07
1.24114919828e-10	-2.36659007058e-07
1.25308332518e-10	6.25928056053e-08
1.26501745209e-10	2.85479273998e-07
1.276951579e-10	3.86540293107e-07
1.2888857059e-10	3.65244282818e-07
1.30081983281e-10	2.59885577947e-07
1.31275395972e-10	1.29286216399e-07
1.32468808662e-10	3.03462279749e-08
1.33662221353e-10	-2.14963108425e-09
1.34855634044e-10	3.48148609941e-08
1.36049046734e-10	1.1415064094e-07
1.37242459425e-10	1.909489864e-07
1.38435872116e-10	2.20769312165e-07
1.39629284806e-10	1.76424812537e-07
1.40822697497e-10	5.82914516656e-08
1.42016110187e-10	-1.05479160517e-07
1.43209522878e-10	-2.677941211e-07
1.44402935569e-10	-3.78110922128e-07
1.45596348259e-10	-3.98267626878e-07
1.4678976095e-10	-3.14734311502e-07
1.47983173641e-10	-1.43149616605e-07
1.49176586331e-10	7.66458123636e-08
1.50369999022e-10	2.91425603649e-07
1.51563411713e-10	4.49986167439e-07
1.52756824403e-10	5.16409127016e-07
1.53950237094e-10	4.78617266708e-07
1.55143649785e-10	3.49690314039e-07
1.56337062475e-10	1.62617221022e-07
1.57530475166e-10	-3.88530416728e-08
1.58723887857e-10	-2.11376050885e-07
1.59917300547e-10	-3.21538237813e-07
1.61110713238e-10	-3.52919911961e-07
1.62304125929e-10	-3.08360981194e-07
1.63497538619e-10	-2.08149415926e-07
1.6469095131e-10	-8.32426323427e-08
1.65884364e-10	3.37018608576e-08
1.67077776691e-10	1.17171135905e-07
1.68271189382e-10	1.5489932359e-07
1.69464602072e-10	1.48946970313e-07
1.70658014763e-10	1.12435479593e-07
1.71851427454e-10	6.33699515085e-08
1.73044840144e-10	1.83461158487e-08
1.74238252835e-10	-1.1886905793e-08
1.75431665526e-10	-2.39567368165e-08
1.76625078216e-10	-2.10463506622e-08
1.77818490907e-10	-1.0529322525e-08
1.79011903598e-10	-6.73861522138e-10
1.80205316288e-10	2.00043467902e-09
1.81398728979e-10	-4.98393071258e-09
1.8259214167e-10	-1.96289556831e-08
1.8378555436e-10	-3.65854992967e-08
1.84978967051e-10	-4.91607057285e-08
1.86172379742e-10	-5.18913232384e-08
1.87365792432e-10	-4.19009342778e-08
1.88559205123e-10	-1.90421670654e-08
1.89752617814e-10	1.4456370101e-08
1.90946030504e-10	5.49408385453e-08
1.92139443195e-10	9.68083977426e-08
1.93332855885e-10	1.32469645031e-07
1.94526268576e-10	1.52649821672e-07
1.95719681267e-10	1.48653814591e-07
1.96913093957e-10	1.16040176579e-07
1.98106506648e-10	5.83767834073e-08
1.99299919339e-10	-1.19407990162e-08
2.00493332029e-10	-7.62742669025e-08
2.0168674472e-10	-1.16206433809e-07
2.02880157411e-10	-1.2064683208e-07
2.04073570101e-10	-9.05930246375e-08
2.05266982792e-10	-3.90279071283e-08
2.06460395483e-10	1.37664969424e-08
2.07653808173e-10	4.84025926006e-08
2.08847220864e-10	5.30712966906e-08
2.10040633555e-10	2.7591178231e-08
2.11234046245e-10	-1.7406165731e-08
2.12427458936e-10	-6.51669451734e-08
2.13620871627e-10	-9.86113581902e-08
2.14814284317e-10	-1.06033580138e-07
2.16007697008e-10	-8.39373663908e-08
2.17201109698e-10	-3.7326604474e-08
2.18394522389e-10	2.24956691053e-08
2.1958793508e-10	8.12658456084e-08
2.2078134777e-10	1.25536032236e-07
2.21974760461e-10	1.45308025168e-07
2.23168173152e-10	1.36207967572e-07
2.24361585842e-10	1.00037118145e-07
2.25554998533e-10	4.46439796242e-08
2.26748411224e-10	-1.76124375084e-08
2.27941823914e-10	-7.22016588739e-08
2.29135236605e-10	-1.05927603578e-07
2.30328649296e-10	-1.1053028981e-07
2.31522061986e-10	-8.56832604867e-08
2.32715474677e-10	-3.98185076023e-08
2.33908887368e-10	1.17925995635e-08
2.35102300058e-10	5.19620089179e-08
2.36295712749e-10	6.73247395611e-08
2.3748912544e-10	5.38626703239e-08
2.3868253813e-10	1.86685187309e-08
2.39875950821e-10	-2.21077776086e-08
2.41069363512e-10	-4.9258416901e-08
2.42262776202e-10	-4.8291758592e-08
2.43456188893e-10	-1.55525737844e-08
2.44649601583e-10	3.94729107178e-08
2.45843014274e-10	9.70447651127e-08
2.47036426965e-10	1.34219034109e-07
2.48229839655e-10	1.33457040974e-07
2.49423252346e-10	8.92507800998e-08
2.50616665037e-10	1.08213331629e-08
2.51810077727e-10	-8.08151705556e-08
2.53003490418e-10	-1.59518295462e-07
2.54196903109e-10	-2.02336213562e-07
2.55390315799e-10	-1.96588469947e-07
2.5658372849e-10	-1.43074124992e-07
2.57777141181e-10	-5.53763017663e-08
2.58970553871e-10	4.46291226197e-08
2.60163966562e-10	1.33054311569e-07
2.61357379253e-10	1.90068305983e-07
2.62550791943e-10	2.04401979786e-07
2.63744204634e-10	1.75287278026e-07
2.64937617325e-10	1.11764200561e-07
2.66131030015e-10	3.00192954938e-08
2.67324442706e-10	-5.0551599351e-08
2.68517855396e-10	-1.12091845139e-07
2.69711268087e-10	-1.42077722032e-07
2.70904680778e-10	-1.3655746578e-07
2.72098093468e-10	-1.00741599063e-07
2.73291506159e-10	-4.76926169668e-08
2.7448491885e-10	5.54584367318e-09
2.7567833154e-10	4.30344702096e-08
2.76871744231e-10	5.48684568891e-08
2.78065156922e-10	4.03744837563e-08
2.79258569612e-10	8.38085018051e-09
2.80451982303e-10	-2.5980108731e-08
2.81645394994e-10	-4.65617762124e-08
2.82838807684e-10	-4.23096286895e-08
2.84032220375e-10	-1.15188324434e-08
2.85225633066e-10	3.70505843783e-08
2.86419045756e-10	8.70742571379e-08
2.87612458447e-10	1.20284526339e-07
2.88805871138e-10	1.23094074489e-07
2.89999283828e-10	9.14827156251e-08
2.91192696519e-10	3.24902522664e-08
2.9238610921e-10	-3.8106148903e-08
2.935795219e-10	-1.00989836049e-07
2.94772934591e-10	-1.39426395762e-07
2.95966347281e-10	-1.44058210694e-07
2.97159759972e-10	-1.15078364615e-07
2.98353172663e-10	-6.1497159809e-08
2.99546585353e-10	2.14019507672e-09
3.00739998044e-10	5.98992953016e-08
3.01933410735e-10	9.86175932027e-08
3.03126823425e-10	1.10900566064e-07
3.04320236116e-10	9.63201856052e-08
3.05513648807e-10	6.09388477457e-08
3.06707061497e-10	1.55306806304e-08
3.07900474188e-10	-2.76244218611e-08
3.09093886879e-10	-5.75761016641e-08
3.10287299569e-10	-6.76383971054e-08
3.1148071226e-10	-5.69831324349e-08
3.12674124951e-10	-3.05988194782e-08
3.13867537641e-10	2.07281664055e-09
3.15060950332e-10	3.00663147712e-08
3.16254363023e-10	4.43545022932e-08
3.17447775713e-10	4.04864257675e-08
3.18641188404e-10	2.02830057194e-08
3.19834601094e-10	-8.95224999686e-09
3.21028013785e-10	-3.67983328253e-08
3.22221426476e-10	-5.3259786803e-08
3.23414839166e-10	-5.21444611934e-08
3.24608251857e-10	-3.31641500928e-08
3.25801664548e-10	-1.87976773036e-09
3.26995077238e-10	3.20466524428e-08
3.28188489929e-10	5.81978820691e-08
3.2938190262e-10	6.85518353194e-08
3.3057531531e-10	5.99360423514e-08
3.31768728001e-10	3.47691644365e-08
3.32962140692e-10	8.92720342094e-11
3.34155553382e-10	-3.4605773358e-08
3.35348966073e-10	-6.00963532271e-08
3.36542378764e-10	-6.99336464294e-08
3.37735791454e-10	-6.19545326153e-08
3.38929204145e-10	-3.87079142072e-08
3.40122616836e-10	-6.6541286925e-09
3.41316029526e-10	2.56844419066e-08
3.42509442217e-10	4.995491798e-08
3.43702854908e-10	6.02490835e-08
3.44896267598e-10	5.46678924351e-08
3.46089680289e-10	3.57303324705e-08
3.47283092979e-10	9.47806649831e-09
3.4847650567e-10	-1.6399538616e-08
3.49669918361e-10	-3.4976527008e-08
3.50863331051e-10	-4.19889873982e-08
3.52056743742e-10	-3.68470929324e-08
3.53250156433e-10	-2.24116054603e-08
3.54443569123e-10	-3.80808165557e-09
3.55636981814e-10	1.3300173074e-08
3.56830394505e-10	2.41547946089e-08
3.58023807195e-10	2.6151109056e-08
3.59217219886e-10	1.92059903537e-08
3.60410632577e-10	5.64105101519e-09
3.61604045267e-10	-1.04430536441e-08
3.62797457958e-10	-2.42246482873e-08
3.63990870649e-10	-3.15129962125e-08
3.65184283339e-10	-2.97304518782e-08
3.6637769603e-10	-1.89636442105e-08
3.67571108721e-10	-1.90496990404e-09
3.68764521411e-10	1.67994078648e-08
3.69957934102e-10	3.17757753443e-08
3.71151346792e-10	3.86703655764e-08
3.72344759483e-10	3.5398758147e-08
3.73538172174e-10	2.28290042426e-08
3.74731584864e-10	4.65044530662e-09
3.75924997555e-10	-1.38631809365e-08
3.77118410246e-10	-2.73571518772e-08
3.78311822936e-10	-3.21024926642e-08
3.79505235627e-10	-2.71479212444e-08
3.80698648318e-10	-1.44622132048e-08
3.81892061008e-10	1.65976649091e-09
3.83085473699e-10	1.61356770167e-08
3.8427888639e-10	2.46463018883e-08
3.8547229908e-10	2.48552787241e-08
3.86665711771e-10	1.70363843033e-08
3.87859124462e-10	3.75126751884e-09
3.89052537152e-10	-1.10435821599e-08
3.90245949843e-10	-2.30805417001e-08
3.91439362534e-10	-2.90659822877e-08
3.92632775224e-10	-2.73767855052e-08
3.93826187915e-10	-1.84672646064e-08
3.95019600606e-10	-4.70226979576e-09
3.96213013296e-10	1.03323473111e-08
3.97406425987e-10	2.27837670952e-08
3.98599838677e-10	2.95269328987e-08
3.99793251368e-10	2.90177306628e-08
4.00986664059e-10	2.16179698587e-08
4.02180076749e-10	9.44813827175e-09
4.0337348944e-10	-4.21473905776e-09
4.04566902131e-10	-1.58368489434e-08
4.05760314821e-10	-2.25652079244e-08
4.06953727512e-10	-2.29117833594e-08
4.08147140203e-10	-1.7143604536e-08
4.09340552893e-10	-7.17801318384e-09
4.10533965584e-10	3.9650054906e-09
4.11727378275e-10	1.29961356121e-08
4.12920790965e-10	1.72933412035e-08
4.14114203656e-10	1.5760230232e-08
4.15307616347e-10	9.07910191472e-09
4.16501029037e-10	-3.9580774075e-10
4.17694441728e-10	-9.42836764217e-09
4.18887854419e-10	-1.49622247925e-08
4.20081267109e-10	-1.51261001502e-08
4.212746798e-10	-9.87931958463e-09
4.2246809249e-10	-1.04720225547e-09
4.23661505181e-10	8.36424529638e-09
4.24854917872e-10	1.51690860983e-08
4.26048330562e-10	1.70825060763e-08
4.27241743253e-10	1.35004376567e-08
4.28435155944e-10	5.59125168387e-09
4.29628568634e-10	-4.10791106686e-09
4.30821981325e-10	-1.2575153141e-08
4.32015394016e-10	-1.72521226194e-08
4.33208806706e-10	-1.67844687038e-08
4.34402219397e-10	-1.13393809897e-08
4.35595632088e-10	-2.50359219467e-09
4.36789044778e-10	7.28094257108e-09
4.37982457469e-10	1.53607047082e-08
4.3917587016e-10	1.96599876379e-08
4.4036928285e-10	1.91397688809e-08
4.41562695541e-10	1.405047656e-08
4.42756108232e-10	5.83665277221e-09
4.43949520922e-10	-3.35776359495e-09
4.45142933613e-10	-1.11875986253e-08
4.46336346304e-10	-1.57262334266e-08
4.47529758994e-10	-1.60111737202e-08
4.48723171685e-10	-1.217022505e-08
4.49916584375e-10	-5.50513190589e-09
4.51109997066e-10	1.90886362272e-09
4.52303409757e-10	7.828722004e-09
4.53496822447e-10	1.04790712774e-08
4.54690235138e-10	9.16700804154e-09
4.55883647829e-10	4.56155019313e-09
4.57077060519e-10	-1.56824198072e-09
4.5827047321e-10	-6.935175767e-09
4.59463885901e-10	-9.56211643199e-09
4.60657298591e-10	-8.53245019083e-09
4.61850711282e-10	-4.23096352398e-09
4.63044123973e-10	1.83629953604e-09
4.64237536663e-10	7.65148167048e-09
4.65430949354e-10	1.14315676925e-08
4.66624362045e-10	1.21762000482e-08
4.67817774735e-10	9.87399562113e-09
4.69011187426e-10	5.39906525043e-09
4.70204600117e-10	1.23585759682e-10
4.71398012807e-10	-4.53031595571e-09
4.72591425498e-10	-7.42878003557e-09
4.73784838188e-10	-8.00923749544e-09
4.74978250879e-10	-6.3619577384e-09
4.7617166357e-10	-3.10425712913e-09
4.7736507626e-10	7.49571970465e-10
4.78558488951e-10	4.13852765946e-09
4.79751901642e-10	6.19146928171e-09
4.80945314332e-10	6.43128605926e-09
4.82138727023e-10	4.8563494337e-09
4.83332139714e-10	1.92777821484e-09
4.84525552404e-10	-1.59874466443e-09
4.85718965095e-10	-4.77442707592e-09
4.86912377786e-10	-6.71666278151e-09
4.88105790476e-10	-6.83486256481e-09
4.89299203167e-10	-5.02991370777e-09
4.90492615858e-10	-1.79953091317e-09
4.91686028548e-10	1.87772077054e-09
4.92879441239e-10	4.88714035907e-09
4.9407285393e-10	6.36872410364e-09
4.9526626662e-10	6.0555351844e-09
4.96459679311e-10	4.34851260556e-09
4.97653092001e-10	2.05932682018e-09
4.98846504692e-10	5.00771299428e-11
5.00039917383e-10	-1.16939148642e-09
5.01233330073e-10	-1.52094530026e-09
5.02426742764e-10	-1.30174443447e-09
5.03620155455e-10	-8.84880640983e-10
5.04813568145e-10	-4.85757818518e-10
5.06006980836e-10	-1.28419231846e-10
5.07200393527e-10	3.26244759506e-10
5.08393806217e-10	9.52828413392e-10
5.09587218908e-10	1.66429806048e-09
5.10780631599e-10	2.19225682052e-09
5.11974044289e-10	2.20439536069e-09
5.1316745698e-10	1.48785560261e-09
5.14360869671e-10	7.07761523e-11
5.15554282361e-10	-1.68268786405e-09
5.16747695052e-10	-3.21877169362e-09
5.17941107743e-10	-3.92827220752e-09
5.19134520433e-10	-3.41778871871e-09
5.20327933124e-10	-1.71750065558e-09
5.21521345815e-10	7.04967521858e-10
5.22714758505e-10	3.043388902e-09
5.23908171196e-10	4.46917208796e-09
5.25101583886e-10	4.47239112411e-09
5.26294996577e-10	3.06224909319e-09
5.27488409268e-10	7.74174217788e-10
5.28681821958e-10	-1.54961690702e-09
5.29875234649e-10	-3.14795345346e-09
5.3106864734e-10	-3.58424318003e-09
5.3226206003e-10	-2.86282220152e-09
5.33455472721e-10	-1.35804803514e-09
5.34648885412e-10	4.88394227838e-10
5.35842298102e-10	2.26129465153e-09
5.37035710793e-10	3.71507294372e-09
5.38229123484e-10	4.67842692364e-09
5.39422536174e-10	4.96903029834e-09
5.40615948865e-10	4.39134273389e-09
5.41809361556e-10	2.82335649304e-09
5.43002774246e-10	3.70412762962e-10
5.44196186937e-10	-2.53692999941e-09
5.45389599628e-10	-5.17559012314e-09
5.46583012318e-10	-6.77110972847e-09
5.47776425009e-10	-6.75322148203e-09
5.48969837699e-10	-5.02273922454e-09
5.5016325039e-10	-2.01736932715e-09
5.51356663081e-10	1.40588353459e-09
5.52550075771e-10	4.24759583062e-09
5.53743488462e-10	5.67890123815e-09
5.54936901153e-10	5.33746669085e-09
5.56130313843e-10	3.42020031741e-09
5.57323726534e-10	6.44058667509e-10
5.58517139225e-10	-1.99720509575e-09
5.59710551915e-10	-3.57999235812e-09
5.60903964606e-10	-3.55961093934e-09
5.62097377297e-10	-1.99681504665e-09
5.63290789987e-10	4.90363621236e-10
5.64484202678e-10	2.95772351055e-09
5.65677615369e-10	4.50421883125e-09
5.66871028059e-10	4.61924398731e-09
5.6806444075e-10	3.32725716423e-09
5.69257853441e-10	1.11472636677e-09
5.70451266131e-10	-1.32087743521e-09
5.71644678822e-10	-3.33242558548e-09
5.72838091513e-10	-4.52963827557e-09
5.74031504203e-10	-4.74597661171e-09
5.75224916894e-10	-4.01087535407e-09
5.76418329584e-10	-2.43706066438e-09
5.77611742275e-10	-2.22162611224e-10
5.78805154966e-10	2.26829657834e-09
5.79998567656e-10	4.49859921536e-09
5.81191980347e-10	5.81123166254e-09
5.82385393038e-10	5.63588647973e-09
5.83578805728e-10	3.74947670134e-09
5.84772218419e-10	4.56927093384e-10
5.8596563111e-10	-3.43746400788e-09
5.871590438e-10	-6.7889556199e-09
5.88352456491e-10	-8.53667359024e-09
5.89545869182e-10	-8.00750588059e-09
5.90739281872e-10	-5.17964476865e-09
5.91932694563e-10	-7.50016902751e-10
5.93126107254e-10	4.09547623592e-09
5.94319519944e-10	7.96810650794e-09
5.95512932635e-10	9.73553160311e-09
5.96706345326e-10	8.87387308079e-09
5.97899758016e-10	5.64433677575e-09
5.99093170707e-10	1.03597738027e-09
6.00286583397e-10	-3.56981832983e-09
6.01479996088e-10	-6.84049805688e-09
6.02673408779e-10	-7.94143728555e-09
6.03866821469e-10	-6.73912403659e-09
6.0506023416e-10	-3.81084974688e-09
6.06253646851e-10	-1.59317330162e-10
6.07447059541e-10	3.10936526526e-09
6.08640472232e-10	5.11059694563e-09
6.09833884923e-10	5.37058014727e-09
6.11027297613e-10	3.88630888581e-09
6.12220710304e-10	1.09731121412e-09
6.13414122995e-10	-2.23029755775e-09
6.14607535685e-10	-5.14533210483e-09
6.15800948376e-10	-6.76022454682e-09
6.16994361067e-10	-6.46993414399e-09
6.18187773757e-10	-4.19740692204e-09
6.19381186448e-10	-4.65491208079e-10
6.20574599139e-10	3.7014228349e-09
6.21768011829e-10	7.05226205211e-09
6.2296142452e-10	8.51796289059e-09
6.24154837211e-10	7.53787099406e-09
6.25348249901e-10	4.28242985517e-09
6.26541662592e-10	-3.92208966693e-10
6.27735075282e-10	-5.16415177287e-09
6.28928487973e-10	-8.63629312509e-09
6.30121900664e-10	-9.72880265238e-09
6.31315313354e-10	-8.03197630628e-09
6.32508726045e-10	-3.93944582511e-09
6.33702138736e-10	1.4118460151e-09
6.34895551426e-10	6.44385866888e-09
6.36088964117e-10	9.62630164469e-09
6.37282376808e-10	9.91787818538e-09
6.38475789498e-10	7.15986880895e-09
6.39669202189e-10	2.12419870582e-09
6.4086261488e-10	-3.7056230584e-09
6.4205602757e-10	-8.59067983416e-09
6.43249440261e-10	-1.10876891002e-08
6.44442852952e-10	-1.05004422934e-08
6.45636265642e-10	-7.03698377347e-09
6.46829678333e-10	-1.75434758387e-09
6.48023091024e-10	3.81206644029e-09
6.49216503714e-10	8.11240596921e-09
6.50409916405e-10	9.98077898107e-09
6.51603329095e-10	8.98621110856e-09
6.52796741786e-10	5.47833212128e-09
6.53990154477e-10	4.94678624452e-10
6.55183567167e-10	-4.53328197203e-09
6.56376979858e-10	-8.18570999872e-09
6.57570392549e-10	-9.43113498408e-09
6.58763805239e-10	-7.93529331133e-09
6.5995721793e-10	-4.1523072758e-09
6.61150630621e-10	7.9021558741e-10
6.62344043311e-10	5.42365263811e-09
6.63537456002e-10	8.36665170478e-09
6.64730868693e-10	8.73850480865e-09
6.65924281383e-10	6.41125669221e-09
6.67117694074e-10	2.058775872e-09
6.68311106765e-10	-3.06262987193e-09
6.69504519455e-10	-7.45421702142e-09
6.70697932146e-10	-9.81055403582e-09
6.71891344837e-10	-9.41417410694e-09
6.73084757527e-10	-6.31034863252e-09
6.74278170218e-10	-1.37822167567e-09
6.75471582909e-10	3.9654644568e-09
6.76664995599e-10	8.12183653665e-09
6.7785840829e-10	9.81406234057e-09
6.7905182098e-10	8.48951919874e-09
6.80245233671e-10	4.49122405932e-09
6.81438646362e-10	-1.00364663802e-09
6.82632059052e-10	-6.36341401794e-09
6.83825471743e-10	-9.974481463e-09
6.85018884434e-10	-1.07419337869e-08
6.86212297124e-10	-8.40344505093e-09
6.87405709815e-10	-3.60574256564e-09
6.88599122506e-10	2.28711299899e-09
6.89792535196e-10	7.58627749509e-09
6.90985947887e-10	1.07524601445e-08
6.92179360578e-10	1.08500293194e-08
6.93372773268e-10	7.80519976429e-09
6.94566185959e-10	2.47018283606e-09
6.9575959865e-10	-3.64393909491e-09
6.9695301134e-10	-8.78354744493e-09
6.98146424031e-10	-1.14827026776e-08
6.99339836722e-10	-1.10112716722e-08
7.00533249412e-10	-7.56308987659e-09
7.01726662103e-10	-2.19424250991e-09
7.02920074793e-10	3.51524992448e-09
7.04113487484e-10	7.94739818399e-09
7.05306900175e-10	9.90128889988e-09
7.06500312865e-10	8.90411766541e-09
7.07693725556e-10	5.34085692339e-09
7.08887138247e-10	2.73989844701e-10
7.10080550937e-10	-4.82012324499e-09
7.11273963628e-10	-8.49010517445e-09
7.12467376319e-10	-9.69323687983e-09
7.13660789009e-10	-8.07784883428e-09
7.148542017e-10	-4.10669392936e-09
7.16047614391e-10	1.08327724568e-09
7.17241027081e-10	5.96438354261e-09
7.18434439772e-10	9.07619102097e-09
7.19627852463e-10	9.4421892527e-09
7.20821265153e-10	6.88397838733e-09
7.22014677844e-10	2.11102491043e-09
7.23208090535e-10	-3.48549217266e-09
7.24401503225e-10	-8.21491641378e-09
7.25594915916e-10	-1.0619514379e-08
7.26788328607e-10	-9.92175197556e-09
7.27981741297e-10	-6.28645185907e-09
7.29175153988e-10	-7.74905625778e-10
7.30368566678e-10	4.95800372979e-09
7.31561979369e-10	9.19613385442e-09
7.3275539206e-10	1.06572846104e-08
7.3394880475e-10	8.9076495069e-09
7.35142217441e-10	4.465406378e-09
7.36335630132e-10	-1.35892522235e-09
7.37529042822e-10	-6.85224510466e-09
7.38722455513e-10	-1.04272369628e-08
7.39915868204e-10	-1.10573727952e-08
7.41109280894e-10	-8.59125359742e-09
7.42302693585e-10	-3.76593356499e-09
7.43496106276e-10	2.01825775537e-09
7.44689518966e-10	7.10601671949e-09
7.45882931657e-10	1.00789957491e-08
7.47076344348e-10	1.01412560571e-08
7.48269757038e-10	7.33383087592e-09
7.49463169729e-10	2.49787318607e-09
7.5065658242e-10	-2.9793291445e-09
7.5184999511e-10	-7.560543136e-09
7.53043407801e-10	-9.97776683498e-09
7.54236820491e-10	-9.57712542604e-09
7.55430233182e-10	-6.49998038726e-09
7.56623645873e-10	-1.63368843453e-09
7.57817058563e-10	3.61079297018e-09
7.59010471254e-10	7.71048680459e-09
7.60203883945e-10	9.46087796994e-09
7.61397296635e-10	8.33859792326e-09
7.62590709326e-10	4.67389987824e-09
7.63784122017e-10	-4.41938798057e-10
7.64977534707e-10	-5.48136663836e-09
7.66170947398e-10	-8.92877349834e-09
7.67364360089e-10	-9.75484693022e-09
7.68557772779e-10	-7.70705593789e-09
7.6975118547e-10	-3.39198866217e-09
7.70944598161e-10	1.90803700617e-09
7.72138010851e-10	6.62249527439e-09
7.73331423542e-10	9.34228361338e-09
7.74524836233e-10	9.25377607874e-09
7.75718248923e-10	6.36970476364e-09
7.76911661614e-10	1.54320688173e-09
7.78105074305e-10	-3.78628006725e-09
7.79298486995e-10	-8.02922361931e-09
7.80491899686e-10	-9.91513693371e-09
7.81685312376e-10	-8.89855755748e-09
7.82878725067e-10	-5.29588278786e-09
7.84072137758e-10	-1.91960579377e-10
7.85265550448e-10	4.90873713899e-09
7.86458963139e-10	8.53147230639e-09
7.8765237583e-10	9.66200464081e-09
7.8884578852e-10	8.00708321869e-09
7.90039201211e-10	4.0720753991e-09
7.91232613902e-10	-1.02254764378e-09
7.92426026592e-10	-5.84711895568e-09
7.93619439283e-10	-9.05070340895e-09
7.94812851974e-10	-9.75112501855e-09
7.96006264664e-10	-7.73655589592e-09
7.97199677355e-10	-3.57495941183e-09
7.98393090046e-10	1.56831556075e-09
7.99586502736e-10	6.2332911055e-09
8.00779915427e-10	9.07718977761e-09
8.01973328118e-10	9.28409338297e-09
8.03166740808e-10	6.79380313118e-09
8.04360153499e-10	2.34051891757e-09
8.05553566189e-10	-2.76328265825e-09
8.0674697888e-10	-7.01863572816e-09
8.07940391571e-10	-9.18435338892e-09
8.09133804261e-10	-8.6419751355e-09
8.10327216952e-10	-5.58128399053e-09
8.11520629643e-10	-9.25090601345e-10
8.12714042333e-10	3.93785659636e-09
8.13907455024e-10	7.57081358715e-09
8.15100867715e-10	8.91506757306e-09
8.16294280405e-10	7.58434326453e-09
8.17487693096e-10	3.99904642734e-09
8.18681105787e-10	-7.68373240034e-10
8.19874518477e-10	-5.28634080954e-09
8.21067931168e-10	-8.21287993169e-09
8.22261343859e-10	-8.68574079327e-09
8.23454756549e-10	-6.57788923331e-09
8.2464816924e-10	-2.53432366759e-09
8.25841581931e-10	2.24026472373e-09
8.27034994621e-10	6.33169405795e-09
8.28228407312e-10	8.54965243047e-09
8.29421820002e-10	8.2517778166e-09
8.30615232693e-10	5.53423756822e-09
8.31808645384e-10	1.18586102049e-09
8.33002058074e-10	-3.53815760024e-09
8.34195470765e-10	-7.26848614629e-09
8.35388883456e-10	-8.91775620016e-09
8.36582296146e-10	-7.98995447582e-09
8.37775708837e-10	-4.73733641204e-09
8.38969121528e-10	-9.12382322471e-11
8.40162534218e-10	4.59831051014e-09
8.41355946909e-10	7.96530241765e-09
8.425493596e-10	9.03830521537e-09
8.4374277229e-10	7.5185515036e-09
8.44936184981e-10	3.87550733172e-09
8.46129597672e-10	-8.18173112593e-10
8.47323010362e-10	-5.20776183288e-09
8.48516423053e-10	-8.04684974209e-09
8.49709835744e-10	-8.55810022848e-09
8.50903248434e-10	-6.63188359784e-09
8.52096661125e-10	-2.84300832876e-09
8.53290073816e-10	1.70565316038e-09
8.54483486506e-10	5.71468117272e-09
8.55676899197e-10	8.03276634098e-09
8.56870311887e-10	8.00396038336e-09
8.58063724578e-10	5.65370805727e-09
8.59257137269e-10	1.68660685418e-09
8.60450549959e-10	-2.71265834795e-09
8.6164396265e-10	-6.24270596328e-09
8.62837375341e-10	-7.86804033037e-09
8.64030788031e-10	-7.13208114789e-09
8.65224200722e-10	-4.28327479041e-09
8.66417613413e-10	-1.90005247647e-10
8.67611026103e-10	3.93123844589e-09
8.68804438794e-10	6.86919943149e-09
8.69997851485e-10	7.78084774389e-09
8.71191264175e-10	6.41446190608e-09
8.72384676866e-10	3.18813769828e-09
8.73578089557e-10	-9.42918881863e-10
8.74771502247e-10	-4.76645345415e-09
8.75964914938e-10	-7.15105918925e-09
8.77158327629e-10	-7.40531602705e-09
8.78351740319e-10	-5.44907258204e-09
8.7954515301e-10	-1.87041701571e-09
8.807385657e-10	2.27327093261e-09
8.81931978391e-10	5.76450642775e-09
8.83125391082e-10	7.58129597989e-09
8.84318803772e-10	7.21421078431e-09
8.85512216463e-10	4.78335415721e-09
8.86705629154e-10	1.01576172473e-09
8.87899041844e-10	-2.99901911638e-09
8.89092454535e-10	-6.10936928824e-09
8.90285867226e-10	-7.44109651674e-09
8.91479279916e-10	-6.63118487898e-09
8.92672692607e-10	-3.92448168407e-09
8.93866105298e-10	-9.91735651934e-11
8.95059517988e-10	3.75792727492e-09
8.96252930679e-10	6.55188592269e-09
8.9744634337e-10	7.49732032013e-09
8.9863975606e-10	6.33445479403e-09
8.99833168751e-10	3.41183467589e-09
9.01026581442e-10	-4.18607981612e-10
9.02219994132e-10	-4.04890027061e-09
9.03413406823e-10	-6.43323622151e-09
9.04606819514e-10	-6.89987750269e-09
9.05800232204e-10	-5.33566174576e-09
9.06993644895e-10	-2.21816939816e-09
9.08187057585e-10	1.53271083325e-09
9.09380470276e-10	4.82198753149e-09
9.10573882967e-10	6.70149719051e-09
9.11767295657e-10	6.63445437477e-09
9.12960708348e-10	4.65666022409e-09
9.14154121039e-10	1.35993633021e-09
9.15347533729e-10	-2.27996296842e-09
9.1654094642e-10	-5.18098663971e-09
9.17734359111e-10	-6.49225995186e-09
9.18927771801e-10	-5.82846959585e-09
9.20121184492e-10	-3.40671071908e-09
9.21314597183e-10	3.81589482235e-11
9.22508009873e-10	3.47424086722e-09
9.23701422564e-10	5.88582615979e-09
9.24894835255e-10	6.58470117321e-09
9.26088247945e-10	5.39287620116e-09
9.27281660636e-10	2.68920816171e-09
9.28475073327e-10	-7.23523671531e-10
9.29668486017e-10	-3.85747334075e-09
9.30861898708e-10	-5.8180628093e-09
9.32055311398e-10	-6.05649286278e-09
9.33248724089e-10	-4.51329296158e-09
9.3444213678e-10	-1.6309261025e-09
9.3563554947e-10	1.763642829e-09
9.36828962161e-10	4.69925243163e-09
9.38022374852e-10	6.331420499e-09
9.39215787542e-10	6.18654105722e-09
9.40409200233e-10	4.31033986281e-09
9.41602612924e-10	1.24357872611e-09
9.42796025614e-10	-2.12449782766e-09
9.43989438305e-10	-4.82358042397e-09
9.45182850996e-10	-6.08648220712e-09
9.46376263686e-10	-5.56059892576e-09
9.47569676377e-10	-3.41634134871e-09
9.48763089068e-10	-2.80143561127e-10
9.49956501758e-10	2.94037594273e-09
9.51149914449e-10	5.31985194785e-09
9.5234332714e-10	6.1836890608e-09
9.5353673983e-10	5.29652521841e-09
9.54730152521e-10	2.93475882485e-09
9.55923565212e-10	-1.95201309977e-10
9.57116977902e-10	-3.16876289097e-09
9.58310390593e-10	-5.11129855107e-09
9.59503803283e-10	-5.46698403214e-09
9.60697215974e-10	-4.15420070565e-09
9.61890628665e-10	-1.58918118942e-09
9.63084041355e-10	1.45142119157e-09
9.64277454046e-10	4.06446942769e-09
9.65470866737e-10	5.49194595356e-09
9.66664279427e-10	5.33813282466e-09
9.67857692118e-10	3.67240954313e-09
9.69051104809e-10	1.00406105652e-09
9.70244517499e-10	-1.88249370259e-09
9.7143793019e-10	-4.14854117725e-09
9.72631342881e-10	-5.14614101332e-09
9.73824755571e-10	-4.59847077083e-09
9.75018168262e-10	-2.67236360818e-09
9.76211580953e-10	6.41902850318e-11
9.77404993643e-10	2.82095852233e-09
9.78598406334e-10	4.79690348554e-09
9.79791819025e-10	5.42790490332e-09
9.80985231715e-10	4.53913490128e-09
9.82178644406e-10	2.39497927046e-09
9.83372057096e-10	-3.74019051841e-10
9.84565469787e-10	-2.97219723833e-09
9.85758882478e-10	-4.6514014862e-09
9.86952295168e-10	-4.94219970504e-09
9.88145707859e-10	-3.77114350858e-09
9.8933912055e-10	-1.48212296602e-09
9.9053253324e-10	1.26537447187e-09
9.91725945931e-10	3.68878533274e-09
9.92919358622e-10	5.09993280939e-09
9.94112771312e-10	5.10240838469e-09
9.95306184003e-10	3.7043842438e-09
9.96499596694e-10	1.3170433355e-09
9.97693009384e-10	-1.36540134754e-09
9.98886422075e-10	-3.56212292996e-09
1.00007983477e-09	-4.64698352021e-09
1.00127324746e-09	-4.32037622344e-09
1.00246666015e-09	-2.70203218133e-09
1.00366007284e-09	-2.91952399756e-10
1.00485348553e-09	2.19872600682e-09
1.00604689822e-09	4.03976146979e-09
1.00724031091e-09	4.71681599334e-09
1.0084337236e-09	4.05825884009e-09
1.00962713629e-09	2.28064006569e-09
1.01082054898e-09	-7.77516696859e-11
1.01201396167e-09	-2.32768820885e-09
1.01320737436e-09	-3.81401210614e-09
1.01440078705e-09	-4.11375811193e-09
1.01559419974e-09	-3.14948617186e-09
1.01678761243e-09	-1.21241422457e-09
1.01798102513e-09	1.12369190342e-09
1.01917443782e-09	3.17244069903e-09
1.02036785051e-09	4.33794011823e-09
1.0215612632e-09	4.28814916908e-09
1.02275467589e-09	3.04986619293e-09
1.02394808858e-09	9.94918619712e-10
1.02514150127e-09	-1.27821056517e-09
1.02633491396e-09	-3.11448145052e-09
1.02752832665e-09	-3.9961236542e-09
1.02872173934e-09	-3.67992014638e-09
1.02991515203e-09	-2.26440360906e-09
1.03110856472e-09	-1.57510695459e-10
1.03230197741e-09	2.03981798119e-09
1.0334953901e-09	3.7026494093e-09
1.03468880279e-09	4.35504704521e-09
1.03588221549e-09	3.81353759682e-09
1.03707562818e-09	2.23371160457e-09
1.03826904087e-09	7.29832652646e-11
1.03946245356e-09	-2.04436931273e-09
1.04065586625e-09	-3.51297843593e-09
1.04184927894e-09	-3.9131652918e-09
1.04304269163e-09	-3.14574957749e-09
1.04423610432e-09	-1.44271955493e-09
1.04542951701e-09	6.94145865787e-10
1.0466229297e-09	2.64752794688e-09
1.04781634239e-09	3.86392384755e-09
1.04900975508e-09	4.00739696982e-09
1.05020316777e-09	3.05731173711e-09
1.05139658046e-09	1.30627106354e-09
1.05258999315e-09	-7.27253049448e-10
1.05378340584e-09	-2.44922643278e-09
1.05497681854e-09	-3.36577823945e-09
1.05617023123e-09	-3.2275460915e-09
1.05736364392e-09	-2.09291681208e-09
1.05855705661e-09	-3.16543600359e-10
1.0597504693e-09	1.56854193523e-09
1.06094388199e-09	3.00975308565e-09
1.06213729468e-09	3.58945109746e-09
1.06333070737e-09	3.1602573336e-09
1.06452412006e-09	1.86156405568e-09
1.06571753275e-09	8.60507359812e-11
1.06691094544e-09	-1.64500160715e-09
1.06810435813e-09	-2.83790330124e-09
1.06929777082e-09	-3.15155757047e-09
1.07049118351e-09	-2.5079588406e-09
1.0716845962e-09	-1.09377429336e-09
1.0728780089e-09	6.83025247472e-10
1.07407142159e-09	2.31373589732e-09
1.07526483428e-09	3.33204178138e-09
1.07645824697e-09	3.44480499681e-09
1.07765165966e-09	2.61907620591e-09
1.07884507235e-09	1.09314643448e-09
1.08003848504e-09	-6.9579416534e-10
1.08123189773e-09	-2.23098559071e-09
1.08242531042e-09	-3.07332731486e-09
1.08361872311e-09	-2.98525110187e-09
1.0848121358e-09	-1.99621680297e-09
1.08600554849e-09	-3.97422043191e-10
1.08719896118e-09	1.3531836901e-09
1.08839237387e-09	2.75386957682e-09
1.08958578656e-09	3.4116619807e-09
1.09077919926e-09	3.14540726798e-09
1.09197261195e-09	2.04171485274e-09
1.09316602464e-09	4.24492722223e-10
1.09435943733e-09	-1.23841743804e-09
1.09555285002e-09	-2.47046966217e-09
1.09674626271e-09	-2.92855123485e-09
1.0979396754e-09	-2.49552903342e-09
1.09913308809e-09	-1.31965222083e-09
1.10032650078e-09	2.44454914644e-10
1.10151991347e-09	1.73473775622e-09
1.10271332616e-09	2.72623770781e-09
1.10390673885e-09	2.95103677606e-09
1.10510015154e-09	2.36539421383e-09
1.10629356423e-09	1.16284094853e-09
1.10748697692e-09	-2.97556979056e-10
1.10868038961e-09	-1.59103119568e-09
1.10987380231e-09	-2.34983527081e-09
1.111067215e-09	-2.36604455472e-09
1.11226062769e-09	-1.64477780007e-09
1.11345404038e-09	-4.01599170585e-10
1.11464745307e-09	9.9827573985e-10
1.11584086576e-09	2.14934453568e-09
1.11703427845e-09	2.71756936399e-09
1.11822769114e-09	2.53819343321e-09
1.11942110383e-09	1.66692155912e-09
1.12061451652e-09	3.53049332824e-10
1.12180792921e-09	-1.01896538429e-09
1.1230013419e-09	-2.05615111049e-09
1.12419475459e-09	-2.45917824993e-09
1.12538816728e-09	-2.11193268429e-09
1.12658157997e-09	-1.11733414188e-09
1.12777499267e-09	2.41991673228e-10
1.12896840536e-09	1.57365977194e-09
1.13016181805e-09	2.49806766939e-09
1.13135523074e-09	2.7501683153e-09
1.13254864343e-09	2.25959032041e-09
1.13374205612e-09	1.16882609147e-09
1.13493546881e-09	-2.07734827604e-10
1.1361288815e-09	-1.47516400484e-09
1.13732229419e-09	-2.27289148613e-09
1.13851570688e-09	-2.38031702682e-09
1.13970911957e-09	-1.77614158103e-09
1.14090253226e-09	-6.44214535883e-10
1.14209594495e-09	6.84881019952e-10
1.14328935764e-09	1.8323146056e-09
1.14448277033e-09	2.47819731403e-09
1.14567618303e-09	2.45433573465e-09
1.14686959572e-09	1.78481607271e-09
1.14806300841e-09	6.74287327362e-10
1.1492564211e-09	-5.52677098531e-10
1.15044983379e-09	-1.54856653889e-09
1.15164324648e-09	-2.03793648623e-09
1.15283665917e-09	-1.89551060958e-09
1.15403007186e-09	-1.17595744253e-09
1.15522348455e-09	-9.91197835615e-11
1.15641689724e-09	1.01958456955e-09
1.15761030993e-09	1.85457967039e-09
1.15880372262e-09	2.16960491239e-09
1.15999713531e-09	1.8803476276e-09
1.161190548e-09	1.07771078173e-09
1.16238396069e-09	4.33537407363e-12
1.16357737338e-09	-1.02845498784e-09
1.16477078608e-09	-1.71653639913e-09
1.16596419877e-09	-1.86541460057e-09
1.16715761146e-09	-1.43341577497e-09
1.16835102415e-09	-5.47638427661e-10
1.16954443684e-09	5.33521636592e-10
1.17073784953e-09	1.49914734793e-09
1.17193126222e-09	2.06884903653e-09
1.17312467491e-09	2.07760070259e-09
1.1743180876e-09	1.52198660619e-09
1.17551150029e-09	5.59732850347e-10
1.17670491298e-09	-5.31245429591e-10
1.17789832567e-09	-1.43765419014e-09
1.17909173836e-09	-1.90064303185e-09
1.18028515105e-09	-1.78741083046e-09
1.18147856374e-09	-1.13627844633e-09
1.18267197644e-09	-1.35500154499e-10
1.18386538913e-09	9.27498508552e-10
1.18505880182e-09	1.75026526605e-09
1.18625221451e-09	2.10658843147e-09
1.1874456272e-09	1.90053776883e-09
1.18863903989e-09	1.19925699926e-09
1.18983245258e-09	2.05354878935e-10
1.19102586527e-09	-8.00146331137e-10
1.19221927796e-09	-1.53629045596e-09
1.19341269065e-09	-1.80349180035e-09
1.19460610334e-09	-1.53712054196e-09
1.19579951603e-09	-8.22702975189e-10
1.19699292872e-09	1.28307557287e-10
1.19818634141e-09	1.04262212752e-09
1.1993797541e-09	1.66395699996e-09
1.20057316679e-09	1.82241328972e-09
1.20176657949e-09	1.48786592769e-09
1.20295999218e-09	7.65911778444e-10
1.20415340487e-09	-1.26928745292e-10
1.20534681756e-09	-9.31119320535e-10
1.20654023025e-09	-1.42142764226e-09
1.20773364294e-09	-1.46042294924e-09
1.20892705563e-09	-1.0482597429e-09
1.21012046832e-09	-3.08396464616e-10
1.21131388101e-09	5.40387540271e-10
1.2125072937e-09	1.25048568722e-09
1.21370070639e-09	1.61612653815e-09
1.21489411908e-09	1.53083437593e-09
1.21608753177e-09	1.0196080924e-09
1.21728094446e-09	2.31226647204e-10
1.21847435715e-09	-6.04980288088e-10
1.21966776985e-09	-1.24585677885e-09
1.22086118254e-09	-1.50354415029e-09
1.22205459523e-09	-1.30496340123e-09
1.22324800792e-09	-7.0523607093e-10
1.22444142061e-09	1.2036076389e-10
1.2256348333e-09	9.35304382554e-10
1.22682824599e-09	1.50599081816e-09
1.22802165868e-09	1.6690784449e-09
1.22921507137e-09	1.37976517711e-09
1.23040848406e-09	7.20081223815e-10
1.23160189675e-09	-1.21867363423e-10
1.23279530944e-09	-9.08063180205e-10
1.23398872213e-09	-1.41789817387e-09
1.23518213482e-09	-1.50988586911e-09
1.23637554751e-09	-1.16228313085e-09
1.23756896021e-09	-4.77599446103e-10
1.2387623729e-09	3.4791765649e-10
1.23995578559e-09	1.08159355083e-09
1.24114919828e-09	1.51969668793e-09
1.24234261097e-09	1.54798886209e-09
1.24353602366e-09	1.16498455327e-09
1.24472943635e-09	4.88714055336e-10
1.24592284904e-09	-2.88052342395e-10
1.24711626173e-09	-9.48573372628e-10
1.24830967442e-09	-1.31082639188e-09
1.24950308711e-09	-1.28403110367e-09
1.2506964998e-09	-8.82779779832e-10
1.25188991249e-09	-2.28794797344e-10
1.25308332518e-09	4.87001702854e-10
1.25427673787e-09	1.06052405746e-09
1.25547015056e-09	1.32831592947e-09
1.25666356326e-09	1.21720813984e-09
1.25785697595e-09	7.66266446128e-10
1.25905038864e-09	1.08293558149e-10
1.26024380133e-09	-5.59078519591e-10
1.26143721402e-09	-1.04255187816e-09
1.26263062671e-09	-1.20164397877e-09
1.2638240394e-09	-9.90735757322e-10
1.26501745209e-09	-4.77007766619e-10
1.26621086478e-09	1.91561402157e-10
1.26740427747e-09	8.16496099898e-10
1.26859769016e-09	1.21640911233e-09
1.26979110285e-09	1.27468006983e-09
1.27098451554e-09	9.71796768057e-10
1.27217792823e-09	3.95429532868e-10
1.27337134092e-09	-2.8990595341e-10
1.27456475362e-09	-8.86293982649e-10
1.27575816631e-09	-1.22210760956e-09
1.276951579e-09	-1.20122352343e-09
1.27814499169e-09	-8.30618004932e-10
1.27933840438e-09	-2.16365071692e-10
1.28053181707e-09	4.64649020648e-10
1.28172522976e-09	1.02133723701e-09
1.28291864245e-09	1.29708900565e-09
1.28411205514e-09	1.2183888759e-09
1.28530546783e-09	8.1080493014e-10
1.28649888052e-09	1.89192600822e-10
1.28769229321e-09	-4.71331904062e-10
1.2888857059e-09	-9.90236934117e-10
1.29007911859e-09	-1.22593445118e-09
1.29127253128e-09	-1.11757002264e-09
1.29246594398e-09	-6.99887113542e-10
1.29365935667e-09	-9.32628583736e-11
1.29485276936e-09	5.30965826862e-10
1.29604618205e-09	9.98720051104e-10
1.29723959474e-09	1.18181900377e-09
1.29843300743e-09	1.03411511299e-09
1.29962642012e-09	6.03552270662e-10
1.30081983281e-09	1.80032924332e-11
1.3020132455e-09	-5.54593967972e-10
1.30320665819e-09	-9.50813483502e-10
1.30440007088e-09	-1.06199329886e-09
1.30559348357e-09	-8.622273312e-10
1.30678689626e-09	-4.13342943206e-10
1.30798030895e-09	1.48318119939e-10
1.30917372164e-09	6.59758137012e-10
1.31036713433e-09	9.7046573555e-10
1.31156054703e-09	9.90935306033e-10
1.31275395972e-09	7.17928050342e-10
1.31394737241e-09	2.31609214446e-10
1.3151407851e-09	-3.22991078328e-10
1.31633419779e-09	-7.83116078928e-10
1.31752761048e-09	-1.01442243494e-09
1.31872102317e-09	-9.49088141411e-10
1.31991443586e-09	-6.07743480541e-10
1.32110784855e-09	-8.93921004927e-11
1.32230126124e-09	4.55829061996e-10
1.32349467393e-09	8.70398336739e-10
1.32468808662e-09	1.03641650817e-09
1.32588149931e-09	9.06034178239e-10
1.327074912e-09	5.14988364453e-10
1.32826832469e-09	-2.5864204875e-11
1.32946173739e-09	-5.65909298589e-10
1.33065515008e-09	-9.53395515313e-10
1.33184856277e-09	-1.07923113501e-09
1.33304197546e-09	-9.09887908074e-10
1.33423538815e-09	-4.91964531613e-10
1.33542880084e-09	5.61287622283e-11
1.33662221353e-09	5.8046840945e-10
1.33781562622e-09	9.37059652095e-10
1.33900903891e-09	1.0253559668e-09
1.3402024516e-09	8.26330490145e-10
1.34139586429e-09	3.95657770436e-10
1.34258927698e-09	-1.42574802658e-10
1.34378268967e-09	-6.38644026552e-10
1.34497610236e-09	-9.564672665e-10
1.34616951505e-09	-1.00866050234e-09
1.34736292775e-09	-7.87687089165e-10
1.34855634044e-09	-3.58096208936e-10
1.34974975313e-09	1.53750632018e-10
1.35094316582e-09	6.01594087046e-10
1.35213657851e-09	8.59033524869e-10
1.3533299912e-09	8.55272429268e-10
1.35452340389e-09	5.9643576189e-10
1.35571681658e-09	1.61243109142e-10
1.35691022927e-09	-3.20664505365e-10
1.35810364196e-09	-7.08907904601e-10
1.35929705465e-09	-8.91559832905e-10
1.36049046734e-09	-8.19272275021e-10
1.36168388003e-09	-5.16039697085e-10
1.36287729272e-09	-7.33540311826e-11
1.36407070541e-09	3.76576020367e-10
1.3652641181e-09	7.03923509759e-10
1.3664575308e-09	8.10337061341e-10
1.36765094349e-09	6.67910005081e-10
1.36884435618e-09	3.16118083099e-10
1.37003776887e-09	-1.42904171135e-10
1.37123118156e-09	-5.74804287501e-10
1.37242459425e-09	-8.57808463151e-10
1.37361800694e-09	-9.0742258152e-10
1.37481141963e-09	-7.10622262423e-10
1.37600483232e-09	-3.22699474781e-10
1.37719824501e-09	1.47087087302e-10
1.3783916577e-09	5.64421627491e-10
1.37958507039e-09	8.12680645002e-10
1.38077848308e-09	8.20630133291e-10
1.38197189577e-09	5.86204508546e-10
1.38316530846e-09	1.7461837358e-10
1.38435872116e-09	-2.99561753875e-10
1.38555213385e-09	-7.04382795147e-10
1.38674554654e-09	-9.27490778624e-10
1.38793895923e-09	-9.07465332045e-10
1.38913237192e-09	-6.52345705232e-10
1.39032578461e-09	-2.33448014392e-10
1.3915191973e-09	2.28933982882e-10
1.39271260999e-09	6.07142530695e-10
1.39390602268e-09	7.94861752806e-10
1.39509943537e-09	7.42346240035e-10
1.39629284806e-09	4.68915704877e-10
1.39748626075e-09	5.26784865729e-11
1.39867967344e-09	-3.83744671456e-10
1.39987308613e-09	-7.19812487393e-10
1.40106649882e-09	-8.6004697808e-10
1.40225991152e-09	-7.69525998479e-10
1.40345332421e-09	-4.7979186249e-10
1.4046467369e-09	-7.59802429307e-11
1.40584014959e-09	3.20549125438e-10
1.40703356228e-09	5.97612369313e-10
1.40822697497e-09	6.75120924443e-10
1.40942038766e-09	5.34367654292e-10
1.41061380035e-09	2.19751380287e-10
1.41180721304e-09	-1.75473805625e-10
1.41300062573e-09	-5.34396006613e-10
1.41419403842e-09	-7.5321818227e-10
1.41538745111e-09	-7.68935720652e-10
1.4165808638e-09	-5.78493995762e-10
1.41777427649e-09	-2.37783619184e-10
1.41896768918e-09	1.53468666594e-10
1.42016110187e-09	4.81830672583e-10
1.42135451457e-09	6.52719503447e-10
1.42254792726e-09	6.15267385651e-10
1.42374133995e-09	3.80631366703e-10
1.42493475264e-09	1.27894006149e-11
1.42612816533e-09	-3.82243039304e-10
1.42732157802e-09	-6.93895406412e-10
1.42851499071e-09	-8.33495945873e-10
1.4297084034e-09	-7.59693342955e-10
1.43090181609e-09	-4.94564174336e-10
1.43209522878e-09	-1.10111781672e-10
1.43328864147e-09	2.84516053078e-10
1.43448205416e-09	5.7905967521e-10
1.43567546685e-09	6.91087881366e-10
1.43686887954e-09	5.88508290711e-10
1.43806229223e-09	3.01815999276e-10
1.43925570493e-09	-8.92667068736e-11
1.44044911762e-09	-4.74000547146e-10
1.44164253031e-09	-7.44742371939e-10
1.442835943e-09	-8.27117714597e-10
1.44402935569e-09	-7.00552754695e-10
1.44522276838e-09	-4.03432946772e-10
1.44641618107e-09	-2.27427829173e-11
1.44760959376e-09	3.32914473766e-10
1.44880300645e-09	5.6380026342e-10
1.44999641914e-09	6.05735787917e-10
1.45118983183e-09	4.52750233138e-10
1.45238324452e-09	1.50510402752e-10
1.45357665721e-09	-2.10487828556e-10
1.4547700699e-09	-5.26351365271e-10
1.45596348259e-09	-7.08517661208e-10
1.45715689528e-09	-7.05689021108e-10
1.45835030798e-09	-5.24197477092e-10
1.45954372067e-09	-2.18071154884e-10
1.46073713336e-09	1.21453299674e-10
1.46193054605e-09	3.94995446074e-10
1.46312395874e-09	5.24726199991e-10
1.46431737143e-09	4.72594109679e-10
1.46551078412e-09	2.55744852379e-10
1.46670419681e-09	-6.23006576883e-11
1.4678976095e-09	-3.89880513291e-10
1.46909102219e-09	-6.30946628277e-10
1.47028443488e-09	-7.16780697296e-10
1.47147784757e-09	-6.21404080969e-10
1.47267126026e-09	-3.71712077785e-10
1.47386467295e-09	-3.89442536379e-11
1.47505808564e-09	2.82860162376e-10
1.47625149834e-09	5.00656995028e-10
1.47744491103e-09	5.51728419895e-10
1.47863832372e-09	4.20579210347e-10
1.47983173641e-09	1.43043105139e-10
1.4810251491e-09	-2.02800966992e-10
1.48221856179e-09	-5.19317963632e-10
1.48341197448e-09	-7.17230490277e-10
1.48460538717e-09	-7.40723198056e-10
1.48579879986e-09	-5.83669078347e-10
1.48699221255e-09	-2.91555741355e-10
1.48818562524e-09	5.38746365228e-11
1.48937903793e-09	3.53799205211e-10
1.49057245062e-09	5.26111924859e-10
1.49176586331e-09	5.23045169676e-10
1.492959276e-09	3.47714523841e-10
1.4941526887e-09	5.2051037959e-11
1.49534610139e-09	-2.80169987904e-10
1.49653951408e-09	-5.54354832871e-10
1.49773292677e-09	-6.95423232888e-10
1.49892633946e-09	-6.65727264981e-10
1.50011975215e-09	-4.77375718816e-10
1.50131316484e-09	-1.86726845791e-10
1.50250657753e-09	1.21399306406e-10
1.50369999022e-09	3.59541361961e-10
1.50489340291e-09	4.60967673754e-10
1.5060868156e-09	3.99607322926e-10
1.50728022829e-09	1.96460932592e-10
1.50847364098e-09	-8.8735793019e-11
1.50966705367e-09	-3.71540419958e-10
1.51086046636e-09	-5.72070474325e-10
1.51205387905e-09	-6.32309142545e-10
1.51324729175e-09	-5.36290262199e-10
1.51444070444e-09	-3.13308597816e-10
1.51563411713e-09	-2.76257645232e-11
1.51682752982e-09	2.36582923391e-10
1.51802094251e-09	4.0331119347e-10
1.5192143552e-09	4.23263535332e-10
1.52040776789e-09	2.90186038393e-10
1.52160118058e-09	4.24524408682e-11
1.52279459327e-09	-2.49866984742e-10
1.52398800596e-09	-5.02130621804e-10
1.52518141865e-09	-6.41542319268e-10
1.52637483134e-09	-6.28430550653e-10
1.52756824403e-09	-4.65213995798e-10
1.52876165672e-09	-1.98333825058e-10
1.52995506941e-09	9.70065065602e-11
1.53114848211e-09	3.37407695533e-10
1.5323418948e-09	4.54112275561e-10
1.53353530749e-09	4.15123199704e-10
1.53472872018e-09	2.31163616027e-10
1.53592213287e-09	-4.57044532429e-11
1.53711554556e-09	-3.37016234364e-10
1.53830895825e-09	-5.61498410268e-10
1.53950237094e-09	-6.56276220867e-10
1.54069578363e-09	-5.96215764259e-10
1.54188919632e-09	-4.00183594595e-10
1.54308260901e-09	-1.24616201039e-10
1.5442760217e-09	1.52592069189e-10
1.54546943439e-09	3.53225823591e-10
1.54666284708e-09	4.23449966064e-10
1.54785625977e-09	3.44979385336e-10
1.54904967247e-09	1.42894463623e-10
1.55024308516e-09	-1.23681793973e-10
1.55143649785e-09	-3.79376467741e-10
1.55262991054e-09	-5.51370830937e-10
1.55382332323e-09	-5.93476552624e-10
1.55501673592e-09	-4.95275088302e-10
1.55621014861e-09	-2.87415294689e-10
