% time-domain voltage integration by openEMS v0.37.0-rc1-2-g7b051bb @Tue Jul 14 02:07:00 2026
% start-coordinates: (0.00308805,0,-0.000889) m -> [95,43,13]
% stop-coordinates: (0.00336646,0,-0.000889) m -> [100,43,13]
% t/s	voltage
0	0
1.15462569568e-12	0
2.30925139136e-12	0
3.46387708705e-12	0
4.61850278273e-12	0
5.77312847841e-12	0
6.92775417409e-12	0
8.08237986977e-12	0
9.23700556545e-12	0
1.03916312611e-11	0
1.15462569568e-11	0
1.27008826525e-11	0
1.38555083482e-11	0
1.50101340439e-11	0
1.61647597395e-11	0
1.73193854352e-11	0
1.84740111309e-11	0
1.96286368266e-11	0
2.07832625223e-11	0
2.1937888218e-11	0
2.30925139136e-11	0
2.42471396093e-11	0
2.5401765305e-11	0
2.65563910007e-11	0
2.77110166964e-11	0
2.8865642392e-11	0
3.00202680877e-11	0
3.11748937834e-11	0
3.23295194791e-11	0
3.34841451748e-11	0
3.46387708705e-11	0
3.57933965661e-11	0
3.69480222618e-11	0
3.81026479575e-11	0
3.92572736532e-11	0
4.04118993489e-11	0
4.15665250445e-11	0
4.27211507402e-11	0
4.38757764359e-11	0
4.50304021316e-11	0
4.61850278273e-11	0
4.7339653523e-11	0
4.84942792186e-11	0
4.96489049143e-11	0
5.080353061e-11	0
5.19581563057e-11	0
5.31127820014e-11	0
5.4267407697e-11	0
5.54220333927e-11	0
5.65766590884e-11	0
5.77312847841e-11	0
5.88859104798e-11	0
6.00405361755e-11	0
6.11951618711e-11	0
6.23497875668e-11	0
6.35044132625e-11	0
6.46590389582e-11	0
6.58136646539e-11	0
6.69682903495e-11	0
6.81229160452e-11	0
6.92775417409e-11	0
7.04321674366e-11	0
7.15867931323e-11	0
7.2741418828e-11	0
7.38960445236e-11	0
7.50506702193e-11	0
7.6205295915e-11	0
7.73599216107e-11	0
7.85145473064e-11	0
7.9669173002e-11	0
8.08237986977e-11	0
8.19784243934e-11	0
8.31330500891e-11	0
8.42876757848e-11	0
8.54423014805e-11	0
8.65969271761e-11	0
8.77515528718e-11	0
8.89061785675e-11	0
9.00608042632e-11	0
9.12154299589e-11	0
9.23700556545e-11	0
9.35246813502e-11	0
9.46793070459e-11	0
9.58339327416e-11	0
9.69885584373e-11	0
9.8143184133e-11	0
9.92978098286e-11	0
1.00452435524e-10	0
1.0160706122e-10	0
1.02761686916e-10	0
1.03916312611e-10	0
1.05070938307e-10	0
1.06225564003e-10	0
1.07380189698e-10	0
1.08534815394e-10	0
1.0968944109e-10	0
1.10844066785e-10	9.95952166722e-37
1.11998692481e-10	1.9337473262e-34
1.13153318177e-10	8.02251132002e-35
1.14307943872e-10	-8.80536604677e-32
1.15462569568e-10	-3.05115775876e-30
1.16617195264e-10	-6.82013501728e-29
1.1777182096e-10	-1.17330542311e-27
1.18926446655e-10	-1.63905162433e-26
1.20081072351e-10	-1.89998027247e-25
1.21235698047e-10	-1.84173694004e-24
1.22390323742e-10	-1.48897134957e-23
1.23544949438e-10	-9.87323415281e-23
1.24699575134e-10	-5.11168929264e-22
1.25854200829e-10	-1.73284258581e-21
1.27008826525e-10	4.90658324848e-22
1.28163452221e-10	6.45567761474e-20
1.29318077916e-10	6.27025231729e-19
1.30472703612e-10	4.17298427716e-18
1.31627329308e-10	2.23803156993e-17
1.32781955003e-10	1.02008154677e-16
1.33936580699e-10	4.04783393704e-16
1.35091206395e-10	1.41542756407e-15
1.3624583209e-10	4.38383542978e-15
1.37400457786e-10	1.20154244076e-14
1.38555083482e-10	2.88896968278e-14
1.39709709177e-10	5.95095846583e-14
1.40864334873e-10	9.85377517158e-14
1.42018960569e-10	1.02564266826e-13
1.43173586265e-10	-7.22207345061e-14
1.4432821196e-10	-7.80571360857e-13
1.45482837656e-10	-2.74221444163e-12
1.46637463352e-10	-7.18660070689e-12
1.47792089047e-10	-1.58554942179e-11
1.48946714743e-10	-3.06382198258e-11
1.50101340439e-10	-5.25627844201e-11
1.51255966134e-10	-7.99364957907e-11
1.5241059183e-10	-1.05705467816e-10
1.53565217526e-10	-1.14623574521e-10
1.54719843221e-10	-8.15280629465e-11
1.55874468917e-10	2.73068325764e-11
1.57029094613e-10	2.47545952486e-10
1.58183720308e-10	6.03534375254e-10
1.59338346004e-10	1.08947377508e-09
1.604929717e-10	1.6501812139e-09
1.61647597395e-10	2.17115248002e-09
1.62802223091e-10	2.49004605823e-09
1.63956848787e-10	2.43836587033e-09
1.65111474482e-10	1.91066429345e-09
1.66266100178e-10	9.40586962483e-10
1.67420725874e-10	-2.5409458565e-10
1.6857535157e-10	-1.29999180865e-09
1.69729977265e-10	-1.79434231362e-09
1.70884602961e-10	-1.51054754816e-09
1.72039228657e-10	-6.11166749154e-10
1.73193854352e-10	2.40626883002e-10
1.74348480048e-10	-2.80348452786e-11
1.75503105744e-10	-2.57268556458e-09
1.76657731439e-10	-8.14398570803e-09
1.77812357135e-10	-1.66191016504e-08
1.78966982831e-10	-2.67699571399e-08
1.80121608526e-10	-3.64208405657e-08
1.81276234222e-10	-4.29909166044e-08
1.82430859918e-10	-4.42382348531e-08
1.83585485613e-10	-3.89169372284e-08
1.84740111309e-10	-2.70963114168e-08
1.85894737005e-10	-1.00582927542e-08
1.870493627e-10	1.0104781456e-08
1.88203988396e-10	3.09550540756e-08
1.89358614092e-10	5.00465491271e-08
1.90513239787e-10	6.51163096776e-08
1.91667865483e-10	7.4270264605e-08
1.92822491179e-10	7.63198180209e-08
1.93977116875e-10	7.12626313515e-08
1.9513174257e-10	6.06744268161e-08
1.96286368266e-10	4.76650283687e-08
1.97440993962e-10	3.61787777514e-08
1.98595619657e-10	2.97495843515e-08
1.99750245353e-10	3.01728106944e-08
2.00904871049e-10	3.67012851221e-08
2.02059496744e-10	4.6194216452e-08
2.0321412244e-10	5.42150888627e-08
2.04368748136e-10	5.66262161605e-08
2.05523373831e-10	5.10099362749e-08
2.06677999527e-10	3.73698481049e-08
2.07832625223e-10	1.79349950447e-08
2.08987250918e-10	-3.71268554789e-09
2.10141876614e-10	-2.37456923013e-08
2.1129650231e-10	-3.90135501682e-08
2.12451128005e-10	-4.75644763576e-08
2.13605753701e-10	-4.87923981218e-08
2.14760379397e-10	-4.33914295606e-08
2.15915005092e-10	-3.32928347113e-08
2.17069630788e-10	-2.16091691208e-08
2.18224256484e-10	-1.24147429004e-08
2.1937888218e-10	-1.01023077681e-08
2.20533507875e-10	-1.81875463579e-08
2.21688133571e-10	-3.77698392562e-08
2.22842759267e-10	-6.62298340615e-08
2.23997384962e-10	-9.69159978936e-08
2.25152010658e-10	-1.2036604069e-07
2.26306636354e-10	-1.27023737306e-07
2.27461262049e-10	-1.10668334052e-07
2.28615887745e-10	-7.12510219714e-08
2.29770513441e-10	-1.58764055236e-08
2.30925139136e-10	4.26595549996e-08
2.32079764832e-10	8.93732137186e-08
2.33234390528e-10	1.11430483507e-07
2.34389016223e-10	1.01862355883e-07
2.35543641919e-10	6.15496746903e-08
2.36698267615e-10	-9.37669886181e-10
2.3785289331e-10	-7.13830168309e-08
2.39007519006e-10	-1.33188192919e-07
2.40162144702e-10	-1.71135784655e-07
2.41316770397e-10	-1.74999616576e-07
2.42471396093e-10	-1.42357269084e-07
2.43626021789e-10	-7.98794363988e-08
2.44780647485e-10	-2.43071807127e-09
2.4593527318e-10	7.02600857494e-08
2.47089898876e-10	1.18821730233e-07
2.48244524572e-10	1.29966737816e-07
2.49399150267e-10	1.00838199124e-07
2.50553775963e-10	4.02924240639e-08
2.51708401659e-10	-3.36142531587e-08
2.52863027354e-10	-9.92771491681e-08
2.5401765305e-10	-1.38436590191e-07
2.55172278746e-10	-1.41878759408e-07
2.56326904441e-10	-1.11931919733e-07
2.57481530137e-10	-6.09563590714e-08
2.58636155833e-10	-6.54301302028e-09
2.59790781528e-10	3.46751853897e-08
2.60945407224e-10	5.23265861752e-08
2.6210003292e-10	4.4986989689e-08
2.63254658615e-10	1.96425495869e-08
2.64409284311e-10	-1.14858227374e-08
2.65563910007e-10	-3.5362274442e-08
2.66718535702e-10	-4.22221582141e-08
2.67873161398e-10	-2.81639016553e-08
2.69027787094e-10	4.19431253618e-09
2.7018241279e-10	4.68180054725e-08
2.71337038485e-10	8.86317739202e-08
2.72491664181e-10	1.18552615724e-07
2.73646289877e-10	1.28485359241e-07
2.74800915572e-10	1.15558766112e-07
2.75955541268e-10	8.29925035362e-08
2.77110166964e-10	3.92726557941e-08
2.78264792659e-10	-4.23161430896e-09
2.79419418355e-10	-3.65468517671e-08
2.80574044051e-10	-5.02184445139e-08
2.81728669746e-10	-4.32331557221e-08
2.82883295442e-10	-1.91553839457e-08
2.84037921138e-10	1.4417949723e-08
2.85192546833e-10	4.83913344951e-08
2.86347172529e-10	7.47453787753e-08
2.87501798225e-10	8.8345163185e-08
2.8865642392e-10	8.76054864207e-08
2.89811049616e-10	7.41012300409e-08
2.90965675312e-10	5.15111677757e-08
2.92120301007e-10	2.43712729997e-08
2.93274926703e-10	-2.95231081249e-09
2.94429552399e-10	-2.68426945116e-08
2.95584178095e-10	-4.45904708712e-08
2.9673880379e-10	-5.437045969e-08
2.97893429486e-10	-5.53166992212e-08
2.99048055182e-10	-4.78079442701e-08
3.00202680877e-10	-3.38144929835e-08
3.01357306573e-10	-1.69636709124e-08
3.02511932269e-10	-1.9761619563e-09
3.03666557964e-10	6.62200527746e-09
3.0482118366e-10	6.15028272755e-09
3.05975809356e-10	-2.96700770896e-09
3.07130435051e-10	-1.70753835516e-08
3.08285060747e-10	-3.05465446271e-08
3.09439686443e-10	-3.79745723755e-08
3.10594312138e-10	-3.63663592573e-08
3.11748937834e-10	-2.6311117729e-08
3.1290356353e-10	-1.15491134434e-08
3.14058189225e-10	2.85386710097e-09
3.15212814921e-10	1.28019237433e-08
3.16367440617e-10	1.68049678617e-08
3.17522066312e-10	1.62141606808e-08
3.18676692008e-10	1.40259572845e-08
3.19831317704e-10	1.29136862315e-08
3.209859434e-10	1.35365028076e-08
3.22140569095e-10	1.40446416719e-08
3.23295194791e-10	1.10600971714e-08
3.24449820487e-10	1.64873374675e-09
3.25604446182e-10	-1.46507335153e-08
3.26759071878e-10	-3.47112649735e-08
3.27913697574e-10	-5.22689096449e-08
3.29068323269e-10	-5.99472445018e-08
3.30222948965e-10	-5.21077101467e-08
3.31377574661e-10	-2.73686666663e-08
3.32532200356e-10	1.02197852403e-08
3.33686826052e-10	5.18426355178e-08
3.34841451748e-10	8.62976534677e-08
3.35996077443e-10	1.03359534265e-07
3.37150703139e-10	9.70146674106e-08
3.38305328835e-10	6.74724232042e-08
3.3945995453e-10	2.1313191878e-08
3.40614580226e-10	-3.02445664069e-08
3.41769205922e-10	-7.44366035477e-08
3.42923831617e-10	-1.00500463063e-07
3.44078457313e-10	-1.02621060094e-07
3.45233083009e-10	-8.14079976763e-08
3.46387708705e-10	-4.35170597335e-08
3.475423344e-10	4.17295198396e-10
3.48696960096e-10	3.89097980502e-08
3.49851585792e-10	6.28606766639e-08
3.51006211487e-10	6.79089344757e-08
3.52160837183e-10	5.52445875712e-08
3.53315462879e-10	3.07582825876e-08
3.54470088574e-10	2.91501528471e-09
3.5562471427e-10	-1.99075549379e-08
3.56779339966e-10	-3.17766875035e-08
3.57933965661e-10	-3.06214413826e-08
3.59088591357e-10	-1.84441455442e-08
3.60243217053e-10	-4.09979966642e-10
3.61397842748e-10	1.68301377279e-08
3.62552468444e-10	2.70797380075e-08
3.6370709414e-10	2.63273058909e-08
3.64861719835e-10	1.38928536453e-08
3.66016345531e-10	-7.31056187808e-09
3.67170971227e-10	-3.15259294226e-08
3.68325596922e-10	-5.17376657072e-08
3.69480222618e-10	-6.16685058574e-08
3.70634848314e-10	-5.76322323198e-08
3.7178947401e-10	-3.96702972694e-08
3.72944099705e-10	-1.15715613758e-08
3.74098725401e-10	2.02237318003e-08
3.75253351097e-10	4.84321471816e-08
3.76407976792e-10	6.68655797398e-08
3.77562602488e-10	7.19345258915e-08
3.78717228184e-10	6.33136609807e-08
3.79871853879e-10	4.36791625091e-08
3.81026479575e-10	1.7758874149e-08
3.82181105271e-10	-8.92219076398e-09
3.83335730966e-10	-3.12671697422e-08
3.84490356662e-10	-4.55463164961e-08
3.85644982358e-10	-4.98930252668e-08
3.86799608053e-10	-4.43726784205e-08
3.87954233749e-10	-3.07477789896e-08
3.89108859445e-10	-1.2031731722e-08
3.9026348514e-10	8.10970213205e-09
3.91418110836e-10	2.60186703294e-08
3.92572736532e-10	3.86815797171e-08
3.93727362227e-10	4.42880154772e-08
3.94881987923e-10	4.26101274265e-08
3.96036613619e-10	3.50522895154e-08
3.97191239315e-10	2.42712716592e-08
3.9834586501e-10	1.33950477377e-08
3.99500490706e-10	5.04171893123e-09
4.00655116402e-10	4.87293441709e-10
4.01809742097e-10	-6.76200973687e-10
4.02964367793e-10	-2.20780934333e-10
4.04118993489e-10	-3.84390623498e-10
4.05273619184e-10	-2.74534625588e-09
4.0642824488e-10	-7.37217037416e-09
4.07582870576e-10	-1.26622015095e-08
4.08737496271e-10	-1.59692326029e-08
4.09892121967e-10	-1.47781841209e-08
4.11046747663e-10	-7.94562637907e-09
4.12201373358e-10	3.55070467473e-09
4.13355999054e-10	1.67036842136e-08
4.1451062475e-10	2.73991731525e-08
4.15665250445e-10	3.18603969873e-08
4.16819876141e-10	2.8078541936e-08
4.17974501837e-10	1.66449714012e-08
4.19129127532e-10	6.58339549542e-10
4.20283753228e-10	-1.52524277652e-08
4.21438378924e-10	-2.64623194468e-08
4.2259300462e-10	-2.99060642917e-08
4.23747630315e-10	-2.50636282839e-08
4.24902256011e-10	-1.40118865399e-08
4.26056881707e-10	-5.89848170307e-10
4.27211507402e-10	1.09555057248e-08
4.28366133098e-10	1.73410570348e-08
4.29520758794e-10	1.71502998469e-08
4.30675384489e-10	1.09967905892e-08
4.31830010185e-10	1.025577262e-09
4.32984635881e-10	-9.93845916675e-09
4.34139261576e-10	-1.92426594658e-08
4.35293887272e-10	-2.49774356753e-08
4.36448512968e-10	-2.61607699947e-08
4.37603138663e-10	-2.26399738956e-08
4.38757764359e-10	-1.49085848111e-08
4.39912390055e-10	-3.99302246823e-09
4.4106701575e-10	8.54703252617e-09
4.42221641446e-10	2.05996868452e-08
4.43376267142e-10	2.96509603537e-08
4.44530892837e-10	3.3237024244e-08
4.45685518533e-10	2.96411666323e-08
4.46840144229e-10	1.86254658363e-08
4.47994769925e-10	1.90581372905e-09
4.4914939562e-10	-1.69423393093e-08
4.50304021316e-10	-3.32780127899e-08
4.51458647012e-10	-4.26890545135e-08
4.52613272707e-10	-4.23741282063e-08
4.53767898403e-10	-3.2149693574e-08
4.54922524099e-10	-1.46753748043e-08
4.56077149794e-10	5.25695176279e-09
4.5723177549e-10	2.2146080525e-08
4.58386401186e-10	3.14523558309e-08
4.59541026881e-10	3.09907939311e-08
4.60695652577e-10	2.15826196914e-08
4.61850278273e-10	6.73156835829e-09
4.63004903968e-10	-8.56590554044e-09
4.64159529664e-10	-1.94583726909e-08
4.6531415536e-10	-2.27811731701e-08
4.66468781055e-10	-1.80150965257e-08
4.67623406751e-10	-7.34521332646e-09
4.68778032447e-10	5.16962456176e-09
4.69932658142e-10	1.49857632969e-08
4.71087283838e-10	1.85504278605e-08
4.72241909534e-10	1.43864447022e-08
4.7339653523e-10	3.47594236727e-09
4.74551160925e-10	-1.1107157416e-08
4.75705786621e-10	-2.51497078718e-08
4.76860412317e-10	-3.45155646286e-08
4.78015038012e-10	-3.62790348873e-08
4.79169663708e-10	-2.94920043942e-08
4.80324289404e-10	-1.54137331787e-08
4.81478915099e-10	2.81240691846e-09
4.82633540795e-10	2.09376502802e-08
4.83788166491e-10	3.46447004418e-08
4.84942792186e-10	4.05958866523e-08
4.86097417882e-10	3.72537645177e-08
4.87252043578e-10	2.5266672754e-08
4.88406669273e-10	7.31636051743e-09
4.89561294969e-10	-1.25356039993e-08
4.90715920665e-10	-2.98324118742e-08
4.9187054636e-10	-4.07912956746e-08
4.93025172056e-10	-4.31965552217e-08
4.94179797752e-10	-3.68648462867e-08
4.95334423447e-10	-2.35696202555e-08
4.96489049143e-10	-6.48866393949e-09
4.97643674839e-10	1.06538705635e-08
4.98798300535e-10	2.44855629106e-08
4.9995292623e-10	3.26813616169e-08
5.01107551926e-10	3.43191350893e-08
5.02262177622e-10	2.98727766967e-08
5.03416803317e-10	2.09255517358e-08
5.04571429013e-10	9.71854907661e-09
5.05726054709e-10	-1.34372971083e-09
5.06880680404e-10	-1.01310976275e-08
5.080353061e-10	-1.51432502093e-08
5.09189931796e-10	-1.57574082671e-08
5.10344557491e-10	-1.23257256623e-08
5.11499183187e-10	-6.09480060865e-09
5.12653808883e-10	1.06497204111e-09
5.13808434578e-10	7.10437808582e-09
5.14963060274e-10	1.03360550119e-08
5.1611768597e-10	9.92977489123e-09
5.17272311665e-10	6.20391249484e-09
5.18426937361e-10	5.88677287472e-10
5.19581563057e-10	-4.77880535144e-09
5.20736188752e-10	-7.73454578162e-09
5.21890814448e-10	-6.84063894418e-09
5.23045440144e-10	-1.94143559562e-09
5.2420006584e-10	5.69805236328e-09
5.25354691535e-10	1.37398521449e-08
5.26509317231e-10	1.95058693642e-08
5.27663942927e-10	2.08405792623e-08
5.28818568622e-10	1.6799418745e-08
5.29973194318e-10	7.92789223159e-09
5.31127820014e-10	-3.94859356323e-09
5.32282445709e-10	-1.62972284556e-08
5.33437071405e-10	-2.65786845866e-08
5.34591697101e-10	-3.28480567191e-08
5.35746322796e-10	-3.40884946937e-08
5.36900948492e-10	-3.02480271941e-08
5.38055574188e-10	-2.20704501341e-08
5.39210199883e-10	-1.08573652291e-08
5.40364825579e-10	1.74812565812e-09
5.41519451275e-10	1.39463831594e-08
5.4267407697e-10	2.39461837026e-08
5.43828702666e-10	3.01510671985e-08
5.44983328362e-10	3.14091610498e-08
5.46137954057e-10	2.72773907906e-08
5.47292579753e-10	1.82019872508e-08
5.48447205449e-10	5.54037765665e-09
5.49601831145e-10	-8.60812188197e-09
5.5075645684e-10	-2.17625704124e-08
5.51911082536e-10	-3.15404107276e-08
5.53065708232e-10	-3.61218779332e-08
5.54220333927e-10	-3.46005539775e-08
5.55374959623e-10	-2.71544444708e-08
5.56529585319e-10	-1.50025520895e-08
5.57684211014e-10	-1.88464549522e-10
5.5883883671e-10	1.47671623818e-08
5.59993462406e-10	2.730023696e-08
5.61148088101e-10	3.52415456817e-08
5.62302713797e-10	3.72031951912e-08
5.63457339493e-10	3.28619238488e-08
5.64611965188e-10	2.30634884524e-08
5.65766590884e-10	9.69139624107e-09
5.6692121658e-10	-4.68784494556e-09
5.68075842275e-10	-1.7342551617e-08
5.69230467971e-10	-2.59705130734e-08
5.70385093667e-10	-2.92084207931e-08
5.71539719362e-10	-2.69042910173e-08
5.72694345058e-10	-2.00946905782e-08
5.73848970754e-10	-1.06804051159e-08
5.7500359645e-10	-8.92198509517e-10
5.76158222145e-10	7.27299553915e-09
5.77312847841e-10	1.24841521565e-08
5.78467473537e-10	1.42748296517e-08
5.79622099232e-10	1.29793169545e-08
5.80776724928e-10	9.46028311244e-09
5.81931350624e-10	4.78389866609e-09
5.83085976319e-10	-2.41487385644e-11
5.84240602015e-10	-4.1263498729e-09
5.85395227711e-10	-6.9236879563e-09
5.86549853406e-10	-8.04853406144e-09
5.87704479102e-10	-7.3812798651e-09
5.88859104798e-10	-5.09929443115e-09
5.90013730493e-10	-1.71502395618e-09
5.91168356189e-10	1.96095398253e-09
5.92322981885e-10	4.9760954246e-09
5.9347760758e-10	6.49217246629e-09
5.94632233276e-10	6.06627903466e-09
5.95786858972e-10	3.84254314478e-09
5.96941484667e-10	5.64563562566e-10
5.98096110363e-10	-2.6304091405e-09
5.99250736059e-10	-4.58825127891e-09
6.00405361755e-10	-4.53610093931e-09
6.0155998745e-10	-2.35837890883e-09
6.02714613146e-10	1.34652905492e-09
6.03869238842e-10	5.46961548276e-09
6.05023864537e-10	8.78162231821e-09
6.06178490233e-10	1.03455028988e-08
6.07333115929e-10	9.80172898402e-09
6.08487741624e-10	7.44697570276e-09
6.0964236732e-10	4.08253780781e-09
6.10796993016e-10	7.03236496813e-10
6.11951618711e-10	-1.82322981712e-09
6.13106244407e-10	-2.98769370355e-09
6.14260870103e-10	-2.73309033738e-09
6.15415495798e-10	-1.39594599768e-09
6.16570121494e-10	4.53093874919e-10
6.1772474719e-10	2.19132190171e-09
6.18879372885e-10	3.29939522925e-09
6.20033998581e-10	3.46702777598e-09
6.21188624277e-10	2.63366445319e-09
6.22343249972e-10	9.75723307706e-10
6.23497875668e-10	-1.13658293888e-09
6.24652501364e-10	-3.21461107733e-09
6.2580712706e-10	-4.7469527753e-09
6.26961752755e-10	-5.30447397118e-09
6.28116378451e-10	-4.65090899127e-09
6.29271004147e-10	-2.81682255299e-09
6.30425629842e-10	-1.12032553373e-10
6.31580255538e-10	2.92493512744e-09
6.32734881234e-10	5.64088570298e-09
6.33889506929e-10	7.41889855105e-09
6.35044132625e-10	7.8239590362e-09
6.36198758321e-10	6.69862837421e-09
6.37353384016e-10	4.19221929393e-09
6.38508009712e-10	7.30400046001e-10
6.39662635408e-10	-3.07703923452e-09
6.40817261103e-10	-6.55733634058e-09
6.41971886799e-10	-9.089228592e-09
6.43126512495e-10	-1.02094174226e-08
6.4428113819e-10	-9.68706781457e-09
6.45435763886e-10	-7.55290374688e-09
6.46590389582e-10	-4.09530043211e-09
6.47745015277e-10	1.75436991323e-10
6.48899640973e-10	4.59098187244e-09
6.50054266669e-10	8.41936842466e-09
6.51208892365e-10	1.09879259025e-08
6.5236351806e-10	1.18184007025e-08
6.53518143756e-10	1.07476521016e-08
6.54672769452e-10	7.99415666997e-09
6.55827395147e-10	4.13580242276e-09
6.56982020843e-10	-1.76079324732e-11
6.58136646539e-10	-3.63165436612e-09
6.59291272234e-10	-6.0614331332e-09
6.6044589793e-10	-7.00311958424e-09
6.61600523626e-10	-6.537401398e-09
6.62755149321e-10	-5.05522446126e-09
6.63909775017e-10	-3.09607076088e-09
6.65064400713e-10	-1.16624720992e-09
6.66219026408e-10	3.95518617857e-10
6.67373652104e-10	1.47645078108e-09
6.685282778e-10	2.16349568816e-09
6.69682903495e-10	2.64904842506e-09
6.70837529191e-10	3.11414471987e-09
6.71992154887e-10	3.63148888738e-09
6.73146780582e-10	4.12859052501e-09
6.74301406278e-10	4.42063163852e-09
6.75456031974e-10	4.29597163398e-09
6.7661065767e-10	3.62308505419e-09
6.77765283365e-10	2.42729433775e-09
6.78919909061e-10	9.04242847266e-10
6.80074534757e-10	-6.37083247268e-10
6.81229160452e-10	-1.87934397211e-09
6.82383786148e-10	-2.59971247307e-09
6.83538411844e-10	-2.73090741687e-09
6.84693037539e-10	-2.35940536553e-09
6.85847663235e-10	-1.66811511826e-09
6.87002288931e-10	-8.55520529419e-10
6.88156914626e-10	-6.24922960601e-11
6.89311540322e-10	6.61333855734e-10
6.90466166018e-10	1.33946136127e-09
6.91620791713e-10	2.01444261272e-09
6.92775417409e-10	2.6861401714e-09
6.93930043105e-10	3.27317234428e-09
6.950846688e-10	3.614918892e-09
6.96239294496e-10	3.51924073216e-09
6.97393920192e-10	2.84672291295e-09
6.98548545887e-10	1.594697846e-09
6.99703171583e-10	-6.22991675608e-11
7.00857797279e-10	-1.79785628052e-09
7.02012422975e-10	-3.22231996641e-09
7.0316704867e-10	-4.00563449077e-09
7.04321674366e-10	-3.98910204868e-09
7.05476300062e-10	-3.24282092845e-09
7.06630925757e-10	-2.03971187163e-09
7.07785551453e-10	-7.58273652202e-10
7.08940177149e-10	2.47085397281e-10
7.10094802844e-10	7.6268587279e-10
7.1124942854e-10	7.76029004945e-10
7.12404054236e-10	4.56027812734e-10
7.13558679931e-10	7.05418067709e-11
7.14713305627e-10	-1.23910970026e-10
7.15867931323e-10	1.82618282475e-11
7.17022557018e-10	4.85213220297e-10
7.18177182714e-10	1.12781946282e-09
7.1933180841e-10	1.7294089355e-09
7.20486434105e-10	2.0987556415e-09
7.21641059801e-10	2.13760520396e-09
7.22795685497e-10	1.85807683128e-09
7.23950311192e-10	1.35345895602e-09
7.25104936888e-10	7.37134686624e-10
7.26259562584e-10	8.90295649703e-11
7.2741418828e-10	-5.60161132757e-10
7.28568813975e-10	-1.19681942135e-09
7.29723439671e-10	-1.77015285763e-09
7.30878065367e-10	-2.15820167293e-09
7.32032691062e-10	-2.17279577663e-09
7.33187316758e-10	-1.62200844422e-09
7.34341942454e-10	-4.11660875527e-10
7.35496568149e-10	1.37110885146e-09
7.36651193845e-10	3.4260188575e-09
7.37805819541e-10	5.28577021042e-09
7.38960445236e-10	6.44020003993e-09
7.40115070932e-10	6.49264131347e-09
7.41269696628e-10	5.29579069486e-09
7.42424322323e-10	3.02128336238e-09
7.43578948019e-10	1.35643617866e-10
7.44733573715e-10	-2.71996175583e-09
7.4588819941e-10	-4.90567692024e-09
7.47042825106e-10	-5.94837468171e-09
7.48197450802e-10	-5.65706897993e-09
7.49352076497e-10	-4.16013734572e-09
7.50506702193e-10	-1.844400771e-09
7.51661327889e-10	7.68065784584e-10
7.52815953585e-10	3.15112827498e-09
7.5397057928e-10	4.88305262891e-09
7.55125204976e-10	5.70879049588e-09
7.56279830672e-10	5.54698376121e-09
7.57434456367e-10	4.46732079107e-09
7.58589082063e-10	2.6642313633e-09
7.59743707759e-10	4.32820525947e-10
7.60898333454e-10	-1.85357568183e-09
7.6205295915e-10	-3.77662157103e-09
7.63207584846e-10	-4.93520185829e-09
7.64362210541e-10	-5.03606212288e-09
7.65516836237e-10	-3.98743948971e-09
7.66671461933e-10	-1.96112484585e-09
7.67826087628e-10	6.12131872968e-10
7.68980713324e-10	3.13220965831e-09
7.7013533902e-10	4.98295454898e-09
7.71289964715e-10	5.70142449918e-09
7.72444590411e-10	5.1164195658e-09
7.73599216107e-10	3.40394759601e-09
7.74753841802e-10	1.03174525867e-09
7.75908467498e-10	-1.37919223264e-09
7.77063093194e-10	-3.23415683123e-09
7.7821771889e-10	-4.13447076575e-09
7.79372344585e-10	-3.97972654831e-09
7.80526970281e-10	-2.97022625939e-09
7.81681595977e-10	-1.51585302643e-09
7.82836221672e-10	-8.80077807505e-11
7.83990847368e-10	9.34511482087e-10
7.85145473064e-10	1.37404389255e-09
7.86300098759e-10	1.27478619327e-09
7.87454724455e-10	8.44930903021e-10
7.88609350151e-10	3.54952719994e-10
7.89763975846e-10	2.81121766491e-11
7.90918601542e-10	-2.66424335935e-11
7.92073227238e-10	1.79227301403e-10
7.93227852933e-10	5.5048357539e-10
7.94382478629e-10	9.64172297557e-10
7.95537104325e-10	1.31340460729e-09
7.9669173002e-10	1.51901359546e-09
7.97846355716e-10	1.52033260981e-09
7.99000981412e-10	1.2628969398e-09
8.00155607107e-10	6.97792192084e-10
8.01310232803e-10	-1.9311122406e-10
8.02464858499e-10	-1.3501486873e-09
8.03619484195e-10	-2.60022403609e-09
8.0477410989e-10	-3.66175828548e-09
8.05928735586e-10	-4.19387585771e-09
8.07083361282e-10	-3.89324783523e-09
8.08237986977e-10	-2.61577898231e-09
8.09392612673e-10	-4.68994211522e-10
8.10547238369e-10	2.1657780569e-09
8.11701864064e-10	4.6969449996e-09
8.1285648976e-10	6.46955938821e-09
8.14011115456e-10	6.95236029857e-09
8.15165741151e-10	5.9022153831e-09
8.16320366847e-10	3.454972336e-09
8.17474992543e-10	1.06379224873e-10
8.18629618238e-10	-3.41403524895e-09
8.19784243934e-10	-6.33170954556e-09
8.2093886963e-10	-8.02467758909e-09
8.22093495325e-10	-8.17294965039e-09
8.23248121021e-10	-6.81499690014e-09
8.24402746717e-10	-4.30733154699e-09
8.25557372412e-10	-1.21261237163e-09
8.26711998108e-10	1.84955506466e-09
8.27866623804e-10	4.34290492457e-09
8.290212495e-10	5.90765775188e-09
8.30175875195e-10	6.39639469169e-09
8.31330500891e-10	5.86053472418e-09
8.32485126587e-10	4.50153353482e-09
8.33639752282e-10	2.60919164052e-09
8.34794377978e-10	5.06837845998e-10
8.35949003674e-10	-1.48871623362e-09
8.37103629369e-10	-3.09902362106e-09
8.38258255065e-10	-4.10892431191e-09
8.39412880761e-10	-4.3895765911e-09
8.40567506456e-10	-3.92086385581e-09
8.41722132152e-10	-2.80218651061e-09
8.42876757848e-10	-1.24467419704e-09
8.44031383543e-10	4.59611633474e-10
8.45186009239e-10	1.99219182817e-09
8.46340634935e-10	3.07707570535e-09
8.4749526063e-10	3.54395754409e-09
8.48649886326e-10	3.36395744593e-09
8.49804512022e-10	2.65083113793e-09
8.50959137717e-10	1.62374949597e-09
8.52113763413e-10	5.39752215145e-10
8.53268389109e-10	-3.76960632847e-10
8.54423014805e-10	-9.88401319124e-10
8.555776405e-10	-1.26747931595e-09
8.56732266196e-10	-1.28420521439e-09
8.57886891892e-10	-1.16297894925e-09
8.59041517587e-10	-1.03249980787e-09
8.60196143283e-10	-9.82653861059e-10
8.61350768979e-10	-1.03876630908e-09
8.62505394674e-10	-1.16186357757e-09
8.6366002037e-10	-1.26869532935e-09
8.64814646066e-10	-1.26273867751e-09
8.65969271761e-10	-1.06791961385e-09
8.67123897457e-10	-6.54325059413e-10
8.68278523153e-10	-5.05201054601e-11
8.69433148848e-10	6.57581773755e-10
8.70587774544e-10	1.34242626737e-09
8.7174240024e-10	1.86309170869e-09
8.72897025935e-10	2.09687336938e-09
8.74051651631e-10	1.96761246185e-09
8.75206277327e-10	1.46909522047e-09
8.76360903022e-10	6.72773663168e-10
8.77515528718e-10	-2.84691589747e-10
8.78670154414e-10	-1.22441309869e-09
8.7982478011e-10	-1.96065572111e-09
8.80979405805e-10	-2.34279751155e-09
8.82134031501e-10	-2.28578328487e-09
8.83288657197e-10	-1.78609693702e-09
8.84443282892e-10	-9.20780174329e-10
8.85597908588e-10	1.70046268733e-10
8.86752534284e-10	1.31032250328e-09
8.87907159979e-10	2.31578539678e-09
8.89061785675e-10	3.01994873553e-09
8.90216411371e-10	3.29610713723e-09
8.91371037066e-10	3.0759904901e-09
8.92525662762e-10	2.36641622964e-09
8.93680288458e-10	1.26119810429e-09
8.94834914153e-10	-6.14648601113e-11
8.95989539849e-10	-1.36255536021e-09
8.97144165545e-10	-2.38450773016e-09
8.9829879124e-10	-2.90909263345e-09
8.99453416936e-10	-2.81637047017e-09
9.00608042632e-10	-2.12118136944e-09
9.01762668327e-10	-9.78635283921e-10
9.02917294023e-10	3.48567803093e-10
9.04071919719e-10	1.55829381343e-09
9.05226545415e-10	2.38849645617e-09
9.0638117111e-10	2.68478048127e-09
9.07535796806e-10	2.43726053228e-09
9.08690422502e-10	1.77266157309e-09
9.09845048197e-10	9.05611266533e-10
9.10999673893e-10	6.87053183443e-11
9.12154299589e-10	-5.53519306778e-10
9.13308925284e-10	-8.68011509891e-10
9.1446355098e-10	-8.80881145804e-10
9.15618176676e-10	-6.71836586363e-10
9.16772802371e-10	-3.54643918399e-10
9.17927428067e-10	-3.89179695415e-11
9.19082053763e-10	1.98048976524e-10
9.20236679458e-10	3.20086478156e-10
9.21391305154e-10	3.25813948737e-10
9.2254593085e-10	2.40226144532e-10
9.23700556545e-10	1.05485098087e-10
9.24855182241e-10	-2.79320156414e-11
9.26009807937e-10	-1.05442746548e-10
9.27164433632e-10	-7.55230769416e-11
9.28319059328e-10	9.67124971687e-11
9.29473685024e-10	4.14058884401e-10
9.3062831072e-10	8.35668187427e-10
9.31782936415e-10	1.27315714915e-09
9.32937562111e-10	1.60258434301e-09
9.34092187807e-10	1.6966252292e-09
9.35246813502e-10	1.46414487479e-09
9.36401439198e-10	8.85383426297e-10
9.37556064894e-10	3.5203302079e-11
9.38710690589e-10	-9.23154289123e-10
9.39865316285e-10	-1.77417928959e-09
9.41019941981e-10	-2.30307450888e-09
9.42174567676e-10	-2.35609526333e-09
9.43329193372e-10	-1.88778540022e-09
9.44483819068e-10	-9.78080783032e-10
9.45638444763e-10	1.82905617735e-10
9.46793070459e-10	1.34117714157e-09
9.47947696155e-10	2.24536700344e-09
9.4910232185e-10	2.71213670966e-09
9.50256947546e-10	2.66938504634e-09
9.51411573242e-10	2.16759521443e-09
9.52566198937e-10	1.35772243448e-09
9.53720824633e-10	4.43011849427e-10
9.54875450329e-10	-3.77270915897e-10
9.56030076025e-10	-9.53159273731e-10
9.5718470172e-10	-1.20909927903e-09
9.58339327416e-10	-1.14644506388e-09
9.59493953112e-10	-8.25359551537e-10
9.60648578807e-10	-3.39808504252e-10
9.61803204503e-10	2.05337058121e-10
9.62957830199e-10	7.13704227662e-10
9.64112455894e-10	1.10677950138e-09
9.6526708159e-10	1.32619705495e-09
9.66421707286e-10	1.337366759e-09
9.67576332981e-10	1.13610244823e-09
9.68730958677e-10	7.5495670826e-10
9.69885584373e-10	2.68173438317e-10
9.71040210068e-10	-2.12269962024e-10
9.72194835764e-10	-5.57733727258e-10
9.7334946146e-10	-6.58084232941e-10
9.74504087155e-10	-4.59768875749e-10
9.75658712851e-10	4.48905756317e-12
9.76813338547e-10	6.11069937706e-10
9.77967964242e-10	1.17448664683e-09
9.79122589938e-10	1.50210319183e-09
9.80277215634e-10	1.45767947712e-09
9.8143184133e-10	1.01416212928e-09
9.82586467025e-10	2.71690343834e-10
9.83741092721e-10	-5.66607177843e-10
9.84895718417e-10	-1.25405380524e-09
9.86050344112e-10	-1.57874024964e-09
9.87204969808e-10	-1.43343553693e-09
9.88359595504e-10	-8.49580225615e-10
9.89514221199e-10	1.42349283402e-11
9.90668846895e-10	9.23870896452e-10
9.91823472591e-10	1.64473255848e-09
9.92978098286e-10	2.01286576296e-09
9.94132723982e-10	1.97499300247e-09
9.95287349678e-10	1.58785141979e-09
9.96441975373e-10	9.84716877483e-10
9.97596601069e-10	3.24081188968e-10
9.98751226765e-10	-2.58166675537e-10
9.9990585246e-10	-6.74704271619e-10
1.00106047816e-09	-8.8967115619e-10
1.00221510385e-09	-9.03779398542e-10
1.00336972955e-09	-7.33897817518e-10
1.00452435524e-09	-4.03068807497e-10
1.00567898094e-09	5.61792947232e-11
1.00683360663e-09	5.92509950825e-10
1.00798823233e-09	1.12471344738e-09
1.00914285803e-09	1.54378748674e-09
1.01029748372e-09	1.73630228251e-09
1.01145210942e-09	1.61905662488e-09
1.01260673511e-09	1.1755887791e-09
1.01376136081e-09	4.78480623178e-10
1.0149159865e-09	-3.18053888781e-10
1.0160706122e-09	-1.01734025371e-09
1.0172252379e-09	-1.4387347147e-09
1.01837986359e-09	-1.47357374913e-09
1.01953448929e-09	-1.121343296e-09
1.02068911498e-09	-4.90258653119e-10
1.02184374068e-09	2.39836699112e-10
1.02299836637e-09	8.74538011453e-10
1.02415299207e-09	1.26271369749e-09
1.02530761777e-09	1.33688547732e-09
1.02646224346e-09	1.12355251491e-09
1.02761686916e-09	7.23226832589e-10
1.02877149485e-09	2.71635620247e-10
1.02992612055e-09	-1.03909422733e-10
1.03108074624e-09	-3.18892155737e-10
1.03223537194e-09	-3.48575786291e-10
1.03338999764e-09	-2.24960869377e-10
1.03454462333e-09	-1.85021631263e-11
1.03569924903e-09	1.88418541186e-10
1.03685387472e-09	3.27150060514e-10
1.03800850042e-09	3.59056829408e-10
1.03916312611e-09	2.8157686946e-10
1.04031775181e-09	1.24471398466e-10
1.0414723775e-09	-6.1703113105e-11
1.0426270032e-09	-2.1760594715e-10
1.0437816289e-09	-2.85934078498e-10
1.04493625459e-09	-2.21891886809e-10
1.04609088029e-09	-2.72695798234e-12
1.04724550598e-09	3.63664855174e-10
1.04840013168e-09	8.31599143714e-10
1.04955475737e-09	1.3180151831e-09
1.05070938307e-09	1.7135948216e-09
1.05186400877e-09	1.90551516233e-09
1.05301863446e-09	1.80705175823e-09
1.05417326016e-09	1.3864758508e-09
1.05532788585e-09	6.84690686092e-10
1.05648251155e-09	-1.85721322002e-10
1.05763713724e-09	-1.06050582205e-09
1.05879176294e-09	-1.75885350728e-09
1.05994638864e-09	-2.1267055339e-09
1.06110101433e-09	-2.07368841543e-09
1.06225564003e-09	-1.59431483293e-09
1.06341026572e-09	-7.70678770801e-10
1.06456489142e-09	2.47012089602e-10
1.06571951711e-09	1.27544097506e-09
1.06687414281e-09	2.13555528816e-09
1.06802876851e-09	2.68503927425e-09
1.0691833942e-09	2.84057558031e-09
1.0703380199e-09	2.58437909961e-09
1.07149264559e-09	1.96154353871e-09
1.07264727129e-09	1.07253644854e-09
1.07380189698e-09	6.05061781928e-11
1.07495652268e-09	-9.07007177697e-10
1.07611114838e-09	-1.66151786773e-09
1.07726577407e-09	-2.06427053229e-09
1.07842039977e-09	-2.04072925225e-09
1.07957502546e-09	-1.60428821616e-09
1.08072965116e-09	-8.6112428993e-10
1.08188427685e-09	8.98007449651e-12
1.08303890255e-09	7.9778472023e-10
1.08419352825e-09	1.32688732224e-09
1.08534815394e-09	1.49886812684e-09
1.08650277964e-09	1.32651115092e-09
1.08765740533e-09	9.26155263592e-10
1.08881203103e-09	4.75815994244e-10
1.08996665672e-09	1.52829426198e-10
1.09112128242e-09	7.19301779598e-11
1.09227590811e-09	2.46557810626e-10
1.09343053381e-09	5.87452794742e-10
1.09458515951e-09	9.38633462622e-10
1.0957397852e-09	1.13589476713e-09
1.0968944109e-09	1.06475482597e-09
1.09804903659e-09	6.98710971025e-10
1.09920366229e-09	1.03711679869e-10
1.10035828798e-09	-5.88364371112e-10
1.10151291368e-09	-1.22219873111e-09
1.10266753938e-09	-1.66182294314e-09
1.10382216507e-09	-1.82091719481e-09
1.10497679077e-09	-1.67003363916e-09
1.10613141646e-09	-1.22962555416e-09
1.10728604216e-09	-5.57138807311e-10
1.10844066785e-09	2.6577014374e-10
1.10959529355e-09	1.13970499704e-09
1.11074991925e-09	1.94796523356e-09
1.11190454494e-09	2.5620996158e-09
1.11305917064e-09	2.85677284606e-09
1.11421379633e-09	2.73457298472e-09
1.11536842203e-09	2.15808024229e-09
1.11652304772e-09	1.17848718284e-09
1.11767767342e-09	-5.4979238176e-11
1.11883229912e-09	-1.3140548788e-09
1.11998692481e-09	-2.33757369017e-09
1.12114155051e-09	-2.89631393868e-09
1.1222961762e-09	-2.85766599273e-09
1.1234508019e-09	-2.22642718151e-09
1.12460542759e-09	-1.14737838675e-09
1.12576005329e-09	1.30751295208e-10
1.12691467899e-09	1.32203432923e-09
1.12806930468e-09	2.17864087881e-09
1.12922393038e-09	2.54951595946e-09
1.13037855607e-09	2.40889749814e-09
1.13153318177e-09	1.85003001807e-09
1.13268780746e-09	1.04754470376e-09
1.13384243316e-09	2.05366598727e-10
1.13499705886e-09	-4.93453881922e-10
1.13615168455e-09	-9.24798085333e-10
1.13730631025e-09	-1.0428232583e-09
1.13846093594e-09	-8.76553052365e-10
1.13961556164e-09	-5.12431874711e-10
1.14077018733e-09	-6.8848869314e-11
1.14192481303e-09	3.3407200617e-10
1.14307943872e-09	5.99201792351e-10
1.14423406442e-09	6.68760845313e-10
1.14538869012e-09	5.34693275767e-10
1.14654331581e-09	2.38255110085e-10
1.14769794151e-09	-1.39658340448e-10
1.1488525672e-09	-4.94958796171e-10
1.1500071929e-09	-7.22774035067e-10
1.15116181859e-09	-7.43751130128e-10
1.15231644429e-09	-5.25702759102e-10
1.15347106999e-09	-9.45862190654e-11
1.15462569568e-09	4.67510787028e-10
1.15578032138e-09	1.03956408759e-09
1.15693494707e-09	1.49044931952e-09
1.15808957277e-09	1.7097449706e-09
1.15924419846e-09	1.63341608295e-09
1.16039882416e-09	1.25937109352e-09
1.16155344986e-09	6.48949428916e-10
1.16270807555e-09	-8.52772939069e-11
1.16386270125e-09	-8.00460864259e-10
1.16501732694e-09	-1.35192877726e-09
1.16617195264e-09	-1.62354756028e-09
1.16732657833e-09	-1.55292928516e-09
1.16848120403e-09	-1.1475784073e-09
1.16963582973e-09	-4.87144366512e-10
1.17079045542e-09	2.91486178944e-10
1.17194508112e-09	1.02321820461e-09
1.17309970681e-09	1.55102450328e-09
1.17425433251e-09	1.76219877579e-09
1.1754089582e-09	1.61569473078e-09
1.1765635839e-09	1.1521451293e-09
1.1777182096e-09	4.85554048357e-10
1.17887283529e-09	-2.23073635952e-10
1.18002746099e-09	-8.05390608372e-10
1.18118208668e-09	-1.12740122793e-09
1.18233671238e-09	-1.12294756827e-09
1.18349133807e-09	-8.10354394698e-10
1.18464596377e-09	-2.86238484304e-10
1.18580058947e-09	3.0204758833e-10
1.18695521516e-09	7.97127190644e-10
1.18810984086e-09	1.07250035242e-09
1.18926446655e-09	1.0640569259e-09
1.19041909225e-09	7.82668894972e-10
1.19157371794e-09	3.06229284985e-10
1.19272834364e-09	-2.42963479197e-10
1.19388296933e-09	-7.28906913994e-10
1.19503759503e-09	-1.03390407347e-09
1.19619222073e-09	-1.08369201113e-09
1.19734684642e-09	-8.61249793704e-10
1.19850147212e-09	-4.10122064781e-10
1.19965609781e-09	1.75483265072e-10
1.20081072351e-09	7.71733461857e-10
1.2019653492e-09	1.25140554863e-09
1.2031199749e-09	1.51090592815e-09
1.2042746006e-09	1.49316246867e-09
1.20542922629e-09	1.19901893969e-09
1.20658385199e-09	6.86100370961e-10
1.20773847768e-09	5.72766573753e-11
1.20889310338e-09	-5.60320380372e-10
1.21004772907e-09	-1.04185966798e-09
1.21120235477e-09	-1.28900809471e-09
1.21235698047e-09	-1.24977443672e-09
1.21351160616e-09	-9.31602794907e-10
1.21466623186e-09	-4.00676467699e-10
1.21582085755e-09	2.31279117385e-10
1.21697548325e-09	8.29325344509e-10
1.21813010894e-09	1.26524149491e-09
1.21928473464e-09	1.44654677126e-09
1.22043936034e-09	1.33686445247e-09
1.22159398603e-09	9.6473380673e-10
1.22274861173e-09	4.18313012701e-10
1.22390323742e-09	-1.74248504514e-10
1.22505786312e-09	-6.73818605079e-10
1.22621248881e-09	-9.61624460616e-10
1.22736711451e-09	-9.68612398622e-10
1.22852174021e-09	-6.94312288219e-10
1.2296763659e-09	-2.08647774405e-10
1.2308309916e-09	3.63839586931e-10
1.23198561729e-09	8.74341626877e-10
1.23314024299e-09	1.18970797103e-09
1.23429486868e-09	1.22788057499e-09
1.23544949438e-09	9.79374997767e-10
1.23660412008e-09	5.10120841402e-10
1.23775874577e-09	-5.71985583897e-11
1.23891337147e-09	-5.77008975322e-10
1.24006799716e-09	-9.18757389612e-10
1.24122262286e-09	-9.99246102529e-10
1.24237724855e-09	-8.02534233513e-10
1.24353187425e-09	-3.81499859481e-10
1.24468649994e-09	1.58474318737e-10
1.24584112564e-09	6.87221668461e-10
1.24699575134e-09	1.08208224325e-09
1.24815037703e-09	1.25729021638e-09
1.24930500273e-09	1.18162191143e-09
1.25045962842e-09	8.81683559495e-10
1.25161425412e-09	4.32258936978e-10
1.25276887981e-09	-6.39229285823e-11
1.25392350551e-09	-5.00354764565e-10
1.25507813121e-09	-7.88236337312e-10
1.2562327569e-09	-8.725436762e-10
1.2573873826e-09	-7.40789068976e-10
1.25854200829e-09	-4.2337401987e-10
1.25969663399e-09	1.31274401072e-11
1.26085125968e-09	4.77727420123e-10
1.26200588538e-09	8.72014307984e-10
1.26316051108e-09	1.10909531559e-09
1.26431513677e-09	1.13100001586e-09
1.26546976247e-09	9.22256201963e-10
1.26662438816e-09	5.17267131905e-10
1.26777901386e-09	-3.50715290143e-12
1.26893363955e-09	-5.27676180528e-10
1.27008826525e-09	-9.32441998613e-10
1.27124289095e-09	-1.11276352022e-09
1.27239751664e-09	-1.00955387106e-09
1.27355214234e-09	-6.27589202828e-10
1.27470676803e-09	-4.07612693598e-11
1.27586139373e-09	6.20393243722e-10
1.27701601942e-09	1.19910732732e-09
1.27817064512e-09	1.55205624741e-09
1.27932527082e-09	1.5869907749e-09
1.28047989651e-09	1.28931672283e-09
1.28163452221e-09	7.28215425461e-10
1.2827891479e-09	3.82624956025e-11
1.2839437736e-09	-6.16425216426e-10
1.28509839929e-09	-1.0847276688e-09
1.28625302499e-09	-1.26779993448e-09
1.28740765069e-09	-1.14195672363e-09
1.28856227638e-09	-7.58784861332e-10
1.28971690208e-09	-2.26516565921e-10
1.29087152777e-09	3.21674051978e-10
1.29202615347e-09	7.64214323767e-10
1.29318077916e-09	1.01891663162e-09
1.29433540486e-09	1.05635780678e-09
1.29549003055e-09	8.9999478009e-10
1.29664465625e-09	6.1183400013e-10
1.29779928195e-09	2.71638288252e-10
1.29895390764e-09	-4.25692016359e-11
1.30010853334e-09	-2.69557421523e-10
1.30126315903e-09	-3.73849642216e-10
1.30241778473e-09	-3.47657898997e-10
1.30357241042e-09	-2.08296605658e-10
1.30472703612e-09	5.73503896283e-12
1.30588166182e-09	2.40621769038e-10
1.30703628751e-09	4.3660238272e-10
1.30819091321e-09	5.38137763517e-10
1.3093455389e-09	5.06784468557e-10
1.3105001646e-09	3.34064984009e-10
1.31165479029e-09	4.88166018026e-11
1.31280941599e-09	-2.84411563745e-10
1.31396404169e-09	-5.76782469008e-10
1.31511866738e-09	-7.36403958645e-10
1.31627329308e-09	-6.94457803763e-10
1.31742791877e-09	-4.27531988978e-10
1.31858254447e-09	2.97823779527e-11
1.31973717016e-09	5.87385105832e-10
1.32089179586e-09	1.11842769768e-09
1.32204642156e-09	1.49034078134e-09
1.32320104725e-09	1.59918735199e-09
1.32435567295e-09	1.39869704707e-09
1.32551029864e-09	9.15473294394e-10
1.32666492434e-09	2.4522285938e-10
1.32781955003e-09	-4.69533464192e-10
1.32897417573e-09	-1.07360000057e-09
1.33012880143e-09	-1.43643846817e-09
1.33128342712e-09	-1.48359011187e-09
1.33243805282e-09	-1.21217332005e-09
1.33359267851e-09	-6.88745491195e-10
1.33474730421e-09	-3.11389056901e-11
1.3359019299e-09	6.21421289426e-10
1.3370565556e-09	1.14064584167e-09
1.3382111813e-09	1.43566068755e-09
1.33936580699e-09	1.46869844064e-09
1.34052043269e-09	1.25744298307e-09
1.34167505838e-09	8.64933159817e-10
1.34282968408e-09	3.81621709927e-10
1.34398430977e-09	-9.48768407588e-11
1.34513893547e-09	-4.78808215298e-10
1.34629356116e-09	-7.10552720828e-10
1.34744818686e-09	-7.63683283278e-10
1.34860281256e-09	-6.47030554135e-10
1.34975743825e-09	-4.00668383888e-10
1.35091206395e-09	-8.71355739299e-11
1.35206668964e-09	2.20502380244e-10
1.35322131534e-09	4.52779057303e-10
1.35437594103e-09	5.59151634716e-10
1.35553056673e-09	5.19454750048e-10
1.35668519243e-09	3.50474368277e-10
1.35783981812e-09	1.03683148872e-10
1.35899444382e-09	-1.4600934177e-10
1.36014906951e-09	-3.18961690393e-10
1.36130369521e-09	-3.53039715517e-10
1.3624583209e-09	-2.22682591117e-10
1.3636129466e-09	5.05431742466e-11
1.3647675723e-09	4.00472738304e-10
1.36592219799e-09	7.32148182359e-10
1.36707682369e-09	9.47085951331e-10
1.36823144938e-09	9.71253868998e-10
1.36938607508e-09	7.77404571273e-10
1.37054070077e-09	3.95120606372e-10
1.37169532647e-09	-9.46295802134e-11
1.37284995217e-09	-5.79261291711e-10
1.37400457786e-09	-9.43679703824e-10
1.37515920356e-09	-1.0992442373e-09
1.37631382925e-09	-1.00592784102e-09
1.37746845495e-09	-6.81926813628e-10
1.37862308064e-09	-1.97285498701e-10
1.37977770634e-09	3.44210510789e-10
1.38093233204e-09	8.30230037496e-10
1.38208695773e-09	1.16504224323e-09
1.38324158343e-09	1.28905276731e-09
