% time-domain voltage integration by openEMS v0.37.0-rc1-2-g7b051bb @Wed Aug  5 23:31:29 2026
% start-coordinates: (0.00381152,0.00351142,-0.000762) m -> [108,104,14]
% stop-coordinates: (0.0043281,0.00351142,-0.000762) m -> [116,104,14]
% t/s	voltage
0	0
1.14537166239e-12	0
2.29074332477e-12	0
3.43611498716e-12	0
4.58148664955e-12	0
5.72685831193e-12	0
6.87222997432e-12	0
8.01760163671e-12	0
9.16297329909e-12	0
1.03083449615e-11	0
1.14537166239e-11	0
1.25990882863e-11	0
1.37444599486e-11	0
1.4889831611e-11	0
1.60352032734e-11	0
1.71805749358e-11	0
1.83259465982e-11	0
1.94713182606e-11	0
2.0616689923e-11	0
2.17620615853e-11	0
2.29074332477e-11	0
2.40528049101e-11	0
2.51981765725e-11	0
2.63435482349e-11	0
2.74889198973e-11	0
2.86342915597e-11	0
2.97796632221e-11	0
3.09250348844e-11	0
3.20704065468e-11	0
3.32157782092e-11	0
3.43611498716e-11	0
3.5506521534e-11	0
3.66518931964e-11	0
3.77972648588e-11	0
3.89426365211e-11	0
4.00880081835e-11	0
4.12333798459e-11	-1.47947484608e-34
4.23787515083e-11	-6.14129880622e-32
4.35241231707e-11	-1.53664387236e-29
4.46694948331e-11	-2.40741556012e-27
4.58148664955e-11	-2.39311969607e-25
4.69602381579e-11	-1.51223143598e-23
4.81056098202e-11	-5.9424850654e-22
4.92509814826e-11	-1.32054870238e-20
5.0396353145e-11	-8.83427060515e-20
5.15417248074e-11	3.60431977188e-18
5.26870964698e-11	1.23769275798e-16
5.38324681322e-11	1.95789534279e-15
5.49778397946e-11	1.89999990101e-14
5.61232114569e-11	1.20598397025e-13
5.72685831193e-11	5.04625736407e-13
5.84139547817e-11	1.33440181376e-12
5.95593264441e-11	1.77787461402e-12
6.07046981065e-11	-1.57435493136e-12
6.18500697689e-11	-1.61033956352e-11
6.29954414313e-11	-5.55747756842e-11
6.41408130937e-11	-1.3927370715e-10
6.5286184756e-11	-2.68759008104e-10
6.64315564184e-11	-3.73475320115e-10
6.75769280808e-11	-2.30843327093e-10
6.87222997432e-11	6.50408494424e-10
6.98676714056e-11	3.13760444015e-09
7.1013043068e-11	8.42714786842e-09
7.21584147304e-11	1.77332161178e-08
7.33037863927e-11	3.16138060175e-08
7.44491580551e-11	4.87271076821e-08
7.55945297175e-11	6.40553818876e-08
7.67399013799e-11	6.71919040407e-08
7.78852730423e-11	4.1552020047e-08
7.90306447047e-11	-3.41834479611e-08
8.01760163671e-11	-1.80845550091e-07
8.13213880295e-11	-4.09221389219e-07
8.24667596918e-11	-7.07519397736e-07
8.36121313542e-11	-1.02960558479e-06
8.47575030166e-11	-1.28966552637e-06
8.5902874679e-11	-1.36992335342e-06
8.70482463414e-11	-1.14555412267e-06
8.81936180038e-11	-5.24578638306e-07
8.93389896662e-11	5.06445267945e-07
9.04843613285e-11	1.84711922202e-06
9.16297329909e-11	3.27611290629e-06
9.27751046533e-11	4.48385529239e-06
9.39204763157e-11	5.14372459293e-06
9.50658479781e-11	5.0042927171e-06
9.62112196405e-11	3.97341943881e-06
9.73565913029e-11	2.16262866104e-06
9.85019629653e-11	-1.27728736032e-07
9.96473346276e-11	-2.4808887531e-06
1.0079270629e-10	-4.47113075097e-06
1.01938077952e-10	-5.76919973128e-06
1.03083449615e-10	-6.21103814069e-06
1.04228821277e-10	-5.81059322258e-06
1.0537419294e-10	-4.72103690186e-06
1.06519564602e-10	-3.16788246835e-06
1.07664936264e-10	-1.38434076291e-06
1.08810307927e-10	4.26752423621e-07
1.09955679589e-10	2.09794832529e-06
1.11101051252e-10	3.47990140881e-06
1.12246422914e-10	4.42312082782e-06
1.13391794576e-10	4.77866734627e-06
1.14537166239e-10	4.42641879772e-06
1.15682537901e-10	3.32294733596e-06
1.16827909563e-10	1.54870065217e-06
1.17973281226e-10	-6.69451964086e-07
1.19118652888e-10	-2.97827990892e-06
1.20264024551e-10	-4.96270277495e-06
1.21409396213e-10	-6.24057454957e-06
1.22554767875e-10	-6.55948505823e-06
1.23700139538e-10	-5.86524922142e-06
1.248455112e-10	-4.31840874171e-06
1.25990882863e-10	-2.25193585379e-06
1.27136254525e-10	-8.2090219955e-08
1.28281626187e-10	1.80067914357e-06
1.2942699785e-10	3.12724634455e-06
1.30572369512e-10	3.80296015123e-06
1.31717741174e-10	3.90426595231e-06
1.32863112837e-10	3.62295749312e-06
1.34008484499e-10	3.17993310261e-06
1.35153856162e-10	2.73961167352e-06
1.36299227824e-10	2.35610886534e-06
1.37444599486e-10	1.96967394572e-06
1.38589971149e-10	1.45319386746e-06
1.39735342811e-10	6.89585643698e-07
1.40880714474e-10	-3.52463759512e-07
1.42026086136e-10	-1.5756342151e-06
1.43171457798e-10	-2.76339351046e-06
1.44316829461e-10	-3.63926824321e-06
1.45462201123e-10	-3.95560820721e-06
1.46607572785e-10	-3.5786142405e-06
1.47752944448e-10	-2.5393016756e-06
1.4889831611e-10	-1.03333772472e-06
1.50043687773e-10	6.29485217729e-07
1.51189059435e-10	2.10777227494e-06
1.52334431097e-10	3.11683494658e-06
1.5347980276e-10	3.49645154074e-06
1.54625174422e-10	3.24139678298e-06
1.55770546085e-10	2.48959356952e-06
1.56915917747e-10	1.47415603635e-06
1.58061289409e-10	4.55733704996e-07
1.59206661072e-10	-3.46612491597e-07
1.60352032734e-10	-8.07250266632e-07
1.61497404397e-10	-9.16314547794e-07
1.62642776059e-10	-7.67185280637e-07
1.63788147721e-10	-5.1462405537e-07
1.64933519384e-10	-3.17399857508e-07
1.66078891046e-10	-2.83164363069e-07
1.67224262708e-10	-4.33963649016e-07
1.68369634371e-10	-7.03079233944e-07
1.69515006033e-10	-9.63710803603e-07
1.70660377696e-10	-1.07892475398e-06
1.71805749358e-10	-9.54980684753e-07
1.7295112102e-10	-5.78146153174e-07
1.74096492683e-10	-2.20857105937e-08
1.75241864345e-10	5.76364666216e-07
1.76387236008e-10	1.06396124266e-06
1.7753260767e-10	1.32219654603e-06
1.78677979332e-10	1.30501798168e-06
1.79823350995e-10	1.04951799074e-06
1.80968722657e-10	6.57973902918e-07
1.82114094319e-10	2.59211172526e-07
1.83259465982e-10	-3.59027656494e-08
1.84404837644e-10	-1.68554724844e-07
1.85550209307e-10	-1.45295595999e-07
1.86695580969e-10	-2.78183683866e-08
1.87840952631e-10	9.5098805275e-08
1.88986324294e-10	1.4204407961e-07
1.90131695956e-10	6.74576863258e-08
1.91277067619e-10	-1.24698618764e-07
1.92422439281e-10	-3.85019186311e-07
1.93567810943e-10	-6.37589590013e-07
1.94713182606e-10	-8.06316482027e-07
1.95858554268e-10	-8.3923547578e-07
1.97003925931e-10	-7.23809801428e-07
1.98149297593e-10	-4.88276473476e-07
1.99294669255e-10	-1.90677228673e-07
2.00440040918e-10	1.0089925162e-07
2.0158541258e-10	3.2925366078e-07
2.02730784242e-10	4.63821486107e-07
2.03876155905e-10	5.06374998821e-07
2.05021527567e-10	4.85157368502e-07
2.0616689923e-10	4.40424855697e-07
2.07312270892e-10	4.06399124131e-07
2.08457642554e-10	3.96675979175e-07
2.09603014217e-10	3.98248900524e-07
2.10748385879e-10	3.76975254568e-07
2.11893757542e-10	2.92451844075e-07
2.13039129204e-10	1.17038490011e-07
2.14184500866e-10	-1.48008802547e-07
2.15329872529e-10	-4.66225392515e-07
2.16475244191e-10	-7.72082284328e-07
2.17620615853e-10	-9.88728842799e-07
2.18765987516e-10	-1.05127168126e-06
2.19911359178e-10	-9.28206773665e-07
2.21056730841e-10	-6.33217144497e-07
2.22202102503e-10	-2.23329410076e-07
2.23347474165e-10	2.16012791654e-07
2.24492845828e-10	5.94271785559e-07
2.2563821749e-10	8.39729022317e-07
2.26783589153e-10	9.1673138769e-07
2.27928960815e-10	8.3151848429e-07
2.29074332477e-10	6.25881384053e-07
2.3021970414e-10	3.61663833104e-07
2.31365075802e-10	1.01760813109e-07
2.32510447464e-10	-1.06337567196e-07
2.33655819127e-10	-2.40087455694e-07
2.34801190789e-10	-3.02615859482e-07
2.35946562452e-10	-3.15851385935e-07
2.37091934114e-10	-3.08782070135e-07
2.38237305776e-10	-3.0516822136e-07
2.39382677439e-10	-3.14597640383e-07
2.40528049101e-10	-3.2920580928e-07
2.41673420764e-10	-3.27373925302e-07
2.42818792426e-10	-2.82998936285e-07
2.43964164088e-10	-1.7700206989e-07
2.45109535751e-10	-7.49378004095e-09
2.46254907413e-10	2.054046222e-07
2.47400279076e-10	4.22227451224e-07
2.48545650738e-10	5.93702957019e-07
2.496910224e-10	6.74708161341e-07
2.50836394063e-10	6.37873682763e-07
2.51981765725e-10	4.82811298497e-07
2.53127137387e-10	2.37395896718e-07
2.5427250905e-10	-4.8976292355e-08
2.55417880712e-10	-3.18577640712e-07
2.56563252375e-10	-5.20573838259e-07
2.57708624037e-10	-6.24055616072e-07
2.58853995699e-10	-6.24400652072e-07
2.59999367362e-10	-5.41412909172e-07
2.61144739024e-10	-4.10117095839e-07
2.62290110687e-10	-2.67534848497e-07
2.63435482349e-10	-1.40390472581e-07
2.64580854011e-10	-3.80591081151e-08
2.65726225674e-10	4.70411145592e-08
2.66871597336e-10	1.32097846439e-07
2.68016968998e-10	2.32923920152e-07
2.69162340661e-10	3.53956581378e-07
2.70307712323e-10	4.82956235004e-07
2.71453083986e-10	5.92681690392e-07
2.72598455648e-10	6.48665487546e-07
2.7374382731e-10	6.20345815605e-07
2.74889198973e-10	4.9182034445e-07
2.76034570635e-10	2.68860947727e-07
2.77179942298e-10	-2.00049425914e-08
2.7832531396e-10	-3.28477504752e-07
2.79470685622e-10	-6.02302797859e-07
2.80616057285e-10	-7.91433819813e-07
2.81761428947e-10	-8.61372306815e-07
2.82906800609e-10	-8.01122109095e-07
2.84052172272e-10	-6.25560957701e-07
2.85197543934e-10	-3.71751628592e-07
2.86342915597e-10	-8.9876275311e-08
2.87488287259e-10	1.68681925317e-07
2.88633658921e-10	3.63233644052e-07
2.89779030584e-10	4.72147480224e-07
2.90924402246e-10	4.95840208004e-07
2.92069773909e-10	4.53648326015e-07
2.93215145571e-10	3.75958537191e-07
2.94360517233e-10	2.9422568204e-07
2.95505888896e-10	2.31930949113e-07
2.96651260558e-10	1.9900056536e-07
2.97796632221e-10	1.90787006638e-07
2.98942003883e-10	1.91441873021e-07
3.00087375545e-10	1.80355583801e-07
3.01232747208e-10	1.3936413179e-07
3.0237811887e-10	5.9044480416e-08
3.03523490532e-10	-5.75971825789e-08
3.04668862195e-10	-1.94932601616e-07
3.05814233857e-10	-3.28005869576e-07
3.0695960552e-10	-4.28748727188e-07
3.08104977182e-10	-4.73319744287e-07
3.09250348844e-10	-4.48880769e-07
3.10395720507e-10	-3.57426170439e-07
3.11541092169e-10	-2.15545628457e-07
3.12686463832e-10	-4.99014147781e-08
3.13831835494e-10	1.10136250342e-07
3.14977207156e-10	2.404836561e-07
3.16122578819e-10	3.27735204309e-07
3.17267950481e-10	3.70662325722e-07
3.18413322143e-10	3.77226664128e-07
3.19558693806e-10	3.58926614652e-07
3.20704065468e-10	3.24970724108e-07
3.21849437131e-10	2.78928059316e-07
3.22994808793e-10	2.19014410163e-07
3.24140180455e-10	1.41593836211e-07
3.25285552118e-10	4.59473734615e-08
3.2643092378e-10	-6.2259938538e-08
3.27576295443e-10	-1.70280327616e-07
3.28721667105e-10	-2.6106277673e-07
3.29867038767e-10	-3.18031151636e-07
3.3101241043e-10	-3.30333838505e-07
3.32157782092e-10	-2.96399447208e-07
3.33303153755e-10	-2.24758220924e-07
3.34448525417e-10	-1.3177803293e-07
3.35593897079e-10	-3.71643038566e-08
3.36739268742e-10	4.16060081943e-08
3.37884640404e-10	9.42241848989e-08
3.39030012066e-10	1.20288238925e-07
3.40175383729e-10	1.29078587818e-07
3.41320755391e-10	1.35715088945e-07
3.42466127054e-10	1.55061089302e-07
3.43611498716e-10	1.94941343956e-07
3.44756870378e-10	2.51415793073e-07
3.45902242041e-10	3.08080592148e-07
3.47047613703e-10	3.404579072e-07
3.48192985366e-10	3.24270862606e-07
3.49338357028e-10	2.45017680811e-07
3.5048372869e-10	1.05091515934e-07
3.51629100353e-10	-7.44321764223e-08
3.52774472015e-10	-2.58418873855e-07
3.53919843677e-10	-4.07416726134e-07
3.5506521534e-10	-4.89027087269e-07
3.56210587002e-10	-4.87136546212e-07
3.57355958665e-10	-4.05904851064e-07
3.58501330327e-10	-2.67564681522e-07
3.59646701989e-10	-1.05126936489e-07
3.60792073652e-10	4.71632932708e-08
3.61937445314e-10	1.62740247944e-07
3.63082816977e-10	2.28448030271e-07
3.64228188639e-10	2.4606970328e-07
3.65373560301e-10	2.29530270346e-07
3.66518931964e-10	1.99088654895e-07
3.67664303626e-10	1.74081908888e-07
3.68809675288e-10	1.66419274805e-07
3.69955046951e-10	1.76721925982e-07
3.71100418613e-10	1.94435961554e-07
3.72245790276e-10	2.01830237856e-07
3.73391161938e-10	1.8094970855e-07
3.745365336e-10	1.20827685635e-07
3.75681905263e-10	2.24827849671e-08
3.76827276925e-10	-1.00256611013e-07
3.77972648588e-10	-2.2431860458e-07
3.7911802025e-10	-3.24189674217e-07
3.80263391912e-10	-3.79286484886e-07
3.81408763575e-10	-3.79366795755e-07
3.82554135237e-10	-3.26512781257e-07
3.836995069e-10	-2.33294279894e-07
3.84844878562e-10	-1.18445242059e-07
3.85990250224e-10	-1.5921134966e-09
3.87135621887e-10	1.01026986332e-07
3.88280993549e-10	1.79119013843e-07
3.89426365211e-10	2.28798960222e-07
3.90571736874e-10	2.51546804719e-07
3.91717108536e-10	2.52216942442e-07
3.92862480199e-10	2.36911334994e-07
3.94007851861e-10	2.11064943301e-07
3.95153223523e-10	1.78226969183e-07
3.96298595186e-10	1.3966109691e-07
3.97443966848e-10	9.48517220323e-08
3.98589338511e-10	4.29114117573e-08
3.99734710173e-10	-1.57577927096e-08
4.00880081835e-10	-7.80624200836e-08
4.02025453498e-10	-1.37921252197e-07
4.0317082516e-10	-1.87280270403e-07
4.04316196822e-10	-2.18337083524e-07
4.05461568485e-10	-2.2600441163e-07
4.06606940147e-10	-2.09672838203e-07
4.0775231181e-10	-1.7330924873e-07
4.08897683472e-10	-1.24025603121e-07
4.10043055134e-10	-6.95589554844e-08
4.11188426797e-10	-1.60262473292e-08
4.12333798459e-10	3.32082045196e-08
4.13479170122e-10	7.71255659338e-08
4.14624541784e-10	1.15508819398e-07
4.15769913446e-10	1.47336910672e-07
4.16915285109e-10	1.69965822749e-07
4.18060656771e-10	1.79690110791e-07
4.19206028434e-10	1.73308114526e-07
4.20351400096e-10	1.49991172371e-07
4.21496771758e-10	1.12326411283e-07
4.22642143421e-10	6.62206924851e-08
4.23787515083e-10	1.93730141929e-08
4.24932886745e-10	-2.07881991621e-08
4.26078258408e-10	-4.9217134368e-08
4.2722363007e-10	-6.44842290676e-08
4.28369001733e-10	-6.88517522995e-08
4.29514373395e-10	-6.71642204075e-08
4.30659745057e-10	-6.50485474374e-08
4.3180511672e-10	-6.68272335247e-08
4.32950488382e-10	-7.38819703194e-08
4.34095860045e-10	-8.39802485331e-08
4.35241231707e-10	-9.1908461286e-08
4.36386603369e-10	-9.12562407862e-08
4.37531975032e-10	-7.69452856986e-08
4.38677346694e-10	-4.75339345662e-08
4.39822718356e-10	-6.34116520404e-09
4.40968090019e-10	3.91675357703e-08
4.42113461681e-10	7.96640216016e-08
4.43258833344e-10	1.07108176106e-07
4.44404205006e-10	1.17521629761e-07
4.45549576668e-10	1.12224028292e-07
4.46694948331e-10	9.70382365573e-08
4.47840319993e-10	7.96689025861e-08
4.48985691656e-10	6.64958119678e-08
4.50131063318e-10	6.00172573861e-08
4.5127643498e-10	5.80236383385e-08
4.52421806643e-10	5.47568679288e-08
4.53567178305e-10	4.35190903314e-08
4.54712549967e-10	1.9617958813e-08
4.5585792163e-10	-1.74528270724e-08
4.57003293292e-10	-6.34028869406e-08
4.58148664955e-10	-1.10080135229e-07
4.59294036617e-10	-1.47574854559e-07
4.60439408279e-10	-1.6682120485e-07
4.61584779942e-10	-1.61928332076e-07
4.62730151604e-10	-1.31794171132e-07
4.63875523267e-10	-8.06744493431e-08
4.65020894929e-10	-1.75279724068e-08
4.66166266591e-10	4.58527358305e-08
4.67311638254e-10	9.75717333596e-08
4.68457009916e-10	1.2873662758e-07
4.69602381579e-10	1.35852125993e-07
4.70747753241e-10	1.21763038763e-07
4.71893124903e-10	9.4595685951e-08
4.73038496566e-10	6.48716218521e-08
4.74183868228e-10	4.18630361487e-08
4.7532923989e-10	3.03973718419e-08
4.76474611553e-10	2.94722104499e-08
4.77619983215e-10	3.30200695675e-08
4.78765354878e-10	3.27114701992e-08
4.7991072654e-10	2.13723652109e-08
4.81056098202e-10	-3.94241039814e-09
4.82201469865e-10	-4.06502944639e-08
4.83346841527e-10	-8.11683968927e-08
4.8449221319e-10	-1.15237224207e-07
4.85637584852e-10	-1.33002402869e-07
4.86782956514e-10	-1.28034616687e-07
4.87928328177e-10	-9.92460971183e-08
4.89073699839e-10	-5.13758893206e-08
4.90219071501e-10	6.15151288241e-09
4.91364443164e-10	6.16279192123e-08
4.92509814826e-10	1.04055719596e-07
4.93655186489e-10	1.25923478755e-07
4.94800558151e-10	1.25003518647e-07
4.95945929813e-10	1.04574203519e-07
4.97091301476e-10	7.20425035183e-08
4.98236673138e-10	3.64440602141e-08
4.99382044801e-10	5.60473006894e-09
5.00527416463e-10	-1.59614805817e-08
5.01672788125e-10	-2.78216114591e-08
5.02818159788e-10	-3.27614397833e-08
5.0396353145e-10	-3.49079121165e-08
5.05108903113e-10	-3.74878759146e-08
5.06254274775e-10	-4.13942180533e-08
5.07399646437e-10	-4.49251371659e-08
5.085450181e-10	-4.48591221947e-08
5.09690389762e-10	-3.82198352966e-08
5.10835761424e-10	-2.39310096184e-08
5.11981133087e-10	-3.62860144709e-09
5.13126504749e-10	1.87004912666e-08
5.14271876412e-10	3.80800286859e-08
5.15417248074e-10	5.02613104469e-08
5.16562619736e-10	5.31024479944e-08
5.17707991399e-10	4.72052505973e-08
5.18853363061e-10	3.54862363938e-08
5.19998734724e-10	2.20851271715e-08
5.21144106386e-10	1.09104789647e-08
5.22289478048e-10	4.39448161194e-09
5.23434849711e-10	2.79784512225e-09
5.24580221373e-10	4.23707632868e-09
5.25725593035e-10	5.40987836473e-09
5.26870964698e-10	2.88025588102e-09
5.2801633636e-10	-5.52910719986e-09
5.29161708023e-10	-1.95927941649e-08
5.30307079685e-10	-3.6285773275e-08
5.31452451347e-10	-5.03598078794e-08
5.3259782301e-10	-5.58949997398e-08
5.33743194672e-10	-4.83816215979e-08
5.34888566335e-10	-2.66134705385e-08
5.36033937997e-10	6.29419266707e-09
5.37179309659e-10	4.33627802554e-08
5.38324681322e-10	7.54738032072e-08
5.39470052984e-10	9.40250317605e-08
5.40615424646e-10	9.34895738602e-08
5.41760796309e-10	7.31704665746e-08
5.42906167971e-10	3.74308131157e-08
5.44051539634e-10	-5.43781236706e-09
5.45196911296e-10	-4.5549153338e-08
5.46342282958e-10	-7.40264440857e-08
5.47487654621e-10	-8.52846007149e-08
5.48633026283e-10	-7.83219129552e-08
5.49778397946e-10	-5.67304589971e-08
5.50923769608e-10	-2.74757145924e-08
5.5206914127e-10	1.16853783594e-09
5.53214512933e-10	2.20576434895e-08
5.54359884595e-10	3.12111904099e-08
5.55505256258e-10	2.88612815869e-08
5.5665062792e-10	1.92221029094e-08
5.57795999582e-10	8.85336695622e-09
5.58941371245e-10	4.33557489736e-09
5.60086742907e-10	9.76178884948e-09
5.61232114569e-10	2.52061771455e-08
5.62377486232e-10	4.6483026539e-08
5.63522857894e-10	6.65294908053e-08
5.64668229557e-10	7.76911424083e-08
5.65813601219e-10	7.4334814304e-08
5.66958972881e-10	5.46941971713e-08
5.68104344544e-10	2.1473509082e-08
5.69249716206e-10	-1.89328061007e-08
5.70395087869e-10	-5.82921195758e-08
5.71540459531e-10	-8.8737332149e-08
5.72685831193e-10	-1.04746305851e-07
5.73831202856e-10	-1.04260295508e-07
5.74976574518e-10	-8.88874716054e-08
5.7612194618e-10	-6.30663237189e-08
5.77267317843e-10	-3.27101843389e-08
5.78412689505e-10	-3.56487764308e-09
5.79558061168e-10	2.0150682678e-08
5.8070343283e-10	3.65590613338e-08
5.81848804492e-10	4.62040350424e-08
5.82994176155e-10	5.1398601153e-08
5.84139547817e-10	5.50671768185e-08
5.8528491948e-10	5.94966786949e-08
5.86430291142e-10	6.53443330556e-08
5.87575662804e-10	7.1309387728e-08
5.88721034467e-10	7.45017385562e-08
5.89866406129e-10	7.14777161903e-08
5.91011777792e-10	5.9499059013e-08
5.92157149454e-10	3.76314814865e-08
5.93302521116e-10	7.31554838929e-09
5.94447892779e-10	-2.78042829871e-08
5.95593264441e-10	-6.26169005535e-08
5.96738636103e-10	-9.1708767691e-08
5.97884007766e-10	-1.10488728389e-07
5.99029379428e-10	-1.16119339033e-07
6.00174751091e-10	-1.07960437035e-07
6.01320122753e-10	-8.76235866087e-08
6.02465494415e-10	-5.85347910143e-08
6.03610866078e-10	-2.52434879666e-08
6.0475623774e-10	7.50839007635e-09
6.05901609403e-10	3.57230904857e-08
6.07046981065e-10	5.68699467518e-08
6.08192352727e-10	7.02493596627e-08
6.0933772439e-10	7.6828553297e-08
6.10483096052e-10	7.85886151711e-08
6.11628467714e-10	7.76472948161e-08
6.12773839377e-10	7.5421199508e-08
6.13919211039e-10	7.21081701016e-08
6.15064582702e-10	6.67386550468e-08
6.16209954364e-10	5.75928580382e-08
6.17355326026e-10	4.29934752244e-08
6.18500697689e-10	2.20366778159e-08
6.19646069351e-10	-4.84637676518e-09
6.20791441014e-10	-3.57017404529e-08
6.21936812676e-10	-6.71908089167e-08
6.23082184338e-10	-9.51052272491e-08
6.24227556001e-10	-1.15061644657e-07
6.25372927663e-10	-1.23348439018e-07
6.26518299325e-10	-1.17744563433e-07
6.27663670988e-10	-9.81377961118e-08
6.2880904265e-10	-6.68041830743e-08
6.29954414313e-10	-2.81294415538e-08
6.31099785975e-10	1.21839200951e-08
6.32245157637e-10	4.83256226147e-08
6.333905293e-10	7.56593796503e-08
6.34535900962e-10	9.17126201649e-08
6.35681272625e-10	9.65490949412e-08
6.36826644287e-10	9.2390135098e-08
6.37972015949e-10	8.26383286245e-08
6.39117387612e-10	7.06523985983e-08
6.40262759274e-10	5.86860844365e-08
6.41408130937e-10	4.73901968778e-08
6.42553502599e-10	3.59051148813e-08
6.43698874261e-10	2.25647995844e-08
6.44844245924e-10	5.82001902227e-09
6.45989617586e-10	-1.48813315004e-08
6.47134989248e-10	-3.85949596726e-08
6.48280360911e-10	-6.28435352645e-08
6.49425732573e-10	-8.40788234591e-08
6.50571104236e-10	-9.84894952261e-08
6.51716475898e-10	-1.02926227985e-07
6.5286184756e-10	-9.57430272841e-08
6.54007219223e-10	-7.72678077077e-08
6.55152590885e-10	-4.98626093748e-08
6.56297962548e-10	-1.74421151411e-08
6.5744333421e-10	1.53348551635e-08
6.58588705872e-10	4.40898673126e-08
6.59734077535e-10	6.55652341308e-08
6.60879449197e-10	7.81906330793e-08
6.62024820859e-10	8.21041443722e-08
6.63170192522e-10	7.87967122662e-08
6.64315564184e-10	7.04168199306e-08
6.65460935847e-10	5.90765809605e-08
6.66606307509e-10	4.6317915281e-08
6.67751679171e-10	3.2915936421e-08
6.68897050834e-10	1.8981024863e-08
6.70042422496e-10	4.30756968983e-09
6.71187794159e-10	-1.11947430215e-08
6.72333165821e-10	-2.71918690897e-08
6.73478537483e-10	-4.2721468807e-08
6.74623909146e-10	-5.62771584889e-08
6.75769280808e-10	-6.60014243259e-08
6.76914652471e-10	-7.00900852912e-08
6.78060024133e-10	-6.72034139448e-08
6.79205395795e-10	-5.69238720605e-08
6.80350767458e-10	-3.99841910692e-08
6.8149613912e-10	-1.83468562565e-08
6.82641510782e-10	5.09049566388e-09
6.83786882445e-10	2.70189111085e-08
6.84932254107e-10	4.44157166601e-08
6.8607762577e-10	5.51756738076e-08
6.87222997432e-10	5.85163641986e-08
6.88368369094e-10	5.50230390139e-08
6.89513740757e-10	4.63423714958e-08
6.90659112419e-10	3.46667701212e-08
6.91804484082e-10	2.21434106606e-08
6.92949855744e-10	1.04334771656e-08
6.94095227406e-10	4.65009586392e-10
6.95240599069e-10	-7.52878448473e-09
6.96385970731e-10	-1.38384825821e-08
6.97531342393e-10	-1.89280667806e-08
6.98676714056e-10	-2.31722308008e-08
6.99822085718e-10	-2.65952796452e-08
7.00967457381e-10	-2.88298200868e-08
7.02112829043e-10	-2.91857316093e-08
7.03258200705e-10	-2.68999372777e-08
7.04403572368e-10	-2.143090716e-08
7.0554894403e-10	-1.27549077411e-08
7.06694315693e-10	-1.5280144372e-09
7.07839687355e-10	1.09247675351e-08
7.08985059017e-10	2.28068595121e-08
7.1013043068e-10	3.22021844745e-08
7.11275802342e-10	3.74654027802e-08
7.12421174004e-10	3.75808726361e-08
7.13566545667e-10	3.23522435508e-08
7.14711917329e-10	2.24678635696e-08
7.15857288992e-10	9.32920513064e-09
7.17002660654e-10	-5.16065024048e-09
7.18148032316e-10	-1.89453930322e-08
7.19293403979e-10	-3.01025744331e-08
7.20438775641e-10	-3.71512538511e-08
7.21584147304e-10	-3.92336958477e-08
7.22729518966e-10	-3.62423855371e-08
7.23874890628e-10	-2.87941277488e-08
7.25020262291e-10	-1.80962096419e-08
7.26165633953e-10	-5.67933514106e-09
7.27311005616e-10	6.90027229799e-09
7.28456377278e-10	1.83321903213e-08
7.2960174894e-10	2.77377778524e-08
7.30747120603e-10	3.46731940937e-08
7.31892492265e-10	3.90446439624e-08
7.33037863927e-10	4.08882345759e-08
7.3418323559e-10	4.02305024849e-08
7.35328607252e-10	3.69686448121e-08
7.36473978915e-10	3.09491907657e-08
7.37619350577e-10	2.20597845546e-08
7.38764722239e-10	1.04488349084e-08
7.39910093902e-10	-3.3630913332e-09
7.41055465564e-10	-1.84028031702e-08
7.42200837227e-10	-3.33348011416e-08
7.43346208889e-10	-4.65869567368e-08
7.44491580551e-10	-5.65834326061e-08
7.45636952214e-10	-6.19698412585e-08
7.46782323876e-10	-6.18113888962e-08
7.47927695538e-10	-5.57660970735e-08
7.49073067201e-10	-4.41443954724e-08
7.50218438863e-10	-2.7898501731e-08
7.51363810526e-10	-8.49538328573e-09
7.52509182188e-10	1.22843074601e-08
7.5365455385e-10	3.26002118634e-08
7.54799925513e-10	5.07368107527e-08
7.55945297175e-10	6.526359142e-08
7.57090668838e-10	7.50597366483e-08
7.582360405e-10	7.93247392217e-08
7.59381412162e-10	7.75419675136e-08
7.60526783825e-10	6.952186693e-08
7.61672155487e-10	5.54742101144e-08
7.6281752715e-10	3.61327427978e-08
7.63962898812e-10	1.28172004121e-08
7.65108270474e-10	-1.25782845806e-08
7.66253642137e-10	-3.77362432413e-08
7.67399013799e-10	-6.01938983102e-08
7.68544385461e-10	-7.76841573291e-08
7.69689757124e-10	-8.84721576e-08
7.70835128786e-10	-9.15785784983e-08
7.71980500449e-10	-8.69071739018e-08
7.73125872111e-10	-7.51613908889e-08
7.74271243773e-10	-5.76994834134e-08
7.75416615436e-10	-3.6247780999e-08
7.76561987098e-10	-1.26503752473e-08
7.77707358761e-10	1.13681060121e-08
7.78852730423e-10	3.43338637521e-08
7.79998102085e-10	5.50500030005e-08
7.81143473748e-10	7.25174369443e-08
7.8228884541e-10	8.58207540588e-08
7.83434217072e-10	9.4024267927e-08
7.84579588735e-10	9.61691331014e-08
7.85724960397e-10	9.14107647354e-08
7.8687033206e-10	7.92399963423e-08
7.88015703722e-10	5.98022795728e-08
7.89161075384e-10	3.40986294756e-08
7.90306447047e-10	4.09236761145e-09
7.91451818709e-10	-2.74607514505e-08
7.92597190372e-10	-5.73324929753e-08
7.93742562034e-10	-8.23455348353e-08
7.94887933696e-10	-9.9856202862e-08
7.96033305359e-10	-1.08205685301e-07
7.97178677021e-10	-1.06901829167e-07
7.98324048683e-10	-9.66217141851e-08
7.99469420346e-10	-7.8941487125e-08
8.00614792008e-10	-5.59830493074e-08
8.01760163671e-10	-2.99907241263e-08
8.02905535333e-10	-3.01853142481e-09
8.04050906995e-10	2.32322688865e-08
8.05196278658e-10	4.74347470192e-08
8.0634165032e-10	6.84975312026e-08
8.07487021983e-10	8.54167838682e-08
8.08632393645e-10	9.71428413266e-08
8.09777765307e-10	1.02593466611e-07
8.1092313697e-10	1.00786081703e-07
8.12068508632e-10	9.1136398872e-08
8.13213880295e-10	7.37266638851e-08
8.14359251957e-10	4.95724090666e-08
8.15504623619e-10	2.06290695637e-08
8.16649995282e-10	-1.03556002662e-08
8.17795366944e-10	-4.02580879744e-08
8.18940738606e-10	-6.60625993909e-08
8.20086110269e-10	-8.53651305199e-08
8.21231481931e-10	-9.67069726521e-08
8.22376853594e-10	-9.9712034185e-08
8.23522225256e-10	-9.49666900674e-08
8.24667596918e-10	-8.37180471613e-08
8.25812968581e-10	-6.74986431193e-08
8.26958340243e-10	-4.77764172668e-08
8.28103711906e-10	-2.57850119034e-08
8.29249083568e-10	-2.49771286986e-09
8.3039445523e-10	2.11812883899e-08
8.31539826893e-10	4.42063721184e-08
8.32685198555e-10	6.51804850094e-08
8.33830570217e-10	8.23526034033e-08
8.3497594188e-10	9.37938806622e-08
8.36121313542e-10	9.77695604476e-08
8.37266685205e-10	9.31838672891e-08
8.38412056867e-10	7.99687946973e-08
8.39557428529e-10	5.92593747406e-08
8.40702800192e-10	3.33123644225e-08
8.41848171854e-10	5.14015469077e-09
8.42993543517e-10	-2.2038903702e-08
8.44138915179e-10	-4.5366837842e-08
8.45284286841e-10	-6.28483678433e-08
8.46429658504e-10	-7.35536378471e-08
8.47575030166e-10	-7.76117081713e-08
8.48720401828e-10	-7.59028919717e-08
8.49865773491e-10	-6.96683390977e-08
8.51011145153e-10	-6.00841838505e-08
8.52156516816e-10	-4.80118016455e-08
8.53301888478e-10	-3.39063508381e-08
8.5444726014e-10	-1.79890743413e-08
8.55592631803e-10	-4.95657681565e-10
8.56738003465e-10	1.80047287079e-08
8.57883375128e-10	3.64315404511e-08
8.5902874679e-10	5.317541385e-08
8.60174118452e-10	6.63123840283e-08
8.61319490115e-10	7.39913810222e-08
8.62464861777e-10	7.48630695213e-08
8.6361023344e-10	6.84770453674e-08
8.64755605102e-10	5.54510817263e-08
8.65900976764e-10	3.74361088795e-08
8.67046348427e-10	1.67914652738e-08
8.68191720089e-10	-3.8649973777e-09
8.69337091751e-10	-2.21874789652e-08
8.70482463414e-10	-3.64867485114e-08
8.71627835076e-10	-4.59718780821e-08
8.72773206739e-10	-5.0692074538e-08
8.73918578401e-10	-5.13259463819e-08
8.75063950063e-10	-4.88130353915e-08
8.76209321726e-10	-4.40301033411e-08
8.77354693388e-10	-3.75686237675e-08
8.78500065051e-10	-2.96844655523e-08
8.79645436713e-10	-2.04171421991e-08
8.80790808375e-10	-9.80262310213e-09
8.81936180038e-10	1.89983599685e-09
8.830815517e-10	1.40735274545e-08
8.84226923362e-10	2.57253061076e-08
8.85372295025e-10	3.56342670926e-08
8.86517666687e-10	4.25683066574e-08
8.8766303835e-10	4.55789399556e-08
8.88808410012e-10	4.42127212619e-08
8.89953781674e-10	3.86465230928e-08
8.91099153337e-10	2.96577944425e-08
8.92244524999e-10	1.84788330193e-08
8.93389896662e-10	6.55395829274e-09
8.94535268324e-10	-4.72541167307e-09
8.95680639986e-10	-1.42404984471e-08
8.96826011649e-10	-2.12776999353e-08
8.97971383311e-10	-2.55581616981e-08
8.99116754974e-10	-2.71820810305e-08
9.00262126636e-10	-2.65026610657e-08
9.01407498298e-10	-2.4013354416e-08
9.02552869961e-10	-2.02249139658e-08
9.03698241623e-10	-1.56201320767e-08
9.04843613285e-10	-1.06102973074e-08
9.05988984948e-10	-5.5501820917e-09
9.0713435661e-10	-7.29316888132e-10
9.08279728273e-10	3.61741256394e-09
9.09425099935e-10	7.32292515515e-09
9.10570471597e-10	1.02779179056e-08
9.1171584326e-10	1.24298252802e-08
9.12861214922e-10	1.37467588424e-08
9.14006586585e-10	1.42004064063e-08
9.15151958247e-10	1.37482475404e-08
9.16297329909e-10	1.23429301224e-08
9.17442701572e-10	9.97158400295e-09
9.18588073234e-10	6.7029288231e-09
9.19733444896e-10	2.75537093836e-09
9.20878816559e-10	-1.48459380206e-09
9.22024188221e-10	-5.46112471911e-09
9.23169559884e-10	-8.53759202224e-09
9.24314931546e-10	-1.01188894486e-08
9.25460303208e-10	-9.82001802097e-09
9.26605674871e-10	-7.59683910223e-09
9.27751046533e-10	-3.83013806782e-09
9.28896418196e-10	7.31577624868e-10
9.30041789858e-10	5.10744030402e-09
9.3118716152e-10	8.32497309977e-09
9.32332533183e-10	9.65085739102e-09
9.33477904845e-10	8.78775380242e-09
9.34623276507e-10	5.94707971757e-09
9.3576864817e-10	1.78917565138e-09
9.36914019832e-10	-2.7462263609e-09
9.38059391495e-10	-6.69574887202e-09
9.39204763157e-10	-9.31410526483e-09
9.40350134819e-10	-1.02630391408e-08
9.41495506482e-10	-9.66552787807e-09
9.42640878144e-10	-8.03357447232e-09
9.43786249807e-10	-6.06076322462e-09
9.44931621469e-10	-4.38539271563e-09
9.46076993131e-10	-3.3484771067e-09
9.47222364794e-10	-2.87728058046e-09
9.48367736456e-10	-2.50378717759e-09
9.49513108119e-10	-1.54312045086e-09
9.50658479781e-10	6.34913803824e-10
9.51803851443e-10	4.32758379132e-09
9.52949223106e-10	9.30716387293e-09
9.54094594768e-10	1.47965251163e-08
9.5523996643e-10	1.96266378705e-08
9.56385338093e-10	2.25517672314e-08
9.57530709755e-10	2.25920877561e-08
9.58676081418e-10	1.93435909512e-08
9.5982145308e-10	1.311338238e-08
9.60966824742e-10	4.86882881234e-09
9.62112196405e-10	-4.00923169663e-09
9.63257568067e-10	-1.20737927434e-08
9.6440293973e-10	-1.81786152798e-08
9.65548311392e-10	-2.17294652272e-08
9.66693683054e-10	-2.27723551127e-08
9.67839054717e-10	-2.18788454021e-08
9.68984426379e-10	-1.98780376603e-08
9.70129798041e-10	-1.75246733791e-08
9.71275169704e-10	-1.52215586802e-08
9.72420541366e-10	-1.28918220543e-08
9.73565913029e-10	-1.00338018449e-08
9.74711284691e-10	-5.96821339571e-09
9.75856656353e-10	-1.62276553306e-10
9.77002028016e-10	7.45114570044e-09
9.78147399678e-10	1.63022259025e-08
9.79292771341e-10	2.52001756129e-08
9.80438143003e-10	3.2571830566e-08
9.81583514665e-10	3.6848430085e-08
9.82728886328e-10	3.68959300889e-08
9.8387425799e-10	3.23505897626e-08
9.85019629653e-10	2.3766618229e-08
9.86165001315e-10	1.24998861262e-08
9.87310372977e-10	3.83877950261e-10
9.8845574464e-10	-1.07282855932e-08
9.89601116302e-10	-1.94082373506e-08
9.90746487964e-10	-2.49528120388e-08
9.91891859627e-10	-2.74548104251e-08
9.93037231289e-10	-2.76372711383e-08
9.94182602952e-10	-2.65178001779e-08
9.95327974614e-10	-2.50019035475e-08
9.96473346276e-10	-2.35535995152e-08
9.97618717939e-10	-2.20449613009e-08
9.98764089601e-10	-1.9818916952e-08
9.99909461264e-10	-1.59683024581e-08
1.00105483293e-09	-9.72142899514e-09
1.00220020459e-09	-8.20571326166e-10
1.00334557625e-09	1.02371736088e-08
1.00449094791e-09	2.21838717396e-08
1.00563631958e-09	3.3211915218e-08
1.00678169124e-09	4.1380432414e-08
1.0079270629e-09	4.51000499169e-08
1.00907243456e-09	4.35390532516e-08
1.01021780623e-09	3.68444685872e-08
1.01136317789e-09	2.6117711216e-08
1.01250854955e-09	1.31396050151e-08
1.01365392121e-09	-5.53118627289e-11
1.01479929287e-09	-1.1650282683e-08
1.01594466454e-09	-2.04256246361e-08
1.0170900362e-09	-2.59539377767e-08
1.01823540786e-09	-2.85557852919e-08
1.01938077952e-09	-2.90599599939e-08
1.02052615119e-09	-2.84369969794e-08
1.02167152285e-09	-2.74318067151e-08
1.02281689451e-09	-2.63109942722e-08
1.02396226617e-09	-2.47916747131e-08
1.02510763784e-09	-2.21826221836e-08
1.0262530095e-09	-1.7680445441e-08
1.02739838116e-09	-1.07280476169e-08
1.02854375282e-09	-1.31116754953e-09
1.02968912449e-09	9.88917886469e-09
1.03083449615e-09	2.15638887857e-08
1.03197986781e-09	3.20266271281e-08
1.03312523947e-09	3.95991051061e-08
1.03427061114e-09	4.29980524519e-08
1.0354159828e-09	4.16486904964e-08
1.03656135446e-09	3.58034755177e-08
1.03770672612e-09	2.64776710557e-08
1.03885209778e-09	1.51879631094e-08
1.03999746945e-09	3.59928083171e-09
1.04114284111e-09	-6.83828221826e-09
1.04228821277e-09	-1.51654693248e-08
1.04343358443e-09	-2.10253014998e-08
1.0445789561e-09	-2.4611031213e-08
1.04572432776e-09	-2.64611005329e-08
1.04686969942e-09	-2.71973557009e-08
1.04801507108e-09	-2.72629882003e-08
1.04916044275e-09	-2.67764004303e-08
1.05030581441e-09	-2.54910840214e-08
1.05145118607e-09	-2.29233577675e-08
1.05259655773e-09	-1.85488115978e-08
1.0537419294e-09	-1.20629198852e-08
1.05488730106e-09	-3.56242119137e-09
1.05603267272e-09	6.34591518223e-09
1.05717804438e-09	1.66085303288e-08
1.05832341605e-09	2.59048342777e-08
1.05946878771e-09	3.292592754e-08
1.06061415937e-09	3.66624790527e-08
1.06175953103e-09	3.66225014758e-08
1.06290490269e-09	3.29312019876e-08
1.06405027436e-09	2.62757734459e-08
1.06519564602e-09	1.77354115838e-08
1.06634101768e-09	8.52491038872e-09
1.06748638934e-09	-2.4547260058e-10
1.06863176101e-09	-7.78110353927e-09
1.06977713267e-09	-1.36818840701e-08
1.07092250433e-09	-1.79445002191e-08
1.07206787599e-09	-2.08373334143e-08
1.07321324766e-09	-2.27358668559e-08
1.07435861932e-09	-2.39390816059e-08
1.07550399098e-09	-2.45386840847e-08
1.07664936264e-09	-2.43695789104e-08
1.07779473431e-09	-2.30639306542e-08
1.07894010597e-09	-2.01927951027e-08
1.08008547763e-09	-1.54467627578e-08
1.08123084929e-09	-8.80986766871e-09
1.08237622096e-09	-6.52688909863e-10
1.08352159262e-09	8.26440971213e-09
1.08466696428e-09	1.69169781516e-08
1.08581233594e-09	2.41995877781e-08
1.0869577076e-09	2.91651569562e-08
1.08810307927e-09	3.12083370257e-08
1.08924845093e-09	3.0193288314e-08
1.09039382259e-09	2.64521694548e-08
1.09153919425e-09	2.07012814668e-08
1.09268456592e-09	1.38519448689e-08
1.09382993758e-09	6.81510881062e-09
1.09497530924e-09	3.09886484529e-10
1.0961206809e-09	-5.24860899187e-09
1.09726605257e-09	-9.76689534804e-09
1.09841142423e-09	-1.3402381982e-08
1.09955679589e-09	-1.64099345223e-08
1.10070216755e-09	-1.89929402206e-08
1.10184753922e-09	-2.11630051261e-08
1.10299291088e-09	-2.27071362824e-08
1.10413828254e-09	-2.32138047673e-08
1.1052836542e-09	-2.22183526022e-08
1.10642902587e-09	-1.93472641241e-08
1.10757439753e-09	-1.44951025627e-08
1.10871976919e-09	-7.90065157741e-09
1.10986514085e-09	-1.6875059683e-10
1.11101051252e-09	7.83668013815e-09
1.11215588418e-09	1.51480958888e-08
1.11330125584e-09	2.08989692219e-08
1.1144466275e-09	2.44962646834e-08
1.11559199916e-09	2.5719105734e-08
1.11673737083e-09	2.47347589077e-08
1.11788274249e-09	2.19996898476e-08
1.11902811415e-09	1.81205517258e-08
1.12017348581e-09	1.36709848442e-08
1.12131885748e-09	9.07297864616e-09
1.12246422914e-09	4.51753430497e-09
1.1236096008e-09	7.39226388435e-12
1.12475497246e-09	-4.56378781988e-09
1.12590034413e-09	-9.26193449713e-09
1.12704571579e-09	-1.40064730925e-08
1.12819108745e-09	-1.84927936298e-08
1.12933645911e-09	-2.22189568966e-08
1.13048183078e-09	-2.45814422151e-08
1.13162720244e-09	-2.50285966397e-08
1.1327725741e-09	-2.32287813429e-08
1.13391794576e-09	-1.91813934736e-08
1.13506331743e-09	-1.32626202798e-08
1.13620868909e-09	-6.1557043074e-09
1.13735406075e-09	1.28061629356e-09
1.13849943241e-09	8.20062034945e-09
1.13964480407e-09	1.39287728018e-08
1.14079017574e-09	1.80803019223e-08
1.1419355474e-09	2.05749561832e-08
1.14308091906e-09	2.15886535315e-08
1.14422629072e-09	2.14252832142e-08
1.14537166239e-09	2.03866663551e-08
1.14651703405e-09	1.86557043147e-08
1.14766240571e-09	1.62468813958e-08
1.14880777737e-09	1.30336501036e-08
1.14995314904e-09	8.84509993027e-09
1.1510985207e-09	3.59861045129e-09
1.15224389236e-09	-2.58201554582e-09
1.15338926402e-09	-9.29449411879e-09
1.15453463569e-09	-1.58859266852e-08
1.15568000735e-09	-2.15483876298e-08
1.15682537901e-09	-2.54939575006e-08
1.15797075067e-09	-2.71231103133e-08
1.15911612234e-09	-2.61732615581e-08
1.160261494e-09	-2.27707553924e-08
1.16140686566e-09	-1.74106700168e-08
1.16255223732e-09	-1.08287417921e-08
1.16369760898e-09	-3.84722917413e-09
1.16484298065e-09	2.79806017245e-09
1.16598835231e-09	8.57919807418e-09
1.16713372397e-09	1.32294256661e-08
1.16827909563e-09	1.67180670418e-08
1.1694244673e-09	1.91596533083e-08
1.17056983896e-09	2.07013147735e-08
1.17171521062e-09	2.14134078247e-08
1.17286058228e-09	2.1244634496e-08
1.17400595395e-09	2.00198767564e-08
1.17515132561e-09	1.75251626544e-08
1.17629669727e-09	1.36048672328e-08
1.17744206893e-09	8.28071478054e-09
1.1785874406e-09	1.81370949509e-09
1.17973281226e-09	-5.27917787263e-09
1.18087818392e-09	-1.22941043457e-08
1.18202355558e-09	-1.8447683825e-08
1.18316892725e-09	-2.30283893066e-08
1.18431429891e-09	-2.55227504686e-08
1.18545967057e-09	-2.5706461515e-08
1.18660504223e-09	-2.36677987209e-08
1.18775041389e-09	-1.97648829525e-08
1.18889578556e-09	-1.45323710843e-08
1.19004115722e-09	-8.56266796356e-09
1.19118652888e-09	-2.40658894202e-09
1.19233190054e-09	3.49895112883e-09
1.19347727221e-09	8.84345319196e-09
1.19462264387e-09	1.34249646955e-08
1.19576801553e-09	1.71004035376e-08
1.19691338719e-09	1.97489518072e-08
1.19805875886e-09	2.1243345083e-08
1.19920413052e-09	2.14625246464e-08
1.20034950218e-09	2.03147620947e-08
1.20149487384e-09	1.77818691993e-08
1.20264024551e-09	1.39542505329e-08
1.20378561717e-09	9.05127939266e-09
1.20493098883e-09	3.41924964731e-09
1.20607636049e-09	-2.50337865715e-09
1.20722173216e-09	-8.23321616439e-09
1.20836710382e-09	-1.33064373964e-08
1.20951247548e-09	-1.73297862727e-08
1.21065784714e-09	-2.00233450931e-08
1.21180321881e-09	-2.12280529821e-08
1.21294859047e-09	-2.09043637955e-08
1.21409396213e-09	-1.91099149838e-08
1.21523933379e-09	-1.59875218619e-08
1.21638470545e-09	-1.17512825026e-08
1.21753007712e-09	-6.68827143668e-09
1.21867544878e-09	-1.15271026405e-09
1.21982082044e-09	4.43849748621e-09
1.2209661921e-09	9.6385008308e-09
1.22211156377e-09	1.40098156409e-08
1.22325693543e-09	1.71784847458e-08
1.22440230709e-09	1.88911311039e-08
1.22554767875e-09	1.90516705745e-08
1.22669305042e-09	1.77390612199e-08
1.22783842208e-09	1.51877349586e-08
1.22898379374e-09	1.17419093337e-08
1.2301291654e-09	7.78589182016e-09
1.23127453707e-09	3.67896212106e-09
1.23241990873e-09	-3.03218280345e-10
1.23356528039e-09	-3.98464433671e-09
1.23471065205e-09	-7.28139637474e-09
1.23585602372e-09	-1.01554831766e-08
1.23700139538e-09	-1.25641426707e-08
1.23814676704e-09	-1.44134852942e-08
1.2392921387e-09	-1.55446775452e-08
