% time-domain voltage integration by openEMS v0.37.0-rc1-2-g7b051bb @Wed Aug  5 23:31:29 2026
% start-coordinates: (0.00381152,0.00351142,-0.000889) m -> [108,104,13]
% stop-coordinates: (0.0043281,0.00351142,-0.000889) m -> [116,104,13]
% t/s	voltage
0	0
1.14537166239e-12	0
2.29074332477e-12	0
3.43611498716e-12	0
4.58148664955e-12	0
5.72685831193e-12	0
6.87222997432e-12	0
8.01760163671e-12	0
9.16297329909e-12	0
1.03083449615e-11	0
1.14537166239e-11	0
1.25990882863e-11	0
1.37444599486e-11	0
1.4889831611e-11	0
1.60352032734e-11	0
1.71805749358e-11	0
1.83259465982e-11	0
1.94713182606e-11	0
2.0616689923e-11	0
2.17620615853e-11	0
2.29074332477e-11	0
2.40528049101e-11	0
2.51981765725e-11	0
2.63435482349e-11	0
2.74889198973e-11	0
2.86342915597e-11	0
2.97796632221e-11	0
3.09250348844e-11	0
3.20704065468e-11	0
3.32157782092e-11	0
3.43611498716e-11	0
3.5506521534e-11	0
3.66518931964e-11	0
3.77972648588e-11	0
3.89426365211e-11	0
4.00880081835e-11	0
4.12333798459e-11	-3.31067519685e-36
4.23787515083e-11	-3.78433090951e-33
4.35241231707e-11	-1.08666444972e-30
4.46694948331e-11	-1.95687499492e-28
4.58148664955e-11	-2.2424034136e-26
4.69602381579e-11	-1.64267776369e-24
4.81056098202e-11	-7.57461361851e-23
4.92509814826e-11	-2.04634271899e-21
5.0396353145e-11	-2.20272086165e-20
5.15417248074e-11	4.63402309316e-19
5.26870964698e-11	2.29463833486e-17
5.38324681322e-11	4.46255322491e-16
5.49778397946e-11	5.23651602215e-15
5.61232114569e-11	4.04078083927e-14
5.72685831193e-11	2.09586535816e-13
5.84139547817e-11	7.20578317745e-13
5.95593264441e-11	1.51150593371e-12
6.07046981065e-11	1.08047366898e-12
6.18500697689e-11	-4.99150547284e-12
6.29954414313e-11	-2.56633684572e-11
6.41408130937e-11	-7.66324803093e-11
6.5286184756e-11	-1.73887649939e-10
6.64315564184e-11	-3.01036234135e-10
6.75769280808e-11	-3.48395869446e-10
6.87222997432e-11	-2.33677998826e-11
6.98676714056e-11	1.26838391873e-09
7.1013043068e-11	4.48993558999e-09
7.21584147304e-11	1.08497090201e-08
7.33037863927e-11	2.13963755602e-08
7.44491580551e-11	3.61980012631e-08
7.55945297175e-11	5.29365851154e-08
7.67399013799e-11	6.51361711235e-08
7.78852730423e-11	6.07069856606e-08
7.90306447047e-11	2.17475726316e-08
8.01760163671e-11	-7.29764439988e-08
8.13213880295e-11	-2.41573603788e-07
8.24667596918e-11	-4.88601138215e-07
8.36121313542e-11	-7.92763852786e-07
8.47575030166e-11	-1.0969852795e-06
8.5902874679e-11	-1.30677386068e-06
8.70482463414e-11	-1.30293553724e-06
8.81936180038e-11	-9.70730447136e-07
8.93389896662e-11	-2.41191675521e-07
9.04843613285e-11	8.66567880564e-07
9.16297329909e-11	2.21879226103e-06
9.27751046533e-11	3.57188285705e-06
9.39204763157e-11	4.61609755575e-06
9.50658479781e-11	5.05177359855e-06
9.62112196405e-11	4.67717225661e-06
9.73565913029e-11	3.45861589324e-06
9.85019629653e-11	1.55579362371e-06
9.96473346276e-11	-7.09572269386e-07
1.0079270629e-10	-2.93330076317e-06
1.01938077952e-10	-4.73028046599e-06
1.03083449615e-10	-5.82307652053e-06
1.04228821277e-10	-6.09026048437e-06
1.0537419294e-10	-5.5645431587e-06
1.06519564602e-10	-4.39180408307e-06
1.07664936264e-10	-2.7749170215e-06
1.08810307927e-10	-9.27459261391e-07
1.09955679589e-10	9.47843361132e-07
1.11101051252e-10	2.65820870027e-06
1.12246422914e-10	4.01170990472e-06
1.13391794576e-10	4.81857534851e-06
1.14537166239e-10	4.9145572234e-06
1.15682537901e-10	4.20460528971e-06
1.16827909563e-10	2.71159335341e-06
1.17973281226e-10	6.08150095616e-07
1.19118652888e-10	-1.78797859718e-06
1.20264024551e-10	-4.06317261081e-06
1.21409396213e-10	-5.79381497801e-06
1.22554767875e-10	-6.64654425009e-06
1.23700139538e-10	-6.46274651217e-06
1.248455112e-10	-5.30079060468e-06
1.25990882863e-10	-3.42076943127e-06
1.27136254525e-10	-1.21507155626e-06
1.28281626187e-10	8.94951632802e-07
1.2942699785e-10	2.56529980902e-06
1.30572369512e-10	3.6062890274e-06
1.31717741174e-10	4.00795892119e-06
1.32863112837e-10	3.90891506186e-06
1.34008484499e-10	3.52215168675e-06
1.35153856162e-10	3.04572706966e-06
1.36299227824e-10	2.5907101957e-06
1.37444599486e-10	2.15278458882e-06
1.38589971149e-10	1.63621561455e-06
1.39735342811e-10	9.20063442322e-07
1.40880714474e-10	-6.15601143394e-08
1.42026086136e-10	-1.25916208304e-06
1.43171457798e-10	-2.49408742548e-06
1.44316829461e-10	-3.49962323298e-06
1.45462201123e-10	-4.00318486982e-06
1.46607572785e-10	-3.81995627663e-06
1.47752944448e-10	-2.92283040437e-06
1.4889831611e-10	-1.4634367318e-06
1.50043687773e-10	2.62805107454e-07
1.51189059435e-10	1.89541415807e-06
1.52334431097e-10	3.10477888377e-06
1.5347980276e-10	3.67566121895e-06
1.54625174422e-10	3.55448034384e-06
1.55770546085e-10	2.85039374148e-06
1.56915917747e-10	1.79316433702e-06
1.58061289409e-10	6.6270589727e-07
1.59206661072e-10	-2.87746459549e-07
1.60352032734e-10	-8.94395505213e-07
1.61497404397e-10	-1.11494620114e-06
1.62642776059e-10	-1.02319944517e-06
1.63788147721e-10	-7.69451805382e-07
1.64933519384e-10	-5.21215294924e-07
1.66078891046e-10	-4.03556983386e-07
1.67224262708e-10	-4.58560064587e-07
1.68369634371e-10	-6.3733078548e-07
1.69515006033e-10	-8.25718231567e-07
1.70660377696e-10	-8.93717924555e-07
1.71805749358e-10	-7.4981790732e-07
1.7295112102e-10	-3.79654476745e-07
1.74096492683e-10	1.45240762528e-07
1.75241864345e-10	6.91438529543e-07
1.76387236008e-10	1.11074623277e-06
1.7753260767e-10	1.29228346424e-06
1.78677979332e-10	1.2000841707e-06
1.79823350995e-10	8.83028079102e-07
1.80968722657e-10	4.54316552378e-07
1.82114094319e-10	5.01965236044e-08
1.83259465982e-10	-2.16877223735e-07
1.84404837644e-10	-2.93451655864e-07
1.85550209307e-10	-1.97264091284e-07
1.86695580969e-10	-4.41906733428e-09
1.87840952631e-10	1.82266777671e-07
1.88986324294e-10	2.71339198221e-07
1.90131695956e-10	2.13460923604e-07
1.91277067619e-10	1.54091905902e-08
1.92422439281e-10	-2.65899153362e-07
1.93567810943e-10	-5.45426512844e-07
1.94713182606e-10	-7.39718746701e-07
1.95858554268e-10	-7.93589290282e-07
1.97003925931e-10	-6.95667207395e-07
1.98149297593e-10	-4.78559226025e-07
1.99294669255e-10	-2.04663522574e-07
2.00440040918e-10	5.60870954125e-08
2.0158541258e-10	2.49205163172e-07
2.02730784242e-10	3.50918742953e-07
2.03876155905e-10	3.71766844864e-07
2.05021527567e-10	3.47769660181e-07
2.0616689923e-10	3.22924281093e-07
2.07312270892e-10	3.3009881939e-07
2.08457642554e-10	3.76662685042e-07
2.09603014217e-10	4.40420247827e-07
2.10748385879e-10	4.77052182646e-07
2.11893757542e-10	4.3683937534e-07
2.13039129204e-10	2.84754866797e-07
2.14184500866e-10	1.71294043394e-08
2.15329872529e-10	-3.31011463572e-07
2.16475244191e-10	-6.91389882235e-07
2.17620615853e-10	-9.79351881369e-07
2.18765987516e-10	-1.1177785737e-06
2.19911359178e-10	-1.06043644621e-06
2.21056730841e-10	-8.0742102071e-07
2.22202102503e-10	-4.0712204985e-07
2.23347474165e-10	5.61283048928e-08
2.24492845828e-10	4.85038189169e-07
2.2563821749e-10	7.95739502735e-07
2.26783589153e-10	9.38732249267e-07
2.27928960815e-10	9.08522437726e-07
2.29074332477e-10	7.39594952393e-07
2.3021970414e-10	4.91232356126e-07
2.31365075802e-10	2.27543686115e-07
2.32510447464e-10	-6.35973051999e-10
2.33655819127e-10	-1.66215169628e-07
2.34801190789e-10	-2.67043912316e-07
2.35946562452e-10	-3.19013976124e-07
2.37091934114e-10	-3.45036861304e-07
2.38237305776e-10	-3.63859307129e-07
2.39382677439e-10	-3.8270917635e-07
2.40528049101e-10	-3.95068344261e-07
2.41673420764e-10	-3.83876956889e-07
2.42818792426e-10	-3.28888081214e-07
2.43964164088e-10	-2.15627451894e-07
2.45109535751e-10	-4.33112608e-08
2.46254907413e-10	1.70693615686e-07
2.47400279076e-10	3.91983192571e-07
2.48545650738e-10	5.75876558884e-07
2.496910224e-10	6.78676641996e-07
2.50836394063e-10	6.70244126866e-07
2.51981765725e-10	5.43838638123e-07
2.53127137387e-10	3.20002406795e-07
2.5427250905e-10	4.2352805929e-08
2.55417880712e-10	-2.33405003769e-07
2.56563252375e-10	-4.54437639519e-07
2.57708624037e-10	-5.84694124228e-07
2.58853995699e-10	-6.13447330267e-07
2.59999367362e-10	-5.55331038044e-07
2.61144739024e-10	-4.42514354049e-07
2.62290110687e-10	-3.11760523175e-07
2.63435482349e-10	-1.91371211322e-07
2.64580854011e-10	-9.28967860414e-08
2.65726225674e-10	-1.02999196672e-08
2.66871597336e-10	7.34328464702e-08
2.68016968998e-10	1.75334619712e-07
2.69162340661e-10	3.01788448454e-07
2.70307712323e-10	4.42286559377e-07
2.71453083986e-10	5.70093803276e-07
2.72598455648e-10	6.4952285328e-07
2.7374382731e-10	6.47036923596e-07
2.74889198973e-10	5.42595660846e-07
2.76034570635e-10	3.37598207167e-07
2.77179942298e-10	5.7093043182e-08
2.7832531396e-10	-2.54330604577e-07
2.79470685622e-10	-5.41784622499e-07
2.80616057285e-10	-7.52367345314e-07
2.81761428947e-10	-8.47202450416e-07
2.82906800609e-10	-8.10520720762e-07
2.84052172272e-10	-6.53196575939e-07
2.85197543934e-10	-4.09918481381e-07
2.86342915597e-10	-1.30494703932e-07
2.87488287259e-10	1.32458199964e-07
2.88633658921e-10	3.35893492576e-07
2.89779030584e-10	4.55581467662e-07
2.90924402246e-10	4.8937704733e-07
2.92069773909e-10	4.54554598406e-07
2.93215145571e-10	3.79901228698e-07
2.94360517233e-10	2.95975256748e-07
2.95505888896e-10	2.26169117212e-07
2.96651260558e-10	1.8151247172e-07
2.97796632221e-10	1.59762956642e-07
2.98942003883e-10	1.48659870192e-07
3.00087375545e-10	1.31611027854e-07
3.01232747208e-10	9.4009084961e-08
3.0237811887e-10	2.82024299469e-08
3.03523490532e-10	-6.36487920147e-08
3.04668862195e-10	-1.69660376415e-07
3.05814233857e-10	-2.70897368537e-07
3.0695960552e-10	-3.46103297133e-07
3.08104977182e-10	-3.77370632521e-07
3.09250348844e-10	-3.5509160945e-07
3.10395720507e-10	-2.80979465472e-07
3.11541092169e-10	-1.67844295795e-07
3.12686463832e-10	-3.62509544605e-08
3.13831835494e-10	9.11863997644e-08
3.14977207156e-10	1.95910875078e-07
3.16122578819e-10	2.6778693929e-07
3.17267950481e-10	3.06008937301e-07
3.18413322143e-10	3.16771593845e-07
3.19558693806e-10	3.08523439685e-07
3.20704065468e-10	2.87289193324e-07
3.21849437131e-10	2.54042909376e-07
3.22994808793e-10	2.05336688097e-07
3.24140180455e-10	1.36683545371e-07
3.25285552118e-10	4.70700478594e-08
3.2643092378e-10	-5.77174694705e-08
3.27576295443e-10	-1.64485213006e-07
3.28721667105e-10	-2.55271039862e-07
3.29867038767e-10	-3.12242695699e-07
3.3101241043e-10	-3.23044776707e-07
3.32157782092e-10	-2.84856950472e-07
3.33303153755e-10	-2.05752982652e-07
3.34448525417e-10	-1.02859358364e-07
3.35593897079e-10	2.02195404864e-09
3.36739268742e-10	8.83299415833e-08
3.37884640404e-10	1.42493875366e-07
3.39030012066e-10	1.61740421945e-07
3.40175383729e-10	1.54732937574e-07
3.41320755391e-10	1.38430015895e-07
3.42466127054e-10	1.31754196886e-07
3.43611498716e-10	1.4808030091e-07
3.44756870378e-10	1.8906921806e-07
3.45902242041e-10	2.42421753782e-07
3.47047613703e-10	2.84834042574e-07
3.48192985366e-10	2.89731277192e-07
3.49338357028e-10	2.37141277282e-07
3.5048372869e-10	1.22387104895e-07
3.51629100353e-10	-4.00370835374e-08
3.52774472015e-10	-2.18965250376e-07
3.53919843677e-10	-3.7505186512e-07
3.5506521534e-10	-4.72168125043e-07
3.56210587002e-10	-4.88060003079e-07
3.57355958665e-10	-4.20513597277e-07
3.58501330327e-10	-2.87350706785e-07
3.59646701989e-10	-1.20435481143e-07
3.60792073652e-10	4.37931055863e-08
3.61937445314e-10	1.74306244105e-07
3.63082816977e-10	2.52892547792e-07
3.64228188639e-10	2.77273326077e-07
3.65373560301e-10	2.59468336594e-07
3.66518931964e-10	2.20228070447e-07
3.67664303626e-10	1.81442219471e-07
3.68809675288e-10	1.58717597287e-07
3.69955046951e-10	1.56481002378e-07
3.71100418613e-10	1.66995171469e-07
3.72245790276e-10	1.73804663994e-07
3.73391161938e-10	1.58332079003e-07
3.745365336e-10	1.07597438515e-07
3.75681905263e-10	1.98052352296e-08
3.76827276925e-10	-9.38614501678e-08
3.77972648588e-10	-2.12199087635e-07
3.7911802025e-10	-3.10405837922e-07
3.80263391912e-10	-3.67580915039e-07
3.81408763575e-10	-3.7247539808e-07
3.82554135237e-10	-3.25856618133e-07
3.836995069e-10	-2.38958572041e-07
3.84844878562e-10	-1.29264944526e-07
3.85990250224e-10	-1.535008054e-08
3.87135621887e-10	8.73871437435e-08
3.88280993549e-10	1.68993321559e-07
3.89426365211e-10	2.25260444964e-07
3.90571736874e-10	2.56524016251e-07
3.91717108536e-10	2.65795375043e-07
3.92862480199e-10	2.5702640194e-07
3.94007851861e-10	2.33834382968e-07
3.95153223523e-10	1.98862503353e-07
3.96298595186e-10	1.53803786596e-07
3.97443966848e-10	9.98613591818e-08
3.98589338511e-10	3.8629608401e-08
3.99734710173e-10	-2.69907873829e-08
4.00880081835e-10	-9.22493890165e-08
4.02025453498e-10	-1.50735716353e-07
4.0317082516e-10	-1.95488795818e-07
4.04316196822e-10	-2.20725125288e-07
4.05461568485e-10	-2.23640984842e-07
4.06606940147e-10	-2.05344645288e-07
4.0775231181e-10	-1.7056424273e-07
4.08897683472e-10	-1.25953692809e-07
4.10043055134e-10	-7.78580906413e-08
4.11188426797e-10	-3.04004327267e-08
4.12333798459e-10	1.50686638167e-08
4.13479170122e-10	5.91187718779e-08
4.14624541784e-10	1.0223462521e-07
4.15769913446e-10	1.42933264335e-07
4.16915285109e-10	1.76936238105e-07
4.18060656771e-10	1.97946119052e-07
4.19206028434e-10	1.99881256435e-07
4.20351400096e-10	1.79465006411e-07
4.21496771758e-10	1.38150282325e-07
4.22642143421e-10	8.24445156589e-08
4.23787515083e-10	2.24399192561e-08
4.24932886745e-10	-3.09163442624e-08
4.26078258408e-10	-6.88880570365e-08
4.2722363007e-10	-8.74043020183e-08
4.28369001733e-10	-8.79800583498e-08
4.29514373395e-10	-7.69195049877e-08
4.30659745057e-10	-6.30662602141e-08
4.3180511672e-10	-5.47198610867e-08
4.32950488382e-10	-5.66483777664e-08
4.34095860045e-10	-6.83413867719e-08
4.35241231707e-10	-8.39997138513e-08
4.36386603369e-10	-9.45796241325e-08
4.37531975032e-10	-9.11559370209e-08
4.38677346694e-10	-6.85962460167e-08
4.39822718356e-10	-2.78857288372e-08
4.40968090019e-10	2.36356688665e-08
4.42113461681e-10	7.46316017874e-08
4.43258833344e-10	1.13561542836e-07
4.44404205006e-10	1.32749004678e-07
4.45549576668e-10	1.30837805479e-07
4.46694948331e-10	1.1288440227e-07
4.47840319993e-10	8.79432886514e-08
4.48985691656e-10	6.53037650622e-08
4.50131063318e-10	5.09143702754e-08
4.5127643498e-10	4.53631499031e-08
4.52421806643e-10	4.41396699191e-08
4.53567178305e-10	3.98613508867e-08
4.54712549967e-10	2.55178298492e-08
4.5585792163e-10	-2.5707581619e-09
4.57003293292e-10	-4.30845334964e-08
4.58148664955e-10	-8.97593328553e-08
4.59294036617e-10	-1.3295314627e-07
4.60439408279e-10	-1.62224337075e-07
4.61584779942e-10	-1.69148981932e-07
4.62730151604e-10	-1.49637061853e-07
4.63875523267e-10	-1.05361614544e-07
4.65020894929e-10	-4.36880562837e-08
4.66166266591e-10	2.37576809337e-08
4.67311638254e-10	8.39052374246e-08
4.68457009916e-10	1.25612306334e-07
4.69602381579e-10	1.42740761433e-07
4.70747753241e-10	1.3573713975e-07
4.71893124903e-10	1.11275177517e-07
4.73038496566e-10	7.97267927233e-08
4.74183868228e-10	5.14973432786e-08
4.7532923989e-10	3.34969438853e-08
4.76474611553e-10	2.69699188538e-08
4.77619983215e-10	2.76654856801e-08
4.78765354878e-10	2.79391332292e-08
4.7991072654e-10	2.015545153e-08
4.81056098202e-10	-1.48732831606e-10
4.82201469865e-10	-3.22844747602e-08
4.83346841527e-10	-7.04234164317e-08
4.8449221319e-10	-1.05249774673e-07
4.85637584852e-10	-1.26881181117e-07
4.86782956514e-10	-1.27886556456e-07
4.87928328177e-10	-1.05601551059e-07
4.89073699839e-10	-6.30930387935e-08
4.90219071501e-10	-8.51686060566e-09
4.91364443164e-10	4.69699721339e-08
4.92509814826e-10	9.21032903278e-08
4.93655186489e-10	1.18479608346e-07
4.94800558151e-10	1.22648281753e-07
4.95945929813e-10	1.0676541029e-07
4.97091301476e-10	7.74772277445e-08
4.98236673138e-10	4.35979781166e-08
4.99382044801e-10	1.31854739627e-08
5.00527416463e-10	-8.73390393341e-09
5.01672788125e-10	-2.12271472622e-08
5.02818159788e-10	-2.68093562905e-08
5.0396353145e-10	-2.96404938371e-08
5.05108903113e-10	-3.32397802616e-08
5.06254274775e-10	-3.87949321556e-08
5.07399646437e-10	-4.46913164254e-08
5.085450181e-10	-4.73967265435e-08
5.09690389762e-10	-4.32442153198e-08
5.10835761424e-10	-3.0323364264e-08
5.11981133087e-10	-9.63196206127e-09
5.13126504749e-10	1.49382937131e-08
5.14271876412e-10	3.78096964848e-08
5.15417248074e-10	5.35629611775e-08
5.16562619736e-10	5.87022266352e-08
5.17707991399e-10	5.27664911765e-08
5.18853363061e-10	3.8362308219e-08
5.19998734724e-10	2.02139407435e-08
5.21144106386e-10	3.60693483414e-09
5.22289478048e-10	-7.30560806295e-09
5.23434849711e-10	-1.07218858791e-08
5.24580221373e-10	-7.67235408539e-09
5.25725593035e-10	-1.56101423454e-09
5.26870964698e-10	3.12013275633e-09
5.2801633636e-10	2.47458821837e-09
5.29161708023e-10	-5.2154171537e-09
5.30307079685e-10	-1.85442275979e-08
5.31452451347e-10	-3.31618630334e-08
5.3259782301e-10	-4.30587507871e-08
5.33743194672e-10	-4.26388078179e-08
5.34888566335e-10	-2.89002315412e-08
5.36033937997e-10	-2.86241003122e-09
5.37179309659e-10	3.02799862961e-08
5.38324681322e-10	6.24417215711e-08
5.39470052984e-10	8.49243009249e-08
5.40615424646e-10	9.10480082439e-08
5.41760796309e-10	7.81057050148e-08
5.42906167971e-10	4.82500843724e-08
5.44051539634e-10	7.89680038027e-09
5.45196911296e-10	-3.39569252716e-08
5.46342282958e-10	-6.8152366417e-08
5.47487654621e-10	-8.76249934834e-08
5.48633026283e-10	-8.91788598523e-08
5.49778397946e-10	-7.40467029914e-08
5.50923769608e-10	-4.73918899679e-08
5.5206914127e-10	-1.66876037433e-08
5.53214512933e-10	1.04392947065e-08
5.54359884595e-10	2.84210076584e-08
5.55505256258e-10	3.52300091322e-08
5.5665062792e-10	3.27694080759e-08
5.57795999582e-10	2.5927550662e-08
5.58941371245e-10	2.06305665884e-08
5.60086742907e-10	2.1585658927e-08
5.61232114569e-10	3.0418842778e-08
5.62377486232e-10	4.50578292455e-08
5.63522857894e-10	6.03857244208e-08
5.64668229557e-10	7.00488791416e-08
5.65813601219e-10	6.86489571855e-08
5.66958972881e-10	5.35947788372e-08
5.68104344544e-10	2.59684311832e-08
5.69249716206e-10	-9.7739704108e-09
5.70395087869e-10	-4.70334717839e-08
5.71540459531e-10	-7.88418996756e-08
5.72685831193e-10	-9.95080537969e-08
5.73831202856e-10	-1.0586738286e-07
5.74976574518e-10	-9.77368728172e-08
5.7612194618e-10	-7.76915332068e-08
5.77267317843e-10	-5.01668189212e-08
5.78412689505e-10	-2.02845699127e-08
5.79558061168e-10	7.41711481123e-09
5.8070343283e-10	2.99122838721e-08
5.81848804492e-10	4.61309215272e-08
5.82994176155e-10	5.67939224538e-08
5.84139547817e-10	6.36621311223e-08
5.8528491948e-10	6.86081378376e-08
5.86430291142e-10	7.26740156942e-08
5.87575662804e-10	7.55790088292e-08
5.88721034467e-10	7.57662856898e-08
5.89866406129e-10	7.10082312949e-08
5.91011777792e-10	5.92951656664e-08
5.92157149454e-10	3.97385713224e-08
5.93302521116e-10	1.3091479012e-08
5.94447892779e-10	-1.81784151065e-08
5.95593264441e-10	-5.03295558563e-08
5.96738636103e-10	-7.90578744692e-08
5.97884007766e-10	-1.00356590149e-07
5.99029379428e-10	-1.11175772144e-07
6.00174751091e-10	-1.0997405564e-07
6.01320122753e-10	-9.6915730996e-08
6.02465494415e-10	-7.38683487711e-08
6.03610866078e-10	-4.40687557557e-08
6.0475623774e-10	-1.1580908843e-08
6.05901609403e-10	1.94970287692e-08
6.07046981065e-10	4.57918176711e-08
6.08192352727e-10	6.52785567823e-08
6.0933772439e-10	7.7497650075e-08
6.10483096052e-10	8.33008195755e-08
6.11628467714e-10	8.42492702269e-08
6.12773839377e-10	8.18844436701e-08
6.13919211039e-10	7.71157231405e-08
6.15064582702e-10	6.99961093531e-08
6.16209954364e-10	5.98522778006e-08
6.17355326026e-10	4.57048807689e-08
6.18500697689e-10	2.68431310513e-08
6.19646069351e-10	3.27645063858e-09
6.20791441014e-10	-2.39484382325e-08
6.21936812676e-10	-5.26636634302e-08
6.23082184338e-10	-7.97688946008e-08
6.24227556001e-10	-1.01625699855e-07
6.25372927663e-10	-1.14664642226e-07
6.26518299325e-10	-1.16108130221e-07
6.27663670988e-10	-1.04686441293e-07
6.2880904265e-10	-8.11358251696e-08
6.29954414313e-10	-4.83144195762e-08
6.31099785975e-10	-1.07618833844e-08
6.32245157637e-10	2.61809880442e-08
6.333905293e-10	5.75484540022e-08
6.34535900962e-10	7.98399697466e-08
6.35681272625e-10	9.16718230215e-08
6.36826644287e-10	9.38336479628e-08
6.37972015949e-10	8.86532141031e-08
6.39117387612e-10	7.90521452743e-08
6.40262759274e-10	6.74951405877e-08
6.41408130937e-10	5.53507704115e-08
6.42553502599e-10	4.26960884425e-08
6.43698874261e-10	2.8694588039e-08
6.44844245924e-10	1.22817604975e-08
6.45989617586e-10	-7.09606745586e-09
6.47134989248e-10	-2.89447897872e-08
6.48280360911e-10	-5.15371387788e-08
6.49425732573e-10	-7.21603328202e-08
6.50571104236e-10	-8.76465739985e-08
6.51716475898e-10	-9.51458996035e-08
6.5286184756e-10	-9.28180825532e-08
6.54007219223e-10	-8.03717887798e-08
6.55152590885e-10	-5.91964528507e-08
6.56297962548e-10	-3.21549744609e-08
6.5744333421e-10	-2.94174053173e-09
6.58588705872e-10	2.4657919262e-08
6.59734077535e-10	4.75417554213e-08
6.60879449197e-10	6.3773094805e-08
6.62024820859e-10	7.27463662642e-08
6.63170192522e-10	7.49868553918e-08
6.64315564184e-10	7.17137003114e-08
6.65460935847e-10	6.43513908827e-08
6.66606307509e-10	5.41278657451e-08
6.67751679171e-10	4.18985255379e-08
6.68897050834e-10	2.81542743563e-08
6.70042422496e-10	1.32083683435e-08
6.71187794159e-10	-2.56800454512e-09
6.72333165821e-10	-1.85637127892e-08
6.73478537483e-10	-3.38394599009e-08
6.74623909146e-10	-4.71537524582e-08
6.75769280808e-10	-5.71101059776e-08
6.76914652471e-10	-6.23647542497e-08
6.78060024133e-10	-6.18957449738e-08
6.79205395795e-10	-5.52849919178e-08
6.80350767458e-10	-4.29193924845e-08
6.8149613912e-10	-2.60747288205e-08
6.82641510782e-10	-6.8043554402e-09
6.83786882445e-10	1.23839680732e-08
6.84932254107e-10	2.89986274993e-08
6.8607762577e-10	4.10552101204e-08
6.87222997432e-10	4.74384751481e-08
6.88368369094e-10	4.80599884334e-08
6.89513740757e-10	4.37305542889e-08
6.90659112419e-10	3.58818081914e-08
6.91804484082e-10	2.6151835697e-08
6.92949855744e-10	1.60551105188e-08
6.94095227406e-10	6.70227470745e-09
6.95240599069e-10	-1.26471698392e-09
6.96385970731e-10	-7.67912272659e-09
6.97531342393e-10	-1.26766073194e-08
6.98676714056e-10	-1.65203893898e-08
6.99822085718e-10	-1.93980190799e-08
7.00967457381e-10	-2.12777387931e-08
7.02112829043e-10	-2.18865997548e-08
7.03258200705e-10	-2.07820527454e-08
7.04403572368e-10	-1.75497972821e-08
7.0554894403e-10	-1.20256177238e-08
7.06694315693e-10	-4.46534600268e-09
7.07839687355e-10	4.37317369817e-09
7.08985059017e-10	1.33208527542e-08
7.1013043068e-10	2.09892789815e-08
7.11275802342e-10	2.6053863289e-08
7.12421174004e-10	2.75238523084e-08
7.13566545667e-10	2.49436852284e-08
7.14711917329e-10	1.84906684408e-08
7.15857288992e-10	8.95429580483e-09
7.17002660654e-10	-2.38398845109e-09
7.18148032316e-10	-1.3916268804e-08
7.19293403979e-10	-2.39578984429e-08
7.20438775641e-10	-3.09764285333e-08
7.21584147304e-10	-3.38481516149e-08
7.22729518966e-10	-3.20543298571e-08
7.23874890628e-10	-2.57944872128e-08
7.25020262291e-10	-1.59555485491e-08
7.26165633953e-10	-3.95016808152e-09
7.27311005616e-10	8.58794252379e-09
7.28456377278e-10	2.00944189066e-08
7.2960174894e-10	2.936906629e-08
7.30747120603e-10	3.57019132036e-08
7.31892492265e-10	3.88742205093e-08
7.33037863927e-10	3.90290080254e-08
7.3418323559e-10	3.64906918016e-08
7.35328607252e-10	3.16039159287e-08
7.36473978915e-10	2.4649426611e-08
7.37619350577e-10	1.58483028923e-08
7.38764722239e-10	5.4285835549e-09
7.39910093902e-10	-6.24766505197e-09
7.41055465564e-10	-1.8611953867e-08
7.42200837227e-10	-3.08357084311e-08
7.43346208889e-10	-4.18730239371e-08
7.44491580551e-10	-5.05289317054e-08
7.45636952214e-10	-5.56434298637e-08
7.46782323876e-10	-5.62329574016e-08
7.47927695538e-10	-5.17089511209e-08
7.49073067201e-10	-4.20026733394e-08
7.50218438863e-10	-2.76647147412e-08
7.51363810526e-10	-9.8320416253e-09
7.52509182188e-10	9.88786097444e-09
7.5365455385e-10	2.96490190177e-08
7.54799925513e-10	4.75872632411e-08
7.55945297175e-10	6.20592368605e-08
7.57090668838e-10	7.17737660416e-08
7.582360405e-10	7.58718323723e-08
7.59381412162e-10	7.39314192089e-08
7.60526783825e-10	6.59621890442e-08
7.61672155487e-10	5.24023344717e-08
7.6281752715e-10	3.41455439479e-08
7.63962898812e-10	1.25157713082e-08
7.65108270474e-10	-1.0764818259e-08
7.66253642137e-10	-3.37058629896e-08
7.67399013799e-10	-5.42492557543e-08
7.68544385461e-10	-7.0503912486e-08
7.69689757124e-10	-8.09888183184e-08
7.70835128786e-10	-8.4797620481e-08
7.71980500449e-10	-8.16988516839e-08
7.73125872111e-10	-7.2107813498e-08
7.74271243773e-10	-5.70001068567e-08
7.75416615436e-10	-3.77401538909e-08
7.76561987098e-10	-1.58996393829e-08
7.77707358761e-10	6.9137274239e-09
7.78852730423e-10	2.91895967397e-08
7.79998102085e-10	4.95862437777e-08
7.81143473748e-10	6.69258533037e-08
7.8228884541e-10	8.01642090487e-08
7.83434217072e-10	8.83517179417e-08
7.84579588735e-10	9.06382320309e-08
7.85724960397e-10	8.6380340214e-08
7.8687033206e-10	7.52797526538e-08
7.88015703722e-10	5.76030712018e-08
7.89161075384e-10	3.43233603761e-08
7.90306447047e-10	7.16824177793e-09
7.91451818709e-10	-2.14823980826e-08
7.92597190372e-10	-4.88736224824e-08
7.93742562034e-10	-7.2241956417e-08
7.94887933696e-10	-8.92420377596e-08
7.96033305359e-10	-9.82810828276e-08
7.97178677021e-10	-9.87449504386e-08
7.98324048683e-10	-9.09965494067e-08
7.99469420346e-10	-7.62411200839e-08
8.00614792008e-10	-5.62106132751e-08
8.01760163671e-10	-3.28705933583e-08
8.02905535333e-10	-8.09518424516e-09
8.04050906995e-10	1.64651057233e-08
8.05196278658e-10	3.94594994457e-08
8.0634165032e-10	5.97496616628e-08
8.07487021983e-10	7.63105334478e-08
8.08632393645e-10	8.81280439735e-08
8.09777765307e-10	9.41998314907e-08
8.1092313697e-10	9.36387558603e-08
8.12068508632e-10	8.59026263456e-08
8.13213880295e-10	7.10274430382e-08
8.14359251957e-10	4.98413532668e-08
8.15504623619e-10	2.4015121447e-08
8.16649995282e-10	-4.07412414916e-09
8.17795366944e-10	-3.16465980088e-08
8.18940738606e-10	-5.59575821235e-08
8.20086110269e-10	-7.47188138028e-08
8.21231481931e-10	-8.6434301938e-08
8.22376853594e-10	-9.05557522302e-08
8.23522225256e-10	-8.74390497785e-08
8.24667596918e-10	-7.81170128583e-08
8.25812968581e-10	-6.39846189365e-08
8.26958340243e-10	-4.6473229709e-08
8.28103711906e-10	-2.68299095163e-08
8.29249083568e-10	-6.05314587343e-09
8.3039445523e-10	1.50226813211e-08
8.31539826893e-10	3.55283509279e-08
8.32685198555e-10	5.43802851638e-08
8.33830570217e-10	7.01949907089e-08
8.3497594188e-10	8.13882090611e-08
8.36121313542e-10	8.64322045047e-08
8.37266685205e-10	8.42221350439e-08
8.38412056867e-10	7.44348804815e-08
8.39557428529e-10	5.77439891458e-08
8.40702800192e-10	3.58296052827e-08
8.41848171854e-10	1.11417202686e-08
8.42993543517e-10	-1.35186510875e-08
8.44138915179e-10	-3.54986837703e-08
8.45284286841e-10	-5.27412444828e-08
8.46429658504e-10	-6.40776538496e-08
8.47575030166e-10	-6.92665036439e-08
8.48720401828e-10	-6.88550394479e-08
8.49865773491e-10	-6.38467958503e-08
8.51011145153e-10	-5.537575265e-08
8.52156516816e-10	-4.44082608464e-08
8.53301888478e-10	-3.16295787339e-08
8.5444726014e-10	-1.74654248841e-08
8.55592631803e-10	-2.26572915984e-09
8.56738003465e-10	1.34990320033e-08
8.57883375128e-10	2.9034159299e-08
8.5902874679e-10	4.31944606749e-08
8.60174118452e-10	5.45591669621e-08
8.61319490115e-10	6.17081057364e-08
8.62464861777e-10	6.35209165267e-08
8.6361023344e-10	5.9495803395e-08
8.64755605102e-10	4.99239987128e-08
8.65900976764e-10	3.59083782708e-08
8.67046348427e-10	1.91760134438e-08
8.68191720089e-10	1.76357982384e-09
8.69337091751e-10	-1.43746287096e-08
8.70482463414e-10	-2.76845415481e-08
8.71627835076e-10	-3.72395441151e-08
8.72773206739e-10	-4.27727477881e-08
8.73918578401e-10	-4.45577186259e-08
8.75063950063e-10	-4.31922602129e-08
8.76209321726e-10	-3.93516919051e-08
8.77354693388e-10	-3.36172634174e-08
8.78500065051e-10	-2.64023938268e-08
8.79645436713e-10	-1.7991377721e-08
8.80790808375e-10	-8.65632310276e-09
8.81936180038e-10	1.22654215257e-09
8.830815517e-10	1.10986050905e-08
8.84226923362e-10	2.02283790829e-08
8.85372295025e-10	2.77967862061e-08
8.86517666687e-10	3.30399223536e-08
8.8766303835e-10	3.53999527469e-08
8.88808410012e-10	3.46494333225e-08
8.89953781674e-10	3.09346344096e-08
8.91099153337e-10	2.47542204512e-08
8.92244524999e-10	1.68657603994e-08
8.93389896662e-10	8.15051878766e-09
8.94535268324e-10	-5.04723783601e-10
8.95680639986e-10	-8.32811863916e-09
8.96826011649e-10	-1.47042993337e-08
8.97971383311e-10	-1.92217164408e-08
8.99116754974e-10	-2.16585336332e-08
9.00262126636e-10	-2.1991612531e-08
9.01407498298e-10	-2.03694681122e-08
9.02552869961e-10	-1.71253130565e-08
9.03698241623e-10	-1.2728140153e-08
9.04843613285e-10	-7.77052466816e-09
9.05988984948e-10	-2.86832962937e-09
9.0713435661e-10	1.40573877538e-09
9.08279728273e-10	4.64411895051e-09
9.09425099935e-10	6.66414123884e-09
9.10570471597e-10	7.54460305341e-09
9.1171584326e-10	7.57465468126e-09
9.12861214922e-10	7.15271336604e-09
9.14006586585e-10	6.64164423458e-09
9.15151958247e-10	6.2550199742e-09
9.16297329909e-10	5.98226540527e-09
9.17442701572e-10	5.61221435991e-09
9.18588073234e-10	4.82952301761e-09
9.19733444896e-10	3.36724378242e-09
9.20878816559e-10	1.16008936485e-09
9.22024188221e-10	-1.55988234829e-09
9.23169559884e-10	-4.26608831594e-09
9.24314931546e-10	-6.24961082885e-09
9.25460303208e-10	-6.83576434346e-09
9.26605674871e-10	-5.60140517303e-09
9.27751046533e-10	-2.57967650019e-09
9.28896418196e-10	1.69741067729e-09
9.30041789858e-10	6.28086033183e-09
9.3118716152e-10	1.00387457791e-08
9.32332533183e-10	1.19520117692e-08
9.33477904845e-10	1.14044658162e-08
9.34623276507e-10	8.356009773e-09
9.3576864817e-10	3.3706649416e-09
9.36914019832e-10	-2.52825935534e-09
9.38059391495e-10	-8.11960662594e-09
9.39204763157e-10	-1.23075787894e-08
9.40350134819e-10	-1.43930315444e-08
9.41495506482e-10	-1.42355975896e-08
9.42640878144e-10	-1.22509752343e-08
9.43786249807e-10	-9.23208126613e-09
9.44931621469e-10	-6.08848560457e-09
9.46076993131e-10	-3.53094609107e-09
9.47222364794e-10	-1.85314372181e-09
9.48367736456e-10	-8.48676890916e-10
9.49513108119e-10	7.70070240214e-11
9.50658479781e-10	1.67026259837e-09
9.51803851443e-10	4.49012413362e-09
9.52949223106e-10	8.66324140203e-09
9.54094594768e-10	1.37197034844e-08
9.5523996643e-10	1.86870804386e-08
9.56385338093e-10	2.23162426316e-08
9.57530709755e-10	2.34556151169e-08
9.58676081418e-10	2.13849230546e-08
9.5982145308e-10	1.60735429411e-08
9.60966824742e-10	8.20730983175e-09
9.62112196405e-10	-9.53186252151e-10
9.63257568067e-10	-9.90162057901e-09
9.6440293973e-10	-1.72571817947e-08
9.65548311392e-10	-2.20960967301e-08
9.66693683054e-10	-2.41336642892e-08
9.67839054717e-10	-2.37123408686e-08
9.68984426379e-10	-2.16037596701e-08
9.70129798041e-10	-1.86897907151e-08
9.71275169704e-10	-1.56467186985e-08
9.72420541366e-10	-1.27213199974e-08
9.73565913029e-10	-9.68957825087e-09
9.74711284691e-10	-6.00006055951e-09
9.75856656353e-10	-1.0629979813e-09
9.77002028016e-10	5.42847206075e-09
9.78147399678e-10	1.32494581417e-08
9.79292771341e-10	2.15651748681e-08
9.80438143003e-10	2.90545734138e-08
9.81583514665e-10	3.42181869506e-08
9.82728886328e-10	3.57845120202e-08
9.8387425799e-10	3.30704190699e-08
9.85019629653e-10	2.62256177885e-08
9.86165001315e-10	1.62247195679e-08
9.87310372977e-10	4.65173510822e-09
9.8845574464e-10	-6.68696253925e-09
9.89601116302e-10	-1.62044637708e-08
9.90746487964e-10	-2.28896759324e-08
9.91891859627e-10	-2.64739264955e-08
9.93037231289e-10	-2.73856675115e-08
9.94182602952e-10	-2.64977072506e-08
9.95327974614e-10	-2.4765161033e-08
9.96473346276e-10	-2.28740758557e-08
9.97618717939e-10	-2.10088159092e-08
9.98764089601e-10	-1.88172655236e-08
9.99909461264e-10	-1.55715736971e-08
1.00105483293e-09	-1.05031343622e-08
1.00220020459e-09	-3.15074960566e-09
1.00334557625e-09	6.32777075182e-09
1.00449094791e-09	1.7064727853e-08
1.00563631958e-09	2.75815160711e-08
1.00678169124e-09	3.61231191626e-08
1.0079270629e-09	4.1066946288e-08
1.00907243456e-09	4.13620457884e-08
1.01021780623e-09	3.67835688575e-08
1.01136317789e-09	2.80290011201e-08
1.01250854955e-09	1.65298192911e-08
1.01365392121e-09	4.12325609767e-09
1.01479929287e-09	-7.3855216387e-09
1.01594466454e-09	-1.66152143155e-08
1.0170900362e-09	-2.28648056044e-08
1.01823540786e-09	-2.61665279444e-08
1.01938077952e-09	-2.71328397528e-08
1.02052615119e-09	-2.6661038377e-08
1.02167152285e-09	-2.55758357826e-08
1.02281689451e-09	-2.43475614115e-08
1.02396226617e-09	-2.29404598651e-08
1.02510763784e-09	-2.0867996664e-08
1.0262530095e-09	-1.74088201632e-08
1.02739838116e-09	-1.19281876043e-08
1.02854375282e-09	-4.18586329487e-09
1.02968912449e-09	5.45651579476e-09
1.03083449615e-09	1.60124660198e-08
1.03197986781e-09	2.60423709264e-08
1.03312523947e-09	3.39642314273e-08
1.03427061114e-09	3.84343148419e-08
1.0354159828e-09	3.86625655935e-08
1.03656135446e-09	3.46133239848e-08
1.03770672612e-09	2.69952044052e-08
1.03885209778e-09	1.70922245246e-08
1.03999746945e-09	6.44499847935e-09
1.04114284111e-09	-3.48980824794e-09
1.04228821277e-09	-1.16463655941e-08
1.04343358443e-09	-1.75132209845e-08
1.0445789561e-09	-2.11405896122e-08
1.04572432776e-09	-2.29972554333e-08
1.04686969942e-09	-2.3717176334e-08
1.04801507108e-09	-2.38461687063e-08
1.04916044275e-09	-2.36358815853e-08
1.05030581441e-09	-2.29689061104e-08
1.05145118607e-09	-2.14113726749e-08
1.05259655773e-09	-1.84057941111e-08
1.0537419294e-09	-1.34945090657e-08
1.05488730106e-09	-6.5665856086e-09
1.05603267272e-09	2.02014446837e-09
1.05717804438e-09	1.14106253335e-08
1.05832341605e-09	2.04113010938e-08
1.05946878771e-09	2.77204765808e-08
1.06061415937e-09	3.22380326878e-08
1.06175953103e-09	3.33048064682e-08
1.06290490269e-09	3.08594056975e-08
1.06405027436e-09	2.54260603683e-08
1.06519564602e-09	1.79813678391e-08
1.06634101768e-09	9.70593694305e-09
1.06748638934e-09	1.72546141264e-09
1.06863176101e-09	-5.12049927459e-09
1.06977713267e-09	-1.04057223393e-08
1.07092250433e-09	-1.41266236486e-08
1.07206787599e-09	-1.66032306792e-08
1.07321324766e-09	-1.82896390255e-08
1.07435861932e-09	-1.95783282919e-08
1.07550399098e-09	-2.06300281302e-08
1.07664936264e-09	-2.12996699167e-08
1.07779473431e-09	-2.11731523425e-08
1.07894010597e-09	-1.97073070085e-08
1.08008547763e-09	-1.64351697807e-08
1.08123084929e-09	-1.11642920464e-08
1.08237622096e-09	-4.11604486605e-09
1.08352159262e-09	4.05473965515e-09
1.08466696428e-09	1.23537404195e-08
1.08581233594e-09	1.96549628795e-08
1.0869577076e-09	2.49365533778e-08
1.08810307927e-09	2.75150571216e-08
1.08924845093e-09	2.71764406534e-08
1.09039382259e-09	2.42126305672e-08
1.09153919425e-09	1.93180855756e-08
1.09268456592e-09	1.34081632464e-08
1.09382993758e-09	7.38755301377e-09
1.09497530924e-09	1.95046546969e-09
1.0961206809e-09	-2.54972265523e-09
1.09726605257e-09	-6.1192708678e-09
1.09841142423e-09	-9.02957991711e-09
1.09955679589e-09	-1.16526832628e-08
1.10070216755e-09	-1.42637054945e-08
1.10184753922e-09	-1.68995987204e-08
1.10299291088e-09	-1.92901785656e-08
1.10413828254e-09	-2.09219318537e-08
1.1052836542e-09	-2.11743951262e-08
1.10642902587e-09	-1.95315074114e-08
1.10757439753e-09	-1.57570768655e-08
1.10871976919e-09	-1.00268746639e-08
1.10986514085e-09	-2.92282989478e-09
1.11101051252e-09	4.65303037767e-09
1.11215588418e-09	1.16857927224e-08
1.11330125584e-09	1.72605010285e-08
1.1144466275e-09	2.07701807975e-08
1.11559199916e-09	2.20211802127e-08
1.11673737083e-09	2.12404170918e-08
1.11788274249e-09	1.89633379e-08
1.11902811415e-09	1.58492009517e-08
1.12017348581e-09	1.24855156769e-08
1.12131885748e-09	9.22849352492e-09
1.12246422914e-09	6.14155298839e-09
1.1236096008e-09	3.0369755738e-09
1.12475497246e-09	-3.88035274052e-10
1.12590034413e-09	-4.37697206257e-09
1.12704571579e-09	-8.94554663677e-09
1.12819108745e-09	-1.37976496895e-08
1.12933645911e-09	-1.8337629748e-08
1.13048183078e-09	-2.17965315796e-08
1.13162720244e-09	-2.34309152081e-08
1.1327725741e-09	-2.2729196747e-08
1.13391794576e-09	-1.95809652936e-08
1.13506331743e-09	-1.43228975347e-08
1.13620868909e-09	-7.68814051311e-09
1.13735406075e-09	-6.2379452645e-10
1.13849943241e-09	5.91672072447e-09
1.13964480407e-09	1.11980375528e-08
1.14079017574e-09	1.48334048378e-08
1.1419355474e-09	1.68269114198e-08
1.14308091906e-09	1.74904026817e-08
1.14422629072e-09	1.72916405639e-08
1.14537166239e-09	1.6661029778e-08
1.14651703405e-09	1.58376303183e-08
1.14766240571e-09	1.47888576385e-08
1.14880777737e-09	1.32314607604e-08
1.14995314904e-09	1.07668422511e-08
1.1510985207e-09	7.04704264387e-09
1.15224389236e-09	1.97029551008e-09
1.15338926402e-09	-4.21449714016e-09
1.15453463569e-09	-1.08825973233e-08
1.15568000735e-09	-1.7148209297e-08
1.15682537901e-09	-2.20454957622e-08
1.15797075067e-09	-2.4767879081e-08
1.15911612234e-09	-2.48538566394e-08
1.160261494e-09	-2.23065707017e-08
1.16140686566e-09	-1.75804797387e-08
1.16255223732e-09	-1.14665756334e-08
1.16369760898e-09	-4.89212487187e-09
1.16484298065e-09	1.29144660244e-09
1.16598835231e-09	6.48293552175e-09
1.16713372397e-09	1.04189397665e-08
1.16827909563e-09	1.31572120976e-08
1.1694244673e-09	1.4970401585e-08
1.17056983896e-09	1.61852762304e-08
1.17171521062e-09	1.70310096026e-08
1.17286058228e-09	1.75318471962e-08
1.17400595395e-09	1.74887667681e-08
1.17515132561e-09	1.65471946145e-08
1.17629669727e-09	1.43342976933e-08
1.17744206893e-09	1.061596e-08
1.1785874406e-09	5.42471359499e-09
1.17973281226e-09	-8.77679678934e-10
1.18087818392e-09	-7.63900298573e-09
1.18202355558e-09	-1.40227528478e-08
1.18316892725e-09	-1.91870049848e-08
1.18431429891e-09	-2.24505429802e-08
1.18545967057e-09	-2.34367595331e-08
1.18660504223e-09	-2.21292120184e-08
1.18775041389e-09	-1.88576639859e-08
1.18889578556e-09	-1.41890256211e-08
1.19004115722e-09	-8.79647060748e-09
1.19118652888e-09	-3.30360427903e-09
1.19233190054e-09	1.81347144246e-09
1.19347727221e-09	6.27784613183e-09
1.19462264387e-09	9.98851690248e-09
1.19576801553e-09	1.29561678053e-08
1.19691338719e-09	1.52191652614e-08
1.19805875886e-09	1.67737759238e-08
1.19920413052e-09	1.75478336306e-08
1.20034950218e-09	1.74042298351e-08
1.20149487384e-09	1.61978368496e-08
1.20264024551e-09	1.38307726383e-08
1.20378561717e-09	1.03253066097e-08
1.20493098883e-09	5.85146020526e-09
1.20607636049e-09	7.42702895712e-10
1.20722173216e-09	-4.55587861881e-09
1.20836710382e-09	-9.53601686504e-09
1.20951247548e-09	-1.37236564335e-08
1.21065784714e-09	-1.67369476056e-08
1.21180321881e-09	-1.83417545596e-08
1.21294859047e-09	-1.84603466957e-08
1.21409396213e-09	-1.71611733712e-08
1.21523933379e-09	-1.46240118903e-08
1.21638470545e-09	-1.11069127229e-08
1.21753007712e-09	-6.91256030194e-09
1.21867544878e-09	-2.3660614995e-09
1.21982082044e-09	2.2004732203e-09
1.2209661921e-09	6.46489672906e-09
1.22211156377e-09	1.01298123223e-08
1.22325693543e-09	1.29436721341e-08
1.22440230709e-09	1.47219882951e-08
1.22554767875e-09	1.53698296312e-08
1.22669305042e-09	1.48936326605e-08
1.22783842208e-09	1.34017459352e-08
1.22898379374e-09	1.10880343795e-08
1.2301291654e-09	8.19583823031e-09
1.23127453707e-09	4.98304353336e-09
1.23241990873e-09	1.67721288941e-09
1.23356528039e-09	-1.54057117063e-09
1.23471065205e-09	-4.54706378106e-09
1.23585602372e-09	-7.251813261e-09
1.23700139538e-09	-9.57691809189e-09
1.23814676704e-09	-1.14219535496e-08
1.2392921387e-09	-1.26583581395e-08
