% time-domain voltage integration by openEMS v0.37.0-rc1-2-g7b051bb @Sun Jul 12 14:51:47 2026
% start-coordinates: (0.00302665,0.00294297,-0.000635) m -> [74,73,15]
% stop-coordinates: (0.00346454,0.00294297,-0.000635) m -> [80,73,15]
% t/s	voltage
0	0
1.0684694954e-12	0
2.1369389908e-12	0
3.20540848621e-12	0
4.27387798161e-12	0
5.34234747701e-12	0
6.41081697241e-12	0
7.47928646781e-12	0
8.54775596322e-12	0
9.61622545862e-12	0
1.0684694954e-11	0
1.17531644494e-11	0
1.28216339448e-11	1.52460775572e-33
1.38901034402e-11	8.70905650156e-30
1.49585729356e-11	3.75263183729e-27
1.6027042431e-11	-5.29183366757e-24
1.70955119264e-11	-2.79322014076e-21
1.81639814218e-11	-4.41375092218e-19
1.92324509172e-11	-3.06100337379e-17
2.03009204126e-11	-1.08036374011e-15
2.1369389908e-11	-2.11370757357e-14
2.24378594034e-11	-2.43285397728e-13
2.35063288988e-11	-1.72919474963e-12
2.45747983942e-11	-7.95551298449e-12
2.56432678896e-11	-2.50419019288e-11
2.6711737385e-11	-5.76846495917e-11
2.77802068804e-11	-1.01881531857e-10
2.88486763759e-11	-1.27958963737e-10
2.99171458713e-11	-4.14963194015e-11
3.09856153667e-11	3.66113722672e-10
3.20540848621e-11	1.42471835718e-09
3.31225543575e-11	3.57991172817e-09
3.41910238529e-11	7.45797057444e-09
3.52594933483e-11	1.36289864949e-08
3.63279628437e-11	2.21148122037e-08
3.73964323391e-11	3.20788671182e-08
3.84649018345e-11	4.1086186231e-08
3.95333713299e-11	4.41152714359e-08
4.06018408253e-11	3.36410070911e-08
4.16703103207e-11	8.350170555e-11
4.27387798161e-11	-6.73249038741e-08
4.38072493115e-11	-1.76864475065e-07
4.48757188069e-11	-3.30220466083e-07
4.59441883023e-11	-5.18924998971e-07
4.70126577977e-11	-7.19917515823e-07
4.80811272931e-11	-8.95261059952e-07
4.91495967885e-11	-9.95672507997e-07
5.02180662839e-11	-9.68057250361e-07
5.12865357793e-11	-7.68065760326e-07
5.23550052747e-11	-3.73283072008e-07
5.34234747701e-11	2.04471417575e-07
5.44919442655e-11	9.13403845004e-07
5.55604137609e-11	1.66458390538e-06
5.66288832563e-11	2.34446629577e-06
5.76973527517e-11	2.83555775127e-06
5.87658222471e-11	3.04128624862e-06
5.98342917425e-11	2.90810204717e-06
6.09027612379e-11	2.44033040531e-06
6.19712307333e-11	1.70237525765e-06
6.30397002287e-11	8.07408163439e-07
6.41081697241e-11	-1.0475778911e-07
6.51766392195e-11	-8.9636203171e-07
6.62451087149e-11	-1.45922341233e-06
6.73135782103e-11	-1.73558009919e-06
6.83820477057e-11	-1.72613592042e-06
6.94505172011e-11	-1.4848893386e-06
7.05189866965e-11	-1.10144037535e-06
7.15874561919e-11	-6.76718649117e-07
7.26559256873e-11	-2.98940250332e-07
7.37243951827e-11	-2.53241148052e-08
7.47928646781e-11	1.24289761594e-07
7.58613341735e-11	1.63086959049e-07
7.69298036689e-11	1.24846126326e-07
7.79982731643e-11	4.84057340877e-08
7.90667426597e-11	-3.37192720412e-08
8.01352121551e-11	-1.00651357249e-07
8.12036816505e-11	-1.41719436186e-07
8.22721511459e-11	-1.51615731525e-07
8.33406206413e-11	-1.27038996212e-07
8.44090901367e-11	-6.67846773439e-08
8.54775596322e-11	2.37925441571e-08
8.65460291276e-11	1.27958954099e-07
8.7614498623e-11	2.16847391599e-07
8.86829681184e-11	2.55732029331e-07
8.97514376138e-11	2.16519424612e-07
9.08199071092e-11	9.25984879885e-08
9.18883766046e-11	-9.18241971348e-08
9.29568461e-11	-2.83337662665e-07
9.40253155954e-11	-4.13670750987e-07
9.50937850908e-11	-4.23686120854e-07
9.61622545862e-11	-2.86638577762e-07
9.72307240816e-11	-2.24990652775e-08
9.8299193577e-11	3.04053166644e-07
9.93676630724e-11	6.0368871857e-07
1.00436132568e-10	7.91608243844e-07
1.01504602063e-10	8.15540786903e-07
1.02573071559e-10	6.73167306786e-07
1.03641541054e-10	4.10386569172e-07
1.04710010549e-10	1.02369299704e-07
1.05778480045e-10	-1.72452381264e-07
1.0684694954e-10	-3.58655228183e-07
1.07915419036e-10	-4.37132165132e-07
1.08983888531e-10	-4.24633292084e-07
1.10052358026e-10	-3.59993601151e-07
1.11120827522e-10	-2.85429896607e-07
1.12189297017e-10	-2.30516715938e-07
1.13257766513e-10	-2.04182192043e-07
1.14326236008e-10	-1.96480051784e-07
1.15394705503e-10	-1.87779761518e-07
1.16463174999e-10	-1.6025116345e-07
1.17531644494e-10	-1.06378093889e-07
1.1860011399e-10	-3.25197162532e-08
1.19668583485e-10	4.46395413967e-08
1.2073705298e-10	1.05049953625e-07
1.21805522476e-10	1.33981805206e-07
1.22873991971e-10	1.27789437698e-07
1.23942461467e-10	9.60058041954e-08
1.25010930962e-10	5.75190246543e-08
1.26079400457e-10	3.36088997188e-08
1.27147869953e-10	3.98149930803e-08
1.28216339448e-10	7.95325540981e-08
1.29284808944e-10	1.42435967021e-07
1.30353278439e-10	2.07245818729e-07
1.31421747934e-10	2.48543917891e-07
1.3249021743e-10	2.45941532029e-07
1.33558686925e-10	1.90523396171e-07
1.34627156421e-10	8.92060887381e-08
1.35695625916e-10	-3.66628718496e-08
1.36764095411e-10	-1.57127003853e-07
1.37832564907e-10	-2.41890663943e-07
1.38901034402e-10	-2.69155860266e-07
1.39969503898e-10	-2.31804730078e-07
1.41037973393e-10	-1.38977284792e-07
1.42106442888e-10	-1.30953212718e-08
1.43174912384e-10	1.1739177852e-07
1.44243381879e-10	2.25864779324e-07
1.45311851375e-10	2.93649117467e-07
1.4638032087e-10	3.12945250158e-07
1.47448790365e-10	2.85530143529e-07
1.48517259861e-10	2.19032722626e-07
1.49585729356e-10	1.23991819478e-07
1.50654198852e-10	1.22050995977e-08
1.51722668347e-10	-1.02237491362e-07
1.52791137842e-10	-2.01239645392e-07
1.53859607338e-10	-2.62820114116e-07
1.54928076833e-10	-2.65180908343e-07
1.55996546329e-10	-1.94012059751e-07
1.57065015824e-10	-5.14576217192e-08
1.58133485319e-10	1.3877822358e-07
1.59201954815e-10	3.32488980348e-07
1.6027042431e-10	4.75339220429e-07
1.61338893806e-10	5.18761513746e-07
1.62407363301e-10	4.37446065149e-07
1.63475832796e-10	2.40444123278e-07
1.64544302292e-10	-2.82827254949e-08
1.65612771787e-10	-3.02076543335e-07
1.66681241283e-10	-5.11962305438e-07
1.67749710778e-10	-6.09020954556e-07
1.68818180273e-10	-5.79118896837e-07
1.69886649769e-10	-4.45957148543e-07
1.70955119264e-10	-2.59938392588e-07
1.7202358876e-10	-7.86486635818e-08
1.73092058255e-10	5.38592166421e-08
1.74160527751e-10	1.2065709587e-07
1.75228997246e-10	1.33246479628e-07
1.76297466741e-10	1.21530123298e-07
1.77365936237e-10	1.16775462633e-07
1.78434405732e-10	1.36038270426e-07
1.79502875228e-10	1.74418153698e-07
1.80571344723e-10	2.08308845728e-07
1.81639814218e-10	2.07723397594e-07
1.82708283714e-10	1.52222979111e-07
1.83776753209e-10	4.25301607265e-08
1.84845222705e-10	-9.67243920513e-08
1.859136922e-10	-2.24816311345e-07
1.86982161695e-10	-3.00095347683e-07
1.88050631191e-10	-2.95956315455e-07
1.89119100686e-10	-2.11409187045e-07
1.90187570182e-10	-7.15819377106e-08
1.91256039677e-10	8.14612248767e-08
1.92324509172e-10	2.03911588059e-07
1.93392978668e-10	2.65233659036e-07
1.94461448163e-10	2.57364833445e-07
1.95529917659e-10	1.9467268686e-07
1.96598387154e-10	1.06186522686e-07
1.97666856649e-10	2.29916029548e-08
1.98735326145e-10	-3.29469929117e-08
1.9980379564e-10	-5.51065761911e-08
2.00872265136e-10	-5.14817779518e-08
2.01940734631e-10	-3.82233962259e-08
2.03009204126e-10	-3.06901313252e-08
2.04077673622e-10	-3.65446342632e-08
2.05146143117e-10	-5.26294667846e-08
2.06214612613e-10	-6.73315190269e-08
2.07283082108e-10	-6.61749322006e-08
2.08351551603e-10	-3.85536282899e-08
2.09420021099e-10	1.74082993576e-08
2.10488490594e-10	9.30971006952e-08
2.1155696009e-10	1.71805648819e-07
2.12625429585e-10	2.33708707498e-07
2.1369389908e-10	2.618427839e-07
2.14762368576e-10	2.47169893441e-07
2.15830838071e-10	1.91011833905e-07
2.16899307567e-10	1.0432046782e-07
2.17967777062e-10	4.0128931289e-09
2.19036246557e-10	-9.18997962174e-08
2.20104716053e-10	-1.69269281258e-07
2.21173185548e-10	-2.20678460394e-07
2.22241655044e-10	-2.45800910292e-07
2.23310124539e-10	-2.49416988396e-07
2.24378594034e-10	-2.38168929911e-07
2.2544706353e-10	-2.17501344935e-07
2.26515533025e-10	-1.90028842439e-07
2.27584002521e-10	-1.55706525895e-07
2.28652472016e-10	-1.13452978567e-07
2.29720941511e-10	-6.31475716162e-08
2.30789411007e-10	-7.37415106755e-09
2.31857880502e-10	4.84111177812e-08
2.32926349998e-10	9.66359099408e-08
2.33994819493e-10	1.29596388732e-07
2.35063288988e-10	1.41479753246e-07
2.36131758484e-10	1.3029646162e-07
2.37200227979e-10	9.84840680118e-08
2.38268697475e-10	5.30474828508e-08
2.3933716697e-10	4.01622213264e-09
2.40405636465e-10	-3.74758586386e-08
2.41474105961e-10	-6.18332736124e-08
2.42542575456e-10	-6.30325640572e-08
2.43611044952e-10	-4.03047000219e-08
2.44679514447e-10	2.20450541155e-09
2.45747983942e-10	5.64155966387e-08
2.46816453438e-10	1.12845166989e-07
2.47884922933e-10	1.62734032472e-07
2.48953392429e-10	1.99989734995e-07
2.50021861924e-10	2.21559902869e-07
2.51090331419e-10	2.27302399125e-07
2.52158800915e-10	2.18924592232e-07
2.5322727041e-10	1.99335300266e-07
2.54295739906e-10	1.72223590056e-07
2.55364209401e-10	1.42066608255e-07
2.56432678896e-10	1.13920400224e-07
2.57501148392e-10	9.25668857121e-08
2.58569617887e-10	8.11732894235e-08
2.59638087383e-10	7.95407282261e-08
2.60706556878e-10	8.32746018808e-08
2.61775026373e-10	8.42776985976e-08
2.62843495869e-10	7.29611824291e-08
2.63911965364e-10	4.15832546174e-08
2.6498043486e-10	-1.25940449736e-08
2.66048904355e-10	-8.54437467446e-08
2.6711737385e-10	-1.66510719879e-07
2.68185843346e-10	-2.4159025358e-07
2.69254312841e-10	-2.96915233733e-07
2.70322782337e-10	-3.22951505538e-07
2.71391251832e-10	-3.17045110165e-07
2.72459721327e-10	-2.83653120547e-07
2.73528190823e-10	-2.32545904311e-07
2.74596660318e-10	-1.75556380988e-07
2.75665129814e-10	-1.2319896836e-07
2.76733599309e-10	-8.21456169753e-08
2.77802068804e-10	-5.42855023156e-08
2.788705383e-10	-3.73098876238e-08
2.79939007795e-10	-2.65509085828e-08
2.81007477291e-10	-1.67745588531e-08
2.82075946786e-10	-3.96392513258e-09
2.83144416282e-10	1.4239355195e-08
2.84212885777e-10	3.85332095121e-08
2.85281355272e-10	6.8734228087e-08
2.86349824768e-10	1.04257154021e-07
2.87418294263e-10	1.44318006434e-07
2.88486763759e-10	1.87560640796e-07
2.89555233254e-10	2.31449327259e-07
2.90623702749e-10	2.7198168695e-07
2.91692172245e-10	3.03931065204e-07
2.9276064174e-10	3.21842176021e-07
2.93829111236e-10	3.21487643618e-07
2.94897580731e-10	3.01222987886e-07
2.95966050226e-10	2.62734630496e-07
2.97034519722e-10	2.10914476995e-07
2.98102989217e-10	1.52859422897e-07
2.99171458713e-10	9.63204045412e-08
3.00239928208e-10	4.82449387107e-08
3.01308397703e-10	1.36862597921e-08
3.02376867199e-10	-4.66161932666e-09
3.03445336694e-10	-6.34262464771e-09
3.0451380619e-10	7.2259285222e-09
3.05582275685e-10	3.32055298813e-08
3.0665074518e-10	6.77287856909e-08
3.07719214676e-10	1.06226116792e-07
3.08787684171e-10	1.43762984628e-07
3.09856153667e-10	1.75504456301e-07
3.10924623162e-10	1.97180924033e-07
3.11993092657e-10	2.05561452304e-07
3.13061562153e-10	1.98777145854e-07
3.14130031648e-10	1.76536405938e-07
3.15198501144e-10	1.4029248252e-07
3.16266970639e-10	9.33458341734e-08
3.17335440134e-10	4.09256868394e-08
3.1840390963e-10	-1.00771764822e-08
3.19472379125e-10	-5.18705736141e-08
3.20540848621e-10	-7.71046311243e-08
3.21609318116e-10	-8.07535665004e-08
3.22677787611e-10	-6.17606299436e-08
3.23746257107e-10	-2.4117220887e-08
3.24814726602e-10	2.35804877846e-08
3.25883196098e-10	6.97917275083e-08
3.26951665593e-10	1.03027596232e-07
3.28020135088e-10	1.14757155778e-07
3.29088604584e-10	1.01816941545e-07
3.30157074079e-10	6.71513555872e-08
3.31225543575e-10	1.88508734178e-08
3.3229401307e-10	-3.21847946072e-08
3.33362482565e-10	-7.52793374303e-08
3.34430952061e-10	-1.02686331438e-07
3.35499421556e-10	-1.11310455075e-07
3.36567891052e-10	-1.02989774042e-07
3.37636360547e-10	-8.3413275842e-08
3.38704830042e-10	-6.01541616518e-08
3.39773299538e-10	-4.02838471469e-08
3.40841769033e-10	-2.84658909777e-08
3.41910238529e-10	-2.58596770664e-08
3.42978708024e-10	-3.01311451345e-08
3.44047177519e-10	-3.6596392583e-08
3.45115647015e-10	-3.99556174813e-08
3.4618411651e-10	-3.62181316049e-08
3.47252586006e-10	-2.40643529548e-08
3.48321055501e-10	-5.41606459681e-09
3.49389524996e-10	1.51472984156e-08
3.50457994492e-10	3.17075541378e-08
3.51526463987e-10	3.87927610035e-08
3.52594933483e-10	3.29518343722e-08
3.53663402978e-10	1.37648974441e-08
3.54731872473e-10	-1.60711309816e-08
3.55800341969e-10	-5.13640578959e-08
3.56868811464e-10	-8.57243578345e-08
3.5793728096e-10	-1.12982678324e-07
3.59005750455e-10	-1.28504712649e-07
3.6007421995e-10	-1.30063602555e-07
3.61142689446e-10	-1.18148403949e-07
3.62211158941e-10	-9.57128687418e-08
3.63279628437e-10	-6.73928748363e-08
3.64348097932e-10	-3.85177250095e-08
3.65416567427e-10	-1.39872078919e-08
3.66485036923e-10	2.62303656573e-09
3.67553506418e-10	9.60716223242e-09
3.68621975914e-10	7.22823567667e-09
3.69690445409e-10	-2.60338681168e-09
3.70758914904e-10	-1.69769844849e-08
3.718273844e-10	-3.26998141897e-08
3.72895853895e-10	-4.69840277795e-08
3.73964323391e-10	-5.78605363621e-08
3.75032792886e-10	-6.4371379338e-08
3.76101262381e-10	-6.6433885948e-08
3.77169731877e-10	-6.45966911073e-08
3.78238201372e-10	-5.96865836755e-08
3.79306670868e-10	-5.24822190151e-08
3.80375140363e-10	-4.36096083689e-08
3.81443609858e-10	-3.34860259521e-08
3.82512079354e-10	-2.25550023103e-08
3.83580548849e-10	-1.14366606185e-08
3.84649018345e-10	-1.18764514889e-09
3.8571748784e-10	6.83992235073e-09
3.86785957335e-10	1.11226909905e-08
3.87854426831e-10	1.0482917201e-08
3.88922896326e-10	4.52487675107e-09
3.89991365822e-10	-6.0231628296e-09
3.91059835317e-10	-1.92723932368e-08
3.92128304812e-10	-3.25164057902e-08
3.93196774308e-10	-4.28969362254e-08
3.94265243803e-10	-4.81582689282e-08
3.95333713299e-10	-4.73059738049e-08
3.96402182794e-10	-4.08412930142e-08
3.9747065229e-10	-3.06683325402e-08
3.98539121785e-10	-1.94591724956e-08
3.9960759128e-10	-1.00148475901e-08
4.00676060776e-10	-4.51577913257e-09
4.01744530271e-10	-4.08085714526e-09
4.02812999767e-10	-8.65197241628e-09
4.03881469262e-10	-1.70967454638e-08
4.04949938757e-10	-2.76055176496e-08
4.06018408253e-10	-3.80328761818e-08
4.07086877748e-10	-4.63858795818e-08
4.08155347244e-10	-5.11083624311e-08
4.09223816739e-10	-5.1408627133e-08
4.10292286234e-10	-4.74235788417e-08
4.1136075573e-10	-4.02193649496e-08
4.12429225225e-10	-3.16458756977e-08
4.13497694721e-10	-2.39261854773e-08
4.14566164216e-10	-1.91406861472e-08
4.15634633711e-10	-1.87120285933e-08
4.16703103207e-10	-2.29824965725e-08
4.17771572702e-10	-3.11461232361e-08
4.18840042198e-10	-4.14207632637e-08
4.19908511693e-10	-5.15694185133e-08
4.20976981188e-10	-5.94607514337e-08
4.22045450684e-10	-6.36345727223e-08
4.23113920179e-10	-6.35941908023e-08
4.24182389675e-10	-5.98499818594e-08
4.2525085917e-10	-5.36390105665e-08
4.26319328665e-10	-4.64977880643e-08
4.27387798161e-10	-3.97959321052e-08
4.28456267656e-10	-3.43675556902e-08
4.29524737152e-10	-3.0426264841e-08
4.30593206647e-10	-2.76557592382e-08
4.31661676142e-10	-2.5516255775e-08
4.32730145638e-10	-2.35840120766e-08
4.33798615133e-10	-2.18158662246e-08
4.34867084629e-10	-2.05995460689e-08
4.35935554124e-10	-2.06299832772e-08
4.37004023619e-10	-2.26070479004e-08
4.38072493115e-10	-2.68532610592e-08
4.3914096261e-10	-3.3101731356e-08
4.40209432106e-10	-4.03486433154e-08
4.41277901601e-10	-4.70736343239e-08
4.42346371096e-10	-5.15310834004e-08
4.43414840592e-10	-5.22723593299e-08
4.44483310087e-10	-4.85443454323e-08
4.45551779583e-10	-4.05995312924e-08
4.46620249078e-10	-2.97629454415e-08
4.47688718573e-10	-1.81532049393e-08
4.48757188069e-10	-8.25104656821e-09
4.49825657564e-10	-2.28332946994e-09
4.5089412706e-10	-1.61872103568e-09
4.51962596555e-10	-6.41113474809e-09
4.5303106605e-10	-1.54617770809e-08
4.54099535546e-10	-2.64943054162e-08
4.55168005041e-10	-3.66877004332e-08
4.56236474537e-10	-4.34301239416e-08
4.57304944032e-10	-4.50303776489e-08
4.58373413527e-10	-4.12200322764e-08
4.59441883023e-10	-3.32913925316e-08
4.60510352518e-10	-2.37448172236e-08
4.61578822014e-10	-1.55955642289e-08
4.62647291509e-10	-1.14665974493e-08
4.63715761004e-10	-1.27901877423e-08
4.647842305e-10	-1.93174820029e-08
4.65852699995e-10	-2.91972754862e-08
4.66921169491e-10	-3.9470626767e-08
4.67989638986e-10	-4.69874290587e-08
4.69058108481e-10	-4.93285647885e-08
4.70126577977e-10	-4.55268480692e-08
4.71195047472e-10	-3.63554821803e-08
4.72263516968e-10	-2.40987985123e-08
4.73331986463e-10	-1.19127447906e-08
4.74400455958e-10	-2.96377802855e-09
4.75468925454e-10	4.00851962734e-10
4.76537394949e-10	-2.77373402024e-09
4.77605864445e-10	-1.18492899936e-08
4.7867433394e-10	-2.48193849917e-08
4.79742803435e-10	-3.88647196647e-08
4.80811272931e-10	-5.1011185942e-08
4.81879742426e-10	-5.88487374387e-08
4.82948211922e-10	-6.0977498606e-08
4.84016681417e-10	-5.72605918236e-08
4.85085150912e-10	-4.8704173583e-08
4.86153620408e-10	-3.71953718936e-08
4.87222089903e-10	-2.49792878604e-08
4.88290559399e-10	-1.42383160817e-08
4.89359028894e-10	-6.65091746954e-09
4.90427498389e-10	-3.17057735968e-09
4.91495967885e-10	-3.9736555435e-09
4.9256443738e-10	-8.5653423243e-09
4.93632906876e-10	-1.59907547204e-08
4.94701376371e-10	-2.50413201286e-08
4.95769845866e-10	-3.44527806284e-08
4.96838315362e-10	-4.29829598581e-08
4.97906784857e-10	-4.94965588516e-08
4.98975254353e-10	-5.30355652728e-08
5.00043723848e-10	-5.29379193814e-08
5.01112193343e-10	-4.89913536406e-08
5.02180662839e-10	-4.1585004551e-08
5.03249132334e-10	-3.17648840564e-08
5.0431760183e-10	-2.11309345577e-08
5.05386071325e-10	-1.16071678935e-08
5.0645454082e-10	-5.01120811514e-09
5.07523010316e-10	-2.66143587724e-09
5.08591479811e-10	-4.99825242306e-09
5.09659949307e-10	-1.14318476907e-08
5.10728418802e-10	-2.04007275517e-08
5.11796888298e-10	-2.97255757786e-08
5.12865357793e-10	-3.71067010452e-08
5.13933827288e-10	-4.07132445535e-08
5.15002296784e-10	-3.96637112043e-08
5.16070766279e-10	-3.42940402742e-08
5.17139235775e-10	-2.60478092429e-08
5.1820770527e-10	-1.71311305142e-08
5.19276174765e-10	-9.84388498493e-09
5.20344644261e-10	-5.96757021576e-09
5.21413113756e-10	-6.24215512612e-09
5.22481583252e-10	-1.01874679803e-08
5.23550052747e-10	-1.62846719443e-08
5.24618522242e-10	-2.24675371641e-08
5.25686991738e-10	-2.67810029708e-08
5.26755461233e-10	-2.79377654344e-08
5.27823930729e-10	-2.57082333199e-08
5.28892400224e-10	-2.08929937795e-08
5.29960869719e-10	-1.50398903886e-08
5.31029339215e-10	-9.91148879637e-09
5.3209780871e-10	-6.9543180381e-09
5.33166278206e-10	-6.85478152018e-09
5.34234747701e-10	-9.41804750854e-09
5.35303217196e-10	-1.36477850132e-08
5.36371686692e-10	-1.81353767559e-08
5.37440156187e-10	-2.14957214251e-08
5.38508625683e-10	-2.28179040107e-08
5.39577095178e-10	-2.19188016626e-08
5.40645564673e-10	-1.93818077143e-08
5.41714034169e-10	-1.63339909376e-08
5.42782503664e-10	-1.40255879688e-08
5.4385097316e-10	-1.33978851902e-08
5.44919442655e-10	-1.47038316523e-08
5.4598791215e-10	-1.73911457457e-08
5.47056381646e-10	-2.0267711065e-08
5.48124851141e-10	-2.1917041737e-08
5.49193320637e-10	-2.12123336674e-08
5.50261790132e-10	-1.77996561934e-08
5.51330259627e-10	-1.23003743857e-08
5.52398729123e-10	-6.20725371103e-09
5.53467198618e-10	-1.43701053834e-09
5.54535668114e-10	2.57950064086e-10
5.55604137609e-10	-2.08928080392e-09
5.56672607104e-10	-8.29251356471e-09
5.577410766e-10	-1.69964254892e-08
5.58809546095e-10	-2.59900168054e-08
5.59878015591e-10	-3.28481444267e-08
5.60946485086e-10	-3.5586504632e-08
5.62014954581e-10	-3.32655951674e-08
5.63083424077e-10	-2.62391273154e-08
5.64151893572e-10	-1.61084773298e-08
5.65220363068e-10	-5.28222299234e-09
5.66288832563e-10	3.63112823143e-09
5.67357302058e-10	8.51091297438e-09
5.68425771554e-10	8.24993851012e-09
5.69494241049e-10	3.04526956429e-09
5.70562710545e-10	-5.69366301328e-09
5.7163118004e-10	-1.56957058461e-08
5.72699649535e-10	-2.44430840013e-08
5.73768119031e-10	-2.97865692112e-08
5.74836588526e-10	-3.05035208203e-08
5.75905058022e-10	-2.65445201375e-08
5.76973527517e-10	-1.90138680356e-08
5.78041997012e-10	-9.83140979738e-09
5.79110466508e-10	-1.20603958764e-09
5.80178936003e-10	4.90034435252e-09
5.81247405499e-10	7.24854243295e-09
5.82315874994e-10	5.54272100439e-09
5.83384344489e-10	4.37698835509e-10
5.84452813985e-10	-6.67611188554e-09
5.8552128348e-10	-1.40435865159e-08
5.86589752976e-10	-1.99268279655e-08
5.87658222471e-10	-2.30097916276e-08
5.88726691966e-10	-2.2621407636e-08
5.89795161462e-10	-1.88952226088e-08
5.90863630957e-10	-1.26775129283e-08
5.91932100453e-10	-5.36010072438e-09
5.93000569948e-10	1.45440835764e-09
5.94069039443e-10	6.28831042793e-09
5.95137508939e-10	8.12334499667e-09
5.96205978434e-10	6.60707305533e-09
5.9727444793e-10	2.12016090795e-09
5.98342917425e-10	-4.31899249698e-09
5.9941138692e-10	-1.12828482113e-08
6.00479856416e-10	-1.72527017117e-08
6.01548325911e-10	-2.09185344602e-08
6.02616795407e-10	-2.14649642505e-08
6.03685264902e-10	-1.87319451062e-08
6.04753734397e-10	-1.32602122616e-08
6.05822203893e-10	-6.18756404447e-09
6.06890673388e-10	9.6374569436e-10
6.07959142884e-10	6.62580951216e-09
6.09027612379e-10	9.5156181823e-09
6.10096081874e-10	8.96856089394e-09
6.1116455137e-10	5.09860403897e-09
6.12233020865e-10	-1.17143673928e-09
6.13301490361e-10	-8.34561747487e-09
6.14369959856e-10	-1.4695479944e-08
6.15438429351e-10	-1.87040916089e-08
6.16506898847e-10	-1.94691034405e-08
6.17575368342e-10	-1.69063179012e-08
6.18643837838e-10	-1.17867250404e-08
6.19712307333e-10	-5.48307138581e-09
6.20780776828e-10	3.71276814848e-10
6.21849246324e-10	4.34138963668e-09
6.22917715819e-10	5.51804985038e-09
6.23986185315e-10	3.74420783267e-09
6.2505465481e-10	-3.98461347251e-10
6.26123124306e-10	-5.75213954246e-09
6.27191593801e-10	-1.09115830815e-08
6.28260063296e-10	-1.45650141947e-08
6.29328532792e-10	-1.58408770545e-08
6.30397002287e-10	-1.45017761133e-08
6.31465471783e-10	-1.09991149522e-08
6.32533941278e-10	-6.32557864422e-09
6.33602410773e-10	-1.74835813188e-09
6.34670880269e-10	1.54167370536e-09
6.35739349764e-10	2.74192915595e-09
6.3680781926e-10	1.63145316701e-09
6.37876288755e-10	-1.39547572803e-09
6.3894475825e-10	-5.47256406858e-09
6.40013227746e-10	-9.51314849118e-09
6.41081697241e-10	-1.25051580202e-08
6.42150166737e-10	-1.37669312616e-08
6.43218636232e-10	-1.30847058744e-08
6.44287105727e-10	-1.07407982508e-08
6.45355575223e-10	-7.38643485265e-09
6.46424044718e-10	-3.873127985e-09
6.47492514214e-10	-1.02084202203e-09
6.48560983709e-10	5.70473959738e-10
6.49629453204e-10	6.40816819747e-10
6.506979227e-10	-6.86605550193e-10
6.51766392195e-10	-2.96859695159e-09
6.52834861691e-10	-5.56952717279e-09
6.53903331186e-10	-7.81844167186e-09
6.54971800681e-10	-9.18404619021e-09
6.56040270177e-10	-9.38364563829e-09
6.57108739672e-10	-8.45615966139e-09
6.58177209168e-10	-6.72869282514e-09
6.59245678663e-10	-4.73042995053e-09
6.60314148158e-10	-3.04919065691e-09
6.61382617654e-10	-2.15537692555e-09
6.62451087149e-10	-2.29495692589e-09
6.63519556645e-10	-3.40201829208e-09
6.6458802614e-10	-5.12201600578e-09
6.65656495635e-10	-6.91897111826e-09
6.66724965131e-10	-8.2069188112e-09
6.67793434626e-10	-8.53486969987e-09
6.68861904122e-10	-7.7055735126e-09
6.69930373617e-10	-5.85640042017e-09
6.70998843112e-10	-3.44219019954e-09
6.72067312608e-10	-1.13628621096e-09
6.73135782103e-10	3.2221812718e-10
6.74204251599e-10	3.49402312638e-10
6.75272721094e-10	-1.32025484989e-09
6.76341190589e-10	-4.4962640694e-09
6.77409660085e-10	-8.53187720473e-09
6.7847812958e-10	-1.24493616527e-08
6.79546599076e-10	-1.51768322354e-08
6.80615068571e-10	-1.58537457606e-08
6.81683538066e-10	-1.40955443984e-08
6.82752007562e-10	-1.0168246356e-08
6.83820477057e-10	-4.96001112404e-09
6.84888946553e-10	2.05460225222e-10
6.85957416048e-10	3.90299759179e-09
6.87025885543e-10	4.99854396763e-09
6.88094355039e-10	2.96834073987e-09
6.89162824534e-10	-1.91447876996e-09
6.9023129403e-10	-8.61287685616e-09
6.91299763525e-10	-1.55490501585e-08
6.9236823302e-10	-2.09928827655e-08
6.93436702516e-10	-2.35077748378e-08
6.94505172011e-10	-2.23355156592e-08
6.95573641507e-10	-1.7636424543e-08
6.96642111002e-10	-1.04910312659e-08
6.97710580497e-10	-2.65908872699e-09
6.98779049993e-10	3.83307330321e-09
6.99847519488e-10	7.23644622003e-09
7.00915988984e-10	6.52843012983e-09
7.01984458479e-10	1.73594241759e-09
7.03052927974e-10	-6.05988176305e-09
7.0412139747e-10	-1.49498097235e-08
7.05189866965e-10	-2.27100998007e-08
7.06258336461e-10	-2.73587605903e-08
7.07326805956e-10	-2.76960718804e-08
7.08395275451e-10	-2.36146484589e-08
7.09463744947e-10	-1.61385067532e-08
7.10532214442e-10	-7.13907311045e-09
7.11600683938e-10	1.12866835322e-09
7.12669153433e-10	6.62364407766e-09
7.13737622928e-10	8.01088140268e-09
7.14806092424e-10	4.99665675502e-09
7.15874561919e-10	-1.6328533109e-09
7.16943031415e-10	-1.02109693478e-08
7.1801150091e-10	-1.86311954753e-08
7.19079970405e-10	-2.48660687596e-08
7.20148439901e-10	-2.74580238546e-08
7.21216909396e-10	-2.58737042902e-08
7.22285378892e-10	-2.06069057374e-08
7.23353848387e-10	-1.30202147952e-08
7.24422317882e-10	-4.9921261569e-09
7.25490787378e-10	1.58016105756e-09
7.26559256873e-10	5.23641902062e-09
7.27627726369e-10	5.29834975893e-09
7.28696195864e-10	1.9708496779e-09
7.29764665359e-10	-3.76046932482e-09
7.30833134855e-10	-1.04265984735e-08
7.3190160435e-10	-1.64677550485e-08
7.32970073846e-10	-2.05758901028e-08
7.34038543341e-10	-2.19962925652e-08
7.35107012836e-10	-2.06124355362e-08
7.36175482332e-10	-1.6935797098e-08
7.37243951827e-10	-1.19237096308e-08
7.38312421323e-10	-6.74355660202e-09
7.39380890818e-10	-2.50511878602e-09
7.40449360314e-10	-2.20368168158e-11
7.41517829809e-10	3.34500899202e-10
7.42586299304e-10	-1.31438478157e-09
7.436547688e-10	-4.42539296874e-09
7.44723238295e-10	-8.19506151828e-09
7.45791707791e-10	-1.17524003862e-08
7.46860177286e-10	-1.4375736157e-08
7.47928646781e-10	-1.56176728217e-08
7.48997116277e-10	-1.53836541283e-08
7.50065585772e-10	-1.38964453278e-08
7.51134055268e-10	-1.16114913795e-08
7.52202524763e-10	-9.09611203026e-09
7.53270994258e-10	-6.88714707486e-09
7.54339463754e-10	-5.39899876889e-09
7.55407933249e-10	-4.84229097097e-09
7.56476402745e-10	-5.20214460398e-09
7.5754487224e-10	-6.26632717937e-09
7.58613341735e-10	-7.67506447286e-09
7.59681811231e-10	-9.03868024871e-09
7.60750280726e-10	-1.00162481642e-08
7.61818750222e-10	-1.04342823271e-08
7.62887219717e-10	-1.02981170258e-08
7.63955689212e-10	-9.8027573836e-09
7.65024158708e-10	-9.23792009555e-09
7.66092628203e-10	-8.88824483458e-09
7.67161097699e-10	-8.91993837127e-09
7.68229567194e-10	-9.31928753611e-09
7.69298036689e-10	-9.88413978442e-09
7.70366506185e-10	-1.0298053521e-08
7.7143497568e-10	-1.02391525258e-08
7.72503445176e-10	-9.50299905433e-09
7.73571914671e-10	-8.10063094381e-09
7.74640384166e-10	-6.28058566265e-09
7.75708853662e-10	-4.49540904501e-09
7.76777323157e-10	-3.27513929865e-09
7.77845792653e-10	-3.09151504049e-09
7.78914262148e-10	-4.19023999353e-09
7.79982731643e-10	-6.49364220728e-09
7.81051201139e-10	-9.56631851512e-09
7.82119670634e-10	-1.26818819335e-08
7.8318814013e-10	-1.49905655666e-08
7.84256609625e-10	-1.57340924734e-08
7.8532507912e-10	-1.4474395571e-08
7.86393548616e-10	-1.12525084806e-08
7.87462018111e-10	-6.63767341091e-09
7.88530487607e-10	-1.626791854e-09
7.89598957102e-10	2.58142249243e-09
7.90667426597e-10	4.8876323544e-09
7.91735896093e-10	4.59508386896e-09
7.92804365588e-10	1.61432643642e-09
7.93872835084e-10	-3.47038947579e-09
7.94941304579e-10	-9.51880146927e-09
7.96009774074e-10	-1.50884676975e-08
7.9707824357e-10	-1.87819042541e-08
7.98146713065e-10	-1.95992269081e-08
7.99215182561e-10	-1.71829714901e-08
8.00283652056e-10	-1.19459745429e-08
8.01352121551e-10	-4.98043778441e-09
8.02420591047e-10	2.16733838515e-09
8.03489060542e-10	7.86166748368e-09
8.04557530038e-10	1.07617688094e-08
8.05625999533e-10	1.01439754374e-08
8.06694469028e-10	6.10087741437e-09
8.07762938524e-10	-4.84849382865e-10
8.08831408019e-10	-8.11413713997e-09
8.09899877515e-10	-1.50366892271e-08
8.1096834701e-10	-1.96450906653e-08
8.12036816505e-10	-2.08570134497e-08
8.13105286001e-10	-1.83609460969e-08
8.14173755496e-10	-1.26898112018e-08
8.15242224992e-10	-5.09484060496e-09
8.16310694487e-10	2.74109696052e-09
8.17379163982e-10	9.0829035404e-09
8.18447633478e-10	1.25342071167e-08
8.19516102973e-10	1.23482184478e-08
8.20584572469e-10	8.58428050865e-09
8.21653041964e-10	2.10288705893e-09
8.22721511459e-10	-5.64312796492e-09
8.23789980955e-10	-1.29230358636e-08
8.2485845045e-10	-1.81232444607e-08
8.25926919946e-10	-2.00992686938e-08
8.26995389441e-10	-1.8437946836e-08
8.28063858936e-10	-1.35371015508e-08
8.29132328432e-10	-6.51827636311e-09
8.30200797927e-10	1.03177015542e-09
8.31269267423e-10	7.42577349611e-09
8.32337736918e-10	1.1253645904e-08
8.33406206413e-10	1.17041207837e-08
8.34474675909e-10	8.73902261667e-09
8.35543145404e-10	3.09900949347e-09
8.366116149e-10	-3.88627724446e-09
8.37680084395e-10	-1.0606417411e-08
8.3874855389e-10	-1.5547369947e-08
8.39817023386e-10	-1.76424758136e-08
8.40885492881e-10	-1.65059568236e-08
8.41953962377e-10	-1.2510677827e-08
8.43022431872e-10	-6.67157518119e-09
8.44090901367e-10	-4.06582739698e-10
8.45159370863e-10	4.83077516877e-09
8.46227840358e-10	7.88019138831e-09
8.47296309854e-10	8.15198664128e-09
8.48364779349e-10	5.74421177291e-09
8.49433248845e-10	1.38691727547e-09
8.5050171834e-10	-3.76130249169e-09
8.51570187835e-10	-8.42913960852e-09
8.52638657331e-10	-1.15421163738e-08
8.53707126826e-10	-1.2495554258e-08
8.54775596322e-10	-1.12592922763e-08
8.55844065817e-10	-8.35525021392e-09
8.56912535312e-10	-4.67742075627e-09
8.57981004808e-10	-1.22364368638e-09
8.59049474303e-10	1.17018374851e-09
8.60117943799e-10	2.04422191674e-09
8.61186413294e-10	1.40222780609e-09
8.62254882789e-10	-3.35291294729e-10
8.63323352285e-10	-2.4921315428e-09
8.6439182178e-10	-4.36183861252e-09
8.65460291276e-10	-5.42128825165e-09
8.66528760771e-10	-5.48161632752e-09
8.67597230266e-10	-4.71176553329e-09
8.68665699762e-10	-3.56405790991e-09
8.69734169257e-10	-2.59687061785e-09
8.70802638753e-10	-2.27936338554e-09
8.71871108248e-10	-2.81736993631e-09
8.72939577743e-10	-4.08781049288e-09
8.74008047239e-10	-5.6582762642e-09
8.75076516734e-10	-6.93509455418e-09
8.7614498623e-10	-7.35497840409e-09
8.77213455725e-10	-6.58338217274e-09
8.7828192522e-10	-4.64767596631e-09
8.79350394716e-10	-1.96750052361e-09
8.80418864211e-10	7.47025375586e-10
8.81487333707e-10	2.68093400257e-09
8.82555803202e-10	3.15823295294e-09
8.83624272697e-10	1.84599936726e-09
8.84692742193e-10	-1.10972626921e-09
8.85761211688e-10	-5.10228573974e-09
8.86829681184e-10	-9.18970594066e-09
8.87898150679e-10	-1.2337810773e-08
8.88966620174e-10	-1.36891077362e-08
8.9003508967e-10	-1.27994163046e-08
8.91103559165e-10	-9.77313829864e-09
8.92172028661e-10	-5.2531973771e-09
8.93240498156e-10	-2.83861059658e-10
8.94308967651e-10	3.95010196774e-09
8.95377437147e-10	6.39909908395e-09
8.96445906642e-10	6.41856778838e-09
8.97514376138e-10	3.92366489299e-09
8.98582845633e-10	-5.81041992298e-10
8.99651315128e-10	-6.1160261855e-09
9.00719784624e-10	-1.14512329619e-08
9.01788254119e-10	-1.53878726428e-08
9.02856723615e-10	-1.70390657139e-08
9.0392519311e-10	-1.60226043544e-08
9.04993662605e-10	-1.25564171283e-08
9.06062132101e-10	-7.40361733031e-09
9.07130601596e-10	-1.7005790387e-09
9.08199071092e-10	3.29190757986e-09
9.09267540587e-10	6.4727009863e-09
9.10336010082e-10	7.13277692466e-09
9.11404479578e-10	5.11680947612e-09
9.12472949073e-10	8.37900179795e-10
9.13541418569e-10	-4.79550116284e-09
9.14609888064e-10	-1.05908575243e-08
9.15678357559e-10	-1.53153898452e-08
9.16746827055e-10	-1.79581775006e-08
9.1781529655e-10	-1.79450464488e-08
9.18883766046e-10	-1.52623134131e-08
9.19952235541e-10	-1.04685425883e-08
9.21020705036e-10	-4.5842309393e-09
9.22089174532e-10	1.12013973097e-09
9.23157644027e-10	5.39209404904e-09
9.24226113523e-10	7.2773993498e-09
9.25294583018e-10	6.3306568876e-09
9.26363052513e-10	2.73568193099e-09
9.27431522009e-10	-2.73285420682e-09
9.28499991504e-10	-8.86666112754e-09
9.29568461e-10	-1.42965110861e-08
9.30636930495e-10	-1.77992253159e-08
9.3170539999e-10	-1.8583439565e-08
9.32773869486e-10	-1.6473601816e-08
9.33842338981e-10	-1.19539481647e-08
9.34910808477e-10	-6.06405375914e-09
9.35979277972e-10	-1.54588328249e-10
9.37047747467e-10	4.42101050213e-09
9.38116216963e-10	6.62638188764e-09
9.39184686458e-10	5.98472083002e-09
9.40253155954e-10	2.69284047838e-09
9.41321625449e-10	-2.42847146559e-09
9.42390094944e-10	-8.13771477981e-09
9.4345856444e-10	-1.30692350275e-08
9.44527033935e-10	-1.60791050474e-08
9.45595503431e-10	-1.65115161543e-08
9.46663972926e-10	-1.43594250934e-08
9.47732442421e-10	-1.02429615345e-08
9.48800911917e-10	-5.23984516887e-09
9.49869381412e-10	-5.92993723569e-10
9.50937850908e-10	2.60114633999e-09
9.52006320403e-10	3.66676911057e-09
9.53074789898e-10	2.49219808679e-09
9.54143259394e-10	-4.72018757414e-10
9.55211728889e-10	-4.36060909603e-09
9.56280198385e-10	-8.13710676617e-09
9.5734866788e-10	-1.08664672815e-08
9.58417137375e-10	-1.19503404949e-08
9.59485606871e-10	-1.12546325592e-08
9.60554076366e-10	-9.11972047879e-09
9.61622545862e-10	-6.23725618376e-09
9.62691015357e-10	-3.44257218565e-09
9.63759484853e-10	-1.47764587372e-09
9.64827954348e-10	-7.91607684784e-10
9.65896423843e-10	-1.43340050246e-09
9.66964893339e-10	-3.06368606873e-09
9.68033362834e-10	-5.07743375122e-09
9.6910183233e-10	-6.80242084883e-09
9.70170301825e-10	-7.69852293026e-09
9.7123877132e-10	-7.52217177435e-09
9.72307240816e-10	-6.37592817432e-09
9.73375710311e-10	-4.67293131967e-09
9.74444179807e-10	-2.9927884268e-09
9.75512649302e-10	-1.90324380561e-09
9.76581118797e-10	-1.78477807533e-09
9.77649588293e-10	-2.71395023815e-09
9.78718057788e-10	-4.44044849501e-09
9.79786527284e-10	-6.45031411617e-09
9.80854996779e-10	-8.11935796374e-09
9.81923466274e-10	-8.88467832638e-09
9.8299193577e-10	-8.4141790202e-09
9.84060405265e-10	-6.71359384752e-09
9.85128874761e-10	-4.13619571926e-09
9.86197344256e-10	-1.3126314341e-09
9.87265813751e-10	1.02069898367e-09
9.88334283247e-10	2.20257598271e-09
9.89402752742e-10	1.84516876778e-09
9.90471222238e-10	-5.83057768733e-11
9.91539691733e-10	-3.1047792115e-09
9.92608161228e-10	-6.56819643119e-09
9.93676630724e-10	-9.57465556839e-09
9.94745100219e-10	-1.13202569541e-08
9.95813569715e-10	-1.12809148689e-08
9.9688203921e-10	-9.35527066925e-09
9.97950508705e-10	-5.90478244078e-09
9.99018978201e-10	-1.68324071348e-09
1.0000874477e-09	2.34118151254e-09
1.00115591719e-09	5.2048836352e-09
1.00222438669e-09	6.19399165291e-09
1.00329285618e-09	5.0098514226e-09
1.00436132568e-09	1.87082382919e-09
1.00542979517e-09	-2.53322250676e-09
1.00649826467e-09	-7.17890086266e-09
1.00756673416e-09	-1.09496146594e-08
1.00863520366e-09	-1.28971807678e-08
1.00970367315e-09	-1.24811754265e-08
1.01077214265e-09	-9.7160615109e-09
1.01184061215e-09	-5.18351017664e-09
1.01290908164e-09	8.87972750885e-11
1.01397755114e-09	4.87136503358e-09
1.01504602063e-09	8.02717348147e-09
1.01611449013e-09	8.79152961542e-09
1.01718295962e-09	6.96432000957e-09
1.01825142912e-09	2.96828966961e-09
1.01931989861e-09	-2.24871715693e-09
1.02038836811e-09	-7.43661482394e-09
1.0214568376e-09	-1.13446857464e-08
1.0225253071e-09	-1.30191507575e-08
1.0235937766e-09	-1.20458433228e-08
1.02466224609e-09	-8.64240995435e-09
1.02573071559e-09	-3.61947952165e-09
1.02679918508e-09	1.82101517199e-09
1.02786765458e-09	6.37505664924e-09
1.02893612407e-09	8.96146112872e-09
1.03000459357e-09	8.9852271179e-09
1.03107306306e-09	6.48652398461e-09
1.03214153256e-09	2.12588335824e-09
1.03321000205e-09	-2.9881504493e-09
1.03427847155e-09	-7.5802153443e-09
1.03534694104e-09	-1.05336311895e-08
1.03641541054e-09	-1.11655910073e-08
1.03748388004e-09	-9.38943489626e-09
1.03855234953e-09	-5.71835168106e-09
1.03962081903e-09	-1.11797553853e-09
1.04068928852e-09	3.25074289709e-09
1.04175775802e-09	6.33095292857e-09
1.04282622751e-09	7.4275481321e-09
1.04389469701e-09	6.3701819375e-09
1.0449631665e-09	3.53079732118e-09
1.046031636e-09	-2.8907041344e-10
1.04710010549e-09	-4.08100236937e-09
1.04816857499e-09	-6.8894844274e-09
1.04923704448e-09	-8.05639699397e-09
1.05030551398e-09	-7.37397287676e-09
1.05137398348e-09	-5.12102682482e-09
1.05244245297e-09	-1.96801783897e-09
1.05351092247e-09	1.21566080813e-09
1.05457939196e-09	3.60066720884e-09
1.05564786146e-09	4.61547189357e-09
1.05671633095e-09	4.08624539761e-09
1.05778480045e-09	2.25882906824e-09
1.05885326994e-09	-2.86212942235e-10
1.05992173944e-09	-2.81528331203e-09
1.06099020893e-09	-4.64134081168e-09
1.06205867843e-09	-5.31099270118e-09
1.06312714792e-09	-4.70728406254e-09
1.06419561742e-09	-3.06519418181e-09
1.06526408692e-09	-8.90772768047e-10
1.06633255641e-09	1.18805856819e-09
1.06740102591e-09	2.59081250897e-09
1.0684694954e-09	2.94348970198e-09
1.0695379649e-09	2.16647066953e-09
1.07060643439e-09	4.9766799709e-10
1.07167490389e-09	-1.58163210306e-09
1.07274337338e-09	-3.48030779196e-09
1.07381184288e-09	-4.65641070146e-09
1.07488031237e-09	-4.77338601979e-09
1.07594878187e-09	-3.78516518129e-09
1.07701725137e-09	-1.95640484368e-09
1.07808572086e-09	2.15173677487e-10
1.07915419036e-09	2.13073714228e-09
1.08022265985e-09	3.25282711877e-09
1.08129112935e-09	3.25351778852e-09
1.08235959884e-09	2.09462254486e-09
1.08342806834e-09	4.94590479683e-11
1.08449653783e-09	-2.37600644715e-09
1.08556500733e-09	-4.56332818755e-09
1.08663347682e-09	-5.94142468557e-09
1.08770194632e-09	-6.13275308314e-09
1.08877041581e-09	-5.05102326631e-09
1.08983888531e-09	-2.93360133408e-09
1.09090735481e-09	-2.86569330765e-10
1.0919758243e-09	2.22626724e-09
1.0930442938e-09	3.95603316772e-09
1.09411276329e-09	4.42506903342e-09
1.09518123279e-09	3.46203082868e-09
1.09624970228e-09	1.25244523086e-09
1.09731817178e-09	-1.69550762319e-09
1.09838664127e-09	-4.66961164181e-09
1.09945511077e-09	-6.93396795537e-09
1.10052358026e-09	-7.90834037145e-09
1.10159204976e-09	-7.32930743874e-09
1.10266051925e-09	-5.31394173109e-09
1.10372898875e-09	-2.34512365083e-09
1.10479745825e-09	8.49029055394e-10
1.10586592774e-09	3.4717846098e-09
1.10693439724e-09	4.85387346982e-09
1.10800286673e-09	4.62842619786e-09
1.10907133623e-09	2.81686204917e-09
1.11013980572e-09	-1.61162368173e-10
1.11120827522e-09	-3.59304991315e-09
1.11227674471e-09	-6.64385896298e-09
1.11334521421e-09	-8.56205223387e-09
1.1144136837e-09	-8.87382800574e-09
1.1154821532e-09	-7.49955514356e-09
1.11655062269e-09	-4.78676925875e-09
1.11761909219e-09	-1.41761490047e-09
1.11868756169e-09	1.75608523556e-09
1.11975603118e-09	3.93501026208e-09
1.12082450068e-09	4.57375565199e-09
1.12189297017e-09	3.51856671577e-09
1.12296143967e-09	1.04501440834e-09
1.12402990916e-09	-2.22178597742e-09
1.12509837866e-09	-5.46345779728e-09
1.12616684815e-09	-7.88570314603e-09
1.12723531765e-09	-8.90834600531e-09
1.12830378714e-09	-8.3143800178e-09
1.12937225664e-09	-6.29027668841e-09
1.13044072614e-09	-3.37374123083e-09
1.13150919563e-09	-3.15779995902e-10
1.13257766513e-09	2.11730802335e-09
1.13364613462e-09	3.32854585561e-09
1.13471460412e-09	3.04315656008e-09
1.13578307361e-09	1.36537636752e-09
1.13685154311e-09	-1.25227041237e-09
1.1379200126e-09	-4.13387235554e-09
1.1389884821e-09	-6.55764165192e-09
1.14005695159e-09	-7.93471388594e-09
1.14112542109e-09	-7.96265076097e-09
1.14219389058e-09	-6.68196403764e-09
1.14326236008e-09	-4.46248915598e-09
1.14433082958e-09	-1.89212781554e-09
1.14539929907e-09	3.74180800927e-10
1.14646776857e-09	1.78224607295e-09
1.14753623806e-09	2.01152255963e-09
1.14860470756e-09	1.04556754227e-09
1.14967317705e-09	-8.35919425693e-10
1.15074164655e-09	-3.13716305711e-09
1.15181011604e-09	-5.27468085876e-09
1.15287858554e-09	-6.72610922514e-09
1.15394705503e-09	-7.15410736207e-09
1.15501552453e-09	-6.4859141391e-09
1.15608399402e-09	-4.92022433907e-09
1.15715246352e-09	-2.87238161034e-09
1.15822093302e-09	-8.6584722031e-10
1.15928940251e-09	6.01853747395e-10
1.16035787201e-09	1.17770942304e-09
1.1614263415e-09	7.42261505732e-10
1.162494811e-09	-5.70788145915e-10
1.16356328049e-09	-2.41141753787e-09
1.16463174999e-09	-4.30417271269e-09
1.16570021948e-09	-5.77395964374e-09
1.16676868898e-09	-6.45641312635e-09
1.16783715847e-09	-6.19685514014e-09
1.16890562797e-09	-5.07412467599e-09
1.16997409747e-09	-3.38480304896e-09
1.17104256696e-09	-1.56031977616e-09
1.17211103646e-09	-5.84781251201e-11
1.17317950595e-09	7.48069363399e-10
1.17424797545e-09	6.70421086701e-10
1.17531644494e-09	-2.59716637085e-10
1.17638491444e-09	-1.78991667321e-09
1.17745338393e-09	-3.52126269809e-09
1.17852185343e-09	-5.0026746079e-09
1.17959032292e-09	-5.85018095078e-09
1.18065879242e-09	-5.84675008408e-09
1.18172726191e-09	-4.993191971e-09
1.18279573141e-09	-3.51566389889e-09
1.18386420091e-09	-1.79781182996e-09
1.1849326704e-09	-2.87089678419e-10
1.1860011399e-09	6.29903455784e-10
1.18706960939e-09	7.2590534278e-10
1.18813807889e-09	-6.83940057367e-12
1.18920654838e-09	-1.35531402767e-09
1.19027501788e-09	-2.9461801887e-09
1.19134348737e-09	-4.34512040237e-09
1.19241195687e-09	-5.1740477458e-09
1.19348042636e-09	-5.21240428597e-09
1.19454889586e-09	-4.45175935004e-09
1.19561736535e-09	-3.09984068969e-09
1.19668583485e-09	-1.51923615355e-09
1.19775430435e-09	-1.32140891979e-10
1.19882277384e-09	6.97003607608e-10
1.19989124334e-09	7.57559816961e-10
1.20095971283e-09	5.25439448895e-11
1.20202818233e-09	-1.20534453252e-09
1.20309665182e-09	-2.65308158776e-09
1.20416512132e-09	-3.87631945986e-09
1.20523359081e-09	-4.52728310396e-09
1.20630206031e-09	-4.41909547844e-09
1.2073705298e-09	-3.57672960694e-09
1.2084389993e-09	-2.23008719824e-09
1.20950746879e-09	-7.45830404381e-10
1.21057593829e-09	4.71253543133e-10
1.21164440779e-09	1.095526031e-09
1.21271287728e-09	9.65198226899e-10
1.21378134678e-09	1.29007759336e-10
1.21484981627e-09	-1.17095973369e-09
1.21591828577e-09	-2.56489496309e-09
1.21698675526e-09	-3.65936567159e-09
1.21805522476e-09	-4.1423942887e-09
1.21912369425e-09	-3.8683635184e-09
1.22019216375e-09	-2.89637311357e-09
1.22126063324e-09	-1.47306652987e-09
1.22232910274e-09	3.18405544986e-11
1.22339757224e-09	1.22769111544e-09
1.22446604173e-09	1.80197896882e-09
1.22553451123e-09	1.60900866242e-09
1.22660298072e-09	7.00653847441e-10
1.22767145022e-09	-6.80088714511e-10
1.22873991971e-09	-2.16988645108e-09
1.22980838921e-09	-3.37649602722e-09
1.2308768587e-09	-3.9805864438e-09
1.2319453282e-09	-3.8180371642e-09
1.23301379769e-09	-2.91800164587e-09
1.23408226719e-09	-1.49510355485e-09
1.23515073668e-09	1.07542207778e-10
1.23621920618e-09	1.50470613747e-09
1.23728767568e-09	2.36160491163e-09
1.23835614517e-09	2.47869350045e-09
1.23942461467e-09	1.83140036469e-09
1.24049308416e-09	5.81366545183e-10
1.24156155366e-09	-9.696587977e-10
1.24263002315e-09	-2.44925162096e-09
1.24369849265e-09	-3.50202275512e-09
1.24476696214e-09	-3.87603557583e-09
1.24583543164e-09	-3.47558665181e-09
1.24690390113e-09	-2.38943051456e-09
1.24797237063e-09	-8.60895771337e-10
1.24904084012e-09	7.61776225433e-10
1.25010930962e-09	2.11191394928e-09
1.25117777912e-09	2.88650681135e-09
1.25224624861e-09	2.91152976728e-09
1.25331471811e-09	2.18665877072e-09
1.2543831876e-09	8.77364708662e-10
1.2554516571e-09	-7.15526402018e-10
1.25652012659e-09	-2.23038854053e-09
1.25758859609e-09	-3.3197163074e-09
1.25865706558e-09	-3.73456227054e-09
1.25972553508e-09	-3.37665076455e-09
1.26079400457e-09	-2.32455030225e-09
1.26186247407e-09	-8.14458063492e-10
1.26293094357e-09	8.13925184195e-10
1.26399941306e-09	2.19344892249e-09
1.26506788256e-09	3.01703412253e-09
1.26613635205e-09	3.10382486379e-09
1.26720482155e-09	2.44306430641e-09
1.26827329104e-09	1.19223414474e-09
1.26934176054e-09	-3.58781676243e-10
1.27041023003e-09	-1.85522913698e-09
1.27147869953e-09	-2.96100369224e-09
1.27254716902e-09	-3.43296829852e-09
1.27361563852e-09	-3.17743906186e-09
1.27468410801e-09	-2.26813848259e-09
1.27575257751e-09	-9.26690182923e-10
1.27682104701e-09	5.33170951833e-10
1.2778895165e-09	1.78079545554e-09
1.278957986e-09	2.54419987855e-09
1.28002645549e-09	2.67394087428e-09
1.28109492499e-09	2.1671958117e-09
1.28216339448e-09	1.16544424111e-09
1.28323186398e-09	-8.84716796351e-11
1.28430033347e-09	-1.30921094799e-09
1.28536880297e-09	-2.23633359053e-09
1.28643727246e-09	-2.69015809629e-09
1.28750574196e-09	-2.60491345161e-09
1.28857421145e-09	-2.03759023543e-09
1.28964268095e-09	-1.14358780084e-09
1.29071115045e-09	-1.37094956915e-10
1.29177961994e-09	7.61078103317e-10
1.29284808944e-09	1.37200127648e-09
1.29391655893e-09	1.59100811692e-09
1.29498502843e-09	1.40614198063e-09
1.29605349792e-09	8.86348418272e-10
1.29712196742e-09	1.63679719084e-10
1.29819043691e-09	-6.07480496462e-10
1.29925890641e-09	-1.27726249022e-09
1.3003273759e-09	-1.73307930507e-09
1.3013958454e-09	-1.91500015845e-09
1.30246431489e-09	-1.81801325383e-09
1.30353278439e-09	-1.48929009403e-09
1.30460125389e-09	-1.01003233555e-09
1.30566972338e-09	-4.82462434587e-10
1.30673819288e-09	-6.89339037241e-12
1.30780666237e-09	3.3215713513e-10
1.30887513187e-09	4.78483419553e-10
1.30994360136e-09	4.15633166773e-10
1.31101207086e-09	1.63509727459e-10
1.31208054035e-09	-2.20999982203e-10
1.31314900985e-09	-6.62033781962e-10
1.31421747934e-09	-1.07527549364e-09
1.31528594884e-09	-1.38941912142e-09
1.31635441834e-09	-1.55719992456e-09
1.31742288783e-09	-1.56688041708e-09
1.31849135733e-09	-1.44016031045e-09
1.31955982682e-09	-1.2247042859e-09
1.32062829632e-09	-9.81317006821e-10
1.32169676581e-09	-7.67836012003e-10
1.32276523531e-09	-6.25656316252e-10
1.3238337048e-09	-5.69744952605e-10
1.3249021743e-09	-5.89612698942e-10
1.32597064379e-09	-6.54492730845e-10
1.32703911329e-09	-7.27741304718e-10
1.32810758278e-09	-7.81626215141e-10
1.32917605228e-09	-8.08744640701e-10
1.33024452178e-09	-8.28857406321e-10
1.33131299127e-09	-8.78687005101e-10
1.33238146077e-09	-1.00140760788e-09
1.33344993026e-09	-1.21967780363e-09
1.33451839976e-09	-1.52289788939e-09
1.33558686925e-09	-1.85691463594e-09
1.33665533875e-09	-2.13178889819e-09
1.33772380824e-09	-2.24950418015e-09
1.33879227774e-09	-2.12941445032e-09
1.33986074723e-09	-1.74855210866e-09
1.34092921673e-09	-1.15344332696e-09
1.34199768622e-09	-4.65829038537e-10
1.34306615572e-09	1.44485501688e-10
1.34413462522e-09	4.99245086244e-10
1.34520309471e-09	4.59610884074e-10
1.34627156421e-09	-2.62060477485e-11
1.3473400337e-09	-9.01586871133e-10
1.3484085032e-09	-1.99932566336e-09
1.34947697269e-09	-3.07325070947e-09
1.35054544219e-09	-3.85493373334e-09
1.35161391168e-09	-4.11978864912e-09
1.35268238118e-09	-3.75488803939e-09
1.35375085067e-09	-2.79395775959e-09
1.35481932017e-09	-1.42948664017e-09
1.35588778966e-09	3.09239300833e-11
1.35695625916e-09	1.23030231142e-09
1.35802472866e-09	1.85463411295e-09
1.35909319815e-09	1.71489214496e-09
1.36016166765e-09	8.0199964031e-10
1.36123013714e-09	-7.01130448838e-10
