% time-domain voltage integration by openEMS v0.37.0-rc1-2-g7b051bb @Sat Jul 18 22:25:02 2026
% start-coordinates: (0.00130341,0.00125519,0.012587) m -> [53,52,217]
% stop-coordinates: (0.00158585,0.00125519,0.012587) m -> [58,52,217]
% t/s	voltage
0	0
1.24937544289e-12	0
2.49875088577e-12	0
3.74812632866e-12	0
4.99750177154e-12	0
6.24687721443e-12	0
7.49625265731e-12	0
8.7456281002e-12	0
9.99500354309e-12	0
1.1244378986e-11	0
1.24937544289e-11	0
1.37431298717e-11	0
1.49925053146e-11	0
1.62418807575e-11	0
1.74912562004e-11	0
1.87406316433e-11	0
1.99900070862e-11	0
2.12393825291e-11	0
2.24887579719e-11	0
2.37381334148e-11	0
2.49875088577e-11	0
2.62368843006e-11	0
2.74862597435e-11	0
2.87356351864e-11	0
2.99850106293e-11	0
3.12343860721e-11	0
3.2483761515e-11	0
3.37331369579e-11	0
3.49825124008e-11	0
3.62318878437e-11	0
3.74812632866e-11	0
3.87306387295e-11	0
3.99800141723e-11	0
4.12293896152e-11	0
4.24787650581e-11	0
4.3728140501e-11	0
4.49775159439e-11	0
4.62268913868e-11	0
4.74762668297e-11	0
4.87256422725e-11	0
4.99750177154e-11	0
5.12243931583e-11	0
5.24737686012e-11	0
5.37231440441e-11	0
5.4972519487e-11	0
5.62218949299e-11	0
5.74712703727e-11	0
5.87206458156e-11	0
5.99700212585e-11	0
6.12193967014e-11	0
6.24687721443e-11	0
6.37181475872e-11	0
6.49675230301e-11	0
6.62168984729e-11	0
6.74662739158e-11	0
6.87156493587e-11	0
6.99650248016e-11	0
7.12144002445e-11	0
7.24637756874e-11	0
7.37131511303e-11	0
7.49625265731e-11	0
7.6211902016e-11	0
7.74612774589e-11	0
7.87106529018e-11	0
7.99600283447e-11	4.55870828508e-35
8.12094037876e-11	9.68361887163e-33
8.24587792305e-11	1.12016426666e-30
8.37081546733e-11	8.85908996601e-29
8.49575301162e-11	5.1599377366e-27
8.62069055591e-11	2.28914079527e-25
8.7456281002e-11	7.88720054106e-24
8.87056564449e-11	2.13924647652e-22
8.99550318878e-11	4.61764347916e-21
9.12044073307e-11	8.01169433515e-20
9.24537827735e-11	1.12842408814e-18
9.37031582164e-11	1.30346920335e-17
9.49525336593e-11	1.24770955796e-16
9.62019091022e-11	9.994839091e-16
9.74512845451e-11	6.75530586534e-15
9.8700659988e-11	3.87360605458e-14
9.99500354309e-11	1.88863232711e-13
1.01199410874e-10	7.81888720707e-13
1.02448786317e-10	2.73280551834e-12
1.0369816176e-10	7.95713299938e-12
1.04947537202e-10	1.87071367511e-11
1.06196912645e-10	3.24812251748e-11
1.07446288088e-10	2.6471036951e-11
1.08695663531e-10	-7.39657311094e-11
1.09945038974e-10	-4.38657526969e-10
1.11194414417e-10	-1.36174779786e-09
1.1244378986e-10	-3.22271123676e-09
1.13693165303e-10	-6.30708496541e-09
1.14942540745e-10	-1.0422493868e-08
1.16191916188e-10	-1.42969768246e-08
1.17441291631e-10	-1.48730848748e-08
1.18690667074e-10	-6.84262602135e-09
1.19940042517e-10	1.69416403129e-08
1.2118941796e-10	6.3397139094e-08
1.22438793403e-10	1.35047582006e-07
1.23688168846e-10	2.24381928149e-07
1.24937544289e-10	3.08932062154e-07
1.26186919731e-10	3.5059688841e-07
1.27436295174e-10	3.02666339991e-07
1.28685670617e-10	1.25628792702e-07
1.2993504606e-10	-1.9168389187e-07
1.31184421503e-10	-6.14120487796e-07
1.32433796946e-10	-1.05648807391e-06
1.33683172389e-10	-1.40218705269e-06
1.34932547832e-10	-1.54292278864e-06
1.36181923275e-10	-1.4257508667e-06
1.37431298717e-10	-1.0851423724e-06
1.3868067416e-10	-6.39537162783e-07
1.39930049603e-10	-2.45826864642e-07
1.41179425046e-10	-2.61958255088e-08
1.42428800489e-10	9.39059913163e-10
1.43678175932e-10	-4.93310761129e-08
1.44927551375e-10	4.10204989976e-08
1.46176926818e-10	5.07798368687e-07
1.47426302261e-10	1.496674642e-06
1.48675677703e-10	2.97681950201e-06
1.49925053146e-10	4.7136505259e-06
1.51174428589e-10	6.31588187616e-06
1.52423804032e-10	7.34370632927e-06
1.53673179475e-10	7.44193533819e-06
1.54922554918e-10	6.45309074798e-06
1.56171930361e-10	4.47266575065e-06
1.57421305804e-10	1.82878069666e-06
1.58670681246e-10	-1.00610834863e-06
1.59920056689e-10	-3.54182731144e-06
1.61169432132e-10	-5.39467453109e-06
1.62418807575e-10	-6.37247279656e-06
1.63668183018e-10	-6.49959252996e-06
1.64917558461e-10	-5.98198175794e-06
1.66166933904e-10	-5.13005824132e-06
1.67416309347e-10	-4.26556516686e-06
1.6866568479e-10	-3.63726823593e-06
1.69915060232e-10	-3.36363345355e-06
1.71164435675e-10	-3.41246862945e-06
1.72413811118e-10	-3.62021359024e-06
1.73663186561e-10	-3.7463808269e-06
1.74912562004e-10	-3.55117086315e-06
1.76161937447e-10	-2.87629555373e-06
1.7741131289e-10	-1.70447135872e-06
1.78660688333e-10	-1.76749981762e-07
1.79910063776e-10	1.44027205806e-06
1.81159439218e-10	2.82818967889e-06
1.82408814661e-10	3.70786992221e-06
1.83658190104e-10	3.91825318502e-06
1.84907565547e-10	3.45882949659e-06
1.8615694099e-10	2.48545904924e-06
1.87406316433e-10	1.26432068726e-06
1.88655691876e-10	9.97543629921e-08
1.89905067319e-10	-7.42855490898e-07
1.91154442762e-10	-1.09934431691e-06
1.92403818204e-10	-9.40055073784e-07
1.93653193647e-10	-3.67834267934e-07
1.9490256909e-10	4.16833110251e-07
1.96151944533e-10	1.17328430349e-06
1.97401319976e-10	1.68494653963e-06
1.98650695419e-10	1.81360194063e-06
1.99900070862e-10	1.53005989034e-06
2.01149446305e-10	9.15006197033e-07
2.02398821747e-10	1.32043634693e-07
2.0364819719e-10	-6.18648151374e-07
2.04897572633e-10	-1.15315025084e-06
2.06146948076e-10	-1.34960430387e-06
2.07396323519e-10	-1.17593089044e-06
2.08645698962e-10	-6.93143157093e-07
2.09895074405e-10	-3.46861579459e-08
2.11144449848e-10	6.31464018852e-07
2.12393825291e-10	1.1465255767e-06
2.13643200733e-10	1.39823259815e-06
2.14892576176e-10	1.3429680763e-06
2.16141951619e-10	1.00946832049e-06
2.17391327062e-10	4.86226944929e-07
2.18640702505e-10	-1.01948823605e-07
2.19890077948e-10	-6.223632667e-07
2.21139453391e-10	-9.62652848102e-07
2.22388828834e-10	-1.0541671287e-06
2.23638204277e-10	-8.86225890895e-07
2.24887579719e-10	-5.07736160671e-07
2.26136955162e-10	-1.47978171938e-08
2.27386330605e-10	4.73648441357e-07
2.28635706048e-10	8.46014081901e-07
2.29885081491e-10	1.02536765212e-06
2.31134456934e-10	9.86293272831e-07
2.32383832377e-10	7.57124126949e-07
2.3363320782e-10	4.07912885692e-07
2.34882583262e-10	2.87334671611e-08
2.36131958705e-10	-2.94578423876e-07
2.37381334148e-10	-5.00332390629e-07
2.38630709591e-10	-5.62064712994e-07
2.39880085034e-10	-4.89178603402e-07
2.41129460477e-10	-3.18772961805e-07
2.4237883592e-10	-1.02538338709e-07
2.43628211363e-10	1.06841399727e-07
2.44877586806e-10	2.66241066527e-07
2.46126962248e-10	3.48262680916e-07
2.47376337691e-10	3.43204199282e-07
2.48625713134e-10	2.58295262512e-07
2.49875088577e-10	1.15274681356e-07
2.5112446402e-10	-5.3484225937e-08
2.52373839463e-10	-2.10407581136e-07
2.53623214906e-10	-3.19918981972e-07
2.54872590349e-10	-3.56285813297e-07
2.56121965792e-10	-3.10139071757e-07
2.57371341234e-10	-1.91375795211e-07
2.58620716677e-10	-2.69785689344e-08
2.5987009212e-10	1.45614629687e-07
2.61119467563e-10	2.87821066536e-07
2.62368843006e-10	3.69047416626e-07
2.63618218449e-10	3.73466352954e-07
2.64867593892e-10	3.02989068501e-07
2.66116969335e-10	1.75809539371e-07
2.67366344778e-10	2.15185960162e-08
2.6861572022e-10	-1.26168570702e-07
2.69865095663e-10	-2.37265666669e-07
2.71114471106e-10	-2.91940299491e-07
2.72363846549e-10	-2.84140575957e-07
2.73613221992e-10	-2.21523100308e-07
2.74862597435e-10	-1.22313490891e-07
2.76111972878e-10	-1.02084416476e-08
2.77361348321e-10	9.12621720417e-08
2.78610723763e-10	1.63439292322e-07
2.79860099206e-10	1.95588526708e-07
2.81109474649e-10	1.86064944785e-07
2.82358850092e-10	1.41692281019e-07
2.83608225535e-10	7.55440403566e-08
2.84857600978e-10	3.7316857382e-09
2.86106976421e-10	-5.79914494203e-08
2.87356351864e-10	-9.71287974494e-08
2.88605727307e-10	-1.06374922204e-07
2.89855102749e-10	-8.44161860414e-08
2.91104478192e-10	-3.57877296686e-08
2.92353853635e-10	2.99335169984e-08
2.93603229078e-10	9.9569796852e-08
2.94852604521e-10	1.58649656967e-07
2.96101979964e-10	1.94381225782e-07
2.97351355407e-10	1.98785738093e-07
2.9860073085e-10	1.71068084143e-07
2.99850106293e-10	1.18138800076e-07
3.01099481735e-10	5.27223749103e-08
3.02348857178e-10	-1.03545161334e-08
3.03598232621e-10	-5.83265382659e-08
3.04847608064e-10	-8.3640886217e-08
3.06096983507e-10	-8.5027117791e-08
3.0734635895e-10	-6.65694388502e-08
3.08595734393e-10	-3.56190783535e-08
3.09845109836e-10	-5.54912893413e-10
3.11094485279e-10	3.09211283245e-08
3.12343860721e-10	5.2787391347e-08
3.13593236164e-10	6.13171300401e-08
3.14842611607e-10	5.54549401954e-08
3.1609198705e-10	3.68582258048e-08
3.17341362493e-10	9.70616809148e-09
3.18590737936e-10	-2.00575802634e-08
3.19840113379e-10	-4.58092928035e-08
3.21089488822e-10	-6.14049797676e-08
3.22338864264e-10	-6.23040845582e-08
3.23588239707e-10	-4.64164138236e-08
3.2483761515e-10	-1.47216752122e-08
3.26086990593e-10	2.86307622055e-08
3.27336366036e-10	7.68593002576e-08
3.28585741479e-10	1.21834943911e-07
3.29835116922e-10	1.55948745473e-07
3.31084492365e-10	1.73949626259e-07
3.32333867808e-10	1.74236658879e-07
3.3358324325e-10	1.58947957019e-07
3.34832618693e-10	1.33081972109e-07
3.36081994136e-10	1.02960752812e-07
3.37331369579e-10	7.4633780045e-08
3.38580745022e-10	5.27609702594e-08
3.39830120465e-10	3.98982811234e-08
3.41079495908e-10	3.63375511903e-08
3.42328871351e-10	4.01569333341e-08
3.43578246794e-10	4.76690713569e-08
3.44827622236e-10	5.4271137806e-08
3.46076997679e-10	5.55418226966e-08
3.47326373122e-10	4.85107487513e-08
3.48575748565e-10	3.24095794646e-08
3.49825124008e-10	8.82359996179e-09
3.51074499451e-10	-1.88688615843e-08
3.52323874894e-10	-4.64597462724e-08
3.53573250337e-10	-6.98771236429e-08
3.5482262578e-10	-8.59354596372e-08
3.56072001222e-10	-9.25807386309e-08
3.57321376665e-10	-8.91040174977e-08
3.58570752108e-10	-7.61651275383e-08
3.59820127551e-10	-5.57387367373e-08
3.61069502994e-10	-3.09835361811e-08
3.62318878437e-10	-5.77373709953e-09
3.6356825388e-10	1.58562640795e-08
3.64817629323e-10	3.05615563967e-08
3.66067004765e-10	3.63696925909e-08
3.67316380208e-10	3.30760712153e-08
3.68565755651e-10	2.2417841139e-08
3.69815131094e-10	7.68527685935e-09
3.71064506537e-10	-6.94491664177e-09
3.7231388198e-10	-1.74652095009e-08
3.73563257423e-10	-2.10882786789e-08
3.74812632866e-10	-1.70062326443e-08
3.76062008309e-10	-6.56151355471e-09
3.77311383751e-10	7.2968141529e-09
3.78560759194e-10	2.0912390708e-08
3.79810134637e-10	3.10579197915e-08
3.8105951008e-10	3.55747924452e-08
3.82308885523e-10	3.35596825884e-08
3.83558260966e-10	2.52169929382e-08
3.84807636409e-10	1.15656655364e-08
3.86057011852e-10	-5.65529412189e-09
3.87306387295e-10	-2.40492177284e-08
3.88555762737e-10	-4.06478397608e-08
3.8980513818e-10	-5.24076031461e-08
3.91054513623e-10	-5.69473419532e-08
3.92303889066e-10	-5.33773203415e-08
3.93553264509e-10	-4.27345145937e-08
3.94802639952e-10	-2.7763084276e-08
3.96052015395e-10	-1.21608478842e-08
3.97301390838e-10	5.5030829893e-10
3.98550766281e-10	7.86790077534e-09
3.99800141723e-10	8.76055417098e-09
4.01049517166e-10	3.61643354152e-09
4.02298892609e-10	-6.1138473173e-09
4.03548268052e-10	-1.83342523385e-08
4.04797643495e-10	-3.06945566741e-08
4.06047018938e-10	-4.08365066207e-08
4.07296394381e-10	-4.67974134999e-08
4.08545769824e-10	-4.73702668202e-08
4.09795145266e-10	-4.2457867e-08
4.11044520709e-10	-3.32497198663e-08
4.12293896152e-10	-2.19964977344e-08
4.13543271595e-10	-1.15445251136e-08
4.14792647038e-10	-4.50123543994e-09
4.16042022481e-10	-2.54457319104e-09
4.17291397924e-10	-5.93506221946e-09
4.18540773367e-10	-1.34696620524e-08
4.1979014881e-10	-2.29052186107e-08
4.21039524252e-10	-3.16026582681e-08
4.22288899695e-10	-3.73652095931e-08
4.23538275138e-10	-3.89167404968e-08
4.24787650581e-10	-3.60649483611e-08
4.26037026024e-10	-2.95129143346e-08
4.27286401467e-10	-2.04410746107e-08
4.2853577691e-10	-1.02073950403e-08
4.29785152353e-10	-1.08188180636e-10
4.31034527796e-10	8.55566062441e-09
4.32283903238e-10	1.45320294687e-08
4.33533278681e-10	1.68124536515e-08
4.34782654124e-10	1.49978081065e-08
4.36032029567e-10	9.6856990206e-09
4.3728140501e-10	2.47783771279e-09
4.38530780453e-10	-4.30962504572e-09
4.39780155896e-10	-8.42419156655e-09
4.41029531339e-10	-8.45212222433e-09
4.42278906782e-10	-4.27340612896e-09
4.43528282224e-10	3.01026648053e-09
4.44777657667e-10	1.1629248009e-08
4.4602703311e-10	1.97470357843e-08
4.47276408553e-10	2.60139962904e-08
4.48525783996e-10	2.96869266947e-08
4.49775159439e-10	3.05546223878e-08
4.51024534882e-10	2.87317796221e-08
4.52273910325e-10	2.45768334572e-08
4.53523285767e-10	1.87593847123e-08
4.5477266121e-10	1.2268123184e-08
4.56022036653e-10	6.36277835975e-09
4.57271412096e-10	2.23817880896e-09
4.58520787539e-10	6.6167671342e-10
4.59770162982e-10	1.64900804123e-09
4.61019538425e-10	4.40429565041e-09
4.62268913868e-10	7.60161011915e-09
4.63518289311e-10	9.81476100392e-09
4.64767664753e-10	1.00504878864e-08
4.66017040196e-10	7.9870113856e-09
4.67266415639e-10	4.00955951774e-09
4.68515791082e-10	-1.0406728812e-09
4.69765166525e-10	-6.23865603622e-09
4.71014541968e-10	-1.08356530415e-08
4.72263917411e-10	-1.44197892515e-08
4.73513292854e-10	-1.67551086339e-08
4.74762668297e-10	-1.76996699519e-08
4.76012043739e-10	-1.7115673101e-08
4.77261419182e-10	-1.49407164418e-08
4.78510794625e-10	-1.14074407698e-08
4.79760170068e-10	-7.12345182841e-09
4.81009545511e-10	-3.06354783208e-09
4.82258920954e-10	-2.18397747803e-10
4.83508296397e-10	7.89210884145e-10
4.8475767184e-10	5.04233634013e-12
4.86007047283e-10	-1.86816448422e-09
4.87256422725e-10	-3.81666920291e-09
4.88505798168e-10	-4.91165674799e-09
4.89755173611e-10	-4.72841027443e-09
4.91004549054e-10	-3.37297084707e-09
4.92253924497e-10	-1.27968145802e-09
4.9350329994e-10	1.11283092463e-09
4.94752675383e-10	3.58037033354e-09
4.96002050826e-10	6.05697703104e-09
4.97251426268e-10	8.50671533215e-09
4.98500801711e-10	1.07316858733e-08
4.99750177154e-10	1.23760861559e-08
5.00999552597e-10	1.3081189687e-08
5.0224892804e-10	1.27351191814e-08
5.03498303483e-10	1.16237797165e-08
5.04747678926e-10	1.03159352172e-08
5.05997054369e-10	9.44736566755e-09
5.07246429812e-10	9.41967137624e-09
5.08495805254e-10	1.0281999141e-08
5.09745180697e-10	1.17454991289e-08
5.1099455614e-10	1.33839289651e-08
5.12243931583e-10	1.485507517e-08
5.13493307026e-10	1.59959543389e-08
5.14742682469e-10	1.68265665845e-08
5.15992057912e-10	1.73936884895e-08
5.17241433355e-10	1.77141690205e-08
5.18490808798e-10	1.77198875573e-08
5.1974018424e-10	1.73156597949e-08
5.20989559683e-10	1.65015321407e-08
5.22238935126e-10	1.54136388097e-08
5.23488310569e-10	1.43565986876e-08
5.24737686012e-10	1.36550424301e-08
5.25987061455e-10	1.35484483632e-08
5.27236436898e-10	1.40564587747e-08
5.28485812341e-10	1.49594390209e-08
5.29735187784e-10	1.5910770923e-08
5.30984563226e-10	1.65481057746e-08
5.32233938669e-10	1.67009208685e-08
5.33483314112e-10	1.63943114639e-08
5.34732689555e-10	1.58115460724e-08
5.35982064998e-10	1.51708159368e-08
5.37231440441e-10	1.4577385854e-08
5.38480815884e-10	1.40197736753e-08
5.39730191327e-10	1.33950318615e-08
5.40979566769e-10	1.26641439557e-08
5.42228942212e-10	1.19148340083e-08
5.43478317655e-10	1.13457186979e-08
5.44727693098e-10	1.11670511727e-08
5.45977068541e-10	1.14351380587e-08
5.47226443984e-10	1.2026748597e-08
5.48475819427e-10	1.264688132e-08
5.4972519487e-10	1.30035447965e-08
5.50974570313e-10	1.29529950099e-08
5.52223945755e-10	1.25537764628e-08
5.53473321198e-10	1.202625588e-08
5.54722696641e-10	1.15990288485e-08
5.55972072084e-10	1.14007436824e-08
5.57221447527e-10	1.14061553536e-08
5.5847082297e-10	1.1512776954e-08
5.59720198413e-10	1.16525382676e-08
5.60969573856e-10	1.18587104581e-08
5.62218949299e-10	1.22520436019e-08
5.63468324741e-10	1.29297120788e-08
5.64717700184e-10	1.38733177169e-08
5.65967075627e-10	1.49048249298e-08
5.6721645107e-10	1.57711015358e-08
5.68465826513e-10	1.62621460742e-08
5.69715201956e-10	1.63417750443e-08
5.70964577399e-10	1.61536068966e-08
5.72213952842e-10	1.5932783759e-08
5.73463328285e-10	1.58791739757e-08
5.74712703727e-10	1.60434276975e-08
5.7596207917e-10	1.63471225445e-08
5.77211454613e-10	1.6647504042e-08
5.78460830056e-10	1.6859299512e-08
5.79710205499e-10	1.6996737795e-08
5.80959580942e-10	1.71417549044e-08
5.82208956385e-10	1.73623804223e-08
5.83458331828e-10	1.76101810911e-08
5.8470770727e-10	1.77570576021e-08
5.85957082713e-10	1.76386023565e-08
5.87206458156e-10	1.71717915443e-08
5.88455833599e-10	1.64075231179e-08
5.89705209042e-10	1.55053938578e-08
5.90954584485e-10	1.46641250254e-08
5.92203959928e-10	1.39936250365e-08
5.93453335371e-10	1.35023541237e-08
5.94702710814e-10	1.31061556052e-08
5.95952086256e-10	1.2706593e-08
5.97201461699e-10	1.22560230853e-08
5.98450837142e-10	1.17545253531e-08
5.99700212585e-10	1.12461210344e-08
6.00949588028e-10	1.07465306654e-08
6.02198963471e-10	1.02344855923e-08
6.03448338914e-10	9.66633362243e-09
6.04697714357e-10	9.00968832873e-09
6.059470898e-10	8.28907553707e-09
6.07196465242e-10	7.56010543057e-09
6.08445840685e-10	6.91614343573e-09
6.09695216128e-10	6.42662051353e-09
6.10944591571e-10	6.11895784042e-09
6.12193967014e-10	5.97009880421e-09
6.13443342457e-10	5.90874194017e-09
6.146927179e-10	5.86483905884e-09
6.15942093343e-10	5.77271075386e-09
6.17191468785e-10	5.6048015673e-09
6.18440844228e-10	5.36966204834e-09
6.19690219671e-10	5.10943926058e-09
6.20939595114e-10	4.88151191691e-09
6.22188970557e-10	4.70967348454e-09
6.23438346e-10	4.58720039731e-09
6.24687721443e-10	4.47472364717e-09
6.25937096886e-10	4.34212610312e-09
6.27186472329e-10	4.1935184214e-09
6.28435847771e-10	4.07834888083e-09
6.29685223214e-10	4.06425498811e-09
6.30934598657e-10	4.18385126544e-09
6.321839741e-10	4.39612751757e-09
6.33433349543e-10	4.59667609531e-09
6.34682724986e-10	4.67754179834e-09
6.35932100429e-10	4.59351517934e-09
6.37181475872e-10	4.39788000461e-09
6.38430851315e-10	4.2106632625e-09
6.39680226757e-10	4.15294876266e-09
6.409296022e-10	4.25912249913e-09
6.42178977643e-10	4.45547237993e-09
6.43428353086e-10	4.61766208604e-09
6.44677728529e-10	4.64722377247e-09
6.45927103972e-10	4.55625570606e-09
6.47176479415e-10	4.43474135192e-09
6.48425854858e-10	4.404106968e-09
6.49675230301e-10	4.51986859051e-09
6.50924605743e-10	4.71356070841e-09
6.52173981186e-10	4.85110385195e-09
6.53423356629e-10	4.79912970475e-09
6.54672732072e-10	4.54622278712e-09
6.55922107515e-10	4.19457857337e-09
6.57171482958e-10	3.90173432452e-09
6.58420858401e-10	3.78773890031e-09
6.59670233844e-10	3.8312796824e-09
6.60919609286e-10	3.91034876701e-09
6.62168984729e-10	3.85507503697e-09
6.63418360172e-10	3.58856708238e-09
6.64667735615e-10	3.17113860171e-09
6.65917111058e-10	2.75255085391e-09
6.67166486501e-10	2.492403256e-09
6.68415861944e-10	2.42008540985e-09
6.69665237387e-10	2.44692408002e-09
6.7091461283e-10	2.40263631213e-09
6.72163988272e-10	2.16359322125e-09
6.73413363715e-10	1.75218674292e-09
6.74662739158e-10	1.30257564457e-09
6.75912114601e-10	9.98892760173e-10
6.77161490044e-10	9.27335500056e-10
6.78410865487e-10	1.03189558287e-09
6.7966024093e-10	1.15423974545e-09
6.80909616373e-10	1.13108147848e-09
6.82158991816e-10	9.25279672326e-10
6.83408367258e-10	6.33369010017e-10
6.84657742701e-10	4.30898622339e-10
6.85907118144e-10	4.44411247386e-10
6.87156493587e-10	6.67342972549e-10
6.8840586903e-10	9.72461541848e-10
6.89655244473e-10	1.1943560585e-09
6.90904619916e-10	1.25175601828e-09
6.92153995359e-10	1.19091628226e-09
6.93403370802e-10	1.15185573579e-09
6.94652746244e-10	1.26993177085e-09
6.95902121687e-10	1.57413164448e-09
6.9715149713e-10	1.98077801383e-09
6.98400872573e-10	2.351109335e-09
6.99650248016e-10	2.58372717665e-09
7.00899623459e-10	2.68624680833e-09
7.02148998902e-10	2.75614778222e-09
7.03398374345e-10	2.90316184981e-09
7.04647749787e-10	3.1870674988e-09
7.0589712523e-10	3.56347684694e-09
7.07146500673e-10	3.93790594577e-09
7.08395876116e-10	4.21847468068e-09
7.09645251559e-10	4.37562885924e-09
7.10894627002e-10	4.45989811748e-09
7.12144002445e-10	4.544313148e-09
7.13393377888e-10	4.6935414999e-09
7.14642753331e-10	4.90670531983e-09
7.15892128773e-10	5.14499737259e-09
7.17141504216e-10	5.35655608758e-09
7.18390879659e-10	5.50189044324e-09
7.19640255102e-10	5.58768492587e-09
7.20889630545e-10	5.63339297432e-09
7.22139005988e-10	5.67673957841e-09
7.23388381431e-10	5.73770797541e-09
7.24637756874e-10	5.81986148163e-09
7.25887132317e-10	5.92029242297e-09
7.27136507759e-10	6.01191602057e-09
7.28385883202e-10	6.07781319717e-09
7.29635258645e-10	6.09083944392e-09
7.30884634088e-10	6.04837085971e-09
7.32134009531e-10	5.97447380457e-09
7.33383384974e-10	5.90371340703e-09
7.34632760417e-10	5.88186610528e-09
7.3588213586e-10	5.91820087381e-09
7.37131511303e-10	5.9894373905e-09
7.38380886745e-10	6.03888139494e-09
7.39630262188e-10	6.01249994236e-09
7.40879637631e-10	5.90208831808e-09
7.42129013074e-10	5.74871156234e-09
7.43378388517e-10	5.6321602937e-09
7.4462776396e-10	5.60685237128e-09
7.45877139403e-10	5.67445723743e-09
7.47126514846e-10	5.77104308785e-09
7.48375890288e-10	5.80919812254e-09
7.49625265731e-10	5.73975311724e-09
7.50874641174e-10	5.58652979432e-09
7.52124016617e-10	5.44182560125e-09
7.5337339206e-10	5.3995006799e-09
7.54622767503e-10	5.49882012146e-09
7.55872142946e-10	5.68782815291e-09
7.57121518389e-10	5.85854670332e-09
7.58370893832e-10	5.91330573396e-09
7.59620269274e-10	5.8330810182e-09
7.60869644717e-10	5.70205288541e-09
7.6211902016e-10	5.64177299323e-09
7.63368395603e-10	5.73989988872e-09
7.64617771046e-10	5.97503024835e-09
7.65867146489e-10	6.24153811968e-09
7.67116521932e-10	6.41032588122e-09
7.68365897375e-10	6.41638953081e-09
7.69615272818e-10	6.31231661385e-09
7.7086464826e-10	6.22469914502e-09
7.72114023703e-10	6.28022950311e-09
7.73363399146e-10	6.50248521694e-09
7.74612774589e-10	6.80143336096e-09
7.75862150032e-10	7.03220531806e-09
7.77111525475e-10	7.08578495878e-09
7.78360900918e-10	6.97472846145e-09
7.79610276361e-10	6.81243061962e-09
7.80859651804e-10	6.74636102538e-09
7.82109027246e-10	6.85001977363e-09
7.83358402689e-10	7.06717095955e-09
7.84607778132e-10	7.26199173018e-09
7.85857153575e-10	7.29985827341e-09
7.87106529018e-10	7.15193293477e-09
7.88355904461e-10	6.9033228578e-09
7.89605279904e-10	6.69981348178e-09
7.90854655347e-10	6.64648430737e-09
7.92104030789e-10	6.73183253586e-09
7.93353406232e-10	6.84125206485e-09
7.94602781675e-10	6.83306766724e-09
7.95852157118e-10	6.64402616257e-09
7.97101532561e-10	6.32277580292e-09
7.98350908004e-10	5.99789212741e-09
7.99600283447e-10	5.78870990031e-09
8.0084965889e-10	5.7245077012e-09
8.02099034333e-10	5.72943192889e-09
8.03348409775e-10	5.6765891987e-09
8.04597785218e-10	5.48169748482e-09
8.05847160661e-10	5.15609610563e-09
8.07096536104e-10	4.79841427703e-09
8.08345911547e-10	4.51730414186e-09
8.0959528699e-10	4.36751868005e-09
8.10844662433e-10	4.31139157708e-09
8.12094037876e-10	4.24885171491e-09
8.13343413319e-10	4.09212813635e-09
8.14592788761e-10	3.81878606515e-09
8.15842164204e-10	3.49292092472e-09
8.17091539647e-10	3.2066199418e-09
8.1834091509e-10	3.02408448283e-09
8.19590290533e-10	2.94185389937e-09
8.20839665976e-10	2.8925215001e-09
8.22089041419e-10	2.80306314271e-09
8.23338416862e-10	2.63396793265e-09
8.24587792305e-10	2.41077768859e-09
8.25837167747e-10	2.1976143405e-09
8.2708654319e-10	2.04913111479e-09
8.28335918633e-10	1.98191918432e-09
8.29585294076e-10	1.95864072183e-09
8.30834669519e-10	1.92762042439e-09
8.32084044962e-10	1.84999085495e-09
8.33333420405e-10	1.72583847213e-09
8.34582795848e-10	1.59419469292e-09
8.3583217129e-10	1.49317878895e-09
8.37081546733e-10	1.44460039764e-09
8.38330922176e-10	1.43442765999e-09
8.39580297619e-10	1.43466030722e-09
8.40829673062e-10	1.42144555848e-09
8.42079048505e-10	1.38436739849e-09
8.43328423948e-10	1.33399259694e-09
8.44577799391e-10	1.28442270708e-09
8.45827174834e-10	1.24783489097e-09
8.47076550276e-10	1.2240923275e-09
8.48325925719e-10	1.20534590642e-09
8.49575301162e-10	1.18831389173e-09
8.50824676605e-10	1.17182562265e-09
8.52074052048e-10	1.15222575925e-09
8.53323427491e-10	1.12560130661e-09
8.54572802934e-10	1.08304859525e-09
8.55822178377e-10	1.02610557551e-09
8.5707155382e-10	9.63400498266e-10
8.58320929262e-10	9.09095812518e-10
8.59570304705e-10	8.79659581288e-10
8.60819680148e-10	8.67095860391e-10
8.62069055591e-10	8.516895314e-10
8.63318431034e-10	8.02669090916e-10
8.64567806477e-10	7.07696352908e-10
8.6581718192e-10	5.87098238081e-10
8.67066557363e-10	4.71833891402e-10
8.68315932806e-10	3.99745216095e-10
8.69565308248e-10	3.7326412794e-10
8.70814683691e-10	3.63870322762e-10
8.72064059134e-10	3.27469846378e-10
8.73313434577e-10	2.30987829558e-10
8.7456281002e-10	9.0618748616e-11
8.75812185463e-10	-5.11122845437e-11
8.77061560906e-10	-1.42330109504e-10
8.78310936349e-10	-1.63201592865e-10
8.79560311791e-10	-1.43484574916e-10
8.80809687234e-10	-1.36225654888e-10
8.82059062677e-10	-1.93646543245e-10
8.8330843812e-10	-3.12988260309e-10
8.84557813563e-10	-4.46659091657e-10
8.85807189006e-10	-5.3149229462e-10
8.87056564449e-10	-5.28032506608e-10
8.88305939892e-10	-4.59875970638e-10
8.89555315335e-10	-3.8142910358e-10
8.90804690777e-10	-3.56667723134e-10
8.9205406622e-10	-4.03506953545e-10
8.93303441663e-10	-4.82564738169e-10
8.94552817106e-10	-5.28673195499e-10
8.95802192549e-10	-4.87112614134e-10
8.97051567992e-10	-3.64434912803e-10
8.98300943435e-10	-2.14708565163e-10
8.99550318878e-10	-1.04585929327e-10
9.00799694321e-10	-7.18341861689e-11
9.02049069763e-10	-9.05576716045e-11
9.03298445206e-10	-9.69414401183e-11
9.04547820649e-10	-2.9506058187e-11
9.05797196092e-10	1.27584521073e-10
9.07046571535e-10	3.27794898863e-10
9.08295946978e-10	5.04048386363e-10
9.09545322421e-10	6.0648982364e-10
9.10794697864e-10	6.40512962113e-10
9.12044073307e-10	6.61940099955e-10
9.13293448749e-10	7.32312287199e-10
9.14542824192e-10	8.85203514656e-10
9.15792199635e-10	1.09190362307e-09
9.17041575078e-10	1.28924083909e-09
9.18290950521e-10	1.422313059e-09
9.19540325964e-10	1.47703542452e-09
9.20789701407e-10	1.4978246976e-09
9.2203907685e-10	1.54459875445e-09
9.23288452292e-10	1.66009890556e-09
9.24537827735e-10	1.83655354813e-09
9.25787203178e-10	2.01922129017e-09
9.27036578621e-10	2.15260964609e-09
9.28285954064e-10	2.20731025125e-09
9.29535329507e-10	2.212077993e-09
9.3078470495e-10	2.22189860954e-09
9.32034080393e-10	2.28149768522e-09
9.33283455836e-10	2.40106273752e-09
9.34532831278e-10	2.54123982968e-09
9.35782206721e-10	2.65065633331e-09
9.37031582164e-10	2.69347075199e-09
9.38280957607e-10	2.6787759233e-09
9.3953033305e-10	2.65381916442e-09
9.40779708493e-10	2.66456501308e-09
9.42029083936e-10	2.73162553688e-09
9.43278459379e-10	2.83017731473e-09
9.44527834822e-10	2.91549981379e-09
9.45777210264e-10	2.9519171274e-09
9.47026585707e-10	2.93419546993e-09
9.4827596115e-10	2.89572582579e-09
9.49525336593e-10	2.8778176786e-09
9.50774712036e-10	2.90627846788e-09
9.52024087479e-10	2.97264898808e-09
9.53273462922e-10	3.04265174167e-09
9.54522838365e-10	3.08222256051e-09
9.55772213808e-10	3.07968517355e-09
9.5702158925e-10	3.05154321256e-09
9.58270964693e-10	3.03215111352e-09
9.59520340136e-10	3.04812161622e-09
9.60769715579e-10	3.10083009269e-09
9.62019091022e-10	3.16842732606e-09
9.63268466465e-10	3.22075918713e-09
9.64517841908e-10	3.24324520018e-09
9.65767217351e-10	3.24029253429e-09
9.67016592793e-10	3.23502716282e-09
9.68265968236e-10	3.25064514195e-09
9.69515343679e-10	3.29423413548e-09
9.70764719122e-10	3.35755581671e-09
9.72014094565e-10	3.41749850641e-09
9.73263470008e-10	3.45832654181e-09
9.74512845451e-10	3.47774714582e-09
9.75762220894e-10	3.48695092245e-09
9.77011596337e-10	3.5032686474e-09
9.78260971779e-10	3.53526238839e-09
9.79510347222e-10	3.58306032067e-09
9.80759722665e-10	3.63352317678e-09
9.82009098108e-10	3.67198144113e-09
9.83258473551e-10	3.69325559024e-09
9.84507848994e-10	3.6997770958e-09
9.85757224437e-10	3.70274483297e-09
9.8700659988e-10	3.70906166891e-09
9.88255975323e-10	3.72205238852e-09
9.89505350765e-10	3.73826697375e-09
9.90754726208e-10	3.74991265817e-09
9.92004101651e-10	3.7506893702e-09
9.93253477094e-10	3.73799868836e-09
9.94502852537e-10	3.71458203086e-09
9.9575222798e-10	3.68556207775e-09
9.97001603423e-10	3.65475494313e-09
9.98250978866e-10	3.62332033821e-09
9.99500354309e-10	3.59140275852e-09
1.00074972975e-09	3.5551815103e-09
1.00199910519e-09	3.51135903687e-09
1.00324848064e-09	3.4570824814e-09
1.00449785608e-09	3.39273584227e-09
1.00574723152e-09	3.32083793797e-09
1.00699660697e-09	3.2437998676e-09
1.00824598241e-09	3.16827578062e-09
1.00949535785e-09	3.09595035719e-09
1.01074473329e-09	3.02541763864e-09
1.01199410874e-09	2.95190616395e-09
1.01324348418e-09	2.86703552566e-09
1.01449285962e-09	2.77154307837e-09
1.01574223507e-09	2.66712221753e-09
1.01699161051e-09	2.56259027887e-09
1.01824098595e-09	2.46693548922e-09
1.01949036139e-09	2.38168892941e-09
1.02073973684e-09	2.30375415966e-09
1.02198911228e-09	2.22033413877e-09
1.02323848772e-09	2.12451678472e-09
1.02448786317e-09	2.01633337804e-09
1.02573723861e-09	1.90491916685e-09
1.02698661405e-09	1.80482216672e-09
1.02823598949e-09	1.72152364586e-09
1.02948536494e-09	1.65548046105e-09
1.03073474038e-09	1.5918112245e-09
1.03198411582e-09	1.51630627498e-09
1.03323349127e-09	1.42508638223e-09
1.03448286671e-09	1.3239168789e-09
1.03573224215e-09	1.23185840695e-09
1.0369816176e-09	1.15970465175e-09
1.03823099304e-09	1.11008319204e-09
1.03948036848e-09	1.07262762561e-09
1.04072974392e-09	1.02712290062e-09
1.04197911937e-09	9.62847634955e-10
1.04322849481e-09	8.81945162734e-10
1.04447787025e-09	8.01285496288e-10
1.0457272457e-09	7.39803489302e-10
1.04697662114e-09	7.04610932101e-10
1.04822599658e-09	6.87238141395e-10
1.04947537202e-09	6.68385249925e-10
1.05072474747e-09	6.2910137516e-10
1.05197412291e-09	5.66826779957e-10
1.05322349835e-09	4.94175804444e-10
1.0544728738e-09	4.34429440338e-10
1.05572224924e-09	4.01034233599e-10
1.05697162468e-09	3.91154057061e-10
1.05822100012e-09	3.86915353923e-10
1.05947037557e-09	3.65460758878e-10
1.06071975101e-09	3.16888789514e-10
1.06196912645e-09	2.47761578615e-10
1.0632185019e-09	1.81373071076e-10
1.06446787734e-09	1.39279449085e-10
1.06571725278e-09	1.2452491642e-10
1.06696662822e-09	1.24209247054e-10
1.06821600367e-09	1.12808704218e-10
1.06946537911e-09	7.34161932636e-11
1.07071475455e-09	7.75627858381e-12
1.07196413e-09	-6.63514876723e-11
1.07321350544e-09	-1.21639785917e-10
1.07446288088e-09	-1.46998895695e-10
1.07571225632e-09	-1.48361366595e-10
1.07696163177e-09	-1.50503699781e-10
1.07821100721e-09	-1.76649042616e-10
1.07946038265e-09	-2.31782076171e-10
1.0807097581e-09	-3.04696115561e-10
1.08195913354e-09	-3.66753811348e-10
1.08320850898e-09	-3.98450470535e-10
1.08445788442e-09	-3.98411272723e-10
1.08570725987e-09	-3.86433152838e-10
1.08695663531e-09	-3.90564382918e-10
1.08820601075e-09	-4.24110871422e-10
1.0894553862e-09	-4.81521093831e-10
1.09070476164e-09	-5.36688506136e-10
1.09195413708e-09	-5.64755263388e-10
1.09320351252e-09	-5.56319185163e-10
1.09445288797e-09	-5.24482596242e-10
1.09570226341e-09	-4.97941909927e-10
1.09695163885e-09	-4.97741882433e-10
1.0982010143e-09	-5.25568130683e-10
1.09945038974e-09	-5.6114200786e-10
1.10069976518e-09	-5.76160501253e-10
1.10194914063e-09	-5.54265043584e-10
1.10319851607e-09	-5.01183226864e-10
1.10444789151e-09	-4.42252994642e-10
1.10569726695e-09	-4.03617351347e-10
1.1069466424e-09	-3.96057204394e-10
1.10819601784e-09	-4.05540677428e-10
1.10944539328e-09	-4.0427559217e-10
1.11069476873e-09	-3.70010602019e-10
1.11194414417e-09	-3.00722804297e-10
1.11319351961e-09	-2.16780093876e-10
1.11444289505e-09	-1.46094102094e-10
1.1156922705e-09	-1.06076711651e-10
1.11694164594e-09	-9.11875783216e-11
1.11819102138e-09	-7.72879061098e-11
1.11944039683e-09	-3.84598926057e-11
1.12068977227e-09	3.49547482972e-11
1.12193914771e-09	1.29506955507e-10
1.12318852315e-09	2.1824833607e-10
1.1244378986e-09	2.7903359831e-10
1.12568727404e-09	3.1002260481e-10
1.12693664948e-09	3.29052684406e-10
1.12818602493e-09	3.6352272581e-10
1.12943540037e-09	4.27945883591e-10
1.13068477581e-09	5.16362598513e-10
1.13193415125e-09	6.0697136206e-10
1.1331835267e-09	6.74621643271e-10
1.13443290214e-09	7.12492904953e-10
1.13568227758e-09	7.30399123128e-10
1.13693165303e-09	7.53457705949e-10
1.13818102847e-09	7.99847792166e-10
1.13943040391e-09	8.70319573354e-10
1.14067977935e-09	9.49428591301e-10
1.1419291548e-09	1.01330406566e-09
1.14317853024e-09	1.0505822462e-09
1.14442790568e-09	1.06575351322e-09
1.14567728113e-09	1.07743804156e-09
1.14692665657e-09	1.10478642901e-09
1.14817603201e-09	1.15351027341e-09
1.14942540745e-09	1.21486902482e-09
1.1506747829e-09	1.26910408571e-09
1.15192415834e-09	1.30370715612e-09
1.15317353378e-09	1.31804425707e-09
