% time-domain voltage integration by openEMS v0.37.0-rc1-2-g7b051bb @Tue Jul 14 00:09:19 2026
% start-coordinates: (0.00887379,0,0.0167882) m -> [202,43,257]
% stop-coordinates: (0.00915221,0,0.0167882) m -> [208,43,257]
% t/s	voltage
0	0
1.15462569568e-12	0
2.30925139136e-12	0
3.46387708705e-12	0
4.61850278273e-12	0
5.77312847841e-12	0
6.92775417409e-12	0
8.08237986977e-12	0
9.23700556545e-12	0
1.03916312611e-11	0
1.15462569568e-11	0
1.27008826525e-11	0
1.38555083482e-11	0
1.50101340439e-11	0
1.61647597395e-11	0
1.73193854352e-11	0
1.84740111309e-11	0
1.96286368266e-11	0
2.07832625223e-11	0
2.1937888218e-11	0
2.30925139136e-11	0
2.42471396093e-11	0
2.5401765305e-11	0
2.65563910007e-11	0
2.77110166964e-11	0
2.8865642392e-11	0
3.00202680877e-11	0
3.11748937834e-11	0
3.23295194791e-11	0
3.34841451748e-11	0
3.46387708705e-11	0
3.57933965661e-11	0
3.69480222618e-11	0
3.81026479575e-11	0
3.92572736532e-11	0
4.04118993489e-11	0
4.15665250445e-11	0
4.27211507402e-11	0
4.38757764359e-11	0
4.50304021316e-11	0
4.61850278273e-11	0
4.7339653523e-11	0
4.84942792186e-11	0
4.96489049143e-11	0
5.080353061e-11	0
5.19581563057e-11	0
5.31127820014e-11	0
5.4267407697e-11	0
5.54220333927e-11	0
5.65766590884e-11	0
5.77312847841e-11	0
5.88859104798e-11	0
6.00405361755e-11	0
6.11951618711e-11	0
6.23497875668e-11	0
6.35044132625e-11	0
6.46590389582e-11	0
6.58136646539e-11	0
6.69682903495e-11	0
6.81229160452e-11	0
6.92775417409e-11	0
7.04321674366e-11	0
7.15867931323e-11	0
7.2741418828e-11	0
7.38960445236e-11	0
7.50506702193e-11	0
7.6205295915e-11	0
7.73599216107e-11	0
7.85145473064e-11	0
7.9669173002e-11	0
8.08237986977e-11	0
8.19784243934e-11	0
8.31330500891e-11	0
8.42876757848e-11	0
8.54423014805e-11	0
8.65969271761e-11	0
8.77515528718e-11	0
8.89061785675e-11	0
9.00608042632e-11	0
9.12154299589e-11	0
9.23700556545e-11	0
9.35246813502e-11	0
9.46793070459e-11	0
9.58339327416e-11	0
9.69885584373e-11	0
9.8143184133e-11	0
9.92978098286e-11	0
1.00452435524e-10	0
1.0160706122e-10	0
1.02761686916e-10	0
1.03916312611e-10	0
1.05070938307e-10	0
1.06225564003e-10	0
1.07380189698e-10	5.97136536983e-35
1.08534815394e-10	2.21807656559e-33
1.0968944109e-10	4.75120446184e-32
1.10844066785e-10	8.1797188176e-31
1.11998692481e-10	1.07560970882e-29
1.13153318177e-10	8.5371978592e-29
1.14307943872e-10	-3.67068341584e-28
1.15462569568e-10	-2.92555183455e-26
1.16617195264e-10	-6.6067949454e-25
1.1777182096e-10	-1.05169816688e-23
1.18926446655e-10	-1.34181598596e-22
1.20081072351e-10	-1.43655024158e-21
1.21235698047e-10	-1.31991746219e-20
1.22390323742e-10	-1.05469534757e-19
1.23544949438e-10	-7.39426042418e-19
1.24699575134e-10	-4.57746344748e-18
1.25854200829e-10	-2.51438111477e-17
1.27008826525e-10	-1.23012298676e-16
1.28163452221e-10	-5.37526750986e-16
1.29318077916e-10	-2.1017392786e-15
1.30472703612e-10	-7.35772459127e-15
1.31627329308e-10	-2.30348062554e-14
1.32781955003e-10	-6.42305033081e-14
1.33936580699e-10	-1.58032846181e-13
1.35091206395e-10	-3.36051810836e-13
1.3624583209e-10	-5.86985206264e-13
1.37400457786e-10	-7.10197017569e-13
1.38555083482e-10	2.20318317897e-14
1.39709709177e-10	3.49398217607e-12
1.40864334873e-10	1.36985869696e-11
1.42018960569e-10	3.78309718621e-11
1.43173586265e-10	8.69433700382e-11
1.4432821196e-10	1.75024973681e-10
1.45482837656e-10	3.14818705827e-10
1.46637463352e-10	5.08479897077e-10
1.47792089047e-10	7.31829014056e-10
1.48946714743e-10	9.13026904081e-10
1.50101340439e-10	9.10361869222e-10
1.51255966134e-10	4.99145620669e-10
1.5241059183e-10	-6.17164909456e-10
1.53565217526e-10	-2.75472586408e-09
1.54719843221e-10	-6.14475914595e-09
1.55874468917e-10	-1.07818234341e-08
1.57029094613e-10	-1.62561895056e-08
1.58183720308e-10	-2.16305084955e-08
1.59338346004e-10	-2.54389993515e-08
1.604929717e-10	-2.58788526164e-08
1.61647597395e-10	-2.12179287473e-08
1.62802223091e-10	-1.0363907621e-08
1.63956848787e-10	6.55008408623e-09
1.65111474482e-10	2.77726197595e-08
1.66266100178e-10	4.99427081913e-08
1.67420725874e-10	6.86211247825e-08
1.6857535157e-10	7.93016141643e-08
1.69729977265e-10	7.8668631609e-08
1.70884602961e-10	6.57263550252e-08
1.72039228657e-10	4.240024154e-08
1.73193854352e-10	1.33351956144e-08
1.74348480048e-10	-1.51429507822e-08
1.75503105744e-10	-3.6656248259e-08
1.76657731439e-10	-4.65260785454e-08
1.77812357135e-10	-4.31025122261e-08
1.78966982831e-10	-2.82282586195e-08
1.80121608526e-10	-6.65419924717e-09
1.81276234222e-10	1.54372228334e-08
1.82430859918e-10	3.23339568453e-08
1.83585485613e-10	4.04821864919e-08
1.84740111309e-10	3.93651462538e-08
1.85894737005e-10	3.12525805235e-08
1.870493627e-10	1.9933058093e-08
1.88203988396e-10	8.96496799019e-09
1.89358614092e-10	2.03969979795e-10
1.90513239787e-10	-6.74550126867e-09
1.91667865483e-10	-1.39255715847e-08
1.92822491179e-10	-2.3585636999e-08
1.93977116875e-10	-3.66378833938e-08
1.9513174257e-10	-5.17985454529e-08
1.96286368266e-10	-6.58694432332e-08
1.97440993962e-10	-7.50395852123e-08
1.98595619657e-10	-7.65591083862e-08
1.99750245353e-10	-6.99365427792e-08
2.00904871049e-10	-5.70493075003e-08
2.02059496744e-10	-4.11180494098e-08
2.0321412244e-10	-2.50829719217e-08
2.04368748136e-10	-1.02392854195e-08
2.05523373831e-10	4.11333700434e-09
2.06677999527e-10	1.97366838428e-08
2.07832625223e-10	3.76220552489e-08
2.08987250918e-10	5.61799349263e-08
2.10141876614e-10	7.0503175742e-08
2.1129650231e-10	7.33783735996e-08
2.12451128005e-10	5.79589185534e-08
2.13605753701e-10	2.11839845665e-08
2.14760379397e-10	-3.34887282349e-08
2.15915005092e-10	-9.54075281001e-08
2.17069630788e-10	-1.48803261268e-07
2.18224256484e-10	-1.7725317214e-07
2.1937888218e-10	-1.69142124307e-07
2.20533507875e-10	-1.22187724827e-07
2.21688133571e-10	-4.52816228957e-08
2.22842759267e-10	4.32308229215e-08
2.23997384962e-10	1.20482488875e-07
2.25152010658e-10	1.65741845137e-07
2.26306636354e-10	1.66685078185e-07
2.27461262049e-10	1.23261830964e-07
2.28615887745e-10	4.78913997348e-08
2.29770513441e-10	-3.8119370771e-08
2.30925139136e-10	-1.10846413826e-07
2.32079764832e-10	-1.5076764015e-07
2.33234390528e-10	-1.48370403963e-07
2.34389016223e-10	-1.06660372978e-07
2.35543641919e-10	-3.98670434443e-08
2.36698267615e-10	3.11695429467e-08
2.3785289331e-10	8.54287369734e-08
2.39007519006e-10	1.07945485439e-07
2.40162144702e-10	9.40006739114e-08
2.41316770397e-10	5.0126988782e-08
2.42471396093e-10	-8.21740919754e-09
2.43626021789e-10	-6.14849806624e-08
2.44780647485e-10	-9.18903309e-08
2.4593527318e-10	-8.85677415852e-08
2.47089898876e-10	-5.06085711116e-08
2.48244524572e-10	1.2788655912e-08
2.49399150267e-10	8.49841299555e-08
2.50553775963e-10	1.46546273783e-07
2.51708401659e-10	1.80544139639e-07
2.52863027354e-10	1.77010097246e-07
2.5401765305e-10	1.35402354218e-07
2.55172278746e-10	6.45341478034e-08
2.56326904441e-10	-1.98490304193e-08
2.57481530137e-10	-9.90869901685e-08
2.58636155833e-10	-1.56109441818e-07
2.59790781528e-10	-1.79271033574e-07
2.60945407224e-10	-1.64664690772e-07
2.6210003292e-10	-1.16566604369e-07
2.63254658615e-10	-4.61314799693e-08
2.64409284311e-10	3.12234025301e-08
2.65563910007e-10	9.91069093459e-08
2.66718535702e-10	1.43432457023e-07
2.67873161398e-10	1.55130429391e-07
2.69027787094e-10	1.31919922097e-07
2.7018241279e-10	7.88742724467e-08
2.71337038485e-10	7.60912466369e-09
2.72491664181e-10	-6.59155769966e-08
2.73646289877e-10	-1.24729211848e-07
2.74800915572e-10	-1.5475992754e-07
2.75955541268e-10	-1.48464449623e-07
2.77110166964e-10	-1.07170014196e-07
2.78264792659e-10	-4.12750189582e-08
2.79419418355e-10	3.20513371399e-08
2.80574044051e-10	9.33038419859e-08
2.81728669746e-10	1.26097690512e-07
2.82883295442e-10	1.22044284012e-07
2.84037921138e-10	8.34725062404e-08
2.85192546833e-10	2.30125873912e-08
2.86347172529e-10	-3.99888953062e-08
2.87501798225e-10	-8.52405088736e-08
2.8865642392e-10	-9.76976926026e-08
2.89811049616e-10	-7.22142612375e-08
2.90965675312e-10	-1.51749555144e-08
2.92120301007e-10	5.73930645231e-08
2.93274926703e-10	1.24602065554e-07
2.94429552399e-10	1.66852919037e-07
2.95584178095e-10	1.71468485632e-07
2.9673880379e-10	1.36168345932e-07
2.97893429486e-10	6.94679727076e-08
2.99048055182e-10	-1.19579326441e-08
3.00202680877e-10	-8.80087958066e-08
3.01357306573e-10	-1.40555108885e-07
3.02511932269e-10	-1.58032854358e-07
3.03666557964e-10	-1.38086257095e-07
3.0482118366e-10	-8.76880879019e-08
3.05975809356e-10	-2.08784021183e-08
3.07130435051e-10	4.51381763078e-08
3.08285060747e-10	9.44251228319e-08
3.09439686443e-10	1.16101181113e-07
3.10594312138e-10	1.06581379278e-07
3.11748937834e-10	6.98449413861e-08
3.1290356353e-10	1.58303228304e-08
3.14058189225e-10	-4.24564969848e-08
3.15212814921e-10	-9.22410743343e-08
3.16367440617e-10	-1.23833119758e-07
3.17522066312e-10	-1.32441822842e-07
3.18676692008e-10	-1.18669813531e-07
3.19831317704e-10	-8.77422552392e-08
3.209859434e-10	-4.78600368226e-08
3.22140569095e-10	-8.18135953429e-09
3.23295194791e-10	2.31410952622e-08
3.24449820487e-10	4.05442319718e-08
3.25604446182e-10	4.20426573555e-08
3.26759071878e-10	2.95057904776e-08
3.27913697574e-10	8.19120127282e-09
3.29068323269e-10	-1.44492735554e-08
3.30222948965e-10	-3.059311382e-08
3.31377574661e-10	-3.41919683677e-08
3.32532200356e-10	-2.28793313184e-08
3.33686826052e-10	9.91466547751e-10
3.34841451748e-10	3.06727900856e-08
3.35996077443e-10	5.68385241095e-08
3.37150703139e-10	7.04837832544e-08
3.38305328835e-10	6.59966223893e-08
3.3945995453e-10	4.33201705619e-08
3.40614580226e-10	8.37893032735e-09
3.41769205922e-10	-2.85002794698e-08
3.42923831617e-10	-5.57445551941e-08
3.44078457313e-10	-6.42223598746e-08
3.45233083009e-10	-5.02241381817e-08
3.46387708705e-10	-1.67675462404e-08
3.475423344e-10	2.71863218604e-08
3.48696960096e-10	6.93530752827e-08
3.49851585792e-10	9.77355565368e-08
3.51006211487e-10	1.04087988007e-07
3.52160837183e-10	8.61956817033e-08
3.53315462879e-10	4.83633653126e-08
3.54470088574e-10	7.03673230795e-11
3.5562471427e-10	-4.67213920885e-08
3.56779339966e-10	-8.07801612268e-08
3.57933965661e-10	-9.44425782023e-08
3.59088591357e-10	-8.53432213788e-08
3.60243217053e-10	-5.66720119721e-08
3.61397842748e-10	-1.60348987421e-08
3.62552468444e-10	2.66710620256e-08
3.6370709414e-10	6.1748764324e-08
3.64861719835e-10	8.19042398348e-08
3.66016345531e-10	8.36690823292e-08
3.67170971227e-10	6.77955966921e-08
3.68325596922e-10	3.86563590027e-08
3.69480222618e-10	2.93743335211e-09
3.70634848314e-10	-3.19637152302e-08
3.7178947401e-10	-5.94392854936e-08
3.72944099705e-10	-7.47902531018e-08
3.74098725401e-10	-7.5838064717e-08
3.75253351097e-10	-6.3056796229e-08
3.76407976792e-10	-3.93331629489e-08
3.77562602488e-10	-9.42978606311e-09
3.78717228184e-10	2.08116861522e-08
3.79871853879e-10	4.54718955822e-08
3.81026479575e-10	5.96841789324e-08
3.82181105271e-10	6.07181105394e-08
3.83335730966e-10	4.87244826708e-08
3.84490356662e-10	2.68674851256e-08
3.85644982358e-10	6.7509314805e-10
3.86799608053e-10	-2.33492580826e-08
3.87954233749e-10	-3.95024009059e-08
3.89108859445e-10	-4.44791870002e-08
3.9026348514e-10	-3.82600267024e-08
3.91418110836e-10	-2.39596442686e-08
3.92572736532e-10	-6.64747712431e-09
3.93727362227e-10	8.45465852883e-09
3.94881987923e-10	1.77396231038e-08
3.96036613619e-10	2.03065957383e-08
3.97191239315e-10	1.79757888574e-08
3.9834586501e-10	1.42409479764e-08
3.99500490706e-10	1.26150113688e-08
4.00655116402e-10	1.504988556e-08
4.01809742097e-10	2.1070885925e-08
4.02964367793e-10	2.7997220986e-08
4.04118993489e-10	3.2160182073e-08
4.05273619184e-10	3.05935239364e-08
4.0642824488e-10	2.24596141685e-08
4.07582870576e-10	9.57920665012e-09
4.08737496271e-10	-4.1750061186e-09
4.09892121967e-10	-1.43684086851e-08
4.11046747663e-10	-1.77609316143e-08
4.12201373358e-10	-1.36019635555e-08
4.13355999054e-10	-3.91903520747e-09
4.1451062475e-10	7.29521587584e-09
4.15665250445e-10	1.56234527537e-08
4.16819876141e-10	1.78704921971e-08
4.17974501837e-10	1.31790145463e-08
4.19129127532e-10	3.19534457227e-09
4.20283753228e-10	-8.71433902816e-09
4.21438378924e-10	-1.88249025257e-08
4.2259300462e-10	-2.44472513344e-08
4.23747630315e-10	-2.4805811627e-08
4.24902256011e-10	-2.10889983254e-08
4.26056881707e-10	-1.5755525995e-08
4.27211507402e-10	-1.14265620299e-08
4.28366133098e-10	-9.80714198739e-09
4.29520758794e-10	-1.11041397188e-08
4.30675384489e-10	-1.41365025241e-08
4.31830010185e-10	-1.69784177828e-08
4.32984635881e-10	-1.78212102853e-08
4.34139261576e-10	-1.57027171266e-08
4.35293887272e-10	-1.08192710346e-08
4.36448512968e-10	-4.35304164936e-09
4.37603138663e-10	2.04153083327e-09
4.38757764359e-10	6.83669298951e-09
4.39912390055e-10	9.08717956438e-09
4.4106701575e-10	8.62090421272e-09
4.42221641446e-10	5.96039273493e-09
4.43376267142e-10	2.08800254864e-09
4.44530892837e-10	-1.80452380816e-09
4.45685518533e-10	-4.5278020222e-09
4.46840144229e-10	-5.07967268248e-09
4.47994769925e-10	-2.81061088292e-09
4.4914939562e-10	2.42085196334e-09
4.50304021316e-10	1.00939758774e-08
4.51458647012e-10	1.89620235069e-08
4.52613272707e-10	2.72123834577e-08
4.53767898403e-10	3.2861561472e-08
4.54922524099e-10	3.42815331678e-08
4.56077149794e-10	3.07054550674e-08
4.5723177549e-10	2.25233691697e-08
4.58386401186e-10	1.12342770642e-08
4.59541026881e-10	-9.26236351506e-10
4.60695652577e-10	-1.15629764652e-08
4.61850278273e-10	-1.87323683232e-08
4.63004903968e-10	-2.13901782953e-08
4.64159529664e-10	-1.95559011207e-08
4.6531415536e-10	-1.4201370413e-08
4.66468781055e-10	-6.92633689292e-09
4.67623406751e-10	4.78052215869e-10
4.68778032447e-10	6.44965925112e-09
4.69932658142e-10	9.95444571217e-09
4.71087283838e-10	1.06113807741e-08
4.72241909534e-10	8.66250482456e-09
4.7339653523e-10	4.83331663581e-09
4.74551160925e-10	1.26003554812e-10
4.75705786621e-10	-4.41034703202e-09
4.76860412317e-10	-7.90071819079e-09
4.78015038012e-10	-9.85167014633e-09
4.79169663708e-10	-1.03089131676e-08
4.80324289404e-10	-9.88115544942e-09
4.81478915099e-10	-9.57914758626e-09
4.82633540795e-10	-1.04595385686e-08
4.83788166491e-10	-1.31331249209e-08
4.84942792186e-10	-1.73494978384e-08
4.86097417882e-10	-2.18611726499e-08
4.87252043578e-10	-2.46575355689e-08
4.88406669273e-10	-2.35796107084e-08
4.89561294969e-10	-1.71453797826e-08
4.90715920665e-10	-5.27360705105e-09
4.9187054636e-10	1.03664047346e-08
4.93025172056e-10	2.65566335589e-08
4.94179797752e-10	3.92851071673e-08
4.95334423447e-10	4.48567099021e-08
4.96489049143e-10	4.10390637029e-08
4.97643674839e-10	2.78834115797e-08
4.98798300535e-10	7.92883370071e-09
4.9995292623e-10	-1.43322339552e-08
5.01107551926e-10	-3.3601834204e-08
5.02262177622e-10	-4.52121824424e-08
5.03416803317e-10	-4.64215683671e-08
5.04571429013e-10	-3.71541797328e-08
5.05726054709e-10	-1.99645580068e-08
5.06880680404e-10	7.32361227218e-10
5.080353061e-10	1.99215013374e-08
5.09189931796e-10	3.33372796035e-08
5.10344557491e-10	3.84905098905e-08
5.11499183187e-10	3.51183637726e-08
5.12653808883e-10	2.50037168747e-08
5.13808434578e-10	1.12761882054e-08
5.14963060274e-10	-2.53796306193e-09
5.1611768597e-10	-1.34210761393e-08
5.17272311665e-10	-1.95040386064e-08
5.18426937361e-10	-2.02989260956e-08
5.19581563057e-10	-1.65511586658e-08
5.20736188752e-10	-9.8657573222e-09
5.21890814448e-10	-2.23340540506e-09
5.23045440144e-10	4.42174874493e-09
5.2420006584e-10	8.5838431918e-09
5.25354691535e-10	9.3788209421e-09
5.26509317231e-10	6.71861033474e-09
5.27663942927e-10	1.33605225494e-09
5.28818568622e-10	-5.33028349237e-09
5.29973194318e-10	-1.14174580901e-08
5.31127820014e-10	-1.50746448657e-08
5.32282445709e-10	-1.49633829771e-08
5.33437071405e-10	-1.06691924184e-08
5.34591697101e-10	-2.90782345425e-09
5.35746322796e-10	6.57113680136e-09
5.36900948492e-10	1.53920738377e-08
5.38055574188e-10	2.11474318057e-08
5.39210199883e-10	2.20429923203e-08
5.40364825579e-10	1.74227841043e-08
5.41519451275e-10	8.01728161637e-09
5.4267407697e-10	-4.15299672429e-09
5.43828702666e-10	-1.62256006409e-08
5.44983328362e-10	-2.51967653409e-08
5.46137954057e-10	-2.8703299737e-08
5.47292579753e-10	-2.5670121806e-08
5.48447205449e-10	-1.66229237042e-08
5.49601831145e-10	-3.58275861756e-09
5.5075645684e-10	1.04501535203e-08
5.51911082536e-10	2.22856628707e-08
5.53065708232e-10	2.93632322901e-08
5.54220333927e-10	3.03755696152e-08
5.55374959623e-10	2.55109586789e-08
5.56529585319e-10	1.62835067652e-08
5.57684211014e-10	5.04215313946e-09
5.5883883671e-10	-5.69836250408e-09
5.59993462406e-10	-1.38739475464e-08
5.61148088101e-10	-1.82684671834e-08
5.62302713797e-10	-1.86292810067e-08
5.63457339493e-10	-1.55172688032e-08
5.64611965188e-10	-9.99997240569e-09
5.65766590884e-10	-3.31818100774e-09
5.6692121658e-10	3.36410693746e-09
5.68075842275e-10	9.09111808056e-09
5.69230467971e-10	1.31444749529e-08
5.70385093667e-10	1.50130090582e-08
5.71539719362e-10	1.44041502059e-08
5.72694345058e-10	1.13214204678e-08
5.73848970754e-10	6.16012524324e-09
5.7500359645e-10	-2.2537834099e-10
5.76158222145e-10	-6.5820961459e-09
5.77312847841e-10	-1.14924212369e-08
5.78467473537e-10	-1.37363952435e-08
5.79622099232e-10	-1.26826069646e-08
5.80776724928e-10	-8.55971038494e-09
5.81931350624e-10	-2.47329171033e-09
5.83085976319e-10	3.88048287947e-09
5.84240602015e-10	8.7154826689e-09
5.85395227711e-10	1.07054023424e-08
5.86549853406e-10	9.41078648342e-09
5.87704479102e-10	5.41385675179e-09
5.88859104798e-10	1.12082954029e-10
5.90013730493e-10	-4.7481972798e-09
5.91168356189e-10	-7.64321728131e-09
5.92322981885e-10	-7.75436936884e-09
5.9347760758e-10	-5.20669818371e-09
5.94632233276e-10	-9.95107080071e-10
5.95786858972e-10	3.37089989255e-09
5.96941484667e-10	6.37724845154e-09
5.98096110363e-10	7.00003116583e-09
5.99250736059e-10	5.02443792127e-09
6.00405361755e-10	1.09763530209e-09
6.0155998745e-10	-3.49941212119e-09
6.02714613146e-10	-7.27605697914e-09
6.03869238842e-10	-9.0051078816e-09
6.05023864537e-10	-8.10140710072e-09
6.06178490233e-10	-4.79038436696e-09
6.07333115929e-10	-2.21727983196e-11
6.08487741624e-10	4.83290596431e-09
6.0964236732e-10	8.40492453413e-09
6.10796993016e-10	9.72075797634e-09
6.11951618711e-10	8.47004666404e-09
6.13106244407e-10	5.06742059425e-09
6.14260870103e-10	4.9432864746e-10
6.15415495798e-10	-4.00880589835e-09
6.16570121494e-10	-7.30073712596e-09
6.1772474719e-10	-8.64091442843e-09
6.18879372885e-10	-7.85163845052e-09
6.20033998581e-10	-5.307427553e-09
6.21188624277e-10	-1.76522216289e-09
6.22343249972e-10	1.89194619693e-09
6.23497875668e-10	4.90766155492e-09
6.24652501364e-10	6.82433454191e-09
6.2580712706e-10	7.52948980942e-09
6.26961752755e-10	7.18914816566e-09
6.28116378451e-10	6.10676831325e-09
6.29271004147e-10	4.57683252408e-09
6.30425629842e-10	2.80919390527e-09
6.31580255538e-10	9.38498515013e-10
6.32734881234e-10	-9.01456201352e-10
6.33889506929e-10	-2.49160372889e-09
6.35044132625e-10	-3.50391426984e-09
6.36198758321e-10	-3.57647625404e-09
6.37353384016e-10	-2.46932446712e-09
6.38508009712e-10	-2.37164066164e-10
6.39662635408e-10	2.66782043679e-09
6.40817261103e-10	5.44199985075e-09
6.41971886799e-10	7.14591924522e-09
6.43126512495e-10	7.02541336217e-09
6.4428113819e-10	4.82313611272e-09
6.45435763886e-10	9.57336251939e-10
6.46590389582e-10	-3.53545220877e-09
6.47745015277e-10	-7.30391713777e-09
6.48899640973e-10	-9.12943010078e-09
6.50054266669e-10	-8.36613134325e-09
6.51208892365e-10	-5.20429560558e-09
6.5236351806e-10	-6.31379309946e-10
6.53518143756e-10	3.89574977833e-09
6.54672769452e-10	6.94983648408e-09
6.55827395147e-10	7.62225638162e-09
6.56982020843e-10	5.81458020621e-09
6.58136646539e-10	2.22669307992e-09
6.59291272234e-10	-1.94318001967e-09
6.6044589793e-10	-5.44815126347e-09
6.61600523626e-10	-7.41681527305e-09
6.62755149321e-10	-7.60316620774e-09
6.63909775017e-10	-6.36554664535e-09
6.65064400713e-10	-4.4142203226e-09
6.66219026408e-10	-2.45723916215e-09
6.67373652104e-10	-8.910382987e-10
6.685282778e-10	3.2425551133e-10
6.69682903495e-10	1.5549902338e-09
6.70837529191e-10	3.20682824739e-09
6.71992154887e-10	5.40101091628e-09
6.73146780582e-10	7.78599318352e-09
6.74301406278e-10	9.58451429334e-09
6.75456031974e-10	9.88685255887e-09
6.7661065767e-10	8.0759587906e-09
6.77765283365e-10	4.19231299675e-09
6.78919909061e-10	-9.33490576505e-10
6.80074534757e-10	-5.87621384884e-09
6.81229160452e-10	-9.079392016e-09
6.82383786148e-10	-9.41308098135e-09
6.83538411844e-10	-6.62545041052e-09
6.84693037539e-10	-1.49144131767e-09
6.85847663235e-10	4.41281539088e-09
6.87002288931e-10	9.22827469996e-09
6.88156914626e-10	1.14489806524e-08
6.89311540322e-10	1.044044462e-08
6.90466166018e-10	6.64831667496e-09
6.91620791713e-10	1.42181377782e-09
6.92775417409e-10	-3.48759071622e-09
6.93930043105e-10	-6.56152665535e-09
6.950846688e-10	-7.04395819451e-09
6.96239294496e-10	-5.16832077135e-09
6.97393920192e-10	-2.00173283504e-09
6.98548545887e-10	1.01963744392e-09
6.99703171583e-10	2.6659654484e-09
7.00857797279e-10	2.37058156438e-09
7.02012422975e-10	3.99471473261e-10
7.0316704867e-10	-2.32262703515e-09
7.04321674366e-10	-4.6365201678e-09
7.05476300062e-10	-5.63319857427e-09
7.06630925757e-10	-5.00230806777e-09
7.07785551453e-10	-3.10577163987e-09
7.08940177149e-10	-7.63636119616e-10
7.10094802844e-10	1.13720455275e-09
7.1124942854e-10	2.03917124852e-09
7.12404054236e-10	1.93651608638e-09
7.13558679931e-10	1.32802362163e-09
7.14713305627e-10	9.27689008945e-10
7.15867931323e-10	1.27754161416e-09
7.17022557018e-10	2.44303122177e-09
7.18177182714e-10	3.93630789075e-09
7.1933180841e-10	4.91816321002e-09
7.20486434105e-10	4.59228682859e-09
7.21641059801e-10	2.61111721134e-09
7.22795685497e-10	-6.86101689351e-10
7.23950311192e-10	-4.32066299405e-09
7.25104936888e-10	-7.00239366491e-09
7.26259562584e-10	-7.61615859268e-09
7.2741418828e-10	-5.67101454685e-09
7.28568813975e-10	-1.53558538107e-09
7.29723439671e-10	3.63702520878e-09
7.30878065367e-10	8.27804802483e-09
7.32032691062e-10	1.09313272878e-08
7.33187316758e-10	1.07491080481e-08
7.34341942454e-10	7.77470743341e-09
7.35496568149e-10	2.9145993119e-09
7.36651193845e-10	-2.3795692361e-09
7.37805819541e-10	-6.60404797515e-09
7.38960445236e-10	-8.68697469514e-09
7.40115070932e-10	-8.29354651621e-09
7.41269696628e-10	-5.86451737172e-09
7.42424322323e-10	-2.39128361557e-09
7.43578948019e-10	9.62393276183e-10
7.44733573715e-10	3.25314006289e-09
7.4588819941e-10	4.02878125305e-09
7.47042825106e-10	3.39195929677e-09
7.48197450802e-10	1.86857077034e-09
7.49352076497e-10	1.46644280052e-10
7.50506702193e-10	-1.20709948981e-09
7.51661327889e-10	-1.93056765019e-09
7.52815953585e-10	-2.09759548619e-09
7.5397057928e-10	-2.00355831925e-09
7.55125204976e-10	-1.96034291577e-09
7.56279830672e-10	-2.10367065434e-09
7.57434456367e-10	-2.30670191281e-09
7.58589082063e-10	-2.23814020095e-09
7.59743707759e-10	-1.53718963947e-09
7.60898333454e-10	-2.97884338724e-11
7.6205295915e-10	2.11641090764e-09
7.63207584846e-10	4.38184077911e-09
7.64362210541e-10	6.04244815294e-09
7.65516836237e-10	6.42789665939e-09
7.66671461933e-10	5.19982512603e-09
7.67826087628e-10	2.53098036973e-09
7.68980713324e-10	-8.94452872879e-10
7.7013533902e-10	-4.06836553335e-09
7.71289964715e-10	-5.98335286872e-09
7.72444590411e-10	-5.98374227945e-09
7.73599216107e-10	-4.01093142033e-09
7.74753841802e-10	-6.51826294329e-10
7.75908467498e-10	3.03815236857e-09
7.77063093194e-10	5.88596882345e-09
7.7821771889e-10	6.99835567275e-09
7.79372344585e-10	6.06461886266e-09
7.80526970281e-10	3.45683218161e-09
7.81681595977e-10	8.82515137357e-11
7.82836221672e-10	-2.91690657739e-09
7.83990847368e-10	-4.61824128939e-09
7.85145473064e-10	-4.57635357387e-09
7.86300098759e-10	-2.97814578554e-09
7.87454724455e-10	-5.35817334946e-10
7.88609350151e-10	1.7985464229e-09
7.89763975846e-10	3.18794646237e-09
7.90918601542e-10	3.20227233619e-09
7.92073227238e-10	1.94662141961e-09
7.93227852933e-10	-1.89956748248e-11
7.94382478629e-10	-1.92218638229e-09
7.95537104325e-10	-3.08238484736e-09
7.9669173002e-10	-3.15996365186e-09
7.97846355716e-10	-2.25012233845e-09
7.99000981412e-10	-7.96004435977e-10
8.00155607107e-10	6.30997393225e-10
8.01310232803e-10	1.58354337976e-09
8.02464858499e-10	1.90974040748e-09
8.03619484195e-10	1.77830902781e-09
8.0477410989e-10	1.54912900563e-09
8.05928735586e-10	1.55710175309e-09
8.07083361282e-10	1.92120408471e-09
8.08237986977e-10	2.46136536153e-09
8.09392612673e-10	2.76729089643e-09
8.10547238369e-10	2.39916939093e-09
8.11701864064e-10	1.12479595082e-09
8.1285648976e-10	-9.13000661185e-10
8.14011115456e-10	-3.17651996373e-09
8.15165741151e-10	-4.88935264498e-09
8.16320366847e-10	-5.31914812196e-09
8.17474992543e-10	-4.07745237574e-09
8.18629618238e-10	-1.31818556071e-09
8.19784243934e-10	2.25422408517e-09
8.2093886963e-10	5.58807716766e-09
8.22093495325e-10	7.62786822595e-09
8.23248121021e-10	7.67770380605e-09
8.24402746717e-10	5.64964136585e-09
8.25557372412e-10	2.10187997562e-09
8.26711998108e-10	-1.94617338911e-09
8.27866623804e-10	-5.35102767651e-09
8.290212495e-10	-7.21341769649e-09
8.30175875195e-10	-7.14803305435e-09
8.31330500891e-10	-5.36568295351e-09
8.32485126587e-10	-2.55223334134e-09
8.33639752282e-10	3.96688171894e-10
8.34794377978e-10	2.68338248843e-09
8.35949003674e-10	3.84677295573e-09
8.37103629369e-10	3.8546629777e-09
8.38258255065e-10	3.03343483665e-09
8.39412880761e-10	1.87939569463e-09
8.40567506456e-10	8.41222799752e-10
8.41722132152e-10	1.61540492788e-10
8.42876757848e-10	-1.66914029473e-10
8.44031383543e-10	-3.25459704326e-10
8.45186009239e-10	-5.24987699146e-10
8.46340634935e-10	-8.66939672828e-10
8.4749526063e-10	-1.27723630283e-09
8.48649886326e-10	-1.54227114413e-09
8.49804512022e-10	-1.42358641542e-09
8.50959137717e-10	-7.9632585942e-10
8.52113763413e-10	2.57254962124e-10
8.53268389109e-10	1.44699305316e-09
8.54423014805e-10	2.37242508971e-09
8.555776405e-10	2.68168506845e-09
8.56732266196e-10	2.2251025189e-09
8.57886891892e-10	1.13959651438e-09
8.59041517587e-10	-1.80185538365e-10
8.60196143283e-10	-1.22191037843e-09
8.61350768979e-10	-1.54974794109e-09
8.62505394674e-10	-9.8530496262e-10
8.6366002037e-10	2.99536194459e-10
8.64814646066e-10	1.82797164905e-09
8.65969271761e-10	2.97989685705e-09
8.67123897457e-10	3.21786963742e-09
8.68278523153e-10	2.29635083171e-09
8.69433148848e-10	3.66482191816e-10
8.70587774544e-10	-2.05677441745e-09
8.7174240024e-10	-4.25336937893e-09
8.72897025935e-10	-5.53179330121e-09
8.74051651631e-10	-5.45171729982e-09
8.75206277327e-10	-3.96402710656e-09
8.76360903022e-10	-1.42542237735e-09
8.77515528718e-10	1.5131233766e-09
8.78670154414e-10	4.10386968852e-09
8.7982478011e-10	5.71980324215e-09
8.80979405805e-10	6.02155147966e-09
8.82134031501e-10	5.03023173115e-09
8.83288657197e-10	3.08782521774e-09
8.84443282892e-10	7.25813804892e-10
8.85597908588e-10	-1.49918817638e-09
8.86752534284e-10	-3.15235915149e-09
8.87907159979e-10	-4.00753685792e-09
8.89061785675e-10	-4.0523942535e-09
8.90216411371e-10	-3.43410930248e-09
8.91371037066e-10	-2.37523642421e-09
8.92525662762e-10	-1.09732958831e-09
8.93680288458e-10	2.209490646e-10
8.94834914153e-10	1.45062710455e-09
8.95989539849e-10	2.49223017224e-09
8.97144165545e-10	3.24947072028e-09
8.9829879124e-10	3.62178137481e-09
8.99453416936e-10	3.52133699977e-09
9.00608042632e-10	2.9108020716e-09
9.01762668327e-10	1.84787403434e-09
9.02917294023e-10	5.0902446494e-10
9.04071919719e-10	-8.26874242688e-10
9.05226545415e-10	-1.84210324772e-09
9.0638117111e-10	-2.27583607515e-09
9.07535796806e-10	-2.01771832575e-09
9.08690422502e-10	-1.16404007267e-09
9.09845048197e-10	-5.6425489281e-12
9.10999673893e-10	1.05643141457e-09
9.12154299589e-10	1.64266937552e-09
9.13308925284e-10	1.52892326577e-09
9.1446355098e-10	7.32993367392e-10
9.15618176676e-10	-4.78086951972e-10
9.16772802371e-10	-1.66931682366e-09
9.17927428067e-10	-2.38557135157e-09
9.19082053763e-10	-2.30809862889e-09
9.20236679458e-10	-1.37213945761e-09
9.21391305154e-10	1.98604179977e-10
9.2254593085e-10	1.95839611195e-09
9.23700556545e-10	3.38329489424e-09
9.24855182241e-10	4.04062833192e-09
9.26009807937e-10	3.72721709052e-09
9.27164433632e-10	2.52764104092e-09
9.28319059328e-10	7.73564094725e-10
9.29473685024e-10	-1.0720578314e-09
9.3062831072e-10	-2.56276064259e-09
9.31782936415e-10	-3.39497871482e-09
9.32937562111e-10	-3.47000356227e-09
9.34092187807e-10	-2.88430915263e-09
9.35246813502e-10	-1.8637490995e-09
9.36401439198e-10	-6.68748674493e-10
9.37556064894e-10	4.82988385397e-10
9.38710690589e-10	1.45405092133e-09
9.39865316285e-10	2.18412152253e-09
9.41019941981e-10	2.653487291e-09
9.42174567676e-10	2.84316994947e-09
9.43329193372e-10	2.71670433372e-09
9.44483819068e-10	2.2357437568e-09
9.45638444763e-10	1.40318229258e-09
9.46793070459e-10	3.06940257933e-10
9.47947696155e-10	-8.6145395678e-10
9.4910232185e-10	-1.83678400267e-09
9.50256947546e-10	-2.35545874472e-09
9.51411573242e-10	-2.24943405569e-09
9.52566198937e-10	-1.52188689428e-09
9.53720824633e-10	-3.67724895672e-10
9.54875450329e-10	8.74894136305e-10
9.56030076025e-10	1.82716763941e-09
9.5718470172e-10	2.19629261999e-09
9.58339327416e-10	1.87502682825e-09
9.59493953112e-10	9.80520997729e-10
9.60648578807e-10	-1.80562823374e-10
9.61803204503e-10	-1.21385887453e-09
9.62957830199e-10	-1.76833890586e-09
9.64112455894e-10	-1.65362158688e-09
9.6526708159e-10	-9.03637983884e-10
9.66421707286e-10	2.36915678048e-10
9.67576332981e-10	1.3947958899e-09
9.68730958677e-10	2.19321436012e-09
9.69885584373e-10	2.37456501684e-09
9.71040210068e-10	1.87709942034e-09
9.72194835764e-10	8.44257878885e-10
9.7334946146e-10	-4.32072801149e-10
9.74504087155e-10	-1.60903909641e-09
9.75658712851e-10	-2.3966996443e-09
9.76813338547e-10	-2.6306599954e-09
9.77967964242e-10	-2.2980101988e-09
9.79122589938e-10	-1.51780027435e-09
9.80277215634e-10	-4.88311953373e-10
9.8143184133e-10	5.73741082421e-10
9.82586467025e-10	1.482134665e-09
9.83741092721e-10	2.10786427202e-09
9.84895718417e-10	2.38168396116e-09
9.86050344112e-10	2.28377275424e-09
9.87204969808e-10	1.83177653601e-09
9.88359595504e-10	1.07655394321e-09
9.89514221199e-10	1.09975917262e-10
9.90668846895e-10	-9.26145542202e-10
9.91823472591e-10	-1.84154659577e-09
9.92978098286e-10	-2.42329081801e-09
9.94132723982e-10	-2.4852779279e-09
9.95287349678e-10	-1.9293749931e-09
9.96441975373e-10	-7.9896849553e-10
9.97596601069e-10	7.02735314384e-10
9.98751226765e-10	2.24281390682e-09
9.9990585246e-10	3.43427569716e-09
1.00106047816e-09	3.94161897566e-09
1.00221510385e-09	3.58215984653e-09
1.00336972955e-09	2.39231426336e-09
1.00452435524e-09	6.33523872251e-10
1.00567898094e-09	-1.26967802938e-09
1.00683360663e-09	-2.84110182602e-09
1.00798823233e-09	-3.68613203849e-09
1.00914285803e-09	-3.60462210081e-09
1.01029748372e-09	-2.6444125778e-09
1.01145210942e-09	-1.08267141086e-09
1.01260673511e-09	6.61136152769e-10
1.01376136081e-09	2.15018847172e-09
1.0149159865e-09	3.05182598637e-09
1.0160706122e-09	3.21743579001e-09
1.0172252379e-09	2.70077732401e-09
1.01837986359e-09	1.71507559543e-09
1.01953448929e-09	5.508128606e-10
1.02068911498e-09	-5.13754885856e-10
1.02184374068e-09	-1.28103243291e-09
1.02299836637e-09	-1.66483306308e-09
1.02415299207e-09	-1.67938024598e-09
1.02530761777e-09	-1.4047479846e-09
1.02646224346e-09	-9.44875441777e-10
1.02761686916e-09	-3.95588097002e-10
1.02877149485e-09	1.64438429887e-10
1.02992612055e-09	6.65826969948e-10
1.03108074624e-09	1.03885190728e-09
1.03223537194e-09	1.21099495709e-09
1.03338999764e-09	1.12341413949e-09
1.03454462333e-09	7.6217730044e-10
1.03569924903e-09	1.86921813097e-10
1.03685387472e-09	-4.6121743924e-10
1.03800850042e-09	-9.83737563631e-10
1.03916312611e-09	-1.18021518947e-09
1.04031775181e-09	-9.19641404695e-10
1.0414723775e-09	-2.00496369507e-10
1.0426270032e-09	8.25355679634e-10
1.0437816289e-09	1.8790381473e-09
1.04493625459e-09	2.62867413947e-09
1.04609088029e-09	2.79192599595e-09
1.04724550598e-09	2.23199228544e-09
1.04840013168e-09	1.0164670633e-09
1.04955475737e-09	-5.85746728898e-10
1.05070938307e-09	-2.1739054723e-09
1.05186400877e-09	-3.3286428891e-09
1.05301863446e-09	-3.73620090421e-09
1.05417326016e-09	-3.28208099587e-09
1.05532788585e-09	-2.08117839628e-09
1.05648251155e-09	-4.39189538903e-10
1.05763713724e-09	1.24239699084e-09
1.05879176294e-09	2.58189880586e-09
1.05994638864e-09	3.31583513424e-09
1.06110101433e-09	3.35454047873e-09
1.06225564003e-09	2.77928396963e-09
1.06341026572e-09	1.79222774122e-09
1.06456489142e-09	6.44631521773e-10
1.06571951711e-09	-4.35391226544e-10
1.06687414281e-09	-1.28903247798e-09
1.06802876851e-09	-1.83885752458e-09
1.0691833942e-09	-2.07407013786e-09
1.0703380199e-09	-2.02051064768e-09
1.07149264559e-09	-1.71679884198e-09
1.07264727129e-09	-1.20481620514e-09
1.07380189698e-09	-5.38173595965e-10
1.07495652268e-09	2.01878182574e-10
1.07611114838e-09	9.01701976974e-10
1.07726577407e-09	1.42763674493e-09
1.07842039977e-09	1.66097491316e-09
1.07957502546e-09	1.54220199111e-09
1.08072965116e-09	1.10269944564e-09
1.08188427685e-09	4.71785145673e-10
1.08303890255e-09	-1.53938903291e-10
1.08419352825e-09	-5.70721699067e-10
1.08534815394e-09	-6.35113239777e-10
1.08650277964e-09	-3.18749252687e-10
1.08765740533e-09	2.73401464662e-10
1.08881203103e-09	9.30461610538e-10
1.08996665672e-09	1.40061068299e-09
1.09112128242e-09	1.47536743933e-09
1.09227590811e-09	1.06270600653e-09
1.09343053381e-09	2.26422075533e-10
1.09458515951e-09	-8.25592857967e-10
1.0957397852e-09	-1.80116262183e-09
1.0968944109e-09	-2.41163480852e-09
1.09804903659e-09	-2.4600074755e-09
1.09920366229e-09	-1.90119867072e-09
1.10035828798e-09	-8.54955932439e-10
1.10151291368e-09	4.31448838462e-10
1.10266753938e-09	1.65590187395e-09
1.10382216507e-09	2.54366303021e-09
1.10497679077e-09	2.91744509107e-09
1.10613141646e-09	2.7325488261e-09
1.10728604216e-09	2.07261977025e-09
1.10844066785e-09	1.11327290442e-09
1.10959529355e-09	6.74624731078e-11
1.11074991925e-09	-8.68026657497e-10
1.11190454494e-09	-1.5497615552e-09
1.11305917064e-09	-1.90458757099e-09
1.11421379633e-09	-1.92485527517e-09
1.11536842203e-09	-1.65146119002e-09
1.11652304772e-09	-1.15444721838e-09
1.11767767342e-09	-5.1869861184e-10
1.11883229912e-09	1.64360122734e-10
1.11998692481e-09	8.00243600552e-10
1.12114155051e-09	1.2952469236e-09
1.1222961762e-09	1.56859186751e-09
1.1234508019e-09	1.57032860326e-09
1.12460542759e-09	1.29896540746e-09
1.12576005329e-09	8.13801512289e-10
1.12691467899e-09	2.30563970693e-10
1.12806930468e-09	-3.025483232e-10
1.12922393038e-09	-6.44228087543e-10
1.13037855607e-09	-7.02233236838e-10
1.13153318177e-09	-4.65826474616e-10
1.13268780746e-09	-1.63400465034e-11
1.13384243316e-09	4.92237729743e-10
1.13499705886e-09	8.76627472002e-10
1.13615168455e-09	9.8059940723e-10
1.13730631025e-09	7.2850983579e-10
1.13846093594e-09	1.55450010503e-10
1.13961556164e-09	-5.9482421072e-10
1.14077018733e-09	-1.3067221194e-09
1.14192481303e-09	-1.75678731285e-09
1.14307943872e-09	-1.78235458337e-09
1.14423406442e-09	-1.33504265976e-09
1.14538869012e-09	-5.00226797484e-10
1.14654331581e-09	5.25354010295e-10
1.14769794151e-09	1.48864699734e-09
1.1488525672e-09	2.15358517131e-09
1.1500071929e-09	2.36446406898e-09
1.15116181859e-09	2.08462672124e-09
1.15231644429e-09	1.39943516497e-09
1.15347106999e-09	4.84397862099e-10
1.15462569568e-09	-4.4835644919e-10
1.15578032138e-09	-1.20545248783e-09
1.15693494707e-09	-1.65626169724e-09
1.15808957277e-09	-1.753386214e-09
1.15924419846e-09	-1.52739923487e-09
1.16039882416e-09	-1.06268095712e-09
1.16155344986e-09	-4.67467710374e-10
1.16270807555e-09	1.51828358913e-10
1.16386270125e-09	7.06237048009e-10
1.16501732694e-09	1.12639420013e-09
1.16617195264e-09	1.36108724291e-09
1.16732657833e-09	1.37908026665e-09
1.16848120403e-09	1.173567174e-09
1.16963582973e-09	7.7335610138e-10
1.17079045542e-09	2.50125533133e-10
1.17194508112e-09	-2.86983617426e-10
1.17309970681e-09	-7.10545358662e-10
1.17425433251e-09	-9.07444397402e-10
1.1754089582e-09	-8.15987714897e-10
1.1765635839e-09	-4.51019513403e-10
1.1777182096e-09	9.09702382867e-11
1.17887283529e-09	6.52346121566e-10
1.18002746099e-09	1.05784198068e-09
1.18118208668e-09	1.16752151003e-09
1.18233671238e-09	9.23388462915e-10
1.18349133807e-09	3.72002890298e-10
1.18464596377e-09	-3.43564576094e-10
1.18580058947e-09	-1.02262075197e-09
1.18695521516e-09	-1.4662303871e-09
1.18810984086e-09	-1.5367179057e-09
1.18926446655e-09	-1.19821746969e-09
1.19041909225e-09	-5.27849791654e-10
1.19157371794e-09	3.08092461265e-10
1.19272834364e-09	1.10256426211e-09
1.19388296933e-09	1.66513604294e-09
1.19503759503e-09	1.87070375857e-09
1.19619222073e-09	1.68736875861e-09
1.19734684642e-09	1.17652766696e-09
1.19850147212e-09	4.69059416308e-10
1.19965609781e-09	-2.72875159968e-10
1.20081072351e-09	-8.95897057929e-10
1.2019653492e-09	-1.28874889926e-09
1.2031199749e-09	-1.39836242585e-09
1.2042746006e-09	-1.23234809857e-09
1.20542922629e-09	-8.47252240588e-10
1.20658385199e-09	-3.30455735692e-10
1.20773847768e-09	2.19006181246e-10
1.20889310338e-09	7.05518789224e-10
1.21004772907e-09	1.05024179631e-09
1.21120235477e-09	1.20029045036e-09
1.21235698047e-09	1.13630350962e-09
1.21351160616e-09	8.77134170851e-10
1.21466623186e-09	4.80326861618e-10
1.21582085755e-09	3.375400957e-11
1.21697548325e-09	-3.61197870224e-10
1.21813010894e-09	-6.1189547873e-10
1.21928473464e-09	-6.59164452188e-10
1.22043936034e-09	-4.95238038078e-10
1.22159398603e-09	-1.67985955007e-10
1.22274861173e-09	2.28386282108e-10
1.22390323742e-09	5.7711469631e-10
1.22505786312e-09	7.70964701802e-10
1.22621248881e-09	7.42101276263e-10
1.22736711451e-09	4.83284440245e-10
1.22852174021e-09	5.30358213943e-11
1.2296763659e-09	-4.37851015861e-10
1.2308309916e-09	-8.55482622242e-10
1.23198561729e-09	-1.07865388843e-09
1.23314024299e-09	-1.03243590066e-09
1.23429486868e-09	-7.10000010173e-10
1.23544949438e-09	-1.75527196944e-10
1.23660412008e-09	4.5164874965e-10
1.23775874577e-09	1.02634946375e-09
1.23891337147e-09	1.41354553063e-09
1.24006799716e-09	1.5210299964e-09
1.24122262286e-09	1.32103016026e-09
1.24237724855e-09	8.55275059108e-10
1.24353187425e-09	2.24871697652e-10
1.24468649994e-09	-4.34200619903e-10
1.24584112564e-09	-9.8356041367e-10
1.24699575134e-09	-1.31298051598e-09
1.24815037703e-09	-1.36359114278e-09
1.24930500273e-09	-1.13876458263e-09
1.25045962842e-09	-6.97817664763e-10
1.25161425412e-09	-1.39528610887e-10
1.25276887981e-09	4.21250465066e-10
1.25392350551e-09	8.78892736367e-10
1.25507813121e-09	1.15670077683e-09
1.2562327569e-09	1.21851898016e-09
1.2573873826e-09	1.07217168477e-09
1.25854200829e-09	7.64012027255e-10
1.25969663399e-09	3.66944398478e-10
1.26085125968e-09	-3.52927188342e-11
1.26200588538e-09	-3.64064941388e-10
1.26316051108e-09	-5.60755379631e-10
1.26431513677e-09	-5.97272446778e-10
1.26546976247e-09	-4.80103151679e-10
1.26662438816e-09	-2.49366527427e-10
1.26777901386e-09	2.94876809602e-11
1.26893363955e-09	2.80004377323e-10
1.27008826525e-09	4.32286328261e-10
1.27124289095e-09	4.41820816044e-10
1.27239751664e-09	3.03353949599e-10
1.27355214234e-09	5.55857313303e-11
1.27470676803e-09	-2.27022050464e-10
1.27586139373e-09	-4.53659228239e-10
1.27701601942e-09	-5.42743391896e-10
1.27817064512e-09	-4.4797101445e-10
1.27932527082e-09	-1.74139298467e-10
1.28047989651e-09	2.21270210488e-10
1.28163452221e-09	6.41044953231e-10
1.2827891479e-09	9.73439440166e-10
1.2839437736e-09	1.12280079678e-09
1.28509839929e-09	1.0357649044e-09
1.28625302499e-09	7.1678525615e-10
1.28740765069e-09	2.28976143601e-10
1.28856227638e-09	-3.21427540834e-10
1.28971690208e-09	-8.12221220836e-10
1.29087152777e-09	-1.13502884869e-09
1.29202615347e-09	-1.2209647321e-09
1.29318077916e-09	-1.05537067974e-09
1.29433540486e-09	-6.77263460591e-10
1.29549003055e-09	-1.67308621818e-10
1.29664465625e-09	3.72168632717e-10
1.29779928195e-09	8.39491157145e-10
1.29895390764e-09	1.1525015664e-09
1.30010853334e-09	1.26172412795e-09
1.30126315903e-09	1.15650442001e-09
1.30241778473e-09	8.65348320778e-10
1.30357241042e-09	4.48869944686e-10
1.30472703612e-09	-1.19589347106e-11
1.30588166182e-09	-4.29315364509e-10
1.30703628751e-09	-7.26140224339e-10
1.30819091321e-09	-8.50239691152e-10
1.3093455389e-09	-7.84458456526e-10
1.3105001646e-09	-5.51485024314e-10
1.31165479029e-09	-2.09714950267e-10
1.31280941599e-09	1.58600393235e-10
1.31396404169e-09	4.65449977172e-10
1.31511866738e-09	6.38242944606e-10
1.31627329308e-09	6.38887234783e-10
1.31742791877e-09	4.74830119668e-10
1.31858254447e-09	1.98588898798e-10
1.31973717016e-09	-1.06221004215e-10
1.32089179586e-09	-3.47180464932e-10
1.32204642156e-09	-4.50222879811e-10
1.32320104725e-09	-3.80677187689e-10
1.32435567295e-09	-1.53158740898e-10
1.32551029864e-09	1.71734055796e-10
1.32666492434e-09	5.03890096315e-10
1.32781955003e-09	7.49155792956e-10
1.32897417573e-09	8.34132846128e-10
1.33012880143e-09	7.25990836892e-10
1.33128342712e-09	4.41744724133e-10
1.33243805282e-09	4.31236561217e-11
1.33359267851e-09	-3.79353253671e-10
1.33474730421e-09	-7.29496650587e-10
1.3359019299e-09	-9.28548661572e-10
1.3370565556e-09	-9.3348784258e-10
1.3382111813e-09	-7.44302147693e-10
1.33936580699e-09	-4.01209235973e-10
1.34052043269e-09	2.67089805134e-11
1.34167505838e-09	4.57522054964e-10
1.34282968408e-09	8.12896618074e-10
1.34398430977e-09	1.03104040583e-09
1.34513893547e-09	1.07680528383e-09
1.34629356116e-09	9.46061867735e-10
1.34744818686e-09	6.65574963199e-10
1.34860281256e-09	2.87995804288e-10
1.34975743825e-09	-1.16939706182e-10
1.35091206395e-09	-4.74663440497e-10
1.35206668964e-09	-7.19264758864e-10
1.35322131534e-09	-8.06531119668e-10
1.35437594103e-09	-7.23280151049e-10
1.35553056673e-09	-4.91626690746e-10
1.35668519243e-09	-1.65993342335e-10
1.35783981812e-09	1.77566260307e-10
1.35899444382e-09	4.58100744838e-10
1.36014906951e-09	6.10198509776e-10
1.36130369521e-09	6.01563236724e-10
1.3624583209e-09	4.42836701336e-10
1.3636129466e-09	1.86591355214e-10
1.3647675723e-09	-8.67410960767e-11
1.36592219799e-09	-2.92029404131e-10
1.36707682369e-09	-3.64047944568e-10
1.36823144938e-09	-2.77666681314e-10
1.36938607508e-09	-5.56409111493e-11
1.37054070077e-09	2.37066354394e-10
1.37169532647e-09	5.12294630328e-10
1.37284995217e-09	6.84061918221e-10
1.37400457786e-09	6.93686677544e-10
1.37515920356e-09	5.27230231695e-10
1.37631382925e-09	2.18938341415e-10
1.37746845495e-09	-1.58332633463e-10
1.37862308064e-09	-5.13725610662e-10
1.37977770634e-09	-7.63399433945e-10
1.38093233204e-09	-8.51484931175e-10
1.38208695773e-09	-7.61837461172e-10
1.38324158343e-09	-5.17842102532e-10
