% time-domain current integration by openEMS v0.37.0-rc1-2-g7b051bb @Sat Aug  8 14:09:32 2026
% start-coordinates: (0.00301429,0.00301429,0.00600582) m -> [104,104,104]
% stop-coordinates: (0.00368026,0.00368026,0.00600582) m -> [115,115,104]
% t/s	current
8.67553647834e-14	-0
1.30133047175e-12	-0
2.51590557872e-12	-0
3.73048068569e-12	-0
4.94505579266e-12	-0
6.15963089962e-12	-0
7.37420600659e-12	-0
8.58878111356e-12	-0
9.80335622053e-12	-0
1.10179313275e-11	1.35050387832e-33
1.22325064345e-11	3.74459311404e-29
1.34470815414e-11	1.04651705171e-25
1.46616566484e-11	5.97318283022e-23
1.58762317554e-11	1.05220798961e-20
1.70908068623e-11	7.4817607526e-19
1.83053819693e-11	2.57394022819e-17
1.95199570763e-11	4.86549542128e-16
2.07345321832e-11	5.55238270793e-15
2.19491072902e-11	4.10048649766e-14
2.31636823972e-11	2.05590684993e-13
2.43782575041e-11	7.21264248413e-13
2.55928326111e-11	1.78920962247e-12
2.68074077181e-11	3.00605504031e-12
2.8021982825e-11	2.33209632161e-12
2.9236557932e-11	-5.32553601912e-12
3.0451133039e-11	-2.9897272158e-11
3.1665708146e-11	-8.73747740826e-11
3.28802832529e-11	-1.98370542215e-10
3.40948583599e-11	-3.81574521979e-10
3.53094334669e-11	-6.39110542267e-10
3.65240085738e-11	-9.32101618112e-10
3.77385836808e-11	-1.15081855157e-09
3.89531587878e-11	-1.09019704375e-09
4.01677338947e-11	-4.47300529949e-10
4.13823090017e-11	1.13894160769e-09
4.25968841087e-11	3.99677269058e-09
4.38114592156e-11	8.28673396569e-09
4.50260343226e-11	1.38523503779e-08
4.62406094296e-11	2.01090024632e-08
4.74551845365e-11	2.60127137608e-08
4.86697596435e-11	3.01382740986e-08
4.98843347505e-11	3.0871539991e-08
5.10989098574e-11	2.66799009552e-08
5.23134849644e-11	1.64094942079e-08
5.35280600714e-11	-4.09739159268e-10
5.47426351783e-11	-2.32807160216e-08
5.59572102853e-11	-5.04948083346e-08
5.71717853923e-11	-7.90108174442e-08
5.83863604992e-11	-1.04568002257e-07
5.96009356062e-11	-1.22172465922e-07
6.08155107132e-11	-1.27001982264e-07
6.20300858201e-11	-1.1564307556e-07
6.32446609271e-11	-8.7320415787e-08
6.44592360341e-11	-4.47183126084e-08
6.56738111411e-11	6.0096780885e-09
6.6888386248e-11	5.62463107201e-08
6.8102961355e-11	9.67548245967e-08
6.9317536462e-11	1.19913437402e-07
7.05321115689e-11	1.21686710486e-07
7.17466866759e-11	1.02733551444e-07
7.29612617829e-11	6.8267070219e-08
7.41758368898e-11	2.67105342289e-08
7.53904119968e-11	-1.24731904805e-08
7.66049871038e-11	-4.11096579001e-08
7.78195622107e-11	-5.41487068517e-08
7.90341373177e-11	-5.04920834032e-08
8.02487124247e-11	-3.27301492575e-08
8.14632875316e-11	-6.00131411232e-09
8.26778626386e-11	2.35067147969e-08
8.38924377456e-11	4.9935444224e-08
8.51070128525e-11	6.86502801273e-08
8.63215879595e-11	7.66262147067e-08
8.75361630665e-11	7.24858040257e-08
8.87507381734e-11	5.64375923773e-08
8.99653132804e-11	3.02634184379e-08
9.11798883874e-11	-2.67970468038e-09
9.23944634943e-11	-3.76471263053e-08
9.36090386013e-11	-6.90681076776e-08
9.48236137083e-11	-9.15200857321e-08
9.60381888153e-11	-1.00934521186e-07
9.72527639222e-11	-9.56239247785e-08
9.84673390292e-11	-7.67706467286e-08
9.96819141362e-11	-4.81279727182e-08
1.00896489243e-10	-1.50554537726e-08
1.0211106435e-10	1.6794226454e-08
1.03325639457e-10	4.2675665668e-08
1.04540214564e-10	5.95019038485e-08
1.05754789671e-10	6.60386163531e-08
1.06969364778e-10	6.26739904419e-08
1.08183939885e-10	5.10125879316e-08
1.09398514992e-10	3.35275807117e-08
1.10613090099e-10	1.32974227185e-08
1.11827665206e-10	-6.26847329599e-09
1.13042240313e-10	-2.18664482077e-08
1.1425681542e-10	-3.09339931448e-08
1.15471390527e-10	-3.23290265669e-08
1.16685965634e-10	-2.67563287082e-08
1.17900540741e-10	-1.66592499795e-08
1.19115115848e-10	-5.48954570689e-09
1.20329690955e-10	3.40144934441e-09
1.21544266062e-10	7.8576398721e-09
1.22758841169e-10	7.52854489861e-09
1.23973416276e-10	3.75384567874e-09
1.25187991382e-10	-1.16351506207e-09
1.26402566489e-10	-4.96034280317e-09
1.27617141596e-10	-6.23338447525e-09
1.28831716703e-10	-4.77299799684e-09
1.3004629181e-10	-1.34647526462e-09
1.31260866917e-10	2.8364848248e-09
1.32475442024e-10	6.6884831007e-09
1.33690017131e-10	9.56257117934e-09
1.34904592238e-10	1.1279083445e-08
1.36119167345e-10	1.19329559567e-08
1.37333742452e-10	1.16874581124e-08
1.38548317559e-10	1.06529274291e-08
1.39762892666e-10	8.90191742542e-09
1.40977467773e-10	6.51522569228e-09
1.4219204288e-10	3.59087271029e-09
1.43406617987e-10	1.92344543071e-10
1.44621193094e-10	-3.72175579244e-09
1.45835768201e-10	-8.27496471345e-09
1.47050343308e-10	-1.35403457335e-08
1.48264918415e-10	-1.93545375282e-08
1.49479493522e-10	-2.51912322113e-08
1.50694068629e-10	-3.01956006865e-08
1.51908643736e-10	-3.33884031534e-08
1.53123218843e-10	-3.39393508852e-08
1.5433779395e-10	-3.14026600279e-08
1.55552369057e-10	-2.58147903054e-08
1.56766944164e-10	-1.76926953088e-08
1.57981519271e-10	-7.94760968148e-09
1.59196094378e-10	2.20560836262e-09
1.60410669485e-10	1.13672671276e-08
1.61625244592e-10	1.81517023634e-08
1.62839819698e-10	2.14757633898e-08
1.64054394805e-10	2.08796944179e-08
1.65268969912e-10	1.67454405897e-08
1.66483545019e-10	1.02708579419e-08
1.67698120126e-10	3.15791592875e-09
1.68912695233e-10	-2.88435830775e-09
1.7012727034e-10	-6.6300445134e-09
1.71341845447e-10	-7.6222388401e-09
1.72556420554e-10	-6.17357853727e-09
1.73770995661e-10	-3.11679393405e-09
1.74985570768e-10	5.36926725303e-10
1.76200145875e-10	3.88667142914e-09
1.77414720982e-10	6.30897423193e-09
1.78629296089e-10	7.47159845105e-09
1.79843871196e-10	7.29776505892e-09
1.81058446303e-10	5.92184834503e-09
1.8227302141e-10	3.66592955992e-09
1.83487596517e-10	1.03403841045e-09
1.84702171624e-10	-1.33142674663e-09
1.85916746731e-10	-2.76289391365e-09
1.87131321838e-10	-2.73465672329e-09
1.88345896945e-10	-1.03688768682e-09
1.89560472052e-10	2.11991779686e-09
1.90775047159e-10	6.12752959483e-09
1.91989622266e-10	1.01251274032e-08
1.93204197373e-10	1.32208821668e-08
1.9441877248e-10	1.46985241756e-08
1.95633347587e-10	1.41681946175e-08
1.96847922694e-10	1.16248299875e-08
1.98062497801e-10	7.45572670269e-09
1.99277072908e-10	2.41170661219e-09
2.00491648014e-10	-2.47483322724e-09
2.01706223121e-10	-6.05133188003e-09
2.02920798228e-10	-7.32176719254e-09
2.04135373335e-10	-5.79140024826e-09
2.05349948442e-10	-1.74087722016e-09
2.06564523549e-10	3.71541197808e-09
2.07779098656e-10	8.8951024324e-09
2.08993673763e-10	1.20754872768e-08
2.1020824887e-10	1.21114123175e-08
2.11422823977e-10	8.85989237531e-09
2.12637399084e-10	3.24582738465e-09
2.13851974191e-10	-3.06776981596e-09
2.15066549298e-10	-8.26688673072e-09
2.16281124405e-10	-1.09676392412e-08
2.17495699512e-10	-1.05907558279e-08
2.18710274619e-10	-7.42399519638e-09
2.19924849726e-10	-2.41314790372e-09
2.21139424833e-10	3.18834758595e-09
2.2235399994e-10	8.17048029234e-09
2.23568575047e-10	1.16214726731e-08
2.24783150154e-10	1.30715234192e-08
2.25997725261e-10	1.25169306031e-08
2.27212300368e-10	1.03609831825e-08
2.28426875475e-10	7.28392812732e-09
2.29641450582e-10	4.06464550906e-09
2.30856025689e-10	1.38469580246e-09
2.32070600796e-10	-3.36291355874e-10
2.33285175903e-10	-1.02552555337e-09
2.3449975101e-10	-9.51921097503e-10
2.35714326117e-10	-6.0534827151e-10
2.36928901224e-10	-5.16543807727e-10
2.38143476331e-10	-1.05956976526e-09
2.39358051437e-10	-2.29513896777e-09
2.40572626544e-10	-3.92158439055e-09
2.41787201651e-10	-5.35492628018e-09
2.43001776758e-10	-5.92500315477e-09
2.44216351865e-10	-5.12589615198e-09
2.45430926972e-10	-2.82959633502e-09
2.46645502079e-10	6.28252894153e-10
2.47860077186e-10	4.52470239054e-09
2.49074652293e-10	7.96436960826e-09
2.502892274e-10	1.01471435698e-08
2.51503802507e-10	1.05888187107e-08
2.52718377614e-10	9.2265022289e-09
2.53932952721e-10	6.3922027671e-09
2.55147527828e-10	2.69205857606e-09
2.56362102935e-10	-1.1522155452e-09
2.57576678042e-10	-4.45209336064e-09
2.58791253149e-10	-6.67205490856e-09
2.60005828256e-10	-7.51336948213e-09
2.61220403363e-10	-6.95920210347e-09
2.6243497847e-10	-5.27246823978e-09
2.63649553577e-10	-2.9405231583e-09
2.64864128684e-10	-5.56240220551e-10
2.66078703791e-10	1.32958355437e-09
2.67293278898e-10	2.34997377113e-09
2.68507854005e-10	2.41373432353e-09
2.69722429112e-10	1.71510705638e-09
2.70937004219e-10	6.59623355936e-10
2.72151579326e-10	-2.63998489736e-10
2.73366154433e-10	-6.35564489926e-10
2.7458072954e-10	-2.28831731341e-10
2.75795304647e-10	9.20898468593e-10
2.77009879753e-10	2.52409981805e-09
2.7822445486e-10	4.12051637255e-09
2.79439029967e-10	5.21609999637e-09
2.80653605074e-10	5.43653078111e-09
2.81868180181e-10	4.63922500415e-09
2.83082755288e-10	2.9595810247e-09
2.84297330395e-10	7.65691121618e-10
2.85511905502e-10	-1.46278422708e-09
2.86726480609e-10	-3.27840377068e-09
2.87941055716e-10	-4.38794067747e-09
2.89155630823e-10	-4.70930050511e-09
2.9037020593e-10	-4.35190106174e-09
2.91584781037e-10	-3.53660700725e-09
2.92799356144e-10	-2.5057211861e-09
2.94013931251e-10	-1.45497658366e-09
2.95228506358e-10	-5.12186959511e-10
2.96443081465e-10	2.43836228986e-10
2.97657656572e-10	7.54193707486e-10
2.98872231679e-10	9.73120029002e-10
3.00086806786e-10	8.93146057113e-10
3.01301381893e-10	5.88052440076e-10
3.02515957e-10	2.39179148709e-10
3.03730532107e-10	1.08549821909e-10
3.04945107214e-10	4.51222614828e-10
3.06159682321e-10	1.40118971981e-09
3.07374257428e-10	2.87372170504e-09
3.08588832535e-10	4.54820270335e-09
3.09803407642e-10	5.94057825154e-09
3.11017982749e-10	6.55203402644e-09
3.12232557856e-10	6.0365454857e-09
3.13447132963e-10	4.32583835419e-09
3.14661708069e-10	1.66980007599e-09
3.15876283176e-10	-1.41981060242e-09
3.17090858283e-10	-4.30214441849e-09
3.1830543339e-10	-6.37507424628e-09
3.19520008497e-10	-7.23663040603e-09
3.20734583604e-10	-6.78484024519e-09
3.21949158711e-10	-5.24124121881e-09
3.23163733818e-10	-3.07550629408e-09
3.24378308925e-10	-8.57471260662e-10
3.25592884032e-10	9.14860798229e-10
3.26807459139e-10	1.95917859713e-09
3.28022034246e-10	2.26908936085e-09
3.29236609353e-10	2.08026995629e-09
3.3045118446e-10	1.75551140291e-09
3.31665759567e-10	1.64527480528e-09
3.32880334674e-10	1.96432203836e-09
3.34094909781e-10	2.72938449619e-09
3.35309484888e-10	3.75996478397e-09
3.36524059995e-10	4.73878492002e-09
3.37738635102e-10	5.30645793972e-09
3.38953210209e-10	5.17129672417e-09
3.40167785316e-10	4.20374712817e-09
3.41382360423e-10	2.48906162348e-09
3.4259693553e-10	3.17414594608e-10
3.43811510637e-10	-1.89285054297e-09
3.45026085744e-10	-3.72189390418e-09
3.46240660851e-10	-4.8720849577e-09
3.47455235958e-10	-5.24763166254e-09
3.48669811065e-10	-4.95652541233e-09
3.49884386172e-10	-4.23764801027e-09
3.51098961279e-10	-3.34921712586e-09
3.52313536385e-10	-2.46952835958e-09
3.53528111492e-10	-1.64744295983e-09
3.54742686599e-10	-8.18465184516e-10
3.55957261706e-10	1.30806018794e-10
3.57171836813e-10	1.27609178779e-09
3.5838641192e-10	2.59190557905e-09
3.59600987027e-10	3.92980314956e-09
3.60815562134e-10	5.05180519639e-09
3.62030137241e-10	5.70703173608e-09
3.63244712348e-10	5.7227653727e-09
3.64459287455e-10	5.07313302478e-09
3.65673862562e-10	3.89614696061e-09
3.66888437669e-10	2.44820608231e-09
3.68103012776e-10	1.01311170564e-09
3.69317587883e-10	-1.96191549118e-10
3.7053216299e-10	-1.09795117442e-09
3.71746738097e-10	-1.7435476396e-09
3.72961313204e-10	-2.26085683508e-09
3.74175888311e-10	-2.76939737809e-09
3.75390463418e-10	-3.3099207819e-09
3.76605038525e-10	-3.81469256183e-09
3.77819613632e-10	-4.12880307721e-09
3.79034188739e-10	-4.06920053209e-09
3.80248763846e-10	-3.49687856449e-09
3.81463338953e-10	-2.37608555054e-09
3.8267791406e-10	-8.02532207356e-10
3.83892489167e-10	1.00832397987e-09
3.85107064274e-10	2.76760658835e-09
3.86321639381e-10	4.18527834611e-09
3.87536214488e-10	5.04347941188e-09
3.88750789595e-10	5.24778709377e-09
3.89965364701e-10	4.84360329622e-09
3.91179939808e-10	3.98828881032e-09
3.92394514915e-10	2.89595081249e-09
3.93609090022e-10	1.77334991136e-09
3.94823665129e-10	7.68771490911e-10
3.96038240236e-10	-5.00966212957e-11
3.97252815343e-10	-6.9148708981e-10
3.9846739045e-10	-1.21135201869e-09
3.99681965557e-10	-1.675440231e-09
4.00896540664e-10	-2.12395234733e-09
4.02111115771e-10	-2.54813281586e-09
4.03325690878e-10	-2.88514945268e-09
4.04540265985e-10	-3.03700864457e-09
4.05754841092e-10	-2.90296187089e-09
4.06969416199e-10	-2.42120701266e-09
4.08183991306e-10	-1.59830715329e-09
4.09398566413e-10	-5.20409215721e-10
4.1061314152e-10	6.64613974966e-10
4.11827716627e-10	1.78285830543e-09
4.13042291734e-10	2.67518518449e-09
4.14256866841e-10	3.23452087336e-09
4.15471441948e-10	3.42238659634e-09
4.16686017055e-10	3.266308779e-09
4.17900592162e-10	2.84372170256e-09
4.19115167269e-10	2.25405250021e-09
4.20329742376e-10	1.59155622015e-09
4.21544317483e-10	9.25087173531e-10
4.2275889259e-10	2.92246726818e-10
4.23973467697e-10	-2.93633894977e-10
4.25188042804e-10	-8.24536494637e-10
4.26402617911e-10	-1.28050636761e-09
4.27617193018e-10	-1.62273483539e-09
4.28831768124e-10	-1.80441062092e-09
4.30046343231e-10	-1.79245340792e-09
4.31260918338e-10	-1.59075730366e-09
4.32475493445e-10	-1.24795329626e-09
4.33690068552e-10	-8.43013214791e-10
4.34904643659e-10	-4.57660714881e-10
4.36119218766e-10	-1.44997902574e-10
4.37333793873e-10	8.73178335192e-11
4.3854836898e-10	2.71417555098e-10
4.39762944087e-10	4.57491822203e-10
4.40977519194e-10	6.84738654666e-10
4.42192094301e-10	9.60604484845e-10
4.43406669408e-10	1.25403154527e-09
4.44621244515e-10	1.5036788481e-09
4.45835819622e-10	1.63940383491e-09
4.47050394729e-10	1.60404012295e-09
4.48264969836e-10	1.37434030822e-09
4.49479544943e-10	9.71209668243e-10
4.5069412005e-10	4.5759848688e-10
4.51908695157e-10	-7.62566607082e-11
4.53123270264e-10	-5.37203781459e-10
4.54337845371e-10	-8.52661663497e-10
4.55552420478e-10	-9.87201875802e-10
4.56766995585e-10	-9.47321443512e-10
4.57981570692e-10	-7.73808350729e-10
4.59196145799e-10	-5.26500010256e-10
4.60410720906e-10	-2.70449745932e-10
4.61625296013e-10	-6.100552008e-11
4.6283987112e-10	6.51967924092e-11
4.64054446227e-10	9.81612291451e-11
4.65269021334e-10	5.57289943359e-11
4.6648359644e-10	-1.94237091689e-11
4.67698171547e-10	-7.44044825751e-11
4.68912746654e-10	-6.37315478169e-11
4.70127321761e-10	3.37858005461e-11
4.71341896868e-10	2.05081590599e-10
4.72556471975e-10	4.0792766387e-10
4.73771047082e-10	5.86410087156e-10
4.74985622189e-10	6.90973722683e-10
4.76200197296e-10	6.94537316548e-10
4.77414772403e-10	6.00915872617e-10
4.7862934751e-10	4.41040926003e-10
4.79843922617e-10	2.61464738749e-10
4.81058497724e-10	1.10193514036e-10
4.82273072831e-10	2.18319928108e-11
4.83487647938e-10	8.40340297348e-12
4.84702223045e-10	5.6128629522e-11
4.85916798152e-10	1.3212569927e-10
4.87131373259e-10	1.95954835691e-10
4.88345948366e-10	2.13143752648e-10
4.89560523473e-10	1.66488656195e-10
4.9077509858e-10	5.73981001617e-11
4.91989673687e-10	-9.66283719706e-11
4.93204248794e-10	-2.71167033272e-10
4.94418823901e-10	-4.39749930914e-10
4.95633399008e-10	-5.77886405395e-10
4.96847974115e-10	-6.61899701715e-10
4.98062549222e-10	-6.70970612404e-10
4.99277124329e-10	-5.88798620971e-10
5.00491699436e-10	-4.11278761048e-10
5.01706274543e-10	-1.48882225992e-10
5.0292084965e-10	1.70359601426e-10
5.04135424756e-10	5.06465591688e-10
5.05349999863e-10	8.14556089246e-10
5.0656457497e-10	1.05265751671e-09
5.07779150077e-10	1.18743737065e-09
5.08993725184e-10	1.19954313149e-09
5.10208300291e-10	1.08562314693e-09
5.11422875398e-10	8.61638649319e-10
5.12637450505e-10	5.60312574116e-10
5.13852025612e-10	2.28008098513e-10
5.15066600719e-10	-8.66520605269e-11
5.16281175826e-10	-3.43642198031e-10
5.17495750933e-10	-5.2061799316e-10
5.1871032604e-10	-6.16842910084e-10
5.19924901147e-10	-6.49308384837e-10
5.21139476254e-10	-6.44539532857e-10
5.22354051361e-10	-6.2728067185e-10
5.23568626468e-10	-6.12495887342e-10
5.24783201575e-10	-5.98749494429e-10
5.25997776682e-10	-5.68911362464e-10
5.27212351789e-10	-4.94107033067e-10
5.28426926896e-10	-3.44353184856e-10
5.29641502003e-10	-1.01007320563e-10
5.3085607711e-10	2.31273333817e-10
5.32070652217e-10	6.18288642507e-10
5.33285227324e-10	1.00046260165e-09
5.34499802431e-10	1.30539012932e-09
5.35714377538e-10	1.46743339702e-09
5.36928952645e-10	1.447078124e-09
5.38143527752e-10	1.24125576484e-09
5.39358102859e-10	8.8676654908e-10
5.40572677966e-10	4.47685249982e-10
5.41787253072e-10	1.91491961177e-12
5.43001828179e-10	-3.80674408662e-10
5.44216403286e-10	-6.51868836687e-10
5.45430978393e-10	-7.94845744778e-10
5.466455535e-10	-8.23131118821e-10
5.47860128607e-10	-7.72648667269e-10
5.49074703714e-10	-6.86109669079e-10
5.50289278821e-10	-5.98770422133e-10
5.51503853928e-10	-5.27291543762e-10
5.52718429035e-10	-4.67669181159e-10
5.53933004142e-10	-4.00125266253e-10
5.55147579249e-10	-3.0071839463e-10
5.56362154356e-10	-1.52095086525e-10
5.57576729463e-10	4.94374055582e-11
5.5879130457e-10	2.91614926651e-10
5.60005879677e-10	5.49337908495e-10
5.61220454784e-10	7.90922938254e-10
5.62435029891e-10	9.83123249476e-10
5.63649604998e-10	1.09774977997e-09
5.64864180105e-10	1.11524878221e-09
5.66078755212e-10	1.02726360751e-09
5.67293330319e-10	8.38779434797e-10
5.68507905426e-10	5.67011992914e-10
5.69722480533e-10	2.4153157252e-10
5.7093705564e-10	-1.00236305367e-10
5.72151630747e-10	-4.15700945888e-10
5.73366205854e-10	-6.64680865903e-10
5.74580780961e-10	-8.16988476871e-10
5.75795356068e-10	-8.59420701271e-10
5.77009931175e-10	-8.00716271065e-10
5.78224506282e-10	-6.68796296122e-10
5.79439081388e-10	-5.02601071872e-10
5.80653656495e-10	-3.3965349977e-10
5.81868231602e-10	-2.03761341133e-10
5.83082806709e-10	-9.94543961075e-11
5.84297381816e-10	-1.34054625039e-11
5.85511956923e-10	7.66868513136e-11
5.8672653203e-10	1.9171257637e-10
5.87941107137e-10	3.402945703e-10
5.89155682244e-10	5.1551013458e-10
5.90370257351e-10	6.94415525082e-10
5.91584832458e-10	8.44244452125e-10
5.92799407565e-10	9.30015675582e-10
5.94013982672e-10	9.23804754915e-10
5.95228557779e-10	8.12513278881e-10
5.96443132886e-10	6.01392213806e-10
5.97657707993e-10	3.15286963204e-10
5.988722831e-10	-7.82024445201e-12
6.00086858207e-10	-3.24165416732e-10
6.01301433314e-10	-5.92630111651e-10
6.02516008421e-10	-7.81998910071e-10
6.03730583528e-10	-8.74212036095e-10
6.04945158635e-10	-8.64734561734e-10
6.06159733742e-10	-7.62722551784e-10
6.07374308849e-10	-5.88410598024e-10
6.08588883956e-10	-3.70328184784e-10
6.09803459063e-10	-1.40134140403e-10
6.1101803417e-10	7.32500587963e-11
6.12232609277e-10	2.5013310867e-10
6.13447184384e-10	3.82749609784e-10
6.14661759491e-10	4.74133399209e-10
6.15876334598e-10	5.33353528009e-10
6.17090909705e-10	5.69895464153e-10
6.18305484811e-10	5.88295911985e-10
6.19520059918e-10	5.88215309794e-10
6.20734635025e-10	5.65095414906e-10
6.21949210132e-10	5.1334608786e-10
6.23163785239e-10	4.28646479422e-10
6.24378360346e-10	3.08773256963e-10
6.25592935453e-10	1.54833437738e-10
6.2680751056e-10	-2.80063819358e-11
6.28022085667e-10	-2.28672886182e-10
6.29236660774e-10	-4.29734026142e-10
6.30451235881e-10	-6.07647709927e-10
6.31665810988e-10	-7.35718708178e-10
6.32880386095e-10	-7.8902484546e-10
6.34094961202e-10	-7.49659945232e-10
6.35309536309e-10	-6.12101647146e-10
6.36524111416e-10	-3.8745870401e-10
6.37738686523e-10	-1.03316841193e-10
6.3895326163e-10	1.9839717369e-10
6.40167836737e-10	4.69263738978e-10
6.41382411844e-10	6.6487360062e-10
6.42596986951e-10	7.56246010258e-10
6.43811562058e-10	7.37010674712e-10
6.45026137165e-10	6.26420637584e-10
6.46240712272e-10	4.61710253363e-10
6.47455287379e-10	2.87757262463e-10
6.48669862486e-10	1.42621109367e-10
6.49884437593e-10	4.80691979277e-11
6.510990127e-10	4.40054503253e-12
6.52313587807e-10	-6.289184451e-12
6.53528162914e-10	-1.22337218481e-11
6.54742738021e-10	-4.18161304194e-11
6.55957313127e-10	-1.1386343951e-10
6.57171888234e-10	-2.29732691204e-10
6.58386463341e-10	-3.72820774253e-10
6.59601038448e-10	-5.10428255218e-10
6.60815613555e-10	-6.02387972837e-10
6.62030188662e-10	-6.12559336588e-10
6.63244763769e-10	-5.19130571863e-10
6.64459338876e-10	-3.23133825253e-10
6.65673913983e-10	-5.02961040871e-11
6.6688848909e-10	2.53416287954e-10
6.68103064197e-10	5.31507171608e-10
6.69317639304e-10	7.30459137621e-10
6.70532214411e-10	8.12399258976e-10
6.71746789518e-10	7.65020269355e-10
6.72961364625e-10	6.05352101779e-10
6.74175939732e-10	3.74687086913e-10
6.75390514839e-10	1.28898794416e-10
6.76605089946e-10	-7.8577658269e-11
6.77819665053e-10	-2.1052713739e-10
6.7903424016e-10	-2.56079574212e-10
6.80248815267e-10	-2.31262328731e-10
6.81463390374e-10	-1.71712380426e-10
6.82677965481e-10	-1.18157164608e-10
6.83892540588e-10	-1.03105447791e-10
6.85107115695e-10	-1.38984490583e-10
6.86321690802e-10	-2.15702428141e-10
6.87536265909e-10	-3.04032882203e-10
6.88750841016e-10	-3.66263019913e-10
6.89965416123e-10	-3.68125113726e-10
6.9117999123e-10	-2.907452612e-10
6.92394566337e-10	-1.36335498446e-10
6.93609141443e-10	7.12295847305e-11
6.9482371655e-10	2.93262664153e-10
6.96038291657e-10	4.85616713508e-10
6.97252866764e-10	6.1100291493e-10
6.98467441871e-10	6.46229791901e-10
6.99682016978e-10	5.87125459361e-10
7.00896592085e-10	4.47729409103e-10
7.02111167192e-10	2.55842069752e-10
7.03325742299e-10	4.67649773073e-11
7.04540317406e-10	-1.43640238592e-10
7.05754892513e-10	-2.85868440031e-10
7.0696946762e-10	-3.62156499234e-10
7.08184042727e-10	-3.69609370887e-10
7.09398617834e-10	-3.2036423514e-10
7.10613192941e-10	-2.37767999733e-10
7.11827768048e-10	-1.49445747444e-10
7.13042343155e-10	-7.90695633968e-11
7.14256918262e-10	-4.02986775894e-11
7.15471493369e-10	-3.27198754202e-11
7.16686068476e-10	-4.36425479089e-11
7.17900643583e-10	-5.31582902696e-11
7.1911521869e-10	-4.09755666897e-11
7.20329793797e-10	6.59617065829e-12
7.21544368904e-10	9.10571479329e-11
7.22758944011e-10	2.01074865092e-10
7.23973519118e-10	3.13618964132e-10
7.25188094225e-10	4.0084791042e-10
7.26402669332e-10	4.36993968789e-10
7.27617244439e-10	4.06928685193e-10
7.28831819546e-10	3.10589859387e-10
7.30046394653e-10	1.63934768538e-10
7.31260969759e-10	-5.14425828324e-12
7.32475544866e-10	-1.64210409159e-10
7.33690119973e-10	-2.84493789637e-10
7.3490469508e-10	-3.47166712045e-10
7.36119270187e-10	-3.4756258982e-10
7.37333845294e-10	-2.94571145254e-10
7.38548420401e-10	-2.07638975458e-10
7.39762995508e-10	-1.11495299104e-10
7.40977570615e-10	-2.9222450848e-11
7.42192145722e-10	2.36814144683e-11
7.43406720829e-10	4.3296366492e-11
7.44621295936e-10	3.80119685728e-11
7.45835871043e-10	2.46383261016e-11
7.4705044615e-10	2.21256311883e-11
7.48265021257e-10	4.41893119318e-11
7.49479596364e-10	9.38032013176e-11
7.50694171471e-10	1.61973545687e-10
7.51908746578e-10	2.30452254502e-10
7.53123321685e-10	2.78316147906e-10
7.54337896792e-10	2.88465196174e-10
7.55552471899e-10	2.5364152445e-10
7.56767047006e-10	1.78747058821e-10
7.57981622113e-10	7.91614551687e-11
7.5919619722e-10	-2.38023455112e-11
7.60410772327e-10	-1.08979769653e-10
7.61625347434e-10	-1.62194951914e-10
7.62839922541e-10	-1.79414025303e-10
7.64054497648e-10	-1.67617072999e-10
7.65269072755e-10	-1.41042358348e-10
7.66483647862e-10	-1.15304439607e-10
7.67698222969e-10	-1.01178357359e-10
7.68912798075e-10	-1.00611040332e-10
7.70127373182e-10	-1.06543274203e-10
7.71341948289e-10	-1.06258911392e-10
7.72556523396e-10	-8.70791772023e-11
7.73771098503e-10	-4.19563724041e-11
7.7498567361e-10	2.75592673682e-11
7.76200248717e-10	1.10829817546e-10
7.77414823824e-10	1.90938181932e-10
7.78629398931e-10	2.50025888882e-10
7.79843974038e-10	2.73939232409e-10
7.81058549145e-10	2.57037197082e-10
7.82273124252e-10	2.0394284872e-10
7.83487699359e-10	1.28422772416e-10
7.84702274466e-10	4.95370446052e-11
7.85916849573e-10	-1.4412537136e-11
7.8713142468e-10	-5.1730442846e-11
7.88345999787e-10	-6.0650456879e-11
7.89560574894e-10	-5.01839403366e-11
7.90775150001e-10	-3.57307933241e-11
7.91989725108e-10	-3.38983112413e-11
7.93204300215e-10	-5.53683938975e-11
7.94418875322e-10	-1.00836068662e-10
7.95633450429e-10	-1.59729535154e-10
7.96848025536e-10	-2.12787357179e-10
7.98062600643e-10	-2.38296854471e-10
7.9927717575e-10	-2.19115364741e-10
8.00491750857e-10	-1.48940498823e-10
8.01706325964e-10	-3.58590657168e-11
8.02920901071e-10	9.91964704822e-11
8.04135476178e-10	2.27256588547e-10
8.05350051285e-10	3.19523907333e-10
8.06564626392e-10	3.5553321398e-10
8.07779201498e-10	3.29064248072e-10
8.08993776605e-10	2.49512854822e-10
8.10208351712e-10	1.39260922238e-10
8.11422926819e-10	2.63708464787e-11
8.12637501926e-10	-6.32387267552e-11
8.13852077033e-10	-1.13356268816e-10
8.1506665214e-10	-1.20999113506e-10
8.16281227247e-10	-9.60610757605e-11
8.17495802354e-10	-5.74150622878e-11
8.18710377461e-10	-2.55274187205e-11
8.19924952568e-10	-1.65935199609e-11
8.21139527675e-10	-3.69534715328e-11
8.22354102782e-10	-8.17274026232e-11
8.23568677889e-10	-1.36341882229e-10
8.24783252996e-10	-1.80999576438e-10
8.25997828103e-10	-1.96408223019e-10
8.2721240321e-10	-1.69740957401e-10
8.28426978317e-10	-9.83254380693e-11
8.29641553424e-10	8.58211678806e-12
8.30856128531e-10	1.3177163527e-10
8.32070703638e-10	2.4609114746e-10
8.33285278745e-10	3.26640742232e-10
8.34499853852e-10	3.54754142728e-10
8.35714428959e-10	3.22925741703e-10
8.36929004066e-10	2.36688058042e-10
8.38143579173e-10	1.14096829207e-10
8.3935815428e-10	-1.93004466575e-11
8.40572729387e-10	-1.35698591253e-10
8.41787304494e-10	-2.1272750228e-10
8.43001879601e-10	-2.38120023699e-10
8.44216454708e-10	-2.12922485199e-10
8.45431029814e-10	-1.50759918438e-10
8.46645604921e-10	-7.33629337835e-11
8.47860180028e-10	-4.62829861242e-12
8.49074755135e-10	3.66035535215e-11
8.50289330242e-10	4.19488402348e-11
8.51503905349e-10	1.56170319732e-11
8.52718480456e-10	-2.70240774203e-11
8.53933055563e-10	-6.49518633322e-11
8.5514763067e-10	-7.79735928602e-11
8.56362205777e-10	-5.38606208245e-11
8.57576780884e-10	7.75874069853e-12
8.58791355991e-10	9.46151768044e-11
8.60005931098e-10	1.849753406e-10
8.61220506205e-10	2.53525062055e-10
8.62435081312e-10	2.78594813885e-10
8.63649656419e-10	2.48323056562e-10
8.64864231526e-10	1.64326330321e-10
8.66078806633e-10	4.2507490583e-11
8.6729338174e-10	-9.13733741448e-11
8.68507956847e-10	-2.07290656862e-10
8.69722531954e-10	-2.79356038302e-10
8.70937107061e-10	-2.92210033948e-10
8.72151682168e-10	-2.45296283286e-10
8.73366257275e-10	-1.52540202691e-10
8.74580832382e-10	-3.84096227046e-11
8.75795407489e-10	6.8985019086e-11
8.77009982596e-10	1.45438272536e-10
8.78224557703e-10	1.7712829814e-10
8.7943913281e-10	1.63457261615e-10
8.80653707917e-10	1.16594095489e-10
8.81868283024e-10	5.69234381853e-11
8.8308285813e-10	6.45585277945e-12
8.84297433237e-10	-1.81168621771e-11
8.85512008344e-10	-1.05732349959e-11
8.86726583451e-10	2.29727122741e-11
8.87941158558e-10	6.67583280323e-11
8.89155733665e-10	1.00273331305e-10
8.90370308772e-10	1.05974652664e-10
8.91584883879e-10	7.47395062506e-11
8.92799458986e-10	9.51519418813e-12
8.94014034093e-10	-7.53746440263e-11
8.952286092e-10	-1.58501711756e-10
8.96443184307e-10	-2.17286730275e-10
8.97657759414e-10	-2.34776531549e-10
8.98872334521e-10	-2.0409171575e-10
9.00086909628e-10	-1.30439631318e-10
9.01301484735e-10	-2.94518263944e-11
9.02516059842e-10	7.72736388766e-11
9.03730634949e-10	1.67783217875e-10
9.04945210056e-10	2.25451310398e-10
9.06159785163e-10	2.42705300302e-10
9.0737436027e-10	2.21767784692e-10
9.08588935377e-10	1.72844322188e-10
9.09803510484e-10	1.10370136641e-10
9.11018085591e-10	4.84262595302e-11
9.12232660698e-10	-2.80723621432e-12
9.13447235805e-10	-3.89257341638e-11
9.14661810912e-10	-6.14439471525e-11
9.15876386019e-10	-7.56118709311e-11
9.17090961126e-10	-8.80327338804e-11
9.18305536233e-10	-1.03161673648e-10
9.1952011134e-10	-1.21865129099e-10
9.20734686446e-10	-1.40438216611e-10
9.21949261553e-10	-1.5198621528e-10
9.2316383666e-10	-1.48962758795e-10
9.24378411767e-10	-1.25731577927e-10
9.25592986874e-10	-8.10223138581e-11
9.26807561981e-10	-1.86858549467e-11
9.28022137088e-10	5.30512092589e-11
9.29236712195e-10	1.23552237885e-10
9.30451287302e-10	1.82331399978e-10
9.31665862409e-10	2.21318879889e-10
9.32880437516e-10	2.36210273563e-10
9.34095012623e-10	2.26828333894e-10
9.3530958773e-10	1.96220845128e-10
9.36524162837e-10	1.4941095583e-10
9.37738737944e-10	9.19949116884e-11
9.38953313051e-10	2.89069133214e-11
9.40167888158e-10	-3.57134252726e-11
9.41382463265e-10	-9.83939943411e-11
9.42597038372e-10	-1.55499807475e-10
9.43811613479e-10	-2.02552141726e-10
9.45026188586e-10	-2.34518265918e-10
9.46240763693e-10	-2.46069969956e-10
9.474553388e-10	-2.33663310922e-10
9.48669913907e-10	-1.964126084e-10
9.49884489014e-10	-1.3731016324e-10
9.51099064121e-10	-6.29339497182e-11
9.52313639228e-10	1.77222715669e-11
9.53528214335e-10	9.50204845362e-11
9.54742789442e-10	1.60510632563e-10
9.55957364549e-10	2.08256856205e-10
9.57171939656e-10	2.35452046748e-10
9.58386514762e-10	2.4231441853e-10
9.59601089869e-10	2.31191676914e-10
9.60815664976e-10	2.05516853535e-10
9.62030240083e-10	1.68667704803e-10
9.6324481519e-10	1.23071053348e-10
9.64459390297e-10	7.0048980505e-11
9.65673965404e-10	1.05505925177e-11
9.66888540511e-10	-5.41520162045e-11
9.68103115618e-10	-1.21000653941e-10
9.69317690725e-10	-1.84847567808e-10
9.70532265832e-10	-2.38645991857e-10
9.71746840939e-10	-2.7450464124e-10
9.72961416046e-10	-2.85626688967e-10
9.74175991153e-10	-2.67604161053e-10
9.7539056626e-10	-2.20152396313e-10
9.76605141367e-10	-1.47090506442e-10
9.77819716474e-10	-5.63213781168e-11
9.79034291581e-10	4.15822966338e-11
9.80248866688e-10	1.34863759049e-10
9.81463441795e-10	2.12766707031e-10
9.82678016902e-10	2.67024069522e-10
9.83892592009e-10	2.93334717627e-10
9.85107167116e-10	2.91489749005e-10
9.86321742223e-10	2.64879229661e-10
9.8753631733e-10	2.19030724113e-10
9.88750892437e-10	1.60173790897e-10
9.89965467544e-10	9.39464825378e-11
9.91180042651e-10	2.49021879506e-11
9.92394617758e-10	-4.3517790066e-11
9.93609192865e-10	-1.081919207e-10
9.94823767972e-10	-1.66264210733e-10
9.96038343079e-10	-2.14333203963e-10
9.97252918185e-10	-2.48966514071e-10
9.98467493292e-10	-2.66625860279e-10
9.99682068399e-10	-2.64377048032e-10
1.00089664351e-09	-2.40409109287e-10
1.00211121861e-09	-1.94641330831e-10
1.00332579372e-09	-1.29386099057e-10
1.00454036883e-09	-4.94649946003e-11
1.00575494393e-09	3.80005610312e-11
1.00696951904e-09	1.24437363191e-10
1.00818409415e-09	2.0099570619e-10
1.00939866926e-09	2.59834903593e-10
1.01061324436e-09	2.95020285979e-10
1.01182781947e-09	3.03313346661e-10
1.01304239458e-09	2.84266249428e-10
1.01425696968e-09	2.40269276697e-10
1.01547154479e-09	1.76127376572e-10
1.0166861199e-09	9.84529194281e-11
1.017900695e-09	1.49023571261e-11
1.01911527011e-09	-6.68777325186e-11
1.02032984522e-09	-1.40129491344e-10
1.02154442032e-09	-1.99323377248e-10
1.02275899543e-09	-2.40887809699e-10
1.02397357054e-09	-2.62560861941e-10
1.02518814565e-09	-2.63708083148e-10
1.02640272075e-09	-2.44739256638e-10
1.02761729586e-09	-2.07373881955e-10
1.02883187097e-09	-1.54404711239e-10
1.03004644607e-09	-8.98346882994e-11
1.03126102118e-09	-1.86023280113e-11
1.03247559629e-09	5.37439051596e-11
1.03369017139e-09	1.21700552413e-10
1.0349047465e-09	1.80085071855e-10
1.03611932161e-09	2.24647550562e-10
1.03733389672e-09	2.52119908284e-10
1.03854847182e-09	2.60407667652e-10
1.03976304693e-09	2.48714243645e-10
1.04097762204e-09	2.17634812949e-10
1.04219219714e-09	1.69114180992e-10
1.04340677225e-09	1.06538528e-10
1.04462134736e-09	3.439993429e-11
1.04583592246e-09	-4.17600398706e-11
1.04705049757e-09	-1.15819097368e-10
1.04826507268e-09	-1.81231446517e-10
1.04947964779e-09	-2.31635197134e-10
1.05069422289e-09	-2.61638904986e-10
1.051908798e-09	-2.6745719528e-10
1.05312337311e-09	-2.4798738063e-10
1.05433794821e-09	-2.0502788356e-10
1.05555252332e-09	-1.43393186214e-10
1.05676709843e-09	-7.01246005708e-11
1.05798167353e-09	6.54508088352e-12
1.05919624864e-09	7.85458920127e-11
1.06041082375e-09	1.3905966656e-10
1.06162539885e-09	1.83562012812e-10
1.06283997396e-09	2.09976577792e-10
1.06405454907e-09	2.18713228084e-10
1.06526912418e-09	2.11977921327e-10
1.06648369928e-09	1.92867014026e-10
1.06769827439e-09	1.64376470768e-10
1.0689128495e-09	1.28636656882e-10
1.0701274246e-09	8.66145904999e-11
1.07134199971e-09	3.85919837753e-11
1.07255657482e-09	-1.51515969909e-11
1.07377114992e-09	-7.29429086577e-11
1.07498572503e-09	-1.31306951423e-10
1.07620030014e-09	-1.84469967079e-10
1.07741487525e-09	-2.25323912306e-10
1.07862945035e-09	-2.46785786251e-10
1.07984402546e-09	-2.43431191871e-10
1.08105860057e-09	-2.13200360144e-10
1.08227317567e-09	-1.58170310183e-10
1.08348775078e-09	-8.47286824035e-11
1.08470232589e-09	-2.44280030232e-12
1.08591690099e-09	7.75336600478e-11
1.0871314761e-09	1.44728715123e-10
1.08834605121e-09	1.91376914316e-10
1.08956062632e-09	2.13850187558e-10
1.09077520142e-09	2.12953349399e-10
1.09198977653e-09	1.93256827208e-10
1.09320435164e-09	1.61409566268e-10
1.09441892674e-09	1.2409999417e-10
1.09563350185e-09	8.63748378377e-11
1.09684807696e-09	5.06022827806e-11
1.09806265206e-09	1.65069902192e-11
1.09927722717e-09	-1.77467016776e-11
1.10049180228e-09	-5.4246621084e-11
1.10170637738e-09	-9.35098665167e-11
1.10292095249e-09	-1.33741379083e-10
1.1041355276e-09	-1.70386732501e-10
1.10535010271e-09	-1.97085223141e-10
1.10656467781e-09	-2.07065475877e-10
1.10777925292e-09	-1.95083990628e-10
1.10899382803e-09	-1.59157451107e-10
1.11020840313e-09	-1.01672212316e-10
1.11142297824e-09	-2.9360971987e-11
1.11263755335e-09	4.7755636251e-11
1.11385212845e-09	1.18404952509e-10
1.11506670356e-09	1.7252989315e-10
1.11628127867e-09	2.03317751524e-10
1.11749585378e-09	2.08634623466e-10
1.11871042888e-09	1.90900420471e-10
1.11992500399e-09	1.5618764615e-10
1.1211395791e-09	1.12348533254e-10
