% time-domain current integration by openEMS v0.37.0-rc1-2-g7b051bb @Thu Aug  6 23:24:29 2026
% start-coordinates: (0.0041785,-0.000277237,0.0141921) m -> [123,39,221]
% stop-coordinates: (0.00467979,0.000210758,0.0141921) m -> [132,46,221]
% t/s	current
6.68851896328e-14	-0
1.27081860302e-12	-0
2.47475201641e-12	-0
3.67868542981e-12	-0
4.8826188432e-12	-0
6.08655225659e-12	-0
7.29048566998e-12	-0
8.49441908337e-12	-0
9.69835249676e-12	-0
1.09022859102e-11	-0
1.21062193235e-11	-0
1.33101527369e-11	-0
1.45140861503e-11	-0
1.57180195637e-11	-0
1.69219529771e-11	2.69966007073e-34
1.81258863905e-11	1.74772011075e-30
1.93298198039e-11	3.02455742186e-27
2.05337532173e-11	1.75288423293e-24
2.17376866307e-11	4.02396584602e-22
2.29416200441e-11	4.16740701188e-20
2.41455534575e-11	2.15956509295e-18
2.53494868708e-11	6.09208859676e-17
2.65534202842e-11	1.00327304481e-15
2.77573536976e-11	1.02272325062e-14
2.8961287111e-11	6.77606706639e-14
3.01652205244e-11	3.0332398919e-13
3.13691539378e-11	9.39836966932e-13
3.25730873512e-11	1.99630568153e-12
3.37770207646e-11	2.51189086892e-12
3.4980954178e-11	-4.93672160443e-13
3.61848875914e-11	-1.28703783742e-11
3.73888210048e-11	-4.36424889283e-11
3.85927544181e-11	-1.04181351046e-10
3.97966878315e-11	-2.04302200157e-10
4.10006212449e-11	-3.42290751298e-10
4.22045546583e-11	-4.8838555422e-10
4.34084880717e-11	-5.66383329126e-10
4.46124214851e-11	-4.42350406304e-10
4.58163548985e-11	6.58126747544e-11
4.70202883119e-11	1.14317977307e-09
4.82242217253e-11	2.89365464923e-09
4.94281551387e-11	5.23150722742e-09
5.06320885521e-11	7.78586706218e-09
5.18360219654e-11	9.87581572076e-09
5.30399553788e-11	1.06105169095e-08
5.42438887922e-11	9.13232423017e-09
5.54478222056e-11	4.95610574802e-09
5.6651755619e-11	-1.7094820004e-09
5.78556890324e-11	-9.80411574147e-09
5.90596224458e-11	-1.75398540136e-08
6.02635558592e-11	-2.28355148124e-08
6.14674892726e-11	-2.39606023911e-08
6.2671422686e-11	-2.01846859227e-08
6.38753560994e-11	-1.21823156007e-08
6.50792895128e-11	-2.00665262184e-09
6.62832229261e-11	7.41281658279e-09
6.74871563395e-11	1.31139108461e-08
6.86910897529e-11	1.30128130493e-08
6.98950231663e-11	6.56514576036e-09
7.10989565797e-11	-5.04432406956e-09
7.23028899931e-11	-1.92343705407e-08
7.35068234065e-11	-3.27357447816e-08
7.47107568199e-11	-4.24091837203e-08
7.59146902333e-11	-4.59207143422e-08
7.71186236467e-11	-4.21327222e-08
7.83225570601e-11	-3.12156203108e-08
7.95264904734e-11	-1.45563125997e-08
8.07304238868e-11	5.44630651689e-09
8.19343573002e-11	2.56889958195e-08
8.31382907136e-11	4.28026289967e-08
8.4342224127e-11	5.37471898099e-08
8.55461575404e-11	5.64831879046e-08
8.67500909538e-11	5.05400983286e-08
8.79540243672e-11	3.72598876197e-08
8.91579577806e-11	1.95688638627e-08
9.0361891194e-11	1.28239630026e-09
9.15658246074e-11	-1.38808529115e-08
9.27697580207e-11	-2.32589005833e-08
9.39736914341e-11	-2.58635921568e-08
9.51776248475e-11	-2.24540368521e-08
9.63815582609e-11	-1.50666075172e-08
9.75854916743e-11	-6.21014217828e-09
9.87894250877e-11	1.95582838813e-09
9.99933585011e-11	8.17150791477e-09
1.01197291914e-10	1.2204563582e-08
1.02401225328e-10	1.45952077091e-08
1.03605158741e-10	1.61951021482e-08
1.04809092155e-10	1.77079009234e-08
1.06013025568e-10	1.9385709038e-08
1.07216958981e-10	2.09480521818e-08
1.08420892395e-10	2.16938769171e-08
1.09624825808e-10	2.07458779045e-08
1.10828759222e-10	1.73509011603e-08
1.12032692635e-10	1.11698321703e-08
1.13236626048e-10	2.48744491671e-09
1.14440559462e-10	-7.72257457982e-09
1.15644492875e-10	-1.79209003193e-08
1.16848426289e-10	-2.63057380323e-08
1.18052359702e-10	-3.12417398618e-08
1.19256293115e-10	-3.16942667666e-08
1.20460226529e-10	-2.75396025984e-08
1.21664159942e-10	-1.96483327386e-08
1.22868093356e-10	-9.70115454635e-09
1.24072026769e-10	2.18101314786e-10
1.25275960182e-10	8.12172107345e-09
1.26479893596e-10	1.25592212186e-08
1.27683827009e-10	1.28670700761e-08
1.28887760422e-10	9.19299925073e-09
1.30091693836e-10	2.33741292988e-09
1.31295627249e-10	-6.50135989488e-09
1.32499560663e-10	-1.59795696675e-08
1.33703494076e-10	-2.48009701664e-08
1.34907427489e-10	-3.18465112059e-08
1.36111360903e-10	-3.62517234009e-08
1.37315294316e-10	-3.74518265289e-08
1.3851922773e-10	-3.51872948556e-08
1.39723161143e-10	-2.94821038693e-08
1.40927094556e-10	-2.06290042826e-08
1.4213102797e-10	-9.19949538769e-09
1.43334961383e-10	3.91070242856e-09
1.44538894797e-10	1.74507857054e-08
1.4574282821e-10	2.98635960405e-08
1.46946761623e-10	3.9476560687e-08
1.48150695037e-10	4.48322055036e-08
1.4935462845e-10	4.50627872794e-08
1.50558561864e-10	4.01532211924e-08
1.51762495277e-10	3.09874259585e-08
1.5296642869e-10	1.91535871608e-08
1.54170362104e-10	6.59919896506e-09
1.55374295517e-10	-4.72888306291e-09
1.5657822893e-10	-1.31610891074e-08
1.57782162344e-10	-1.74903203032e-08
1.58986095757e-10	-1.71155889461e-08
1.60190029171e-10	-1.21950503029e-08
1.61393962584e-10	-3.77418096775e-09
1.62597895997e-10	6.23046636505e-09
1.63801829411e-10	1.53109205314e-08
1.65005762824e-10	2.09309867216e-08
1.66209696238e-10	2.12454782655e-08
1.67413629651e-10	1.57091175623e-08
1.68617563064e-10	5.31863841857e-09
1.69821496478e-10	-7.63848806429e-09
1.71025429891e-10	-2.02414547346e-08
1.72229363305e-10	-2.97592315235e-08
1.73433296718e-10	-3.43435289096e-08
1.74637230131e-10	-3.33957892451e-08
1.75841163545e-10	-2.7556202653e-08
1.77045096958e-10	-1.83984898428e-08
1.78249030372e-10	-7.97174681821e-09
1.79452963785e-10	1.6833607841e-09
1.80656897198e-10	8.94146090502e-09
1.81860830612e-10	1.28675399225e-08
1.83064764025e-10	1.33286333082e-08
1.84268697438e-10	1.09283542216e-08
1.85472630852e-10	6.78675426968e-09
1.86676564265e-10	2.21975771098e-09
1.87880497679e-10	-1.58526314298e-09
1.89084431092e-10	-3.8107716982e-09
1.90288364505e-10	-4.12344514089e-09
1.91492297919e-10	-2.65603761207e-09
1.92696231332e-10	1.04251815514e-10
1.93900164746e-10	3.46544259955e-09
1.95104098159e-10	6.67434640889e-09
1.96308031572e-10	9.02954599979e-09
1.97511964986e-10	9.97170435113e-09
1.98715898399e-10	9.15943232371e-09
1.99919831813e-10	6.53818510443e-09
2.01123765226e-10	2.39463560092e-09
2.02327698639e-10	-2.63922617094e-09
2.03531632053e-10	-7.66878116565e-09
2.04735565466e-10	-1.17183756032e-08
2.0593949888e-10	-1.39833957746e-08
2.07143432293e-10	-1.40695064488e-08
2.08347365706e-10	-1.21210046444e-08
2.0955129912e-10	-8.77306138847e-09
2.10755232533e-10	-4.92783280848e-09
2.11959165946e-10	-1.43913703177e-09
2.1316309936e-10	1.15950804513e-09
2.14367032773e-10	2.78020184652e-09
2.15570966187e-10	3.71234665231e-09
2.167748996e-10	4.40453451489e-09
2.17978833013e-10	5.21486143157e-09
2.19182766427e-10	6.22917051274e-09
2.2038669984e-10	7.22132798003e-09
2.21590633254e-10	7.76254527324e-09
2.22794566667e-10	7.41914307767e-09
2.2399850008e-10	5.95249582958e-09
2.25202433494e-10	3.43934014602e-09
2.26406366907e-10	2.66954236494e-10
2.27610300321e-10	-2.9860203199e-09
2.28814233734e-10	-5.73569858275e-09
2.30018167147e-10	-7.56375140298e-09
2.31222100561e-10	-8.30891089265e-09
2.32426033974e-10	-8.053270939e-09
2.33629967387e-10	-7.02347824344e-09
2.34833900801e-10	-5.4701274621e-09
2.36037834214e-10	-3.58773721842e-09
2.37241767628e-10	-1.50143741884e-09
2.38445701041e-10	6.82570888699e-10
2.39649634454e-10	2.8111362127e-09
2.40853567868e-10	4.65393368287e-09
2.42057501281e-10	5.93933213722e-09
2.43261434695e-10	6.44164765973e-09
2.44465368108e-10	6.08447292549e-09
2.45669301521e-10	5.0027950671e-09
2.46873234935e-10	3.53641871342e-09
2.48077168348e-10	2.15309015061e-09
2.49281101762e-10	1.32866162517e-09
2.50485035175e-10	1.43034517563e-09
2.51688968588e-10	2.62906207915e-09
2.52892902002e-10	4.8578034928e-09
2.54096835415e-10	7.81055398136e-09
2.55300768829e-10	1.09762172684e-08
2.56504702242e-10	1.37043034698e-08
2.57708635655e-10	1.53102206468e-08
2.58912569069e-10	1.52252468411e-08
2.60116502482e-10	1.31686075378e-08
2.61320435895e-10	9.28843135739e-09
2.62524369309e-10	4.20504608911e-09
2.63728302722e-10	-1.09440756457e-09
2.64932236136e-10	-5.50940848498e-09
2.66136169549e-10	-8.16200262932e-09
2.67340102962e-10	-8.69285798899e-09
2.68544036376e-10	-7.40218153439e-09
2.69747969789e-10	-5.16225906466e-09
2.70951903203e-10	-3.12732240104e-09
2.72155836616e-10	-2.34270913779e-09
2.73359770029e-10	-3.3979183911e-09
2.74563703443e-10	-6.24900042823e-09
2.75767636856e-10	-1.02675965508e-08
2.7697157027e-10	-1.44742688946e-08
2.78175503683e-10	-1.78595502831e-08
2.79379437096e-10	-1.96713489942e-08
2.8058337051e-10	-1.95820888393e-08
2.81787303923e-10	-1.77034866766e-08
2.82991237337e-10	-1.44795651025e-08
2.8419517075e-10	-1.05160076203e-08
2.85399104163e-10	-6.40968300658e-09
2.86603037577e-10	-2.63100718989e-09
2.8780697099e-10	5.22276499826e-10
2.89010904403e-10	2.90414581272e-09
2.90214837817e-10	4.45918590941e-09
2.9141877123e-10	5.16351983393e-09
2.92622704644e-10	5.00214092369e-09
2.93826638057e-10	3.99822175368e-09
2.9503057147e-10	2.27649898932e-09
2.96234504884e-10	1.22037810413e-10
2.97438438297e-10	-2.0145032309e-09
2.98642371711e-10	-3.59398866223e-09
2.99846305124e-10	-4.12995282417e-09
3.01050238537e-10	-3.34532845869e-09
3.02254171951e-10	-1.28660471166e-09
3.03458105364e-10	1.65071234459e-09
3.04662038778e-10	4.79646633522e-09
3.05865972191e-10	7.35976701804e-09
3.07069905604e-10	8.6219031914e-09
3.08273839018e-10	8.12228506675e-09
3.09477772431e-10	5.79784842358e-09
3.10681705845e-10	2.03482142247e-09
3.11885639258e-10	-2.389886955e-09
3.13089572671e-10	-6.4835052882e-09
3.14293506085e-10	-9.29115895332e-09
3.15497439498e-10	-1.01620667436e-08
3.16701372911e-10	-8.93617180253e-09
3.17905306325e-10	-5.97908256239e-09
3.19109239738e-10	-2.04710559615e-09
3.20313173152e-10	1.97095539889e-09
3.21517106565e-10	5.33380717371e-09
3.22721039978e-10	7.64099716832e-09
3.23924973392e-10	8.87111450965e-09
3.25128906805e-10	9.26136589641e-09
3.26332840219e-10	9.10418762601e-09
3.27536773632e-10	8.55899795482e-09
3.28740707045e-10	7.57288809439e-09
3.29944640459e-10	5.94484683702e-09
3.31148573872e-10	3.49664586174e-09
3.32352507286e-10	2.68159772165e-10
3.33556440699e-10	-3.36595817885e-09
3.34760374112e-10	-6.72647715305e-09
3.35964307526e-10	-9.00918095681e-09
3.37168240939e-10	-9.55141832293e-09
3.38372174353e-10	-8.07907873934e-09
3.39576107766e-10	-4.83738382684e-09
3.40780041179e-10	-5.50894441176e-10
3.41983974593e-10	3.77717279676e-09
3.43187908006e-10	7.1529555612e-09
3.44391841419e-10	8.8714458002e-09
3.45595774833e-10	8.69542660098e-09
3.46799708246e-10	6.8850609658e-09
3.4800364166e-10	4.07910905054e-09
3.49207575073e-10	1.0733844924e-09
3.50411508486e-10	-1.42396072711e-09
3.516154419e-10	-2.98818658706e-09
3.52819375313e-10	-3.56266816048e-09
3.54023308727e-10	-3.41909967005e-09
3.5522724214e-10	-3.0110598459e-09
3.56431175553e-10	-2.77492517853e-09
3.57635108967e-10	-2.95576940701e-09
3.5883904238e-10	-3.51414430888e-09
3.60042975794e-10	-4.15300061007e-09
3.61246909207e-10	-4.45064030075e-09
3.6245084262e-10	-4.04699473933e-09
3.63654776034e-10	-2.81081669051e-09
3.64858709447e-10	-9.13824516058e-10
3.66062642861e-10	1.21692400601e-09
3.67266576274e-10	3.05231595554e-09
3.68470509687e-10	4.15403000886e-09
3.69674443101e-10	4.32436131348e-09
3.70878376514e-10	3.65707020222e-09
3.72082309927e-10	2.47064013692e-09
3.73286243341e-10	1.1627157015e-09
3.74490176754e-10	5.42418714111e-11
3.75694110168e-10	-7.14636905208e-10
3.76898043581e-10	-1.1998503302e-09
3.78101976994e-10	-1.58372392978e-09
3.79305910408e-10	-2.05592076696e-09
3.80509843821e-10	-2.69641309281e-09
3.81713777235e-10	-3.40807915222e-09
3.82917710648e-10	-3.9252618933e-09
3.84121644061e-10	-3.90253740434e-09
3.85325577475e-10	-3.05248959442e-09
3.86529510888e-10	-1.28641008956e-09
3.87733444302e-10	1.2012715267e-09
3.88937377715e-10	3.94575971896e-09
3.90141311128e-10	6.3283231988e-09
3.91345244542e-10	7.76508723987e-09
3.92549177955e-10	7.89926435374e-09
3.93753111369e-10	6.72545530378e-09
3.94957044782e-10	4.59487292659e-09
3.96160978195e-10	2.0964465719e-09
3.97364911609e-10	-1.38240030534e-10
3.98568845022e-10	-1.63910496287e-09
3.99772778435e-10	-2.23117657683e-09
4.00976711849e-10	-2.05630246164e-09
4.02180645262e-10	-1.48194445604e-09
4.03384578676e-10	-9.36702049259e-10
4.04588512089e-10	-7.39871774957e-10
4.05792445502e-10	-9.86495440891e-10
4.06996378916e-10	-1.53026125105e-09
4.08200312329e-10	-2.06440731176e-09
4.09404245743e-10	-2.26353558119e-09
4.10608179156e-10	-1.93019977779e-09
4.11812112569e-10	-1.0837054587e-09
4.13016045983e-10	4.15927223218e-11
4.14219979396e-10	1.08765940698e-09
4.1542391281e-10	1.71575964547e-09
4.16627846223e-10	1.73835046358e-09
4.17831779636e-10	1.18882603761e-09
4.1903571305e-10	2.99818780913e-10
4.20239646463e-10	-5.95590410324e-10
4.21443579877e-10	-1.19465537463e-09
4.2264751329e-10	-1.33485256182e-09
4.23851446703e-10	-1.03757746839e-09
4.25055380117e-10	-4.78361128486e-10
4.2625931353e-10	9.88617382403e-11
4.27463246943e-10	4.83201589851e-10
4.28667180357e-10	5.7106175344e-10
4.2987111377e-10	3.93738847082e-10
4.31075047184e-10	9.01149294075e-11
4.32278980597e-10	-1.54489629423e-10
4.3348291401e-10	-1.80083337131e-10
4.34686847424e-10	9.09446407071e-11
4.35890780837e-10	6.26594720554e-10
4.37094714251e-10	1.29333344034e-09
4.38298647664e-10	1.89680648965e-09
4.39502581077e-10	2.24135354721e-09
4.40706514491e-10	2.1926838123e-09
4.41910447904e-10	1.72560443712e-09
4.43114381318e-10	9.38370159353e-10
4.44318314731e-10	2.8177887107e-11
4.45522248144e-10	-7.69278918344e-10
4.46726181558e-10	-1.25542731766e-09
4.47930114971e-10	-1.33327426877e-09
4.49134048384e-10	-1.03656172534e-09
4.50337981798e-10	-5.10461395375e-10
4.51541915211e-10	4.7662835484e-11
4.52745848625e-10	4.65455646248e-10
4.53949782038e-10	6.5857186371e-10
4.55153715451e-10	6.53414711227e-10
4.56357648865e-10	5.62352664435e-10
4.57561582278e-10	5.21559351263e-10
4.58765515692e-10	6.21190876515e-10
4.59969449105e-10	8.58644100266e-10
4.61173382518e-10	1.13601272833e-09
4.62377315932e-10	1.30330757298e-09
4.63581249345e-10	1.22649645995e-09
4.64785182759e-10	8.51260451018e-10
4.65989116172e-10	2.32540181555e-10
4.67193049585e-10	-4.80219586318e-10
4.68396982999e-10	-1.09500086776e-09
4.69600916412e-10	-1.44429479487e-09
4.70804849826e-10	-1.44032219485e-09
4.72008783239e-10	-1.10041697976e-09
4.73212716652e-10	-5.36663880002e-10
4.74416650066e-10	8.36319485886e-11
4.75620583479e-10	5.91528770411e-10
4.76824516892e-10	8.68647542784e-10
4.78028450306e-10	8.79816886012e-10
4.79232383719e-10	6.79028056005e-10
4.80436317133e-10	3.84559384337e-10
4.81640250546e-10	1.32451397072e-10
4.82844183959e-10	2.59888048582e-11
4.84048117373e-10	9.89652665373e-11
4.85252050786e-10	3.07886188766e-10
4.864559842e-10	5.53736778652e-10
4.87659917613e-10	7.22660875585e-10
4.88863851026e-10	7.2752159852e-10
4.9006778444e-10	5.33356581123e-10
4.91271717853e-10	1.62260482828e-10
4.92475651267e-10	-3.19937548676e-10
4.9367958468e-10	-8.24147194933e-10
4.94883518093e-10	-1.25783317095e-09
4.96087451507e-10	-1.54128876328e-09
4.9729138492e-10	-1.61965585388e-09
4.98495318334e-10	-1.47418210972e-09
4.99699251747e-10	-1.12900955251e-09
5.0090318516e-10	-6.48773257339e-10
5.02107118574e-10	-1.25423546549e-10
5.03311051987e-10	3.45841411065e-10
5.045149854e-10	6.90777213208e-10
5.05718918814e-10	8.72299732446e-10
5.06922852227e-10	8.914370353e-10
5.08126785641e-10	7.75579656054e-10
5.09330719054e-10	5.61513224806e-10
5.10534652467e-10	2.82982831612e-10
5.11738585881e-10	-3.29465586757e-11
5.12942519294e-10	-3.61429997042e-10
5.14146452708e-10	-6.7314459562e-10
5.15350386121e-10	-9.32241395191e-10
5.16554319534e-10	-1.0989715804e-09
5.17758252948e-10	-1.13629705645e-09
5.18962186361e-10	-1.0177425569e-09
5.20166119775e-10	-7.3299927239e-10
5.21370053188e-10	-2.922822262e-10
5.22573986601e-10	2.7183064133e-10
5.23777920015e-10	9.05428454434e-10
5.24981853428e-10	1.53804835534e-09
5.26185786842e-10	2.09297779108e-09
5.27389720255e-10	2.49993914458e-09
5.28593653668e-10	2.70713362838e-09
5.29797587082e-10	2.68888467048e-09
5.31001520495e-10	2.44631070956e-09
5.32205453908e-10	2.00434402409e-09
5.33409387322e-10	1.40625011635e-09
5.34613320735e-10	7.09883374306e-10
5.35817254149e-10	-1.44767245067e-11
5.37021187562e-10	-6.88535839455e-10
5.38225120975e-10	-1.2325136467e-09
5.39429054389e-10	-1.5776892015e-09
5.40632987802e-10	-1.67884894875e-09
5.41836921216e-10	-1.52438039969e-09
5.43040854629e-10	-1.13824305537e-09
5.44244788042e-10	-5.73315062091e-10
5.45448721456e-10	1.01033195699e-10
5.46652654869e-10	8.11926970101e-10
5.47856588283e-10	1.49118806192e-09
5.49060521696e-10	2.07728612089e-09
5.50264455109e-10	2.5132240733e-09
5.51468388523e-10	2.7448860962e-09
5.52672321936e-10	2.72660627409e-09
5.5387625535e-10	2.43330222638e-09
5.55080188763e-10	1.87728010914e-09
5.56284122176e-10	1.12029863164e-09
5.5748805559e-10	2.73423977903e-10
5.58691989003e-10	-5.21842902224e-10
5.59895922416e-10	-1.12717946088e-09
5.6109985583e-10	-1.44555434289e-09
5.62303789243e-10	-1.44974754424e-09
5.63507722657e-10	-1.18857790277e-09
5.6471165607e-10	-7.67508778754e-10
5.65915589483e-10	-3.10304115736e-10
5.67119522897e-10	8.30097865445e-11
5.6832345631e-10	3.65096314292e-10
5.69527389724e-10	5.47513701044e-10
5.70731323137e-10	6.82947642883e-10
5.7193525655e-10	8.33017210766e-10
5.73139189964e-10	1.03636399462e-09
5.74343123377e-10	1.28815980105e-09
5.75547056791e-10	1.53988877205e-09
5.76750990204e-10	1.71726133313e-09
5.77954923617e-10	1.74878667103e-09
5.79158857031e-10	1.59390756149e-09
5.80362790444e-10	1.26066779238e-09
5.81566723858e-10	8.06223532379e-10
5.82770657271e-10	3.20608289917e-10
5.83974590684e-10	-1.0035667436e-10
5.85178524098e-10	-3.81897763413e-10
5.86382457511e-10	-4.89746576626e-10
5.87586390924e-10	-4.34124680648e-10
5.88790324338e-10	-2.60932137008e-10
5.89994257751e-10	-3.32238056511e-11
5.91198191165e-10	1.88554408198e-10
5.92402124578e-10	3.63157504069e-10
5.93606057991e-10	4.77136441468e-10
5.94809991405e-10	5.44443545802e-10
5.96013924818e-10	5.9838112243e-10
5.97217858232e-10	6.76733169502e-10
5.98421791645e-10	8.04079969274e-10
5.99625725058e-10	9.77016356707e-10
6.00829658472e-10	1.15732834427e-09
6.02033591885e-10	1.27856580878e-09
6.03237525299e-10	1.26516219723e-09
6.04441458712e-10	1.05982678189e-09
6.05645392125e-10	6.49115261542e-10
6.06849325539e-10	7.60627880125e-11
6.08053258952e-10	-5.65244850925e-10
6.09257192366e-10	-1.15399012568e-09
6.10461125779e-10	-1.57703727854e-09
6.11665059192e-10	-1.76090486637e-09
6.12868992606e-10	-1.69013203433e-09
6.14072926019e-10	-1.40531042359e-09
6.15276859432e-10	-9.83029768697e-10
6.16480792846e-10	-5.06259922872e-10
6.17684726259e-10	-3.77624528869e-11
6.18888659673e-10	3.93133470222e-10
6.20092593086e-10	7.87295950655e-10
6.21296526499e-10	1.15772758047e-09
6.22500459913e-10	1.50817891509e-09
6.23704393326e-10	1.81691595103e-09
6.2490832674e-10	2.03513450536e-09
6.26112260153e-10	2.09947748075e-09
6.27316193566e-10	1.95429494809e-09
6.2852012698e-10	1.57566348857e-09
6.29724060393e-10	9.87004034059e-10
6.30927993807e-10	2.61981158989e-10
6.3213192722e-10	-4.86970852531e-10
6.33335860633e-10	-1.13271680924e-09
6.34539794047e-10	-1.56187973666e-09
6.3574372746e-10	-1.70298530833e-09
6.36947660874e-10	-1.54469470548e-09
6.38151594287e-10	-1.13930587187e-09
6.393555277e-10	-5.89178705823e-10
6.40559461114e-10	-1.84707318884e-11
6.41763394527e-10	4.60358223764e-10
6.4296732794e-10	7.76033237671e-10
6.44171261354e-10	9.12968645128e-10
6.45375194767e-10	9.06156316649e-10
6.46579128181e-10	8.19894763193e-10
6.47783061594e-10	7.18104964381e-10
6.48986995007e-10	6.38488595328e-10
6.50190928421e-10	5.79862768912e-10
6.51394861834e-10	5.07651365389e-10
6.52598795248e-10	3.74280745286e-10
6.53802728661e-10	1.45915196592e-10
6.55006662074e-10	-1.7448917311e-10
6.56210595488e-10	-5.3898985275e-10
6.57414528901e-10	-8.6462392801e-10
6.58618462315e-10	-1.05943220863e-09
6.59822395728e-10	-1.05553543683e-09
6.61026329141e-10	-8.36219760103e-10
6.62230262555e-10	-4.47192088915e-10
6.63434195968e-10	1.49923719273e-11
6.64638129382e-10	4.33245633813e-10
6.65842062795e-10	7.08097136481e-10
6.67045996208e-10	7.91049947768e-10
6.68249929622e-10	6.9838579364e-10
6.69453863035e-10	5.01962804655e-10
6.70657796448e-10	2.99339469878e-10
6.71861729862e-10	1.75389050505e-10
6.73065663275e-10	1.70709987812e-10
6.74269596689e-10	2.67578681434e-10
6.75473530102e-10	3.99977606591e-10
6.76677463515e-10	4.81828410503e-10
6.77881396929e-10	4.42551412183e-10
6.79085330342e-10	2.56645676933e-10
6.80289263756e-10	-4.5193061099e-11
6.81493197169e-10	-3.85155268789e-10
6.82697130582e-10	-6.65861921156e-10
6.83901063996e-10	-8.0450313078e-10
6.85104997409e-10	-7.61795349025e-10
6.86308930823e-10	-5.56015067321e-10
6.87512864236e-10	-2.55316795483e-10
6.88716797649e-10	4.69131192227e-11
6.89920731063e-10	2.65880817363e-10
6.91124664476e-10	3.55186213774e-10
6.92328597889e-10	3.20985071856e-10
6.93532531303e-10	2.16497236805e-10
6.94736464716e-10	1.17573256686e-10
6.9594039813e-10	9.14023856602e-11
6.97144331543e-10	1.69367506131e-10
6.98348264956e-10	3.34906158361e-10
6.9955219837e-10	5.30412658239e-10
7.00756131783e-10	6.78741896021e-10
7.01960065197e-10	7.11624037475e-10
7.0316399861e-10	5.93305571339e-10
7.04367932023e-10	3.32747163156e-10
7.05571865437e-10	-1.84576971762e-11
7.0677579885e-10	-3.81880083111e-10
7.07979732264e-10	-6.74702405057e-10
7.09183665677e-10	-8.33478563944e-10
7.1038759909e-10	-8.3132972728e-10
7.11591532504e-10	-6.83993917061e-10
7.12795465917e-10	-4.43204667411e-10
7.13999399331e-10	-1.77869871609e-10
7.15203332744e-10	4.87389364978e-11
7.16407266157e-10	1.99513017218e-10
7.17611199571e-10	2.73353784053e-10
7.18815132984e-10	3.00202140924e-10
7.20019066397e-10	3.2427407981e-10
7.21222999811e-10	3.81222220458e-10
7.22426933224e-10	4.80191275631e-10
7.23630866638e-10	5.97377980416e-10
7.24834800051e-10	6.84365286663e-10
7.26038733464e-10	6.88439028007e-10
7.27242666878e-10	5.74889857941e-10
7.28446600291e-10	3.43878703291e-10
7.29650533705e-10	3.36620384345e-11
7.30854467118e-10	-2.90081320076e-10
7.32058400531e-10	-5.54642942685e-10
7.33262333945e-10	-7.02671143493e-10
7.34466267358e-10	-7.07762959351e-10
7.35670200772e-10	-5.7975996226e-10
7.36874134185e-10	-3.57902069092e-10
7.38078067598e-10	-9.6562480234e-11
7.39282001012e-10	1.5098951256e-10
7.40485934425e-10	3.46265627282e-10
7.41689867839e-10	4.71955696746e-10
7.42893801252e-10	5.31813593163e-10
7.44097734665e-10	5.43770140027e-10
7.45301668079e-10	5.29822907769e-10
7.46505601492e-10	5.06200248385e-10
7.47709534905e-10	4.76421513351e-10
7.48913468319e-10	4.30735669354e-10
7.50117401732e-10	3.51384255026e-10
7.51321335146e-10	2.22400667327e-10
7.52525268559e-10	4.01613534096e-11
7.53729201972e-10	-1.80212927914e-10
7.54933135386e-10	-4.04454275627e-10
7.56137068799e-10	-5.86271309277e-10
7.57341002213e-10	-6.79556966254e-10
7.58544935626e-10	-6.51386999895e-10
7.59748869039e-10	-4.92684115727e-10
7.60952802453e-10	-2.22062118693e-10
7.62156735866e-10	1.17004073097e-10
7.6336066928e-10	4.66025162904e-10
7.64564602693e-10	7.65301044758e-10
7.65768536106e-10	9.67821378595e-10
7.6697246952e-10	1.05030728559e-09
7.68176402933e-10	1.01714947576e-09
7.69380336347e-10	8.96737517575e-10
7.7058426976e-10	7.30562665918e-10
7.71788203173e-10	5.59147450563e-10
7.72992136587e-10	4.09759531861e-10
7.7419607e-10	2.89821805444e-10
7.75400003413e-10	1.89287543972e-10
7.76603936827e-10	8.97192528604e-11
7.7780787024e-10	-2.35192490483e-11
7.79011803654e-10	-1.5122338104e-10
7.80215737067e-10	-2.76891426454e-10
7.8141967048e-10	-3.70594221977e-10
7.82623603894e-10	-3.99224237002e-10
7.83827537307e-10	-3.38401445754e-10
7.85031470721e-10	-1.82157067208e-10
7.86235404134e-10	5.26165604142e-11
7.87439337547e-10	3.28793242632e-10
7.88643270961e-10	5.97101257327e-10
7.89847204374e-10	8.08132116781e-10
7.91051137788e-10	9.24530840773e-10
7.92255071201e-10	9.30305943392e-10
7.93459004614e-10	8.34523450344e-10
7.94662938028e-10	6.67558952561e-10
7.95866871441e-10	4.71558125881e-10
7.97070804855e-10	2.87227075457e-10
7.98274738268e-10	1.42138870118e-10
7.99478671681e-10	4.43210711187e-11
8.00682605095e-10	-1.67403764462e-11
8.01886538508e-10	-6.1952019903e-11
8.03090471921e-10	-1.11481941734e-10
8.04294405335e-10	-1.74378997353e-10
8.05498338748e-10	-2.43566972147e-10
8.06702272162e-10	-2.97868507637e-10
8.07906205575e-10	-3.09764713879e-10
8.09110138988e-10	-2.56351939676e-10
8.10314072402e-10	-1.29049174125e-10
8.11518005815e-10	6.09411965335e-11
8.12721939229e-10	2.83311596405e-10
8.13925872642e-10	4.95843255344e-10
8.15129806055e-10	6.55378196157e-10
8.16333739469e-10	7.30486393596e-10
8.17537672882e-10	7.10774439305e-10
8.18741606296e-10	6.09923389572e-10
8.19945539709e-10	4.60758042831e-10
8.21149473122e-10	3.03386205047e-10
8.22353406536e-10	1.71007943917e-10
8.23557339949e-10	7.85483414423e-11
8.24761273363e-10	1.95133093711e-11
8.25965206776e-10	-2.77174429242e-11
8.27169140189e-10	-8.65612512224e-11
8.28373073603e-10	-1.6759021948e-10
8.29577007016e-10	-2.59585991591e-10
8.30780940429e-10	-3.30231120227e-10
8.31984873843e-10	-3.37056271782e-10
8.33188807256e-10	-2.44209208411e-10
8.3439274067e-10	-3.84765934391e-11
8.35596674083e-10	2.61705379589e-10
8.36800607496e-10	6.07918493323e-10
8.3800454091e-10	9.33556343341e-10
8.39208474323e-10	1.17173648562e-09
8.40412407737e-10	1.2733762933e-09
8.4161634115e-10	1.21964349731e-09
8.42820274563e-10	1.02566299898e-09
8.44024207977e-10	7.34671823377e-10
8.4522814139e-10	4.05377953427e-10
8.46432074804e-10	9.66062854713e-11
8.47636008217e-10	-1.46578971183e-10
8.4883994163e-10	-3.0125144046e-10
8.50043875044e-10	-3.68246877436e-10
8.51247808457e-10	-3.66480429337e-10
8.52451741871e-10	-3.22721654955e-10
8.53655675284e-10	-2.59971572047e-10
8.54859608697e-10	-1.88839902049e-10
8.56063542111e-10	-1.05351255497e-10
8.57267475524e-10	4.3527889626e-12
8.58471408937e-10	1.53824036841e-10
8.59675342351e-10	3.45202422203e-10
8.60879275764e-10	5.62268176463e-10
8.62083209178e-10	7.70602581746e-10
8.63287142591e-10	9.26197507578e-10
8.64491076004e-10	9.88843673611e-10
8.65695009418e-10	9.36083321967e-10
8.66898942831e-10	7.71976593761e-10
8.68102876245e-10	5.2730159128e-10
8.69306809658e-10	2.5126889458e-10
8.70510743071e-10	-3.07170521657e-12
8.71714676485e-10	-1.94013083377e-10
8.72918609898e-10	-3.01934588443e-10
8.74122543312e-10	-3.32197602759e-10
8.75326476725e-10	-3.09103104223e-10
8.76530410138e-10	-2.64111010839e-10
8.77734343552e-10	-2.22545343265e-10
8.78938276965e-10	-1.94286628452e-10
8.80142210379e-10	-1.71573324992e-10
8.81346143792e-10	-1.34512664896e-10
8.82550077205e-10	-6.19028647786e-11
8.83754010619e-10	5.7384836466e-11
8.84957944032e-10	2.16677731313e-10
8.86161877445e-10	3.90880605661e-10
8.87365810859e-10	5.42921985147e-10
8.88569744272e-10	6.35031971452e-10
8.89773677686e-10	6.40915598371e-10
8.90977611099e-10	5.54181811552e-10
8.92181544512e-10	3.90842441744e-10
8.93385477926e-10	1.84887938293e-10
8.94589411339e-10	-2.12388197307e-11
8.95793344753e-10	-1.87877546853e-10
8.96997278166e-10	-2.88194496045e-10
8.98201211579e-10	-3.1354871477e-10
8.99405144993e-10	-2.73635697434e-10
9.00609078406e-10	-1.90997204164e-10
9.0181301182e-10	-9.22959972338e-11
9.03016945233e-10	6.91028397698e-13
9.04220878646e-10	7.75754183113e-11
9.0542481206e-10	1.40723321884e-10
9.06628745473e-10	2.01393401955e-10
9.07832678886e-10	2.72286720948e-10
9.090366123e-10	3.59384300097e-10
9.10240545713e-10	4.56856885656e-10
9.11444479127e-10	5.46901024467e-10
9.1264841254e-10	6.05132000064e-10
9.13852345953e-10	6.09283734576e-10
9.15056279367e-10	5.47846878973e-10
9.1626021278e-10	4.25566554219e-10
9.17464146194e-10	2.63176008763e-10
9.18668079607e-10	9.19025133772e-11
9.1987201302e-10	-5.57007391599e-11
9.21075946434e-10	-1.55150864378e-10
9.22279879847e-10	-1.96352864523e-10
9.23483813261e-10	-1.85328072333e-10
9.24687746674e-10	-1.40143008309e-10
9.25891680087e-10	-8.35454899706e-11
9.27095613501e-10	-3.44140167752e-11
9.28299546914e-10	-1.34756268644e-12
9.29503480328e-10	1.92716016756e-11
9.30707413741e-10	4.04333684589e-11
