% time-domain voltage integration by openEMS v0.37.0-rc1-2-g7b051bb @Thu Aug  6 23:24:29 2026
% start-coordinates: (0.00170044,0.00595871,0.0144461) m -> [74,157,223]
% stop-coordinates: (0.00196635,0.00595871,0.0144461) m -> [79,157,223]
% t/s	voltage
0	0
1.20393341339e-12	0
2.40786682678e-12	0
3.61180024017e-12	0
4.81573365356e-12	0
6.01966706696e-12	0
7.22360048035e-12	0
8.42753389374e-12	0
9.63146730713e-12	0
1.08354007205e-11	0
1.20393341339e-11	0
1.32432675473e-11	0
1.44472009607e-11	0
1.56511343741e-11	0
1.68550677875e-11	0
1.80590012009e-11	-2.51648172993e-33
1.92629346143e-11	-1.50966589732e-29
2.04668680276e-11	-2.71192202288e-26
2.1670801441e-11	-1.7365323691e-23
2.28747348544e-11	-4.53587841237e-21
2.40786682678e-11	-5.39403010493e-19
2.52826016812e-11	-3.20174818603e-17
2.64865350946e-11	-1.02571752533e-15
2.7690468508e-11	-1.89546627363e-14
2.88944019214e-11	-2.13659734301e-13
3.00983353348e-11	-1.5375113563e-12
3.13022687482e-11	-7.30982678901e-12
3.25062021616e-11	-2.33986502049e-11
3.37101355749e-11	-4.96361120608e-11
3.49140689883e-11	-5.89428852948e-11
3.61180024017e-11	2.52627092422e-11
3.73219358151e-11	3.43629742716e-10
3.85258692285e-11	1.10234933681e-09
3.97298026419e-11	2.53600684896e-09
4.09337360553e-11	4.7984251017e-09
4.21376694687e-11	7.73657948816e-09
4.33416028821e-11	1.05116532145e-08
4.45455362955e-11	1.11839478789e-08
4.57494697089e-11	6.58883370086e-09
4.69534031223e-11	-7.15926762318e-09
4.81573365356e-11	-3.33984391254e-08
4.9361269949e-11	-7.29055411597e-08
5.05652033624e-11	-1.21595165936e-07
5.17691367758e-11	-1.69000648143e-07
5.29730701892e-11	-1.98884118063e-07
5.41770036026e-11	-1.9280702368e-07
5.5380937016e-11	-1.36573561349e-07
5.65848704294e-11	-2.76780947051e-08
5.77888038428e-11	1.19696675682e-07
5.89927372562e-11	2.74889007557e-07
6.01966706696e-11	3.97625633752e-07
6.14006040829e-11	4.50459761936e-07
6.26045374963e-11	4.13050521786e-07
6.38084709097e-11	2.92673256297e-07
6.50124043231e-11	1.25658747407e-07
6.62163377365e-11	-3.23796500723e-08
6.74202711499e-11	-1.25170457999e-07
6.86242045633e-11	-1.17173270198e-07
6.98281379767e-11	-8.96463581146e-09
7.10320713901e-11	1.60242866087e-07
7.22360048035e-11	3.2670829242e-07
7.34399382169e-11	4.28545082087e-07
7.46438716302e-11	4.33508624553e-07
7.58478050436e-11	3.5489237149e-07
7.7051738457e-11	2.45783361663e-07
7.82556718704e-11	1.70572919345e-07
7.94596052838e-11	1.65959480825e-07
8.06635386972e-11	2.10897653119e-07
8.18674721106e-11	2.23871683858e-07
8.3071405524e-11	9.5855764215e-08
8.42753389374e-11	-2.52524257505e-07
8.54792723508e-11	-8.14876173649e-07
8.66832057642e-11	-1.47371997627e-06
8.78871391775e-11	-2.02479824907e-06
8.90910725909e-11	-2.24720136544e-06
9.02950060043e-11	-1.99116709609e-06
9.14989394177e-11	-1.24587279515e-06
9.27028728311e-11	-1.56571278609e-07
9.39068062445e-11	1.01786163498e-06
9.51107396579e-11	1.98902293391e-06
9.63146730713e-11	2.53021769936e-06
9.75186064847e-11	2.53962525676e-06
9.87225398981e-11	2.05659537755e-06
9.99264733115e-11	1.23270257291e-06
1.01130406725e-10	2.75487597179e-07
1.02334340138e-10	-6.10677979296e-07
1.03538273552e-10	-1.26917645105e-06
1.04742206965e-10	-1.61349321104e-06
1.05946140378e-10	-1.62889463695e-06
1.07150073792e-10	-1.36186061184e-06
1.08354007205e-10	-9.02904247368e-07
1.09557940619e-10	-3.67276786761e-07
1.10761874032e-10	1.25780188043e-07
1.11965807445e-10	4.74933450789e-07
1.13169740859e-10	6.17916832368e-07
1.14373674272e-10	5.46039188976e-07
1.15577607686e-10	3.07064002669e-07
1.16781541099e-10	-7.90753285074e-09
1.17985474512e-10	-2.91119317097e-07
1.19189407926e-10	-4.50543836905e-07
1.20393341339e-10	-4.35823526601e-07
1.21597274752e-10	-2.47741223092e-07
1.22801208166e-10	7.05145000168e-08
1.24005141579e-10	4.52992839683e-07
1.25209074993e-10	8.30158988663e-07
1.26413008406e-10	1.13877585761e-06
1.27616941819e-10	1.32266333708e-06
1.28820875233e-10	1.33223772991e-06
1.30024808646e-10	1.13192679407e-06
1.3122874206e-10	7.18514890252e-07
1.32432675473e-10	1.41682217958e-07
1.33636608886e-10	-4.90603810022e-07
1.348405423e-10	-1.03250782502e-06
1.36044475713e-10	-1.34527741125e-06
1.37248409127e-10	-1.34980666644e-06
1.3845234254e-10	-1.06069505534e-06
1.39656275953e-10	-5.84042091134e-07
1.40860209367e-10	-7.74549624438e-08
1.4206414278e-10	3.09729383474e-07
1.43268076194e-10	4.89158601624e-07
1.44472009607e-10	4.56999384113e-07
1.4567594302e-10	2.82503890503e-07
1.46879876434e-10	6.93952495467e-08
1.48083809847e-10	-8.91820111093e-08
1.4928774326e-10	-1.43976841116e-07
1.50491676674e-10	-9.97331612851e-08
1.51695610087e-10	-2.88504231616e-09
1.52899543501e-10	8.53355999197e-08
1.54103476914e-10	1.1776593567e-07
1.55307410327e-10	8.15568430568e-08
1.56511343741e-10	1.8568864224e-09
1.57715277154e-10	-7.09590022296e-08
1.58919210568e-10	-8.49989154617e-08
1.60123143981e-10	-1.04543531609e-08
1.61327077394e-10	1.47175702736e-07
1.62531010808e-10	3.4957735906e-07
1.63734944221e-10	5.40910491509e-07
1.64938877635e-10	6.68347048816e-07
1.66142811048e-10	6.97190166932e-07
1.67346744461e-10	6.16479852056e-07
1.68550677875e-10	4.35488722417e-07
1.69754611288e-10	1.76691385079e-07
1.70958544702e-10	-1.29106092928e-07
1.72162478115e-10	-4.4456737669e-07
1.73366411528e-10	-7.27569371861e-07
1.74570344942e-10	-9.35753234899e-07
1.75774278355e-10	-1.03612906344e-06
1.76978211768e-10	-1.01493468208e-06
1.78182145182e-10	-8.832550904e-07
1.79386078595e-10	-6.74354929231e-07
1.80590012009e-10	-4.33272283829e-07
1.81793945422e-10	-2.04146370919e-07
1.82997878835e-10	-2.13679141048e-08
1.84201812249e-10	9.39531323851e-08
1.85405745662e-10	1.33279726811e-07
1.86609679076e-10	1.00550043847e-07
1.87813612489e-10	1.44350131848e-08
1.89017545902e-10	-9.00019125893e-08
1.90221479316e-10	-1.65475574576e-07
1.91425412729e-10	-1.6485564025e-07
1.92629346143e-10	-6.0381946998e-08
1.93833279556e-10	1.40265932203e-07
1.95037212969e-10	3.91026237168e-07
1.96241146383e-10	6.21899843622e-07
1.97445079796e-10	7.65547774506e-07
1.9864901321e-10	7.84135998799e-07
1.99852946623e-10	6.8365349648e-07
2.01056880036e-10	5.09233522905e-07
2.0226081345e-10	3.24457566592e-07
2.03464746863e-10	1.85547413878e-07
2.04668680276e-10	1.21981981849e-07
2.0587261369e-10	1.30349372185e-07
2.07076547103e-10	1.81850538183e-07
2.08280480517e-10	2.36736632075e-07
2.0948441393e-10	2.59073608788e-07
2.10688347343e-10	2.26192284458e-07
2.11892280757e-10	1.3114393127e-07
2.1309621417e-10	-2.01120610166e-08
2.14300147584e-10	-2.12583440629e-07
2.15504080997e-10	-4.25160887829e-07
2.1670801441e-10	-6.32003661849e-07
2.17911947824e-10	-8.03052067511e-07
2.19115881237e-10	-9.06504531883e-07
2.20319814651e-10	-9.14407102925e-07
2.21523748064e-10	-8.10344452873e-07
2.22727681477e-10	-5.96991498014e-07
2.23931614891e-10	-2.99485929389e-07
2.25135548304e-10	3.80147393564e-08
2.26339481718e-10	3.6214144572e-07
2.27543415131e-10	6.23491331453e-07
2.28747348544e-10	7.88136127028e-07
2.29951281958e-10	8.4439498238e-07
2.31155215371e-10	8.03191269938e-07
2.32359148784e-10	6.93105867811e-07
2.33563082198e-10	5.52316521407e-07
2.34767015611e-10	4.18462342111e-07
2.35970949025e-10	3.19054137776e-07
2.37174882438e-10	2.63484821517e-07
2.38378815851e-10	2.39537600422e-07
2.39582749265e-10	2.17347023934e-07
2.40786682678e-10	1.60878078859e-07
2.41990616092e-10	4.34748081979e-08
2.43194549505e-10	-1.38066584832e-07
2.44398482918e-10	-3.58545456436e-07
2.45602416332e-10	-5.70881475426e-07
2.46806349745e-10	-7.2190214695e-07
2.48010283159e-10	-7.71342051564e-07
2.49214216572e-10	-7.06150970586e-07
2.50418149985e-10	-5.45080482084e-07
2.51622083399e-10	-3.32839167783e-07
2.52826016812e-10	-1.27128387817e-07
2.54029950226e-10	1.76903819371e-08
2.55233883639e-10	6.5668668725e-08
2.56437817052e-10	9.9571360046e-09
2.57641750466e-10	-1.24595234574e-07
2.58845683879e-10	-2.87752957462e-07
2.60049617292e-10	-4.18873387531e-07
2.61253550706e-10	-4.66363182738e-07
2.62457484119e-10	-4.04994054293e-07
2.63661417533e-10	-2.43933900634e-07
2.64865350946e-10	-2.24745067001e-08
2.66069284359e-10	2.04990683983e-07
2.67273217773e-10	3.87394283763e-07
2.68477151186e-10	4.91889430521e-07
2.696810846e-10	5.0999217649e-07
2.70885018013e-10	4.54543361172e-07
2.72088951426e-10	3.5104152829e-07
2.7329288484e-10	2.28892165666e-07
2.74496818253e-10	1.14731045997e-07
2.75700751667e-10	2.87644335017e-08
2.7690468508e-10	-1.70745064754e-08
2.78108618493e-10	-2.01761729546e-08
2.79312551907e-10	1.25154480113e-08
2.8051648532e-10	6.62309753707e-08
2.81720418734e-10	1.22385980461e-07
2.82924352147e-10	1.63988262969e-07
2.8412828556e-10	1.80558226148e-07
2.85332218974e-10	1.70866146121e-07
2.86536152387e-10	1.42086729937e-07
2.877400858e-10	1.06416887746e-07
2.88944019214e-10	7.65834009542e-08
2.90147952627e-10	6.1916658467e-08
2.91351886041e-10	6.61870860341e-08
2.92555819454e-10	8.73909566934e-08
2.93759752867e-10	1.19300436197e-07
2.94963686281e-10	1.54352822079e-07
2.96167619694e-10	1.86749142372e-07
2.97371553108e-10	2.14169689983e-07
2.98575486521e-10	2.37468000819e-07
2.99779419934e-10	2.5810087223e-07
3.00983353348e-10	2.747114074e-07
3.02187286761e-10	2.81068746943e-07
3.03391220175e-10	2.6725163238e-07
3.04595153588e-10	2.23595270299e-07
3.05799087001e-10	1.46188439132e-07
3.07003020415e-10	4.05891240618e-08
3.08206953828e-10	-7.79683730912e-08
3.09410887242e-10	-1.88664706968e-07
3.10614820655e-10	-2.71681255271e-07
3.11818754068e-10	-3.14832895754e-07
3.13022687482e-10	-3.17514498249e-07
3.14226620895e-10	-2.90464846842e-07
3.15430554308e-10	-2.51212210145e-07
3.16634487722e-10	-2.17165787575e-07
3.17838421135e-10	-1.98416756803e-07
3.19042354549e-10	-1.93737401233e-07
3.20246287962e-10	-1.91247368164e-07
3.21450221375e-10	-1.74198149239e-07
3.22654154789e-10	-1.29660911341e-07
3.23858088202e-10	-5.62547461946e-08
3.25062021616e-10	3.27617546425e-08
3.26265955029e-10	1.12673591346e-07
3.27469888442e-10	1.56317559785e-07
3.28673821856e-10	1.4521591396e-07
3.29877755269e-10	7.79050610689e-08
3.31081688683e-10	-2.80887528792e-08
3.32285622096e-10	-1.41323956981e-07
3.33489555509e-10	-2.26689985894e-07
3.34693488923e-10	-2.56812093369e-07
3.35897422336e-10	-2.20783400451e-07
3.37101355749e-10	-1.26941813505e-07
3.38305289163e-10	5.74130076814e-10
3.39509222576e-10	1.29860042719e-07
3.4071315599e-10	2.3124263393e-07
3.41917089403e-10	2.85910360276e-07
3.43121022816e-10	2.90224168253e-07
3.4432495623e-10	2.54836624691e-07
3.45528889643e-10	1.98524277906e-07
3.46732823057e-10	1.39591980641e-07
3.4793675647e-10	8.84729773887e-08
3.49140689883e-10	4.46772343565e-08
3.50344623297e-10	-4.99544683397e-10
3.5154855671e-10	-5.69896907443e-08
3.52752490124e-10	-1.28473834238e-07
3.53956423537e-10	-2.08517672462e-07
3.5516035695e-10	-2.82084876346e-07
3.56364290364e-10	-3.31834431933e-07
3.57568223777e-10	-3.45634301624e-07
3.58772157191e-10	-3.21534781023e-07
3.59976090604e-10	-2.68283539384e-07
3.61180024017e-10	-2.01335984329e-07
3.62383957431e-10	-1.3662792675e-07
3.63587890844e-10	-8.50088479609e-08
3.64791824257e-10	-4.92243690253e-08
3.65995757671e-10	-2.41422659641e-08
3.67199691084e-10	1.9602736101e-10
3.68403624498e-10	3.39569701246e-08
3.69607557911e-10	8.28377766382e-08
3.70811491324e-10	1.44929177992e-07
3.72015424738e-10	2.10446300386e-07
3.73219358151e-10	2.64785484205e-07
3.74423291565e-10	2.93712449917e-07
3.75627224978e-10	2.88733467357e-07
3.76831158391e-10	2.50237718546e-07
3.78035091805e-10	1.86836192739e-07
3.79239025218e-10	1.11582358464e-07
3.80442958632e-10	3.68456558597e-08
3.81646892045e-10	-2.93546118524e-08
3.82850825458e-10	-8.41772171967e-08
3.84054758872e-10	-1.27880348089e-07
3.85258692285e-10	-1.60826660434e-07
3.86462625699e-10	-1.81276710975e-07
3.87666559112e-10	-1.85332792668e-07
3.88870492525e-10	-1.68749496154e-07
3.90074425939e-10	-1.29632207191e-07
3.91278359352e-10	-7.03014180203e-08
3.92482292765e-10	2.28633373345e-09
3.93686226179e-10	7.77304149935e-08
3.94890159592e-10	1.44200432928e-07
3.96094093006e-10	1.908839522e-07
3.97298026419e-10	2.10100562725e-07
3.98501959832e-10	1.98584862332e-07
3.99705893246e-10	1.58066560729e-07
4.00909826659e-10	9.49261789174e-08
4.02113760073e-10	1.90367508424e-08
4.03317693486e-10	-5.81070436212e-08
4.04521626899e-10	-1.25641916426e-07
4.05725560313e-10	-1.7554428311e-07
4.06929493726e-10	-2.03918702368e-07
4.0813342714e-10	-2.11078834411e-07
4.09337360553e-10	-2.00328519995e-07
4.10541293966e-10	-1.75784181877e-07
4.1174522738e-10	-1.40492991463e-07
4.12949160793e-10	-9.59246433396e-08
4.14153094207e-10	-4.30130207008e-08
4.1535702762e-10	1.57148640767e-08
4.16560961033e-10	7.44063362035e-08
4.17764894447e-10	1.23873528324e-07
4.1896882786e-10	1.53824295523e-07
4.20172761273e-10	1.56579513799e-07
4.21376694687e-10	1.30318918323e-07
4.225806281e-10	8.03487045786e-08
4.23784561514e-10	1.76575303268e-08
4.24988494927e-10	-4.45923520331e-08
4.2619242834e-10	-9.48459160099e-08
4.27396361754e-10	-1.25887311242e-07
4.28600295167e-10	-1.3547123956e-07
4.29804228581e-10	-1.25544456608e-07
4.31008161994e-10	-1.00790538582e-07
4.32212095407e-10	-6.72528299717e-08
4.33416028821e-10	-3.11926338092e-08
4.34619962234e-10	1.86666374025e-09
4.35823895648e-10	2.83310295224e-08
4.37027829061e-10	4.74998120836e-08
4.38231762474e-10	6.17255979662e-08
4.39435695888e-10	7.53055307001e-08
4.40639629301e-10	9.24267915536e-08
4.41843562715e-10	1.14789908245e-07
4.43047496128e-10	1.40229968082e-07
4.44251429541e-10	1.62995036135e-07
4.45455362955e-10	1.75459765828e-07
4.46659296368e-10	1.70571254898e-07
4.47863229781e-10	1.43979329792e-07
4.49067163195e-10	9.54984038515e-08
4.50271096608e-10	2.94163042813e-08
4.51475030022e-10	-4.59217286419e-08
4.52678963435e-10	-1.19396032616e-07
4.53882896848e-10	-1.79198231365e-07
4.55086830262e-10	-2.15376051216e-07
4.56290763675e-10	-2.22342332989e-07
4.57494697089e-10	-2.00405997575e-07
4.58698630502e-10	-1.5545782972e-07
4.59902563915e-10	-9.70321591964e-08
4.61106497329e-10	-3.52024809303e-08
4.62310430742e-10	2.21156326585e-08
4.63514364156e-10	7.04511444738e-08
4.64718297569e-10	1.08380795893e-07
4.65922230982e-10	1.35974671522e-07
4.67126164396e-10	1.53259138713e-07
4.68330097809e-10	1.59382757658e-07
4.69534031223e-10	1.52996953773e-07
4.70737964636e-10	1.3332248372e-07
4.71941898049e-10	1.01147167086e-07
4.73145831463e-10	5.92983901981e-08
4.74349764876e-10	1.23047176892e-08
4.75553698289e-10	-3.45406321323e-08
4.76757631703e-10	-7.6419513384e-08
4.77961565116e-10	-1.0995183608e-07
4.7916549853e-10	-1.33500575927e-07
4.80369431943e-10	-1.46892713104e-07
4.81573365356e-10	-1.50460795822e-07
4.8277729877e-10	-1.43908044592e-07
4.83981232183e-10	-1.25818910846e-07
4.85185165597e-10	-9.3876733942e-08
4.8638909901e-10	-4.63002538531e-08
4.87593032423e-10	1.63397089192e-08
4.88796965837e-10	8.9464393227e-08
4.9000089925e-10	1.63952213583e-07
4.91204832664e-10	2.27202585634e-07
4.92408766077e-10	2.65759108942e-07
4.9361269949e-10	2.68788301838e-07
4.94816632904e-10	2.31345200774e-07
4.96020566317e-10	1.56476277269e-07
4.97224499731e-10	5.52213381688e-08
4.98428433144e-10	-5.54788073259e-08
4.99632366557e-10	-1.56535394424e-07
5.00836299971e-10	-2.31065200751e-07
5.02040233384e-10	-2.68161624462e-07
5.03244166797e-10	-2.64883787793e-07
5.04448100211e-10	-2.2614145756e-07
5.05652033624e-10	-1.62634245626e-07
5.06855967038e-10	-8.77525803133e-08
5.08059900451e-10	-1.42835951955e-08
5.09263833864e-10	4.80183435236e-08
5.10467767278e-10	9.36167756649e-08
5.11671700691e-10	1.21248946883e-07
5.12875634105e-10	1.3290312495e-07
5.14079567518e-10	1.32455859614e-07
5.15283500931e-10	1.24179944549e-07
5.16487434345e-10	1.11637667999e-07
5.17691367758e-10	9.69391429351e-08
5.18895301172e-10	8.06390270114e-08
5.20099234585e-10	6.20907387727e-08
5.21303167998e-10	4.00850708182e-08
5.22507101412e-10	1.36507635196e-08
5.23711034825e-10	-1.72331116044e-08
5.24914968239e-10	-5.11303781536e-08
5.26118901652e-10	-8.49523216218e-08
5.27322835065e-10	-1.14224057768e-07
5.28526768479e-10	-1.33761137278e-07
5.29730701892e-10	-1.38728028176e-07
5.30934635305e-10	-1.25969833675e-07
5.32138568719e-10	-9.5051115423e-08
5.33342502132e-10	-4.88539013688e-08
5.34546435546e-10	6.75054956378e-09
5.35750368959e-10	6.38846398004e-08
5.36954302372e-10	1.14204629753e-07
5.38158235786e-10	1.5037530865e-07
5.39362169199e-10	1.67181431365e-07
5.40566102613e-10	1.62269016002e-07
5.41770036026e-10	1.36431696163e-07
5.42973969439e-10	9.34790733709e-08
5.44177902853e-10	3.9788294437e-08
5.45381836266e-10	-1.66997253803e-08
5.4658576968e-10	-6.78781271191e-08
5.47789703093e-10	-1.07018325757e-07
5.48993636506e-10	-1.30038975144e-07
5.5019756992e-10	-1.36083011526e-07
5.51401503333e-10	-1.27203353628e-07
5.52605436746e-10	-1.07384411585e-07
5.5380937016e-10	-8.13091940444e-08
5.55013303573e-10	-5.3302448233e-08
5.56217236987e-10	-2.67040340951e-08
5.574211704e-10	-3.65780350453e-09
5.58625103813e-10	1.47714762644e-08
5.59829037227e-10	2.83241423649e-08
5.6103297064e-10	3.72449036057e-08
5.62236904054e-10	4.19533519036e-08
5.63440837467e-10	4.28067306046e-08
5.6464477088e-10	4.00359629893e-08
5.65848704294e-10	3.38447652126e-08
5.67052637707e-10	2.46231732781e-08
5.68256571121e-10	1.31258182101e-08
5.69460504534e-10	4.2385499277e-10
5.70664437947e-10	-1.22931517188e-08
5.71868371361e-10	-2.39993604989e-08
5.73072304774e-10	-3.39762928903e-08
5.74276238188e-10	-4.16686294358e-08
5.75480171601e-10	-4.64473246531e-08
5.76684105014e-10	-4.75140269351e-08
5.77888038428e-10	-4.4016025047e-08
5.79091971841e-10	-3.54492617483e-08
5.80295905254e-10	-2.21498472897e-08
5.81499838668e-10	-5.43473172021e-09
5.82703772081e-10	1.25825426744e-08
5.83907705495e-10	2.94946607138e-08
5.85111638908e-10	4.30221529513e-08
5.86315572321e-10	5.12439757294e-08
5.87519505735e-10	5.25224739256e-08
5.88723439148e-10	4.54969653063e-08
5.89927372562e-10	2.93223476611e-08
5.91131305975e-10	4.24319063219e-09
5.92335239388e-10	-2.77177767405e-08
5.93539172802e-10	-6.24392351156e-08
5.94743106215e-10	-9.41175226643e-08
5.95947039629e-10	-1.16405779238e-07
5.97150973042e-10	-1.24020832715e-07
5.98354906455e-10	-1.14239445459e-07
5.99558839869e-10	-8.76836052655e-08
6.00762773282e-10	-4.82032547211e-08
6.01966706696e-10	-1.90072019235e-09
6.03170640109e-10	4.4280696887e-08
6.04374573522e-10	8.40022806869e-08
6.05578506936e-10	1.12478279135e-07
6.06782440349e-10	1.26890038032e-07
6.07986373762e-10	1.26256573196e-07
6.09190307176e-10	1.11060167285e-07
6.10394240589e-10	8.30139077479e-08
6.11598174003e-10	4.50485457826e-08
6.12802107416e-10	1.44902423393e-09
6.14006040829e-10	-4.21087045233e-08
6.15209974243e-10	-7.91149821211e-08
6.16413907656e-10	-1.03375276339e-07
6.1761784107e-10	-1.10562539568e-07
6.18821774483e-10	-9.96436702039e-08
6.20025707896e-10	-7.34427345606e-08
6.2122964131e-10	-3.80501528063e-08
6.22433574723e-10	-1.16368326086e-09
6.23637508137e-10	3.0025847142e-08
6.2484144155e-10	5.0649811012e-08
6.26045374963e-10	5.91323709997e-08
6.27249308377e-10	5.70316101012e-08
6.2845324179e-10	4.8053948376e-08
6.29657175204e-10	3.66583470246e-08
6.30861108617e-10	2.66936237558e-08
6.3206504203e-10	2.042516134e-08
6.33268975444e-10	1.81233972274e-08
6.34472908857e-10	1.82113206737e-08
6.3567684227e-10	1.79696602043e-08
6.36880775684e-10	1.45745375768e-08
6.38084709097e-10	6.2026259684e-09
6.39288642511e-10	-7.1659332912e-09
6.40492575924e-10	-2.35989092712e-08
6.41696509337e-10	-3.97194330759e-08
6.42900442751e-10	-5.17415048584e-08
6.44104376164e-10	-5.66666176205e-08
6.45308309578e-10	-5.31493924427e-08
6.46512242991e-10	-4.1843652987e-08
6.47716176404e-10	-2.50951199821e-08
6.48920109818e-10	-6.21324025563e-09
6.50124043231e-10	1.13933517065e-08
6.51327976645e-10	2.50107368149e-08
6.52531910058e-10	3.30360947487e-08
6.53735843471e-10	3.50322029163e-08
6.54939776885e-10	3.14967958381e-08
6.56143710298e-10	2.34442156799e-08
6.57347643712e-10	1.20683625315e-08
6.58551577125e-10	-1.4169971585e-09
6.59755510538e-10	-1.57234838483e-08
6.60959443952e-10	-2.93556614572e-08
6.62163377365e-10	-4.06085165494e-08
6.63367310778e-10	-4.77732928772e-08
6.64571244192e-10	-4.95560450453e-08
6.65775177605e-10	-4.55226789597e-08
6.66979111019e-10	-3.6313829721e-08
6.68183044432e-10	-2.35605515098e-08
6.69386977845e-10	-9.43463451808e-09
6.70590911259e-10	3.91158400115e-09
6.71794844672e-10	1.48575356462e-08
6.72998778086e-10	2.25990319791e-08
6.74202711499e-10	2.71861599899e-08
6.75406644912e-10	2.9328455442e-08
6.76610578326e-10	3.00871083603e-08
6.77814511739e-10	3.04946623508e-08
6.79018445153e-10	3.11726049418e-08
6.80222378566e-10	3.20365245443e-08
6.81426311979e-10	3.2212103207e-08
6.82630245393e-10	3.02240401595e-08
6.83834178806e-10	2.44503270963e-08
6.8503811222e-10	1.37877882445e-08
6.86242045633e-10	-1.74696548894e-09
6.87445979046e-10	-2.06827186489e-08
6.8864991246e-10	-4.02019550982e-08
6.89853845873e-10	-5.67090316927e-08
6.91057779286e-10	-6.6759140438e-08
6.922617127e-10	-6.8038757739e-08
6.93465646113e-10	-6.01045568871e-08
6.94669579527e-10	-4.45847629926e-08
6.9587351294e-10	-2.4773593843e-08
6.97077446353e-10	-4.69544575443e-09
6.98281379767e-10	1.20555699867e-08
6.9948531318e-10	2.32558883262e-08
7.00689246594e-10	2.84909138504e-08
7.01893180007e-10	2.89363843997e-08
7.0309711342e-10	2.66303827878e-08
7.04301046834e-10	2.35452384256e-08
7.05504980247e-10	2.08441541805e-08
7.06708913661e-10	1.85928392682e-08
7.07912847074e-10	1.59325574955e-08
7.09116780487e-10	1.16380810544e-08
7.10320713901e-10	4.7602640163e-09
7.11524647314e-10	-4.86225282259e-09
7.12728580728e-10	-1.63324982427e-08
7.13932514141e-10	-2.77920548797e-08
7.15136447554e-10	-3.68088537428e-08
7.16340380968e-10	-4.09471438978e-08
7.17544314381e-10	-3.8487038001e-08
7.18748247794e-10	-2.89699610967e-08
7.19952181208e-10	-1.34984590172e-08
7.21156114621e-10	5.38408601036e-09
7.22360048035e-10	2.42543272133e-08
7.23563981448e-10	3.96007839853e-08
7.24767914861e-10	4.86623816798e-08
7.25971848275e-10	5.00020482797e-08
7.27175781688e-10	4.36928373482e-08
7.28379715102e-10	3.10779104673e-08
7.29583648515e-10	1.42970806305e-08
7.30787581928e-10	-4.26532631437e-09
7.31991515342e-10	-2.23903813268e-08
7.33195448755e-10	-3.82325966441e-08
7.34399382169e-10	-5.0337663815e-08
7.35603315582e-10	-5.76002139319e-08
7.36807248995e-10	-5.92322191295e-08
7.38011182409e-10	-5.48604721651e-08
7.39215115822e-10	-4.47269301596e-08
7.40419049236e-10	-2.98844935465e-08
7.41622982649e-10	-1.22117523871e-08
7.42826916062e-10	5.80008907569e-09
7.44030849476e-10	2.15499309508e-08
7.45234782889e-10	3.29564633361e-08
7.46438716302e-10	3.89553020952e-08
7.47642649716e-10	3.97181718625e-08
7.48846583129e-10	3.64580015066e-08
7.50050516543e-10	3.09206553695e-08
7.51254449956e-10	2.47635161266e-08
7.52458383369e-10	1.90127222854e-08
7.53662316783e-10	1.38167121078e-08
7.54866250196e-10	8.50097070515e-09
7.5607018361e-10	1.90848620241e-09
7.57274117023e-10	-7.02415270393e-09
7.58478050436e-10	-1.86946074177e-08
7.5968198385e-10	-3.23867315188e-08
7.60885917263e-10	-4.6136058085e-08
7.62089850677e-10	-5.70582141535e-08
7.6329378409e-10	-6.20729574408e-08
7.64497717503e-10	-5.8842700934e-08
7.65701650917e-10	-4.65927798565e-08
7.6690558433e-10	-2.6526258301e-08
7.68109517743e-10	-1.63867569514e-09
7.69313451157e-10	2.39563062721e-08
7.7051738457e-10	4.5993566733e-08
7.71721317984e-10	6.09926926742e-08
7.72925251397e-10	6.68986031016e-08
7.7412918481e-10	6.33817149875e-08
7.75333118224e-10	5.17407898748e-08
7.76537051637e-10	3.45205610763e-08
7.77740985051e-10	1.49152374895e-08
7.78944918464e-10	-3.91535137645e-09
7.80148851877e-10	-1.94726068603e-08
7.81352785291e-10	-3.0346865465e-08
7.82556718704e-10	-3.6295052297e-08
7.83760652118e-10	-3.79754419022e-08
7.84964585531e-10	-3.64712722245e-08
7.86168518944e-10	-3.28015472562e-08
7.87372452358e-10	-2.76479767969e-08
7.88576385771e-10	-2.13477648892e-08
7.89780319185e-10	-1.40792674186e-08
7.90984252598e-10	-6.10616152086e-09
7.92188186011e-10	2.12518461162e-09
7.93392119425e-10	9.96758409144e-09
7.94596052838e-10	1.66927820455e-08
7.95799986251e-10	2.15969659934e-08
7.97003919665e-10	2.407735189e-08
7.98207853078e-10	2.37228641176e-08
7.99411786492e-10	2.03914209962e-08
8.00615719905e-10	1.43006757547e-08
8.01819653318e-10	6.07756905913e-09
8.03023586732e-10	-3.33023181254e-09
8.04227520145e-10	-1.28219849183e-08
8.05431453559e-10	-2.13547477479e-08
8.06635386972e-10	-2.81010239522e-08
8.07839320385e-10	-3.24800337737e-08
8.09043253799e-10	-3.41082073696e-08
8.10247187212e-10	-3.27321219018e-08
8.11451120626e-10	-2.82449093003e-08
8.12655054039e-10	-2.07609929248e-08
8.13858987452e-10	-1.07381600278e-08
8.15062920866e-10	9.6240872216e-10
8.16266854279e-10	1.31011922422e-08
8.17470787693e-10	2.42207196521e-08
8.18674721106e-10	3.28630234137e-08
8.19878654519e-10	3.78388169686e-08
8.21082587933e-10	3.84713896295e-08
8.22286521346e-10	3.47443527282e-08
8.23490454759e-10	2.73291478337e-08
8.24694388173e-10	1.74445518031e-08
8.25898321586e-10	6.54270865263e-09
8.27102255e-10	-4.0350542907e-09
8.28306188413e-10	-1.33585617013e-08
8.29510121826e-10	-2.10133466183e-08
8.3071405524e-10	-2.69768782868e-08
8.31917988653e-10	-3.13720609491e-08
8.33121922067e-10	-3.41711419161e-08
8.3432585548e-10	-3.50567708196e-08
8.35529788893e-10	-3.3463629201e-08
8.36733722307e-10	-2.88074213373e-08
8.3793765572e-10	-2.08010415559e-08
8.39141589134e-10	-9.7147970779e-09
8.40345522547e-10	3.4575218244e-09
8.4154945596e-10	1.70458946958e-08
8.42753389374e-10	2.8936375962e-08
8.43957322787e-10	3.6977500173e-08
8.45161256201e-10	3.94843819862e-08
8.46365189614e-10	3.5723306091e-08
8.47569123027e-10	2.62066666146e-08
8.48773056441e-10	1.26802068845e-08
8.49976989854e-10	-2.24018373296e-09
8.51180923267e-10	-1.57013069213e-08
8.52384856681e-10	-2.53324798916e-08
8.53588790094e-10	-2.98064528614e-08
8.54792723508e-10	-2.90724728735e-08
8.55996656921e-10	-2.42386910543e-08
8.57200590334e-10	-1.71147893635e-08
8.58404523748e-10	-9.65407631615e-09
8.59608457161e-10	-3.40747449701e-09
8.60812390575e-10	8.06836042422e-10
8.62016323988e-10	3.00391814201e-09
8.63220257401e-10	3.85003734449e-09
8.64424190815e-10	4.31279151281e-09
8.65628124228e-10	5.25720106337e-09
8.66832057642e-10	7.11945985499e-09
8.68035991055e-10	9.78091618808e-09
8.69239924468e-10	1.26514766441e-08
8.70443857882e-10	1.49066339272e-08
8.71647791295e-10	1.57624544528e-08
8.72851724709e-10	1.46949235003e-08
8.74055658122e-10	1.15128652167e-08
8.75259591535e-10	6.34920438447e-09
8.76463524949e-10	-4.07571261463e-10
8.77667458362e-10	-8.15701262091e-09
8.78871391775e-10	-1.6121640023e-08
8.80075325189e-10	-2.33644366077e-08
8.81279258602e-10	-2.88810322324e-08
8.82483192016e-10	-3.17324149179e-08
8.83687125429e-10	-3.12274406333e-08
8.84891058842e-10	-2.70948332659e-08
8.86094992256e-10	-1.95923761659e-08
8.87298925669e-10	-9.52100775997e-09
8.88502859083e-10	1.86027809823e-09
8.89706792496e-10	1.30019883748e-08
8.90910725909e-10	2.23034748448e-08
8.92114659323e-10	2.8381330619e-08
8.93318592736e-10	3.03283682612e-08
8.9452252615e-10	2.79108436363e-08
8.95726459563e-10	2.16343887249e-08
8.96930392976e-10	1.26699725156e-08
8.9813432639e-10	2.62068386436e-09
8.99338259803e-10	-6.82130613106e-09
9.00542193217e-10	-1.42320858432e-08
9.0174612663e-10	-1.87648709904e-08
9.02950060043e-10	-2.0302387993e-08
9.04153993457e-10	-1.94108691343e-08
9.0535792687e-10	-1.7110859396e-08
9.06561860283e-10	-1.45101064497e-08
9.07765793697e-10	-1.24390342471e-08
9.0896972711e-10	-1.11897739963e-08
9.10173660524e-10	-1.04641967313e-08
9.11377593937e-10	-9.54415957377e-09
9.1258152735e-10	-7.60466112304e-09
9.13785460764e-10	-4.06410233245e-09
9.14989394177e-10	1.16740891953e-09
9.16193327591e-10	7.6056609899e-09
9.17397261004e-10	1.43001038788e-08
9.18601194417e-10	2.00519336691e-08
9.19805127831e-10	2.36934951658e-08
9.21009061244e-10	2.43538691436e-08
9.22212994658e-10	2.16524567165e-08
9.23416928071e-10	1.57911961285e-08
9.24620861484e-10	7.53646955953e-09
9.25824794898e-10	-1.93129534587e-09
9.27028728311e-10	-1.12430313948e-08
9.28232661725e-10	-1.91137781158e-08
9.29436595138e-10	-2.45664024678e-08
9.30640528551e-10	-2.7060176544e-08
