% time-domain current integration by openEMS v0.37.0-rc1-2-g7b051bb @Tue Jul 14 01:51:05 2026
% start-coordinates: (0.00261418,0.00261418,-0.000762) m -> [87,93,14]
% stop-coordinates: (0.00308805,0.00308805,-0.000762) m -> [95,101,14]
% t/s	current
7.21641059801e-14	0
1.22678980166e-12	0
2.38141549734e-12	0
3.53604119303e-12	0
4.69066688871e-12	0
5.84529258439e-12	0
6.99991828007e-12	0
8.15454397575e-12	0
9.30916967143e-12	0
1.04637953671e-11	0
1.16184210628e-11	0
1.27730467585e-11	0
1.39276724542e-11	0
1.50822981498e-11	0
1.62369238455e-11	0
1.73915495412e-11	0
1.85461752369e-11	0
1.97008009326e-11	0
2.08554266283e-11	0
2.20100523239e-11	0
2.31646780196e-11	0
2.43193037153e-11	0
2.5473929411e-11	0
2.66285551067e-11	0
2.77831808023e-11	0
2.8937806498e-11	0
3.00924321937e-11	0
3.12470578894e-11	0
3.24016835851e-11	0
3.35563092808e-11	0
3.47109349764e-11	0
3.58655606721e-11	0
3.70201863678e-11	0
3.81748120635e-11	0
3.93294377592e-11	0
4.04840634548e-11	0
4.16386891505e-11	0
4.27933148462e-11	0
4.39479405419e-11	0
4.51025662376e-11	0
4.62571919333e-11	0
4.74118176289e-11	0
4.85664433246e-11	0
4.97210690203e-11	0
5.0875694716e-11	0
5.20303204117e-11	0
5.31849461073e-11	0
5.4339571803e-11	0
5.54941974987e-11	0
5.66488231944e-11	0
5.78034488901e-11	0
5.89580745858e-11	0
6.01127002814e-11	0
6.12673259771e-11	0
6.24219516728e-11	0
6.35765773685e-11	0
6.47312030642e-11	0
6.58858287598e-11	0
6.70404544555e-11	0
6.81950801512e-11	0
6.93497058469e-11	0
7.05043315426e-11	0
7.16589572383e-11	0
7.28135829339e-11	0
7.39682086296e-11	0
7.51228343253e-11	0
7.6277460021e-11	0
7.74320857167e-11	0
7.85867114123e-11	0
7.9741337108e-11	0
8.08959628037e-11	0
8.20505884994e-11	0
8.32052141951e-11	0
8.43598398908e-11	0
8.55144655864e-11	0
8.66690912821e-11	0
8.78237169778e-11	0
8.89783426735e-11	0
9.01329683692e-11	0
9.12875940648e-11	0
9.24422197605e-11	0
9.35968454562e-11	0
9.47514711519e-11	0
9.59060968476e-11	0
9.70607225432e-11	0
9.82153482389e-11	0
9.93699739346e-11	0
1.0052459963e-10	0
1.01679225326e-10	6.71619708968e-37
1.02833851022e-10	1.60766459061e-35
1.03988476717e-10	3.98894962155e-34
1.05143102413e-10	8.65792437809e-33
1.06297728109e-10	1.62833203793e-31
1.07452353804e-10	2.64067414404e-30
1.086069795e-10	3.65629975852e-29
1.09761605196e-10	4.23523646647e-28
1.10916230891e-10	3.91816349378e-27
1.12070856587e-10	2.51518639165e-26
1.13225482283e-10	3.12033314763e-26
1.14380107978e-10	-2.00374101471e-24
1.15534733674e-10	-3.69097888579e-23
1.1668935937e-10	-4.33715372281e-22
1.17843985066e-10	-4.00721750858e-21
1.18998610761e-10	-3.09811612703e-20
1.20153236457e-10	-2.06151994363e-19
1.21307862153e-10	-1.19942667406e-18
1.22462487848e-10	-6.16387654155e-18
1.23617113544e-10	-2.81746650186e-17
1.2477173924e-10	-1.15106152704e-16
1.25926364935e-10	-4.21611999455e-16
1.27080990631e-10	-1.38621356977e-15
1.28235616327e-10	-4.08623940349e-15
1.29390242022e-10	-1.07454802977e-14
1.30544867718e-10	-2.49084115828e-14
1.31699493414e-10	-4.95192977606e-14
1.32854119109e-10	-7.85272793514e-14
1.34008744805e-10	-7.35902427862e-14
1.35163370501e-10	8.66638033038e-14
1.36317996196e-10	6.97493549463e-13
1.37472621892e-10	2.3606095377e-12
1.38627247588e-10	6.12887041465e-12
1.39781873283e-10	1.35763648587e-11
1.40936498979e-10	2.66285205691e-11
1.42091124675e-10	4.69097469202e-11
1.43245750371e-10	7.43392014613e-11
1.44400376066e-10	1.04800917944e-10
1.45555001762e-10	1.27018159879e-10
1.46709627458e-10	1.19327242531e-10
1.47864253153e-10	4.78287236205e-11
1.49018878849e-10	-1.31837291084e-10
1.50173504545e-10	-4.66547911415e-10
1.5132813024e-10	-9.89812787289e-10
1.52482755936e-10	-1.69847991227e-09
1.53637381632e-10	-2.52635024012e-09
1.54792007327e-10	-3.32338445652e-09
1.55946633023e-10	-3.85230025657e-09
1.57101258719e-10	-3.81403442162e-09
1.58255884414e-10	-2.90788815249e-09
1.5941051011e-10	-9.21151377398e-10
1.60565135806e-10	2.17112461343e-09
1.61719761501e-10	6.12771788866e-09
1.62874387197e-10	1.04196340445e-08
1.64029012893e-10	1.42914000634e-08
1.65183638588e-10	1.69082703394e-08
1.66338264284e-10	1.75612129283e-08
1.6749288998e-10	1.58734714262e-08
1.68647515676e-10	1.19403287258e-08
1.69802141371e-10	6.34541885702e-09
1.70956767067e-10	3.31054281211e-11
1.72111392763e-10	-5.93430593554e-09
1.73266018458e-10	-1.06610036354e-08
1.74420644154e-10	-1.3649491315e-08
1.7557526985e-10	-1.49003485106e-08
1.76729895545e-10	-1.48476475559e-08
1.77884521241e-10	-1.41598723857e-08
1.79039146937e-10	-1.34867779167e-08
1.80193772632e-10	-1.32498545469e-08
1.81348398328e-10	-1.35497542075e-08
1.82503024024e-10	-1.42100207157e-08
1.83657649719e-10	-1.49178553954e-08
1.84812275415e-10	-1.53867070196e-08
1.85966901111e-10	-1.54671635499e-08
1.87121526806e-10	-1.51675649818e-08
1.88276152502e-10	-1.45935130647e-08
1.89430778198e-10	-1.38508804426e-08
1.90585403893e-10	-1.29653052738e-08
1.91740029589e-10	-1.18535226079e-08
1.92894655285e-10	-1.03528456918e-08
1.94049280981e-10	-8.28977242406e-09
1.95203906676e-10	-5.55623858034e-09
1.96358532372e-10	-2.16282725063e-09
1.97513158068e-10	1.75095760113e-09
1.98667783763e-10	5.95283156102e-09
1.99822409459e-10	1.01857322576e-08
2.00977035155e-10	1.423859608e-08
2.0213166085e-10	1.79854584559e-08
2.03286286546e-10	2.13692370465e-08
2.04440912242e-10	2.43331008676e-08
2.05595537937e-10	2.67354565153e-08
2.06750163633e-10	2.83038605886e-08
2.07904789329e-10	2.86735861721e-08
2.09059415024e-10	2.75162399532e-08
2.1021404072e-10	2.47117455388e-08
2.11368666416e-10	2.04817531824e-08
2.12523292111e-10	1.54072559155e-08
2.13677917807e-10	1.03012682828e-08
2.14832543503e-10	5.97497651356e-09
2.15987169198e-10	2.98895597162e-09
2.17141794894e-10	1.49122758586e-09
2.1829642059e-10	1.20594356723e-09
2.19451046286e-10	1.56954838015e-09
2.20605671981e-10	1.94861837777e-09
2.21760297677e-10	1.84596915531e-09
2.22914923373e-10	1.01875241576e-09
2.24069549068e-10	-5.18390608217e-10
2.25224174764e-10	-2.57715315755e-09
2.2637880046e-10	-4.90507146012e-09
2.27533426155e-10	-7.26194837597e-09
2.28688051851e-10	-9.43710176671e-09
2.29842677547e-10	-1.12234630478e-08
2.30997303242e-10	-1.23922241357e-08
2.32151928938e-10	-1.27100800995e-08
2.33306554634e-10	-1.20102496837e-08
2.34461180329e-10	-1.02876578367e-08
2.35615806025e-10	-7.76414044168e-09
2.36770431721e-10	-4.8750110615e-09
2.37925057416e-10	-2.16222040272e-09
2.39079683112e-10	-1.06725669968e-10
2.40234308808e-10	1.03096253756e-09
2.41388934503e-10	1.29162947005e-09
2.42543560199e-10	9.83976455871e-10
2.43698185895e-10	5.52079992833e-10
2.44852811591e-10	4.01657762605e-10
2.46007437286e-10	7.59605822687e-10
2.47162062982e-10	1.6217840404e-09
2.48316688678e-10	2.79803735737e-09
2.49471314373e-10	4.01820754448e-09
2.50625940069e-10	5.04217911867e-09
2.51780565765e-10	5.72537395271e-09
2.5293519146e-10	6.02026561936e-09
2.54089817156e-10	5.93026872053e-09
2.55244442852e-10	5.45622569348e-09
2.56399068547e-10	4.57499060857e-09
2.57553694243e-10	3.26560467556e-09
2.58708319939e-10	1.56746593483e-09
2.59862945634e-10	-3.66720764866e-10
2.6101757133e-10	-2.2620680884e-09
2.62172197026e-10	-3.7760230498e-09
2.63326822721e-10	-4.6029926537e-09
2.64481448417e-10	-4.58617011034e-09
2.65636074113e-10	-3.78483289154e-09
2.66790699808e-10	-2.46287590322e-09
2.67945325504e-10	-9.99355931341e-10
2.690999512e-10	2.41806991097e-10
2.70254576896e-10	1.0261549388e-09
2.71409202591e-10	1.29921007286e-09
2.72563828287e-10	1.1585595816e-09
2.73718453983e-10	7.71173569447e-10
2.74873079678e-10	2.83244039334e-10
2.76027705374e-10	-2.31641816839e-10
2.7718233107e-10	-7.65318308726e-10
2.78336956765e-10	-1.32270083775e-09
2.79491582461e-10	-1.86360193943e-09
2.80646208157e-10	-2.2796380339e-09
2.81800833852e-10	-2.42440911791e-09
2.82955459548e-10	-2.18195483903e-09
2.84110085244e-10	-1.53547041748e-09
2.85264710939e-10	-5.96782345763e-10
2.86419336635e-10	4.23383078596e-10
2.87573962331e-10	1.29335309129e-09
2.88728588026e-10	1.84893511612e-09
2.89883213722e-10	2.04703698437e-09
2.91037839418e-10	1.95675808889e-09
2.92192465113e-10	1.69378222559e-09
2.93347090809e-10	1.33497679577e-09
2.94501716505e-10	8.61193727442e-10
2.95656342201e-10	1.62444863117e-10
2.96810967896e-10	-8.91628715305e-10
2.97965593592e-10	-2.34802666199e-09
2.99120219288e-10	-4.08682110375e-09
3.00274844983e-10	-5.80507464321e-09
3.01429470679e-10	-7.08463288035e-09
3.02584096375e-10	-7.52270779003e-09
3.0373872207e-10	-6.87658463505e-09
3.04893347766e-10	-5.16518472438e-09
3.06047973462e-10	-2.68547251103e-09
3.07202599157e-10	6.4181771009e-11
3.08357224853e-10	2.52546072943e-09
3.09511850549e-10	4.23607238176e-09
3.10666476244e-10	4.94847585131e-09
3.1182110194e-10	4.67627225831e-09
3.12975727636e-10	3.65998475971e-09
3.14130353331e-10	2.27147434195e-09
3.15284979027e-10	8.95266361045e-10
3.16439604723e-10	-1.72556371969e-10
3.17594230418e-10	-7.80157549674e-10
3.18748856114e-10	-9.21758391836e-10
3.1990348181e-10	-6.95798918482e-10
3.21058107506e-10	-2.43586872894e-10
3.22212733201e-10	3.05330732919e-10
3.23367358897e-10	8.63833726772e-10
3.24521984593e-10	1.38948774708e-09
3.25676610288e-10	1.86560411564e-09
3.26831235984e-10	2.27628538241e-09
3.2798586168e-10	2.58948529286e-09
3.29140487375e-10	2.75432010532e-09
3.30295113071e-10	2.71123234974e-09
3.31449738767e-10	2.40881448121e-09
3.32604364462e-10	1.82016979267e-09
3.33758990158e-10	9.5525676258e-10
3.34913615854e-10	-1.3079738681e-10
3.36068241549e-10	-1.33363908805e-09
3.37222867245e-10	-2.5024307071e-09
3.38377492941e-10	-3.45481665498e-09
3.39532118636e-10	-4.00901001285e-09
3.40686744332e-10	-4.02988087345e-09
3.41841370028e-10	-3.4742584365e-09
3.42995995723e-10	-2.41600006667e-09
3.44150621419e-10	-1.03714725697e-09
3.45305247115e-10	4.1621334157e-10
3.46459872811e-10	1.69955327589e-09
3.47614498506e-10	2.63168598025e-09
3.48769124202e-10	3.12880077402e-09
3.49923749898e-10	3.20143844768e-09
3.51078375593e-10	2.92282131831e-09
3.52233001289e-10	2.38789699125e-09
3.53387626985e-10	1.68315028581e-09
3.5454225268e-10	8.77629857676e-10
3.55696878376e-10	3.18337335659e-11
3.56851504072e-10	-7.87922338485e-10
3.58006129767e-10	-1.50304402258e-09
3.59160755463e-10	-2.0311428095e-09
3.60315381159e-10	-2.30623853348e-09
3.61470006854e-10	-2.30019714387e-09
3.6262463255e-10	-2.03467465099e-09
3.63779258246e-10	-1.57783208721e-09
3.64933883941e-10	-1.02679931224e-09
3.66088509637e-10	-4.82959006121e-10
3.67243135333e-10	-2.96656726961e-11
3.68397761028e-10	2.80230949556e-10
3.69552386724e-10	4.25159935036e-10
3.7070701242e-10	4.07762545951e-10
3.71861638116e-10	2.45920728226e-10
3.73016263811e-10	-3.44823475329e-11
3.74170889507e-10	-4.0393394185e-10
3.75325515203e-10	-8.31083701858e-10
3.76480140898e-10	-1.28346600015e-09
3.77634766594e-10	-1.72792347097e-09
3.7878939229e-10	-2.12935447053e-09
3.79944017985e-10	-2.44690867568e-09
3.81098643681e-10	-2.62977661869e-09
3.82253269377e-10	-2.61695332071e-09
3.83407895072e-10	-2.34552643974e-09
3.84562520768e-10	-1.7696957233e-09
3.85717146464e-10	-8.86697382185e-10
3.86871772159e-10	2.40540337648e-10
3.88026397855e-10	1.47608536505e-09
3.89181023551e-10	2.62749488833e-09
3.90335649246e-10	3.48575612819e-09
3.91490274942e-10	3.87804233171e-09
3.92644900638e-10	3.71573993796e-09
3.93799526333e-10	3.02057689971e-09
3.94954152029e-10	1.91926230464e-09
3.96108777725e-10	6.09480577118e-10
3.97263403421e-10	-6.89468482307e-10
3.98418029116e-10	-1.78390080485e-09
3.99572654812e-10	-2.53650878079e-09
4.00727280508e-10	-2.87581758407e-09
4.01881906203e-10	-2.78991185709e-09
4.03036531899e-10	-2.31487695679e-09
4.04191157595e-10	-1.52574364254e-09
4.0534578329e-10	-5.31604482656e-10
4.06500408986e-10	5.29581767328e-10
4.07655034682e-10	1.50321066705e-09
4.08809660377e-10	2.24034368834e-09
4.09964286073e-10	2.62626143055e-09
4.11118911769e-10	2.6060389402e-09
4.12273537464e-10	2.19719420436e-09
4.1342816316e-10	1.48422873991e-09
4.14582788856e-10	5.97639659983e-10
4.15737414551e-10	-3.14076209484e-10
4.16892040247e-10	-1.11061404517e-09
4.18046665943e-10	-1.67889779856e-09
4.19201291638e-10	-1.94367455464e-09
4.20355917334e-10	-1.87168347487e-09
4.2151054303e-10	-1.47318623966e-09
4.22665168726e-10	-8.02361788121e-10
4.23819794421e-10	4.54211633583e-11
4.24974420117e-10	9.42586342312e-10
4.26129045813e-10	1.74679171128e-09
4.27283671508e-10	2.32591657046e-09
4.28438297204e-10	2.58551513532e-09
4.295929229e-10	2.49108111916e-09
4.30747548595e-10	2.07761652327e-09
4.31902174291e-10	1.44166090177e-09
4.33056799987e-10	7.16465720085e-10
4.34211425682e-10	3.77453346356e-11
4.35366051378e-10	-4.89753959609e-10
4.36520677074e-10	-8.15164713508e-10
4.37675302769e-10	-9.46681844027e-10
4.38829928465e-10	-9.38746747003e-10
4.39984554161e-10	-8.6805618249e-10
4.41139179856e-10	-8.07435507344e-10
4.42293805552e-10	-8.05623567857e-10
4.43448431248e-10	-8.78136563465e-10
4.44603056943e-10	-1.00948316373e-09
4.45757682639e-10	-1.16287524055e-09
4.46912308335e-10	-1.29312671682e-09
4.48066934031e-10	-1.35956979008e-09
4.49221559726e-10	-1.33673550007e-09
4.50376185422e-10	-1.22170007444e-09
4.51530811118e-10	-1.03705566357e-09
4.52685436813e-10	-8.28077495463e-10
4.53840062509e-10	-6.53406884155e-10
4.54994688205e-10	-5.69944591522e-10
4.561493139e-10	-6.15540562965e-10
4.57303939596e-10	-7.95371268847e-10
4.58458565292e-10	-1.07687914142e-09
4.59613190987e-10	-1.39577838176e-09
4.60767816683e-10	-1.67233094039e-09
4.61922442379e-10	-1.8330237328e-09
4.63077068074e-10	-1.83010406829e-09
4.6423169377e-10	-1.65245306327e-09
4.65386319466e-10	-1.32463995328e-09
4.66540945161e-10	-8.94954499397e-10
4.67695570857e-10	-4.17944956421e-10
4.68850196553e-10	6.0798262258e-11
4.70004822248e-10	5.11919451274e-10
4.71159447944e-10	9.19717579873e-10
4.7231407364e-10	1.27272792305e-09
4.73468699336e-10	1.5542361842e-09
4.74623325031e-10	1.73965275518e-09
4.75777950727e-10	1.80384274184e-09
4.76932576423e-10	1.7353791737e-09
4.78087202118e-10	1.54999968416e-09
4.79241827814e-10	1.29491339873e-09
4.8039645351e-10	1.03926289796e-09
4.81551079205e-10	8.52606596435e-10
4.82705704901e-10	7.79605158208e-10
4.83860330597e-10	8.22333812156e-10
4.85014956292e-10	9.39130551103e-10
4.86169581988e-10	1.06132991284e-09
4.87324207684e-10	1.12127729324e-09
4.88478833379e-10	1.08025921541e-09
4.89633459075e-10	9.44469280562e-10
4.90788084771e-10	7.61627039214e-10
4.91942710466e-10	5.999087338e-10
4.93097336162e-10	5.18970644237e-10
4.94251961858e-10	5.45057110557e-10
4.95406587553e-10	6.60342391878e-10
4.96561213249e-10	8.10999212231e-10
4.97715838945e-10	9.29466559274e-10
4.98870464641e-10	9.60436730146e-10
5.00025090336e-10	8.79919193064e-10
5.01179716032e-10	7.00266344911e-10
5.02334341728e-10	4.60498028598e-10
5.03488967423e-10	2.08067507668e-10
5.04643593119e-10	-1.89401740819e-11
5.05798218815e-10	-2.01907199293e-10
5.0695284451e-10	-3.40753480987e-10
5.08107470206e-10	-4.4436065938e-10
5.09262095902e-10	-5.19106035934e-10
5.10416721597e-10	-5.61918400699e-10
5.11571347293e-10	-5.61185431458e-10
5.12725972989e-10	-5.04890240727e-10
5.13880598684e-10	-3.91012361378e-10
5.1503522438e-10	-2.33885216749e-10
5.16189850076e-10	-6.2924415678e-11
5.17344475771e-10	8.59324139624e-11
5.18499101467e-10	1.82460074827e-10
5.19653727163e-10	2.12284620438e-10
5.20808352858e-10	1.80412115802e-10
5.21962978554e-10	1.07427761131e-10
5.2311760425e-10	2.09793293848e-11
5.24272229946e-10	-5.32849354917e-11
5.25426855641e-10	-9.77790695633e-11
5.26581481337e-10	-1.04875705342e-10
5.27736107033e-10	-7.58410903523e-11
5.28890732728e-10	-1.87499356319e-11
5.30045358424e-10	5.34591468315e-11
5.3119998412e-10	1.24802487789e-10
5.32354609815e-10	1.7867272939e-10
5.33509235511e-10	2.01620414808e-10
5.34663861207e-10	1.87744819691e-10
5.35818486902e-10	1.41536338205e-10
5.36973112598e-10	7.71205183048e-11
5.38127738294e-10	1.36954388802e-11
5.39282363989e-10	-3.12396566948e-11
5.40436989685e-10	-4.81175203848e-11
5.41591615381e-10	-3.801662804e-11
5.42746241076e-10	-1.07243354822e-11
5.43900866772e-10	2.06745280618e-11
5.45055492468e-10	4.58158615213e-11
5.46210118163e-10	6.04342895172e-11
5.47364743859e-10	6.55082099676e-11
5.48519369555e-10	6.28394003499e-11
5.49673995251e-10	4.97760166418e-11
5.50828620946e-10	1.66651397543e-11
5.51983246642e-10	-5.06126321409e-11
5.53137872338e-10	-1.63206351211e-10
5.54292498033e-10	-3.19976906082e-10
5.55447123729e-10	-5.00963937e-10
5.56601749425e-10	-6.67965627255e-10
5.5775637512e-10	-7.73409780663e-10
5.58911000816e-10	-7.74863506692e-10
5.60065626512e-10	-6.50005438363e-10
5.61220252207e-10	-4.05890127064e-10
5.62374877903e-10	-7.84665180054e-11
5.63529503599e-10	2.76882877737e-10
5.64684129294e-10	5.99733929185e-10
5.6583875499e-10	8.38473901421e-10
5.66993380686e-10	9.58916945848e-10
5.68148006381e-10	9.46292710857e-10
5.69302632077e-10	8.0271517211e-10
5.70457257773e-10	5.4370569158e-10
5.71611883468e-10	1.96277244457e-10
5.72766509164e-10	-2.01033259484e-10
5.7392113486e-10	-5.98161575827e-10
5.75075760556e-10	-9.36696387122e-10
5.76230386251e-10	-1.15772569309e-09
5.77385011947e-10	-1.21344045922e-09
5.78539637643e-10	-1.07951525496e-09
5.79694263338e-10	-7.6375472613e-10
5.80848889034e-10	-3.07534636645e-10
5.8200351473e-10	2.21027876557e-10
5.83158140425e-10	7.40360772689e-10
5.84312766121e-10	1.1714561543e-09
5.85467391817e-10	1.45233958193e-09
5.86622017512e-10	1.54752777259e-09
5.87776643208e-10	1.45140099939e-09
5.88931268904e-10	1.18625664847e-09
5.90085894599e-10	7.96540777781e-10
5.91240520295e-10	3.41042638574e-10
5.92395145991e-10	-1.15767222197e-10
5.93549771686e-10	-5.12669295905e-10
5.94704397382e-10	-8.0043682793e-10
5.95859023078e-10	-9.49177403342e-10
5.97013648773e-10	-9.52495637918e-10
5.98168274469e-10	-8.27335866482e-10
5.99322900165e-10	-6.09025163634e-10
6.00477525861e-10	-3.42582767709e-10
6.01632151556e-10	-7.29494797902e-11
6.02786777252e-10	1.63006871889e-10
6.03941402948e-10	3.40653033559e-10
6.05096028643e-10	4.47858750086e-10
6.06250654339e-10	4.82654360923e-10
6.07405280035e-10	4.49882381348e-10
6.0855990573e-10	3.58744534079e-10
6.09714531426e-10	2.21824197899e-10
6.10869157122e-10	5.48466133621e-11
6.12023782817e-10	-1.23902610394e-10
6.13178408513e-10	-2.95148239182e-10
6.14333034209e-10	-4.4117776099e-10
6.15487659904e-10	-5.48857848059e-10
6.166422856e-10	-6.11445949428e-10
6.17796911296e-10	-6.2816163382e-10
6.18951536991e-10	-6.01902472308e-10
6.20106162687e-10	-5.36052258138e-10
6.21260788383e-10	-4.32030244912e-10
6.22415414078e-10	-2.89298807132e-10
6.23570039774e-10	-1.08289516243e-10
6.2472466547e-10	1.04761845032e-10
6.25879291166e-10	3.33444771794e-10
6.27033916861e-10	5.49892353874e-10
6.28188542557e-10	7.18304304925e-10
6.29343168253e-10	8.03133282101e-10
6.30497793948e-10	7.79722564292e-10
6.31652419644e-10	6.43872233308e-10
6.3280704534e-10	4.16299522632e-10
6.33961671035e-10	1.39693812073e-10
6.35116296731e-10	-1.31141195125e-10
6.36270922427e-10	-3.43242961831e-10
6.37425548122e-10	-4.59093874028e-10
6.38580173818e-10	-4.65416816198e-10
6.39734799514e-10	-3.74392988833e-10
6.40889425209e-10	-2.17564202765e-10
6.42044050905e-10	-3.5422755007e-11
6.43198676601e-10	1.33720964857e-10
6.44353302296e-10	2.62046967459e-10
6.45507927992e-10	3.35664857021e-10
6.46662553688e-10	3.53581469659e-10
6.47817179383e-10	3.23875676278e-10
6.48971805079e-10	2.59088417387e-10
6.50126430775e-10	1.72473049731e-10
6.51281056471e-10	7.56735091256e-11
6.52435682166e-10	-2.22268609767e-11
6.53590307862e-10	-1.1461712135e-10
6.54744933558e-10	-1.96680699505e-10
6.55899559253e-10	-2.64785054993e-10
6.57054184949e-10	-3.16252329879e-10
6.58208810645e-10	-3.49613282769e-10
6.5936343634e-10	-3.65404678737e-10
6.60518062036e-10	-3.66825347875e-10
6.61672687732e-10	-3.5948860555e-10
6.62827313427e-10	-3.49959367041e-10
6.63981939123e-10	-3.42943534681e-10
6.65136564819e-10	-3.38046396431e-10
6.66291190514e-10	-3.27765176111e-10
6.6744581621e-10	-2.98359226214e-10
6.68600441906e-10	-2.34121194653e-10
6.69755067601e-10	-1.24218663133e-10
6.70909693297e-10	3.0000505552e-11
6.72064318993e-10	2.10466699624e-10
6.73218944688e-10	3.83410914129e-10
6.74373570384e-10	5.06609976192e-10
6.7552819608e-10	5.41313383007e-10
6.76682821776e-10	4.65176674957e-10
6.77837447471e-10	2.81646345135e-10
6.78992073167e-10	2.19613979779e-11
6.80146698863e-10	-2.61494242926e-10
6.81301324558e-10	-5.08529218735e-10
6.82455950254e-10	-6.67030486401e-10
6.8361057595e-10	-7.06272762496e-10
6.84765201645e-10	-6.23435469915e-10
6.85919827341e-10	-4.41806369267e-10
6.87074453037e-10	-2.02055941423e-10
6.88229078732e-10	4.97021764023e-11
6.89383704428e-10	2.72750710906e-10
6.90538330124e-10	4.38246189338e-10
6.91692955819e-10	5.30382571196e-10
6.92847581515e-10	5.43840417144e-10
6.94002207211e-10	4.80353090637e-10
6.95156832906e-10	3.47001538614e-10
6.96311458602e-10	1.57146878843e-10
6.97466084298e-10	-6.72637431864e-11
6.98620709993e-10	-2.94529151068e-10
6.99775335689e-10	-4.8582171619e-10
7.00929961385e-10	-6.02422278728e-10
7.02084587081e-10	-6.15701434281e-10
7.03239212776e-10	-5.16590881183e-10
7.04393838472e-10	-3.20737658654e-10
7.05548464168e-10	-6.68361338496e-11
7.06703089863e-10	1.91996057941e-10
7.07857715559e-10	4.01432526109e-10
7.09012341255e-10	5.19820742007e-10
7.1016696695e-10	5.28412313905e-10
7.11321592646e-10	4.34938474125e-10
7.12476218342e-10	2.69780559004e-10
7.13630844037e-10	7.61871121746e-11
7.14785469733e-10	-1.02350086739e-10
7.15940095429e-10	-2.33311592268e-10
7.17094721124e-10	-3.01654701218e-10
7.1824934682e-10	-3.10258874148e-10
7.19403972516e-10	-2.74888389828e-10
7.20558598211e-10	-2.16114931506e-10
7.21713223907e-10	-1.51577958518e-10
7.22867849603e-10	-9.14362890958e-11
7.24022475298e-10	-3.80584973259e-11
7.25177100994e-10	1.07397285509e-11
7.2633172669e-10	5.68580460492e-11
7.27486352386e-10	9.81628806018e-11
7.28640978081e-10	1.27684501861e-10
7.29795603777e-10	1.36000266604e-10
7.30950229473e-10	1.15787046617e-10
7.32104855168e-10	6.63549146185e-11
7.33259480864e-10	-4.09528314038e-12
7.3441410656e-10	-7.98767441079e-11
7.35568732255e-10	-1.42500664047e-10
7.36723357951e-10	-1.76856876366e-10
7.37877983647e-10	-1.76495526527e-10
7.39032609342e-10	-1.45686782083e-10
7.40187235038e-10	-9.73825325934e-11
7.41341860734e-10	-4.80022827043e-11
7.42496486429e-10	-1.10803120151e-11
7.43651112125e-10	7.60805828059e-12
7.44805737821e-10	1.14661301287e-11
7.45960363516e-10	1.07070559016e-11
7.47114989212e-10	1.72486070565e-11
7.48269614908e-10	3.89771027953e-11
7.49424240603e-10	7.56629203735e-11
7.50578866299e-10	1.18176635144e-10
7.51733491995e-10	1.51259393899e-10
7.52888117691e-10	1.58833723951e-10
7.54042743386e-10	1.30036342805e-10
7.55197369082e-10	6.38501959638e-11
7.56351994778e-10	-2.93323872136e-11
7.57506620473e-10	-1.29822791406e-10
7.58661246169e-10	-2.13984371888e-10
7.59815871865e-10	-2.61182631078e-10
7.6097049756e-10	-2.60184623846e-10
7.62125123256e-10	-2.12794892818e-10
7.63279748952e-10	-1.33368954769e-10
7.64434374647e-10	-4.43487226109e-11
7.65589000343e-10	3.0830359099e-11
7.66743626039e-10	7.49981049486e-11
7.67898251734e-10	8.20910978083e-11
7.6905287743e-10	5.79205260143e-11
7.70207503126e-10	1.6706620462e-11
7.71362128821e-10	-2.50861623141e-11
7.72516754517e-10	-5.5043414271e-11
7.73671380213e-10	-6.88545054306e-11
7.74826005908e-10	-7.05734776174e-11
7.75980631604e-10	-6.92986709683e-11
7.771352573e-10	-7.38494543295e-11
7.78289882995e-10	-8.79734479708e-11
7.79444508691e-10	-1.08212293293e-10
7.80599134387e-10	-1.25348967317e-10
7.81753760083e-10	-1.28826491141e-10
7.82908385778e-10	-1.12018110066e-10
7.84063011474e-10	-7.58625107178e-11
7.8521763717e-10	-2.90693805832e-11
7.86372262865e-10	1.53854793489e-11
7.87526888561e-10	4.59851358381e-11
7.88681514257e-10	5.79372036458e-11
7.89836139952e-10	5.54291092192e-11
7.90990765648e-10	4.96793717275e-11
7.92145391344e-10	5.35338856578e-11
7.93300017039e-10	7.4937972494e-11
7.94454642735e-10	1.12393448715e-10
7.95609268431e-10	1.54540935604e-10
7.96763894126e-10	1.84216294996e-10
7.97918519822e-10	1.85430198973e-10
7.99073145518e-10	1.50272447264e-10
8.00227771213e-10	8.28232343819e-11
8.01382396909e-10	-1.4728756409e-12
8.02537022605e-10	-8.07701822092e-11
8.036916483e-10	-1.3418247069e-10
8.04846273996e-10	-1.48706033598e-10
8.06000899692e-10	-1.23159704657e-10
8.07155525388e-10	-6.80004733078e-11
8.08310151083e-10	-1.36282933723e-12
8.09464776779e-10	5.7110309537e-11
8.10619402475e-10	9.22819598514e-11
8.1177402817e-10	9.74728006642e-11
8.12928653866e-10	7.53896181593e-11
8.14083279562e-10	3.60600715954e-11
8.15237905257e-10	-7.18154181956e-12
8.16392530953e-10	-4.21478754675e-11
8.17547156649e-10	-6.11573777731e-11
8.18701782344e-10	-6.25209883864e-11
8.1985640804e-10	-4.99979328772e-11
8.21011033736e-10	-3.0611294749e-11
8.22165659431e-10	-1.18224440654e-11
8.23320285127e-10	8.2751774183e-13
8.24474910823e-10	4.94184901334e-12
8.25629536518e-10	1.08556284621e-12
8.26784162214e-10	-8.48065801612e-12
8.2793878791e-10	-2.13623667367e-11
8.29093413605e-10	-3.61349769551e-11
8.30248039301e-10	-5.25174036203e-11
8.31402664997e-10	-7.05130884238e-11
8.32557290693e-10	-8.90942111753e-11
8.33711916388e-10	-1.05265074435e-10
8.34866542084e-10	-1.14170103926e-10
8.3602116778e-10	-1.10393173769e-10
8.37175793475e-10	-9.02005414805e-11
8.38330419171e-10	-5.37635491682e-11
8.39485044867e-10	-6.34720834919e-12
8.40639670562e-10	4.22159252e-11
8.41794296258e-10	7.98360266785e-11
8.42948921954e-10	9.56207751868e-11
8.44103547649e-10	8.32921995264e-11
8.45258173345e-10	4.33566134384e-11
8.46412799041e-10	-1.66917556166e-11
8.47567424736e-10	-8.42591552086e-11
8.48722050432e-10	-1.4502270218e-10
8.49876676128e-10	-1.8670941182e-10
8.51031301823e-10	-2.02118058401e-10
8.52185927519e-10	-1.90591986637e-10
8.53340553215e-10	-1.57587429217e-10
8.5449517891e-10	-1.12644761574e-10
8.55649804606e-10	-6.64524685279e-11
8.56804430302e-10	-2.78997294018e-11
8.57959055998e-10	-2.02285931061e-12
8.59113681693e-10	1.0620823665e-11
8.60268307389e-10	1.31077969659e-11
8.61422933085e-10	1.02866569429e-11
8.6257755878e-10	6.59793487207e-12
8.63732184476e-10	4.41552697183e-12
8.64886810172e-10	3.47718490286e-12
8.66041435867e-10	1.49778496897e-12
8.67196061563e-10	-4.38680255316e-12
8.68350687259e-10	-1.60001577959e-11
8.69505312954e-10	-3.30245067404e-11
8.7065993865e-10	-5.28622007279e-11
8.71814564346e-10	-7.14768730314e-11
8.72969190041e-10	-8.47944006677e-11
8.74123815737e-10	-9.01092117589e-11
8.75278441433e-10	-8.6905094232e-11
8.76433067128e-10	-7.66854565959e-11
8.77587692824e-10	-6.19954088066e-11
8.7874231852e-10	-4.51585019379e-11
8.79896944215e-10	-2.72928710882e-11
8.81051569911e-10	-8.11904363185e-12
8.82206195607e-10	1.32472340389e-11
8.83360821303e-10	3.6941456838e-11
8.84515446998e-10	6.11513964466e-11
8.85670072694e-10	8.17202694403e-11
8.8682469839e-10	9.29741769684e-11
8.87979324085e-10	8.95832782954e-11
8.89133949781e-10	6.87123274945e-11
8.90288575477e-10	3.16122440724e-11
8.91443201172e-10	-1.60802066107e-11
8.92597826868e-10	-6.55756698942e-11
8.93752452564e-10	-1.07269047811e-10
8.94907078259e-10	-1.33327335283e-10
8.96061703955e-10	-1.39685027434e-10
8.97216329651e-10	-1.26806912193e-10
8.98370955346e-10	-9.90645621091e-11
8.99525581042e-10	-6.31061383705e-11
9.00680206738e-10	-2.58979070827e-11
9.01834832433e-10	6.95187830912e-12
9.02989458129e-10	3.2105925557e-11
9.04144083825e-10	4.85681043993e-11
9.0529870952e-10	5.70860546334e-11
9.06453335216e-10	5.92385515641e-11
9.07607960912e-10	5.65649645179e-11
9.08762586608e-10	4.99364577466e-11
9.09917212303e-10	3.94016867744e-11
9.11071837999e-10	2.44324092208e-11
9.12226463695e-10	4.48724260874e-12
9.1338108939e-10	-2.02609214128e-11
9.14535715086e-10	-4.83169997068e-11
9.15690340782e-10	-7.66035776478e-11
9.16844966477e-10	-1.00714908635e-10
9.17999592173e-10	-1.15782036736e-10
9.19154217869e-10	-1.17730949989e-10
9.20308843564e-10	-1.04598663064e-10
9.2146346926e-10	-7.74241504242e-11
9.22618094956e-10	-4.03780793523e-11
9.23772720651e-10	3.52500147127e-14
9.24927346347e-10	3.65106590794e-11
9.26081972043e-10	6.27128488029e-11
9.27236597738e-10	7.47126110978e-11
9.28391223434e-10	7.16353990016e-11
9.2954584913e-10	5.53182950835e-11
9.30700474825e-10	2.92719390393e-11
9.31855100521e-10	-2.56146276065e-12
9.33009726217e-10	-3.67007847724e-11
9.34164351913e-10	-7.03587396678e-11
9.35318977608e-10	-1.01051299273e-10
9.36473603304e-10	-1.25965821107e-10
9.37628229e-10	-1.41678738186e-10
9.38782854695e-10	-1.4456255637e-10
9.39937480391e-10	-1.31902988532e-10
9.41092106087e-10	-1.03343889002e-10
9.42246731782e-10	-6.19831200255e-11
9.43401357478e-10	-1.45069217056e-11
9.44555983174e-10	2.99485367061e-11
9.45710608869e-10	6.20011958441e-11
9.46865234565e-10	7.46443531985e-11
9.48019860261e-10	6.53822482266e-11
9.49174485956e-10	3.70957917162e-11
9.50329111652e-10	-2.73572939476e-12
9.51483737348e-10	-4.4220075518e-11
9.52638363043e-10	-7.7968374812e-11
9.53792988739e-10	-9.76926872731e-11
9.54947614435e-10	-1.01669776764e-10
9.5610224013e-10	-9.26257612277e-11
9.57256865826e-10	-7.61939608629e-11
9.58411491522e-10	-5.86197687613e-11
9.59566117218e-10	-4.45662326487e-11
9.60720742913e-10	-3.58133835088e-11
9.61875368609e-10	-3.12409299819e-11
9.63029994305e-10	-2.78935138875e-11
9.6418462e-10	-2.26481576548e-11
9.65339245696e-10	-1.37411106799e-11
9.66493871392e-10	-1.58882542539e-12
9.67648497087e-10	1.13549438949e-11
9.68803122783e-10	2.15713263224e-11
9.69957748479e-10	2.57793578151e-11
9.71112374174e-10	2.20866970546e-11
9.7226699987e-10	1.05301123723e-11
9.73421625566e-10	-7.11602088019e-12
9.74576251261e-10	-2.80528152791e-11
9.75730876957e-10	-4.9326952245e-11
9.76885502653e-10	-6.84915388294e-11
9.78040128348e-10	-8.37956787292e-11
9.79194754044e-10	-9.39678473921e-11
9.8034937974e-10	-9.78133338214e-11
9.81504005435e-10	-9.40068578537e-11
9.82658631131e-10	-8.12482928159e-11
9.83813256827e-10	-5.88820728287e-11
9.84967882523e-10	-2.77305522295e-11
9.86122508218e-10	9.25885323272e-12
9.87277133914e-10	4.68887463578e-11
9.8843175961e-10	7.83484874201e-11
9.89586385305e-10	9.6595183241e-11
9.90741011001e-10	9.61074275718e-11
9.91895636697e-10	7.45657285917e-11
9.93050262392e-10	3.39117102455e-11
9.94204888088e-10	-1.96033675404e-11
9.95359513784e-10	-7.6496961543e-11
9.96514139479e-10	-1.26073401718e-10
9.97668765175e-10	-1.58876911627e-10
9.98823390871e-10	-1.68936364897e-10
9.99978016566e-10	-1.55148005554e-10
1.00113264226e-09	-1.21395421493e-10
1.00228726796e-09	-7.5394940291e-11
1.00344189365e-09	-2.66006713184e-11
1.00459651935e-09	1.61480776667e-11
1.00575114504e-09	4.657431385e-11
1.00690577074e-09	6.19392453993e-11
1.00806039644e-09	6.29182470013e-11
1.00921502213e-09	5.26220456099e-11
1.01036964783e-09	3.51828011169e-11
1.01152427352e-09	1.44489724005e-11
1.01267889922e-09	-6.76814593953e-12
1.01383352491e-09	-2.68293234851e-11
1.01498815061e-09	-4.48809912845e-11
1.01614277631e-09	-6.03039077007e-11
1.017297402e-09	-7.22958498622e-11
1.0184520277e-09	-7.98492313936e-11
1.01960665339e-09	-8.21036294507e-11
1.02076127909e-09	-7.88703269361e-11
1.02191590478e-09	-7.0999400803e-11
1.02307053048e-09	-6.03333008553e-11
1.02422515618e-09	-4.91744839293e-11
1.02537978187e-09	-3.94651707147e-11
1.02653440757e-09	-3.20066646797e-11
1.02768903326e-09	-2.61376302546e-11
1.02884365896e-09	-2.00830255204e-11
1.02999828465e-09	-1.18660341969e-11
1.03115291035e-09	-4.71433113901e-13
1.03230753605e-09	1.32648033183e-11
1.03346216174e-09	2.64557716012e-11
1.03461678744e-09	3.48654265181e-11
1.03577141313e-09	3.42973982548e-11
1.03692603883e-09	2.21851686327e-11
1.03808066452e-09	-1.17730879299e-12
1.03923529022e-09	-3.23176589656e-11
1.04038991592e-09	-6.53355217151e-11
1.04154454161e-09	-9.34890151405e-11
1.04269916731e-09	-1.11074704989e-10
1.043853793e-09	-1.14989448519e-10
1.0450084187e-09	-1.05404421302e-10
1.04616304439e-09	-8.544329827e-11
1.04731767009e-09	-6.00298630249e-11
1.04847229579e-09	-3.43710303274e-11
1.04962692148e-09	-1.25994796193e-11
1.05078154718e-09	3.01577166018e-12
1.05193617287e-09	1.21506936457e-11
1.05309079857e-09	1.59270825695e-11
1.05424542426e-09	1.60671857763e-11
1.05540004996e-09	1.41032246645e-11
1.05655467565e-09	1.08685178912e-11
1.05770930135e-09	6.38961583296e-12
1.05886392705e-09	1.52164522302e-13
1.06001855274e-09	-8.4390992458e-12
1.06117317844e-09	-1.96105250094e-11
1.06232780413e-09	-3.29610158611e-11
1.06348242983e-09	-4.74511090143e-11
1.06463705552e-09	-6.16092732386e-11
1.06579168122e-09	-7.38463665217e-11
1.06694630692e-09	-8.27314813878e-11
1.06810093261e-09	-8.71367422661e-11
1.06925555831e-09	-8.62855134565e-11
1.070410184e-09	-7.97251639706e-11
1.0715648097e-09	-6.73107125593e-11
1.07271943539e-09	-4.92846874423e-11
1.07387406109e-09	-2.64734466987e-11
1.07502868679e-09	-5.03775081546e-13
1.07618331248e-09	2.60490379267e-11
1.07733793818e-09	4.97006255595e-11
1.07849256387e-09	6.64296534447e-11
1.07964718957e-09	7.23965748461e-11
1.08080181526e-09	6.48631634514e-11
1.08195644096e-09	4.31146819635e-11
1.08311106666e-09	9.05220863545e-12
1.08426569235e-09	-3.27912835774e-11
1.08542031805e-09	-7.59427382091e-11
1.08657494374e-09	-1.13258583068e-10
1.08772956944e-09	-1.38463476795e-10
1.08888419513e-09	-1.47531334371e-10
1.09003882083e-09	-1.39498579355e-10
1.09119344653e-09	-1.16516879478e-10
1.09234807222e-09	-8.31581886684e-11
1.09350269792e-09	-4.52179300947e-11
1.09465732361e-09	-8.40948838343e-12
1.09581194931e-09	2.26813220983e-11
1.096966575e-09	4.51910141253e-11
1.0981212007e-09	5.8026364963e-11
1.0992758264e-09	6.15151124483e-11
1.10043045209e-09	5.68621295882e-11
1.10158507779e-09	4.5625492967e-11
1.10273970348e-09	2.93720048283e-11
1.10389432918e-09	9.543619367e-12
1.10504895487e-09	-1.25165849907e-11
1.10620358057e-09	-3.546232058e-11
1.10735820626e-09	-5.78480909008e-11
1.10851283196e-09	-7.81214606893e-11
1.10966745766e-09	-9.46861755668e-11
1.11082208335e-09	-1.060160848e-10
1.11197670905e-09	-1.10805371822e-10
1.11313133474e-09	-1.08123884845e-10
1.11428596044e-09	-9.75441116768e-11
1.11544058613e-09	-7.92643381486e-11
1.11659521183e-09	-5.42227339417e-11
1.11774983753e-09	-2.41780206967e-11
1.11890446322e-09	8.27077642485e-12
1.12005908892e-09	3.97720328893e-11
1.12121371461e-09	6.64709259857e-11
1.12236834031e-09	8.44504396968e-11
1.123522966e-09	9.03261632157e-11
1.1246775917e-09	8.19134760022e-11
1.1258322174e-09	5.88341528274e-11
1.12698684309e-09	2.290583348e-11
1.12814146879e-09	-2.18596269558e-11
1.12929609448e-09	-6.96739818618e-11
1.13045072018e-09	-1.1379393261e-10
1.13160534587e-09	-1.47627784997e-10
1.13275997157e-09	-1.65904290306e-10
1.13391459727e-09	-1.65626706794e-10
1.13506922296e-09	-1.4664655601e-10
1.13622384866e-09	-1.11700593219e-10
1.13737847435e-09	-6.5900208901e-11
1.13853310005e-09	-1.58143758505e-11
1.13968772574e-09	3.16465881278e-11
1.14084235144e-09	7.03352168174e-11
1.14199697714e-09	9.57172743843e-11
1.14315160283e-09	1.05381876836e-10
1.14430622853e-09	9.91581677878e-11
1.14546085422e-09	7.89148954516e-11
1.14661547992e-09	4.81024838017e-11
1.14777010561e-09	1.11613209994e-11
1.14892473131e-09	-2.71231405391e-11
1.15007935701e-09	-6.22336071565e-11
1.1512339827e-09	-9.04362071341e-11
1.1523886084e-09	-1.09151507277e-10
1.15354323409e-09	-1.17141740752e-10
1.15469785979e-09	-1.14488619973e-10
1.15585248548e-09	-1.02387313905e-10
1.15700711118e-09	-8.28209237302e-11
1.15816173687e-09	-5.81742119754e-11
1.15931636257e-09	-3.09091884032e-11
1.16047098827e-09	-3.34562694389e-12
1.16162561396e-09	2.24078897798e-11
1.16278023966e-09	4.44197838234e-11
1.16393486535e-09	6.088243798e-11
1.16508949105e-09	7.01339611386e-11
1.16624411674e-09	7.08087130596e-11
1.16739874244e-09	6.21203713469e-11
1.16855336814e-09	4.41847808341e-11
1.16970799383e-09	1.8268978344e-11
1.17086261953e-09	-1.31632942393e-11
1.17201724522e-09	-4.66439109559e-11
1.17317187092e-09	-7.81471762301e-11
1.17432649661e-09	-1.0366854597e-10
1.17548112231e-09	-1.19851531477e-10
1.17663574801e-09	-1.244956499e-10
1.1777903737e-09	-1.16879880774e-10
1.1789449994e-09	-9.78620795511e-11
1.18009962509e-09	-6.97434332508e-11
1.18125425079e-09	-3.59465512911e-11
1.18240887648e-09	-5.79198147777e-13
1.18356350218e-09	3.20628627815e-11
1.18471812788e-09	5.80098816205e-11
1.18587275357e-09	7.41036537688e-11
1.18702737927e-09	7.84053169611e-11
1.18818200496e-09	7.0493909321e-11
1.18933663066e-09	5.15926155964e-11
1.19049125635e-09	2.44287680362e-11
1.19164588205e-09	-7.13865902155e-12
1.19280050775e-09	-3.8726178514e-11
1.19395513344e-09	-6.61682930669e-11
1.19510975914e-09	-8.62014695735e-11
1.19626438483e-09	-9.69419197694e-11
1.19741901053e-09	-9.80662634431e-11
1.19857363622e-09	-9.06371783183e-11
1.19972826192e-09	-7.66519139828e-11
1.20088288762e-09	-5.84924331193e-11
1.20203751331e-09	-3.84230008921e-11
1.20319213901e-09	-1.82704823493e-11
1.2043467647e-09	6.47573683045e-13
1.2055013904e-09	1.73868471703e-11
1.20665601609e-09	3.11320136337e-11
1.20781064179e-09	4.10066633427e-11
1.20896526748e-09	4.60204270525e-11
1.21011989318e-09	4.52021406416e-11
1.21127451888e-09	3.78788007904e-11
1.21242914457e-09	2.40114282624e-11
1.21358377027e-09	4.44366418662e-12
1.21473839596e-09	-1.90272762823e-11
1.21589302166e-09	-4.3796005017e-11
1.21704764735e-09	-6.67969776713e-11
1.21820227305e-09	-8.49702114225e-11
1.21935689875e-09	-9.57400200785e-11
1.22051152444e-09	-9.74319722125e-11
1.22166615014e-09	-8.95457805128e-11
1.22282077583e-09	-7.28483384727e-11
1.22397540153e-09	-4.92905750937e-11
1.22513002722e-09	-2.17686910164e-11
1.22628465292e-09	6.25629062445e-12
1.22743927862e-09	3.12263166713e-11
1.22859390431e-09	4.99450619751e-11
1.22974853001e-09	6.00341651391e-11
1.2309031557e-09	6.02576877284e-11
1.2320577814e-09	5.06914024645e-11
1.23321240709e-09	3.27101470909e-11
1.23436703279e-09	8.79289870082e-12
1.23552165849e-09	-1.7825912621e-11
1.23667628418e-09	-4.35978926572e-11
1.23783090988e-09	-6.51400530738e-11
1.23898553557e-09	-7.970584609e-11
1.24014016127e-09	-8.5565596275e-11
1.24129478696e-09	-8.22622317487e-11
1.24244941266e-09	-7.06845623699e-11
1.24360403836e-09	-5.29386673387e-11
1.24475866405e-09	-3.19745202537e-11
1.24591328975e-09	-1.10649111401e-11
1.24706791544e-09	6.80882216927e-12
1.24822254114e-09	1.95001913922e-11
1.24937716683e-09	2.60363605675e-11
1.25053179253e-09	2.66602070281e-11
1.25168641823e-09	2.25593207309e-11
1.25284104392e-09	1.53741307879e-11
1.25399566962e-09	6.65798189151e-12
1.25515029531e-09	-2.54325835565e-12
1.25630492101e-09	-1.18355950041e-11
1.2574595467e-09	-2.13216042044e-11
1.2586141724e-09	-3.12158424109e-11
1.25976879809e-09	-4.14226986045e-11
1.26092342379e-09	-5.12403418307e-11
1.26207804949e-09	-5.93462015641e-11
1.26323267518e-09	-6.41003569668e-11
1.26438730088e-09	-6.40238764782e-11
1.26554192657e-09	-5.83280090893e-11
1.26669655227e-09	-4.72510711114e-11
1.26785117796e-09	-3.21045863505e-11
1.26900580366e-09	-1.50086349598e-11
1.27016042936e-09	1.58847403547e-12
1.27131505505e-09	1.54483804221e-11
1.27246968075e-09	2.49320113166e-11
1.27362430644e-09	2.91955869203e-11
1.27477893214e-09	2.81336690056e-11
1.27593355783e-09	2.21804016126e-11
1.27708818353e-09	1.20815024651e-11
1.27824280923e-09	-1.24137115518e-12
1.27939743492e-09	-1.66929803314e-11
1.28055206062e-09	-3.29279936651e-11
1.28170668631e-09	-4.82773994392e-11
1.28286131201e-09	-6.08209038688e-11
1.2840159377e-09	-6.86463386135e-11
1.2851705634e-09	-7.02595273627e-11
1.2863251891e-09	-6.50330206353e-11
1.28747981479e-09	-5.35066921326e-11
1.28863444049e-09	-3.74006658976e-11
1.28978906618e-09	-1.93191400377e-11
1.29094369188e-09	-2.18166847435e-12
1.29209831757e-09	1.14309395283e-11
1.29325294327e-09	1.98312182648e-11
1.29440756897e-09	2.25050585806e-11
1.29556219466e-09	2.0053963698e-11
1.29671682036e-09	1.38425113386e-11
1.29787144605e-09	5.47772721279e-12
1.29902607175e-09	-3.68221859254e-12
1.30018069744e-09	-1.28200566482e-11
1.30133532314e-09	-2.16794030644e-11
1.30248994884e-09	-3.03274558244e-11
1.30364457453e-09	-3.87855338124e-11
1.30479920023e-09	-4.66933158805e-11
1.30595382592e-09	-5.31669291925e-11
1.30710845162e-09	-5.6927379477e-11
1.30826307731e-09	-5.66518151834e-11
1.30941770301e-09	-5.14450704259e-11
1.3105723287e-09	-4.12487093093e-11
1.3117269544e-09	-2.70258503077e-11
1.3128815801e-09	-1.06685858065e-11
1.31403620579e-09	5.38024269234e-12
1.31519083149e-09	1.8657974471e-11
1.31634545718e-09	2.72053352068e-11
1.31750008288e-09	2.99387493963e-11
1.31865470857e-09	2.67594921916e-11
1.31980933427e-09	1.84355464922e-11
1.32096395997e-09	6.3132181774e-12
1.32211858566e-09	-8.0051555662e-12
1.32327321136e-09	-2.29098927329e-11
1.32442783705e-09	-3.6910974277e-11
1.32558246275e-09	-4.86554303791e-11
1.32673708844e-09	-5.69289962393e-11
1.32789171414e-09	-6.06965241956e-11
1.32904633984e-09	-5.92393911703e-11
1.33020096553e-09	-5.23770957161e-11
1.33135559123e-09	-4.06812569742e-11
1.33251021692e-09	-2.5561448791e-11
1.33366484262e-09	-9.17160705022e-12
1.33481946831e-09	5.93523364137e-12
1.33597409401e-09	1.73190628505e-11
1.33712871971e-09	2.31916777449e-11
1.3382833454e-09	2.28194060869e-11
1.3394379711e-09	1.66686837944e-11
1.34059259679e-09	6.23451420698e-12
1.34174722249e-09	-6.38285691662e-12
1.34290184818e-09	-1.90003655171e-11
1.34405647388e-09	-2.98488803119e-11
1.34521109958e-09	-3.78681253022e-11
1.34636572527e-09	-4.27595771291e-11
1.34752035097e-09	-4.48124870545e-11
1.34867497666e-09	-4.46092607298e-11
1.34982960236e-09	-4.27005757142e-11
1.35098422805e-09	-3.9406325425e-11
1.35213885375e-09	-3.47675464807e-11
1.35329347945e-09	-2.86914103587e-11
1.35444810514e-09	-2.11807776179e-11
1.35560273084e-09	-1.25640348819e-11
1.35675735653e-09	-3.60853642974e-12
1.35791198223e-09	4.53795031066e-12
1.35906660792e-09	1.05762768335e-11
1.36022123362e-09	1.3371385596e-11
1.36137585931e-09	1.22488304222e-11
1.36253048501e-09	7.18570472222e-12
1.36368511071e-09	-1.16803615391e-12
1.3648397364e-09	-1.16323183724e-11
1.3659943621e-09	-2.27466066816e-11
1.36714898779e-09	-3.30342281307e-11
1.36830361349e-09	-4.12449553677e-11
1.36945823918e-09	-4.64828349422e-11
1.37061286488e-09	-4.82507193922e-11
1.37176749058e-09	-4.64284236057e-11
1.37292211627e-09	-4.12241490944e-11
1.37407674197e-09	-3.31478455795e-11
1.37523136766e-09	-2.30084198222e-11
1.37638599336e-09	-1.19152257505e-11
1.37754061905e-09	-1.22717493719e-12
1.37869524475e-09	7.57744561541e-12
1.37984987045e-09	1.31363296976e-11
1.38100449614e-09	1.44819468917e-11
1.38215912184e-09	1.12942511246e-11
1.38331374753e-09	4.03928756762e-12
1.38446837323e-09	-6.07421534946e-12
1.38562299892e-09	-1.73282360683e-11
1.38677762462e-09	-2.78528415609e-11
1.38793225032e-09	-3.60267787824e-11
1.38908687601e-09	-4.08008106467e-11
1.39024150171e-09	-4.1852913496e-11
1.3913961274e-09	-3.95538705955e-11
1.3925507531e-09	-3.47742216966e-11
1.39370537879e-09	-2.85998828786e-11
1.39486000449e-09	-2.20587038219e-11
1.39601463019e-09	-1.59287583124e-11
1.39716925588e-09	-1.06706102287e-11
1.39832388158e-09	-6.46652436459e-12
1.39947850727e-09	-3.32964753859e-12
1.40063313297e-09	-1.22336396655e-12
1.40178775866e-09	-1.42882938554e-13
1.40294238436e-09	-1.44701714803e-13
1.40409701006e-09	-1.31537348288e-12
1.40525163575e-09	-3.72175163951e-12
1.40640626145e-09	-7.34364392213e-12
1.40756088714e-09	-1.20191192068e-11
1.40871551284e-09	-1.74196195663e-11
1.40987013853e-09	-2.30497045062e-11
1.41102476423e-09	-2.82775417665e-11
1.41217938992e-09	-3.24073615166e-11
1.41333401562e-09	-3.47765150011e-11
1.41448864132e-09	-3.48757758784e-11
1.41564326701e-09	-3.24677090768e-11
1.41679789271e-09	-2.76749716893e-11
1.4179525184e-09	-2.09986316529e-11
1.4191071441e-09	-1.32769333722e-11
1.42026176979e-09	-5.5619332924e-12
1.42141639549e-09	1.04231618996e-12
1.42257102119e-09	5.55126734511e-12
1.42372564688e-09	7.25435119961e-12
1.42488027258e-09	5.82860756188e-12
1.42603489827e-09	1.39217858162e-12
1.42718952397e-09	-5.5034110949e-12
1.42834414966e-09	-1.39322208284e-11
1.42949877536e-09	-2.27205840947e-11
1.43065340106e-09	-3.06087967472e-11
1.43180802675e-09	-3.64346920689e-11
1.43296265245e-09	-3.93218548e-11
1.43411727814e-09	-3.88273094232e-11
1.43527190384e-09	-3.50400541915e-11
1.43642652953e-09	-2.85774199443e-11
1.43758115523e-09	-2.04908347234e-11
1.43873578093e-09	-1.20817817556e-11
1.43989040662e-09	-4.65306395844e-12
1.44104503232e-09	7.34750042926e-13
1.44219965801e-09	3.4468404693e-12
1.44335428371e-09	3.35891774464e-12
1.4445089094e-09	8.14196691838e-13
1.4456635351e-09	-3.51644711613e-12
1.4468181608e-09	-8.81324960927e-12
1.44797278649e-09	-1.42851303703e-11
1.44912741219e-09	-1.92986911174e-11
1.45028203788e-09	-2.34232702678e-11
1.45143666358e-09	-2.64293153335e-11
1.45259128927e-09	-2.82337955099e-11
1.45374591497e-09	-2.88413130184e-11
1.45490054067e-09	-2.82956193198e-11
1.45605516636e-09	-2.66571573843e-11
1.45720979206e-09	-2.40200290214e-11
1.45836441775e-09	-2.05331029957e-11
1.45951904345e-09	-1.64355039994e-11
1.46067366914e-09	-1.20663166958e-11
1.46182829484e-09	-7.83565747009e-12
1.46298292053e-09	-4.1860924449e-12
1.46413754623e-09	-1.53586995552e-12
1.46529217193e-09	-2.24851197774e-13
1.46644679762e-09	-4.71907614982e-13
1.46760142332e-09	-2.34988005617e-12
1.46875604901e-09	-5.76111077247e-12
1.46991067471e-09	-1.04230192186e-11
1.4710653004e-09	-1.58725723537e-11
1.4722199261e-09	-2.14837644202e-11
1.4733745518e-09	-2.65322191301e-11
1.47452917749e-09	-3.02839385513e-11
1.47568380319e-09	-3.21146373383e-11
1.47683842888e-09	-3.16295808989e-11
1.47799305458e-09	-2.87608409311e-11
1.47914768027e-09	-2.38104952421e-11
1.48030230597e-09	-1.74298579042e-11
1.48145693167e-09	-1.05260392416e-11
1.48261155736e-09	-4.1062613379e-12
1.48376618306e-09	9.04089195002e-13
1.48492080875e-09	3.82601502563e-12
1.48607543445e-09	4.33576351905e-12
1.48723006014e-09	2.50267016312e-12
1.48838468584e-09	-1.26369238424e-12
1.48953931154e-09	-6.32570992115e-12
1.49069393723e-09	-1.1948057127e-11
1.49184856293e-09	-1.7421107959e-11
1.49300318862e-09	-2.21485919882e-11
1.49415781432e-09	-2.56917143809e-11
1.49531244001e-09	-2.77771920049e-11
1.49646706571e-09	-2.82977113963e-11
1.49762169141e-09	-2.72944947893e-11
1.4987763171e-09	-2.49448552092e-11
1.4999309428e-09	-2.15421794986e-11
1.50108556849e-09	-1.74765063532e-11
1.50224019419e-09	-1.31826702332e-11
1.50339481988e-09	-9.09511962272e-12
1.50454944558e-09	-5.59068806874e-12
1.50570407128e-09	-2.95287188798e-12
1.50685869697e-09	-1.35040589822e-12
1.50801332267e-09	-8.59088516471e-13
1.50916794836e-09	-1.48976816126e-12
1.51032257406e-09	-3.21741288126e-12
1.51147719975e-09	-5.99199292614e-12
1.51263182545e-09	-9.71556862739e-12
1.51378645114e-09	-1.41919236779e-11
1.51494107684e-09	-1.90821542595e-11
1.51609570254e-09	-2.38793481516e-11
1.51725032823e-09	-2.79487856469e-11
1.51840495393e-09	-3.06223935098e-11
1.51955957962e-09	-3.13419429299e-11
1.52071420532e-09	-2.97929320103e-11
1.52186883101e-09	-2.60168293159e-11
1.52302345671e-09	-2.04288200939e-11
1.52417808241e-09	-1.37716617624e-11
1.5253327081e-09	-6.98120727893e-12
