% time-domain voltage integration by openEMS v0.37.0-rc1-2-g7b051bb @Tue Jul 14 02:53:26 2026
% start-coordinates: (0.00276414,0.00538747,0.0134125) m -> [74,113,214]
% stop-coordinates: (0.00316151,0.00538747,0.0134125) m -> [80,113,214]
% t/s	voltage
0	0
1.05474700932e-12	0
2.10949401864e-12	0
3.16424102796e-12	0
4.21898803729e-12	0
5.27373504661e-12	0
6.32848205593e-12	0
7.38322906525e-12	0
8.43797607457e-12	-2.71864901045e-27
9.49272308389e-12	-4.87783485764e-23
1.05474700932e-11	-5.81819057142e-20
1.16022171025e-11	-1.39637015747e-17
1.26569641119e-11	-1.08712463757e-15
1.37117111212e-11	-3.5888104418e-14
1.47664581305e-11	-5.98041584075e-13
1.58212051398e-11	-5.69791605493e-12
1.68759521491e-11	-3.40017909932e-11
1.79306991585e-11	-1.35159396912e-10
1.89854461678e-11	-3.68982903259e-10
2.00401931771e-11	-6.84974243992e-10
2.10949401864e-11	-7.59245687154e-10
2.21496871958e-11	6.34583427472e-11
2.32044342051e-11	2.81379080105e-09
2.42591812144e-11	8.99852189984e-09
2.53139282237e-11	2.05102033135e-08
2.6368675233e-11	3.91588568238e-08
2.74234222424e-11	6.5408864991e-08
2.84781692517e-11	9.64746620369e-08
2.9532916261e-11	1.24393658041e-07
3.05876632703e-11	1.33638375921e-07
3.16424102796e-11	9.98949110098e-08
3.2697157289e-11	-6.64379973259e-09
3.37519042983e-11	-2.14537167587e-07
3.48066513076e-11	-5.40875657151e-07
3.58613983169e-11	-9.78266541551e-07
3.69161453263e-11	-1.4836865887e-06
3.79708923356e-11	-1.97256251511e-06
3.90256393449e-11	-2.32664451971e-06
4.00803863542e-11	-2.41361176734e-06
4.11351333635e-11	-2.11886899137e-06
4.21898803729e-11	-1.38271455796e-06
4.32446273822e-11	-2.25493913319e-07
4.42993743915e-11	1.23986388445e-06
4.53541214008e-11	2.82434154997e-06
4.64088684101e-11	4.29989071904e-06
4.74636154195e-11	5.44768835198e-06
4.85183624288e-11	6.10586863559e-06
4.95731094381e-11	6.20015310915e-06
5.06278564474e-11	5.75096751732e-06
5.16826034568e-11	4.85497710656e-06
5.27373504661e-11	3.65340679309e-06
5.37920974754e-11	2.29500686544e-06
5.48468444847e-11	9.0668188335e-07
5.5901591494e-11	-4.19345926872e-07
5.69563385034e-11	-1.62456868935e-06
5.80110855127e-11	-2.66841004759e-06
5.9065832522e-11	-3.51210468352e-06
6.01205795313e-11	-4.10559530906e-06
6.11753265406e-11	-4.38713098561e-06
6.223007355e-11	-4.29698303606e-06
6.32848205593e-11	-3.80194370564e-06
6.43395675686e-11	-2.92076896358e-06
6.53943145779e-11	-1.73890180122e-06
6.64490615873e-11	-4.06413619203e-07
6.75038085966e-11	8.87031717411e-07
6.85585556059e-11	1.9490800014e-06
6.96133026152e-11	2.62694291564e-06
7.06680496245e-11	2.8383281574e-06
7.17227966339e-11	2.58504928752e-06
7.27775436432e-11	1.94813250687e-06
7.38322906525e-11	1.06642077924e-06
7.48870376618e-11	1.08612947969e-07
7.59417846711e-11	-7.58045885618e-07
7.69965316805e-11	-1.39403863386e-06
7.80512786898e-11	-1.7106105048e-06
7.91060256991e-11	-1.68225489006e-06
8.01607727084e-11	-1.34844989219e-06
8.12155197178e-11	-8.02848411752e-07
8.22702667271e-11	-1.69819794671e-07
8.33250137364e-11	4.25183714015e-07
8.43797607457e-11	8.84968713422e-07
8.5434507755e-11	1.15900792252e-06
8.64892547644e-11	1.2466297008e-06
8.75440017737e-11	1.18433781182e-06
8.8598748783e-11	1.0246105191e-06
8.96534957923e-11	8.12848981013e-07
9.07082428016e-11	5.73880793553e-07
9.1762989811e-11	3.13177718425e-07
9.28177368203e-11	2.88283381611e-08
9.38724838296e-11	-2.72658503775e-07
9.49272308389e-11	-5.65288193144e-07
9.59819778483e-11	-8.0283334114e-07
9.70367248576e-11	-9.31873387344e-07
9.80914718669e-11	-9.11896222533e-07
9.91462188762e-11	-7.32530065051e-07
1.00200965886e-10	-4.24545458344e-07
1.01255712895e-10	-5.3163561109e-08
1.02310459904e-10	3.00149157084e-07
1.03365206914e-10	5.60413401018e-07
1.04419953923e-10	6.82649186956e-07
1.05474700932e-10	6.61096205334e-07
1.06529447941e-10	5.26090992992e-07
1.07584194951e-10	3.29306022451e-07
1.0863894196e-10	1.24015350211e-07
1.09693688969e-10	-5.21456797742e-08
1.10748435979e-10	-1.85499875016e-07
1.11803182988e-10	-2.82128425511e-07
1.12857929997e-10	-3.58064706774e-07
1.13912677007e-10	-4.2433034686e-07
1.14967424016e-10	-4.78261018344e-07
1.16022171025e-10	-5.01767154049e-07
1.17076918035e-10	-4.67677736538e-07
1.18131665044e-10	-3.54252776447e-07
1.19186412053e-10	-1.56107532234e-07
1.20241159063e-10	1.07806167549e-07
1.21295906072e-10	3.97329335655e-07
1.22350653081e-10	6.59341271358e-07
1.23405400091e-10	8.43686422058e-07
1.244601471e-10	9.15484719144e-07
1.25514894109e-10	8.63835253995e-07
1.26569641119e-10	7.02251384155e-07
1.27624388128e-10	4.61973190369e-07
1.28679135137e-10	1.83338466186e-07
1.29733882147e-10	-9.56828509757e-08
1.30788629156e-10	-3.444203589e-07
1.31843376165e-10	-5.42785350888e-07
1.32898123175e-10	-6.78505276852e-07
1.33952870184e-10	-7.43974240436e-07
1.35007617193e-10	-7.3323189298e-07
1.36062364202e-10	-6.4129310573e-07
1.37117111212e-10	-4.68630759087e-07
1.38171858221e-10	-2.25088063743e-07
1.3922660523e-10	6.45739492988e-08
1.4028135224e-10	3.61062561183e-07
1.41336099249e-10	6.13703264207e-07
1.42390846258e-10	7.70899823976e-07
1.43445593268e-10	7.9264566466e-07
1.44500340277e-10	6.62099317594e-07
1.45555087286e-10	3.93373127849e-07
1.46609834296e-10	3.10497223488e-08
1.47664581305e-10	-3.57614762692e-07
1.48719328314e-10	-6.97460627919e-07
1.49774075324e-10	-9.22607213738e-07
1.50828822333e-10	-9.91954571816e-07
1.51883569342e-10	-8.98529300741e-07
1.52938316352e-10	-6.71042318601e-07
1.53993063361e-10	-3.65149944059e-07
1.5504781037e-10	-4.87332338928e-08
1.5610255738e-10	2.16069112824e-07
1.57157304389e-10	3.8845599093e-07
1.58212051398e-10	4.57648280161e-07
1.59266798408e-10	4.42039240767e-07
1.60321545417e-10	3.79159931896e-07
1.61376292426e-10	3.10920430735e-07
1.62431039436e-10	2.68081095101e-07
1.63485786445e-10	2.61288030323e-07
1.64540533454e-10	2.7937719338e-07
1.65595280463e-10	2.97388851322e-07
1.66650027473e-10	2.89051046209e-07
1.67704774482e-10	2.39024588566e-07
1.68759521491e-10	1.50048032665e-07
1.69814268501e-10	4.21522847738e-08
1.7086901551e-10	-5.5552786149e-08
1.71923762519e-10	-1.17231942376e-07
1.72978509529e-10	-1.30184155012e-07
1.74033256538e-10	-1.00516555079e-07
1.75088003547e-10	-4.9172670824e-08
1.76142750557e-10	-3.43642586609e-09
1.77197497566e-10	1.52510057222e-08
1.78252244575e-10	1.67617364433e-10
1.79306991585e-10	-3.81219851242e-08
1.80361738594e-10	-7.63087157907e-08
1.81416485603e-10	-8.92049785151e-08
1.82471232613e-10	-6.05294578904e-08
1.83525979622e-10	8.2632317655e-09
1.84580726631e-10	9.7160794077e-08
1.85635473641e-10	1.73052235652e-07
1.8669022065e-10	2.01397675426e-07
1.87744967659e-10	1.58511499038e-07
1.88799714669e-10	4.08762605986e-08
1.89854461678e-10	-1.31312442697e-07
1.90909208687e-10	-3.19304984231e-07
1.91963955697e-10	-4.75638852748e-07
1.93018702706e-10	-5.57841168813e-07
1.94073449715e-10	-5.39821240153e-07
1.95128196724e-10	-4.19484734948e-07
1.96182943734e-10	-2.18732139956e-07
1.97237690743e-10	2.20369926751e-08
1.98292437752e-10	2.54816701073e-07
1.99347184762e-10	4.35779263341e-07
2.00401931771e-10	5.34855466583e-07
2.0145667878e-10	5.42241121337e-07
2.0251142579e-10	4.6818745858e-07
2.03566172799e-10	3.39003296546e-07
2.04620919808e-10	1.89190520139e-07
2.05675666818e-10	5.29042543107e-08
2.06730413827e-10	-4.36189790953e-08
2.07785160836e-10	-8.62547082647e-08
2.08839907846e-10	-7.39683487794e-08
2.09894654855e-10	-1.66490634612e-08
2.10949401864e-10	6.95866804179e-08
2.12004148874e-10	1.66774860588e-07
2.13058895883e-10	2.59422058946e-07
2.14113642892e-10	3.36609581097e-07
2.15168389902e-10	3.92363279644e-07
2.16223136911e-10	4.24626755091e-07
2.1727788392e-10	4.33972058289e-07
2.1833263093e-10	4.21974487352e-07
2.19387377939e-10	3.90863398536e-07
2.20442124948e-10	3.43609798392e-07
2.21496871958e-10	2.842935789e-07
2.22551618967e-10	2.18605379132e-07
2.23606365976e-10	1.53312298856e-07
2.24661112985e-10	9.49977767561e-08
2.25715859995e-10	4.8370610628e-08
2.26770607004e-10	1.45497951465e-08
2.27825354013e-10	-9.62500823487e-09
2.28880101023e-10	-3.05189465366e-08
2.29934848032e-10	-5.55850694361e-08
2.30989595041e-10	-8.98895970991e-08
2.32044342051e-10	-1.33438481598e-07
2.3309908906e-10	-1.79733905981e-07
2.34153836069e-10	-2.16739607595e-07
2.35208583079e-10	-2.30431961512e-07
2.36263330088e-10	-2.0941446266e-07
2.37318077097e-10	-1.50127296372e-07
2.38372824107e-10	-5.96973546152e-08
2.39427571116e-10	4.35630624906e-08
2.40482318125e-10	1.34084621628e-07
2.41537065135e-10	1.8519460987e-07
2.42591812144e-10	1.76903963478e-07
2.43646559153e-10	1.02499275734e-07
2.44701306163e-10	-2.82120680151e-08
2.45756053172e-10	-1.89799896688e-07
2.46810800181e-10	-3.47101263287e-07
2.47865547191e-10	-4.63510080095e-07
2.489202942e-10	-5.10362475836e-07
2.49975041209e-10	-4.74056449207e-07
2.51029788219e-10	-3.59621028068e-07
2.52084535228e-10	-1.89156413199e-07
2.53139282237e-10	3.61994789699e-09
2.54194029246e-10	1.81424733015e-07
2.55248776256e-10	3.11922137897e-07
2.56303523265e-10	3.74256750035e-07
2.57358270274e-10	3.6255040925e-07
2.58413017284e-10	2.85387981691e-07
2.59467764293e-10	1.62727464392e-07
2.60522511302e-10	2.04037464702e-08
2.61577258312e-10	-1.15322314365e-07
2.62632005321e-10	-2.22605370581e-07
2.6368675233e-10	-2.87121828535e-07
2.6474149934e-10	-3.03274585889e-07
2.65796246349e-10	-2.73917283522e-07
2.66850993358e-10	-2.08841427707e-07
2.67905740368e-10	-1.2269062033e-07
2.68960487377e-10	-3.23363542609e-08
2.70015234386e-10	4.5333928167e-08
2.71069981396e-10	9.6093410562e-08
2.72124728405e-10	1.10296512368e-07
2.73179475414e-10	8.45975902664e-08
2.74234222424e-10	2.26320594487e-08
2.75288969433e-10	-6.51951568287e-08
2.76343716442e-10	-1.63267351638e-07
2.77398463452e-10	-2.53541029949e-07
2.78453210461e-10	-3.18931272503e-07
2.7950795747e-10	-3.47199684114e-07
2.8056270448e-10	-3.33569504463e-07
2.81617451489e-10	-2.8231602478e-07
2.82672198498e-10	-2.0591822647e-07
2.83726945507e-10	-1.22254252055e-07
2.84781692517e-10	-5.03455132028e-08
2.85836439526e-10	-5.76095071647e-09
2.86891186535e-10	3.1951675715e-09
2.87945933545e-10	-2.2601635008e-08
2.89000680554e-10	-7.37093488468e-08
2.90055427563e-10	-1.347867844e-07
2.91110174573e-10	-1.89026408748e-07
2.92164921582e-10	-2.22410356798e-07
2.93219668591e-10	-2.27456091295e-07
2.94274415601e-10	-2.04689715844e-07
2.9532916261e-10	-1.62036343454e-07
2.96383909619e-10	-1.12127262142e-07
2.97438656629e-10	-6.85217400598e-08
2.98493403638e-10	-4.19256057232e-08
2.99548150647e-10	-3.74192659081e-08
3.00602897657e-10	-5.35280513247e-08
3.01657644666e-10	-8.30885769076e-08
3.02712391675e-10	-1.15697838865e-07
3.03767138685e-10	-1.40524116787e-07
3.04821885694e-10	-1.49185995113e-07
3.05876632703e-10	-1.37501042552e-07
3.06931379713e-10	-1.06166416103e-07
3.07986126722e-10	-6.0224456977e-08
3.09040873731e-10	-7.68308289212e-09
3.10095620741e-10	4.21227634995e-08
3.1115036775e-10	8.04140718458e-08
3.12205114759e-10	1.00383425128e-07
3.13259861768e-10	9.84287744643e-08
3.14314608778e-10	7.47298232184e-08
3.15369355787e-10	3.35268834917e-08
3.16424102796e-10	-1.73432264106e-08
3.17478849806e-10	-6.75283962082e-08
3.18533596815e-10	-1.05825295194e-07
3.19588343824e-10	-1.22414304471e-07
3.20643090834e-10	-1.11126752245e-07
3.21697837843e-10	-7.13163457178e-08
3.22752584852e-10	-8.75969308201e-09
3.23807331862e-10	6.48832667594e-08
3.24862078871e-10	1.34161799892e-07
3.2591682588e-10	1.82956753747e-07
3.2697157289e-10	1.98486581837e-07
3.28026319899e-10	1.74530704555e-07
3.29081066908e-10	1.13631315024e-07
3.30135813918e-10	2.70649000988e-08
3.31190560927e-10	-6.72876705465e-08
3.32245307936e-10	-1.48978219983e-07
3.33300054946e-10	-1.99881824869e-07
3.34354801955e-10	-2.08736393503e-07
3.35409548964e-10	-1.74217149151e-07
3.36464295974e-10	-1.05330726363e-07
3.37519042983e-10	-1.94964082656e-08
3.38573789992e-10	6.19678806046e-08
3.39628537002e-10	1.19140006305e-07
3.40683284011e-10	1.38599610011e-07
3.4173803102e-10	1.16744847567e-07
3.42792778029e-10	6.05817671584e-08
3.43847525039e-10	-1.44242650046e-08
3.44902272048e-10	-8.86309940995e-08
3.45957019057e-10	-1.43378782624e-07
3.47011766067e-10	-1.66054370254e-07
3.48066513076e-10	-1.52820167187e-07
3.49121260085e-10	-1.09533202952e-07
3.50176007095e-10	-4.9549532255e-08
3.51230754104e-10	1.00599950592e-08
3.52285501113e-10	5.30880631677e-08
3.53340248123e-10	6.84737155865e-08
3.54394995132e-10	5.29296491081e-08
3.55449742141e-10	1.15475067286e-08
3.56504489151e-10	-4.38505880496e-08
3.5755923616e-10	-9.78522196604e-08
3.58613983169e-10	-1.35691827552e-07
3.59668730179e-10	-1.46872721984e-07
3.60723477188e-10	-1.27972231923e-07
3.61778224197e-10	-8.34334121791e-08
3.62832971207e-10	-2.43350199991e-08
3.63887718216e-10	3.44203763269e-08
3.64942465225e-10	7.79319524469e-08
3.65997212235e-10	9.50817558021e-08
3.67051959244e-10	8.13862781612e-08
3.68106706253e-10	3.98892021636e-08
3.69161453263e-10	-1.94946994103e-08
3.70216200272e-10	-8.27482775634e-08
3.71270947281e-10	-1.3510310648e-07
3.7232569429e-10	-1.64696093208e-07
3.733804413e-10	-1.65305229061e-07
3.74435188309e-10	-1.37561078972e-07
3.75489935318e-10	-8.84887185748e-08
3.76544682328e-10	-2.96158839674e-08
3.77599429337e-10	2.58997947533e-08
3.78654176346e-10	6.64315553678e-08
3.79708923356e-10	8.41855936073e-08
3.80763670365e-10	7.68799708339e-08
3.81818417374e-10	4.76348445133e-08
3.82873164384e-10	4.08699363241e-09
3.83927911393e-10	-4.36975615692e-08
3.84982658402e-10	-8.55160973146e-08
3.86037405412e-10	-1.13185846473e-07
3.87092152421e-10	-1.2218967349e-07
3.8814689943e-10	-1.12281076881e-07
3.8920164644e-10	-8.73643086763e-08
3.90256393449e-10	-5.41492948258e-08
3.91311140458e-10	-2.06602825958e-08
3.92365887468e-10	5.86874815411e-09
3.93420634477e-10	2.03931417309e-08
3.94475381486e-10	2.11780677439e-08
3.95530128496e-10	9.85459172598e-09
3.96584875505e-10	-9.32519733654e-09
3.97639622514e-10	-3.07658316601e-08
3.98694369524e-10	-4.91295417682e-08
3.99749116533e-10	-6.06086967281e-08
4.00803863542e-10	-6.38492121396e-08
4.01858610551e-10	-5.97706408811e-08
4.02913357561e-10	-5.12515061502e-08
4.0396810457e-10	-4.17445731316e-08
4.05022851579e-10	-3.43922390567e-08
4.06077598589e-10	-3.10040031981e-08
4.07132345598e-10	-3.16818171142e-08
4.08187092607e-10	-3.51160424905e-08
4.09241839617e-10	-3.91368224911e-08
4.10296586626e-10	-4.17915959616e-08
4.11351333635e-10	-4.19055521395e-08
4.12406080645e-10	-3.9778637273e-08
4.13460827654e-10	-3.67390895484e-08
4.14515574663e-10	-3.48094033598e-08
4.15570321673e-10	-3.56032319182e-08
4.16625068682e-10	-3.96333943442e-08
4.17679815691e-10	-4.59880382664e-08
4.18734562701e-10	-5.23874801317e-08
4.1978930971e-10	-5.61989756953e-08
4.20844056719e-10	-5.52496848272e-08
4.21898803729e-10	-4.89904635748e-08
4.22953550738e-10	-3.86853747369e-08
4.24008297747e-10	-2.73849335847e-08
4.25063044757e-10	-1.87837782273e-08
4.26117791766e-10	-1.61327177173e-08
4.27172538775e-10	-2.10423189984e-08
4.28227285785e-10	-3.27208611317e-08
4.29282032794e-10	-4.82179358663e-08
4.30336779803e-10	-6.29649195005e-08
4.31391526812e-10	-7.22821846821e-08
4.32446273822e-10	-7.25950553004e-08
4.33501020831e-10	-6.27631902006e-08
4.3455576784e-10	-4.44013803502e-08
4.3561051485e-10	-2.18167421906e-08
4.36665261859e-10	-7.50456363718e-10
4.37720008868e-10	1.3085973638e-08
4.38774755878e-10	1.5644949225e-08
4.39829502887e-10	5.90632004416e-09
4.40884249896e-10	-1.39113713882e-08
4.41938996906e-10	-3.87045644423e-08
4.42993743915e-10	-6.20849389676e-08
4.44048490924e-10	-7.79871029977e-08
4.45103237934e-10	-8.25352204359e-08
4.46157984943e-10	-7.48355937219e-08
4.47212731952e-10	-5.72472336202e-08
4.48267478962e-10	-3.44974344646e-08
4.49322225971e-10	-1.22237479028e-08
4.5037697298e-10	4.37161640221e-09
4.5143171999e-10	1.20194881825e-08
4.52486466999e-10	9.72778363417e-09
4.53541214008e-10	-1.00742175713e-09
4.54595961018e-10	-1.70504113051e-08
4.55650708027e-10	-3.44030022248e-08
4.56705455036e-10	-4.93812413183e-08
4.57760202046e-10	-5.92623679019e-08
4.58814949055e-10	-6.28178300488e-08
4.59869696064e-10	-6.03495036167e-08
4.60924443073e-10	-5.3245803322e-08
4.61979190083e-10	-4.36233740242e-08
4.63033937092e-10	-3.35589579459e-08
4.64088684101e-10	-2.47879136106e-08
4.65143431111e-10	-1.83340059731e-08
4.6619817812e-10	-1.46476034635e-08
4.67252925129e-10	-1.36331793077e-08
4.68307672139e-10	-1.50603520765e-08
4.69362419148e-10	-1.86230706412e-08
4.70417166157e-10	-2.39889925702e-08
4.71471913167e-10	-3.08317700259e-08
4.72526660176e-10	-3.84910774365e-08
4.73581407185e-10	-4.60940210445e-08
4.74636154195e-10	-5.2363795966e-08
4.75690901204e-10	-5.60243353931e-08
4.76745648213e-10	-5.59008643819e-08
4.77800395223e-10	-5.14410123387e-08
4.78855142232e-10	-4.28592035195e-08
4.79909889241e-10	-3.13351454784e-08
4.80964636251e-10	-1.8946008068e-08
4.8201938326e-10	-8.21744548796e-09
4.83074130269e-10	-1.77857570338e-09
4.84128877279e-10	-1.533208005e-09
4.85183624288e-10	-8.27503310319e-09
4.86238371297e-10	-2.11432746866e-08
4.87293118307e-10	-3.77715618782e-08
4.88347865316e-10	-5.4563447982e-08
4.89402612325e-10	-6.75388611704e-08
4.90457359334e-10	-7.32197342757e-08
4.91512106344e-10	-6.95620352431e-08
4.92566853353e-10	-5.66256979084e-08
4.93621600362e-10	-3.66318156919e-08
4.94676347372e-10	-1.37580070114e-08
4.95731094381e-10	6.90487211852e-09
4.9678584139e-10	2.03346339767e-08
4.978405884e-10	2.29653116524e-08
4.98895335409e-10	1.35304374371e-08
4.99950082418e-10	-6.33069258127e-09
5.01004829428e-10	-3.23609814501e-08
5.02059576437e-10	-5.84846642226e-08
5.03114323446e-10	-7.81870177491e-08
5.04169070456e-10	-8.62224593945e-08
5.05223817465e-10	-7.98321715401e-08
5.06278564474e-10	-5.98035865274e-08
5.07333311484e-10	-3.02432193733e-08
5.08388058493e-10	2.06922934343e-09
5.09442805502e-10	2.94553994529e-08
5.10497552512e-10	4.50539809904e-08
5.11552299521e-10	4.46885448646e-08
5.1260704653e-10	2.79944727399e-08
5.1366179354e-10	-1.39378880659e-09
5.14716540549e-10	-3.64845376133e-08
5.15771287558e-10	-6.87229002594e-08
5.16826034568e-10	-8.99502072826e-08
5.17880781577e-10	-9.46018570147e-08
5.18935528586e-10	-8.109103522e-08
5.19990275595e-10	-5.24085881359e-08
5.21045022605e-10	-1.53903982891e-08
5.22099769614e-10	2.08905928112e-08
5.23154516623e-10	4.74203711853e-08
5.24209263633e-10	5.75613032794e-08
5.25264010642e-10	4.87126099458e-08
5.26318757651e-10	2.30668593115e-08
5.27373504661e-10	-1.30623242223e-08
5.2842825167e-10	-5.07223290036e-08
5.29482998679e-10	-8.07434910044e-08
5.30537745689e-10	-9.58630925751e-08
5.31592492698e-10	-9.26575713933e-08
5.32647239707e-10	-7.21355428723e-08
5.33701986717e-10	-3.95228210159e-08
5.34756733726e-10	-2.84059586964e-09
5.35811480735e-10	2.91504851369e-08
5.36866227745e-10	4.8943935127e-08
5.37920974754e-10	5.22529473024e-08
5.38975721763e-10	3.87449170525e-08
5.40030468773e-10	1.21830495692e-08
5.41085215782e-10	-2.0758898378e-08
5.42139962791e-10	-5.2066234435e-08
5.43194709801e-10	-7.44662562724e-08
5.4424945681e-10	-8.30438287025e-08
5.45304203819e-10	-7.63074767818e-08
5.46358950829e-10	-5.64437101502e-08
5.47413697838e-10	-2.84658616678e-08
5.48468444847e-10	9.37075583796e-10
5.49523191856e-10	2.52089382702e-08
5.50577938866e-10	3.92602284016e-08
5.51632685875e-10	4.06528846142e-08
5.52687432884e-10	2.98630191686e-08
5.53742179894e-10	1.00968337025e-08
5.54796926903e-10	-1.36918646421e-08
5.55851673912e-10	-3.59437923869e-08
5.56906420922e-10	-5.17386196108e-08
5.57961167931e-10	-5.79226355768e-08
5.5901591494e-10	-5.35413815506e-08
5.6007066195e-10	-4.00910935561e-08
5.61125408959e-10	-2.08716179895e-08
5.62180155968e-10	-3.25628912723e-10
5.63234902978e-10	1.71389720194e-08
5.64289649987e-10	2.79608109999e-08
5.65344396996e-10	3.02734335378e-08
5.66399144006e-10	2.41222517516e-08
5.67453891015e-10	1.13535928437e-08
5.68508638024e-10	-4.78866557518e-09
5.69563385034e-10	-2.06217916077e-08
5.70618132043e-10	-3.26235198855e-08
5.71672879052e-10	-3.83954836813e-08
5.72727626062e-10	-3.69609680639e-08
5.73782373071e-10	-2.90064774422e-08
5.7483712008e-10	-1.65749336478e-08
5.7589186709e-10	-2.59593470331e-09
5.76946614099e-10	9.81450165582e-09
5.78001361108e-10	1.80698029872e-08
5.79056108117e-10	2.05432872935e-08
5.80110855127e-10	1.70266034605e-08
5.81165602136e-10	8.53291848291e-09
5.82220349145e-10	-2.82959243536e-09
5.83275096155e-10	-1.44883183228e-08
5.84329843164e-10	-2.39108790545e-08
5.85384590173e-10	-2.92336412855e-08
5.86439337183e-10	-2.95767585978e-08
5.87494084192e-10	-2.5241652768e-08
5.88548831201e-10	-1.75124921231e-08
5.89603578211e-10	-8.28341761849e-09
5.9065832522e-10	3.55014073694e-10
5.91713072229e-10	6.73209990532e-09
5.92767819239e-10	9.73341512944e-09
5.93822566248e-10	9.12816905396e-09
5.94877313257e-10	5.33214722376e-09
5.95932060267e-10	-6.86254844617e-10
5.96986807276e-10	-7.74407604709e-09
5.98041554285e-10	-1.46389912414e-08
5.99096301295e-10	-2.03319927561e-08
6.00151048304e-10	-2.40817337183e-08
6.01205795313e-10	-2.53742342693e-08
6.02260542323e-10	-2.41424529257e-08
6.03315289332e-10	-2.05302799205e-08
6.04370036341e-10	-1.51157638628e-08
6.05424783351e-10	-8.69279653815e-09
6.0647953036e-10	-2.29546252839e-09
6.07534277369e-10	3.00067787284e-09
6.08589024378e-10	6.20626283698e-09
6.09643771388e-10	6.61616839093e-09
6.10698518397e-10	3.97834598598e-09
6.11753265406e-10	-1.47645519422e-09
6.12808012416e-10	-8.87046180953e-09
6.13862759425e-10	-1.69636649172e-08
6.14917506434e-10	-2.41564850345e-08
6.15972253444e-10	-2.89538364395e-08
6.17027000453e-10	-3.01834757188e-08
6.18081747462e-10	-2.73845230936e-08
6.19136494472e-10	-2.09192264622e-08
6.20191241481e-10	-1.19849960512e-08
6.2124598849e-10	-2.40185639433e-09
6.223007355e-10	5.85100026762e-09
6.23355482509e-10	1.09496021139e-08
6.24410229518e-10	1.18308017827e-08
6.25464976528e-10	8.21970869147e-09
6.26519723537e-10	8.75234537623e-10
6.27574470546e-10	-8.72036431954e-09
6.28629217556e-10	-1.85929347474e-08
6.29683964565e-10	-2.67153701383e-08
6.30738711574e-10	-3.14132857504e-08
6.31793458584e-10	-3.16546679979e-08
6.32848205593e-10	-2.73407256834e-08
6.33902952602e-10	-1.92179387959e-08
6.34957699612e-10	-8.92411386455e-09
6.36012446621e-10	1.50260648368e-09
6.3706719363e-10	9.85396919617e-09
6.38121940639e-10	1.43155085564e-08
6.39176687649e-10	1.38108583458e-08
6.40231434658e-10	8.26325030623e-09
6.41286181667e-10	-1.32351746229e-09
6.42340928677e-10	-1.30691193423e-08
6.43395675686e-10	-2.45198041871e-08
6.44450422695e-10	-3.32280272186e-08
6.45505169705e-10	-3.71520036957e-08
6.46559916714e-10	-3.52709204066e-08
6.47614663723e-10	-2.76978793234e-08
6.48669410733e-10	-1.58654780424e-08
6.49724157742e-10	-2.2048919357e-09
6.50778904751e-10	1.02837002247e-08
6.51833651761e-10	1.86669568691e-08
6.5288839877e-10	2.0784768795e-08
6.53943145779e-10	1.57412249902e-08
6.54997892789e-10	4.2995130789e-09
6.56052639798e-10	-1.13179856598e-08
6.57107386807e-10	-2.76795881771e-08
6.58162133817e-10	-4.10783740357e-08
6.59216880826e-10	-4.82211848229e-08
6.60271627835e-10	-4.71658809786e-08
6.61326374845e-10	-3.78009237245e-08
6.62381121854e-10	-2.19751994379e-08
6.63435868863e-10	-3.16928880362e-09
6.64490615873e-10	1.43084408766e-08
6.65545362882e-10	2.62654331618e-08
6.66600109891e-10	2.97294293627e-08
6.676548569e-10	2.35682142691e-08
6.6870960391e-10	8.97174290415e-09
6.69764350919e-10	-1.0917559079e-08
6.70819097928e-10	-3.15983199606e-08
6.71873844938e-10	-4.82937712043e-08
6.72928591947e-10	-5.70643727826e-08
6.73983338956e-10	-5.57212187502e-08
6.75038085966e-10	-4.44073973149e-08
6.76092832975e-10	-2.55442995645e-08
6.77147579984e-10	-3.39471703525e-09
6.78202326994e-10	1.70372578268e-08
6.79257074003e-10	3.09963756884e-08
6.80311821012e-10	3.52654074831e-08
6.81366568022e-10	2.8782066952e-08
6.82421315031e-10	1.30028200429e-08
6.8347606204e-10	-8.46158099144e-09
6.8453080905e-10	-3.06953540363e-08
6.85585556059e-10	-4.8569124278e-08
6.86640303068e-10	-5.79969618997e-08
6.87695050078e-10	-5.67835050092e-08
6.88749797087e-10	-4.52395259032e-08
6.89804544096e-10	-2.59536128144e-08
6.90859291106e-10	-3.34189859119e-09
6.91914038115e-10	1.74913172835e-08
6.92968785124e-10	3.183963182e-08
6.94023532134e-10	3.64738856895e-08
6.95078279143e-10	3.04163794151e-08
6.96133026152e-10	1.50876370286e-08
6.97187773161e-10	-5.93595284037e-09
6.98242520171e-10	-2.78169338674e-08
6.9929726718e-10	-4.54727344668e-08
7.00352014189e-10	-5.48647998144e-08
7.01406761199e-10	-5.37992024263e-08
7.02461508208e-10	-4.25702291196e-08
7.03516255217e-10	-2.37922959112e-08
7.04571002227e-10	-1.8386986933e-09
7.05625749236e-10	1.81888732964e-08
7.06680496245e-10	3.16978319148e-08
7.07735243255e-10	3.56176088623e-08
7.08789990264e-10	2.91854294066e-08
7.09844737273e-10	1.40021669814e-08
7.10899484283e-10	-6.24580531738e-09
7.11954231292e-10	-2.68226347799e-08
7.13008978301e-10	-4.29252717815e-08
7.14063725311e-10	-5.091738009e-08
7.1511847232e-10	-4.90857758884e-08
7.16173219329e-10	-3.80121352173e-08
7.17227966339e-10	-2.04336993992e-08
7.18282713348e-10	-4.86710366454e-10
7.19337460357e-10	1.7187376411e-08
7.20392207367e-10	2.86283612372e-08
7.21446954376e-10	3.1350635199e-08
7.22501701385e-10	2.49996170432e-08
7.23556448395e-10	1.12662610352e-08
7.24611195404e-10	-6.47318176838e-09
7.25665942413e-10	-2.4046682201e-08
7.26720689422e-10	-3.74768589495e-08
7.27775436432e-10	-4.38531673197e-08
7.28830183441e-10	-4.20327874728e-08
7.2988493045e-10	-3.2735886446e-08
7.3093967746e-10	-1.8373334465e-08
7.31994424469e-10	-2.32214592e-09
7.33049171478e-10	1.17961222457e-08
7.34103918488e-10	2.10346342566e-08
7.35158665497e-10	2.36322270641e-08
7.36213412506e-10	1.94024059041e-08
7.37268159516e-10	9.62578214359e-09
7.38322906525e-10	-3.31169897061e-09
7.39377653534e-10	-1.64531974711e-08
7.40432400544e-10	-2.69997513236e-08
7.41487147553e-10	-3.28075435707e-08
7.42541894562e-10	-3.28959304241e-08
7.43596641572e-10	-2.74935607614e-08
7.44651388581e-10	-1.80278635353e-08
7.4570613559e-10	-6.65961857882e-09
7.467608826e-10	4.14114925684e-09
7.47815629609e-10	1.21738181758e-08
7.48870376618e-10	1.59691804225e-08
7.49925123628e-10	1.49829824103e-08
7.50979870637e-10	9.7466350546e-09
7.52034617646e-10	1.56854546018e-09
7.53089364656e-10	-7.67613231312e-09
7.54144111665e-10	-1.60618669476e-08
7.55198858674e-10	-2.18991691447e-08
7.56253605683e-10	-2.4136336485e-08
7.57308352693e-10	-2.24547672678e-08
7.58363099702e-10	-1.73394016922e-08
7.59417846711e-10	-9.9543336074e-09
7.60472593721e-10	-1.84569240447e-09
7.6152734073e-10	5.29510607583e-09
7.62582087739e-10	1.00793681179e-08
7.63636834749e-10	1.16001935835e-08
7.64691581758e-10	9.71528224536e-09
7.65746328767e-10	4.95191514183e-09
7.66801075777e-10	-1.54565796273e-09
7.67855822786e-10	-8.36062319376e-09
7.68910569795e-10	-1.40819704786e-08
7.69965316805e-10	-1.75941783365e-08
7.71020063814e-10	-1.83238416662e-08
7.72074810823e-10	-1.62306046381e-08
7.73129557833e-10	-1.18722374431e-08
7.74184304842e-10	-6.15456605124e-09
7.75239051851e-10	-2.49352399839e-10
7.76293798861e-10	4.720768082e-09
7.7734854587e-10	7.80592668281e-09
7.78403292879e-10	8.45498648872e-09
7.79458039889e-10	6.58129743758e-09
7.80512786898e-10	2.57808885351e-09
7.81567533907e-10	-2.72467486073e-09
7.82622280917e-10	-8.29250512702e-09
7.83677027926e-10	-1.30061932335e-08
7.84731774935e-10	-1.59737171268e-08
7.85786521944e-10	-1.66124027867e-08
7.86841268954e-10	-1.48367901298e-08
7.87896015963e-10	-1.09922271285e-08
7.88950762972e-10	-5.84783940716e-09
7.90005509982e-10	-4.04074884663e-10
7.91060256991e-10	4.26422253064e-09
7.92115004e-10	7.1958811132e-09
7.9316975101e-10	7.77350933623e-09
7.94224498019e-10	5.78574125415e-09
7.95279245028e-10	1.58076401968e-09
7.96333992038e-10	-4.0627341491e-09
7.97388739047e-10	-9.97988791607e-09
7.98443486056e-10	-1.49365791957e-08
7.99498233066e-10	-1.78267720585e-08
8.00552980075e-10	-1.79776976639e-08
8.01607727084e-10	-1.53080683685e-08
8.02662474094e-10	-1.03391783746e-08
8.03717221103e-10	-4.16376905177e-09
8.04771968112e-10	1.88684995406e-09
8.05826715122e-10	6.43564224134e-09
8.06881462131e-10	8.47465769782e-09
8.0793620914e-10	7.50175158104e-09
8.0899095615e-10	3.72414254296e-09
8.10045703159e-10	-2.04856390185e-09
8.11100450168e-10	-8.53756632058e-09
8.12155197178e-10	-1.42929418301e-08
8.13209944187e-10	-1.80399151173e-08
8.14264691196e-10	-1.89161252218e-08
8.15319438205e-10	-1.67470823875e-08
8.16374185215e-10	-1.2008671807e-08
8.17428932224e-10	-5.80592549038e-09
8.18483679233e-10	4.57978183155e-10
8.19538426243e-10	5.32926891506e-09
8.20593173252e-10	7.70775299141e-09
8.21647920261e-10	7.05716299287e-09
8.22702667271e-10	3.54807101755e-09
8.2375741428e-10	-1.9687007996e-09
8.24812161289e-10	-8.22248669152e-09
8.25866908299e-10	-1.37422049296e-08
8.26921655308e-10	-1.73005754167e-08
8.27976402317e-10	-1.80970032293e-08
8.29031149327e-10	-1.60304343133e-08
8.30085896336e-10	-1.16226269165e-08
8.31140643345e-10	-5.95481786103e-09
8.32195390355e-10	-3.59187207755e-10
8.33250137364e-10	3.87326878903e-09
8.34304884373e-10	5.77173397964e-09
8.35359631383e-10	4.9552748016e-09
8.36414378392e-10	1.6287442367e-09
8.37469125401e-10	-3.37796959848e-09
8.38523872411e-10	-8.9019686067e-09
8.3957861942e-10	-1.36400506445e-08
8.40633366429e-10	-1.65204244729e-08
8.41688113439e-10	-1.69039900966e-08
8.42742860448e-10	-1.47644122483e-08
8.43797607457e-10	-1.06742799044e-08
8.44852354466e-10	-5.65345714687e-09
8.45907101476e-10	-9.53380013824e-10
8.46961848485e-10	2.31681764051e-09
8.48016595494e-10	3.37455444144e-09
8.49071342504e-10	2.035518476e-09
8.50126089513e-10	-1.33028010829e-09
8.51180836522e-10	-5.84263365466e-09
8.52235583532e-10	-1.03914814531e-08
8.53290330541e-10	-1.38783534664e-08
8.5434507755e-10	-1.55147311665e-08
8.5539982456e-10	-1.49962747775e-08
8.56454571569e-10	-1.25375394511e-08
8.57509318578e-10	-8.85751655355e-09
8.58564065588e-10	-4.89785843133e-09
8.59618812597e-10	-1.67579728566e-09
8.60673559606e-10	5.8964916283e-11
8.61728306616e-10	-6.99932889425e-11
8.62783053625e-10	-1.92914383773e-09
8.63837800634e-10	-4.96411955986e-09
8.64892547644e-10	-8.33599878014e-09
8.65947294653e-10	-1.11525692015e-08
8.67002041662e-10	-1.27335281208e-08
8.68056788672e-10	-1.27252202109e-08
8.69111535681e-10	-1.12706894928e-08
8.7016628269e-10	-8.84953782476e-09
8.712210297e-10	-6.21526358158e-09
8.72275776709e-10	-4.09918072403e-09
8.73330523718e-10	-3.04671896045e-09
8.74385270727e-10	-3.24667404072e-09
8.75440017737e-10	-4.51501369625e-09
8.76494764746e-10	-6.37241842627e-09
8.77549511755e-10	-8.19141582342e-09
8.78604258765e-10	-9.43760114502e-09
8.79659005774e-10	-9.7452058645e-09
8.80713752783e-10	-9.1052404505e-09
8.81768499793e-10	-7.75485220483e-09
8.82823246802e-10	-6.16709266987e-09
8.83877993811e-10	-4.84893242225e-09
8.84932740821e-10	-4.22288842783e-09
8.8598748783e-10	-4.48173396311e-09
8.87042234839e-10	-5.54003673665e-09
8.88096981849e-10	-7.06122841448e-09
8.89151728858e-10	-8.51817705261e-09
8.90206475867e-10	-9.4167899034e-09
8.91261222877e-10	-9.36172356303e-09
8.92315969886e-10	-8.28710616796e-09
8.93370716895e-10	-6.4160022295e-09
8.94425463905e-10	-4.2674774825e-09
8.95480210914e-10	-2.47981848944e-09
8.96534957923e-10	-1.62630463263e-09
8.97589704933e-10	-2.03458721398e-09
8.98644451942e-10	-3.65427690885e-09
8.99699198951e-10	-6.09305886301e-09
9.00753945961e-10	-8.65462984612e-09
9.0180869297e-10	-1.06223004281e-08
9.02863439979e-10	-1.13652083855e-08
9.03918186988e-10	-1.0605944345e-08
9.04972933998e-10	-8.44072037265e-09
9.06027681007e-10	-5.35287128511e-09
9.07082428016e-10	-2.09284403696e-09
9.08137175026e-10	5.14414785074e-10
9.09191922035e-10	1.76110487304e-09
9.10246669044e-10	1.26357617425e-09
9.11301416054e-10	-9.64674125303e-10
9.12356163063e-10	-4.41962016984e-09
9.13410910072e-10	-8.29136848068e-09
9.14465657082e-10	-1.15614652851e-08
9.15520404091e-10	-1.33310257833e-08
9.165751511e-10	-1.30282065691e-08
9.1762989811e-10	-1.05983437582e-08
9.18684645119e-10	-6.55289436602e-09
9.19739392128e-10	-1.84655512755e-09
9.20794139138e-10	2.33877239797e-09
9.21848886147e-10	4.94344312707e-09
9.22903633156e-10	5.24096191445e-09
9.23958380166e-10	3.12663296989e-09
9.25013127175e-10	-9.51346154632e-10
9.26067874184e-10	-6.00445004828e-09
9.27122621194e-10	-1.08029676316e-08
9.28177368203e-10	-1.41456995006e-08
9.29232115212e-10	-1.51439693008e-08
9.30286862222e-10	-1.34664041029e-08
9.31341609231e-10	-9.40277994355e-09
9.3239635624e-10	-3.86518815565e-09
9.33451103249e-10	1.87409116004e-09
9.34505850259e-10	6.39345537623e-09
9.35560597268e-10	8.56976190011e-09
9.36615344277e-10	7.78768755039e-09
9.37670091287e-10	4.17732771291e-09
9.38724838296e-10	-1.41060722825e-09
9.39779585305e-10	-7.62089791273e-09
9.40834332315e-10	-1.28945910616e-08
9.41889079324e-10	-1.59031300351e-08
9.42943826333e-10	-1.58475129686e-08
9.43998573343e-10	-1.27077088852e-08
9.45053320352e-10	-7.18354768725e-09
9.46108067361e-10	-5.98949972952e-10
9.47162814371e-10	5.49922213322e-09
9.4821756138e-10	9.65509849848e-09
9.49272308389e-10	1.08716114999e-08
9.50327055399e-10	8.86297230052e-09
9.51381802408e-10	4.08965931953e-09
9.52436549417e-10	-2.30098889942e-09
9.53491296427e-10	-8.78754702338e-09
9.54546043436e-10	-1.37841340564e-08
9.55600790445e-10	-1.60864161991e-08
9.56655537455e-10	-1.50933812115e-08
9.57710284464e-10	-1.10367237571e-08
9.58765031473e-10	-4.86404851119e-09
9.59819778483e-10	1.95863407437e-09
9.60874525492e-10	7.80329600936e-09
9.61929272501e-10	1.1307851655e-08
9.6298401951e-10	1.16565488373e-08
9.6403876652e-10	8.81327066882e-09
9.65093513529e-10	3.47541760648e-09
9.66148260538e-10	-3.05962635783e-09
9.67203007548e-10	-9.25951182396e-09
9.68257754557e-10	-1.36592164246e-08
9.69312501566e-10	-1.52554525679e-08
9.70367248576e-10	-1.3697803336e-08
9.71421995585e-10	-9.363279041e-09
9.72476742594e-10	-3.28970026914e-09
9.73531489604e-10	3.11750475435e-09
9.74586236613e-10	8.36483782241e-09
9.75640983622e-10	1.12647338124e-08
9.76695730632e-10	1.11603760677e-08
9.77750477641e-10	8.12751044243e-09
9.7880522465e-10	2.88317736352e-09
9.7985997166e-10	-3.31947849763e-09
9.80914718669e-10	-9.04444508176e-09
9.81969465678e-10	-1.2981499542e-08
9.83024212688e-10	-1.42379793511e-08
9.84078959697e-10	-1.25752843694e-08
9.85133706706e-10	-8.40439812189e-09
9.86188453716e-10	-2.73410982049e-09
9.87243200725e-10	3.123509007e-09
9.88297947734e-10	7.80510001075e-09
9.89352694744e-10	1.02714423633e-08
9.90407441753e-10	9.97949478609e-09
9.91462188762e-10	7.05101632636e-09
9.92516935771e-10	2.20394555384e-09
9.93571682781e-10	-3.43261091773e-09
9.9462642979e-10	-8.54809401041e-09
9.95681176799e-10	-1.20093920364e-08
9.96735923809e-10	-1.30572047619e-08
9.97790670818e-10	-1.15179732418e-08
9.98845417827e-10	-7.78748387997e-09
9.99900164837e-10	-2.77054676423e-09
1.00095491185e-09	2.37709343875e-09
1.00200965886e-09	6.47175868451e-09
1.00306440586e-09	8.59918725116e-09
1.00411915287e-09	8.31972812865e-09
1.00517389988e-09	5.73256075942e-09
1.00622864689e-09	1.49335507849e-09
1.0072833939e-09	-3.40381162145e-09
1.00833814091e-09	-7.81759734725e-09
1.00939288792e-09	-1.07742557098e-08
1.01044763493e-09	-1.16448595211e-08
1.01150238194e-09	-1.03248604111e-08
1.01255712895e-09	-7.18904857866e-09
1.01361187596e-09	-3.01490252208e-09
1.01466662297e-09	1.21873895698e-09
1.01572136998e-09	4.5796730852e-09
1.01677611699e-09	6.34079222461e-09
1.017830864e-09	6.1808476115e-09
1.018885611e-09	4.1812819318e-09
1.01994035801e-09	8.45363071211e-10
1.02099510502e-09	-3.06800840288e-09
1.02204985203e-09	-6.67440980262e-09
1.02310459904e-09	-9.19597764604e-09
1.02415934605e-09	-1.01115353868e-08
1.02521409306e-09	-9.27147636443e-09
1.02626884007e-09	-6.94484353359e-09
1.02732358708e-09	-3.70149080831e-09
1.02837833409e-09	-3.22675795805e-10
1.0294330811e-09	2.44313319575e-09
1.03048782811e-09	4.00244093424e-09
1.03154257512e-09	4.0769511378e-09
1.03259732213e-09	2.71048986034e-09
1.03365206914e-09	2.66498524637e-10
1.03470681614e-09	-2.69893091209e-09
1.03576156315e-09	-5.54635753991e-09
1.03681631016e-09	-7.68423269459e-09
1.03787105717e-09	-8.70830552113e-09
1.03892580418e-09	-8.43566683173e-09
1.03998055119e-09	-6.98378116448e-09
1.0410352982e-09	-4.6955909716e-09
1.04209004521e-09	-2.10369086734e-09
1.04314479222e-09	2.24177287844e-10
1.04419953923e-09	1.77736020346e-09
1.04525428624e-09	2.24476208455e-09
1.04630903325e-09	1.5629723904e-09
1.04736378026e-09	-8.49866357844e-11
1.04841852727e-09	-2.29846511268e-09
1.04947327427e-09	-4.60157728588e-09
1.05052802128e-09	-6.50389753165e-09
1.05158276829e-09	-7.650662881e-09
1.0526375153e-09	-7.84225595574e-09
1.05369226231e-09	-7.09682868028e-09
1.05474700932e-09	-5.60128249338e-09
1.05580175633e-09	-3.68882863144e-09
1.05685650334e-09	-1.75896240975e-09
1.05791125035e-09	-1.97335751906e-10
1.05896599736e-09	6.74918329557e-10
1.06002074437e-09	6.99102348928e-10
1.06107549138e-09	-1.34467544738e-10
1.06213023839e-09	-1.63729954594e-09
1.0631849854e-09	-3.50150039519e-09
1.06423973241e-09	-5.33119121071e-09
1.06529447941e-09	-6.75617550794e-09
1.06634922642e-09	-7.4845535325e-09
1.06740397343e-09	-7.3805455636e-09
1.06845872044e-09	-6.48328851716e-09
1.06951346745e-09	-4.97900826124e-09
1.07056821446e-09	-3.1915716181e-09
1.07162296147e-09	-1.47190621497e-09
1.07267770848e-09	-1.78639200654e-10
1.07373245549e-09	4.3347864187e-10
1.0747872025e-09	2.22751192491e-10
1.07584194951e-09	-7.74195358863e-10
1.07689669652e-09	-2.37243127921e-09
1.07795144353e-09	-4.24752438777e-09
1.07900619054e-09	-5.99877442164e-09
1.08006093755e-09	-7.24827281529e-09
1.08111568455e-09	-7.68984698141e-09
1.08217043156e-09	-7.21088100342e-09
1.08322517857e-09	-5.8793537816e-09
1.08427992558e-09	-3.97865085322e-09
1.08533467259e-09	-1.91539556438e-09
1.0863894196e-09	-1.54640314443e-10
1.08744416661e-09	9.07081760398e-10
1.08849891362e-09	1.02284058306e-09
1.08955366063e-09	1.54896758614e-10
1.09060840764e-09	-1.50278647859e-09
1.09166315465e-09	-3.5903774398e-09
1.09271790166e-09	-5.6277960625e-09
1.09377264867e-09	-7.15670644968e-09
1.09482739568e-09	-7.81051967547e-09
1.09588214268e-09	-7.42486067074e-09
1.09693688969e-09	-6.05764505224e-09
1.0979916367e-09	-4.0026011533e-09
1.09904638371e-09	-1.709834066e-09
1.10010113072e-09	3.01920523305e-10
1.10115587773e-09	1.5630308714e-09
1.10221062474e-09	1.78578565824e-09
1.10326537175e-09	9.01901248129e-10
1.10432011876e-09	-8.74475131196e-10
1.10537486577e-09	-3.1338645845e-09
1.10642961278e-09	-5.33637151134e-09
1.10748435979e-09	-6.96684393509e-09
1.1085391068e-09	-7.63287255623e-09
1.10959385381e-09	-7.18049963933e-09
1.11064860082e-09	-5.71143410344e-09
1.11170334782e-09	-3.55637846949e-09
1.11275809483e-09	-1.21255983726e-09
1.11381284184e-09	8.06285684052e-10
1.11486758885e-09	2.04502749457e-09
1.11592233586e-09	2.24491736311e-09
1.11697708287e-09	1.37140243606e-09
1.11803182988e-09	-3.62612415788e-10
1.11908657689e-09	-2.55898865986e-09
1.1201413239e-09	-4.70901329042e-09
1.12119607091e-09	-6.31759294878e-09
1.12225081792e-09	-7.01624219834e-09
1.12330556493e-09	-6.63084720465e-09
1.12436031194e-09	-5.25547591557e-09
1.12541505895e-09	-3.18853274339e-09
1.12646980596e-09	-9.04345091868e-10
1.12752455296e-09	1.0918650567e-09
1.12857929997e-09	2.35848127139e-09
1.12963404698e-09	2.63488728058e-09
1.13068879399e-09	1.88140325541e-09
1.131743541e-09	2.950810013e-10
1.13279828801e-09	-1.74653844165e-09
1.13385303502e-09	-3.78433651083e-09
1.13490778203e-09	-5.35135791235e-09
1.13596252904e-09	-6.11719264132e-09
1.13701727605e-09	-5.90823406865e-09
1.13807202306e-09	-4.77845296665e-09
1.13912677007e-09	-2.97210304978e-09
1.14018151708e-09	-8.79284638156e-10
1.14123626409e-09	1.05405880552e-09
1.1422910111e-09	2.41574238391e-09
1.1433457581e-09	2.91942661712e-09
1.14440050511e-09	2.47595313696e-09
1.14545525212e-09	1.18850942282e-09
1.14650999913e-09	-6.33452151844e-10
1.14756474614e-09	-2.58383084373e-09
1.14861949315e-09	-4.22079982076e-09
1.14967424016e-09	-5.18385467885e-09
1.15072898717e-09	-5.26734839079e-09
1.15178373418e-09	-4.46280126742e-09
1.15283848119e-09	-2.95233351655e-09
1.1538932282e-09	-1.0656978338e-09
1.15494797521e-09	7.95419272115e-10
1.15600272222e-09	2.2545124656e-09
1.15705746923e-09	3.01078298404e-09
1.15811221623e-09	2.93153509801e-09
1.15916696324e-09	2.03974932778e-09
1.16022171025e-09	5.33412817388e-10
1.16127645726e-09	-1.26686292012e-09
1.16233120427e-09	-2.97557617435e-09
1.16338595128e-09	-4.22606499795e-09
1.16444069829e-09	-4.74081918167e-09
1.1654954453e-09	-4.40062100648e-09
1.16655019231e-09	-3.27891752638e-09
1.16760493932e-09	-1.60664813051e-09
1.16865968633e-09	2.42966889663e-10
1.16971443334e-09	1.87959567355e-09
1.17076918035e-09	2.95390620297e-09
