% time-domain voltage integration by openEMS v0.37.0-rc1-2-g7b051bb @Sat Jul 18 22:23:04 2026
% start-coordinates: (0.0025586,0.00251038,-0.000635) m -> [73,72,15]
% stop-coordinates: (0.00284105,0.00251038,-0.000635) m -> [78,72,15]
% t/s	voltage
0	0
1.24937544289e-12	0
2.49875088577e-12	0
3.74812632866e-12	0
4.99750177154e-12	0
6.24687721443e-12	0
7.49625265731e-12	0
8.7456281002e-12	0
9.99500354309e-12	0
1.1244378986e-11	0
1.24937544289e-11	0
1.37431298717e-11	0
1.49925053146e-11	0
1.62418807575e-11	0
1.74912562004e-11	0
1.87406316433e-11	0
1.99900070862e-11	0
2.12393825291e-11	0
2.24887579719e-11	0
2.37381334148e-11	0
2.49875088577e-11	0
2.62368843006e-11	0
2.74862597435e-11	0
2.87356351864e-11	0
2.99850106293e-11	0
3.12343860721e-11	0
3.2483761515e-11	0
3.37331369579e-11	0
3.49825124008e-11	0
3.62318878437e-11	0
3.74812632866e-11	0
3.87306387295e-11	0
3.99800141723e-11	0
4.12293896152e-11	0
4.24787650581e-11	0
4.3728140501e-11	0
4.49775159439e-11	0
4.62268913868e-11	0
4.74762668297e-11	0
4.87256422725e-11	0
4.99750177154e-11	0
5.12243931583e-11	0
5.24737686012e-11	0
5.37231440441e-11	0
5.4972519487e-11	0
5.62218949299e-11	0
5.74712703727e-11	0
5.87206458156e-11	0
5.99700212585e-11	0
6.12193967014e-11	0
6.24687721443e-11	0
6.37181475872e-11	0
6.49675230301e-11	0
6.62168984729e-11	0
6.74662739158e-11	6.32879385615e-35
6.87156493587e-11	1.54454682667e-32
6.99650248016e-11	2.14178552534e-30
7.12144002445e-11	2.2818385782e-28
7.24637756874e-11	1.88324586718e-26
7.37131511303e-11	1.21047890659e-24
7.49625265731e-11	6.08757665449e-23
7.6211902016e-11	2.40482972157e-21
7.74612774589e-11	7.48684120868e-20
7.87106529018e-11	1.84165728844e-18
7.99600283447e-11	3.58611494573e-17
8.12094037876e-11	5.53380170351e-16
8.24587792305e-11	6.76905680996e-15
8.37081546733e-11	6.55931387629e-14
8.49575301162e-11	5.02639759242e-13
8.62069055591e-11	3.03618322975e-12
8.7456281002e-11	1.43768019408e-11
8.87056564449e-11	5.28258691131e-11
8.99550318878e-11	1.47398666189e-10
9.12044073307e-11	2.94580235205e-10
9.24537827735e-11	3.28953780881e-10
9.37031582164e-11	-2.84861651628e-10
9.49525336593e-11	-2.66149663419e-09
9.62019091022e-11	-8.62299942561e-09
9.74512845451e-11	-2.06005588144e-08
9.8700659988e-11	-4.09023552805e-08
9.99500354309e-11	-6.98189390747e-08
1.01199410874e-10	-1.0241422288e-07
1.02448786317e-10	-1.24575846527e-07
1.0369816176e-10	-1.10053613334e-07
1.04947537202e-10	-2.14384834329e-08
1.06196912645e-10	1.82357069889e-07
1.07446288088e-10	5.31505115475e-07
1.08695663531e-10	1.02555462433e-06
1.09945038974e-10	1.61536588905e-06
1.11194414417e-10	2.19713180627e-06
1.1244378986e-10	2.62618718239e-06
1.13693165303e-10	2.75193718835e-06
1.14942540745e-10	2.4659608755e-06
1.16191916188e-10	1.74487045967e-06
1.17441291631e-10	6.68712665686e-07
1.18690667074e-10	-5.95763808064e-07
1.19940042517e-10	-1.8457644444e-06
1.2118941796e-10	-2.91029161303e-06
1.22438793403e-10	-3.70910950664e-06
1.23688168846e-10	-4.28081250448e-06
1.24937544289e-10	-4.76826818385e-06
1.26186919731e-10	-5.36329361012e-06
1.27436295174e-10	-6.22716146381e-06
1.28685670617e-10	-7.4119533906e-06
1.2993504606e-10	-8.80766242517e-06
1.31184421503e-10	-1.01352900401e-05
1.32433796946e-10	-1.09952410412e-05
1.33683172389e-10	-1.0964209423e-05
1.34932547832e-10	-9.71906069935e-06
1.36181923275e-10	-7.15553551345e-06
1.37431298717e-10	-3.46455885847e-06
1.3868067416e-10	8.64072404738e-07
1.39930049603e-10	5.12488765025e-06
1.41179425046e-10	8.55581060932e-06
1.42428800489e-10	1.05334418095e-05
1.43678175932e-10	1.07469351178e-05
1.44927551375e-10	9.29109376102e-06
1.46176926818e-10	6.64237785486e-06
1.47426302261e-10	3.52280781613e-06
1.48675677703e-10	6.94508976551e-07
1.49925053146e-10	-1.24624206421e-06
1.51174428589e-10	-2.01040577963e-06
1.52423804032e-10	-1.65609196756e-06
1.53673179475e-10	-5.25176361066e-07
1.54922554918e-10	8.89402912208e-07
1.56171930361e-10	2.0973881476e-06
1.57421305804e-10	2.73976667131e-06
1.58670681246e-10	2.66046365027e-06
1.59920056689e-10	1.9157843667e-06
1.61169432132e-10	7.31219735428e-07
1.62418807575e-10	-5.72723941161e-07
1.63668183018e-10	-1.66267538759e-06
1.64917558461e-10	-2.2685302099e-06
1.66166933904e-10	-2.24023409601e-06
1.67416309347e-10	-1.57946270463e-06
1.6866568479e-10	-4.39671620001e-07
1.69915060232e-10	9.11684793437e-07
1.71164435675e-10	2.16130732156e-06
1.72413811118e-10	3.0343001356e-06
1.73663186561e-10	3.36840841442e-06
1.74912562004e-10	3.15201401691e-06
1.76161937447e-10	2.5140979858e-06
1.7741131289e-10	1.67109992333e-06
1.78660688333e-10	8.5338346878e-07
1.79910063776e-10	2.36912530482e-07
1.81159439218e-10	-9.630017761e-08
1.82408814661e-10	-1.60020576345e-07
1.83658190104e-10	-3.62786991559e-08
1.84907565547e-10	1.68817418711e-07
1.8615694099e-10	3.65177154293e-07
1.87406316433e-10	5.00485668908e-07
1.88655691876e-10	5.60722526188e-07
1.89905067319e-10	5.54679708387e-07
1.91154442762e-10	4.95762847663e-07
1.92403818204e-10	3.91359115781e-07
1.93653193647e-10	2.44986221531e-07
1.9490256909e-10	6.51702301013e-08
1.96151944533e-10	-1.283201847e-07
1.97401319976e-10	-3.06689809548e-07
1.98650695419e-10	-4.43266074512e-07
1.99900070862e-10	-5.24333195528e-07
2.01149446305e-10	-5.53510574264e-07
2.02398821747e-10	-5.45255119277e-07
2.0364819719e-10	-5.12164618272e-07
2.04897572633e-10	-4.55322702209e-07
2.06146948076e-10	-3.6167570272e-07
2.07396323519e-10	-2.13033384711e-07
2.08645698962e-10	-9.90905135723e-11
2.09895074405e-10	2.65146102407e-07
2.11144449848e-10	5.43892269889e-07
2.12393825291e-10	7.77449258749e-07
2.13643200733e-10	9.02592255159e-07
2.14892576176e-10	8.73105101107e-07
2.16141951619e-10	6.78680990518e-07
2.17391327062e-10	3.5295655465e-07
2.18640702505e-10	-3.14188701722e-08
2.19890077948e-10	-3.82811130351e-07
2.21139453391e-10	-6.17010307735e-07
2.22388828834e-10	-6.80881683479e-07
2.23638204277e-10	-5.6551005656e-07
2.24887579719e-10	-3.04191217992e-07
2.26136955162e-10	4.03295894458e-08
2.27386330605e-10	3.93645489538e-07
2.28635706048e-10	6.86135905426e-07
2.29885081491e-10	8.64019654045e-07
2.31134456934e-10	8.96111188808e-07
2.32383832377e-10	7.77402519248e-07
2.3363320782e-10	5.30071119442e-07
2.34882583262e-10	2.01525615751e-07
2.36131958705e-10	-1.42749128074e-07
2.37381334148e-10	-4.3134937755e-07
2.38630709591e-10	-6.02415802575e-07
2.39880085034e-10	-6.18773334793e-07
2.41129460477e-10	-4.77404377364e-07
2.4237883592e-10	-2.11531355987e-07
2.43628211363e-10	1.16823057894e-07
2.44877586806e-10	4.3159931451e-07
2.46126962248e-10	6.60919987183e-07
2.47376337691e-10	7.55114157869e-07
2.48625713134e-10	6.98575426838e-07
2.49875088577e-10	5.1309700666e-07
2.5112446402e-10	2.50316649186e-07
2.52373839463e-10	-2.33988568521e-08
2.53623214906e-10	-2.44845637098e-07
2.54872590349e-10	-3.69893573549e-07
2.56121965792e-10	-3.81427195606e-07
2.57371341234e-10	-2.89997601044e-07
2.58620716677e-10	-1.27107897541e-07
2.5987009212e-10	6.45987254799e-08
2.61119467563e-10	2.41245079025e-07
2.62368843006e-10	3.66475639169e-07
2.63618218449e-10	4.16688472171e-07
2.64867593892e-10	3.84687158572e-07
2.66116969335e-10	2.79496877198e-07
2.67366344778e-10	1.23801205731e-07
2.6861572022e-10	-5.07578583608e-08
2.69865095663e-10	-2.10168014547e-07
2.71114471106e-10	-3.24068189173e-07
2.72363846549e-10	-3.71810127575e-07
2.73613221992e-10	-3.45849866079e-07
2.74862597435e-10	-2.53610977552e-07
2.76111972878e-10	-1.16273701778e-07
2.77361348321e-10	3.58023877212e-08
2.78610723763e-10	1.69389320348e-07
2.79860099206e-10	2.56742602289e-07
2.81109474649e-10	2.81733530727e-07
2.82358850092e-10	2.43705898129e-07
2.83608225535e-10	1.56567597998e-07
2.84857600978e-10	4.41393868122e-08
2.86106976421e-10	-6.6133387655e-08
2.87356351864e-10	-1.50574917868e-07
2.88605727307e-10	-1.93931454007e-07
2.89855102749e-10	-1.92300532831e-07
2.91104478192e-10	-1.52319937996e-07
2.92353853635e-10	-8.80390294e-08
2.93603229078e-10	-1.6709336359e-08
2.94852604521e-10	4.60990756679e-08
2.96101979964e-10	8.89179156971e-08
2.97351355407e-10	1.06073250628e-07
2.9860073085e-10	9.70663167621e-08
2.99850106293e-10	6.55539178496e-08
3.01099481735e-10	1.85906754435e-08
3.02348857178e-10	-3.46179831467e-08
3.03598232621e-10	-8.33954825197e-08
3.04847608064e-10	-1.17785718956e-07
3.06096983507e-10	-1.30451827118e-07
3.0734635895e-10	-1.18712033981e-07
3.08595734393e-10	-8.52542170193e-08
3.09845109836e-10	-3.71817137079e-08
3.11094485279e-10	1.56791473138e-08
3.12343860721e-10	6.36236796581e-08
3.13593236164e-10	9.87948265418e-08
3.14842611607e-10	1.16965146013e-07
3.1609198705e-10	1.17888498963e-07
3.17341362493e-10	1.04935545586e-07
3.18590737936e-10	8.41768672544e-08
3.19840113379e-10	6.22315381449e-08
3.21089488822e-10	4.4836289792e-08
3.22338864264e-10	3.50735374077e-08
3.23588239707e-10	3.33435390409e-08
3.2483761515e-10	3.80030464875e-08
3.26086990593e-10	4.63079934399e-08
3.27336366036e-10	5.56419736952e-08
3.28585741479e-10	6.3506147896e-08
3.29835116922e-10	6.79802427683e-08
3.31084492365e-10	6.75798377259e-08
3.32333867808e-10	6.18790219065e-08
3.3358324325e-10	5.19110945341e-08
3.34832618693e-10	4.00323192373e-08
3.36081994136e-10	2.94530226874e-08
3.37331369579e-10	2.27341756531e-08
3.38580745022e-10	2.12367594621e-08
3.39830120465e-10	2.46541591586e-08
3.41079495908e-10	3.17477031331e-08
3.42328871351e-10	4.10367455572e-08
3.43578246794e-10	5.0960554443e-08
3.44827622236e-10	6.00399898687e-08
3.46076997679e-10	6.61818804204e-08
3.47326373122e-10	6.71502409233e-08
3.48575748565e-10	6.10409145452e-08
3.49825124008e-10	4.7302285644e-08
3.51074499451e-10	2.73582139165e-08
3.52323874894e-10	4.16507076051e-09
3.53573250337e-10	-1.83404935683e-08
3.5482262578e-10	-3.66276804442e-08
3.56072001222e-10	-4.80299258143e-08
3.57321376665e-10	-5.12553803844e-08
3.58570752108e-10	-4.641438478e-08
3.59820127551e-10	-3.48830333508e-08
3.61069502994e-10	-1.93348559385e-08
3.62318878437e-10	-2.8814989006e-09
3.6356825388e-10	1.15547157398e-08
3.64817629323e-10	2.2411743128e-08
3.66067004765e-10	2.97799447324e-08
3.67316380208e-10	3.49759612384e-08
3.68565755651e-10	3.96298571737e-08
3.69815131094e-10	4.45603816068e-08
3.71064506537e-10	4.9821491821e-08
3.7231388198e-10	5.4979063524e-08
3.73563257423e-10	6.01240746079e-08
3.74812632866e-10	6.59597008124e-08
3.76062008309e-10	7.31791693909e-08
3.77311383751e-10	8.16044023466e-08
3.78560759194e-10	8.94845788579e-08
3.79810134637e-10	9.43156548416e-08
3.8105951008e-10	9.39222370988e-08
3.82308885523e-10	8.78684458527e-08
3.83558260966e-10	7.76869821806e-08
3.84807636409e-10	6.59939569658e-08
3.86057011852e-10	5.52997985181e-08
3.87306387295e-10	4.69218606192e-08
3.88555762737e-10	4.12584646448e-08
3.8980513818e-10	3.82603873028e-08
3.91054513623e-10	3.81510711911e-08
3.92303889066e-10	4.12257721294e-08
3.93553264509e-10	4.71497814125e-08
3.94802639952e-10	5.45500551397e-08
3.96052015395e-10	6.09840817845e-08
3.97301390838e-10	6.41015667213e-08
3.98550766281e-10	6.25544691601e-08
3.99800141723e-10	5.671046166e-08
4.01049517166e-10	4.82569508797e-08
4.02298892609e-10	3.92609442734e-08
4.03548268052e-10	3.1466160344e-08
4.04797643495e-10	2.57971022322e-08
4.06047018938e-10	2.27522425345e-08
4.07296394381e-10	2.24568601492e-08
4.08545769824e-10	2.47973084289e-08
4.09795145266e-10	2.91691975018e-08
4.11044520709e-10	3.42918715646e-08
4.12293896152e-10	3.86762657456e-08
4.13543271595e-10	4.09358187348e-08
4.14792647038e-10	4.05230795586e-08
4.16042022481e-10	3.76089563936e-08
4.17291397924e-10	3.2803572747e-08
4.18540773367e-10	2.67438384771e-08
4.1979014881e-10	1.98600416113e-08
4.21039524252e-10	1.28191238735e-08
4.22288899695e-10	6.59457399799e-09
4.23538275138e-10	2.57858903674e-09
4.24787650581e-10	1.87190699052e-09
4.26037026024e-10	4.58754745303e-09
4.27286401467e-10	9.59282053792e-09
4.2853577691e-10	1.48205363537e-08
4.29785152353e-10	1.83543775734e-08
4.31034527796e-10	1.91365223667e-08
4.32283903238e-10	1.73601750753e-08
4.33533278681e-10	1.39691085366e-08
4.34782654124e-10	9.95643090196e-09
4.36032029567e-10	5.92439763913e-09
4.3728140501e-10	2.06090511323e-09
4.38530780453e-10	-1.37549091561e-09
4.39780155896e-10	-3.87233034527e-09
4.41029531339e-10	-4.67472566212e-09
4.42278906782e-10	-3.28565594176e-09
4.43528282224e-10	1.37053653149e-10
4.44777657667e-10	4.77008887945e-09
4.4602703311e-10	9.42480504751e-09
4.47276408553e-10	1.31398748549e-08
4.48525783996e-10	1.54262360663e-08
4.49775159439e-10	1.6365060862e-08
4.51024534882e-10	1.62901130363e-08
4.52273910325e-10	1.5583565105e-08
4.53523285767e-10	1.46086593933e-08
4.5477266121e-10	1.36914151128e-08
4.56022036653e-10	1.32144470921e-08
4.57271412096e-10	1.34508457705e-08
4.58520787539e-10	1.45348869607e-08
4.59770162982e-10	1.63241506979e-08
4.61019538425e-10	1.85524497986e-08
4.62268913868e-10	2.09249082506e-08
4.63518289311e-10	2.3115865444e-08
4.64767664753e-10	2.48045162188e-08
4.66017040196e-10	2.54886458606e-08
4.67266415639e-10	2.47125708785e-08
4.68515791082e-10	2.22223417445e-08
4.69765166525e-10	1.82994008835e-08
4.71014541968e-10	1.38083120493e-08
4.72263917411e-10	9.7919002906e-09
4.73513292854e-10	7.06462049971e-09
4.74762668297e-10	5.70238506414e-09
4.76012043739e-10	5.20545861971e-09
4.77261419182e-10	4.85510687209e-09
4.78510794625e-10	4.2577548709e-09
4.79760170068e-10	3.56617790853e-09
4.81009545511e-10	3.15636142223e-09
4.82258920954e-10	3.26689306163e-09
4.83508296397e-10	3.56502544152e-09
4.8475767184e-10	3.39231404078e-09
4.86007047283e-10	2.17875131825e-09
4.87256422725e-10	-5.26613128105e-11
4.88505798168e-10	-2.60514110284e-09
4.89755173611e-10	-4.56012122507e-09
4.91004549054e-10	-5.24900972687e-09
4.92253924497e-10	-4.7122489244e-09
4.9350329994e-10	-3.46511050409e-09
4.94752675383e-10	-2.11323586408e-09
4.96002050826e-10	-8.96841448328e-10
4.97251426268e-10	3.89270983503e-10
4.98500801711e-10	2.01659178245e-09
4.99750177154e-10	4.01755934076e-09
5.00999552597e-10	5.93272064808e-09
5.0224892804e-10	7.16017545255e-09
5.03498303483e-10	7.32648297586e-09
5.04747678926e-10	6.63088839392e-09
5.05997054369e-10	5.78170766818e-09
5.07246429812e-10	5.49156753404e-09
5.08495805254e-10	6.15535439286e-09
5.09745180697e-10	7.55510520811e-09
5.1099455614e-10	9.21706522217e-09
5.12243931583e-10	1.07305350161e-08
5.13493307026e-10	1.20326757447e-08
5.14742682469e-10	1.33871052022e-08
5.15992057912e-10	1.49816690165e-08
5.17241433355e-10	1.6765259625e-08
5.18490808798e-10	1.82805919291e-08
5.1974018424e-10	1.90814044565e-08
5.20989559683e-10	1.90026530067e-08
5.22238935126e-10	1.8322800388e-08
5.23488310569e-10	1.76473373692e-08
5.24737686012e-10	1.74143566234e-08
5.25987061455e-10	1.77547982982e-08
5.27236436898e-10	1.83502280038e-08
5.28485812341e-10	1.88244482224e-08
5.29735187784e-10	1.90070044148e-08
5.30984563226e-10	1.90466966643e-08
5.32233938669e-10	1.92892068984e-08
5.33483314112e-10	1.98246215e-08
5.34732689555e-10	2.04583388008e-08
5.35982064998e-10	2.0688334601e-08
5.37231440441e-10	2.01428675961e-08
5.38480815884e-10	1.8846224803e-08
5.39730191327e-10	1.72192433645e-08
5.40979566769e-10	1.58927933036e-08
5.42228942212e-10	1.51884380628e-08
5.43478317655e-10	1.5048506663e-08
5.44727693098e-10	1.50425403245e-08
5.45977068541e-10	1.47861598521e-08
5.47226443984e-10	1.42279795723e-08
5.48475819427e-10	1.36098674552e-08
5.4972519487e-10	1.33160361626e-08
5.50974570313e-10	1.34050919254e-08
5.52223945755e-10	1.36269086015e-08
5.53473321198e-10	1.35095804543e-08
5.54722696641e-10	1.27623736024e-08
5.55972072084e-10	1.15296563408e-08
5.57221447527e-10	1.02630485221e-08
5.5847082297e-10	9.48649037102e-09
5.59720198413e-10	9.3421995695e-09
5.60969573856e-10	9.60861656907e-09
5.62218949299e-10	9.84282655381e-09
5.63468324741e-10	9.77929170976e-09
5.64717700184e-10	9.55915357981e-09
5.65967075627e-10	9.5481959006e-09
5.6721645107e-10	1.00964605565e-08
5.68465826513e-10	1.1131310873e-08
5.69715201956e-10	1.22514424161e-08
5.70964577399e-10	1.29490733691e-08
5.72213952842e-10	1.30167959744e-08
5.73463328285e-10	1.27271656547e-08
5.74712703727e-10	1.25827623876e-08
5.7596207917e-10	1.30374167018e-08
5.77211454613e-10	1.40644917934e-08
5.78460830056e-10	1.52866870273e-08
5.79710205499e-10	1.62114701663e-08
5.80959580942e-10	1.66408107294e-08
5.82208956385e-10	1.68202101136e-08
5.83458331828e-10	1.71796152859e-08
5.8470770727e-10	1.80563188845e-08
5.85957082713e-10	1.93145119898e-08
5.87206458156e-10	2.05194732317e-08
5.88455833599e-10	2.11846533649e-08
5.89705209042e-10	2.11542658946e-08
5.90954584485e-10	2.07331345425e-08
5.92203959928e-10	2.03973704593e-08
5.93453335371e-10	2.05286954102e-08
5.94702710814e-10	2.10585398008e-08
5.95952086256e-10	2.16199076419e-08
5.97201461699e-10	2.1786965787e-08
5.98450837142e-10	2.14027606749e-08
5.99700212585e-10	2.07136143793e-08
6.00949588028e-10	2.01009739964e-08
6.02198963471e-10	1.98862040168e-08
6.03448338914e-10	2.00014376173e-08
6.04697714357e-10	2.01228878005e-08
6.059470898e-10	1.9871619461e-08
6.07196465242e-10	1.90782822873e-08
6.08445840685e-10	1.79348504936e-08
6.09695216128e-10	1.6767121469e-08
6.10944591571e-10	1.59111799292e-08
6.12193967014e-10	1.54145656239e-08
6.13443342457e-10	1.51034884599e-08
6.146927179e-10	1.47018006658e-08
6.15942093343e-10	1.40211685595e-08
6.17191468785e-10	1.3119863751e-08
6.18440844228e-10	1.21728042091e-08
6.19690219671e-10	1.14220829461e-08
6.20939595114e-10	1.09372413348e-08
6.22188970557e-10	1.0637440151e-08
6.23438346e-10	1.03348116731e-08
6.24687721443e-10	9.84143133653e-09
6.25937096886e-10	9.140084134e-09
6.27186472329e-10	8.31840718529e-09
6.28435847771e-10	7.58319773642e-09
6.29685223214e-10	7.07211245121e-09
6.30934598657e-10	6.81921519252e-09
6.321839741e-10	6.74348249463e-09
6.33433349543e-10	6.68044847218e-09
6.34682724986e-10	6.54303972114e-09
6.35932100429e-10	6.30285817982e-09
6.37181475872e-10	6.07234817984e-09
6.38430851315e-10	5.95685262228e-09
6.39680226757e-10	6.01336974659e-09
6.409296022e-10	6.21008211521e-09
6.42178977643e-10	6.41879932539e-09
6.43428353086e-10	6.55913662273e-09
6.44677728529e-10	6.57601145759e-09
6.45927103972e-10	6.54767950969e-09
6.47176479415e-10	6.57123733205e-09
6.48425854858e-10	6.72497235676e-09
6.49675230301e-10	7.01611591047e-09
6.50924605743e-10	7.36640559662e-09
6.52173981186e-10	7.71281638556e-09
6.53423356629e-10	7.98386468048e-09
6.54672732072e-10	8.1909398153e-09
6.55922107515e-10	8.35161451107e-09
6.57171482958e-10	8.48905890027e-09
6.58420858401e-10	8.61106230765e-09
6.59670233844e-10	8.68654714825e-09
6.60919609286e-10	8.73901717657e-09
6.62168984729e-10	8.76293038132e-09
6.63418360172e-10	8.77896755291e-09
6.64667735615e-10	8.76366978986e-09
6.65917111058e-10	8.6789528897e-09
6.67166486501e-10	8.50927883711e-09
6.68415861944e-10	8.25071322375e-09
6.69665237387e-10	7.9837467748e-09
6.7091461283e-10	7.75827935229e-09
6.72163988272e-10	7.60785368037e-09
6.73413363715e-10	7.46283379538e-09
6.74662739158e-10	7.20316584157e-09
6.75912114601e-10	6.7600935405e-09
6.77161490044e-10	6.13533568394e-09
6.78410865487e-10	5.47095946324e-09
6.7966024093e-10	4.90575763346e-09
6.80909616373e-10	4.52804105322e-09
6.82158991816e-10	4.28304719469e-09
6.83408367258e-10	4.01045580078e-09
6.84657742701e-10	3.57815399532e-09
6.85907118144e-10	2.942714461e-09
6.87156493587e-10	2.24426902062e-09
6.8840586903e-10	1.65626527771e-09
6.89655244473e-10	1.31242905432e-09
6.90904619916e-10	1.18408485794e-09
6.92153995359e-10	1.09826586714e-09
6.93403370802e-10	8.78086707512e-10
6.94652746244e-10	4.29036979555e-10
6.95902121687e-10	-1.37079310576e-10
6.9715149713e-10	-6.24252698145e-10
6.98400872573e-10	-8.39005767639e-10
6.99650248016e-10	-7.48632766889e-10
7.00899623459e-10	-4.99006176657e-10
7.02148998902e-10	-2.98179429065e-10
7.03398374345e-10	-3.15590255318e-10
7.04647749787e-10	-5.17259082788e-10
7.0589712523e-10	-7.36100506937e-10
7.07146500673e-10	-7.50624881696e-10
7.08395876116e-10	-4.61478071034e-10
7.09645251559e-10	4.36620800279e-11
7.10894627002e-10	5.62970697837e-10
7.12144002445e-10	8.80194403474e-10
7.13393377888e-10	9.55027043559e-10
7.14642753331e-10	9.09026576235e-10
7.15892128773e-10	9.7657155973e-10
7.17141504216e-10	1.3279714689e-09
7.18390879659e-10	1.94432525635e-09
7.19640255102e-10	2.65122940268e-09
7.20889630545e-10	3.19951082295e-09
7.22139005988e-10	3.47100875819e-09
7.23388381431e-10	3.51777681984e-09
7.24637756874e-10	3.54998516694e-09
7.25887132317e-10	3.77801545604e-09
7.27136507759e-10	4.25633400747e-09
7.28385883202e-10	4.86971635238e-09
7.29635258645e-10	5.37802019585e-09
7.30884634088e-10	5.6235189283e-09
7.32134009531e-10	5.60590990295e-09
7.33383384974e-10	5.49463591293e-09
7.34632760417e-10	5.50618034501e-09
7.3588213586e-10	5.74337533088e-09
7.37131511303e-10	6.14707362789e-09
7.38380886745e-10	6.51193787782e-09
7.39630262188e-10	6.66497224078e-09
7.40879637631e-10	6.55081433543e-09
7.42129013074e-10	6.28988894302e-09
7.43378388517e-10	6.07105438144e-09
7.4462776396e-10	6.01923960675e-09
7.45877139403e-10	6.1312943056e-09
7.47126514846e-10	6.26609519827e-09
7.48375890288e-10	6.27625706962e-09
7.49625265731e-10	6.08869293872e-09
7.50874641174e-10	5.76806052921e-09
7.52124016617e-10	5.45237266447e-09
7.5337339206e-10	5.25635485138e-09
7.54622767503e-10	5.2104744408e-09
7.55872142946e-10	5.22692172877e-09
7.57121518389e-10	5.20096116174e-09
7.58370893832e-10	5.05704117471e-09
7.59620269274e-10	4.81118500595e-09
7.60869644717e-10	4.54259169169e-09
7.6211902016e-10	4.33582325599e-09
7.63368395603e-10	4.23754675793e-09
7.64617771046e-10	4.21841839238e-09
7.65867146489e-10	4.22908696951e-09
7.67116521932e-10	4.21280416107e-09
7.68365897375e-10	4.16062262421e-09
7.69615272818e-10	4.09698869275e-09
7.7086464826e-10	4.05637728962e-09
7.72114023703e-10	4.07247424672e-09
7.73363399146e-10	4.14482864697e-09
7.74612774589e-10	4.26505908369e-09
7.75862150032e-10	4.40376535238e-09
7.77111525475e-10	4.54710596953e-09
7.78360900918e-10	4.68420363609e-09
7.79610276361e-10	4.80654316348e-09
7.80859651804e-10	4.93121654621e-09
7.82109027246e-10	5.06510278164e-09
7.83358402689e-10	5.23460219615e-09
7.84607778132e-10	5.44525652346e-09
7.85857153575e-10	5.69491187541e-09
7.87106529018e-10	5.96290794519e-09
7.88355904461e-10	6.2102652465e-09
7.89605279904e-10	6.41789471567e-09
7.90854655347e-10	6.57430432316e-09
7.92104030789e-10	6.71409200459e-09
7.93353406232e-10	6.86621598467e-09
7.94602781675e-10	7.05687336344e-09
7.95852157118e-10	7.28158028318e-09
7.97101532561e-10	7.49412909506e-09
7.98350908004e-10	7.65454366558e-09
7.99600283447e-10	7.72567665397e-09
8.0084965889e-10	7.73046326952e-09
8.02099034333e-10	7.71436925451e-09
8.03348409775e-10	7.73705832735e-09
8.04597785218e-10	7.82040965319e-09
8.05847160661e-10	7.92756194024e-09
8.07096536104e-10	8.00124433376e-09
8.08345911547e-10	7.9684323584e-09
8.0959528699e-10	7.8237051282e-09
8.10844662433e-10	7.60737950412e-09
8.12094037876e-10	7.40402772426e-09
8.13343413319e-10	7.27911270149e-09
8.14592788761e-10	7.22448917356e-09
8.15842164204e-10	7.18178061465e-09
8.17091539647e-10	7.05588854011e-09
8.1834091509e-10	6.80619610671e-09
8.19590290533e-10	6.45656844656e-09
8.20839665976e-10	6.10059175399e-09
8.22089041419e-10	5.83485726402e-09
8.23338416862e-10	5.68343183627e-09
8.24587792305e-10	5.60222784829e-09
8.25837167747e-10	5.47751216606e-09
8.2708654319e-10	5.23277871034e-09
8.28335918633e-10	4.86187046178e-09
8.29585294076e-10	4.44913805797e-09
8.30834669519e-10	4.11590128646e-09
8.32084044962e-10	3.92506122049e-09
8.33333420405e-10	3.85911619327e-09
8.34582795848e-10	3.80634906927e-09
8.3583217129e-10	3.66650815264e-09
8.37081546733e-10	3.39631411883e-09
8.38330922176e-10	3.05346728458e-09
8.39580297619e-10	2.76242481667e-09
8.40829673062e-10	2.61296034809e-09
8.42079048505e-10	2.6224699079e-09
8.43328423948e-10	2.69347186221e-09
8.44577799391e-10	2.70938391167e-09
8.45827174834e-10	2.58910576312e-09
8.47076550276e-10	2.36052460911e-09
8.48325925719e-10	2.13778608704e-09
8.49575301162e-10	2.02820407691e-09
8.50824676605e-10	2.08820957748e-09
8.52074052048e-10	2.25179527802e-09
8.53323427491e-10	2.39993033779e-09
8.54572802934e-10	2.42410683193e-09
8.55822178377e-10	2.31122093686e-09
8.5707155382e-10	2.14995712899e-09
8.58320929262e-10	2.05975983492e-09
8.59570304705e-10	2.12496042984e-09
8.60819680148e-10	2.30994848249e-09
8.62069055591e-10	2.509798952e-09
8.63318431034e-10	2.60109214723e-09
8.64567806477e-10	2.53349768942e-09
8.6581718192e-10	2.37179795248e-09
8.67066557363e-10	2.23104903996e-09
8.68315932806e-10	2.22242987902e-09
8.69565308248e-10	2.34432342983e-09
8.70814683691e-10	2.51246418115e-09
8.72064059134e-10	2.59544896686e-09
8.73313434577e-10	2.52036350123e-09
8.7456281002e-10	2.32355576446e-09
8.75812185463e-10	2.10961717539e-09
8.77061560906e-10	1.99810890056e-09
8.78310936349e-10	2.01431499258e-09
8.79560311791e-10	2.09578063237e-09
8.80809687234e-10	2.12105705222e-09
8.82059062677e-10	2.00298522213e-09
8.8330843812e-10	1.75910912226e-09
8.84557813563e-10	1.4777212648e-09
8.85807189006e-10	1.27994083388e-09
8.87056564449e-10	1.20672827286e-09
8.88305939892e-10	1.21331916736e-09
8.89555315335e-10	1.19405497989e-09
8.90804690777e-10	1.06155445545e-09
8.9205406622e-10	8.19919458717e-10
8.93303441663e-10	5.38237537873e-10
8.94552817106e-10	3.26994629291e-10
8.95802192549e-10	2.27880180004e-10
8.97051567992e-10	2.12176070116e-10
8.98300943435e-10	1.9015324558e-10
8.99550318878e-10	8.28003828696e-11
9.00799694321e-10	-1.06116039567e-10
9.02049069763e-10	-3.2022465235e-10
9.03298445206e-10	-4.69875020837e-10
9.04547820649e-10	-5.18478933398e-10
9.05797196092e-10	-4.90891251259e-10
9.07046571535e-10	-4.62502244836e-10
9.08295946978e-10	-4.97909616315e-10
9.09545322421e-10	-5.88582856065e-10
9.10794697864e-10	-6.88982024211e-10
9.12044073307e-10	-7.24378050598e-10
9.13293448749e-10	-6.74150422986e-10
9.14542824192e-10	-5.69308482301e-10
9.15792199635e-10	-4.74602190881e-10
9.17041575078e-10	-4.37508869411e-10
9.18290950521e-10	-4.39007000891e-10
9.19540325964e-10	-4.32879551648e-10
9.20789701407e-10	-3.56756651998e-10
9.2203907685e-10	-2.06743762735e-10
9.23288452292e-10	-2.61095704519e-11
9.24537827735e-10	1.23333909058e-10
9.25787203178e-10	2.05333940823e-10
9.27036578621e-10	2.51932301409e-10
9.28285954064e-10	3.18217438511e-10
9.29535329507e-10	4.6063778486e-10
9.3078470495e-10	6.69775679363e-10
9.32034080393e-10	8.86910801745e-10
9.33283455836e-10	1.0471217643e-09
9.34532831278e-10	1.11881096054e-09
9.35782206721e-10	1.14790864314e-09
9.37031582164e-10	1.20444311469e-09
9.38280957607e-10	1.34854004352e-09
9.3953033305e-10	1.56324840572e-09
9.40779708493e-10	1.77782868982e-09
9.42029083936e-10	1.9129658968e-09
9.43278459379e-10	1.93543875371e-09
9.44527834822e-10	1.90223695129e-09
9.45777210264e-10	1.8978040528e-09
9.47026585707e-10	1.99350594365e-09
9.4827596115e-10	2.17432477578e-09
9.49525336593e-10	2.35682467986e-09
9.50774712036e-10	2.45080095107e-09
9.52024087479e-10	2.41238326537e-09
9.53273462922e-10	2.30167357396e-09
9.54522838365e-10	2.21947682455e-09
9.55772213808e-10	2.25211238547e-09
9.5702158925e-10	2.39186237483e-09
9.58270964693e-10	2.55014492856e-09
9.59520340136e-10	2.62139732143e-09
9.60769715579e-10	2.54977811087e-09
9.62019091022e-10	2.39186184747e-09
9.63268466465e-10	2.25496349371e-09
9.64517841908e-10	2.24151450179e-09
9.65767217351e-10	2.35796290826e-09
9.67016592793e-10	2.5164518247e-09
9.68265968236e-10	2.59831708926e-09
9.69515343679e-10	2.5354698896e-09
9.70764719122e-10	2.37469544029e-09
9.72014094565e-10	2.22456450483e-09
9.73263470008e-10	2.2005732514e-09
9.74512845451e-10	2.32144156675e-09
9.75762220894e-10	2.50633999666e-09
9.77011596337e-10	2.63276192514e-09
9.78260971779e-10	2.61827029502e-09
9.79510347222e-10	2.49400164409e-09
9.80759722665e-10	2.36612790472e-09
9.82009098108e-10	2.35462857545e-09
9.83258473551e-10	2.49177734002e-09
9.84507848994e-10	2.70768468758e-09
9.85757224437e-10	2.88327453579e-09
9.8700659988e-10	2.92375229582e-09
9.88255975323e-10	2.8488880699e-09
9.89505350765e-10	2.75296066499e-09
9.90754726208e-10	2.75445374842e-09
9.92004101651e-10	2.89701174161e-09
9.93253477094e-10	3.1246910337e-09
9.94502852537e-10	3.32562177796e-09
9.9575222798e-10	3.40155290046e-09
9.97001603423e-10	3.3590061288e-09
9.98250978866e-10	3.2767678293e-09
9.99500354309e-10	3.26905802428e-09
1.00074972975e-09	3.38714789549e-09
1.00199910519e-09	3.5876061566e-09
1.00324848064e-09	3.77013920083e-09
1.00449785608e-09	3.84238374451e-09
1.00574723152e-09	3.79728104516e-09
1.00699660697e-09	3.70077746226e-09
1.00824598241e-09	3.65688149206e-09
1.00949535785e-09	3.72024905326e-09
1.01074473329e-09	3.86009524345e-09
1.01199410874e-09	3.99057598077e-09
1.01324348418e-09	4.02217692486e-09
1.01449285962e-09	3.94581189944e-09
1.01574223507e-09	3.81399062332e-09
1.01699161051e-09	3.71803060562e-09
1.01824098595e-09	3.71361374985e-09
1.01949036139e-09	3.7786678786e-09
1.02073973684e-09	3.84034998246e-09
1.02198911228e-09	3.81907383495e-09
1.02323848772e-09	3.70128883098e-09
1.02448786317e-09	3.53059520508e-09
1.02573723861e-09	3.39194805576e-09
1.02698661405e-09	3.33351807269e-09
1.02823598949e-09	3.33778088502e-09
1.02948536494e-09	3.34514918543e-09
1.03073474038e-09	3.2821585727e-09
1.03198411582e-09	3.13595457935e-09
1.03323349127e-09	2.94647847787e-09
1.03448286671e-09	2.78811521093e-09
1.03573224215e-09	2.70528222046e-09
1.0369816176e-09	2.68320041186e-09
1.03823099304e-09	2.66724109466e-09
1.03948036848e-09	2.5886056354e-09
1.04072974392e-09	2.44000694649e-09
1.04197911937e-09	2.25755195093e-09
1.04322849481e-09	2.10938219669e-09
1.04447787025e-09	2.03773908858e-09
1.0457272457e-09	2.02483496636e-09
1.04697662114e-09	2.01634076102e-09
1.04822599658e-09	1.95136642955e-09
1.04947537202e-09	1.82160156403e-09
1.05072474747e-09	1.66349718722e-09
1.05197412291e-09	1.54571277999e-09
1.05322349835e-09	1.50432828694e-09
1.0544728738e-09	1.51991869091e-09
1.05572224924e-09	1.53918058854e-09
1.05697162468e-09	1.49885882872e-09
1.05822100012e-09	1.39421697798e-09
1.05947037557e-09	1.26471509654e-09
1.06071975101e-09	1.17621079543e-09
1.06196912645e-09	1.16504950132e-09
1.0632185019e-09	1.20999203712e-09
1.06446787734e-09	1.25474783341e-09
1.06571725278e-09	1.23428225973e-09
1.06696662822e-09	1.14618629865e-09
1.06821600367e-09	1.03045191824e-09
1.06946537911e-09	9.53964920947e-10
1.07071475455e-09	9.56516255091e-10
1.07196413e-09	1.01392340357e-09
1.07321350544e-09	1.06806198608e-09
1.07446288088e-09	1.05222232316e-09
1.07571225632e-09	9.6334125399e-10
1.07696163177e-09	8.4156006469e-10
