% time-domain current integration by openEMS v0.37.0-rc1-2-g7b051bb @Sat Aug  8 18:15:23 2026
% start-coordinates: (0.00388064,0.00527579,-0.000889) m -> [115,141,13]
% stop-coordinates: (0.00443929,0.00583443,-0.000889) m -> [124,150,13]
% t/s	current
6.85255168094e-14	0
1.30198481938e-12	0
2.53544412195e-12	0
3.76890342452e-12	0
5.00236272709e-12	0
6.23582202966e-12	0
7.46928133223e-12	0
8.7027406348e-12	0
9.93619993737e-12	0
1.11696592399e-11	0
1.24031185425e-11	0
1.36365778451e-11	0
1.48700371476e-11	0
1.61034964502e-11	0
1.73369557528e-11	0
1.85704150554e-11	0
1.98038743579e-11	0
2.10373336605e-11	0
2.22707929631e-11	0
2.35042522656e-11	0
2.47377115682e-11	0
2.59711708708e-11	0
2.72046301733e-11	0
2.84380894759e-11	2.79935990678e-36
2.96715487785e-11	6.84236600641e-33
3.09050080811e-11	6.65633587921e-30
3.21384673836e-11	2.95030222989e-27
3.33719266862e-11	6.42928343073e-25
3.46053859888e-11	7.35374810561e-23
3.58388452913e-11	4.67276832191e-21
3.70723045939e-11	1.73334042999e-19
3.83057638965e-11	3.92059952985e-18
3.9539223199e-11	5.62401421964e-17
4.07726825016e-11	5.31100616417e-16
4.20061418042e-11	3.42773333216e-15
4.32396011068e-11	1.57011685283e-14
4.44730604093e-11	5.27559597299e-14
4.57065197119e-11	1.31611410138e-13
4.69399790145e-11	2.31114850565e-13
4.8173438317e-11	1.92328181918e-13
4.94068976196e-11	-4.41043902788e-13
5.06403569222e-11	-2.58957742402e-12
5.18738162247e-11	-7.69500609066e-12
5.31072755273e-11	-1.7444519787e-11
5.43407348299e-11	-3.28776797454e-11
5.55741941325e-11	-5.26134968926e-11
5.6807653435e-11	-7.01928792868e-11
5.80411127376e-11	-7.13289566301e-11
5.92745720402e-11	-3.27862563487e-11
6.05080313427e-11	7.45090794618e-11
6.17414906453e-11	2.75605455125e-10
6.29749499479e-11	5.74612635251e-10
6.42084092504e-11	9.34719524004e-10
6.5441868553e-11	1.26433119529e-09
6.66753278556e-11	1.42165645922e-09
6.79087871582e-11	1.24828936077e-09
6.91422464607e-11	6.31193208811e-10
7.03757057633e-11	-4.23221402368e-10
7.16091650659e-11	-1.73493308608e-09
7.28426243684e-11	-2.95365665259e-09
7.4076083671e-11	-3.64150731791e-09
7.53095429736e-11	-3.42426620392e-09
7.65430022761e-11	-2.16112638896e-09
7.77764615787e-11	-5.98864430268e-11
7.90099208813e-11	2.3279971284e-09
8.02433801839e-11	4.25365476175e-09
8.14768394864e-11	5.01446484336e-09
8.2710298789e-11	4.20118562161e-09
8.39437580916e-11	1.84499571176e-09
8.51772173941e-11	-1.59766067043e-09
8.64106766967e-11	-5.40831202045e-09
8.76441359993e-11	-8.83533690654e-09
8.88775953018e-11	-1.12862954538e-08
9.01110546044e-11	-1.24101529053e-08
9.1344513907e-11	-1.20673826487e-08
9.25779732096e-11	-1.02501438448e-08
9.38114325121e-11	-7.02406888209e-09
9.50448918147e-11	-2.5431325934e-09
9.62783511173e-11	2.88607715504e-09
9.75118104198e-11	8.74646666205e-09
9.87452697224e-11	1.43282266052e-08
9.9978729025e-11	1.8841321392e-08
1.01212188328e-10	2.15864144337e-08
1.0244564763e-10	2.21100417974e-08
1.03679106933e-10	2.02709529162e-08
1.04912566235e-10	1.62025308725e-08
1.06146025538e-10	1.02095567556e-08
1.0737948484e-10	2.6823725463e-09
1.08612944143e-10	-5.90292481562e-09
1.09846403446e-10	-1.48904524266e-08
1.11079862748e-10	-2.33223396151e-08
1.12313322051e-10	-2.9897812226e-08
1.13546781353e-10	-3.31137002263e-08
1.14780240656e-10	-3.16028874181e-08
1.16013699958e-10	-2.45921327746e-08
1.17247159261e-10	-1.23180941003e-08
1.18480618564e-10	3.76213504794e-09
1.19714077866e-10	2.10761950115e-08
1.20947537169e-10	3.6364301792e-08
1.22180996471e-10	4.63444465026e-08
1.23414455774e-10	4.84634590237e-08
1.24647915076e-10	4.15595380332e-08
1.25881374379e-10	2.62661838946e-08
1.27114833682e-10	5.03643970973e-09
1.28348292984e-10	-1.82693007389e-08
1.29581752287e-10	-3.91699330748e-08
1.30815211589e-10	-5.35511865962e-08
1.32048670892e-10	-5.86018416016e-08
1.33282130194e-10	-5.34343378433e-08
1.34515589497e-10	-3.92304073671e-08
1.357490488e-10	-1.88862223638e-08
1.36982508102e-10	3.70296060481e-09
1.38215967405e-10	2.45090898687e-08
1.39449426707e-10	4.01662418881e-08
1.4068288601e-10	4.85386806304e-08
1.41916345312e-10	4.89843436924e-08
1.43149804615e-10	4.23008685857e-08
1.44383263917e-10	3.03890388409e-08
1.4561672322e-10	1.57182675764e-08
1.46850182523e-10	7.27774673859e-10
1.48083641825e-10	-1.26681065638e-08
1.49317101128e-10	-2.33133619076e-08
1.5055056043e-10	-3.07345402462e-08
1.51784019733e-10	-3.48259590055e-08
1.53017479035e-10	-3.55018130449e-08
1.54250938338e-10	-3.25248947775e-08
1.55484397641e-10	-2.56252370434e-08
1.56717856943e-10	-1.48591530191e-08
1.57951316246e-10	-9.9947061738e-10
1.59184775548e-10	1.42744944753e-08
1.60418234851e-10	2.85419243795e-08
1.61651694153e-10	3.9141529129e-08
1.62885153456e-10	4.3839573749e-08
1.64118612759e-10	4.14337790744e-08
1.65352072061e-10	3.20951833999e-08
1.66585531364e-10	1.73691852012e-08
1.67818990666e-10	-1.32596156277e-10
1.69052449969e-10	-1.72490040029e-08
1.70285909271e-10	-3.08663778981e-08
1.71519368574e-10	-3.84928426911e-08
1.72752827877e-10	-3.87224261544e-08
1.73986287179e-10	-3.15201873491e-08
1.75219746482e-10	-1.82689490202e-08
1.76453205784e-10	-1.5378082141e-09
1.77686665087e-10	1.54139971897e-08
1.78920124389e-10	2.93113640026e-08
1.80153583692e-10	3.75644724215e-08
1.81387042995e-10	3.88120042771e-08
1.82620502297e-10	3.31595089165e-08
1.838539616e-10	2.20559179809e-08
1.85087420902e-10	7.86214915394e-09
1.86320880205e-10	-6.74026789937e-09
1.87554339507e-10	-1.93324929398e-08
1.8878779881e-10	-2.81871219698e-08
1.90021258113e-10	-3.24811999519e-08
1.91254717415e-10	-3.22931263952e-08
1.92488176718e-10	-2.84360819336e-08
1.9372163602e-10	-2.21912870302e-08
1.94955095323e-10	-1.49963437224e-08
1.96188554625e-10	-8.14711764718e-09
1.97422013928e-10	-2.55929299975e-09
1.98655473231e-10	1.3488506978e-09
1.99888932533e-10	3.62343710592e-09
2.01122391836e-10	4.60641524924e-09
2.02355851138e-10	4.70122163421e-09
2.03589310441e-10	4.18956869197e-09
2.04822769743e-10	3.18385651177e-09
2.06056229046e-10	1.73484426824e-09
2.07289688349e-10	1.64594171626e-11
2.08523147651e-10	-1.54918877726e-09
2.09756606954e-10	-2.33369013003e-09
2.10990066256e-10	-1.72789693664e-09
2.12223525559e-10	5.4961829532e-10
2.13456984861e-10	4.22909707254e-09
2.14690444164e-10	8.4825293456e-09
2.15923903467e-10	1.21644125883e-08
2.17157362769e-10	1.42004203951e-08
2.18390822072e-10	1.39632243545e-08
2.19624281374e-10	1.14805995821e-08
2.20857740677e-10	7.41004635429e-09
2.22091199979e-10	2.80835243949e-09
2.23324659282e-10	-1.20761534106e-09
2.24558118585e-10	-3.78022635417e-09
2.25791577887e-10	-4.52117054905e-09
2.2702503719e-10	-3.55722007406e-09
2.28258496492e-10	-1.43067191427e-09
2.29491955795e-10	1.09480424726e-09
2.30725415097e-10	3.24689142239e-09
2.319588744e-10	4.40910685739e-09
2.33192333703e-10	4.20949364255e-09
2.34425793005e-10	2.54053778015e-09
2.35659252308e-10	-4.55084775419e-10
2.3689271161e-10	-4.40764313936e-09
2.38126170913e-10	-8.74659367156e-09
2.39359630215e-10	-1.27527037819e-08
2.40593089518e-10	-1.56530362005e-08
2.41826548821e-10	-1.67640408222e-08
2.43060008123e-10	-1.56464388112e-08
2.44293467426e-10	-1.22268613012e-08
2.45526926728e-10	-6.8445378254e-09
2.46760386031e-10	-2.04893102485e-10
2.47993845333e-10	6.74089362107e-09
2.49227304636e-10	1.29719639475e-08
2.50460763939e-10	1.7582880929e-08
2.51694223241e-10	1.99539265111e-08
2.52927682544e-10	1.98568503862e-08
2.54161141846e-10	1.74745924397e-08
2.55394601149e-10	1.33183482021e-08
2.56628060451e-10	8.07458455654e-09
2.57861519754e-10	2.43820075241e-09
2.59094979056e-10	-3.00024183275e-09
2.60328438359e-10	-7.78092079656e-09
2.61561897662e-10	-1.15351586061e-08
2.62795356964e-10	-1.39342501981e-08
2.64028816267e-10	-1.46866261375e-08
2.65262275569e-10	-1.35994131512e-08
2.66495734872e-10	-1.06792503729e-08
2.67729194174e-10	-6.2112728294e-09
2.68962653477e-10	-7.72266528504e-10
2.7019611278e-10	4.84260143097e-09
2.71429572082e-10	9.75755742871e-09
2.72663031385e-10	1.31880497634e-08
2.73896490687e-10	1.46071172935e-08
2.7512994999e-10	1.38684859152e-08
2.76363409292e-10	1.12452047674e-08
2.77596868595e-10	7.35516714201e-09
2.78830327898e-10	2.98115754305e-09
2.800637872e-10	-1.15823672875e-09
2.81297246503e-10	-4.59400784081e-09
2.82530705805e-10	-7.16838277626e-09
2.83764165108e-10	-8.94713636512e-09
2.8499762441e-10	-1.00451336138e-08
2.86231083713e-10	-1.04686188607e-08
2.87464543016e-10	-1.00701065264e-08
2.88698002318e-10	-8.63436788734e-09
2.89931461621e-10	-6.0413403169e-09
2.91164920923e-10	-2.407837707e-09
2.92398380226e-10	1.86796000889e-09
2.93631839528e-10	6.17745543607e-09
2.94865298831e-10	9.85313786117e-09
2.96098758134e-10	1.23340644365e-08
2.97332217436e-10	1.32863968716e-08
2.98565676739e-10	1.2648588843e-08
2.99799136041e-10	1.06014983459e-08
3.01032595344e-10	7.49155670832e-09
3.02266054646e-10	3.74439279582e-09
3.03499513949e-10	-1.996562915e-10
3.04732973252e-10	-3.91443455428e-09
3.05966432554e-10	-7.00254965125e-09
3.07199891857e-10	-9.12065178937e-09
3.08433351159e-10	-1.00378736434e-08
3.09666810462e-10	-9.70806635081e-09
3.10900269764e-10	-8.3141236118e-09
3.12133729067e-10	-6.23769347285e-09
3.1336718837e-10	-3.94530452752e-09
3.14600647672e-10	-1.83594262015e-09
3.15834106975e-10	-1.23012419695e-10
3.17067566277e-10	1.18840060015e-09
3.1830102558e-10	2.22788676396e-09
3.19534484882e-10	3.13574588517e-09
3.20767944185e-10	3.96186328189e-09
3.22001403488e-10	4.62947102875e-09
3.2323486279e-10	4.97062213611e-09
3.24468322093e-10	4.79862327651e-09
3.25701781395e-10	3.98139743396e-09
3.26935240698e-10	2.49406406638e-09
3.281687e-10	4.45097403379e-10
3.29402159303e-10	-1.92334526083e-09
3.30635618606e-10	-4.26701518563e-09
3.31869077908e-10	-6.20458839862e-09
3.33102537211e-10	-7.4027530772e-09
3.34335996513e-10	-7.64964891431e-09
3.35569455816e-10	-6.88687107342e-09
3.36802915118e-10	-5.19330711768e-09
3.38036374421e-10	-2.74264277955e-09
3.39269833724e-10	2.29308599886e-10
3.40503293026e-10	3.43164940908e-09
3.41736752329e-10	6.51157927578e-09
3.42970211631e-10	9.06922004162e-09
3.44203670934e-10	1.07140047945e-08
3.45437130236e-10	1.11516591517e-08
3.46670589539e-10	1.02599138074e-08
3.47904048842e-10	8.11485190155e-09
3.49137508144e-10	4.96108709669e-09
3.50370967447e-10	1.15237597242e-09
3.51604426749e-10	-2.90510682177e-09
3.52837886052e-10	-6.78767708706e-09
3.54071345354e-10	-1.00765848998e-08
3.55304804657e-10	-1.2387366688e-08
3.5653826396e-10	-1.34172122301e-08
3.57771723262e-10	-1.2999838539e-08
3.59005182565e-10	-1.11459952379e-08
3.60238641867e-10	-8.05236233248e-09
3.6147210117e-10	-4.07845490713e-09
3.62705560472e-10	2.99617108901e-10
3.63939019775e-10	4.54728832366e-09
3.65172479078e-10	8.13690093082e-09
3.6640593838e-10	1.06182556081e-08
3.67639397683e-10	1.16842944209e-08
3.68872856985e-10	1.12182085843e-08
3.70106316288e-10	9.30671095745e-09
3.7133977559e-10	6.21636919718e-09
3.72573234893e-10	2.34484365258e-09
3.73806694195e-10	-1.83755965999e-09
3.75040153498e-10	-5.83992276759e-09
3.76273612801e-10	-9.19858234028e-09
3.77507072103e-10	-1.1519079024e-08
3.78740531406e-10	-1.25172787691e-08
3.79973990708e-10	-1.20529666248e-08
3.81207450011e-10	-1.01507193762e-08
3.82440909313e-10	-7.00173607981e-09
3.83674368616e-10	-2.94586288696e-09
3.84907827919e-10	1.56285440145e-09
3.86141287221e-10	6.00779603843e-09
3.87374746524e-10	9.87393633523e-09
3.88608205826e-10	1.27224426549e-08
3.89841665129e-10	1.42540805825e-08
3.91075124431e-10	1.43463729785e-08
3.92308583734e-10	1.30472388449e-08
3.93542043037e-10	1.05347899293e-08
3.94775502339e-10	7.06601532841e-09
3.96008961642e-10	2.94221580432e-09
3.97242420944e-10	-1.49711076869e-09
3.98475880247e-10	-5.86410298098e-09
3.99709339549e-10	-9.72138547439e-09
4.00942798852e-10	-1.26150450086e-08
4.02176258155e-10	-1.41422349387e-08
4.03409717457e-10	-1.40392915071e-08
4.0464317676e-10	-1.22562013871e-08
4.05876636062e-10	-8.99956731359e-09
4.07110095365e-10	-4.72339944935e-09
4.08343554667e-10	-6.98163679647e-11
4.0957701397e-10	4.23911350467e-09
4.10810473273e-10	7.53509965534e-09
4.12043932575e-10	9.33661503666e-09
4.13277391878e-10	9.44355171839e-09
4.1451085118e-10	7.96483679011e-09
4.15744310483e-10	5.27371746273e-09
4.16977769785e-10	1.90751703322e-09
4.18211229088e-10	-1.54929358231e-09
4.19444688391e-10	-4.56937820914e-09
4.20678147693e-10	-6.75326194965e-09
4.21911606996e-10	-7.86954945653e-09
4.23145066298e-10	-7.86663179042e-09
4.24378525601e-10	-6.86231915736e-09
4.25611984903e-10	-5.10720798985e-09
4.26845444206e-10	-2.92782775801e-09
4.28078903509e-10	-6.59418297744e-10
4.29312362811e-10	1.40987810315e-09
4.30545822114e-10	3.07146619249e-09
4.31779281416e-10	4.20016865732e-09
4.33012740719e-10	4.74546490992e-09
4.34246200021e-10	4.72127137385e-09
4.35479659324e-10	4.20285228842e-09
4.36713118627e-10	3.32281668847e-09
4.37946577929e-10	2.25583995928e-09
4.39180037232e-10	1.1866729821e-09
4.40413496534e-10	2.69148398013e-10
4.41646955837e-10	-4.06667560737e-10
4.42880415139e-10	-8.24567858437e-10
4.44113874442e-10	-1.02810204794e-09
4.45347333745e-10	-1.09234921108e-09
4.46580793047e-10	-1.09542885873e-09
4.4781425235e-10	-1.09845998963e-09
4.49047711652e-10	-1.13624365472e-09
4.50281170955e-10	-1.21474030834e-09
4.51514630257e-10	-1.3148696576e-09
4.5274808956e-10	-1.40012912375e-09
4.53981548863e-10	-1.43018552556e-09
4.55215008165e-10	-1.3735850235e-09
4.56448467468e-10	-1.21487619964e-09
4.5768192677e-10	-9.51039913488e-10
4.58915386073e-10	-5.81942993794e-10
4.60148845375e-10	-1.0321912769e-10
4.61382304678e-10	4.88759754891e-10
4.62615763981e-10	1.18047815967e-09
4.63849223283e-10	1.92171167868e-09
4.65082682586e-10	2.61832644455e-09
4.66316141888e-10	3.14346260133e-09
4.67549601191e-10	3.36862493455e-09
4.68783060493e-10	3.20099635687e-09
4.70016519796e-10	2.61639354626e-09
4.71249979099e-10	1.67542091312e-09
4.72483438401e-10	5.1875237439e-10
4.73716897704e-10	-6.59115206858e-10
4.74950357006e-10	-1.65484403958e-09
4.76183816309e-10	-2.30943242308e-09
4.77417275611e-10	-2.55428389551e-09
4.78650734914e-10	-2.43091702323e-09
4.79884194217e-10	-2.07143902031e-09
4.81117653519e-10	-1.64500113531e-09
4.82351112822e-10	-1.28803578914e-09
4.83584572124e-10	-1.05181330312e-09
4.84818031427e-10	-8.89119222691e-10
4.86051490729e-10	-6.88838874829e-10
4.87284950032e-10	-3.4116900971e-10
4.88518409335e-10	1.97132477009e-10
4.89751868637e-10	8.66387905862e-10
4.9098532794e-10	1.5157112232e-09
4.92218787242e-10	1.954130191e-09
4.93452246545e-10	2.02256900117e-09
4.94685705847e-10	1.65296154542e-09
4.9591916515e-10	8.94928964268e-10
4.97152624452e-10	-1.01883813886e-10
4.98386083755e-10	-1.13784781597e-09
4.99619543058e-10	-2.02678629435e-09
5.0085300236e-10	-2.64597499466e-09
5.02086461663e-10	-2.95680369078e-09
5.03319920965e-10	-2.99160007877e-09
5.04553380268e-10	-2.81749201747e-09
5.0578683957e-10	-2.49638176797e-09
5.07020298873e-10	-2.0572012982e-09
5.08253758176e-10	-1.4925016778e-09
5.09487217478e-10	-7.76279318604e-10
5.10720676781e-10	1.04622539798e-10
5.11954136083e-10	1.12206333114e-09
5.13187595386e-10	2.19211870878e-09
5.14421054688e-10	3.18181347936e-09
5.15654513991e-10	3.9349257186e-09
5.16887973294e-10	4.30960422904e-09
5.18121432596e-10	4.21687440522e-09
5.19354891899e-10	3.6471892173e-09
5.20588351201e-10	2.67926503206e-09
5.21821810504e-10	1.46565093395e-09
5.23055269806e-10	2.01082872575e-10
5.24288729109e-10	-9.20782727842e-10
5.25522188412e-10	-1.74800807162e-09
5.26755647714e-10	-2.20002660534e-09
5.27989107017e-10	-2.27617347193e-09
5.29222566319e-10	-2.04418038052e-09
5.30456025622e-10	-1.61103708152e-09
5.31689484924e-10	-1.08862008297e-09
5.32922944227e-10	-5.63320612379e-10
5.3415640353e-10	-8.0214543341e-11
5.35389862832e-10	3.54355822463e-10
5.36623322135e-10	7.54306561657e-10
5.37856781437e-10	1.12790476958e-09
5.3909024074e-10	1.45721801292e-09
5.40323700042e-10	1.6928195512e-09
5.41557159345e-10	1.76979675359e-09
5.42790618648e-10	1.63886348936e-09
5.4402407795e-10	1.29974575547e-09
5.45257537253e-10	8.17786172114e-10
5.46490996555e-10	3.13834819243e-10
5.47724455858e-10	-7.39164840446e-11
5.4895791516e-10	-2.4123716913e-10
5.50191374463e-10	-1.61272717403e-10
5.51424833766e-10	1.00874905651e-10
5.52658293068e-10	4.09016848169e-10
5.53891752371e-10	6.05777483731e-10
5.55125211673e-10	5.71414526807e-10
5.56358670976e-10	2.69768318795e-10
5.57592130278e-10	-2.35509778346e-10
5.58825589581e-10	-7.99213417668e-10
5.60059048884e-10	-1.23875043556e-09
5.61292508186e-10	-1.39023437207e-09
5.62525967489e-10	-1.15828324709e-09
5.63759426791e-10	-5.46374445687e-10
5.64992886094e-10	3.40902944762e-10
5.66226345396e-10	1.32283028975e-09
5.67459804699e-10	2.18889395498e-09
5.68693264002e-10	2.75338596367e-09
5.69926723304e-10	2.90333135311e-09
5.71160182607e-10	2.62653343519e-09
5.72393641909e-10	2.0111177168e-09
5.73627101212e-10	1.21704413214e-09
5.74860560514e-10	4.26490176508e-10
5.76094019817e-10	-2.10179249005e-10
5.7732747912e-10	-6.17293993699e-10
5.78560938422e-10	-8.09474376418e-10
5.79794397725e-10	-8.76129113703e-10
5.81027857027e-10	-9.37864230721e-10
5.8226131633e-10	-1.09188702524e-09
5.83494775632e-10	-1.36581324028e-09
5.84728234935e-10	-1.69837421904e-09
5.85961694238e-10	-1.95682603454e-09
5.8719515354e-10	-1.98474148227e-09
5.88428612843e-10	-1.66406499691e-09
5.89662072145e-10	-9.66470681263e-10
5.90895531448e-10	2.49806373503e-11
5.9212899075e-10	1.13388487488e-09
5.93362450053e-10	2.14160800205e-09
5.94595909356e-10	2.85273338285e-09
5.95829368658e-10	3.15112780314e-09
5.97062827961e-10	3.02595282164e-09
5.98296287263e-10	2.56062948623e-09
5.99529746566e-10	1.89063542599e-09
6.00763205868e-10	1.14998255363e-09
6.01996665171e-10	4.28462154645e-10
6.03230124474e-10	-2.43175063419e-10
6.04463583776e-10	-8.77035555291e-10
6.05697043079e-10	-1.49002132854e-09
6.06930502381e-10	-2.06453121265e-09
6.08163961684e-10	-2.52761589437e-09
6.09397420986e-10	-2.76124922927e-09
6.10630880289e-10	-2.640685004e-09
6.11864339591e-10	-2.08614991948e-09
6.13097798894e-10	-1.10704601042e-09
6.14331258197e-10	1.81402143307e-10
6.15564717499e-10	1.5754451077e-09
6.16798176802e-10	2.82998247059e-09
6.18031636104e-10	3.71912367569e-09
6.19265095407e-10	4.09164790938e-09
6.20498554709e-10	3.9045189304e-09
6.21732014012e-10	3.22619375659e-09
6.22965473315e-10	2.21118323651e-09
6.24198932617e-10	1.05410036255e-09
6.2543239192e-10	-6.16937681497e-11
6.26665851222e-10	-1.00630115352e-09
6.27899310525e-10	-1.72301051204e-09
6.29132769827e-10	-2.22149276752e-09
6.3036622913e-10	-2.54834597868e-09
6.31599688433e-10	-2.74842926196e-09
6.32833147735e-10	-2.83377010746e-09
6.34066607038e-10	-2.77343481514e-09
6.3530006634e-10	-2.5083859434e-09
6.36533525643e-10	-1.98447058786e-09
6.37766984945e-10	-1.18877152566e-09
6.39000444248e-10	-1.73897424238e-10
6.40233903551e-10	9.3981078475e-10
6.41467362853e-10	1.98487359881e-09
6.42700822156e-10	2.7829993865e-09
6.43934281458e-10	3.18642445762e-09
6.45167740761e-10	3.11273495868e-09
6.46401200063e-10	2.56575916069e-09
6.47634659366e-10	1.63640445638e-09
6.48868118669e-10	4.84136120082e-10
6.50101577971e-10	-6.98461566362e-10
6.51335037274e-10	-1.72833558576e-09
6.52568496576e-10	-2.47026665789e-09
6.53801955879e-10	-2.85931611721e-09
6.55035415181e-10	-2.90071877629e-09
6.56268874484e-10	-2.65006283584e-09
6.57502333787e-10	-2.18302442789e-09
6.58735793089e-10	-1.56906965199e-09
6.59969252392e-10	-8.58723259167e-10
6.61202711694e-10	-8.80009190518e-11
6.62436170997e-10	7.05898839382e-10
6.63669630299e-10	1.46727419104e-09
6.64903089602e-10	2.11352180202e-09
6.66136548905e-10	2.54174392644e-09
6.67370008207e-10	2.65032240598e-09
6.6860346751e-10	2.36975838952e-09
6.69836926812e-10	1.69258462801e-09
6.71070386115e-10	6.9103095468e-10
6.72303845417e-10	-4.86431395164e-10
6.7353730472e-10	-1.64199098762e-09
6.74770764023e-10	-2.57309373808e-09
6.76004223325e-10	-3.12141423819e-09
6.77237682628e-10	-3.21084336896e-09
6.7847114193e-10	-2.86159806961e-09
6.79704601233e-10	-2.17710893757e-09
6.80938060535e-10	-1.30904509454e-09
6.82171519838e-10	-4.14453693587e-10
6.83404979141e-10	3.81236625602e-10
6.84638438443e-10	1.00393870994e-09
6.85871897746e-10	1.43120160168e-09
6.87105357048e-10	1.67646341254e-09
6.88338816351e-10	1.76625536419e-09
6.89572275653e-10	1.7208164893e-09
6.90805734956e-10	1.54465751301e-09
6.92039194259e-10	1.23115873052e-09
6.93272653561e-10	7.76850139772e-10
6.94506112864e-10	1.99299340919e-10
6.95739572166e-10	-4.51521459111e-10
6.96973031469e-10	-1.09352116251e-09
6.98206490771e-10	-1.62666946579e-09
6.99439950074e-10	-1.95599514363e-09
7.00673409377e-10	-2.01588679083e-09
7.01906868679e-10	-1.78709680387e-09
7.03140327982e-10	-1.30274702137e-09
7.04373787284e-10	-6.41624975373e-10
7.05607246587e-10	8.76793707083e-11
7.06840705889e-10	7.68761165837e-10
7.08074165192e-10	1.29987753894e-09
7.09307624495e-10	1.61347890604e-09
7.10541083797e-10	1.6872172548e-09
7.117745431e-10	1.54299684141e-09
7.13008002402e-10	1.23445365041e-09
7.14241461705e-10	8.26456014735e-10
7.15474921007e-10	3.75974751332e-10
7.1670838031e-10	-7.87976350836e-11
7.17941839613e-10	-5.16786557991e-10
7.19175298915e-10	-9.2330543211e-10
7.20408758218e-10	-1.27851496057e-09
7.2164221752e-10	-1.55185508888e-09
7.22875676823e-10	-1.70695557689e-09
7.24109136125e-10	-1.71312208863e-09
7.25342595428e-10	-1.55792578838e-09
7.26576054731e-10	-1.25435595244e-09
7.27809514033e-10	-8.39978919753e-10
7.29042973336e-10	-3.69771879782e-10
7.30276432638e-10	9.46209499642e-11
7.31509891941e-10	4.95626761854e-10
7.32743351243e-10	7.89199483542e-10
7.33976810546e-10	9.51668077676e-10
7.35210269848e-10	9.82914083458e-10
7.36443729151e-10	9.0452850765e-10
7.37677188454e-10	7.52576556629e-10
7.38910647756e-10	5.67168145782e-10
7.40144107059e-10	3.82298775969e-10
7.41377566361e-10	2.19474605156e-10
7.42611025664e-10	8.70527053221e-11
7.43844484966e-10	-1.61164727397e-11
7.45077944269e-10	-9.5423766111e-11
7.46311403572e-10	-1.56946552976e-10
7.47544862874e-10	-2.06115152723e-10
7.48778322177e-10	-2.48188247731e-10
7.50011781479e-10	-2.87994295078e-10
7.51245240782e-10	-3.28130161931e-10
7.52478700084e-10	-3.65514063461e-10
7.53712159387e-10	-3.89555915303e-10
7.5494561869e-10	-3.83469117571e-10
7.56179077992e-10	-3.29815313949e-10
7.57412537295e-10	-2.18077750302e-10
7.58645996597e-10	-5.12117431795e-11
7.598794559e-10	1.5295287259e-10
7.61112915202e-10	3.65882074638e-10
7.62346374505e-10	5.57018875469e-10
7.63579833808e-10	7.02520819296e-10
7.6481329311e-10	7.9079592874e-10
7.66046752413e-10	8.21828993747e-10
7.67280211715e-10	8.02384603205e-10
7.68513671018e-10	7.39311278863e-10
7.6974713032e-10	6.35774100033e-10
7.70980589623e-10	4.90916973739e-10
7.72214048926e-10	3.03803537882e-10
7.73447508228e-10	7.81410422479e-11
7.74680967531e-10	-1.73935005288e-10
7.75914426833e-10	-4.31175567472e-10
7.77147886136e-10	-6.64653887483e-10
7.78381345438e-10	-8.41485825465e-10
7.79614804741e-10	-9.29615440182e-10
7.80848264044e-10	-9.04087193998e-10
7.82081723346e-10	-7.53752726901e-10
7.83315182649e-10	-4.86886142514e-10
7.84548641951e-10	-1.33011962555e-10
7.85782101254e-10	2.61637600474e-10
7.87015560556e-10	6.4429039881e-10
7.88249019859e-10	9.69063829181e-10
7.89482479162e-10	1.20735554887e-09
7.90715938464e-10	1.35130617807e-09
7.91949397767e-10	1.40843026131e-09
7.93182857069e-10	1.39092615203e-09
7.94416316372e-10	1.30548383215e-09
7.95649775674e-10	1.14904596948e-09
7.96883234977e-10	9.1277346792e-10
7.9811669428e-10	5.91497573144e-10
7.99350153582e-10	1.93713364793e-10
8.00583612885e-10	-2.53164073039e-10
8.01817072187e-10	-7.04414748753e-10
8.0305053149e-10	-1.1060159455e-09
8.04283990792e-10	-1.40544054172e-09
8.05517450095e-10	-1.56197765833e-09
8.06750909398e-10	-1.55367241295e-09
8.079843687e-10	-1.38017686169e-09
8.09217828003e-10	-1.06113384746e-09
8.10451287305e-10	-6.31509733395e-10
8.11684746608e-10	-1.34680031016e-10
8.1291820591e-10	3.84114295926e-10
8.14151665213e-10	8.82390605028e-10
8.15385124516e-10	1.3215945005e-09
8.16618583818e-10	1.66512581501e-09
8.17852043121e-10	1.87639348503e-09
8.19085502423e-10	1.91975879638e-09
8.20318961726e-10	1.76712044997e-09
8.21552421028e-10	1.40912126412e-09
8.22785880331e-10	8.66513027997e-10
8.24019339634e-10	1.95953184234e-10
8.25252798936e-10	-5.15116060917e-10
8.26486258239e-10	-1.16407239403e-09
8.27719717541e-10	-1.65530378293e-09
8.28953176844e-10	-1.92070115368e-09
8.30186636146e-10	-1.93203542054e-09
8.31420095449e-10	-1.70148561907e-09
8.32653554752e-10	-1.27239574432e-09
8.33887014054e-10	-7.05786373789e-10
8.35120473357e-10	-6.80282080667e-11
8.36353932659e-10	5.76654057838e-10
8.37587391962e-10	1.16881637702e-09
8.38820851264e-10	1.65441760291e-09
8.40054310567e-10	1.98574179322e-09
8.4128776987e-10	2.12499040586e-09
8.42521229172e-10	2.04952477212e-09
8.43754688475e-10	1.75795411561e-09
8.44988147777e-10	1.27450427989e-09
8.4622160708e-10	6.49905906869e-10
8.47455066382e-10	-4.23016240092e-11
8.48688525685e-10	-7.14998116269e-10
8.49921984987e-10	-1.28145483114e-09
8.5115544429e-10	-1.6714220008e-09
8.52388903593e-10	-1.84489279409e-09
8.53622362895e-10	-1.79896986197e-09
8.54855822198e-10	-1.56479929014e-09
8.560892815e-10	-1.19527321374e-09
8.57322740803e-10	-7.48709094722e-10
8.58556200105e-10	-2.74828132474e-10
8.59789659408e-10	1.9105776683e-10
8.61023118711e-10	6.24924390014e-10
8.62256578013e-10	1.00527053348e-09
8.63490037316e-10	1.30526500719e-09
8.64723496618e-10	1.49128187577e-09
8.65956955921e-10	1.52950330179e-09
8.67190415223e-10	1.3977234925e-09
8.68423874526e-10	1.09684528127e-09
8.69657333829e-10	6.56591891968e-10
8.70890793131e-10	1.33028033034e-10
8.72124252434e-10	-4.0145234359e-10
8.73357711736e-10	-8.72325600643e-10
8.74591171039e-10	-1.2175427333e-09
8.75824630341e-10	-1.3986329872e-09
8.77058089644e-10	-1.40660449954e-09
8.78291548947e-10	-1.26067523087e-09
8.79525008249e-10	-1.00103214606e-09
8.80758467552e-10	-6.76979361458e-10
8.81991926854e-10	-3.34316657691e-10
8.83225386157e-10	-6.13531447868e-12
8.84458845459e-10	2.8985777667e-10
8.85692304762e-10	5.46719447492e-10
8.86925764065e-10	7.59419804819e-10
8.88159223367e-10	9.16667297624e-10
8.8939268267e-10	9.97971261185e-10
8.90626141972e-10	9.78461867085e-10
8.91859601275e-10	8.38912772583e-10
8.93093060577e-10	5.77111414213e-10
8.9432651988e-10	2.14574413793e-10
8.95559979183e-10	-2.03871197701e-10
8.96793438485e-10	-6.18431694743e-10
8.98026897788e-10	-9.67237068217e-10
8.9926035709e-10	-1.20000298587e-09
9.00493816393e-10	-1.28850596859e-09
9.01727275695e-10	-1.23119170414e-09
9.02960734998e-10	-1.05163866504e-09
9.04194194301e-10	-7.91302467995e-10
9.05427653603e-10	-4.98628027756e-10
9.06661112906e-10	-2.17484044662e-10
9.07894572208e-10	2.2549307907e-11
9.09128031511e-10	2.10412132162e-10
9.10361490813e-10	3.51618623107e-10
9.11594950116e-10	4.60474963715e-10
9.12828409419e-10	5.49552403584e-10
9.14061868721e-10	6.20933748863e-10
9.15295328024e-10	6.62981558541e-10
9.16528787326e-10	6.54464926697e-10
9.17762246629e-10	5.74439495971e-10
9.18995705931e-10	4.13841044766e-10
9.20229165234e-10	1.83662224318e-10
9.21462624537e-10	-8.42167655057e-11
9.22696083839e-10	-3.44133166408e-10
9.23929543142e-10	-5.49368883718e-10
9.25163002444e-10	-6.65400512467e-10
9.26396461747e-10	-6.79072131859e-10
9.27629921049e-10	-6.00754668234e-10
9.28863380352e-10	-4.58995647046e-10
9.30096839655e-10	-2.90654333934e-10
9.31330298957e-10	-1.29372637603e-10
9.3256375826e-10	3.23543297188e-12
9.33797217562e-10	1.01514519013e-10
9.35030676865e-10	1.74008224496e-10
9.36264136167e-10	2.36327429848e-10
9.3749759547e-10	3.01888736232e-10
9.38731054773e-10	3.73283903787e-10
9.39964514075e-10	4.38401648317e-10
9.41197973378e-10	4.72967331966e-10
9.4243143268e-10	4.49558612559e-10
9.43664891983e-10	3.49728773719e-10
9.44898351285e-10	1.74268224851e-10
9.46131810588e-10	-5.2980370091e-11
9.47365269891e-10	-2.90092699862e-10
9.48598729193e-10	-4.89092877309e-10
9.49832188496e-10	-6.10675676693e-10
9.51065647798e-10	-6.35812680283e-10
9.52299107101e-10	-5.69973068743e-10
9.53532566403e-10	-4.3912964931e-10
9.54766025706e-10	-2.79468864717e-10
9.55999485009e-10	-1.25262272777e-10
9.57232944311e-10	6.97336069097e-13
9.58466403614e-10	9.14165063093e-11
9.59699862916e-10	1.53697665706e-10
9.60933322219e-10	2.01740762984e-10
9.62166781521e-10	2.48642550993e-10
9.63400240824e-10	2.99254315772e-10
9.64633700126e-10	3.46794926109e-10
9.65867159429e-10	3.74562159067e-10
9.67100618732e-10	3.62284202637e-10
9.68334078034e-10	2.94952451352e-10
9.69567537337e-10	1.70926731102e-10
9.70800996639e-10	6.16578489654e-12
9.72034455942e-10	-1.67760152991e-10
9.73267915244e-10	-3.11427689192e-10
9.74501374547e-10	-3.89058646411e-10
9.7573483385e-10	-3.79634185199e-10
9.76968293152e-10	-2.83847667593e-10
9.78201752455e-10	-1.24115079325e-10
9.79435211757e-10	6.21911480647e-11
9.8066867106e-10	2.33980168574e-10
9.81902130362e-10	3.57939566875e-10
9.83135589665e-10	4.1636646908e-10
9.84369048968e-10	4.09099309984e-10
9.8560250827e-10	3.49720113979e-10
9.86835967573e-10	2.58406351872e-10
9.88069426875e-10	1.54625257043e-10
9.89302886178e-10	5.22409372705e-11
9.9053634548e-10	-4.18199121166e-11
9.91769804783e-10	-1.25823407249e-10
9.93003264086e-10	-1.99724389804e-10
9.94236723388e-10	-2.61445060046e-10
9.95470182691e-10	-3.04167913079e-10
9.96703641993e-10	-3.16001003142e-10
9.97937101296e-10	-2.8226260218e-10
9.99170560598e-10	-1.90551435741e-10
1.0004040199e-09	-3.71411859601e-11
1.0016374792e-09	1.67583724675e-10
1.00287093851e-09	3.97489957615e-10
1.00410439781e-09	6.14753081774e-10
1.00533785711e-09	7.78793196599e-10
1.00657131641e-09	8.57406701193e-10
1.00780477572e-09	8.35622071538e-10
1.00903823502e-09	7.18945070144e-10
1.01027169432e-09	5.30214150363e-10
1.01150515362e-09	3.018913175e-10
1.01273861293e-09	6.73806982432e-11
1.01397207223e-09	-1.4553366845e-10
1.01520553153e-09	-3.17783549475e-10
1.01643899083e-09	-4.38986652584e-10
1.01767245014e-09	-5.05863517741e-10
1.01890590944e-09	-5.19939868937e-10
1.02013936874e-09	-4.85314732845e-10
1.02137282804e-09	-4.06464722991e-10
1.02260628735e-09	-2.8695693044e-10
1.02383974665e-09	-1.2959755491e-10
1.02507320595e-09	6.13147102535e-11
1.02630666525e-09	2.76188627524e-10
1.02754012456e-09	4.97262231391e-10
1.02877358386e-09	6.98438529234e-10
1.03000704316e-09	8.49346482035e-10
1.03124050247e-09	9.22402043635e-10
1.03247396177e-09	9.00090502132e-10
1.03370742107e-09	7.79707909349e-10
1.03494088037e-09	5.736197628e-10
1.03617433968e-09	3.06018765883e-10
1.03740779898e-09	7.59029211012e-12
1.03864125828e-09	-2.8942478969e-10
1.03987471758e-09	-5.54956747223e-10
1.04110817689e-09	-7.63699714579e-10
1.04234163619e-09	-8.9691715166e-10
1.04357509549e-09	-9.43901290462e-10
1.04480855479e-09	-9.02434682537e-10
1.0460420141e-09	-7.78061226558e-10
1.0472754734e-09	-5.821516047e-10
1.0485089327e-09	-3.29733684801e-10
1.049742392e-09	-3.8359076332e-11
1.05097585131e-09	2.71734690305e-10
1.05220931061e-09	5.76642622541e-10
1.05344276991e-09	8.48529524422e-10
1.05467622921e-09	1.0575483822e-09
1.05590968852e-09	1.17584764148e-09
1.05714314782e-09	1.18316434428e-09
1.05837660712e-09	1.07169262353e-09
1.05961006642e-09	8.49091130739e-10
1.06084352573e-09	5.3825355284e-10
1.06207698503e-09	1.74337780323e-10
1.06331044433e-09	-2.00432545561e-10
1.06454390363e-09	-5.43042721901e-10
1.06577736294e-09	-8.15965572887e-10
1.06701082224e-09	-9.92226523167e-10
1.06824428154e-09	-1.05845476828e-09
1.06947774084e-09	-1.01513952799e-09
1.07071120015e-09	-8.7438972729e-10
1.07194465945e-09	-6.56023790846e-10
1.07317811875e-09	-3.83626963529e-10
1.07441157806e-09	-8.15801731724e-11
1.07564503736e-09	2.26219376565e-10
1.07687849666e-09	5.16401255091e-10
1.07811195596e-09	7.6587974851e-10
1.07934541527e-09	9.52222745099e-10
1.08057887457e-09	1.05526620775e-09
1.08181233387e-09	1.05987352228e-09
1.08304579317e-09	9.59436308179e-10
1.08427925248e-09	7.58884899366e-10
1.08551271178e-09	4.7625026145e-10
1.08674617108e-09	1.41814865406e-10
1.08797963038e-09	-2.05671993325e-10
1.08921308969e-09	-5.25093024617e-10
1.09044654899e-09	-7.79803055462e-10
1.09168000829e-09	-9.43603750692e-10
1.09291346759e-09	-1.00393171554e-09
1.0941469269e-09	-9.61898671825e-10
1.0953803862e-09	-8.29674273728e-10
1.0966138455e-09	-6.2678834345e-10
1.0978473048e-09	-3.76608466635e-10
1.09908076411e-09	-1.03803556029e-10
1.10031422341e-09	1.67379943239e-10
1.10154768271e-09	4.14373674262e-10
1.10278114201e-09	6.17533801872e-10
1.10401460132e-09	7.61084639755e-10
1.10524806062e-09	8.33692337388e-10
1.10648151992e-09	8.28784207929e-10
1.10771497922e-09	7.44856842871e-10
1.10894843853e-09	5.86374504508e-10
1.11018189783e-09	3.64936414421e-10
1.11141535713e-09	1.00097923006e-10
1.11264881643e-09	-1.8157997328e-10
1.11388227574e-09	-4.49503878563e-10
1.11511573504e-09	-6.73920697025e-10
1.11634919434e-09	-8.30923552186e-10
1.11758265365e-09	-9.06182684446e-10
1.11881611295e-09	-8.9603807707e-10
1.12004957225e-09	-8.06486322169e-10
1.12128303155e-09	-6.5081101619e-10
1.12251649086e-09	-4.47193254649e-10
1.12374995016e-09	-2.16650045126e-10
1.12498340946e-09	1.85921000817e-11
1.12621686876e-09	2.3698956686e-10
1.12745032807e-09	4.19521917205e-10
1.12868378737e-09	5.51303502849e-10
1.12991724667e-09	6.22347839929e-10
1.13115070597e-09	6.27436325118e-10
1.13238416528e-09	5.65653412998e-10
1.13361762458e-09	4.40408265412e-10
1.13485108388e-09	2.6028007527e-10
1.13608454318e-09	4.03686112316e-11
1.13731800249e-09	-1.97177496553e-10
1.13855146179e-09	-4.24472068605e-10
1.13978492109e-09	-6.11713790732e-10
1.14101838039e-09	-7.32484628507e-10
1.1422518397e-09	-7.69107333376e-10
1.143485299e-09	-7.16327330785e-10
1.1447187583e-09	-5.82200676558e-10
1.1459522176e-09	-3.86302684285e-10
1.14718567691e-09	-1.55914767208e-10
1.14841913621e-09	7.87460444074e-11
1.14965259551e-09	2.89321289149e-10
1.15088605481e-09	4.53278831136e-10
1.15211951412e-09	5.56441115407e-10
1.15335297342e-09	5.93868842991e-10
1.15458643272e-09	5.68783964372e-10
1.15581989202e-09	4.9024917459e-10
1.15705335133e-09	3.70314751086e-10
1.15828681063e-09	2.21699963943e-10
1.15952026993e-09	5.67582959798e-11
1.16075372924e-09	-1.12379820727e-10
1.16198718854e-09	-2.72830563697e-10
1.16322064784e-09	-4.10558337327e-10
1.16445410714e-09	-5.11078013243e-10
1.16568756645e-09	-5.61573232361e-10
1.16692102575e-09	-5.539097514e-10
1.16815448505e-09	-4.87318740916e-10
1.16938794435e-09	-3.69697772395e-10
1.17062140366e-09	-2.1680283957e-10
1.17185486296e-09	-4.9393600321e-11
1.17308832226e-09	1.10857344138e-10
1.17432178156e-09	2.45463954718e-10
1.17555524087e-09	3.41987271835e-10
1.17678870017e-09	3.95045995916e-10
1.17802215947e-09	4.05375510937e-10
1.17925561877e-09	3.77761183445e-10
1.18048907808e-09	3.18708226477e-10
1.18172253738e-09	2.34775254793e-10
1.18295599668e-09	1.32126962149e-10
1.18418945598e-09	1.69376006276e-11
1.18542291529e-09	-1.03608330249e-10
1.18665637459e-09	-2.20563053932e-10
1.18788983389e-09	-3.23127219426e-10
1.18912329319e-09	-3.99477617652e-10
1.1903567525e-09	-4.38500180611e-10
1.1915902118e-09	-4.32061608713e-10
1.1928236711e-09	-3.77322673106e-10
1.1940571304e-09	-2.78506634421e-10
1.19529058971e-09	-1.47142575901e-10
1.19652404901e-09	-6.45079475947e-13
1.19775750831e-09	1.40969153017e-10
1.19899096761e-09	2.59232801891e-10
1.20022442692e-09	3.40985267799e-10
1.20145788622e-09	3.80468934136e-10
1.20269134552e-09	3.79116488203e-10
1.20392480483e-09	3.43379991108e-10
1.20515826413e-09	2.81778600453e-10
1.20639172343e-09	2.02608776978e-10
1.20762518273e-09	1.12977925626e-10
1.20885864204e-09	1.92316492592e-11
1.21009210134e-09	-7.21654333513e-11
1.21132556064e-09	-1.5416945498e-10
1.21255901994e-09	-2.19572623972e-10
1.21379247925e-09	-2.62044663746e-10
1.21502593855e-09	-2.77228628942e-10
1.21625939785e-09	-2.63323224337e-10
1.21749285715e-09	-2.21275803236e-10
1.21872631646e-09	-1.54757123783e-10
1.21995977576e-09	-7.02031419109e-11
1.22119323506e-09	2.33107647768e-11
1.22242669436e-09	1.14982523503e-10
1.22366015367e-09	1.94050678304e-10
1.22489361297e-09	2.52277171375e-10
1.22612707227e-09	2.85864026894e-10
1.22736053157e-09	2.95866386946e-10
1.22859399088e-09	2.86672074967e-10
1.22982745018e-09	2.63454896787e-10
1.23106090948e-09	2.29981297895e-10
1.23229436878e-09	1.88069976259e-10
1.23352782809e-09	1.38735162247e-10
1.23476128739e-09	8.40216923814e-11
1.23599474669e-09	2.81180131262e-11
1.23722820599e-09	-2.30667672463e-11
1.2384616653e-09	-6.35452176989e-11
1.2396951246e-09	-8.89951237704e-11
1.2409285839e-09	-9.75512448598e-11
1.2421620432e-09	-8.94308169186e-11
1.24339550251e-09	-6.61005902791e-11
1.24462896181e-09	-2.99144493898e-11
1.24586242111e-09	1.55882910746e-11
1.24709588042e-09	6.51036238808e-11
1.24832933972e-09	1.11826728433e-10
1.24956279902e-09	1.48898365859e-10
1.25079625832e-09	1.71446259967e-10
1.25202971763e-09	1.78168521603e-10
1.25326317693e-09	1.71231293034e-10
1.25449663623e-09	1.54630502847e-10
1.25573009553e-09	1.32040781087e-10
1.25696355484e-09	1.05458565491e-10
1.25819701414e-09	7.54758547328e-11
1.25943047344e-09	4.26497483164e-11
1.26066393274e-09	8.87046772841e-12
1.26189739205e-09	-2.23266665572e-11
1.26313085135e-09	-4.68467556414e-11
1.26436431065e-09	-6.15440892693e-11
1.26559776995e-09	-6.53108400694e-11
1.26683122926e-09	-5.89478396651e-11
1.26806468856e-09	-4.42861441963e-11
1.26929814786e-09	-2.31844612952e-11
1.27053160716e-09	2.6867735467e-12
1.27176506647e-09	3.13991714573e-11
1.27299852577e-09	6.02124322624e-11
1.27423198507e-09	8.55088916341e-11
1.27546544437e-09	1.0363203351e-10
1.27669890368e-09	1.11982749462e-10
1.27793236298e-09	1.09815427585e-10
1.27916582228e-09	9.81910316944e-11
1.28039928158e-09	7.91240337139e-11
1.28163274089e-09	5.47521819549e-11
1.28286620019e-09	2.69860488122e-11
1.28409965949e-09	-2.12539881528e-12
1.28533311879e-09	-2.96845083236e-11
1.2865665781e-09	-5.17210649309e-11
1.2878000374e-09	-6.38468999892e-11
1.2890334967e-09	-6.26399696002e-11
1.290266956e-09	-4.70630409644e-11
1.29150041531e-09	-1.90436069691e-11
1.29273387461e-09	1.70895346485e-11
1.29396733391e-09	5.60262530813e-11
1.29520079322e-09	9.29488014334e-11
1.29643425252e-09	1.2432288532e-10
1.29766771182e-09	1.47767117986e-10
1.29890117112e-09	1.61416574551e-10
1.30013463043e-09	1.63441787882e-10
1.30136808973e-09	1.52196921732e-10
1.30260154903e-09	1.27011304252e-10
1.30383500833e-09	8.90254328589e-11
1.30506846764e-09	4.14754203204e-11
1.30630192694e-09	-1.0846769663e-11
1.30753538624e-09	-6.26485183175e-11
1.30876884554e-09	-1.09095316114e-10
1.31000230485e-09	-1.46196971196e-10
1.31123576415e-09	-1.70625361062e-10
1.31246922345e-09	-1.79442780079e-10
1.31370268275e-09	-1.70337910443e-10
1.31493614206e-09	-1.42326692099e-10
1.31616960136e-09	-9.66785887457e-11
1.31740306066e-09	-3.72860423092e-11
1.31863651996e-09	2.98362758111e-11
1.31986997927e-09	9.77558173298e-11
1.32110343857e-09	1.59891808127e-10
1.32233689787e-09	2.10758105412e-10
1.32357035717e-09	2.45903047924e-10
1.32480381648e-09	2.61568211535e-10
1.32603727578e-09	2.54544496592e-10
1.32727073508e-09	2.22744128697e-10
1.32850419438e-09	1.66247515754e-10
1.32973765369e-09	8.81965125932e-11
1.33097111299e-09	-5.04203363089e-12
1.33220457229e-09	-1.04720065952e-10
1.33343803159e-09	-2.01056782334e-10
1.3346714909e-09	-2.84614415369e-10
1.3359049502e-09	-3.47107453891e-10
1.3371384095e-09	-3.8183950446e-10
1.33837186881e-09	-3.83977738494e-10
1.33960532811e-09	-3.5119157582e-10
1.34083878741e-09	-2.84525902838e-10
1.34207224671e-09	-1.89085275215e-10
1.34330570602e-09	-7.41007255556e-11
1.34453916532e-09	4.8171199668e-11
1.34577262462e-09	1.64278340931e-10
1.34700608392e-09	2.61721089245e-10
1.34823954323e-09	3.30601740428e-10
1.34947300253e-09	3.64492575011e-10
1.35070646183e-09	3.60476093419e-10
1.35193992113e-09	3.18892273699e-10
1.35317338044e-09	2.4303742352e-10
1.35440683974e-09	1.39119535336e-10
1.35564029904e-09	1.60147711065e-11
1.35687375834e-09	-1.15160277148e-10
1.35810721765e-09	-2.42099174041e-10
1.35934067695e-09	-3.52583490182e-10
1.36057413625e-09	-4.35863845016e-10
1.36180759555e-09	-4.83589612799e-10
1.36304105486e-09	-4.90422757959e-10
1.36427451416e-09	-4.54334736499e-10
1.36550797346e-09	-3.76936509783e-10
1.36674143276e-09	-2.63862071082e-10
1.36797489207e-09	-1.24995971906e-10
1.36920835137e-09	2.60651240175e-11
1.37044181067e-09	1.73380199087e-10
1.37167526997e-09	3.01099201128e-10
1.37290872928e-09	3.95927346464e-10
1.37414218858e-09	4.49139447856e-10
1.37537564788e-09	4.57277743449e-10
1.37660910718e-09	4.21660317773e-10
1.37784256649e-09	3.47222417485e-10
1.37907602579e-09	2.41339698226e-10
1.38030948509e-09	1.13169744409e-10
1.3815429444e-09	-2.66142351213e-11
1.3827764037e-09	-1.66062968932e-10
1.384009863e-09	-2.92605079055e-10
1.3852433223e-09	-3.9421996223e-10
1.38647678161e-09	-4.60837146221e-10
1.38771024091e-09	-4.85543549811e-10
1.38894370021e-09	-4.65320809662e-10
1.39017715951e-09	-4.0136866053e-10
1.39141061882e-09	-2.99183289254e-10
1.39264407812e-09	-1.68412547796e-10
1.39387753742e-09	-2.23631772822e-11
1.39511099672e-09	1.23263649288e-10
1.39634445603e-09	2.52415838231e-10
1.39757791533e-09	3.51258772069e-10
1.39881137463e-09	4.10424499941e-10
1.40004483393e-09	4.26194080028e-10
1.40127829324e-09	4.00227073705e-10
1.40251175254e-09	3.38139044542e-10
1.40374521184e-09	2.47663750619e-10
1.40497867114e-09	1.37296160552e-10
1.40621213045e-09	1.57501772041e-11
1.40744558975e-09	-1.07890640866e-10
1.40867904905e-09	-2.23937535182e-10
1.40991250835e-09	-3.2225658253e-10
1.41114596766e-09	-3.93098276152e-10
1.41237942696e-09	-4.28386187634e-10
1.41361288626e-09	-4.23043738929e-10
1.41484634556e-09	-3.7608724468e-10
1.41607980487e-09	-2.91150187293e-10
1.41731326417e-09	-1.76477013558e-10
1.41854672347e-09	-4.42343904561e-11
1.41978018277e-09	9.07915895243e-11
1.42101364208e-09	2.13209075395e-10
1.42224710138e-09	3.09254982733e-10
1.42348056068e-09	3.69002023382e-10
1.42471401999e-09	3.8771064137e-10
1.42594747929e-09	3.66117969275e-10
1.42718093859e-09	3.09483716432e-10
1.42841439789e-09	2.25949120525e-10
1.4296478572e-09	1.24784627076e-10
1.4308813165e-09	1.52225697325e-11
1.4321147758e-09	-9.39324035221e-11
1.4333482351e-09	-1.94066956949e-10
1.43458169441e-09	-2.76487083228e-10
1.43581515371e-09	-3.32597338559e-10
1.43704861301e-09	-3.54897083943e-10
1.43828207231e-09	-3.38500033559e-10
1.43951553162e-09	-2.82789597295e-10
1.44074899092e-09	-1.92353591388e-10
1.44198245022e-09	-7.69181246474e-11
1.44321590952e-09	4.99211193217e-11
1.44444936883e-09	1.72805283971e-10
1.44568282813e-09	2.77003003868e-10
1.44691628743e-09	3.50609513644e-10
1.44814974673e-09	3.86094406446e-10
1.44938320604e-09	3.81097653435e-10
1.45061666534e-09	3.38333500105e-10
1.45185012464e-09	2.64778310388e-10
1.45308358394e-09	1.70212038908e-10
1.45431704325e-09	6.5508973246e-11
1.45555050255e-09	-3.89319965155e-11
1.45678396185e-09	-1.3413604949e-10
1.45801742115e-09	-2.12770467911e-10
1.45925088046e-09	-2.68718963747e-10
1.46048433976e-09	-2.96694863122e-10
1.46171779906e-09	-2.92339097374e-10
1.46295125836e-09	-2.53222914859e-10
1.46418471767e-09	-1.80289408402e-10
1.46541817697e-09	-7.90940923867e-11
1.46665163627e-09	3.99760953507e-11
1.46788509558e-09	1.62905897105e-10
1.46911855488e-09	2.74352679464e-10
1.47035201418e-09	3.60337454319e-10
1.47158547348e-09	4.10492834169e-10
1.47281893279e-09	4.19343754166e-10
1.47405239209e-09	3.86607523772e-10
1.47528585139e-09	3.1670777112e-10
1.47651931069e-09	2.17919016166e-10
1.47775277e-09	1.01187815071e-10
1.4789862293e-09	-2.12327568722e-11
1.4802196886e-09	-1.3723074066e-10
1.4814531479e-09	-2.36157843281e-10
1.48268660721e-09	-3.09620606931e-10
1.48392006651e-09	-3.51720735869e-10
1.48515352581e-09	-3.58798935007e-10
1.48638698511e-09	-3.29297034085e-10
1.48762044442e-09	-2.64039873299e-10
1.48885390372e-09	-1.66975197557e-10
1.49008736302e-09	-4.59870405645e-11
1.49132082232e-09	8.70105307249e-11
1.49255428163e-09	2.17163800831e-10
1.49378774093e-09	3.28890137347e-10
1.49502120023e-09	4.08618139325e-10
1.49625465953e-09	4.47105269474e-10
1.49748811884e-09	4.40684849723e-10
1.49872157814e-09	3.91194437954e-10
1.49995503744e-09	3.05080377627e-10
1.50118849674e-09	1.92063823179e-10
1.50242195605e-09	6.38595704094e-11
1.50365541535e-09	-6.69590285995e-11
1.50488887465e-09	-1.88082438513e-10
1.50612233395e-09	-2.88524037995e-10
1.50735579326e-09	-3.59581225906e-10
1.50858925256e-09	-3.95431243305e-10
1.50982271186e-09	-3.93301918811e-10
1.51105617116e-09	-3.53367585193e-10
1.51228963047e-09	-2.7856805751e-10
1.51352308977e-09	-1.74644396167e-10
1.51475654907e-09	-5.02570277061e-11
1.51599000838e-09	8.31514024302e-11
1.51722346768e-09	2.12105777386e-10
1.51845692698e-09	3.22707055522e-10
1.51969038628e-09	4.02721994641e-10
1.52092384559e-09	4.43626413382e-10
1.52215730489e-09	4.41804981488e-10
1.52339076419e-09	3.98754113062e-10
1.52462422349e-09	3.20226484218e-10
1.5258576828e-09	2.14965961698e-10
1.5270911421e-09	9.34279251186e-11
1.5283246014e-09	-3.32011640403e-11
1.5295580607e-09	-1.53749679654e-10
1.53079152001e-09	-2.57720900176e-10
1.53202497931e-09	-3.36039723825e-10
1.53325843861e-09	-3.81833425989e-10
1.53449189791e-09	-3.91090243523e-10
1.53572535722e-09	-3.63049673657e-10
1.53695881652e-09	-3.0027574871e-10
1.53819227582e-09	-2.08513539768e-10
1.53942573512e-09	-9.63199797699e-11
1.54065919443e-09	2.55049141529e-11
1.54189265373e-09	1.44812772884e-10
1.54312611303e-09	2.49412906994e-10
1.54435957233e-09	3.28607557831e-10
1.54559303164e-09	3.7466044156e-10
1.54682649094e-09	3.83803017145e-10
1.54805995024e-09	3.56455920336e-10
1.54929340954e-09	2.96721258675e-10
1.55052686885e-09	2.11358250346e-10
1.55176032815e-09	1.08735992432e-10
1.55299378745e-09	-2.01996362345e-12
1.55422724675e-09	-1.11537591663e-10
1.55546070606e-09	-2.10555781144e-10
1.55669416536e-09	-2.90402396574e-10
1.55792762466e-09	-3.43681111348e-10
1.55916108397e-09	-3.65184577023e-10
1.56039454327e-09	-3.52733425801e-10
1.56162800257e-09	-3.07721403914e-10
1.56286146187e-09	-2.35118785552e-10
1.56409492118e-09	-1.42912903733e-10
1.56532838048e-09	-4.10930491024e-11
1.56656183978e-09	5.96345126058e-11
1.56779529908e-09	1.4917708735e-10
1.56902875839e-09	2.19159648762e-10
1.57026221769e-09	2.63737059969e-10
1.57149567699e-09	2.79933548564e-10
1.57272913629e-09	2.67642852325e-10
1.5739625956e-09	2.29226693182e-10
1.5751960549e-09	1.69019048757e-10
1.5764295142e-09	9.27699236875e-11
1.5776629735e-09	7.18795422489e-12
1.57889643281e-09	-8.03590041731e-11
1.58012989211e-09	-1.6215764842e-10
1.58136335141e-09	-2.30547483882e-10
1.58259681071e-09	-2.78580908342e-10
1.58383027002e-09	-3.00926256136e-10
1.58506372932e-09	-2.94830881931e-10
1.58629718862e-09	-2.60879901015e-10
1.58753064792e-09	-2.03159669643e-10
1.58876410723e-09	-1.28750829442e-10
1.58999756653e-09	-4.65419924822e-11
1.59123102583e-09	3.42600253722e-11
1.59246448513e-09	1.05530084671e-10
1.59369794444e-09	1.61165719659e-10
1.59493140374e-09	1.97391727963e-10
1.59616486304e-09	2.12599646221e-10
1.59739832234e-09	2.06861083818e-10
1.59863178165e-09	1.81515871778e-10
1.59986524095e-09	1.38933767269e-10
1.60109870025e-09	8.24792109611e-11
1.60233215956e-09	1.66077446934e-11
1.60356561886e-09	-5.31470770171e-11
1.60479907816e-09	-1.20359389122e-10
1.60603253746e-09	-1.7816766118e-10
1.60726599677e-09	-2.20014881314e-10
1.60849945607e-09	-2.40553799102e-10
1.60973291537e-09	-2.36652086816e-10
1.61096637467e-09	-2.08168551841e-10
1.61219983398e-09	-1.58298221753e-10
1.61343329328e-09	-9.32315197266e-11
1.61466675258e-09	-2.11127192118e-11
1.61590021188e-09	4.94321007738e-11
1.61713367119e-09	1.10789447061e-10
1.61836713049e-09	1.57392557321e-10
1.61960058979e-09	1.86102036559e-10
1.62083404909e-09	1.95905319744e-10
1.6220675084e-09	1.8727200346e-10
1.6233009677e-09	1.61555560596e-10
1.624534427e-09	1.20679688465e-10
1.6257678863e-09	6.72384717348e-11
1.62700134561e-09	4.82096480792e-12
1.62823480491e-09	-6.17354015131e-11
1.62946826421e-09	-1.26342727946e-10
1.63070172351e-09	-1.82130630022e-10
1.63193518282e-09	-2.22252036219e-10
1.63316864212e-09	-2.41005160273e-10
1.63440210142e-09	-2.34914254715e-10
1.63563556072e-09	-2.03602357196e-10
1.63686902003e-09	-1.50142329125e-10
1.63810247933e-09	-8.07506492229e-11
1.63933593863e-09	-3.79224863317e-12
1.64056939793e-09	7.16628770214e-11
1.64180285724e-09	1.37368713626e-10
1.64303631654e-09	1.8708323779e-10
1.64426977584e-09	2.1711588083e-10
1.64550323515e-09	2.26185181695e-10
1.64673669445e-09	2.14842130197e-10
1.64797015375e-09	1.84781884238e-10
1.64920361305e-09	1.38363209778e-10
1.65043707236e-09	7.85604706288e-11
1.65167053166e-09	9.20499874241e-12
1.65290399096e-09	-6.4651943521e-11
1.65413745026e-09	-1.36587491317e-10
1.65537090957e-09	-1.99110714028e-10
1.65660436887e-09	-2.44512188274e-10
1.65783782817e-09	-2.66140859351e-10
1.65907128747e-09	-2.59768845323e-10
1.66030474678e-09	-2.24689988837e-10
1.66153820608e-09	-1.64140173675e-10
1.66277166538e-09	-8.48975473255e-11
1.66400512468e-09	3.83856228053e-12
1.66523858399e-09	9.20237705482e-11
1.66647204329e-09	1.70330957672e-10
1.66770550259e-09	2.31376279247e-10
1.66893896189e-09	2.70361483201e-10
1.6701724212e-09	2.85134332811e-10
1.6714058805e-09	2.7584223794e-10
1.6726393398e-09	2.44347847511e-10
1.6738727991e-09	1.93711838237e-10
1.67510625841e-09	1.2784924508e-10
1.67633971771e-09	5.14415281205e-11
1.67757317701e-09	-2.99478046528e-11
1.67880663631e-09	-1.09748168886e-10
1.68004009562e-09	-1.80518239246e-10
1.68127355492e-09	-2.34524871745e-10
1.68250701422e-09	-2.64846283793e-10
1.68374047352e-09	-2.66707850249e-10
1.68497393283e-09	-2.38724789936e-10
1.68620739213e-09	-1.83463202963e-10
1.68744085143e-09	-1.07171750641e-10
1.68867431074e-09	-1.86764388677e-11
1.68990777004e-09	7.21671056247e-11
1.69114122934e-09	1.55984405947e-10
1.69237468864e-09	2.25013813138e-10
1.69360814795e-09	2.73700423437e-10
1.69484160725e-09	2.98852165237e-10
1.69607506655e-09	2.99513192026e-10
1.69730852585e-09	2.76673212118e-10
1.69854198516e-09	2.32911689935e-10
1.69977544446e-09	1.72015068856e-10
1.70100890376e-09	9.86554657412e-11
1.70224236306e-09	1.82222292811e-11
1.70347582237e-09	-6.32166888281e-11
1.70470928167e-09	-1.38919750703e-10
1.70594274097e-09	-2.0174599491e-10
1.70717620027e-09	-2.44805176131e-10
1.70840965958e-09	-2.62596666634e-10
1.70964311888e-09	-2.52212001284e-10
1.71087657818e-09	-2.14256681841e-10
1.71211003748e-09	-1.52998252956e-10
1.71334349679e-09	-7.56639126354e-11
1.71457695609e-09	8.8753145458e-12
1.71581041539e-09	9.15819711733e-11
1.71704387469e-09	1.64460403629e-10
1.718277334e-09	2.21268989242e-10
1.7195107933e-09	2.57824095407e-10
1.7207442526e-09	2.71989708533e-10
1.7219777119e-09	2.63600585804e-10
1.72321117121e-09	2.34258834553e-10
1.72444463051e-09	1.87034387977e-10
1.72567808981e-09	1.26096480479e-10
1.72691154911e-09	5.63136134946e-11
1.72814500842e-09	-1.69718770288e-11
1.72937846772e-09	-8.8052704017e-11
1.73061192702e-09	-1.50878712302e-10
1.73184538632e-09	-1.99346997243e-10
1.73307884563e-09	-2.27942179021e-10
1.73431230493e-09	-2.32756952601e-10
1.73554576423e-09	-2.12517101139e-10
1.73677922354e-09	-1.69211131218e-10
1.73801268284e-09	-1.07964109874e-10
1.73924614214e-09	-3.61662991222e-11
1.74047960144e-09	3.78782456789e-11
1.74171306075e-09	1.06275335754e-10
1.74294652005e-09	1.6256547497e-10
1.74417997935e-09	2.02185324039e-10
1.74541343865e-09	2.22602353217e-10
1.74664689796e-09	2.23176421787e-10
1.74788035726e-09	2.04966169037e-10
1.74911381656e-09	1.70446393111e-10
1.75034727586e-09	1.23164881072e-10
1.75158073517e-09	6.732858715e-11
1.75281419447e-09	7.45304339078e-12
1.75404765377e-09	-5.18246695558e-11
1.75528111307e-09	-1.05775117831e-10
1.75651457238e-09	-1.49606479982e-10
1.75774803168e-09	-1.78725020894e-10
1.75898149098e-09	-1.89365384484e-10
1.76021495028e-09	-1.79486300822e-10
1.76144840959e-09	-1.49577350506e-10
1.76268186889e-09	-1.03013007846e-10
1.76391532819e-09	-4.5628830575e-11
1.76514878749e-09	1.52870216485e-11
1.7663822468e-09	7.23917106815e-11
1.7676157061e-09	1.19485754624e-10
1.7688491654e-09	1.52277579435e-10
1.7700826247e-09	1.68583563775e-10
1.77131608401e-09	1.68129357658e-10
1.77254954331e-09	1.52135415377e-10
1.77378300261e-09	1.22937784952e-10
1.77501646191e-09	8.36004460103e-11
1.77624992122e-09	3.76418722581e-11
1.77748338052e-09	-1.12238933425e-11
1.77871683982e-09	-5.92182067272e-11
1.77995029913e-09	-1.02556262094e-10
1.78118375843e-09	-1.37473504802e-10
1.78241721773e-09	-1.60359350798e-10
1.78365067703e-09	-1.6814873105e-10
1.78488413634e-09	-1.58962565333e-10
1.78611759564e-09	-1.32825722643e-10
1.78735105494e-09	-9.21529311193e-11
1.78858451424e-09	-4.17093720673e-11
1.78981797355e-09	1.20897571468e-11
1.79105143285e-09	6.23284271417e-11
1.79228489215e-09	1.02886942022e-10
1.79351835145e-09	1.29417060402e-10
1.79475181076e-09	1.39814951283e-10
1.79598527006e-09	1.34085062498e-10
1.79721872936e-09	1.13890952225e-10
1.79845218866e-09	8.19465745261e-11
1.79968564797e-09	4.15658236996e-11
1.80091910727e-09	-3.6618173771e-12
1.80215256657e-09	-4.99898768214e-11
1.80338602587e-09	-9.36147756536e-11
1.80461948518e-09	-1.30781024898e-10
1.80585294448e-09	-1.57955010183e-10
1.80708640378e-09	-1.72091146888e-10
1.80831986308e-09	-1.7099643923e-10
1.80955332239e-09	-1.53725157603e-10
1.81078678169e-09	-1.21017154631e-10
1.81202024099e-09	-7.55548262843e-11
1.81325370029e-09	-2.19395300538e-11
1.8144871596e-09	3.37602723555e-11
1.8157206189e-09	8.48921488661e-11
1.8169540782e-09	1.25313287525e-10
1.8181875375e-09	1.50443213442e-10
1.81942099681e-09	1.57907048548e-10
1.82065445611e-09	1.47666587291e-10
1.82188791541e-09	1.21625251537e-10
1.82312137472e-09	8.30020635556e-11
1.82435483402e-09	3.5702607537e-11
1.82558829332e-09	-1.60811676475e-11
1.82682175262e-09	-6.8042842194e-11
1.82805521193e-09	-1.15828693859e-10
1.82928867123e-09	-1.55169418981e-10
1.83052213053e-09	-1.82157830486e-10
1.83175558983e-09	-1.93690952166e-10
1.83298904914e-09	-1.8790040357e-10
1.83422250844e-09	-1.6453605145e-10
1.83545596774e-09	-1.25141536023e-10
1.83668942704e-09	-7.305838573e-11
1.83792288635e-09	-1.32158693711e-11
1.83915634565e-09	4.83085550729e-11
1.84038980495e-09	1.04946239199e-10
1.84162326425e-09	1.50491993867e-10
1.84285672356e-09	1.79990397586e-10
1.84409018286e-09	1.90440788139e-10
1.84532364216e-09	1.81136702859e-10
1.84655710146e-09	1.53557014326e-10
1.84779056077e-09	1.10897763195e-10
1.84902402007e-09	5.74661845887e-11
1.85025747937e-09	-1.84514643148e-12
1.85149093867e-09	-6.19097134669e-11
1.85272439798e-09	-1.17586815285e-10
1.85395785728e-09	-1.63922514451e-10
1.85519131658e-09	-1.96497942917e-10
1.85642477588e-09	-2.11873588118e-10
1.85765823519e-09	-2.08096317955e-10
1.85889169449e-09	-1.85051238222e-10
1.86012515379e-09	-1.44599415774e-10
1.86135861309e-09	-9.04178953931e-11
1.8625920724e-09	-2.76262901444e-11
1.8638255317e-09	3.77365846904e-11
1.865058991e-09	9.93020249362e-11
1.86629245031e-09	1.51023679673e-10
1.86752590961e-09	1.8779275357e-10
1.86875936891e-09	2.06010514203e-10
1.86999282821e-09	2.04004840798e-10
1.87122628752e-09	1.82176662644e-10
1.87245974682e-09	1.42895209554e-10
1.87369320612e-09	9.01206331783e-11
1.87492666542e-09	2.89267949871e-11
1.87616012473e-09	-3.50228006318e-11
1.87739358403e-09	-9.59079482499e-11
1.87862704333e-09	-1.48150686163e-10
1.87986050263e-09	-1.86804710589e-10
1.88109396194e-09	-2.07995204393e-10
1.88232742124e-09	-2.0936337386e-10
1.88356088054e-09	-1.90469168215e-10
1.88479433984e-09	-1.52956730615e-10
1.88602779915e-09	-1.00452521301e-10
1.88726125845e-09	-3.814115343e-11
1.88849471775e-09	2.78423690353e-11
1.88972817705e-09	9.11229910971e-11
1.89096163636e-09	1.45707820809e-10
1.89219509566e-09	1.86512014166e-10
1.89342855496e-09	2.09777625826e-10
1.89466201426e-09	2.13389028669e-10
1.89589547357e-09	1.97114116696e-10
1.89712893287e-09	1.62673916004e-10
1.89836239217e-09	1.13615387931e-10
1.89959585147e-09	5.49343348588e-11
1.90082931078e-09	-7.49614953444e-12
1.90206277008e-09	-6.75413197593e-11
1.90329622938e-09	-1.19418419597e-10
1.90452968868e-09	-1.58177179688e-10
1.90576314799e-09	-1.80084891443e-10
1.90699660729e-09	-1.82980949837e-10
1.90823006659e-09	-1.66529304235e-10
1.9094635259e-09	-1.32381536289e-10
1.9106969852e-09	-8.40863975671e-11
1.9119304445e-09	-2.67230682027e-11
1.9131639038e-09	3.37446598442e-11
1.91439736311e-09	9.12261099995e-11
1.91563082241e-09	1.40190456466e-10
1.91686428171e-09	1.76171355282e-10
1.91809774101e-09	1.96035271349e-10
1.91933120032e-09	1.98123614736e-10
1.92056465962e-09	1.82325182729e-10
1.92179811892e-09	1.50134682464e-10
1.92303157822e-09	1.0463388489e-10
1.92426503753e-09	5.03029944088e-11
1.92549849683e-09	-7.37336233736e-12
1.92673195613e-09	-6.25087481776e-11
1.92796541543e-09	-1.09490201627e-10
1.92919887474e-09	-1.43572487232e-10
1.93043233404e-09	-1.61366309204e-10
1.93166579334e-09	-1.61121463393e-10
1.93289925264e-09	-1.42907879974e-10
1.93413271195e-09	-1.08648860742e-10
1.93536617125e-09	-6.20002937879e-11
1.93659963055e-09	-7.99272106833e-12
1.93783308985e-09	4.75547552725e-11
1.93906654916e-09	9.87866247137e-11
1.94030000846e-09	1.4053797015e-10
1.94153346776e-09	1.68895911146e-10
1.94276692706e-09	1.81446149772e-10
1.94400038637e-09	1.7731191515e-10
1.94523384567e-09	1.57028612335e-10
1.94646730497e-09	1.22442181394e-10
1.94770076427e-09	7.66265523255e-11
1.94893422358e-09	2.37983903417e-11
1.95016768288e-09	-3.09278158639e-11
1.95140114218e-09	-8.19848980371e-11
1.95263460149e-09	-1.2397546878e-10
1.95386806079e-09	-1.52361276373e-10
1.95510152009e-09	-1.64036298433e-10
1.95633497939e-09	-1.5768521211e-10
1.9575684387e-09	-1.33912270162e-10
1.958801898e-09	-9.51525039317e-11
1.9600353573e-09	-4.54228529789e-11
1.9612688166e-09	1.00775360279e-11
1.96250227591e-09	6.55189930088e-11
1.96373573521e-09	1.15107680332e-10
1.96496919451e-09	1.53790521984e-10
1.96620265381e-09	1.77830444814e-10
1.96743611312e-09	1.8514961786e-10
1.96866957242e-09	1.75364889277e-10
1.96990303172e-09	1.49603635036e-10
1.97113649102e-09	1.10244896545e-10
1.97236995033e-09	6.06974470685e-11
1.97360340963e-09	5.24593389561e-12
1.97483686893e-09	-5.11198687547e-11
1.97607032823e-09	-1.03011675578e-10
1.97730378754e-09	-1.45136222485e-10
1.97853724684e-09	-1.72928393827e-10
1.97977070614e-09	-1.83181747548e-10
1.98100416544e-09	-1.74517567064e-10
1.98223762475e-09	-1.47591786015e-10
1.98347108405e-09	-1.0502226172e-10
1.98470454335e-09	-5.10897851802e-11
1.98593800265e-09	8.73419826047e-12
1.98717146196e-09	6.83552034419e-11
1.98840492126e-09	1.21716151047e-10
1.98963838056e-09	1.63460370239e-10
1.99087183986e-09	1.8954370018e-10
1.99210529917e-09	1.97645330657e-10
1.99333875847e-09	1.87306364863e-10
1.99457221777e-09	1.59801519239e-10
1.99580567707e-09	1.1781500775e-10
1.99703913638e-09	6.5081572076e-11
1.99827259568e-09	6.08781991832e-12
1.99950605498e-09	-5.41677987187e-11
2.00073951429e-09	-1.1041111081e-10
2.00197297359e-09	-1.57429291825e-10
2.00320643289e-09	-1.90555113355e-10
2.00443989219e-09	-2.06231753896e-10
2.0056733515e-09	-2.02538194549e-10
2.0069068108e-09	-1.79535830647e-10
2.0081402701e-09	-1.39339470517e-10
2.0093737294e-09	-8.59032636691e-11
2.01060718871e-09	-2.45756262562e-11
2.01184064801e-09	3.84961715283e-11
2.01307410731e-09	9.70376001774e-11
2.01430756661e-09	1.45324613454e-10
2.01554102592e-09	1.78799683392e-10
2.01677448522e-09	1.94531321607e-10
2.01800794452e-09	1.91452936837e-10
2.01924140382e-09	1.7033535693e-10
2.02047486313e-09	1.3351875161e-10
2.02170832243e-09	8.45345113354e-11
2.02294178173e-09	2.76891391759e-11
2.02417524103e-09	-3.22487106463e-11
2.02540870034e-09	-9.02981370232e-11
2.02664215964e-09	-1.41498548989e-10
2.02787561894e-09	-1.81215167872e-10
2.02910907824e-09	-2.05570033218e-10
2.03034253755e-09	-2.11927794758e-10
2.03157599685e-09	-1.9934444373e-10
2.03280945615e-09	-1.68818903301e-10
2.03404291545e-09	-1.23273530273e-10
2.03527637476e-09	-6.72574010374e-11
2.03650983406e-09	-6.41241226784e-12
2.03774329336e-09	5.31879471022e-11
2.03897675266e-09	1.05739708656e-10
2.04021021197e-09	1.46359896425e-10
2.04144367127e-09	1.715851905e-10
2.04267713057e-09	1.79666989619e-10
2.04391058988e-09	1.70604197436e-10
2.04514404918e-09	1.45954665021e-10
2.04637750848e-09	1.08473667548e-10
2.04761096778e-09	6.17101994504e-11
2.04884442709e-09	9.66360932247e-12
2.05007788639e-09	-4.3457584753e-11
2.05131134569e-09	-9.33856117435e-11
2.05254480499e-09	-1.35957356484e-10
